flow,node,dec_count,dec_time_avg,dec_time_std
1,global,1,0.5098941326141357,0.0
2,global,2,0.32033705711364746,0.00955343246459961
3,global,1,0.30700230598449707,0.0
4,global,1,0.3010694980621338,0.0
5,global,1,0.35199832916259766,0.0
6,global,1,0.2727808952331543,0.0
7,global,1,0.47867274284362793,0.0
8,global,1,0.5933990478515625,0.0
9,global,1,0.5486495494842529,0.0
10,global,1,0.5964045524597168,0.0
11,global,1,0.5695769786834717,0.0
12,global,2,0.5758041143417358,0.03703749179840088
13,global,2,0.5893245935440063,0.010811209678649902
14,global,2,0.48602890968322754,0.10126757621765137
15,global,1,0.4857354164123535,0.0
16,global,3,0.43937333424886066,0.13664412706455978
17,global,2,0.6329053640365601,0.027979493141174316
18,global,1,0.5810341835021973,0.0
19,global,1,0.5033919811248779,0.0
20,global,1,0.579941987991333,0.0
21,global,1,0.5134029388427734,0.0
22,global,1,0.3024730682373047,0.0
23,global,1,0.3826580047607422,0.0
24,global,3,0.5717953046162924,0.1682031989071573
25,global,1,0.31302332878112793,0.0
26,global,2,0.3041660785675049,0.01887989044189453
27,global,1,0.31984710693359375,0.0
28,global,1,0.27275919914245605,0.0
29,global,1,0.32727646827697754,0.0
30,global,1,0.2731449604034424,0.0
31,global,1,0.2906627655029297,0.0
32,global,1,0.33585667610168457,0.0
33,global,1,0.2566711902618408,0.0
34,global,2,0.28670167922973633,0.0017664432525634766
35,global,1,0.43834495544433594,0.0
36,global,1,0.6234161853790283,0.0
37,global,2,0.4817690849304199,0.21499061584472656
38,global,1,0.5999987125396729,0.0
39,global,1,0.49054908752441406,0.0
40,global,2,0.40974509716033936,0.07596981525421143
41,global,1,0.5472903251647949,0.0
42,global,1,0.58316969871521,0.0
43,global,1,0.6255514621734619,0.0
44,global,1,0.40207910537719727,0.0
45,global,1,0.35404348373413086,0.0
46,global,4,0.4114648103713989,0.12552195743676808
47,global,1,0.2655966281890869,0.0
48,global,1,0.28652358055114746,0.0
49,global,2,0.5937973260879517,0.2549041509628296
50,global,2,0.4046059846878052,0.14164626598358154
51,global,1,0.36112165451049805,0.0
52,global,1,0.3334043025970459,0.0
53,global,1,0.2754802703857422,0.0
54,global,4,0.629906415939331,0.07578858796024099
55,global,1,0.5274603366851807,0.0
56,global,1,0.6038143634796143,0.0
57,global,1,0.6253452301025391,0.0
58,global,2,0.5840516090393066,0.05725717544555664
59,global,1,0.5023002624511719,0.0
60,global,1,0.6105151176452637,0.0
61,global,3,0.537975549697876,0.12393026557121105
62,global,1,0.7144138813018799,0.0
63,global,1,0.6040887832641602,0.0
64,global,1,0.6273524761199951,0.0
65,global,1,0.5819752216339111,0.0
66,global,1,0.5774621963500977,0.0
67,global,1,0.6564252376556396,0.0
68,global,1,0.5017201900482178,0.0
69,global,1,0.5309739112854004,0.0
70,global,2,0.5304039716720581,0.02326977252960205
71,global,1,0.6088612079620361,0.0
72,global,1,0.6384971141815186,0.0
73,global,2,0.620847225189209,0.0067441463470458984
74,global,3,0.5516126155853271,0.1144667694521835
75,global,2,0.49587273597717285,0.1412029266357422
76,global,1,0.5076277256011963,0.0
77,global,2,0.8574639558792114,0.10810387134552002
78,global,1,0.5147082805633545,0.0
79,global,1,0.5296914577484131,0.0
80,global,2,0.7533555030822754,0.021720409393310547
81,global,1,0.6386814117431641,0.0
82,global,2,0.6251537799835205,0.06855249404907227
83,global,1,0.5774295330047607,0.0
84,global,1,0.5916965007781982,0.0
85,global,1,0.7085127830505371,0.0
86,global,1,0.601691722869873,0.0
87,global,1,0.6274118423461914,0.0
88,global,1,0.6191654205322266,0.0
89,global,1,0.6391124725341797,0.0
90,global,1,0.5336778163909912,0.0
91,global,1,0.5288636684417725,0.0
92,global,1,0.5238289833068848,0.0
93,global,3,0.5492211182912191,0.15874614802733342
94,global,2,0.4015357494354248,0.12903928756713867
95,global,1,0.32288455963134766,0.0
96,global,2,0.560829758644104,0.10789167881011963
97,global,1,0.3659234046936035,0.0
98,global,2,0.5252488851547241,0.1551722288131714
99,global,1,0.468705415725708,0.0
100,global,1,0.27723193168640137,0.0
101,global,1,0.2860710620880127,0.0
102,global,2,0.4954291582107544,0.15873658657073975
103,global,1,0.3536367416381836,0.0
104,global,1,0.356231689453125,0.0
105,global,3,0.5940290292104086,0.15969507835238425
106,global,1,0.6924195289611816,0.0
107,global,1,0.6270136833190918,0.0
108,global,3,0.7061402002970377,0.02521946318253963
109,global,1,0.653127908706665,0.0
110,global,1,0.5168356895446777,0.0
111,global,1,0.5636343955993652,0.0
112,global,1,0.5891623497009277,0.0
113,global,2,0.602603554725647,0.033583998680114746
114,global,1,0.511254072189331,0.0
115,global,1,0.5516703128814697,0.0
116,global,1,0.6166059970855713,0.0
117,global,2,0.687253475189209,0.02854156494140625
118,global,1,0.6520495414733887,0.0
119,global,1,0.6339147090911865,0.0
120,global,1,0.611253023147583,0.0
121,global,2,0.806104302406311,0.15945684909820557
122,global,2,0.7265695333480835,0.059809327125549316
123,global,2,0.7247064113616943,0.0595555305480957
124,global,1,0.6856317520141602,0.0
125,global,1,0.4429466724395752,0.0
126,global,1,0.5573549270629883,0.0
127,global,1,0.4695920944213867,0.0
128,global,1,0.6334679126739502,0.0
129,global,1,0.43805551528930664,0.0
130,global,1,0.4402332305908203,0.0
131,global,1,0.39669275283813477,0.0
132,global,1,0.7741062641143799,0.0
133,global,2,0.531070351600647,0.0022808313369750977
134,global,1,0.6163511276245117,0.0
135,global,2,0.6001007556915283,0.15876030921936035
136,global,2,0.5327548980712891,0.019169330596923828
137,global,1,0.5703799724578857,0.0
138,global,1,0.5316183567047119,0.0
139,global,2,0.67252516746521,0.015866994857788086
140,global,1,0.511591911315918,0.0
141,global,2,0.6817883253097534,0.017723917961120605
142,global,1,0.7916421890258789,0.0
143,global,1,0.6461796760559082,0.0
144,global,1,0.37332749366760254,0.0
145,global,1,0.4843900203704834,0.0
146,global,2,0.682429313659668,0.03462958335876465
147,global,2,0.6437268257141113,0.03063344955444336
148,global,1,0.6028423309326172,0.0
149,global,1,0.7636516094207764,0.0
150,global,1,0.6570744514465332,0.0
151,global,1,0.6774919033050537,0.0
152,global,1,1.0524957180023193,0.0
153,global,2,0.5304439067840576,0.0016031265258789062
154,global,1,0.6359543800354004,0.0
155,global,1,0.5277979373931885,0.0
156,global,2,0.6348410844802856,0.014541983604431152
157,global,1,0.664492130279541,0.0
158,global,1,0.3680558204650879,0.0
159,global,2,0.5644415616989136,0.060610413551330566
160,global,2,0.5453586578369141,0.023070812225341797
161,global,1,0.5594618320465088,0.0
162,global,2,0.6884267330169678,0.004900693893432617
163,global,1,0.5298709869384766,0.0
164,global,2,0.6938216686248779,0.06736183166503906
165,global,1,0.643298864364624,0.0
166,global,1,0.5240688323974609,0.0
167,global,1,0.6526548862457275,0.0
168,global,1,0.5439321994781494,0.0
169,global,1,0.509270191192627,0.0
170,global,4,0.6641708016395569,0.049529547200928295
171,global,2,0.8288885354995728,0.09838640689849854
172,global,1,0.5361502170562744,0.0
173,global,1,0.7288737297058105,0.0
174,global,1,0.543346643447876,0.0
175,global,2,0.6720614433288574,0.0018398761749267578
176,global,1,0.6586306095123291,0.0
177,global,3,0.6777505874633789,0.03863700946140299
178,global,2,0.6500738859176636,0.008656859397888184
179,global,1,0.6407315731048584,0.0
180,global,1,0.5252578258514404,0.0
181,global,1,0.6730782985687256,0.0
182,global,1,0.6340811252593994,0.0
183,global,2,0.661463737487793,0.017138957977294922
184,global,2,0.7868257761001587,0.15417683124542236
185,global,1,0.5349881649017334,0.0
186,global,1,0.7334117889404297,0.0
187,global,1,0.6696047782897949,0.0
188,global,1,0.6380171775817871,0.0
189,global,1,0.6565806865692139,0.0
190,global,3,0.5269784132639567,0.016033924293447056
191,global,1,0.5444848537445068,0.0
192,global,1,0.6259737014770508,0.0
193,global,1,0.5187509059906006,0.0
194,global,3,0.4972875118255615,0.1447875214481999
195,global,2,0.3877941370010376,0.1102215051651001
196,global,3,0.5824269453684489,0.06394703920525423
197,global,1,0.5543026924133301,0.0
198,global,1,0.862379789352417,0.0
199,global,1,0.35774922370910645,0.0
200,global,1,0.27507472038269043,0.0
201,global,1,0.7040667533874512,0.0
202,global,2,0.4852132797241211,0.03225350379943848
203,global,2,0.46238625049591064,0.08542335033416748
204,global,1,0.3547959327697754,0.0
205,global,2,0.517917275428772,0.15012824535369873
206,global,2,0.5622810125350952,0.21575772762298584
207,global,1,0.3497312068939209,0.0
208,global,2,0.28383123874664307,0.002280116081237793
209,global,2,0.4200221300125122,0.14855611324310303
210,global,2,0.671083927154541,0.005553722381591797
211,global,1,0.5201325416564941,0.0
212,global,1,0.6435647010803223,0.0
213,global,1,0.7119927406311035,0.0
214,global,1,0.6374921798706055,0.0
215,global,1,0.7734370231628418,0.0
216,global,2,0.6986355781555176,0.031067609786987305
217,global,1,0.6797101497650146,0.0
218,global,1,0.6372721195220947,0.0
219,global,1,0.5622501373291016,0.0
220,global,1,0.5307929515838623,0.0
221,global,2,0.7621606588363647,0.07905161380767822
222,global,1,0.5283608436584473,0.0
223,global,2,0.8529980182647705,0.14969110488891602
224,global,1,0.6793704032897949,0.0
225,global,1,0.6693308353424072,0.0
226,global,1,0.7074368000030518,0.0
227,global,1,0.6624298095703125,0.0
228,global,1,0.6631186008453369,0.0
229,global,2,0.6614871025085449,0.022553443908691406
230,global,2,0.5603028535842896,0.03161275386810303
231,global,1,0.5543618202209473,0.0
232,global,1,0.7054362297058105,0.0
233,global,1,0.6839690208435059,0.0
234,global,2,0.6434766054153442,0.006225943565368652
235,global,2,0.6678757667541504,0.02814507484436035
236,global,1,0.554570198059082,0.0
237,global,1,0.7103936672210693,0.0
238,global,1,0.579596757888794,0.0
239,global,1,0.8173537254333496,0.0
240,global,1,0.5514590740203857,0.0
241,global,1,0.6429924964904785,0.0
242,global,1,0.6425931453704834,0.0
243,global,1,0.6583971977233887,0.0
244,global,1,0.6738801002502441,0.0
245,global,1,0.6895887851715088,0.0
246,global,2,0.71738600730896,0.020856857299804688
247,global,1,0.6519649028778076,0.0
248,global,1,0.5389859676361084,0.0
249,global,1,0.6374883651733398,0.0
250,global,2,0.5451098680496216,0.0008574724197387695
251,global,1,0.5397968292236328,0.0
252,global,1,0.6817796230316162,0.0
253,global,1,0.526789665222168,0.0
254,global,1,0.6473875045776367,0.0
255,global,1,0.5366389751434326,0.0
256,global,1,0.6725809574127197,0.0
257,global,1,0.5339052677154541,0.0
258,global,1,0.6833858489990234,0.0
259,global,1,0.7449698448181152,0.0
260,global,1,0.5411860942840576,0.0
261,global,1,0.5889098644256592,0.0
262,global,1,0.5607240200042725,0.0
263,global,1,1.1735033988952637,0.0
264,global,1,0.6764664649963379,0.0
265,global,1,0.5298726558685303,0.0
266,global,2,0.5270133018493652,0.0038709640502929688
267,global,1,0.5297605991363525,0.0
268,global,1,0.6865103244781494,0.0
269,global,1,0.6839430332183838,0.0
270,global,1,0.6798312664031982,0.0
271,global,2,0.6500333547592163,0.12667977809906006
272,global,1,1.0185494422912598,0.0
273,global,1,0.6686363220214844,0.0
274,global,3,0.49579834938049316,0.1305094302263358
275,global,2,0.7862347364425659,0.13381850719451904
276,global,1,0.6646111011505127,0.0
277,global,1,0.5756807327270508,0.0
278,global,1,0.5481770038604736,0.0
279,global,1,0.522294282913208,0.0
280,global,3,0.6467330455780029,0.020480692563707565
281,global,4,0.7244241237640381,0.029321798245455617
282,global,1,0.6375494003295898,0.0
283,global,2,0.849394679069519,0.13836848735809326
284,global,3,0.5607097148895264,0.03169843734710144
285,global,1,0.6708307266235352,0.0
286,global,1,0.6585206985473633,0.0
287,global,1,0.49820804595947266,0.0
288,global,2,0.5251108407974243,0.0031865835189819336
289,global,1,0.5225598812103271,0.0
290,global,1,0.6875388622283936,0.0
291,global,1,0.5607082843780518,0.0
292,global,3,0.5387723445892334,0.00895153421541855
293,global,1,0.5893621444702148,0.0
294,global,1,0.8493988513946533,0.0
295,global,1,0.6897106170654297,0.0
296,global,2,0.6919991970062256,0.030907154083251953
297,global,1,0.542142391204834,0.0
298,global,1,0.5720012187957764,0.0
299,global,1,0.6616125106811523,0.0
300,global,1,0.5517582893371582,0.0
301,global,1,0.5289897918701172,0.0
302,global,1,0.6786205768585205,0.0
303,global,1,0.6921570301055908,0.0
304,global,2,0.5599784851074219,0.01423501968383789
305,global,1,0.6728091239929199,0.0
306,global,1,0.7088680267333984,0.0
307,global,1,0.5746686458587646,0.0
308,global,2,0.6631845235824585,0.015783190727233887
309,global,2,0.7108346223831177,0.015318989753723145
310,global,2,0.5607397556304932,0.017765283584594727
311,global,1,0.696800708770752,0.0
312,global,2,0.5562934875488281,0.03641104698181152
313,global,2,0.6946470737457275,0.07404112815856934
314,global,2,0.538564920425415,0.002607107162475586
315,global,1,0.682744026184082,0.0
316,global,1,0.5459718704223633,0.0
317,global,1,0.6989820003509521,0.0
318,global,1,0.5245444774627686,0.0
319,global,1,0.5409057140350342,0.0
320,global,2,0.6656543016433716,0.013865351676940918
321,global,1,0.5452172756195068,0.0
322,global,1,0.5379848480224609,0.0
323,global,1,0.670480489730835,0.0
324,global,1,0.7352383136749268,0.0
325,global,2,0.7087821960449219,0.020136594772338867
326,global,2,0.5783466100692749,0.04210317134857178
327,global,1,0.5307028293609619,0.0
328,global,1,0.530519962310791,0.0
329,global,1,0.5757904052734375,0.0
330,global,1,0.5231597423553467,0.0
331,global,1,0.6943490505218506,0.0
332,global,1,0.7127659320831299,0.0
333,global,1,0.6814846992492676,0.0
334,global,1,0.5321700572967529,0.0
335,global,1,0.6474854946136475,0.0
336,global,2,0.6865025758743286,0.018010735511779785
337,global,1,0.7023515701293945,0.0
338,global,1,0.5808184146881104,0.0
339,global,1,0.6695330142974854,0.0
340,global,1,0.5438883304595947,0.0
341,global,3,0.7288524309794108,0.04701423147702881
342,global,1,0.5523543357849121,0.0
343,global,2,0.7211800813674927,0.012030482292175293
344,global,2,0.6136168241500854,0.042217373847961426
345,global,1,0.5955860614776611,0.0
346,global,1,0.7732133865356445,0.0
347,global,1,0.5366337299346924,0.0
348,global,1,0.6931033134460449,0.0
349,global,1,0.6263697147369385,0.0
350,global,1,0.7369160652160645,0.0
351,global,1,0.692885160446167,0.0
352,global,1,0.6837615966796875,0.0
353,global,2,0.6978931427001953,0.037702322006225586
354,global,1,0.7260892391204834,0.0
355,global,1,0.6910440921783447,0.0
356,global,1,0.5308279991149902,0.0
357,global,1,0.5546412467956543,0.0
358,global,1,0.5740821361541748,0.0
359,global,1,0.578679084777832,0.0
360,global,2,0.7114681005477905,0.0027211904525756836
361,global,1,0.6227495670318604,0.0
362,global,1,0.5209469795227051,0.0
363,global,2,0.5892090797424316,0.0953676700592041
364,global,2,0.7342339754104614,0.030448317527770996
365,global,1,0.6694200038909912,0.0
366,global,1,0.6789321899414062,0.0
367,global,1,0.5526587963104248,0.0
368,global,1,0.6935985088348389,0.0
369,global,3,0.6847037474314371,0.014327377882342552
370,global,2,0.684626579284668,0.0013797283172607422
371,global,2,0.5503712892532349,0.019467473030090332
372,global,1,0.5440905094146729,0.0
373,global,2,0.6049150228500366,0.07224810123443604
374,global,1,0.7256298065185547,0.0
375,global,1,0.5629706382751465,0.0
376,global,2,0.5335906744003296,0.003966689109802246
377,global,2,0.5092897415161133,0.14346098899841309
378,global,2,0.6090037822723389,0.0275571346282959
379,global,1,0.6779663562774658,0.0
380,global,3,0.5693786144256592,0.034919898360049495
381,global,1,0.6563608646392822,0.0
382,global,1,0.6576542854309082,0.0
383,global,1,0.5255081653594971,0.0
384,global,1,0.6928749084472656,0.0
385,global,1,0.6585299968719482,0.0
386,global,1,0.647327184677124,0.0
387,global,1,0.677971363067627,0.0
388,global,1,0.6685709953308105,0.0
389,global,1,0.6762325763702393,0.0
390,global,3,0.6832014719645182,0.02557761750068593
391,global,2,0.7598875761032104,0.07817137241363525
392,global,1,0.7232954502105713,0.0
393,global,2,0.6979548931121826,0.027291536331176758
394,global,1,0.6871063709259033,0.0
395,global,1,0.7662901878356934,0.0
396,global,2,0.6526656150817871,0.0003001689910888672
397,global,1,0.568744421005249,0.0
398,global,1,0.6821441650390625,0.0
399,global,1,0.29053211212158203,0.0
400,global,2,0.45987606048583984,0.09245800971984863
401,global,1,0.36917805671691895,0.0
402,global,1,0.3608884811401367,0.0
403,global,2,0.43557965755462646,0.14859545230865479
404,global,1,0.3277151584625244,0.0
405,global,1,0.37116003036499023,0.0
406,global,1,0.2953505516052246,0.0
407,global,1,0.630631685256958,0.0
408,global,3,0.8064946333567301,0.15984356769377184
409,global,3,0.6749056180318197,0.011942819796933558
410,global,1,0.6865890026092529,0.0
411,global,3,0.7226844628651937,0.041343233017380944
412,global,3,0.7483875751495361,0.029951597468481007
413,global,1,0.6651012897491455,0.0
414,global,1,0.5420126914978027,0.0
415,global,1,0.6804890632629395,0.0
416,global,2,0.7133728265762329,0.07359325885772705
417,global,1,0.7087850570678711,0.0
418,global,1,0.7518165111541748,0.0
419,global,1,0.5233516693115234,0.0
420,global,1,0.3659369945526123,0.0
421,global,2,0.5677974224090576,0.18418264389038086
422,global,2,0.5724295377731323,0.09029853343963623
423,global,1,0.8965249061584473,0.0
424,global,1,0.5315778255462646,0.0
425,global,1,0.5026609897613525,0.0
426,global,2,0.6698625087738037,0.0031015872955322266
427,global,3,0.8397640387217203,0.09913253305925307
428,global,4,0.7152747511863708,0.048357891922356816
429,global,1,0.6763956546783447,0.0
430,global,2,0.740839958190918,0.04323935508728027
431,global,1,0.9929983615875244,0.0
432,global,4,0.7404612302780151,0.03790229820812575
433,global,1,0.6986827850341797,0.0
434,global,1,0.7032499313354492,0.0
435,global,1,0.8249576091766357,0.0
436,global,2,0.7347356081008911,0.05200374126434326
437,global,1,0.6880502700805664,0.0
438,global,1,0.7156264781951904,0.0
439,global,1,0.70989990234375,0.0
440,global,2,0.8168540000915527,0.1181952953338623
441,global,2,0.7037146091461182,0.04493212699890137
442,global,1,0.7004902362823486,0.0
443,global,1,0.5418093204498291,0.0
444,global,3,0.7072189648946127,0.06360758001056573
445,global,2,0.8316123485565186,0.08448123931884766
446,global,1,0.6931290626525879,0.0
447,global,1,0.6999094486236572,0.0
448,global,1,0.5252165794372559,0.0
449,global,2,0.7261935472488403,0.03756868839263916
450,global,1,0.6659142971038818,0.0
451,global,1,0.537062406539917,0.0
452,global,2,0.6724590063095093,0.019703984260559082
453,global,1,0.6942999362945557,0.0
454,global,1,0.5414438247680664,0.0
455,global,2,0.5503851175308228,0.016212105751037598
456,global,1,0.7303428649902344,0.0
457,global,1,0.5242764949798584,0.0
458,global,1,0.5400264263153076,0.0
459,global,1,0.6734423637390137,0.0
460,global,1,0.6839845180511475,0.0
461,global,1,0.6936976909637451,0.0
462,global,1,0.7082056999206543,0.0
463,global,1,1.0124924182891846,0.0
464,global,1,0.6839399337768555,0.0
465,global,1,0.6898951530456543,0.0
466,global,3,0.7092171510060629,0.016545893752031887
467,global,1,0.5310535430908203,0.0
468,global,1,0.6552691459655762,0.0
469,global,2,0.6733810901641846,0.0033757686614990234
470,global,2,0.8245035409927368,0.15496718883514404
471,global,1,0.60365891456604,0.0
472,global,1,0.5407748222351074,0.0
473,global,1,0.6675739288330078,0.0
474,global,1,0.5263726711273193,0.0
475,global,1,0.6941940784454346,0.0
476,global,1,0.7069234848022461,0.0
477,global,1,0.7012679576873779,0.0
478,global,1,0.5551238059997559,0.0
479,global,1,0.619652509689331,0.0
480,global,2,0.756690502166748,0.053214311599731445
481,global,1,0.5393660068511963,0.0
482,global,1,0.706737756729126,0.0
483,global,1,0.5457777976989746,0.0
484,global,1,0.6965029239654541,0.0
485,global,1,0.5873827934265137,0.0
486,global,1,0.6894345283508301,0.0
487,global,1,0.7709050178527832,0.0
488,global,1,0.5325210094451904,0.0
489,global,3,0.7373584906260172,0.032268351578191086
490,global,1,0.6156682968139648,0.0
491,global,1,0.5344099998474121,0.0
492,global,2,0.7235521078109741,0.04241526126861572
493,global,2,0.5595113039016724,0.030672669410705566
494,global,1,0.7072327136993408,0.0
495,global,1,0.5385394096374512,0.0
496,global,1,0.5820708274841309,0.0
497,global,1,0.6712522506713867,0.0
498,global,1,0.5473055839538574,0.0
499,global,1,0.7104523181915283,0.0
500,global,1,0.5363261699676514,0.0
501,global,1,0.7200250625610352,0.0
502,global,1,0.5369296073913574,0.0
503,global,2,0.801862359046936,0.23738110065460205
504,global,1,0.6747117042541504,0.0
505,global,1,0.7081608772277832,0.0
506,global,1,0.566063404083252,0.0
507,global,1,0.6850376129150391,0.0
508,global,1,0.6844806671142578,0.0
509,global,1,0.6874804496765137,0.0
510,global,1,0.6886231899261475,0.0
511,global,1,0.5225098133087158,0.0
512,global,1,0.7535762786865234,0.0
513,global,2,0.6815941333770752,0.005133628845214844
514,global,1,0.7250170707702637,0.0
515,global,1,0.6963558197021484,0.0
516,global,1,0.6839590072631836,0.0
517,global,1,0.7109620571136475,0.0
518,global,1,0.5825321674346924,0.0
519,global,1,0.5463681221008301,0.0
520,global,1,0.549405574798584,0.0
521,global,1,0.721729040145874,0.0
522,global,1,1.0717799663543701,0.0
523,global,1,0.6756815910339355,0.0
524,global,1,0.554617166519165,0.0
525,global,1,0.5626997947692871,0.0
526,global,1,0.6903908252716064,0.0
527,global,1,0.8955531120300293,0.0
528,global,1,0.5386507511138916,0.0
529,global,2,0.5511852502822876,0.13974511623382568
530,global,1,0.545924186706543,0.0
531,global,1,0.5604722499847412,0.0
532,global,1,0.7649035453796387,0.0
533,global,1,0.8519589900970459,0.0
534,global,1,0.7076077461242676,0.0
535,global,2,0.5721676349639893,0.006507158279418945
536,global,1,0.5447397232055664,0.0
537,global,2,0.7125070095062256,0.021571636199951172
538,global,1,0.7306220531463623,0.0
539,global,1,0.6127948760986328,0.0
540,global,1,0.48299312591552734,0.0
541,global,2,0.7633719444274902,0.26734495162963867
542,global,2,0.7364948987960815,0.27398574352264404
543,global,1,0.3069431781768799,0.0
544,global,1,0.30252528190612793,0.0
545,global,1,0.3850839138031006,0.0
546,global,1,0.6892704963684082,0.0
547,global,1,0.6848340034484863,0.0
548,global,1,0.7289791107177734,0.0
549,global,1,0.632408618927002,0.0
550,global,1,0.539513111114502,0.0
551,global,1,0.6985559463500977,0.0
552,global,1,0.5498316287994385,0.0
553,global,1,0.5986428260803223,0.0
554,global,1,0.7070910930633545,0.0
555,global,1,0.6955554485321045,0.0
556,global,2,0.8728023767471313,0.11595666408538818
557,global,2,0.7286815643310547,0.03258538246154785
558,global,2,0.5409491062164307,0.1407628059387207
559,global,4,0.7731096148490906,0.07669905102191517
560,global,1,0.7399089336395264,0.0
561,global,1,0.5597329139709473,0.0
562,global,2,0.5517393350601196,0.013418078422546387
563,global,1,0.5309443473815918,0.0
564,global,1,0.695732593536377,0.0
565,global,2,0.7091258764266968,0.021199822425842285
566,global,1,0.674232006072998,0.0
567,global,2,0.7610987424850464,0.05784904956817627
568,global,1,0.6875834465026855,0.0
569,global,1,0.550478458404541,0.0
570,global,1,0.5581283569335938,0.0
571,global,1,0.69083571434021,0.0
572,global,1,0.540372371673584,0.0
573,global,2,0.5395457744598389,0.0018219947814941406
574,global,1,0.6798927783966064,0.0
575,global,1,0.5405559539794922,0.0
576,global,1,0.5773584842681885,0.0
577,global,1,0.673227071762085,0.0
578,global,1,0.5837123394012451,0.0
579,global,1,0.5795719623565674,0.0
580,global,1,0.5803108215332031,0.0
581,global,1,0.5544919967651367,0.0
582,global,1,0.9206554889678955,0.0
583,global,1,0.7641541957855225,0.0
584,global,1,0.6776716709136963,0.0
585,global,2,0.8532755374908447,0.029100418090820312
586,global,2,0.8090707063674927,0.03697168827056885
587,global,2,0.6005572080612183,0.053784966468811035
588,global,1,0.6937568187713623,0.0
589,global,3,0.6178073088328043,0.14008938670283766
590,global,1,0.5800740718841553,0.0
591,global,3,0.7104868094126383,0.001980705661668663
592,global,1,0.8972806930541992,0.0
593,global,2,0.5805797576904297,0.132584810256958
594,global,2,0.7674005031585693,0.01699542999267578
595,global,2,0.7266523838043213,0.03143763542175293
596,global,2,0.7151082754135132,0.013225674629211426
597,global,1,0.7157645225524902,0.0
598,global,1,0.732269287109375,0.0
599,global,1,0.7759618759155273,0.0
600,global,1,0.7945969104766846,0.0
601,global,1,0.5624918937683105,0.0
602,global,1,0.5189385414123535,0.0
603,global,1,0.7441649436950684,0.0
604,global,2,0.8427859544754028,0.027198195457458496
605,global,1,0.5962371826171875,0.0
606,global,1,0.6870427131652832,0.0
607,global,1,0.5566177368164062,0.0
608,global,1,0.5840964317321777,0.0
609,global,2,0.7527399063110352,0.04674577713012695
610,global,1,0.5867218971252441,0.0
611,global,1,0.6909909248352051,0.0
612,global,1,0.6860899925231934,0.0
613,global,1,0.6866061687469482,0.0
614,global,1,0.5708377361297607,0.0
615,global,1,0.5658702850341797,0.0
616,global,2,0.6785341501235962,0.001967787742614746
617,global,1,0.7039775848388672,0.0
618,global,2,0.7270601987838745,0.03756368160247803
619,global,2,0.7593320608139038,0.020235180854797363
620,global,1,0.5593571662902832,0.0
621,global,1,0.718740701675415,0.0
622,global,1,0.9241282939910889,0.0
623,global,1,0.7711114883422852,0.0
624,global,2,0.7422317266464233,0.024423718452453613
625,global,1,0.584003210067749,0.0
626,global,2,0.5915344953536987,0.026317715644836426
627,global,1,0.6933307647705078,0.0
628,global,1,0.400651216506958,0.0
629,global,1,0.5337460041046143,0.0
630,global,1,0.7735116481781006,0.0
631,global,1,0.7053477764129639,0.0
632,global,1,0.583524227142334,0.0
633,global,1,0.7126429080963135,0.0
634,global,1,0.7162611484527588,0.0
635,global,1,0.7277255058288574,0.0
636,global,1,0.8430190086364746,0.0
637,global,1,0.5594711303710938,0.0
638,global,1,0.7186360359191895,0.0
639,global,1,0.6983282566070557,0.0
640,global,1,0.5494327545166016,0.0
641,global,1,0.9066054821014404,0.0
642,global,1,0.7347791194915771,0.0
643,global,2,0.6950525045394897,0.028380990028381348
644,global,1,0.587677001953125,0.0
645,global,1,0.7114675045013428,0.0
646,global,1,0.7094957828521729,0.0
647,global,1,0.9327747821807861,0.0
648,global,1,0.702672004699707,0.0
649,global,1,0.717782735824585,0.0
650,global,3,0.7247723738352457,0.00394439633055802
651,global,1,0.5416731834411621,0.0
652,global,1,0.6807479858398438,0.0
653,global,1,1.0222716331481934,0.0
654,global,1,0.5414769649505615,0.0
655,global,1,0.713639497756958,0.0
656,global,1,0.5364358425140381,0.0
657,global,1,0.6062464714050293,0.0
658,global,1,0.7053472995758057,0.0
659,global,1,0.7428395748138428,0.0
660,global,1,0.5486950874328613,0.0
661,global,1,0.708261251449585,0.0
662,global,1,0.5516040325164795,0.0
663,global,1,0.5704257488250732,0.0
664,global,1,0.7187166213989258,0.0
665,global,2,0.6878793239593506,0.007951021194458008
666,global,1,0.7335772514343262,0.0
667,global,2,0.6473870277404785,0.11716842651367188
668,global,1,0.5328254699707031,0.0
669,global,1,0.6910364627838135,0.0
670,global,1,0.6976509094238281,0.0
671,global,1,0.9139821529388428,0.0
672,global,1,0.735825777053833,0.0
673,global,2,0.7299978733062744,0.03416132926940918
674,global,1,0.7176206111907959,0.0
675,global,2,0.545640230178833,0.0009992122650146484
676,global,1,0.5705254077911377,0.0
677,global,1,0.8955607414245605,0.0
678,global,1,0.5530288219451904,0.0
679,global,1,0.5648915767669678,0.0
680,global,1,0.7357454299926758,0.0
681,global,1,0.7388095855712891,0.0
682,global,1,0.7025766372680664,0.0
683,global,2,0.5707030296325684,0.02664923667907715
684,global,1,0.7152454853057861,0.0
685,global,2,0.8311408758163452,0.1124948263168335
686,global,1,0.8165948390960693,0.0
687,global,1,0.7070305347442627,0.0
688,global,1,0.5459640026092529,0.0
689,global,1,0.9938559532165527,0.0
690,global,1,0.7234001159667969,0.0
691,global,1,0.802940845489502,0.0
692,global,2,0.7247616052627563,0.021378636360168457
693,global,1,0.5705571174621582,0.0
694,global,3,0.6140698591868082,0.04011414183649385
695,global,1,0.7451741695404053,0.0
696,global,2,0.7271925210952759,0.06197202205657959
697,global,4,0.7717673778533936,0.0189452707160646
698,global,2,0.708500862121582,0.004662513732910156
699,global,1,0.5814516544342041,0.0
700,global,3,0.7588571707407633,0.0628597770959261
701,global,1,0.6983799934387207,0.0
702,global,1,0.5474069118499756,0.0
703,global,2,0.7158311605453491,0.008934855461120605
704,global,2,0.861474871635437,0.11670529842376709
705,global,1,0.7879517078399658,0.0
706,global,2,0.7846075296401978,0.07392656803131104
707,global,2,0.7323950529098511,0.019266963005065918
708,global,1,0.5887737274169922,0.0
709,global,1,0.7184100151062012,0.0
710,global,1,0.5720987319946289,0.0
711,global,1,0.5637404918670654,0.0
712,global,2,0.7981975078582764,0.05496549606323242
713,global,2,0.8236995935440063,0.0912402868270874
714,global,1,0.5726752281188965,0.0
715,global,2,0.7464581727981567,0.01522219181060791
716,global,1,0.5564610958099365,0.0
717,global,1,0.70001220703125,0.0
718,global,1,0.533515214920044,0.0
719,global,1,0.725388765335083,0.0
720,global,2,0.7332569360733032,0.07540428638458252
721,global,1,0.5751423835754395,0.0
722,global,1,0.7229864597320557,0.0
723,global,1,0.5508415699005127,0.0
724,global,1,0.549738883972168,0.0
725,global,1,0.7243919372558594,0.0
726,global,2,0.5795050859451294,0.022378087043762207
727,global,1,0.6887595653533936,0.0
728,global,1,0.7587716579437256,0.0
729,global,1,0.7359819412231445,0.0
730,global,1,0.5586693286895752,0.0
731,global,1,0.5992875099182129,0.0
732,global,1,0.7262730598449707,0.0
733,global,1,0.7130637168884277,0.0
734,global,1,0.7079946994781494,0.0
735,global,1,0.726083517074585,0.0
736,global,2,0.7556062936782837,0.03200089931488037
737,global,1,0.5569412708282471,0.0
738,global,1,0.7481262683868408,0.0
739,global,1,0.7071638107299805,0.0
740,global,1,0.7665398120880127,0.0
741,global,1,0.7286224365234375,0.0
742,global,1,0.5870428085327148,0.0
743,global,1,0.5655608177185059,0.0
744,global,1,0.5611176490783691,0.0
745,global,1,0.7412424087524414,0.0
746,global,1,0.8413882255554199,0.0
747,global,3,0.5658307870229086,0.013896713832754953
748,global,1,0.5558936595916748,0.0
749,global,2,0.7421354055404663,0.04600083827972412
750,global,1,0.9615201950073242,0.0
751,global,3,0.5368204116821289,0.022564884066478937
752,global,1,0.5510056018829346,0.0
753,global,1,0.9622509479522705,0.0
754,global,1,0.552020788192749,0.0
755,global,2,0.6942188739776611,0.005396127700805664
756,global,1,0.5597355365753174,0.0
757,global,1,0.5563688278198242,0.0
758,global,1,0.5555830001831055,0.0
759,global,2,0.7585768699645996,0.03825259208679199
760,global,3,0.7478358745574951,0.049405185527998205
761,global,1,0.5436286926269531,0.0
762,global,1,0.6990926265716553,0.0
763,global,1,0.7231588363647461,0.0
764,global,1,0.7087948322296143,0.0
765,global,1,0.5777394771575928,0.0
766,global,1,0.7572684288024902,0.0
767,global,1,0.5500590801239014,0.0
768,global,1,0.7140614986419678,0.0
769,global,2,0.8199508190155029,0.05485987663269043
770,global,1,0.5517668724060059,0.0
771,global,1,0.5921735763549805,0.0
772,global,1,0.6190958023071289,0.0
773,global,2,0.5101168155670166,0.04903817176818848
774,global,1,0.6187772750854492,0.0
775,global,2,0.7190624475479126,0.013122200965881348
776,global,1,0.73020339012146,0.0
777,global,1,0.7219648361206055,0.0
778,global,1,0.6828317642211914,0.0
779,global,2,0.7527482509613037,0.004370450973510742
780,global,1,0.7707955837249756,0.0
781,global,2,0.72955322265625,0.015095233917236328
782,global,1,0.7536487579345703,0.0
783,global,1,0.7163491249084473,0.0
784,global,2,0.7056787014007568,0.002454996109008789
785,global,3,0.837481419245402,0.15717235437252808
786,global,1,0.7675886154174805,0.0
787,global,1,0.7238876819610596,0.0
788,global,3,0.7351429462432861,0.01963864647213918
789,global,1,0.7356855869293213,0.0
790,global,2,0.6967376470565796,0.11938488483428955
791,global,2,0.6872801780700684,0.043207406997680664
792,global,1,0.6674599647521973,0.0
793,global,1,0.5623843669891357,0.0
794,global,4,0.919282853603363,0.15420164138508005
795,global,2,0.7416510581970215,0.04405832290649414
796,global,1,0.8503737449645996,0.0
797,global,1,0.9317266941070557,0.0
798,global,1,0.7191920280456543,0.0
799,global,1,0.7230980396270752,0.0
800,global,1,0.7222437858581543,0.0
801,global,1,0.5546531677246094,0.0
802,global,3,0.8421223958333334,0.08230443235343926
803,global,3,0.7238438924153646,0.010539446982036502
804,global,1,0.7059247493743896,0.0
805,global,1,0.7223188877105713,0.0
806,global,1,0.7571938037872314,0.0
807,global,1,0.5645849704742432,0.0
808,global,1,0.7041935920715332,0.0
809,global,1,0.7847247123718262,0.0
810,global,1,0.6463155746459961,0.0
811,global,2,0.7235063314437866,0.011668562889099121
812,global,3,0.7497373421986898,0.07014110115224956
813,global,1,0.5947234630584717,0.0
814,global,1,0.7475259304046631,0.0
815,global,2,0.7095553874969482,0.009667396545410156
816,global,2,0.5886350870132446,0.007232785224914551
817,global,3,0.8121474583943685,0.04656435334372253
818,global,1,0.5554559230804443,0.0
819,global,1,0.7232551574707031,0.0
820,global,1,0.6751959323883057,0.0
821,global,1,0.5327157974243164,0.0
822,global,1,0.7311081886291504,0.0
823,global,1,0.5448009967803955,0.0
824,global,1,0.8478062152862549,0.0
825,global,1,0.7223267555236816,0.0
826,global,2,0.7005610466003418,0.01043391227722168
827,global,1,0.7184572219848633,0.0
828,global,1,0.5547592639923096,0.0
829,global,1,0.6861412525177002,0.0
830,global,2,0.773280143737793,0.03777670860290527
831,global,2,0.550826907157898,0.001904606819152832
832,global,1,0.558098554611206,0.0
833,global,1,0.7108607292175293,0.0
834,global,1,0.7316830158233643,0.0
835,global,2,0.5639204978942871,0.03467130661010742
836,global,2,0.5631465911865234,0.026681184768676758
837,global,1,0.5521740913391113,0.0
838,global,3,0.805018424987793,0.0595686803742705
839,global,1,0.7055709362030029,0.0
840,global,1,0.7161736488342285,0.0
841,global,1,0.5762557983398438,0.0
842,global,1,0.5499775409698486,0.0
843,global,1,0.7347359657287598,0.0
844,global,4,0.8357435464859009,0.047636756058706875
845,global,2,0.908959150314331,0.1978287696838379
846,global,1,0.7053115367889404,0.0
847,global,1,0.5847699642181396,0.0
848,global,2,0.6832547187805176,0.011615276336669922
849,global,1,0.574934720993042,0.0
850,global,1,0.5705111026763916,0.0
851,global,1,0.7038736343383789,0.0
852,global,1,0.730975866317749,0.0
853,global,1,0.8909101486206055,0.0
854,global,1,0.7371375560760498,0.0
855,global,1,0.5816192626953125,0.0
856,global,1,0.733983039855957,0.0
857,global,3,0.7049012184143066,0.011874268730573016
858,global,1,0.7211685180664062,0.0
859,global,1,0.7148227691650391,0.0
860,global,1,0.777144193649292,0.0
861,global,1,0.6939494609832764,0.0
862,global,1,0.745387077331543,0.0
863,global,1,0.5589754581451416,0.0
864,global,2,0.8799479007720947,0.1632225513458252
865,global,1,0.7314105033874512,0.0
866,global,1,0.5739009380340576,0.0
867,global,1,0.31654930114746094,0.0
868,global,1,0.38074469566345215,0.0
869,global,2,0.7593662738800049,0.010939359664916992
870,global,1,0.7119395732879639,0.0
871,global,1,0.530627965927124,0.0
872,global,2,0.7208278179168701,0.0070989131927490234
873,global,1,0.7271828651428223,0.0
874,global,1,0.690579891204834,0.0
875,global,3,0.7683719793955485,0.03076191294266826
876,global,1,0.5471704006195068,0.0
877,global,3,0.5975714524586996,0.16850158000079057
878,global,1,0.5818314552307129,0.0
879,global,2,0.7415578365325928,0.04419445991516113
880,global,1,0.5989682674407959,0.0
881,global,1,0.6306498050689697,0.0
882,global,1,0.5467972755432129,0.0
883,global,1,0.7322745323181152,0.0
884,global,4,0.8068293929100037,0.06353790445727038
885,global,1,0.5567307472229004,0.0
886,global,1,0.5712532997131348,0.0
887,global,1,0.7009761333465576,0.0
888,global,2,0.7785146236419678,0.04505777359008789
889,global,2,0.7722011804580688,0.052816033363342285
890,global,2,0.7063895463943481,0.011289000511169434
891,global,2,0.7797272205352783,0.011535882949829102
892,global,1,0.5576896667480469,0.0
893,global,2,0.5775686502456665,0.003873467445373535
894,global,1,0.7713017463684082,0.0
895,global,1,0.7077310085296631,0.0
896,global,1,0.5240633487701416,0.0
897,global,1,0.8533279895782471,0.0
898,global,2,0.5671523809432983,0.006973147392272949
899,global,1,0.5418038368225098,0.0
900,global,2,0.5642901659011841,0.1644381284713745
901,global,1,0.5751180648803711,0.0
902,global,1,0.5726730823516846,0.0
903,global,1,0.7780661582946777,0.0
904,global,1,0.8630237579345703,0.0
905,global,1,0.7303516864776611,0.0
906,global,1,0.38061022758483887,0.0
907,global,1,0.3003098964691162,0.0
908,global,1,0.5015289783477783,0.0
909,global,1,0.9848179817199707,0.0
910,global,1,0.706777811050415,0.0
911,global,2,0.7338000535964966,0.007866740226745605
912,global,1,0.9791793823242188,0.0
913,global,1,0.5497493743896484,0.0
914,global,1,0.7210595607757568,0.0
915,global,1,0.7784285545349121,0.0
916,global,2,0.6191141605377197,0.08314824104309082
917,global,1,0.5321660041809082,0.0
918,global,1,0.4041633605957031,0.0
919,global,2,0.769909143447876,0.04516458511352539
920,global,2,0.553937554359436,0.1224740743637085
921,global,1,0.6920602321624756,0.0
922,global,1,0.7679219245910645,0.0
923,global,1,0.5952858924865723,0.0
924,global,1,0.6020374298095703,0.0
925,global,3,0.8172008991241455,0.1361751142329409
926,global,1,0.5678274631500244,0.0
927,global,2,0.75632643699646,0.026273012161254883
928,global,1,0.5708329677581787,0.0
929,global,4,0.7190307974815369,0.17590806354643415
930,global,1,0.7241053581237793,0.0
931,global,3,0.7955183188120524,0.07351061658228256
932,global,2,0.8746471405029297,0.057175397872924805
933,global,1,0.5379302501678467,0.0
934,global,1,0.7312572002410889,0.0
935,global,1,0.7560274600982666,0.0
936,global,1,1.047527551651001,0.0
937,global,2,0.5669476985931396,0.016294002532958984
938,global,1,0.7377200126647949,0.0
939,global,1,0.7374582290649414,0.0
940,global,1,0.7895815372467041,0.0
941,global,2,0.7196524143218994,0.010600805282592773
942,global,1,0.5681295394897461,0.0
943,global,1,0.7353096008300781,0.0
944,global,1,0.5764596462249756,0.0
945,global,2,0.6923013925552368,0.012317776679992676
946,global,2,0.7678974866867065,0.052982211112976074
947,global,1,0.5592625141143799,0.0
948,global,1,0.7286193370819092,0.0
949,global,3,0.7866536776224772,0.0363721892493226
950,global,5,0.5831744194030761,0.037993296003385184
951,global,1,0.84674072265625,0.0
952,global,1,0.703305721282959,0.0
953,global,1,0.5905086994171143,0.0
954,global,2,0.5548095703125,0.0022742748260498047
955,global,1,0.5494728088378906,0.0
956,global,1,0.40979814529418945,0.0
957,global,2,0.5306313037872314,0.057808637619018555
958,global,1,0.48377084732055664,0.0
959,global,2,0.5818130970001221,0.15415406227111816
960,global,2,0.6492482423782349,0.25797951221466064
961,global,2,0.535006046295166,0.13591241836547852
962,global,1,0.6562821865081787,0.0
963,global,2,0.8939768075942993,0.147680401802063
964,global,1,0.5496618747711182,0.0
965,global,2,0.6964826583862305,0.011729955673217773
966,global,3,0.6228562990824381,0.08573336067731045
967,global,1,0.5493624210357666,0.0
968,global,1,0.5067844390869141,0.0
969,global,1,0.3936150074005127,0.0
970,global,1,0.326749324798584,0.0
971,global,1,0.379413366317749,0.0
972,global,1,0.3003389835357666,0.0
973,global,1,0.3180580139160156,0.0
974,global,2,0.5927985906600952,0.17928874492645264
975,global,2,0.8381731510162354,0.03678560256958008
976,global,1,0.6098892688751221,0.0
977,global,2,0.7835646867752075,0.08486306667327881
978,global,1,0.9069914817810059,0.0
979,global,1,0.5738484859466553,0.0
980,global,1,0.7009437084197998,0.0
981,global,1,0.7096827030181885,0.0
982,global,1,0.7067935466766357,0.0
983,global,1,0.7205007076263428,0.0
984,global,1,0.7264044284820557,0.0
985,global,1,0.7297489643096924,0.0
986,global,1,0.5642588138580322,0.0
987,global,2,0.6000798940658569,0.04368770122528076
988,global,1,0.7546548843383789,0.0
989,global,2,0.7777130603790283,0.06326770782470703
990,global,1,0.7199294567108154,0.0
991,global,1,0.8152239322662354,0.0
992,global,1,0.5424151420593262,0.0
993,global,2,0.7421423196792603,2.8967857360839844e-05
994,global,2,0.5383615493774414,0.011094808578491211
995,global,1,0.76029372215271,0.0
996,global,2,0.7268179655075073,0.04858672618865967
997,global,1,0.5591280460357666,0.0
998,global,2,0.5549510717391968,0.0006958246231079102
999,global,1,0.7626748085021973,0.0
1000,global,1,0.7017066478729248,0.0
1001,global,1,0.7055513858795166,0.0
1002,global,2,0.6960799694061279,0.005923271179199219
1003,global,1,0.5573089122772217,0.0
1004,global,1,0.7205278873443604,0.0
1005,global,1,0.8335812091827393,0.0
1006,global,1,0.5773453712463379,0.0
1007,global,7,0.7501165526253837,0.03922926816577581
1008,global,2,0.5993064641952515,0.2090378999710083
1009,global,1,0.7160897254943848,0.0
1010,global,1,0.7054216861724854,0.0
1011,global,1,0.7151968479156494,0.0
1012,global,1,0.7313289642333984,0.0
1013,global,1,0.5643448829650879,0.0
1014,global,1,0.7487413883209229,0.0
1015,global,1,0.8318657875061035,0.0
1016,global,1,0.5732288360595703,0.0
1017,global,1,0.5647552013397217,0.0
1018,global,1,0.7120084762573242,0.0
1019,global,1,0.7462670803070068,0.0
1020,global,1,0.7453200817108154,0.0
1021,global,2,0.5419554710388184,0.0019040107727050781
1022,global,1,0.5506384372711182,0.0
1023,global,1,0.6260108947753906,0.0
1024,global,1,0.7288198471069336,0.0
1025,global,2,0.7767590284347534,0.05504453182220459
1026,global,1,0.7342019081115723,0.0
1027,global,1,0.5581138134002686,0.0
1028,global,1,0.7677097320556641,0.0
1029,global,2,0.7097350358963013,0.007011294364929199
1030,global,1,0.5853502750396729,0.0
1031,global,1,0.7579319477081299,0.0
1032,global,1,0.5441265106201172,0.0
1033,global,2,0.7113860845565796,0.09322011470794678
1034,global,1,0.7166199684143066,0.0
1035,global,1,0.7664515972137451,0.0
1036,global,2,0.7941960096359253,0.024611830711364746
1037,global,2,0.7734737396240234,0.0494847297668457
1038,global,1,0.7090277671813965,0.0
1039,global,1,0.9731578826904297,0.0
1040,global,1,0.6954631805419922,0.0
1041,global,1,0.5781030654907227,0.0
1042,global,2,0.8229281902313232,0.09545063972473145
1043,global,1,1.032900333404541,0.0
1044,global,1,0.6791567802429199,0.0
1045,global,1,0.5585598945617676,0.0
1046,global,3,0.655832846959432,0.14387362382157085
1047,global,1,0.5896520614624023,0.0
1048,global,4,0.7465043067932129,0.025397077981262117
1049,global,1,0.5377440452575684,0.0
1050,global,2,0.5457009077072144,0.00980222225189209
1051,global,6,0.7391628821690878,0.09028402492647158
1052,global,1,0.5681357383728027,0.0
1053,global,1,0.7349817752838135,0.0
1054,global,1,0.5395553112030029,0.0
1055,global,3,0.6315046151479086,0.13284678296360355
1056,global,1,0.5671329498291016,0.0
1057,global,1,0.7421822547912598,0.0
1058,global,1,1.0235490798950195,0.0
1059,global,1,0.5377974510192871,0.0
1060,global,1,0.722022294998169,0.0
1061,global,1,0.736527681350708,0.0
1062,global,1,0.5739476680755615,0.0
1063,global,1,0.7200336456298828,0.0
1064,global,1,0.6915080547332764,0.0
1065,global,1,0.7237136363983154,0.0
1066,global,1,0.6040444374084473,0.0
1067,global,1,0.7244224548339844,0.0
1068,global,1,0.689091682434082,0.0
1069,global,2,0.776272177696228,0.04167830944061279
1070,global,1,0.3055300712585449,0.0
1071,global,6,0.6211397647857666,0.15566790759616364
1072,global,1,0.45760011672973633,0.0
1073,global,2,0.42851531505584717,0.1225811243057251
1074,global,1,0.2886168956756592,0.0
1075,global,1,0.7447004318237305,0.0
1076,global,1,0.7204804420471191,0.0
1077,global,2,0.5773755311965942,0.1882108449935913
1078,global,1,0.5398669242858887,0.0
1079,global,1,0.7537660598754883,0.0
1080,global,1,0.5590322017669678,0.0
1081,global,1,0.5565202236175537,0.0
1082,global,1,0.7074730396270752,0.0
1083,global,1,0.7130115032196045,0.0
1084,global,2,0.5917623043060303,0.0009024143218994141
1085,global,1,0.5680594444274902,0.0
1086,global,1,0.7142589092254639,0.0
1087,global,1,0.39722752571105957,0.0
1088,global,1,0.37206149101257324,0.0
1089,global,1,0.6765611171722412,0.0
1090,global,1,0.5076746940612793,0.0
1091,global,4,0.5780271291732788,0.023292432127088536
1092,global,1,0.7354683876037598,0.0
1093,global,1,0.7045397758483887,0.0
1094,global,1,0.7508180141448975,0.0
1095,global,1,0.7458240985870361,0.0
1096,global,2,0.6780275106430054,0.11587727069854736
1097,global,1,0.31282520294189453,0.0
1098,global,1,0.6221210956573486,0.0
1099,global,1,0.7382524013519287,0.0
1100,global,2,0.5481457710266113,0.009835958480834961
1101,global,2,0.5720220804214478,0.04884183406829834
1102,global,2,0.6105878353118896,0.03140592575073242
1103,global,2,0.5576425790786743,0.016620755195617676
1104,global,2,0.5794243812561035,0.022033214569091797
1105,global,1,0.5372188091278076,0.0
1106,global,1,0.5567808151245117,0.0
1107,global,1,0.7878196239471436,0.0
1108,global,1,0.7090096473693848,0.0
1109,global,1,0.696826696395874,0.0
1110,global,2,0.7640177011489868,0.014291167259216309
1111,global,1,0.7065012454986572,0.0
1112,global,1,0.7633328437805176,0.0
1113,global,3,0.48031099637349445,0.1256111696394283
1114,global,2,0.7489399909973145,0.018260478973388672
1115,global,1,0.5782439708709717,0.0
1116,global,1,0.727290153503418,0.0
1117,global,2,0.6984952688217163,0.13647305965423584
1118,global,1,0.3995997905731201,0.0
1119,global,1,0.8699719905853271,0.0
1120,global,1,0.7473421096801758,0.0
1121,global,2,0.7437427043914795,0.004506587982177734
1122,global,2,0.7618426084518433,0.0033839941024780273
1123,global,1,0.6868524551391602,0.0
1124,global,1,0.7999703884124756,0.0
1125,global,1,0.5491013526916504,0.0
1126,global,1,0.7285687923431396,0.0
1127,global,2,0.8589646816253662,0.1309518814086914
1128,global,1,0.741783618927002,0.0
1129,global,1,0.533130407333374,0.0
1130,global,2,0.5635898113250732,0.004147768020629883
1131,global,1,0.7397181987762451,0.0
1132,global,1,0.7363429069519043,0.0
1133,global,1,0.7313454151153564,0.0
1134,global,1,0.7737569808959961,0.0
1135,global,2,0.785719633102417,0.06674599647521973
1136,global,2,0.7561749219894409,0.03075230121612549
1137,global,1,0.7369143962860107,0.0
1138,global,1,0.6949810981750488,0.0
1139,global,1,0.7236495018005371,0.0
1140,global,1,0.6071796417236328,0.0
1141,global,2,0.7436933517456055,0.020415067672729492
1142,global,1,1.046724796295166,0.0
1143,global,2,0.7371323108673096,0.030891895294189453
1144,global,3,0.5678902467091879,0.031548629154819326
1145,global,1,0.7023446559906006,0.0
1146,global,1,0.6939642429351807,0.0
1147,global,2,0.5464998483657837,0.026347756385803223
1148,global,1,0.5398340225219727,0.0
1149,global,1,0.7368683815002441,0.0
1150,global,1,0.7476170063018799,0.0
1151,global,1,0.5583913326263428,0.0
1152,global,1,0.7337319850921631,0.0
1153,global,1,0.7434074878692627,0.0
1154,global,2,0.7666672468185425,0.03176891803741455
1155,global,1,0.7327148914337158,0.0
1156,global,3,0.7939542929331461,0.050089848963216
1157,global,2,0.7811964750289917,0.06440961360931396
1158,global,1,0.7389669418334961,0.0
1159,global,5,0.8455817222595214,0.11869063814955974
1160,global,1,0.7240965366363525,0.0
1161,global,1,0.5596926212310791,0.0
1162,global,1,0.7587058544158936,0.0
1163,global,3,0.7048876285552979,0.019637477767271087
1164,global,1,0.33836793899536133,0.0
1165,global,2,0.6218769550323486,0.2134079933166504
1166,global,2,0.5620851516723633,0.003545045852661133
1167,global,1,0.8886277675628662,0.0
1168,global,2,0.4812518358230591,0.17692816257476807
1169,global,2,0.741138219833374,0.007712841033935547
1170,global,1,0.8209021091461182,0.0
1171,global,1,0.5696542263031006,0.0
1172,global,2,0.7715898752212524,0.028414130210876465
1173,global,2,0.43862104415893555,0.10982084274291992
1174,global,1,0.7349536418914795,0.0
1175,global,1,0.7103574275970459,0.0
1176,global,2,0.521888256072998,0.022554397583007812
1177,global,1,0.7096168994903564,0.0
1178,global,1,0.7975623607635498,0.0
1179,global,1,0.5731136798858643,0.0
1180,global,2,0.8410577774047852,0.08976054191589355
1181,global,1,0.5584046840667725,0.0
1182,global,2,0.7353895902633667,0.007836222648620605
1183,global,1,0.6491818428039551,0.0
1184,global,1,0.7451732158660889,0.0
1185,global,1,0.7308204174041748,0.0
1186,global,1,0.7218410968780518,0.0
1187,global,1,0.7563104629516602,0.0
1188,global,1,0.5564942359924316,0.0
1189,global,1,0.7983322143554688,0.0
1190,global,3,0.7901434103647867,0.04680075822735185
1191,global,5,0.7202025413513183,0.16765682574848742
1192,global,1,0.7539939880371094,0.0
1193,global,4,0.5659879446029663,0.16479609625206837
1194,global,1,0.3851509094238281,0.0
1195,global,1,0.39874768257141113,0.0
1196,global,2,0.5470229387283325,0.1390455961227417
1197,global,1,0.2995595932006836,0.0
1198,global,1,0.40706539154052734,0.0
1199,global,1,0.3425629138946533,0.0
1200,global,1,0.4247145652770996,0.0
1201,global,2,0.7471762895584106,0.040508389472961426
1202,global,1,0.7228825092315674,0.0
1203,global,1,0.7281045913696289,0.0
1204,global,1,0.7670669555664062,0.0
1205,global,1,0.5388047695159912,0.0
1206,global,1,0.7698750495910645,0.0
1207,global,2,0.7220648527145386,0.006926894187927246
1208,global,3,0.5966801643371582,0.04755797655532175
1209,global,1,0.5492410659790039,0.0
1210,global,1,0.5326278209686279,0.0
1211,global,1,0.7674026489257812,0.0
1212,global,1,0.4388909339904785,0.0
1213,global,1,0.5827739238739014,0.0
1214,global,1,0.7095663547515869,0.0
1215,global,2,0.7769184112548828,0.026557445526123047
1216,global,1,0.7569684982299805,0.0
1217,global,1,0.5398166179656982,0.0
1218,global,1,0.8198258876800537,0.0
1219,global,2,0.7713273763656616,0.009806513786315918
1220,global,1,0.783057451248169,0.0
1221,global,1,0.5742228031158447,0.0
1222,global,1,0.7027559280395508,0.0
1223,global,5,0.782261848449707,0.08558816195687503
1224,global,2,0.5621085166931152,0.027401447296142578
1225,global,1,0.7216482162475586,0.0
1226,global,1,0.7229633331298828,0.0
1227,global,4,0.572495698928833,0.015310566889764739
1228,global,1,0.7823216915130615,0.0
1229,global,1,0.7218689918518066,0.0
1230,global,1,0.7063016891479492,0.0
1231,global,1,0.7574143409729004,0.0
1232,global,2,0.7959970235824585,0.08843958377838135
1233,global,1,0.7267959117889404,0.0
1234,global,1,0.7534544467926025,0.0
1235,global,1,0.7240164279937744,0.0
1236,global,1,0.5625011920928955,0.0
1237,global,1,0.7370727062225342,0.0
1238,global,1,0.7128851413726807,0.0
1239,global,2,0.8966063261032104,0.03985106945037842
1240,global,1,0.7199752330780029,0.0
1241,global,1,0.727215051651001,0.0
1242,global,1,0.7222244739532471,0.0
1243,global,1,0.5338442325592041,0.0
1244,global,2,0.7383663654327393,0.0008599758148193359
1245,global,1,0.5817697048187256,0.0
1246,global,2,0.7323849201202393,0.02655792236328125
1247,global,1,0.6261038780212402,0.0
1248,global,1,0.931957483291626,0.0
1249,global,1,0.7745788097381592,0.0
1250,global,3,0.7738027572631836,0.06158217374586698
1251,global,1,0.7424900531768799,0.0
1252,global,1,0.749610185623169,0.0
1253,global,2,0.624966025352478,0.10897910594940186
1254,global,4,0.7689943909645081,0.07640091621922808
1255,global,1,0.5494682788848877,0.0
1256,global,5,0.7318343639373779,0.17128931024124952
1257,global,1,0.7397017478942871,0.0
1258,global,1,1.3156638145446777,0.0
1259,global,1,0.7484698295593262,0.0
1260,global,1,0.748347282409668,0.0
1261,global,2,0.5320534706115723,0.011622190475463867
1262,global,3,0.8679116566975912,0.09924416062884625
1263,global,3,0.7176407178243002,0.012021114203074676
1264,global,2,0.5454647541046143,0.007208824157714844
1265,global,1,0.7965235710144043,0.0
1266,global,1,0.7687606811523438,0.0
1267,global,1,0.5571544170379639,0.0
1268,global,2,0.7245396375656128,0.02143251895904541
1269,global,1,0.5576424598693848,0.0
1270,global,1,0.531052827835083,0.0
1271,global,2,0.5830579996109009,0.15553247928619385
1272,global,1,0.733729362487793,0.0
1273,global,1,0.5695428848266602,0.0
1274,global,1,0.7087640762329102,0.0
1275,global,1,0.908308744430542,0.0
1276,global,4,0.7358835339546204,0.021802456566278085
1277,global,1,0.7305312156677246,0.0
1278,global,1,0.7198512554168701,0.0
1279,global,1,0.692450761795044,0.0
1280,global,3,0.7328855991363525,0.026098370955455023
1281,global,1,0.4058988094329834,0.0
1282,global,1,0.32308173179626465,0.0
1283,global,1,0.4149463176727295,0.0
1284,global,1,0.389284610748291,0.0
1285,global,1,0.8809046745300293,0.0
1286,global,1,0.7254819869995117,0.0
1287,global,1,0.7411577701568604,0.0
1288,global,1,0.5708088874816895,0.0
1289,global,2,0.7365227937698364,0.0006085634231567383
1290,global,1,0.7048764228820801,0.0
1291,global,1,0.740208625793457,0.0
1292,global,1,0.543222188949585,0.0
1293,global,1,0.7216837406158447,0.0
1294,global,1,0.7427480220794678,0.0
1295,global,2,0.7240308523178101,0.0038753747940063477
1296,global,1,0.734912633895874,0.0
1297,global,3,0.5078189373016357,0.14871739074813362
1298,global,1,0.7385854721069336,0.0
1299,global,3,0.7804412047068278,0.02763372690486545
1300,global,1,0.5598454475402832,0.0
1301,global,1,0.7161879539489746,0.0
1302,global,1,0.7808177471160889,0.0
1303,global,1,0.5613906383514404,0.0
1304,global,3,0.4748663107554118,0.1069267780228166
1305,global,2,0.7241781949996948,0.008610129356384277
1306,global,1,0.747776985168457,0.0
1307,global,2,0.5793200731277466,0.020746827125549316
1308,global,1,0.7065536975860596,0.0
1309,global,1,0.7171547412872314,0.0
1310,global,1,0.5684597492218018,0.0
1311,global,3,0.6553530693054199,0.19836284023055012
1312,global,1,0.5590434074401855,0.0
1313,global,3,0.6484501361846924,0.16314550102301636
1314,global,1,0.7109739780426025,0.0
1315,global,2,0.5547469854354858,0.002520918846130371
1316,global,1,0.5373637676239014,0.0
1317,global,1,0.746863603591919,0.0
1318,global,3,0.7591152191162109,0.03506205022537259
1319,global,2,0.7385706901550293,0.18369650840759277
1320,global,1,0.7539620399475098,0.0
1321,global,3,0.7659050623575846,0.021103748446586613
1322,global,1,0.6852688789367676,0.0
1323,global,3,0.7513097127278646,0.014536326015693882
1324,global,2,0.804352879524231,0.017557978630065918
1325,global,1,0.5793454647064209,0.0
1326,global,2,0.5455838441848755,0.005325675010681152
1327,global,3,0.7866934935251871,0.03573812498238808
1328,global,1,0.7933909893035889,0.0
1329,global,1,0.5509335994720459,0.0
1330,global,2,0.7238696813583374,0.04187309741973877
1331,global,1,0.6732451915740967,0.0
1332,global,2,0.733539342880249,0.002185821533203125
1333,global,1,0.7474582195281982,0.0
1334,global,1,0.4357285499572754,0.0
1335,global,1,0.3142406940460205,0.0
1336,global,2,0.5708526372909546,0.15650403499603271
1337,global,1,0.4981203079223633,0.0
1338,global,1,0.4002084732055664,0.0
1339,global,1,0.30081915855407715,0.0
1340,global,1,0.4047665596008301,0.0
1341,global,2,0.6069432497024536,0.11602962017059326
1342,global,1,0.6772358417510986,0.0
1343,global,3,0.7685230573018392,0.015353995516741393
1344,global,1,0.7776985168457031,0.0
1345,global,1,0.7118661403656006,0.0
1346,global,1,0.5860536098480225,0.0
1347,global,1,0.5636897087097168,0.0
1348,global,1,0.5643749237060547,0.0
1349,global,1,0.665776252746582,0.0
1350,global,1,0.3945791721343994,0.0
1351,global,1,0.39752840995788574,0.0
1352,global,1,0.7235424518585205,0.0
1353,global,2,0.8174533843994141,0.1104128360748291
1354,global,2,0.5866529941558838,0.006691694259643555
1355,global,2,0.8247940540313721,0.02650618553161621
1356,global,1,0.7802689075469971,0.0
1357,global,1,0.9988617897033691,0.0
1358,global,1,0.5788655281066895,0.0
1359,global,1,0.7508399486541748,0.0
1360,global,4,0.6487370729446411,0.12259046548575253
1361,global,1,0.7664473056793213,0.0
1362,global,1,0.7149147987365723,0.0
1363,global,1,0.6834597587585449,0.0
1364,global,1,0.5443699359893799,0.0
1365,global,1,0.7546312808990479,0.0
1366,global,1,0.7194139957427979,0.0
1367,global,2,0.5678519010543823,0.010847687721252441
1368,global,2,0.546668529510498,0.012058496475219727
1369,global,2,0.771178126335144,0.0009580850601196289
1370,global,1,0.7345602512359619,0.0
1371,global,1,0.7164425849914551,0.0
1372,global,2,0.6892913579940796,0.14983952045440674
1373,global,1,0.8425040245056152,0.0
1374,global,2,0.7191801071166992,0.004231691360473633
1375,global,2,0.7349190711975098,0.031517744064331055
1376,global,1,0.772446870803833,0.0
1377,global,2,0.7758238315582275,0.028258085250854492
1378,global,1,0.7177398204803467,0.0
1379,global,2,0.744226336479187,0.006129860877990723
1380,global,1,0.7300939559936523,0.0
1381,global,1,0.5566325187683105,0.0
1382,global,2,0.5537047386169434,0.008121728897094727
1383,global,2,0.5665326118469238,0.022907018661499023
1384,global,1,0.7819981575012207,0.0
1385,global,1,0.7236928939819336,0.0
1386,global,1,0.6571030616760254,0.0
1387,global,1,0.5377788543701172,0.0
1388,global,1,0.7242848873138428,0.0
1389,global,2,0.734866738319397,0.0011855363845825195
1390,global,3,0.5833806196848551,0.02737041724081226
1391,global,2,0.7795827388763428,0.031598567962646484
1392,global,1,0.8198351860046387,0.0
1393,global,1,0.9133617877960205,0.0
1394,global,2,0.8220309019088745,0.12527382373809814
1395,global,1,0.6786839962005615,0.0
1396,global,2,0.588111400604248,0.13782477378845215
1397,global,1,0.533776044845581,0.0
1398,global,1,0.7518749237060547,0.0
1399,global,1,0.7040469646453857,0.0
1400,global,2,0.6247856616973877,0.11796855926513672
1401,global,1,0.7693142890930176,0.0
1402,global,2,0.7160351276397705,0.013956069946289062
1403,global,1,0.7264935970306396,0.0
1404,global,1,0.758371114730835,0.0
1405,global,1,0.5881984233856201,0.0
1406,global,1,0.5861332416534424,0.0
1407,global,2,0.6952073574066162,0.048967838287353516
1408,global,1,0.8062028884887695,0.0
1409,global,1,0.604194164276123,0.0
1410,global,1,0.7472865581512451,0.0
1411,global,2,0.7210233211517334,0.009879350662231445
1412,global,1,0.5524270534515381,0.0
1413,global,1,0.5916705131530762,0.0
1414,global,4,0.7393766045570374,0.027694022764339018
1415,global,2,0.6523094177246094,0.11225533485412598
1416,global,1,0.7338302135467529,0.0
1417,global,2,0.890295147895813,0.1319516897201538
1418,global,1,0.8867783546447754,0.0
1419,global,1,0.7454545497894287,0.0
1420,global,1,0.7325646877288818,0.0
1421,global,2,0.5652422904968262,0.011980533599853516
1422,global,1,0.7284548282623291,0.0
1423,global,1,0.39043283462524414,0.0
1424,global,1,0.32628893852233887,0.0
1425,global,1,0.5690970420837402,0.0
1426,global,1,0.572927713394165,0.0
1427,global,3,0.7732497056325277,0.027173693579261696
1428,global,1,0.7539463043212891,0.0
1429,global,1,0.5519289970397949,0.0
1430,global,2,0.79730224609375,0.0906076431274414
1431,global,2,0.7605479955673218,0.017161011695861816
1432,global,1,0.7322502136230469,0.0
1433,global,2,0.5549018383026123,0.015992403030395508
1434,global,1,0.6030704975128174,0.0
1435,global,1,0.7107234001159668,0.0
1436,global,1,0.5728178024291992,0.0
1437,global,2,0.7507004737854004,0.27617502212524414
1438,global,2,0.7588112354278564,0.03858542442321777
1439,global,1,0.7500579357147217,0.0
1440,global,1,0.5395042896270752,0.0
1441,global,1,0.5611164569854736,0.0
1442,global,1,0.5577452182769775,0.0
1443,global,2,0.8872076272964478,0.07239782810211182
1444,global,2,0.4140796661376953,0.11307549476623535
1445,global,2,0.7563375234603882,0.00724947452545166
1446,global,3,0.5506569544474283,0.15729061619340856
1447,global,1,0.43989133834838867,0.0
1448,global,2,0.43351829051971436,0.1438673734664917
1449,global,2,0.5631284713745117,0.12156248092651367
1450,global,1,0.3569657802581787,0.0
1451,global,1,0.33230161666870117,0.0
1452,global,1,0.45652174949645996,0.0
1453,global,1,0.3027958869934082,0.0
1454,global,1,0.3825857639312744,0.0
1455,global,2,0.5606468915939331,0.1760314702987671
1456,global,2,0.8734122514724731,0.015662789344787598
1457,global,1,0.7318785190582275,0.0
1458,global,1,0.5475387573242188,0.0
1459,global,3,0.6923314730326334,0.15565837545356112
1460,global,1,0.5528051853179932,0.0
1461,global,2,0.6271709203720093,0.15420448780059814
1462,global,1,0.7119245529174805,0.0
1463,global,1,0.732616662979126,0.0
1464,global,1,0.7485888004302979,0.0
1465,global,1,0.5382390022277832,0.0
1466,global,2,0.5573621988296509,0.011326909065246582
1467,global,2,0.7051364183425903,0.02928602695465088
1468,global,1,0.7116327285766602,0.0
1469,global,4,0.46526920795440674,0.09132557128010084
1470,global,1,1.0350162982940674,0.0
1471,global,2,0.735298752784729,0.012430310249328613
1472,global,1,0.5786910057067871,0.0
1473,global,1,0.7480552196502686,0.0
1474,global,2,0.6285527944564819,0.12425339221954346
1475,global,1,0.7769804000854492,0.0
1476,global,1,0.7278027534484863,0.0
1477,global,1,0.5524849891662598,0.0
1478,global,1,0.7580535411834717,0.0
1479,global,2,0.5897212028503418,0.028879642486572266
1480,global,1,0.5783023834228516,0.0
1481,global,1,0.6991472244262695,0.0
1482,global,1,0.5947351455688477,0.0
1483,global,2,0.7840945720672607,0.01519775390625
1484,global,1,0.5759906768798828,0.0
1485,global,2,0.5416336059570312,0.1397559642791748
1486,global,1,0.5731642246246338,0.0
1487,global,2,0.5682365894317627,0.13315343856811523
1488,global,1,0.297318696975708,0.0
1489,global,1,0.38443493843078613,0.0
1490,global,3,0.5610541502634684,0.15271576180514704
1491,global,2,0.5616145133972168,0.17460250854492188
1492,global,1,0.3337719440460205,0.0
1493,global,1,0.41294074058532715,0.0
1494,global,1,0.3218648433685303,0.0
1495,global,1,0.3885796070098877,0.0
1496,global,2,0.38948678970336914,0.010815858840942383
1497,global,1,0.47261571884155273,0.0
1498,global,1,0.749462366104126,0.0
1499,global,1,0.5665795803070068,0.0
1500,global,1,0.5540711879730225,0.0
1501,global,3,0.5552710692087809,0.023519993069513346
1502,global,1,0.720067024230957,0.0
1503,global,1,0.39284801483154297,0.0
1504,global,2,0.5606626272201538,0.16694390773773193
1505,global,2,0.5617161989212036,0.15586459636688232
1506,global,1,0.28887176513671875,0.0
1507,global,1,0.484283447265625,0.0
1508,global,1,0.5611519813537598,0.0
1509,global,1,0.7392942905426025,0.0
1510,global,3,0.6610429286956787,0.279035544186639
1511,global,1,0.563075065612793,0.0
1512,global,1,0.7320137023925781,0.0
1513,global,1,0.7381165027618408,0.0
1514,global,1,0.5764884948730469,0.0
1515,global,1,0.7173969745635986,0.0
1516,global,1,0.5496015548706055,0.0
1517,global,1,0.5810832977294922,0.0
1518,global,1,0.7117431163787842,0.0
1519,global,2,0.7577768564224243,0.01152193546295166
1520,global,1,0.7351133823394775,0.0
1521,global,1,0.8811097145080566,0.0
1522,global,2,0.8206667900085449,0.07472634315490723
1523,global,1,0.6109514236450195,0.0
1524,global,1,0.7373812198638916,0.0
1525,global,1,0.7202918529510498,0.0
1526,global,3,0.7349598407745361,0.03833500606227956
1527,global,1,0.7246260643005371,0.0
1528,global,1,0.7315070629119873,0.0
1529,global,1,0.5351226329803467,0.0
1530,global,1,0.7325644493103027,0.0
1531,global,1,0.8974266052246094,0.0
1532,global,1,0.7249860763549805,0.0
1533,global,1,0.7372596263885498,0.0
1534,global,1,0.7271628379821777,0.0
1535,global,2,0.7768969535827637,0.013782739639282227
1536,global,1,0.7535548210144043,0.0
1537,global,1,0.7474734783172607,0.0
1538,global,1,0.7662301063537598,0.0
1539,global,1,0.7572014331817627,0.0
1540,global,2,0.736054539680481,0.02686941623687744
1541,global,1,0.7718219757080078,0.0
1542,global,1,0.7350358963012695,0.0
1543,global,1,0.7336382865905762,0.0
1544,global,2,0.6077415943145752,0.03901863098144531
1545,global,1,0.5442507266998291,0.0
1546,global,2,1.0008121728897095,0.26955926418304443
1547,global,1,0.9783918857574463,0.0
1548,global,1,0.7255830764770508,0.0
1549,global,2,0.7336437702178955,0.009728193283081055
1550,global,2,0.7291262149810791,0.0015430450439453125
1551,global,1,0.5755224227905273,0.0
1552,global,1,0.5315728187561035,0.0
1553,global,2,0.7356722354888916,0.01245737075805664
1554,global,1,0.7138588428497314,0.0
1555,global,1,0.9050724506378174,0.0
1556,global,1,0.728553295135498,0.0
1557,global,3,0.6947151819864908,0.14418499897488501
1558,global,2,0.5475809574127197,0.015348196029663086
1559,global,1,0.5419130325317383,0.0
1560,global,1,0.5771217346191406,0.0
1561,global,1,0.493732213973999,0.0
1562,global,1,0.3954048156738281,0.0
1563,global,1,0.41008853912353516,0.0
1564,global,1,0.663752555847168,0.0
1565,global,1,0.7095715999603271,0.0
1566,global,1,0.5818772315979004,0.0
1567,global,1,0.5662779808044434,0.0
1568,global,1,0.7793357372283936,0.0
1569,global,1,0.7598540782928467,0.0
1570,global,1,0.7354843616485596,0.0
1571,global,1,0.5621528625488281,0.0
1572,global,1,0.5547749996185303,0.0
1573,global,1,0.5507793426513672,0.0
1574,global,2,0.5727930068969727,0.015043258666992188
1575,global,1,0.7315967082977295,0.0
1576,global,1,0.5508203506469727,0.0
1577,global,1,0.612511396408081,0.0
1578,global,1,0.7605524063110352,0.0
1579,global,1,0.7225444316864014,0.0
1580,global,1,0.9279882907867432,0.0
1581,global,1,0.5484156608581543,0.0
1582,global,2,0.9361217021942139,0.17293262481689453
1583,global,1,0.5671072006225586,0.0
1584,global,2,0.7195855379104614,0.02255094051361084
1585,global,1,0.7403943538665771,0.0
1586,global,1,0.5768804550170898,0.0
1587,global,1,0.7215743064880371,0.0
1588,global,1,0.5772008895874023,0.0
1589,global,1,0.7297110557556152,0.0
1590,global,2,0.9047281742095947,0.1297311782836914
1591,global,1,0.7384459972381592,0.0
1592,global,1,0.7432422637939453,0.0
1593,global,1,0.7602028846740723,0.0
1594,global,1,0.7481567859649658,0.0
1595,global,2,0.7541693449020386,0.017159104347229004
1596,global,1,0.7602357864379883,0.0
1597,global,1,0.5523030757904053,0.0
1598,global,2,0.8836158514022827,0.0005928277969360352
1599,global,4,0.8064314723014832,0.08733055301131612
1600,global,1,0.9258058071136475,0.0
1601,global,1,0.5557413101196289,0.0
1602,global,1,0.7119753360748291,0.0
1603,global,4,0.7572870850563049,0.02856340599992394
1604,global,1,0.7347991466522217,0.0
1605,global,1,0.8133645057678223,0.0
1606,global,2,0.5633249282836914,0.00038504600524902344
1607,global,2,0.583078145980835,0.03998279571533203
1608,global,1,0.7858531475067139,0.0
1609,global,1,0.7358272075653076,0.0
1610,global,1,0.5521724224090576,0.0
1611,global,1,0.5787303447723389,0.0
1612,global,2,0.754696249961853,0.00360715389251709
1613,global,2,0.7585769891738892,0.0479961633682251
1614,global,1,0.8111073970794678,0.0
1615,global,1,0.7098004817962646,0.0
1616,global,1,0.5444293022155762,0.0
1617,global,1,0.727651834487915,0.0
1618,global,1,0.5701558589935303,0.0
1619,global,1,0.5420684814453125,0.0
1620,global,1,0.7866065502166748,0.0
1621,global,1,0.7591896057128906,0.0
1622,global,2,0.566486120223999,0.0017428398132324219
1623,global,1,0.7324051856994629,0.0
1624,global,1,0.7855238914489746,0.0
1625,global,2,0.7718262672424316,0.07172894477844238
1626,global,2,0.7295513153076172,0.007767677307128906
1627,global,2,0.7939983606338501,0.0039321184158325195
1628,global,1,0.7484900951385498,0.0
1629,global,1,0.6218347549438477,0.0
1630,global,2,0.7443745136260986,0.0637812614440918
1631,global,1,0.7217819690704346,0.0
1632,global,1,0.7257513999938965,0.0
1633,global,1,0.7441287040710449,0.0
1634,global,1,0.7294108867645264,0.0
1635,global,1,0.7384147644042969,0.0
1636,global,3,0.8075137138366699,0.10491264995961046
1637,global,1,0.7208232879638672,0.0
1638,global,1,0.6258406639099121,0.0
1639,global,3,0.740800937016805,0.009352109744355538
1640,global,1,0.5101490020751953,0.0
1641,global,3,0.8268667856852213,0.07771666685374767
1642,global,2,0.7503288984298706,0.011505484580993652
1643,global,1,0.7689855098724365,0.0
1644,global,1,0.7447547912597656,0.0
1645,global,2,0.7746521234512329,0.03268730640411377
1646,global,1,0.8517684936523438,0.0
1647,global,1,0.7768571376800537,0.0
1648,global,1,0.7271502017974854,0.0
1649,global,3,0.7469796339670817,0.011517472467101893
1650,global,1,0.7693281173706055,0.0
1651,global,1,0.8374781608581543,0.0
1652,global,1,0.7411863803863525,0.0
1653,global,2,0.5716423988342285,0.026642799377441406
1654,global,1,0.7853074073791504,0.0
1655,global,1,0.568701982498169,0.0
1656,global,1,0.7385239601135254,0.0
1657,global,2,0.5597163438796997,0.0147324800491333
1658,global,2,0.7889994382858276,0.022704482078552246
1659,global,1,0.8742012977600098,0.0
1660,global,1,0.717902660369873,0.0
1661,global,1,0.7364773750305176,0.0
1662,global,2,0.7183618545532227,0.005925416946411133
1663,global,1,0.5517208576202393,0.0
1664,global,1,0.726165771484375,0.0
1665,global,1,0.564765214920044,0.0
1666,global,1,0.7154157161712646,0.0
1667,global,2,0.5607688426971436,0.025681257247924805
1668,global,1,0.6606378555297852,0.0
1669,global,1,0.7145953178405762,0.0
1670,global,1,0.8103578090667725,0.0
1671,global,1,0.5496406555175781,0.0
1672,global,1,0.7367985248565674,0.0
1673,global,1,0.8154275417327881,0.0
1674,global,1,0.7564733028411865,0.0
1675,global,1,0.7778201103210449,0.0
1676,global,1,0.7331633567810059,0.0
1677,global,1,0.7145400047302246,0.0
1678,global,2,0.7776196002960205,0.030133962631225586
1679,global,1,0.7467408180236816,0.0
1680,global,1,0.7041463851928711,0.0
1681,global,1,0.6039984226226807,0.0
1682,global,1,0.5171318054199219,0.0
1683,global,3,0.8300875027974447,0.06124315132971843
1684,global,1,0.7362351417541504,0.0
1685,global,1,0.7369875907897949,0.0
1686,global,1,0.7673022747039795,0.0
1687,global,2,0.7922691106796265,0.07692348957061768
1688,global,1,0.554779052734375,0.0
1689,global,1,0.7395684719085693,0.0
1690,global,1,0.7450668811798096,0.0
1691,global,3,0.8487555980682373,0.14692825120739483
1692,global,1,0.7537529468536377,0.0
1693,global,1,0.5782926082611084,0.0
1694,global,2,0.7513056993484497,0.01621711254119873
1695,global,1,0.8233273029327393,0.0
1696,global,2,0.5445313453674316,0.0004923343658447266
1697,global,1,0.9406776428222656,0.0
1698,global,1,0.733367919921875,0.0
1699,global,1,0.7426590919494629,0.0
1700,global,2,0.7404830455780029,0.016156911849975586
1701,global,3,0.9873751799265543,0.03179359968011562
1702,global,2,0.7601652145385742,0.0031969547271728516
1703,global,1,0.7383050918579102,0.0
1704,global,1,0.7469744682312012,0.0
1705,global,1,0.7629742622375488,0.0
1706,global,1,0.6123647689819336,0.0
1707,global,1,0.7077701091766357,0.0
1708,global,1,0.6220173835754395,0.0
1709,global,2,0.5843373537063599,0.005092024803161621
1710,global,4,0.8913917541503906,0.12910230675061896
1711,global,2,0.7923498153686523,0.053750038146972656
1712,global,2,0.7652449607849121,0.029508352279663086
1713,global,3,0.7719335556030273,0.05721202465222666
1714,global,1,0.7348554134368896,0.0
1715,global,1,0.7221119403839111,0.0
1716,global,1,0.746875524520874,0.0
1717,global,1,0.7279744148254395,0.0
1718,global,2,0.5556586980819702,0.00912010669708252
1719,global,2,0.5466912984848022,0.004067540168762207
1720,global,2,0.7472119331359863,0.019697904586791992
1721,global,1,0.8724489212036133,0.0
1722,global,1,0.8024232387542725,0.0
1723,global,1,0.7128920555114746,0.0
1724,global,1,0.9202275276184082,0.0
1725,global,2,0.790168046951294,0.07903909683227539
1726,global,1,0.7263369560241699,0.0
1727,global,1,0.7613117694854736,0.0
1728,global,2,0.6595354080200195,0.023648500442504883
1729,global,2,0.7464612722396851,0.015486836433410645
1730,global,1,0.5443401336669922,0.0
1731,global,3,0.722825288772583,0.00864882995086311
1732,global,3,0.577143669128418,0.02170765504992822
1733,global,2,0.5643888711929321,0.009415745735168457
1734,global,4,0.7974503636360168,0.08302336018587947
1735,global,1,0.5767090320587158,0.0
1736,global,4,0.5393097400665283,0.01924119973738007
1737,global,2,0.7556682825088501,0.03256809711456299
1738,global,1,0.7376720905303955,0.0
1739,global,1,0.5717353820800781,0.0
1740,global,1,0.7497148513793945,0.0
1741,global,1,0.5493919849395752,0.0
1742,global,2,0.5637654066085815,0.010114073753356934
1743,global,2,0.8370374441146851,0.054454922676086426
1744,global,2,0.6463320255279541,0.12459397315979004
1745,global,5,0.7694601535797119,0.04154658702378924
1746,global,1,0.7456068992614746,0.0
1747,global,2,0.7465343475341797,0.004483461380004883
1748,global,1,0.7371323108673096,0.0
1749,global,1,0.5421137809753418,0.0
1750,global,2,0.791161060333252,0.0014734268188476562
1751,global,1,0.5867640972137451,0.0
1752,global,2,0.7206728458404541,0.008463859558105469
1753,global,1,0.5955178737640381,0.0
1754,global,1,0.6944746971130371,0.0
1755,global,1,0.595527172088623,0.0
1756,global,1,0.7390384674072266,0.0
1757,global,1,0.5591890811920166,0.0
1758,global,1,0.7167348861694336,0.0
1759,global,1,0.7103052139282227,0.0
1760,global,2,0.5647060871124268,0.015063762664794922
1761,global,1,0.5334680080413818,0.0
1762,global,1,0.5844433307647705,0.0
1763,global,3,0.7543659210205078,0.048133302687668265
1764,global,1,0.7258992195129395,0.0
1765,global,1,0.7345230579376221,0.0
1766,global,1,0.587071418762207,0.0
1767,global,3,0.5847604274749756,0.026245779315566355
1768,global,2,0.7181457281112671,0.006705641746520996
1769,global,1,0.5742244720458984,0.0
1770,global,3,0.750552256902059,0.03638408426789436
1771,global,1,0.6981852054595947,0.0
1772,global,1,0.58054518699646,0.0
1773,global,1,0.7231860160827637,0.0
1774,global,2,0.8085428476333618,0.015984416007995605
1775,global,4,0.8056356310844421,0.06070899145459993
1776,global,2,0.7299590110778809,0.0021147727966308594
1777,global,1,0.7581548690795898,0.0
1778,global,1,0.555011510848999,0.0
1779,global,1,0.5432775020599365,0.0
1780,global,1,0.7605960369110107,0.0
1781,global,1,0.7119252681732178,0.0
1782,global,2,0.7997745275497437,0.014724135398864746
1783,global,1,0.546959638595581,0.0
1784,global,3,0.768409808476766,0.03189743792819769
1785,global,1,0.7329137325286865,0.0
1786,global,2,0.8121300935745239,0.04054749011993408
1787,global,3,0.7672378222147623,0.015407268271275285
1788,global,1,0.735482931137085,0.0
1789,global,1,0.5179073810577393,0.0
1790,global,1,0.5683493614196777,0.0
1791,global,1,0.5456264019012451,0.0
1792,global,1,0.733698844909668,0.0
1793,global,3,0.8511879444122314,0.13071136514453424
1794,global,2,0.8281229734420776,0.05558288097381592
1795,global,3,0.6906852722167969,0.06284904851736942
1796,global,3,0.7720673878987631,0.05502041185686701
1797,global,1,0.5791580677032471,0.0
1798,global,1,0.6886742115020752,0.0
1799,global,1,0.7368948459625244,0.0
1800,global,1,0.7514934539794922,0.0
1801,global,1,0.7188725471496582,0.0
1802,global,1,0.9858720302581787,0.0
1803,global,2,0.8363050222396851,0.026161551475524902
1804,global,1,0.868823766708374,0.0
1805,global,1,0.730534553527832,0.0
1806,global,1,0.7690837383270264,0.0
1807,global,1,0.7250461578369141,0.0
1808,global,1,0.5730159282684326,0.0
1809,global,1,0.7926759719848633,0.0
1810,global,2,0.5561995506286621,0.0005242824554443359
1811,global,2,0.5618573427200317,0.14832651615142822
1812,global,2,0.7815302610397339,0.03293287754058838
1813,global,1,0.7250151634216309,0.0
1814,global,3,0.7376111348470052,0.12283937332724135
1815,global,1,0.7313368320465088,0.0
1816,global,2,0.5565462112426758,0.16318702697753906
1817,global,1,0.7236325740814209,0.0
1818,global,1,0.7104372978210449,0.0
1819,global,1,0.7516636848449707,0.0
1820,global,1,0.738739013671875,0.0
1821,global,1,0.7494115829467773,0.0
1822,global,1,0.74727463722229,0.0
1823,global,1,0.7128784656524658,0.0
1824,global,1,0.7206740379333496,0.0
1825,global,1,0.7212762832641602,0.0
1826,global,4,0.7690243124961853,0.028011658905519127
1827,global,1,0.7251214981079102,0.0
1828,global,2,0.5536689758300781,0.008336782455444336
1829,global,1,0.7499527931213379,0.0
1830,global,1,0.38704395294189453,0.0
1831,global,2,0.4676635265350342,0.10314512252807617
1832,global,1,0.5350282192230225,0.0
1833,global,2,0.6489503383636475,0.13449907302856445
1834,global,2,0.434362530708313,0.13705885410308838
1835,global,3,0.4512145519256592,0.11152936571380734
1836,global,1,0.49386119842529297,0.0
1837,global,1,0.3896489143371582,0.0
1838,global,1,0.7547817230224609,0.0
1839,global,1,0.6671371459960938,0.0
1840,global,1,0.7199740409851074,0.0
1841,global,1,0.7311112880706787,0.0
1842,global,1,0.5638055801391602,0.0
1843,global,1,0.7443430423736572,0.0
1844,global,1,0.5338160991668701,0.0
1845,global,1,0.7110300064086914,0.0
1846,global,1,0.5442068576812744,0.0
1847,global,1,0.5515143871307373,0.0
1848,global,1,0.7453804016113281,0.0
1849,global,1,0.8057010173797607,0.0
1850,global,1,0.5693628787994385,0.0
1851,global,2,0.5894445180892944,0.1949986219406128
1852,global,4,0.6737261414527893,0.16730391323995034
1853,global,1,0.7615034580230713,0.0
1854,global,1,0.5594515800476074,0.0
1855,global,2,0.7129642963409424,0.014162778854370117
1856,global,1,0.735987663269043,0.0
1857,global,1,0.748591423034668,0.0
1858,global,1,0.5622763633728027,0.0
1859,global,1,0.8167924880981445,0.0
1860,global,2,0.5614233016967773,0.0030913352966308594
1861,global,1,0.7225563526153564,0.0
1862,global,1,0.721686840057373,0.0
1863,global,1,0.7412075996398926,0.0
1864,global,3,0.5931110382080078,0.02896326455060551
1865,global,1,0.694040060043335,0.0
1866,global,3,0.5516136487325033,0.0044596929179305245
1867,global,1,0.7726905345916748,0.0
1868,global,1,0.7494661808013916,0.0
1869,global,1,0.7389087677001953,0.0
1870,global,2,0.798930287361145,0.0177382230758667
1871,global,2,0.5607713460922241,0.12524783611297607
1872,global,1,0.7638235092163086,0.0
1873,global,1,0.7936010360717773,0.0
1874,global,1,0.9071645736694336,0.0
1875,global,1,0.7332174777984619,0.0
1876,global,2,0.88059401512146,0.01940441131591797
1877,global,1,0.6997776031494141,0.0
1878,global,1,0.716289758682251,0.0
1879,global,1,0.7325928211212158,0.0
1880,global,4,0.5508590936660767,0.1443961893830657
1881,global,2,0.9063558578491211,0.1253674030303955
1882,global,1,0.5536305904388428,0.0
1883,global,1,0.7017219066619873,0.0
1884,global,1,0.5442731380462646,0.0
1885,global,1,0.7323348522186279,0.0
1886,global,1,0.7477221488952637,0.0
1887,global,1,0.7279927730560303,0.0
1888,global,1,0.7699005603790283,0.0
1889,global,1,0.5735223293304443,0.0
1890,global,1,0.8421468734741211,0.0
1891,global,1,0.7153854370117188,0.0
1892,global,3,0.5924947261810303,0.06510604046663912
1893,global,1,0.7568855285644531,0.0
1894,global,2,0.548414945602417,0.008989095687866211
1895,global,2,0.7426832914352417,0.007904887199401855
1896,global,1,0.584406852722168,0.0
1897,global,1,0.504951000213623,0.0
1898,global,1,0.7250761985778809,0.0
1899,global,1,0.7120835781097412,0.0
1900,global,2,0.4818767309188843,0.094077467918396
1901,global,1,0.3953361511230469,0.0
1902,global,2,0.4245281219482422,0.14548301696777344
1903,global,1,0.5448665618896484,0.0
1904,global,2,0.730420708656311,0.01855027675628662
1905,global,1,0.6801035404205322,0.0
1906,global,1,0.7696921825408936,0.0
1907,global,1,0.7269518375396729,0.0
1908,global,2,0.7610188722610474,0.05215752124786377
1909,global,2,0.7749770879745483,0.007858872413635254
1910,global,2,0.5566476583480835,0.01424109935760498
1911,global,1,0.6997170448303223,0.0
1912,global,1,0.7526535987854004,0.0
1913,global,1,0.7194294929504395,0.0
1914,global,1,0.713951587677002,0.0
1915,global,1,0.5619752407073975,0.0
1916,global,1,0.5546722412109375,0.0
1917,global,2,0.6790364980697632,0.07081258296966553
1918,global,1,0.7679173946380615,0.0
1919,global,4,0.6048364639282227,0.19275757559270776
1920,global,1,0.7367122173309326,0.0
1921,global,1,0.7325692176818848,0.0
1922,global,1,0.5408494472503662,0.0
1923,global,1,0.6045920848846436,0.0
1924,global,1,0.5427670478820801,0.0
1925,global,2,0.5939285755157471,0.0295407772064209
1926,global,1,0.7378284931182861,0.0
1927,global,1,0.4038100242614746,0.0
1928,global,1,0.705256462097168,0.0
1929,global,1,0.5677206516265869,0.0
1930,global,2,0.7306891679763794,0.011561036109924316
1931,global,1,0.7350959777832031,0.0
1932,global,1,0.4044337272644043,0.0
1933,global,1,0.4062228202819824,0.0
1934,global,1,0.2966742515563965,0.0
1935,global,1,0.301379919052124,0.0
1936,global,1,0.4176042079925537,0.0
1937,global,3,0.6430455843607584,0.18295537866162107
1938,global,1,0.3886861801147461,0.0
1939,global,1,0.40119171142578125,0.0
1940,global,2,0.7392275333404541,0.0193023681640625
1941,global,1,0.586890697479248,0.0
1942,global,1,0.745678186416626,0.0
1943,global,1,0.7436704635620117,0.0
1944,global,2,0.7432364225387573,0.03555095195770264
1945,global,1,0.5692596435546875,0.0
1946,global,2,0.7533601522445679,0.018123507499694824
1947,global,1,0.7413387298583984,0.0
1948,global,2,0.8004683256149292,0.027278780937194824
1949,global,1,0.7691636085510254,0.0
1950,global,2,0.5882629156112671,0.20272743701934814
1951,global,1,0.8139934539794922,0.0
1952,global,1,0.5715334415435791,0.0
1953,global,2,0.8929616212844849,0.1487046480178833
1954,global,2,0.7677271366119385,0.09067153930664062
1955,global,2,0.5471067428588867,0.153947114944458
1956,global,1,0.693967342376709,0.0
1957,global,1,0.7369341850280762,0.0
1958,global,1,0.7431678771972656,0.0
1959,global,1,0.749936580657959,0.0
1960,global,3,0.6872217655181885,0.10293744443502259
1961,global,2,0.7540760040283203,0.009665489196777344
1962,global,1,0.3022019863128662,0.0
1963,global,2,0.5709209442138672,0.17348909378051758
1964,global,6,0.6386030515034994,0.14118599331302586
1965,global,1,0.5156733989715576,0.0
1966,global,2,0.7110416889190674,0.013200044631958008
1967,global,1,0.5574579238891602,0.0
1968,global,1,0.5527629852294922,0.0
1969,global,1,0.4808666706085205,0.0
1970,global,1,0.7930467128753662,0.0
1971,global,1,0.8107855319976807,0.0
1972,global,1,0.5655324459075928,0.0
1973,global,1,0.6970803737640381,0.0
1974,global,1,0.8292372226715088,0.0
1975,global,1,0.5691642761230469,0.0
1976,global,1,0.7285053730010986,0.0
1977,global,1,0.7227668762207031,0.0
1978,global,3,0.671140193939209,0.22844115483003088
1979,global,1,0.7138023376464844,0.0
1980,global,1,0.7358219623565674,0.0
1981,global,3,0.8100200494130453,0.05830380724611742
1982,global,3,0.7464972337086996,0.02380428000567225
1983,global,1,0.7790424823760986,0.0
1984,global,2,0.740056037902832,0.018137216567993164
1985,global,1,0.7939295768737793,0.0
1986,global,3,0.7988298734029134,0.08063335785783445
1987,global,2,0.8743401765823364,0.01420605182647705
1988,global,2,0.8208239078521729,0.03480386734008789
1989,global,2,0.6035410165786743,0.060102105140686035
1990,global,2,0.7550647258758545,0.011131525039672852
1991,global,1,0.4020688533782959,0.0
1992,global,3,0.44204433759053546,0.10441348655940065
1993,global,1,0.29674625396728516,0.0
1994,global,1,0.39644598960876465,0.0
1995,global,1,0.41402530670166016,0.0
1996,global,1,0.45792531967163086,0.0
1997,global,3,0.709859291712443,0.13288137750171514
1998,global,1,0.5637977123260498,0.0
1999,global,1,0.5535240173339844,0.0
2000,global,1,0.6006126403808594,0.0
2001,global,2,0.5899407863616943,0.022137165069580078
2002,global,1,0.70745849609375,0.0
2003,global,1,0.5484740734100342,0.0
2004,global,2,0.559011697769165,0.0003788471221923828
2005,global,2,0.7663625478744507,0.021123528480529785
2006,global,1,0.759364128112793,0.0
2007,global,1,0.76153564453125,0.0
2008,global,1,0.6042075157165527,0.0
2009,global,3,0.6674583752950033,0.09137909394261272
2010,global,1,0.7345089912414551,0.0
2011,global,3,0.565192461013794,0.008294487768801363
2012,global,1,0.6565499305725098,0.0
2013,global,1,0.6169238090515137,0.0
2014,global,1,0.7037923336029053,0.0
2015,global,3,0.7715432643890381,0.055354628665579345
2016,global,3,0.728156566619873,0.053988170000905646
2017,global,1,0.596611738204956,0.0
2018,global,2,0.7816822528839111,0.037375688552856445
2019,global,1,0.7171404361724854,0.0
2020,global,2,0.7257765531539917,0.019799351692199707
2021,global,3,0.6218242645263672,0.16595548185725081
2022,global,4,0.7510136961936951,0.014015299210791133
2023,global,2,0.4701336622238159,0.09176528453826904
2024,global,1,0.7745451927185059,0.0
2025,global,1,0.7646069526672363,0.0
2026,global,1,0.5527727603912354,0.0
2027,global,1,0.5721526145935059,0.0
2028,global,1,0.3879106044769287,0.0
2029,global,1,0.7164747714996338,0.0
2030,global,2,0.7334908246994019,0.1350463628768921
2031,global,4,0.7564122676849365,0.05127544768132464
2032,global,2,0.8181231021881104,0.08467745780944824
2033,global,1,0.7956216335296631,0.0
2034,global,2,0.7469767332077026,0.1372755765914917
2035,global,2,0.5420825481414795,0.005808353424072266
2036,global,2,0.8717963695526123,0.12842059135437012
2037,global,2,0.7244787216186523,0.002774477005004883
2038,global,1,0.739105224609375,0.0
2039,global,1,0.7407541275024414,0.0
2040,global,2,0.8339288234710693,0.0693349838256836
2041,global,3,0.8008484045664469,0.1500285543600627
2042,global,1,0.5715429782867432,0.0
2043,global,2,0.8159842491149902,0.014552116394042969
2044,global,2,0.741466760635376,0.02486419677734375
2045,global,1,0.7342438697814941,0.0
2046,global,3,0.733079195022583,0.03345085915481483
2047,global,1,0.7388815879821777,0.0
2048,global,2,0.5991629362106323,0.0289839506149292
2049,global,2,0.586613655090332,0.0051746368408203125
2050,global,4,0.7439939379692078,0.015438682078768102
2051,global,2,0.821715235710144,0.08491814136505127
2052,global,2,0.5711901187896729,0.010423898696899414
2053,global,1,0.7539653778076172,0.0
2054,global,2,0.5877174139022827,0.016344666481018066
2055,global,1,0.5731492042541504,0.0
2056,global,1,0.7221684455871582,0.0
2057,global,2,0.7678089141845703,0.02278423309326172
2058,global,3,0.7586940924326578,0.015665857939287486
2059,global,1,0.5758342742919922,0.0
2060,global,4,0.8329359292984009,0.31874870665987726
2061,global,2,0.913284182548523,0.1546863317489624
2062,global,1,0.531151533126831,0.0
2063,global,1,0.7213833332061768,0.0
2064,global,1,0.789642333984375,0.0
2065,global,3,0.5995912551879883,0.15951225820821305
2066,global,1,0.5427193641662598,0.0
2067,global,1,0.8315207958221436,0.0
2068,global,1,0.5537278652191162,0.0
2069,global,2,0.8496829271316528,0.020332932472229004
2070,global,1,0.5381193161010742,0.0
2071,global,1,0.7293534278869629,0.0
2072,global,1,0.6833224296569824,0.0
2073,global,2,0.7982819080352783,0.02213454246520996
2074,global,2,0.7468215227127075,0.019666075706481934
2075,global,1,0.762751579284668,0.0
2076,global,4,0.7318824529647827,0.11716150120313804
2077,global,1,0.7991902828216553,0.0
2078,global,1,0.7499861717224121,0.0
2079,global,1,0.7258174419403076,0.0
2080,global,1,0.5602476596832275,0.0
2081,global,1,0.58156418800354,0.0
2082,global,1,0.4519381523132324,0.0
2083,global,3,0.6267437140146891,0.16890388870047687
2084,global,1,0.3764791488647461,0.0
2085,global,1,0.5979809761047363,0.0
2086,global,2,0.5875393152236938,0.013449311256408691
2087,global,1,1.0133357048034668,0.0
2088,global,5,0.6877165317535401,0.14525057567097918
2089,global,3,0.7898814678192139,0.053267483950920236
2090,global,1,0.45890069007873535,0.0
2091,global,1,0.5302882194519043,0.0
2092,global,1,0.7374267578125,0.0
2093,global,1,0.5612215995788574,0.0
2094,global,2,0.565934419631958,0.007441043853759766
2095,global,1,0.5473823547363281,0.0
2096,global,1,0.7119038105010986,0.0
2097,global,1,0.7270443439483643,0.0
2098,global,1,0.4491147994995117,0.0
2099,global,1,0.5464117527008057,0.0
2100,global,1,0.5589802265167236,0.0
2101,global,1,0.7506313323974609,0.0
2102,global,1,0.7262616157531738,0.0
2103,global,1,0.6089348793029785,0.0
2104,global,1,0.5326933860778809,0.0
2105,global,2,0.7285339832305908,0.00819849967956543
2106,global,1,0.7955079078674316,0.0
2107,global,1,0.7458927631378174,0.0
2108,global,1,0.7334976196289062,0.0
2109,global,1,0.727975606918335,0.0
2110,global,3,0.4866929848988851,0.13607458830821328
2111,global,2,0.8373303413391113,0.04404091835021973
2112,global,3,0.8296313285827637,0.11638578509337849
2113,global,1,0.6079311370849609,0.0
2114,global,1,0.5590105056762695,0.0
2115,global,1,0.5509865283966064,0.0
2116,global,1,0.5369241237640381,0.0
2117,global,2,0.8115555047988892,0.027548909187316895
2118,global,2,0.8761981725692749,0.017816901206970215
2119,global,1,0.7400760650634766,0.0
2120,global,1,0.7523832321166992,0.0
2121,global,1,0.6959149837493896,0.0
2122,global,1,0.7379796504974365,0.0
2123,global,1,0.795861005783081,0.0
2124,global,1,0.38888096809387207,0.0
2125,global,1,0.3070526123046875,0.0
2126,global,1,0.37809014320373535,0.0
2127,global,2,0.5661940574645996,0.1770024299621582
2128,global,1,0.39024901390075684,0.0
2129,global,1,0.2820096015930176,0.0
2130,global,1,0.488231897354126,0.0
2131,global,1,0.4718437194824219,0.0
2132,global,2,0.6011532545089722,0.18921077251434326
2133,global,3,0.6579355398813883,0.21668952149448711
2134,global,1,0.3830418586730957,0.0
2135,global,3,0.6169331868489584,0.14579302182464465
2136,global,1,0.3915417194366455,0.0
2137,global,1,0.5230937004089355,0.0
2138,global,2,0.8688615560531616,0.07573282718658447
2139,global,1,0.629854679107666,0.0
2140,global,3,0.7989145119984945,0.1408094097979839
2141,global,3,0.38961489995320636,0.10327302248577223
2142,global,1,0.7487578392028809,0.0
2143,global,1,0.724266767501831,0.0
2144,global,1,0.7191095352172852,0.0
2145,global,1,0.5679094791412354,0.0
2146,global,1,0.55098557472229,0.0
2147,global,1,0.7247509956359863,0.0
2148,global,1,0.6847116947174072,0.0
2149,global,1,0.38314318656921387,0.0
2150,global,1,0.42970991134643555,0.0
2151,global,1,0.797429084777832,0.0
2152,global,2,0.5352045297622681,0.08723556995391846
2153,global,2,0.7756609916687012,0.05040144920349121
2154,global,1,0.7935454845428467,0.0
2155,global,2,0.9368451833724976,0.11932170391082764
2156,global,2,0.7553915977478027,0.012558698654174805
2157,global,1,0.7544350624084473,0.0
2158,global,2,1.0369471311569214,0.10062873363494873
2159,global,1,0.7277050018310547,0.0
2160,global,1,0.571998119354248,0.0
2161,global,1,0.6093733310699463,0.0
2162,global,1,0.742743968963623,0.0
2163,global,1,0.7764596939086914,0.0
2164,global,1,0.5558357238769531,0.0
2165,global,1,0.7206895351409912,0.0
2166,global,3,0.6510084470113119,0.1518695176653206
2167,global,1,0.9400043487548828,0.0
2168,global,1,0.5612549781799316,0.0
2169,global,1,0.7694463729858398,0.0
2170,global,2,0.7664200067520142,0.02074277400970459
2171,global,1,0.73406982421875,0.0
2172,global,1,0.7266659736633301,0.0
2173,global,1,0.7256860733032227,0.0
2174,global,1,0.43611764907836914,0.0
2175,global,1,0.3815338611602783,0.0
2176,global,2,0.6077228784561157,0.12504446506500244
2177,global,1,0.3985722064971924,0.0
2178,global,1,0.3233487606048584,0.0
2179,global,3,0.7030390898386637,0.21593386330918385
2180,global,1,0.4607555866241455,0.0
2181,global,1,0.4019951820373535,0.0
2182,global,1,0.2966628074645996,0.0
2183,global,5,0.7893821239471436,0.19515102327065925
2184,global,2,0.7086035013198853,0.1859678030014038
2185,global,1,0.6710076332092285,0.0
2186,global,1,0.7530078887939453,0.0
2187,global,1,0.5607905387878418,0.0
2188,global,1,0.722449541091919,0.0
2189,global,1,0.7608168125152588,0.0
2190,global,1,0.5732042789459229,0.0
2191,global,1,0.5602221488952637,0.0
2192,global,1,0.8068368434906006,0.0
2193,global,1,0.7380886077880859,0.0
2194,global,1,0.5803854465484619,0.0
2195,global,1,0.7326154708862305,0.0
2196,global,1,0.5512535572052002,0.0
2197,global,1,0.6524436473846436,0.0
2198,global,3,0.5688389937082926,0.00944887662904774
2199,global,2,0.7289814949035645,0.0012934207916259766
2200,global,1,0.7346673011779785,0.0
2201,global,1,0.8562874794006348,0.0
2202,global,1,0.7875182628631592,0.0
2203,global,1,0.7583036422729492,0.0
2204,global,1,0.7572178840637207,0.0
2205,global,2,0.7558495998382568,0.009842872619628906
2206,global,3,0.8801633516947428,0.12074424839050325
2207,global,1,0.5793588161468506,0.0
2208,global,1,0.8199667930603027,0.0
2209,global,2,0.8230246305465698,0.16090834140777588
2210,global,1,0.7196743488311768,0.0
2211,global,1,0.9521796703338623,0.0
2212,global,1,1.0126662254333496,0.0
2213,global,1,0.4704461097717285,0.0
2214,global,1,0.7571454048156738,0.0
2215,global,2,0.8202160596847534,0.053887248039245605
2216,global,1,0.7644352912902832,0.0
2217,global,1,0.7780656814575195,0.0
2218,global,2,0.7120122909545898,0.01326894760131836
2219,global,2,0.7522492408752441,0.025919198989868164
2220,global,1,0.5473077297210693,0.0
2221,global,2,0.7194483280181885,0.028101682662963867
2222,global,1,0.701221227645874,0.0
2223,global,3,0.7284564177195231,0.01687413588633044
2224,global,2,0.7670642137527466,0.0033153295516967773
2225,global,2,0.5598409175872803,0.017161130905151367
2226,global,1,0.5590832233428955,0.0
2227,global,1,0.551055908203125,0.0
2228,global,1,0.5930538177490234,0.0
2229,global,1,0.7281877994537354,0.0
2230,global,2,0.7349586486816406,0.01052999496459961
2231,global,1,0.7530136108398438,0.0
2232,global,1,0.561521053314209,0.0
2233,global,1,0.7714293003082275,0.0
2234,global,2,0.8236596584320068,0.08800125122070312
2235,global,1,0.736844539642334,0.0
2236,global,1,0.5337285995483398,0.0
2237,global,1,0.5540275573730469,0.0
2238,global,2,0.7680807113647461,0.018433094024658203
2239,global,1,0.7305102348327637,0.0
2240,global,1,0.7477545738220215,0.0
2241,global,4,0.6005809903144836,0.012946535808328547
2242,global,1,0.7172544002532959,0.0
2243,global,1,0.5403127670288086,0.0
2244,global,1,0.7801706790924072,0.0
2245,global,1,0.564197301864624,0.0
2246,global,1,0.7616870403289795,0.0
2247,global,1,0.7698283195495605,0.0
2248,global,1,0.710944652557373,0.0
2249,global,1,0.790771484375,0.0
2250,global,1,0.7698278427124023,0.0
2251,global,1,0.7372946739196777,0.0
2252,global,1,0.7445738315582275,0.0
2253,global,1,0.7076165676116943,0.0
2254,global,1,0.7758781909942627,0.0
2255,global,1,0.7040643692016602,0.0
2256,global,1,0.5634868144989014,0.0
2257,global,1,0.7549989223480225,0.0
2258,global,1,0.8514730930328369,0.0
2259,global,1,0.7222108840942383,0.0
2260,global,1,0.5758781433105469,0.0
2261,global,1,0.7760226726531982,0.0
2262,global,1,0.712165117263794,0.0
2263,global,2,0.7818311452865601,0.011182904243469238
2264,global,1,0.5971734523773193,0.0
2265,global,2,0.5582560300827026,0.007232069969177246
2266,global,1,0.589789867401123,0.0
2267,global,4,0.7390826940536499,0.0364515190632358
2268,global,4,0.7894389629364014,0.03204961963741994
2269,global,1,0.7552485466003418,0.0
2270,global,2,0.7520339488983154,0.02324843406677246
2271,global,3,0.8261799812316895,0.12164992634939088
2272,global,1,0.7683172225952148,0.0
2273,global,1,0.7359535694122314,0.0
2274,global,3,0.7561111450195312,0.020430502098273542
2275,global,2,0.5571507215499878,0.01179039478302002
2276,global,1,0.7577202320098877,0.0
2277,global,1,0.583446741104126,0.0
2278,global,1,0.5622677803039551,0.0
2279,global,1,0.5329289436340332,0.0
2280,global,1,0.5835025310516357,0.0
2281,global,1,0.6365513801574707,0.0
2282,global,1,0.7123827934265137,0.0
2283,global,2,0.7285528182983398,0.00491642951965332
2284,global,1,0.7239842414855957,0.0
2285,global,3,0.7470278739929199,0.02458336590154545
2286,global,1,0.7961313724517822,0.0
2287,global,2,0.7678630352020264,0.008046627044677734
2288,global,1,0.5731801986694336,0.0
2289,global,1,0.6189320087432861,0.0
2290,global,2,0.5600191354751587,0.045536160469055176
2291,global,1,0.7887604236602783,0.0
2292,global,1,0.748931884765625,0.0
2293,global,1,0.5268979072570801,0.0
2294,global,1,1.0569536685943604,0.0
2295,global,1,0.5590598583221436,0.0
2296,global,1,0.7851743698120117,0.0
2297,global,1,0.7609643936157227,0.0
2298,global,1,0.6988155841827393,0.0
2299,global,1,0.8100438117980957,0.0
2300,global,1,0.7286221981048584,0.0
2301,global,1,0.5779695510864258,0.0
2302,global,1,0.9220340251922607,0.0
2303,global,1,0.5687849521636963,0.0
2304,global,2,0.5667058229446411,0.014016032218933105
2305,global,1,0.8100271224975586,0.0
2306,global,1,0.7534983158111572,0.0
2307,global,1,0.7277224063873291,0.0
2308,global,1,0.8100802898406982,0.0
2309,global,1,0.5450484752655029,0.0
2310,global,1,0.7855885028839111,0.0
2311,global,1,0.7033100128173828,0.0
2312,global,1,0.7207274436950684,0.0
2313,global,1,0.6666116714477539,0.0
2314,global,1,0.7248296737670898,0.0
2315,global,1,0.7491075992584229,0.0
2316,global,1,0.7427859306335449,0.0
2317,global,1,0.7501323223114014,0.0
2318,global,1,0.6108708381652832,0.0
2319,global,1,0.845733642578125,0.0
2320,global,1,0.580812931060791,0.0
2321,global,1,0.563556432723999,0.0
2322,global,1,0.5933489799499512,0.0
2323,global,1,0.7841358184814453,0.0
2324,global,2,0.7386904954910278,0.00303804874420166
2325,global,2,0.742196798324585,0.007479429244995117
2326,global,3,0.8385876019795736,0.07332277602164174
2327,global,1,0.7531828880310059,0.0
2328,global,1,0.7938671112060547,0.0
2329,global,1,0.7769989967346191,0.0
2330,global,2,0.7382522821426392,0.014142870903015137
2331,global,3,0.6381488641103109,0.09616170218788168
2332,global,2,0.5952236652374268,0.015328645706176758
2333,global,1,0.748889684677124,0.0
2334,global,1,0.788144588470459,0.0
2335,global,1,0.7606661319732666,0.0
2336,global,1,0.5683495998382568,0.0
2337,global,1,0.7673239707946777,0.0
2338,global,1,0.7194633483886719,0.0
2339,global,1,0.7657639980316162,0.0
2340,global,1,0.7894153594970703,0.0
2341,global,2,0.7374019622802734,0.2634403705596924
2342,global,1,0.753401517868042,0.0
2343,global,1,1.0636112689971924,0.0
2344,global,1,0.7660787105560303,0.0
2345,global,2,0.6436387300491333,0.21288883686065674
2346,global,1,0.5479750633239746,0.0
2347,global,1,0.7408480644226074,0.0
2348,global,1,0.5596106052398682,0.0
2349,global,1,0.7199282646179199,0.0
2350,global,2,0.7610599994659424,0.04951024055480957
2351,global,2,0.7361243963241577,0.018256783485412598
2352,global,2,0.841270923614502,0.03525996208190918
2353,global,7,0.7081655434199742,0.13777512711451825
2354,global,1,0.7428407669067383,0.0
2355,global,1,0.7163045406341553,0.0
2356,global,1,0.5556089878082275,0.0
2357,global,1,0.5487411022186279,0.0
2358,global,1,0.7664618492126465,0.0
2359,global,1,0.812885046005249,0.0
2360,global,1,0.7534708976745605,0.0
2361,global,1,0.7494158744812012,0.0
2362,global,1,0.5851540565490723,0.0
2363,global,2,0.5779927968978882,0.025256991386413574
2364,global,1,0.7322874069213867,0.0
2365,global,1,0.955327033996582,0.0
2366,global,1,0.8577487468719482,0.0
2367,global,1,0.7509503364562988,0.0
2368,global,1,0.7423274517059326,0.0
2369,global,1,0.5580382347106934,0.0
2370,global,2,0.5870984792709351,0.06088459491729736
2371,global,1,0.5583035945892334,0.0
2372,global,2,0.7673120498657227,0.019755840301513672
2373,global,2,0.7548050880432129,0.01625823974609375
2374,global,1,0.6082210540771484,0.0
2375,global,1,0.3157844543457031,0.0
2376,global,1,0.29545021057128906,0.0
2377,global,4,0.7159030437469482,0.3790052572596058
2378,global,2,0.7217429876327515,3.325939178466797e-05
2379,global,2,0.5909171104431152,0.005971670150756836
2380,global,1,0.7363982200622559,0.0
2381,global,1,0.9765539169311523,0.0
2382,global,1,0.4592726230621338,0.0
2383,global,1,0.3997228145599365,0.0
2384,global,2,0.6752687692642212,0.0649038553237915
2385,global,1,0.57405686378479,0.0
2386,global,2,0.7100496292114258,0.18103957176208496
2387,global,2,0.8364244699478149,0.09447014331817627
2388,global,1,0.5485751628875732,0.0
2389,global,1,0.5598094463348389,0.0
2390,global,1,0.7695376873016357,0.0
2391,global,3,0.7395274639129639,0.08930122617881386
2392,global,1,0.5160574913024902,0.0
2393,global,1,0.5234453678131104,0.0
2394,global,1,0.4105262756347656,0.0
2395,global,1,0.5975019931793213,0.0
2396,global,3,0.7748893102010092,0.03410138095643421
2397,global,1,0.7914440631866455,0.0
2398,global,2,0.7511072158813477,0.017847776412963867
2399,global,1,0.7395708560943604,0.0
2400,global,1,0.7470200061798096,0.0
2401,global,2,0.9001655578613281,0.11913108825683594
2402,global,1,0.7616903781890869,0.0
2403,global,1,0.7119250297546387,0.0
2404,global,1,0.7346005439758301,0.0
2405,global,2,0.48999524116516113,0.06722855567932129
2406,global,1,0.8257155418395996,0.0
2407,global,2,0.4329463243484497,0.11923563480377197
2408,global,2,0.6696112155914307,0.24745917320251465
2409,global,1,0.5897743701934814,0.0
2410,global,1,0.5788707733154297,0.0
2411,global,2,0.6093288660049438,0.12569153308868408
2412,global,1,0.7816150188446045,0.0
2413,global,1,0.7621626853942871,0.0
2414,global,1,0.8728687763214111,0.0
2415,global,1,0.5548491477966309,0.0
2416,global,1,0.5830700397491455,0.0
2417,global,1,0.7688772678375244,0.0
2418,global,1,0.5843687057495117,0.0
2419,global,3,0.8053703308105469,0.0792310712031381
2420,global,1,0.5748908519744873,0.0
2421,global,1,0.7483367919921875,0.0
2422,global,1,0.7738387584686279,0.0
2423,global,1,0.49291062355041504,0.0
2424,global,2,0.5201060771942139,0.08152532577514648
2425,global,1,0.39649105072021484,0.0
2426,global,1,0.41326451301574707,0.0
2427,global,1,0.39804697036743164,0.0
2428,global,1,0.30843114852905273,0.0
2429,global,1,0.7274646759033203,0.0
2430,global,2,0.815590500831604,0.08632409572601318
2431,global,1,0.8711097240447998,0.0
2432,global,2,0.7124766111373901,0.00044929981231689453
2433,global,2,0.6179989576339722,0.2229081392288208
2434,global,1,0.739274263381958,0.0
2435,global,1,0.7466604709625244,0.0
2436,global,1,0.74249267578125,0.0
2437,global,2,0.7295897006988525,0.005985260009765625
2438,global,1,0.7058942317962646,0.0
2439,global,1,0.7314472198486328,0.0
2440,global,1,0.6327857971191406,0.0
2441,global,1,0.7633087635040283,0.0
2442,global,1,0.4337170124053955,0.0
2443,global,1,0.5050766468048096,0.0
2444,global,1,0.7322502136230469,0.0
2445,global,1,0.5035877227783203,0.0
2446,global,1,0.42273831367492676,0.0
2447,global,1,0.7060456275939941,0.0
2448,global,1,0.7473933696746826,0.0
2449,global,1,0.5676817893981934,0.0
2450,global,1,0.6328868865966797,0.0
2451,global,3,0.6506842772165934,0.15656810675379737
2452,global,1,0.5864496231079102,0.0
2453,global,1,0.5287506580352783,0.0
2454,global,1,0.3287367820739746,0.0
2455,global,3,0.47151867548624676,0.11522026706192462
2456,global,1,0.5059213638305664,0.0
2457,global,1,0.44890522956848145,0.0
2458,global,1,0.4035944938659668,0.0
2459,global,1,0.3927140235900879,0.0
2460,global,1,0.42934274673461914,0.0
2461,global,1,0.42313408851623535,0.0
2462,global,1,0.40251851081848145,0.0
2463,global,1,0.7192375659942627,0.0
2464,global,1,0.5470519065856934,0.0
2465,global,1,0.750687837600708,0.0
2466,global,1,0.7686669826507568,0.0
2467,global,1,0.43375682830810547,0.0
2468,global,1,0.29932308197021484,0.0
2469,global,1,0.47258591651916504,0.0
2470,global,1,0.7341909408569336,0.0
2471,global,1,0.7570290565490723,0.0
2472,global,1,0.7372410297393799,0.0
2473,global,1,1.1261694431304932,0.0
2474,global,5,0.5758867263793945,0.031058472075521294
2475,global,1,0.7740311622619629,0.0
2476,global,1,0.5409154891967773,0.0
2477,global,1,0.7298567295074463,0.0
2478,global,1,0.5646162033081055,0.0
2479,global,2,0.5526553392410278,0.01504361629486084
2480,global,1,0.7491803169250488,0.0
2481,global,1,0.6743083000183105,0.0
2482,global,1,0.5631847381591797,0.0
2483,global,1,0.7570178508758545,0.0
2484,global,1,0.7406365871429443,0.0
2485,global,1,0.7148697376251221,0.0
2486,global,1,0.7369210720062256,0.0
2487,global,1,0.5714564323425293,0.0
2488,global,1,0.7165951728820801,0.0
2489,global,2,0.8429781198501587,0.08633363246917725
2490,global,2,0.533861517906189,0.008681654930114746
2491,global,1,0.7291202545166016,0.0
2492,global,1,0.7728705406188965,0.0
2493,global,1,0.8956384658813477,0.0
2494,global,1,0.7946710586547852,0.0
2495,global,1,0.745621919631958,0.0
2496,global,3,0.9349071184794108,0.21221185784269278
2497,global,3,0.6834578514099121,0.17929759873238518
2498,global,1,0.7084355354309082,0.0
2499,global,1,0.5713400840759277,0.0
2500,global,1,0.5652868747711182,0.0
2501,global,1,0.8116605281829834,0.0
2502,global,1,0.6068997383117676,0.0
2503,global,1,0.7332899570465088,0.0
2504,global,1,1.195678472518921,0.0
2505,global,1,0.5503909587860107,0.0
2506,global,1,0.6582608222961426,0.0
2507,global,1,0.4310605525970459,0.0
2508,global,2,0.43426573276519775,0.13569200038909912
2509,global,1,0.4040379524230957,0.0
2510,global,1,0.3755495548248291,0.0
2511,global,1,0.6826763153076172,0.0
2512,global,1,0.9357082843780518,0.0
2513,global,1,0.7621912956237793,0.0
2514,global,1,0.5810651779174805,0.0
2515,global,1,0.5697336196899414,0.0
2516,global,1,0.5710999965667725,0.0
2517,global,1,0.5811145305633545,0.0
2518,global,1,0.7788820266723633,0.0
2519,global,1,0.7475078105926514,0.0
2520,global,1,0.5956301689147949,0.0
2521,global,1,0.7427942752838135,0.0
2522,global,1,0.5643970966339111,0.0
2523,global,1,0.7298524379730225,0.0
2524,global,2,0.7648401260375977,0.029876232147216797
2525,global,3,0.6777674357096354,0.1378628454068537
2526,global,3,0.7707359790802002,0.018648992570607342
2527,global,1,0.5666799545288086,0.0
2528,global,1,0.7548770904541016,0.0
2529,global,1,0.755969762802124,0.0
2530,global,1,0.7575740814208984,0.0
2531,global,1,0.760237455368042,0.0
2532,global,1,0.6036422252655029,0.0
2533,global,1,0.7435324192047119,0.0
2534,global,1,0.8136529922485352,0.0
2535,global,1,0.6086223125457764,0.0
2536,global,1,0.9153401851654053,0.0
2537,global,1,0.7449538707733154,0.0
2538,global,1,0.6012248992919922,0.0
2539,global,1,0.7347710132598877,0.0
2540,global,1,0.7300152778625488,0.0
2541,global,1,0.5726511478424072,0.0
2542,global,1,0.7794725894927979,0.0
2543,global,1,0.7872536182403564,0.0
2544,global,2,0.6845365762710571,0.2475835084915161
2545,global,1,0.7370893955230713,0.0
2546,global,1,0.8172056674957275,0.0
2547,global,2,0.6055154800415039,0.010251522064208984
2548,global,2,0.7959458827972412,0.03460884094238281
2549,global,2,0.8767036199569702,0.05711162090301514
2550,global,1,0.5525648593902588,0.0
2551,global,1,0.7396571636199951,0.0
2552,global,2,0.7699109315872192,0.014117836952209473
2553,global,1,0.5673568248748779,0.0
2554,global,1,0.7707068920135498,0.0
2555,global,1,0.5676820278167725,0.0
2556,global,2,0.6290987730026245,0.14482462406158447
2557,global,2,0.42701292037963867,0.1264967918395996
2558,global,1,0.5760533809661865,0.0
2559,global,2,0.7626231908798218,0.013778328895568848
2560,global,1,0.5512692928314209,0.0
2561,global,1,0.5512456893920898,0.0
2562,global,1,0.802567720413208,0.0
2563,global,3,0.6274614334106445,0.11611761701690838
2564,global,1,0.7508776187896729,0.0
2565,global,1,0.5473072528839111,0.0
2566,global,1,0.5856852531433105,0.0
2567,global,1,0.7532088756561279,0.0
2568,global,1,0.836296796798706,0.0
2569,global,2,0.7013130187988281,0.04687166213989258
2570,global,2,0.7316726446151733,0.008725285530090332
2571,global,1,0.5762841701507568,0.0
2572,global,2,0.7058809995651245,0.2936939001083374
2573,global,1,0.4001500606536865,0.0
2574,global,1,0.4377763271331787,0.0
2575,global,2,0.6105645895004272,0.21723639965057373
2576,global,1,0.5630233287811279,0.0
2577,global,3,0.47734729448954266,0.12910197127816092
2578,global,2,0.674018383026123,0.26258325576782227
2579,global,1,0.43981194496154785,0.0
2580,global,2,0.44866204261779785,0.04951167106628418
2581,global,1,0.4431178569793701,0.0
2582,global,1,1.24442720413208,0.0
2583,global,1,0.5643599033355713,0.0
2584,global,1,0.7487430572509766,0.0
2585,global,1,0.7701592445373535,0.0
2586,global,1,0.7427234649658203,0.0
2587,global,1,0.5739448070526123,0.0
2588,global,2,0.5681757926940918,0.009171485900878906
2589,global,1,0.56650710105896,0.0
2590,global,1,0.5891375541687012,0.0
2591,global,1,0.6844902038574219,0.0
2592,global,1,0.6681780815124512,0.0
2593,global,1,0.7570929527282715,0.0
2594,global,1,0.7998840808868408,0.0
2595,global,1,0.8063201904296875,0.0
2596,global,1,0.5542404651641846,0.0
2597,global,1,0.9195346832275391,0.0
2598,global,1,0.7147903442382812,0.0
2599,global,1,0.4331319332122803,0.0
2600,global,1,0.8742427825927734,0.0
2601,global,1,0.5538022518157959,0.0
2602,global,2,0.5456645488739014,0.019229412078857422
2603,global,1,0.8808901309967041,0.0
2604,global,1,0.748185396194458,0.0
2605,global,2,0.7571104764938354,0.016181111335754395
2606,global,1,0.5756044387817383,0.0
2607,global,1,0.553492546081543,0.0
2608,global,1,0.7392747402191162,0.0
2609,global,1,0.3797874450683594,0.0
2610,global,1,0.4252305030822754,0.0
2611,global,1,0.32096314430236816,0.0
2612,global,1,0.29374051094055176,0.0
2613,global,1,0.4293093681335449,0.0
2614,global,2,0.6500899791717529,0.12487077713012695
2615,global,2,0.5497467517852783,0.0032205581665039062
2616,global,1,0.6371760368347168,0.0
2617,global,2,0.7931703329086304,0.016441941261291504
2618,global,1,0.5785949230194092,0.0
2619,global,2,0.5576281547546387,0.00830078125
2620,global,1,0.8262958526611328,0.0
2621,global,1,0.5987451076507568,0.0
2622,global,1,0.7851989269256592,0.0
2623,global,2,0.5490202903747559,1.52587890625e-05
2624,global,1,0.5584802627563477,0.0
2625,global,1,0.6109578609466553,0.0
2626,global,2,0.6817281246185303,0.09870219230651855
2627,global,1,0.79494309425354,0.0
2628,global,1,0.9174902439117432,0.0
2629,global,1,0.7454488277435303,0.0
2630,global,1,0.7799849510192871,0.0
2631,global,1,0.736274003982544,0.0
2632,global,1,0.7667391300201416,0.0
2633,global,1,0.7385265827178955,0.0
2634,global,1,0.7548573017120361,0.0
2635,global,1,0.6883609294891357,0.0
2636,global,3,0.5808361371358236,0.03288446645397055
2637,global,1,0.7414512634277344,0.0
2638,global,1,0.5706932544708252,0.0
2639,global,1,0.737635612487793,0.0
2640,global,2,0.5779125690460205,0.007214069366455078
2641,global,1,0.6578052043914795,0.0
2642,global,1,0.571479082107544,0.0
2643,global,1,0.7670209407806396,0.0
2644,global,2,0.47461795806884766,0.09131407737731934
2645,global,1,0.42478346824645996,0.0
2646,global,2,0.6579142808914185,0.08880293369293213
2647,global,2,0.5698146820068359,0.00038313865661621094
2648,global,2,0.8140472173690796,0.06211745738983154
2649,global,1,0.7188711166381836,0.0
2650,global,1,0.7355160713195801,0.0
2651,global,1,0.5520796775817871,0.0
2652,global,1,0.7314019203186035,0.0
2653,global,2,0.8646020889282227,0.12592840194702148
2654,global,1,0.555666446685791,0.0
2655,global,1,0.798274040222168,0.0
2656,global,1,0.5568525791168213,0.0
2657,global,1,0.5586140155792236,0.0
2658,global,1,0.7168262004852295,0.0
2659,global,1,0.5991191864013672,0.0
2660,global,1,0.7261645793914795,0.0
2661,global,1,0.7828922271728516,0.0
2662,global,1,0.740692138671875,0.0
2663,global,1,0.7662029266357422,0.0
2664,global,1,0.9966318607330322,0.0
2665,global,1,0.78934645652771,0.0
2666,global,1,0.5685808658599854,0.0
2667,global,1,0.774237871170044,0.0
2668,global,1,0.795250654220581,0.0
2669,global,1,0.8683896064758301,0.0
2670,global,1,0.5346636772155762,0.0
2671,global,1,0.7102148532867432,0.0
2672,global,1,0.7052090167999268,0.0
2673,global,1,0.7421486377716064,0.0
2674,global,1,0.7763986587524414,0.0
