flow,node,dec_count,dec_time_avg,dec_time_std
1,pop0,3,0.0003708203633626302,3.7107783689612495e-05
1,pop1,2,0.0003829002380371094,3.0994415283203125e-06
1,pop53,1,0.0003800392150878906,0.0
1,pop50,2,0.0005091428756713867,0.00010716915130615234
1,pop14,1,0.00040459632873535156,0.0
1,pop24,1,0.0003635883331298828,0.0
2,pop4,4,0.00034230947494506836,2.0860178079789295e-05
2,pop51,1,0.0003895759582519531,0.0
2,pop47,1,0.0003941059112548828,0.0
2,pop53,1,0.00037169456481933594,0.0
2,pop1,2,0.0004755258560180664,0.00010097026824951172
2,pop15,1,0.0003993511199951172,0.0
3,pop6,4,0.0003573894500732422,0.0001407632054001842
3,pop7,1,0.0003769397735595703,0.0
3,pop53,1,0.00035881996154785156,0.0
3,pop1,1,0.00038051605224609375,0.0
3,pop0,1,0.0003707408905029297,0.0
4,pop8,2,0.0003091096878051758,1.1563301086425781e-05
4,pop51,1,0.0003657341003417969,0.0
4,pop47,1,0.0003845691680908203,0.0
4,pop53,1,0.00041294097900390625,0.0
4,pop1,3,0.00043137868245442707,6.159951557352267e-05
4,pop0,1,0.0004076957702636719,0.0
5,pop12,2,0.0002650022506713867,6.258487701416016e-05
5,pop52,1,0.00037407875061035156,0.0
5,pop53,1,0.0003972053527832031,0.0
5,pop42,4,0.0004863739013671875,0.00011411150072297282
6,pop13,3,0.0003458658854166667,1.9862174069443295e-05
6,pop52,1,0.0003819465637207031,0.0
6,pop51,5,0.0004366397857666016,2.4590007269757235e-05
6,pop29,2,0.0005971193313598633,0.00017058849334716797
6,pop47,4,0.00042325258255004883,1.6084310907731598e-05
6,pop53,5,0.0004283905029296875,1.4949738477316936e-05
6,pop1,3,0.0004967848459879557,8.134613031404808e-05
6,pop7,1,0.0008420944213867188,0.0
6,pop19,2,0.00043463706970214844,1.9311904907226562e-05
6,pop18,2,0.0005898475646972656,0.0001761913299560547
6,pop15,2,0.0008103847503662109,2.86102294921875e-06
7,pop14,2,0.0002968311309814453,2.5272369384765625e-05
7,pop50,4,0.00043529272079467773,0.00011927178354114007
7,pop52,1,0.0003955364227294922,0.0
7,pop13,1,0.0003886222839355469,0.0
8,pop19,2,0.00031173229217529297,7.987022399902344e-06
8,pop51,1,0.0003833770751953125,0.0
8,pop47,1,0.00037860870361328125,0.0
8,pop53,1,0.0003757476806640625,0.0
8,pop1,3,0.0004380544026692708,8.95475412734194e-05
8,pop15,1,0.00038743019104003906,0.0
9,pop20,3,0.0003025531768798828,6.737676986218507e-05
9,pop46,1,0.00038743019104003906,0.0
9,pop51,1,0.00037980079650878906,0.0
9,pop43,3,0.0004405975341796875,7.997323505597062e-05
9,pop40,1,0.0003561973571777344,0.0
10,pop21,2,0.0003266334533691406,1.1920928955078125e-05
10,pop22,4,0.0004431009292602539,0.00010949079598386462
10,pop51,1,0.00039768218994140625,0.0
10,pop43,1,0.0004057884216308594,0.0
10,pop40,1,0.0004050731658935547,0.0
11,pop22,5,0.00039801597595214846,0.0001289312125877211
11,pop51,1,0.0003635883331298828,0.0
11,pop50,1,0.00040078163146972656,0.0
11,pop32,1,0.00038886070251464844,0.0
12,pop25,2,0.00028824806213378906,2.765655517578125e-05
12,pop17,1,0.00038933753967285156,0.0
12,pop50,3,0.00038631757100423175,2.289011514425413e-05
12,pop52,4,0.0004139542579650879,2.4208219366292447e-05
12,pop12,2,0.0004951953887939453,9.059906005859375e-05
12,pop37,1,0.0006561279296875,0.0
12,pop55,2,0.000513911247253418,9.262561798095703e-05
13,pop29,5,0.0003901004791259766,0.00013443352884444034
13,pop51,1,0.0003879070281982422,0.0
13,pop52,1,0.00036454200744628906,0.0
13,pop34,1,0.00038933753967285156,0.0
14,pop33,5,0.00039091110229492185,0.00013211286137617025
14,pop50,1,0.0003917217254638672,0.0
14,pop52,1,0.0003979206085205078,0.0
14,pop13,1,0.0003898143768310547,0.0
15,pop44,2,0.0002893209457397461,3.3020973205566406e-05
15,pop27,4,0.0004490017890930176,0.00012293355031015873
15,pop14,1,0.0003941059112548828,0.0
15,pop50,1,0.0003974437713623047,0.0
15,pop53,1,0.0004036426544189453,0.0
15,pop42,1,0.0003726482391357422,0.0
16,pop45,2,0.0003324747085571289,7.510185241699219e-06
16,pop46,3,0.00037678082784016925,5.166347174054785e-06
16,pop51,1,0.00037169456481933594,0.0
16,pop29,2,0.0005242824554443359,2.0265579223632812e-05
17,pop50,5,0.00040221214294433594,0.00013136305511578803
17,pop53,1,0.0003752708435058594,0.0
17,pop1,1,0.0003771781921386719,0.0
17,pop0,1,0.00039315223693847656,0.0
18,pop54,2,0.00031435489654541016,2.7418136596679688e-06
18,pop52,1,0.0003867149353027344,0.0
18,pop51,3,0.00040221214294433594,1.2417618433624267e-05
18,pop46,5,0.0003929615020751953,1.3868011740581396e-05
18,pop45,2,0.0004799365997314453,6.389617919921875e-05
18,pop10,2,0.0006862878799438477,2.944469451904297e-05
19,pop57,2,0.0003261566162109375,7.152557373046875e-06
19,pop56,1,0.0003714561462402344,0.0
19,pop55,4,0.0004680752754211426,0.00016233507472333418
19,pop50,1,0.00040531158447265625,0.0
19,pop51,1,0.00037550926208496094,0.0
19,pop46,1,0.00040912628173828125,0.0
19,pop45,1,0.0004017353057861328,0.0
20,pop4,5,0.0004428863525390625,0.00012996464205019065
20,pop51,1,0.0003657341003417969,0.0
20,pop50,1,0.0004150867462158203,0.0
20,pop14,1,0.00038743019104003906,0.0
20,pop27,1,0.000400543212890625,0.0
20,pop44,1,0.0003743171691894531,0.0
21,pop8,2,0.00037217140197753906,2.6226043701171875e-06
21,pop51,1,0.00038051605224609375,0.0
21,pop50,2,0.00039768218994140625,1.0013580322265625e-05
21,pop14,1,0.00040078163146972656,0.0
21,pop27,2,0.0004941225051879883,9.524822235107422e-05
21,pop44,1,0.00041031837463378906,0.0
21,pop39,1,0.00040984153747558594,0.0
22,pop21,2,0.0003769397735595703,6.4373016357421875e-06
22,pop23,1,0.0003848075866699219,0.0
22,pop16,1,0.0003952980041503906,0.0
22,pop50,3,0.0005076726277669271,0.00020209593512887116
22,pop14,1,0.0003998279571533203,0.0
22,pop27,1,0.00040435791015625,0.0
22,pop44,1,0.0003800392150878906,0.0
22,pop39,1,0.00042057037353515625,0.0
23,pop50,5,0.00043582916259765625,0.00013402220683836962
23,pop51,1,0.000396728515625,0.0
23,pop46,1,0.0004050731658935547,0.0
23,pop45,1,0.00039649009704589844,0.0
24,pop20,5,0.0004203319549560547,0.00012977708233557155
24,pop46,1,0.00036215782165527344,0.0
24,pop45,1,0.00038504600524902344,0.0
24,pop44,1,0.00037789344787597656,0.0
25,pop20,2,0.0004494190216064453,6.580352783203125e-05
25,pop46,1,0.0003764629364013672,0.0
25,pop45,1,0.000400543212890625,0.0
25,pop44,1,0.00040221214294433594,0.0
25,pop39,4,0.00046449899673461914,6.993316728611951e-05
26,pop0,4,0.0003361701965332031,6.073897553626281e-05
26,pop1,1,0.00038123130798339844,0.0
26,pop53,1,0.0003781318664550781,0.0
26,pop52,1,0.00036907196044921875,0.0
26,pop13,2,0.0005321502685546875,1.4066696166992188e-05
27,pop12,2,0.0003679990768432617,1.609325408935547e-05
27,pop52,1,0.00038695335388183594,0.0
27,pop51,1,0.00036907196044921875,0.0
27,pop43,4,0.0004088878631591797,4.840807288900665e-05
27,pop40,1,0.00036787986755371094,0.0
28,pop14,2,0.00034737586975097656,4.744529724121094e-05
28,pop50,4,0.00045174360275268555,0.00014847002552664698
28,pop53,1,0.0004229545593261719,0.0
28,pop1,1,0.0003972053527832031,0.0
28,pop0,1,0.00038695335388183594,0.0
29,pop22,5,0.0004044055938720703,0.00012161464132952167
29,pop51,1,0.0004017353057861328,0.0
29,pop52,1,0.00038051605224609375,0.0
29,pop12,1,0.0003943443298339844,0.0
30,pop33,4,0.0004564523696899414,0.00015328669163093813
30,pop50,1,0.0003764629364013672,0.0
30,pop51,1,0.00039887428283691406,0.0
30,pop46,1,0.00039696693420410156,0.0
30,pop45,1,0.0003733634948730469,0.0
31,pop44,2,0.0002633333206176758,0.0001245737075805664
31,pop39,4,0.00047332048416137695,0.0001180783959617557
32,pop45,2,0.00033915042877197266,6.139278411865234e-05
32,pop46,2,0.0003641843795776367,1.0848045349121094e-05
32,pop51,1,0.00037360191345214844,0.0
32,pop52,3,0.0004056294759114583,1.3673027780918482e-06
32,pop34,2,0.0005964040756225586,0.0001798868179321289
32,pop50,4,0.0004063248634338379,3.156340312918678e-05
32,pop16,2,0.00044548511505126953,7.748603820800781e-06
32,pop23,1,0.0007367134094238281,0.0
32,pop17,2,0.0004247426986694336,9.894371032714844e-06
32,pop31,3,0.000522454579671224,0.00011156398799280407
32,pop30,1,0.0007579326629638672,0.0
33,pop4,4,0.0004468560218811035,0.0001281862290830235
33,pop51,1,0.00036525726318359375,0.0
33,pop50,1,0.00039696693420410156,0.0
33,pop14,1,0.0003998279571533203,0.0
33,pop24,1,0.000370025634765625,0.0
34,pop8,2,0.0003885030746459961,8.225440979003906e-06
34,pop51,1,0.00038814544677734375,0.0
34,pop19,1,0.00040841102600097656,0.0
34,pop18,2,0.0004239082336425781,5.9604644775390625e-06
34,pop38,2,0.0005844831466674805,0.00018393993377685547
34,pop39,3,0.00043511390686035156,7.587057104023376e-06
34,pop44,2,0.0004055500030517578,8.344650268554688e-06
34,pop27,2,0.0005880594253540039,0.00015747547149658203
35,pop50,4,0.00042700767517089844,0.00013400683108692377
35,pop53,1,0.0003619194030761719,0.0
35,pop1,1,0.00038170814514160156,0.0
35,pop0,1,0.0003943443298339844,0.0
36,pop20,2,0.00038635730743408203,1.3113021850585938e-06
36,pop46,1,0.00037598609924316406,0.0
36,pop51,1,0.0003693103790283203,0.0
36,pop19,1,0.00037479400634765625,0.0
36,pop18,3,0.0004146893819173177,1.8006873494666053e-05
36,pop38,2,0.0006084442138671875,0.00010204315185546875
37,pop12,2,0.00027883052825927734,0.0001214742660522461
37,pop52,3,0.0004016558329264323,2.12235690430215e-05
37,pop34,2,0.000545501708984375,0.000118255615234375
37,pop51,2,0.00039136409759521484,2.205371856689453e-05
37,pop19,1,0.0007107257843017578,0.0
37,pop50,3,0.0003993511199951172,7.481431665905194e-06
37,pop33,2,0.0006871223449707031,3.695487976074219e-05
38,pop14,2,0.00033605098724365234,4.780292510986328e-05
38,pop50,3,0.0004738171895345052,0.0001479508899765516
38,pop52,1,0.00038933753967285156,0.0
38,pop54,1,0.0004062652587890625,0.0
39,pop0,2,0.00040543079376220703,1.3947486877441406e-05
39,pop1,2,0.00038993358612060547,3.6954879760742188e-06
39,pop53,1,0.00038313865661621094,0.0
39,pop50,2,0.0005917549133300781,0.0001766681671142578
39,pop14,1,0.000377655029296875,0.0
39,pop27,1,0.0003707408905029297,0.0
39,pop44,1,0.0003829002380371094,0.0
39,pop39,1,0.0003972053527832031,0.0
40,pop33,5,0.0004534721374511719,0.000164592348537202
40,pop50,1,0.00038814544677734375,0.0
40,pop14,1,0.0004036426544189453,0.0
40,pop27,1,0.00040149688720703125,0.0
40,pop44,1,0.0003898143768310547,0.0
40,pop39,1,0.00040650367736816406,0.0
40,pop38,1,0.0004277229309082031,0.0
41,pop8,2,0.0003088712692260742,7.593631744384766e-05
41,pop51,1,0.00040793418884277344,0.0
41,pop43,5,0.0004215717315673828,1.5006664622959852e-05
41,pop40,2,0.0005550384521484375,0.00016164779663085938
41,pop42,2,0.0004982948303222656,0.00010228157043457031
42,pop14,2,0.0002868175506591797,9.441375732421875e-05
42,pop50,3,0.0004451274871826172,0.00012301674779643758
42,pop51,1,0.0003941059112548828,0.0
43,pop0,2,0.00037598609924316406,1.8358230590820312e-05
43,pop1,1,0.00037980079650878906,0.0
43,pop53,1,0.0003657341003417969,0.0
43,pop42,4,0.00042444467544555664,5.898713072984129e-05
43,pop43,1,0.0004189014434814453,0.0
43,pop40,1,0.00039768218994140625,0.0
44,pop8,3,0.0003999074300130208,0.00021487306805681447
44,pop51,2,0.0004156827926635742,2.014636993408203e-05
44,pop43,5,0.00047955513000488283,0.00012953398790183925
44,pop40,1,0.0007333755493164062,0.0
45,pop6,3,0.00037781397501627606,8.827571088512333e-06
45,pop7,1,0.0003974437713623047,0.0
45,pop53,1,0.0003914833068847656,0.0
45,pop42,3,0.00044846534729003906,4.7457076931452355e-05
45,pop43,1,0.00040030479431152344,0.0
45,pop40,1,0.0004119873046875,0.0
46,pop13,4,0.0003848075866699219,2.7533475182714695e-05
46,pop52,3,0.000522613525390625,0.0001238787390903992
46,pop51,6,0.00043455759684244793,8.455927210629684e-06
46,pop43,4,0.0005033612251281738,0.00015069962700187868
46,pop40,2,0.0005557537078857422,0.0001220703125
46,pop29,1,0.0008265972137451172,0.0
46,pop55,2,0.0005993843078613281,0.00015807151794433594
46,pop50,1,0.0004341602325439453,0.0
47,pop19,2,0.0003720521926879883,2.8252601623535156e-05
47,pop51,3,0.0004142920176188151,3.6789840045306946e-05
47,pop8,2,0.0005918741226196289,0.00017344951629638672
47,pop50,4,0.0005096793174743652,0.00016116164597781328
48,pop25,2,0.0003565549850463867,4.780292510986328e-05
48,pop17,2,0.0005037784576416016,0.00013208389282226562
48,pop50,5,0.00041060447692871095,2.0714390115954198e-05
48,pop52,3,0.00041222572326660156,1.7056512472648546e-05
48,pop34,2,0.000489354133605957,9.071826934814453e-05
48,pop55,1,0.0006058216094970703,0.0
48,pop53,2,0.0006393194198608398,0.00020182132720947266
48,pop47,1,0.0004436969757080078,0.0
48,pop51,2,0.00043904781341552734,2.491474151611328e-05
48,pop29,1,0.0007002353668212891,0.0
48,pop43,1,0.00040721893310546875,0.0
48,pop42,2,0.0007497072219848633,7.11679458618164e-05
49,pop29,5,0.0004053592681884766,0.00014605448209231025
49,pop51,1,0.00042557716369628906,0.0
49,pop46,1,0.0004169940948486328,0.0
49,pop45,1,0.00038504600524902344,0.0
50,pop54,2,0.00034809112548828125,6.723403930664062e-05
50,pop52,1,0.0003707408905029297,0.0
50,pop50,4,0.0004405379295349121,7.721732845946693e-05
50,pop32,1,0.0004127025604248047,0.0
51,pop57,2,0.0002771615982055664,0.00011789798736572266
51,pop48,4,0.0004233717918395996,7.209006222017893e-05
51,pop49,1,0.0003998279571533203,0.0
52,pop22,2,0.0003293752670288086,4.7087669372558594e-05
52,pop51,1,0.00036716461181640625,0.0
52,pop50,2,0.0003796815872192383,1.7762184143066406e-05
52,pop32,3,0.0005193551381429037,0.00012650082301205714
53,pop0,5,0.00046100616455078123,0.00014579139959726466
53,pop1,1,0.0004076957702636719,0.0
53,pop53,1,0.0004012584686279297,0.0
53,pop50,1,0.0003833770751953125,0.0
53,pop14,1,0.0003895759582519531,0.0
53,pop27,1,0.0004184246063232422,0.0
53,pop44,1,0.0004246234893798828,0.0
53,pop39,1,0.00039577484130859375,0.0
53,pop38,1,0.00043082237243652344,0.0
54,pop8,2,0.0003622770309448242,3.707408905029297e-05
54,pop51,1,0.0003955364227294922,0.0
54,pop50,4,0.0004672408103942871,0.00012639775924220455
54,pop14,3,0.00042176246643066406,2.1322140231429455e-05
54,pop24,2,0.0006002187728881836,0.00020420551300048828
55,pop21,2,0.0003839731216430664,9.179115295410156e-06
55,pop22,2,0.0003910064697265625,1.9550323486328125e-05
55,pop51,1,0.0004229545593261719,0.0
55,pop29,2,0.0005626678466796875,3.4809112548828125e-05
56,pop4,3,0.0003662109375,2.689448934628607e-05
56,pop51,1,0.0004093647003173828,0.0
56,pop47,1,0.0004050731658935547,0.0
56,pop53,3,0.0004261334737141927,3.265164468157154e-06
56,pop1,3,0.00040833155314127606,2.760466644439444e-05
56,pop0,2,0.0005871057510375977,0.00018799304962158203
56,pop50,2,0.0005522966384887695,0.00013530254364013672
57,pop20,3,0.00033601125081380207,4.895824881639724e-05
57,pop46,3,0.0004988511403401693,0.00015568779868548835
57,pop51,1,0.00036907196044921875,0.0
57,pop52,1,0.00040531158447265625,0.0
57,pop13,1,0.0004131793975830078,0.0
58,pop12,2,0.00037157535552978516,1.1086463928222656e-05
58,pop52,1,0.0003643035888671875,0.0
58,pop50,3,0.0005196730295817057,0.00018354579980918326
58,pop14,1,0.00038933753967285156,0.0
58,pop27,1,0.00037384033203125,0.0
58,pop44,1,0.00042057037353515625,0.0
58,pop39,1,0.00041222572326660156,0.0
59,pop54,2,0.00036323070526123047,2.4199485778808594e-05
59,pop52,1,0.0003662109375,0.0
59,pop51,3,0.0004108746846516927,2.360009427669845e-05
59,pop46,4,0.00048738718032836914,0.00015702043581449854
59,pop45,2,0.0004901885986328125,0.00010013580322265625
59,pop47,2,0.0004156827926635742,1.5139579772949219e-05
59,pop53,2,0.0004191398620605469,7.867813110351562e-06
59,pop1,3,0.0004221598307291667,9.943957214111996e-06
59,pop15,2,0.000777125358581543,6.35385513305664e-05
60,pop33,2,0.0003387928009033203,4.3392181396484375e-05
60,pop50,3,0.0004684925079345703,0.00014245638121876945
60,pop52,1,0.0003941059112548828,0.0
60,pop13,1,0.0003554821014404297,0.0
61,pop14,2,0.0003066062927246094,7.653236389160156e-05
61,pop27,3,0.0004306634267171224,8.391302881091837e-05
61,pop44,1,0.00040435791015625,0.0
62,pop6,4,0.00039887428283691406,0.00014974822132039748
62,pop7,1,0.0003998279571533203,0.0
62,pop53,1,0.0004143714904785156,0.0
62,pop52,1,0.00040435791015625,0.0
62,pop54,1,0.0003714561462402344,0.0
63,pop29,4,0.00043255090713500977,0.00015458281624697976
63,pop51,1,0.0003807544708251953,0.0
63,pop50,1,0.0004031658172607422,0.0
63,pop32,1,0.0004100799560546875,0.0
64,pop8,2,0.0004342794418334961,3.3020973205566406e-05
64,pop51,1,0.0004265308380126953,0.0
64,pop50,4,0.0004520416259765625,7.496056057173394e-05
64,pop32,1,0.0004341602325439453,0.0
65,pop4,4,0.00034886598587036133,0.00014478873667823317
65,pop51,1,0.00038909912109375,0.0
66,pop21,2,0.0003598928451538086,3.135204315185547e-05
66,pop23,1,0.0003731250762939453,0.0
66,pop24,2,0.0005997419357299805,0.00020110607147216797
66,pop14,2,0.00041031837463378906,1.7404556274414062e-05
66,pop50,8,0.00046375393867492676,0.0001009238431864109
66,pop51,2,0.0004439353942871094,1.9073486328125e-06
66,pop46,2,0.000446319580078125,1.6689300537109375e-05
66,pop20,1,0.0006926059722900391,0.0
66,pop26,1,0.000751495361328125,0.0
66,pop52,2,0.00041353702545166016,1.2040138244628906e-05
66,pop37,1,0.0008018016815185547,0.0
66,pop17,2,0.00044977664947509766,8.702278137207031e-06
66,pop25,1,0.0007462501525878906,0.0
67,pop20,4,0.00037419795989990234,2.5319839825064217e-05
67,pop46,2,0.0005532503128051758,0.0001569986343383789
67,pop51,1,0.0003871917724609375,0.0
67,pop47,1,0.00040912628173828125,0.0
67,pop53,1,0.0004279613494873047,0.0
67,pop1,1,0.00039577484130859375,0.0
67,pop0,1,0.0003857612609863281,0.0
68,pop8,2,0.0003199577331542969,5.817413330078125e-05
68,pop51,1,0.00041794776916503906,0.0
68,pop52,3,0.00040642420450846356,2.0455270477287238e-05
68,pop34,2,0.0005887746810913086,0.00012981891632080078
68,pop55,3,0.0004325707753499349,9.943957214111996e-06
68,pop56,2,0.00042939186096191406,0.0
68,pop57,1,0.0006096363067626953,0.0
68,pop50,3,0.0004405975341796875,7.3019947200362946e-06
68,pop17,1,0.0006949901580810547,0.0
68,pop32,3,0.0006184577941894531,0.0001403267026439494
69,pop4,5,0.00044121742248535154,0.00015474688968598345
69,pop51,1,0.0004017353057861328,0.0
69,pop50,1,0.0003814697265625,0.0
69,pop14,1,0.0003936290740966797,0.0
69,pop24,1,0.0004184246063232422,0.0
70,pop14,2,0.00037920475006103516,1.2993812561035156e-05
70,pop27,3,0.00045951207478841144,0.00011229782231800518
70,pop44,1,0.00040793418884277344,0.0
70,pop39,1,0.00036597251892089844,0.0
71,pop6,3,0.0003180503845214844,8.051514612900211e-05
71,pop7,1,0.00040221214294433594,0.0
71,pop53,1,0.0004239082336425781,0.0
71,pop1,2,0.0004736185073852539,5.733966827392578e-05
71,pop15,1,0.000370025634765625,0.0
72,pop44,2,0.0003014802932739258,8.83340835571289e-05
72,pop45,2,0.0005018711090087891,0.00010442733764648438
72,pop46,2,0.0004023313522338867,2.849102020263672e-05
72,pop51,3,0.00040912628173828125,1.365870054950953e-05
72,pop19,1,0.0007083415985107422,0.0
72,pop50,4,0.0004172325134277344,2.9676649240100017e-05
72,pop33,2,0.0005598068237304688,0.00011706352233886719
72,pop52,1,0.0008394718170166016,0.0
72,pop14,2,0.0004401206970214844,7.867813110351562e-06
72,pop27,3,0.0005513827006022135,0.0001719937741478202
73,pop45,2,0.00035512447357177734,3.4928321838378906e-05
73,pop44,1,0.0004093647003173828,0.0
73,pop39,3,0.0005341370900472006,0.00010265709582763422
74,pop25,2,0.0003699064254760742,1.919269561767578e-05
74,pop17,1,0.00037550926208496094,0.0
74,pop50,3,0.0005297660827636719,0.00018950222989348563
74,pop14,1,0.0003638267517089844,0.0
74,pop27,1,0.0003833770751953125,0.0
74,pop44,1,0.0004131793975830078,0.0
74,pop39,1,0.00041222572326660156,0.0
75,pop22,2,0.0003663301467895508,2.205371856689453e-05
75,pop51,4,0.0004137754440307617,2.2682680506586707e-05
75,pop8,2,0.0005551576614379883,0.00013887882232666016
75,pop50,4,0.00043189525604248047,1.256230638108776e-05
75,pop17,2,0.0004502534866333008,5.364418029785156e-06
75,pop31,1,0.0007832050323486328,0.0
75,pop46,2,0.0006033182144165039,0.00020134449005126953
76,pop21,2,0.0004818439483642578,9.274482727050781e-05
76,pop22,1,0.0003685951232910156,0.0
76,pop51,1,0.00041484832763671875,0.0
76,pop19,1,0.0004239082336425781,0.0
76,pop18,1,0.0004227161407470703,0.0
76,pop38,4,0.0005009770393371582,9.134533840098658e-05
77,pop20,5,0.0004652500152587891,0.00016711224733007804
77,pop46,1,0.00034928321838378906,0.0
77,pop45,1,0.0003848075866699219,0.0
77,pop44,1,0.0003807544708251953,0.0
77,pop39,1,0.000415802001953125,0.0
78,pop8,2,0.0003763437271118164,1.5139579772949219e-05
78,pop51,1,0.0004317760467529297,0.0
78,pop19,1,0.0003714561462402344,0.0
78,pop18,4,0.0004571676254272461,7.058730231195963e-05
78,pop38,1,0.0004265308380126953,0.0
79,pop14,2,0.0003527402877807617,3.5643577575683594e-05
79,pop27,4,0.0004439353942871094,8.171359860197575e-05
79,pop44,1,0.0004215240478515625,0.0
79,pop39,1,0.0004127025604248047,0.0
80,pop6,2,0.0003706216812133789,1.8477439880371094e-05
80,pop7,1,0.00038170814514160156,0.0
80,pop53,1,0.0003826618194580078,0.0
80,pop50,1,0.0004115104675292969,0.0
80,pop14,1,0.00041604042053222656,0.0
80,pop27,3,0.0004891554514567057,0.00011745179906439084
80,pop44,1,0.0004298686981201172,0.0
80,pop39,1,0.0003871917724609375,0.0
81,pop50,3,0.00035802523295084637,4.517988388154511e-05
81,pop52,3,0.000413815180460612,8.148972027211882e-06
81,pop34,2,0.0005933046340942383,0.00017726421356201172
81,pop55,2,0.0005040168762207031,0.00012135505676269531
82,pop54,2,0.00038313865661621094,1.4066696166992188e-05
82,pop52,1,0.0003771781921386719,0.0
82,pop50,3,0.0005176067352294922,0.00015712936013772655
82,pop14,1,0.0004038810729980469,0.0
82,pop27,1,0.00042939186096191406,0.0
82,pop44,1,0.00039315223693847656,0.0
82,pop39,1,0.00042366981506347656,0.0
83,pop22,2,0.00035393238067626953,3.7550926208496094e-05
83,pop51,1,0.00037741661071777344,0.0
83,pop50,5,0.000455474853515625,0.00010067912702712873
83,pop14,3,0.00042398770650227863,7.097598254447335e-06
83,pop24,2,0.0005915164947509766,0.00016808509826660156
84,pop45,2,0.0003676414489746094,2.47955322265625e-05
84,pop46,4,0.00047588348388671875,0.00014503651012923724
84,pop51,1,0.0004210472106933594,0.0
84,pop47,1,0.0004305839538574219,0.0
84,pop53,1,0.0004057884216308594,0.0
84,pop1,1,0.00042510032653808594,0.0
84,pop15,1,0.00042176246643066406,0.0
85,pop25,2,0.00030601024627685547,8.738040924072266e-05
85,pop17,1,0.0004096031188964844,0.0
85,pop50,3,0.000451962153116862,7.037033401476086e-05
85,pop32,1,0.0004036426544189453,0.0
86,pop8,2,0.00033295154571533203,5.137920379638672e-05
86,pop51,3,0.0004210472106933594,1.0254770835688862e-05
86,pop52,3,0.00042517979939778644,1.2434899725058332e-05
86,pop34,2,0.0005948543548583984,0.00018072128295898438
86,pop46,4,0.0004954338073730469,0.00012639265764428288
87,pop14,2,0.0003739595413208008,1.9431114196777344e-05
87,pop50,2,0.0003854036331176758,1.609325408935547e-05
87,pop51,1,0.0004248619079589844,0.0
87,pop46,4,0.0004278421401977539,6.14085223570859e-05
87,pop45,2,0.0005437135696411133,0.0001157522201538086
88,pop22,4,0.0003657341003417969,0.000151058726654313
88,pop51,1,0.0003960132598876953,0.0
89,pop4,5,0.00043745040893554686,0.00011425682997433939
89,pop51,1,0.0003674030303955078,0.0
89,pop50,1,0.0004298686981201172,0.0
89,pop14,1,0.0004343986511230469,0.0
89,pop24,1,0.00038886070251464844,0.0
90,pop54,2,0.0002840757369995117,0.0001074075698852539
90,pop52,3,0.00042168299357096356,6.613937464257299e-06
90,pop34,2,0.0005350112915039062,0.0001342296600341797
90,pop53,2,0.00041687488555908203,4.410743713378906e-06
90,pop3,4,0.0005376338958740234,0.00011953547673825253
91,pop8,2,0.0003871917724609375,2.3603439331054688e-05
91,pop51,1,0.00039696693420410156,0.0
91,pop47,1,0.0004367828369140625,0.0
91,pop53,1,0.0004260540008544922,0.0
91,pop1,4,0.0004490017890930176,5.442197839802543e-05
91,pop0,1,0.00037670135498046875,0.0
92,pop22,2,0.00034105777740478516,5.733966827392578e-05
92,pop51,3,0.0004108746846516927,1.706021501734943e-05
92,pop52,3,0.0004086494445800781,1.7533088980531917e-05
92,pop12,2,0.0005561113357543945,0.00015223026275634766
92,pop19,1,0.0006992816925048828,0.0
92,pop50,4,0.0004908442497253418,0.0001360442166622827
93,pop13,4,0.00041484832763671875,0.00013746759183491487
93,pop52,1,0.00038313865661621094,0.0
93,pop53,1,0.00038313865661621094,0.0
93,pop42,1,0.00041961669921875,0.0
94,pop19,2,0.0003478527069091797,5.841255187988281e-05
94,pop51,1,0.0004153251647949219,0.0
94,pop50,4,0.0004431605339050293,8.58706432634255e-05
94,pop32,1,0.0003859996795654297,0.0
95,pop57,2,0.00030815601348876953,8.761882781982422e-05
95,pop56,1,0.0004048347473144531,0.0
95,pop55,4,0.0004603266716003418,9.071809311873453e-05
95,pop52,1,0.0004189014434814453,0.0
95,pop34,1,0.0003883838653564453,0.0
96,pop0,4,0.0003558993339538574,7.790842382174526e-05
96,pop1,1,0.0003952980041503906,0.0
96,pop53,1,0.0004036426544189453,0.0
96,pop52,3,0.0004227956136067708,1.7239200262052826e-05
96,pop13,2,0.0006064176559448242,0.0002084970474243164
96,pop50,2,0.0005633831024169922,0.0001666545867919922
97,pop44,2,0.0005617141723632812,0.00016570091247558594
97,pop27,4,0.0005133748054504395,0.000188343764356306
97,pop14,1,0.000415802001953125,0.0
97,pop50,1,0.0003921985626220703,0.0
97,pop51,1,0.0004296302795410156,0.0
97,pop29,1,0.0004291534423828125,0.0
98,pop20,5,0.0004555225372314453,0.00014369720166271512
98,pop46,1,0.0003859996795654297,0.0
98,pop51,1,0.00041413307189941406,0.0
98,pop47,1,0.0003955364227294922,0.0
98,pop53,1,0.00040435791015625,0.0
98,pop1,1,0.00041484832763671875,0.0
98,pop15,1,0.0004298686981201172,0.0
99,pop6,4,0.0004309415817260742,0.00015041571935556596
99,pop7,1,0.00038123130798339844,0.0
99,pop53,1,0.00038909912109375,0.0
99,pop50,1,0.00041675567626953125,0.0
99,pop32,1,0.00040435791015625,0.0
100,pop8,2,0.00033020973205566406,6.151199340820312e-05
100,pop51,1,0.0003795623779296875,0.0
100,pop52,3,0.00043129920959472656,6.73506111708905e-06
100,pop34,2,0.0006350278854370117,0.00021898746490478516
100,pop50,2,0.00040078163146972656,7.152557373046875e-07
100,pop14,2,0.00043129920959472656,4.0531158447265625e-06
100,pop27,4,0.0005047321319580078,0.00014233629108417658
101,pop12,2,0.00039124488830566406,2.47955322265625e-05
101,pop52,1,0.00041365623474121094,0.0
101,pop51,1,0.0004124641418457031,0.0
101,pop46,3,0.00045172373453776043,6.903067673567287e-05
101,pop45,1,0.0003752708435058594,0.0
102,pop22,5,0.00043888092041015624,0.00012170089389955856
102,pop51,1,0.0003921985626220703,0.0
102,pop52,1,0.00041961669921875,0.0
102,pop12,1,0.00041174888610839844,0.0
103,pop13,3,0.0003666877746582031,5.6227708167886354e-05
103,pop52,1,0.00042366981506347656,0.0
103,pop53,1,0.00039577484130859375,0.0
103,pop1,3,0.0004833539326985677,9.077588888911543e-05
103,pop15,1,0.00038504600524902344,0.0
104,pop33,5,0.00047059059143066405,0.00015437277308088363
104,pop50,1,0.00042176246643066406,0.0
104,pop51,1,0.00042247772216796875,0.0
104,pop29,1,0.0003974437713623047,0.0
105,pop29,3,0.0003191630045572917,0.00013211922530671977
105,pop51,2,0.0005981922149658203,0.00019121170043945312
105,pop50,3,0.0004979769388834635,9.977607852713084e-05
106,pop45,2,0.0003560781478881836,6.520748138427734e-05
106,pop46,1,0.0004172325134277344,0.0
106,pop51,3,0.00043543179829915363,1.5723981948056255e-05
106,pop52,3,0.0004169940948486328,1.6328916990105725e-05
106,pop54,2,0.0005813837051391602,0.00018227100372314453
106,pop4,2,0.00040853023529052734,2.2649765014648438e-06
106,pop5,2,0.0005935430526733398,0.00015079975128173828
106,pop50,2,0.00042951107025146484,4.172325134277344e-06
106,pop32,2,0.0007477998733520508,5.519390106201172e-05
107,pop19,2,0.0003247261047363281,9.679794311523438e-05
107,pop51,1,0.0004105567932128906,0.0
107,pop43,3,0.00043845176696777344,6.1676571611738e-05
107,pop40,1,0.0004019737243652344,0.0
108,pop44,2,0.0003173351287841797,0.00010156631469726562
108,pop27,4,0.00044995546340942383,0.0001027967596894757
108,pop14,1,0.00041985511779785156,0.0
108,pop50,1,0.00042128562927246094,0.0
108,pop32,1,0.00041866302490234375,0.0
109,pop6,3,0.0004032452901204427,2.0970296139493804e-05
109,pop7,1,0.0004017353057861328,0.0
109,pop53,1,0.0003902912139892578,0.0
109,pop50,1,0.00038743019104003906,0.0
109,pop14,1,0.00041866302490234375,0.0
109,pop27,3,0.00047969818115234375,0.00010658208295766305
109,pop44,1,0.0004329681396484375,0.0
109,pop39,1,0.00040793418884277344,0.0
110,pop8,2,0.00031816959381103516,9.047985076904297e-05
110,pop51,1,0.0003974437713623047,0.0
110,pop43,4,0.0004337430000305176,2.8162358917471033e-05
110,pop40,1,0.0003952980041503906,0.0
111,pop54,2,0.0003279447555541992,5.328655242919922e-05
111,pop52,1,0.0003962516784667969,0.0
111,pop50,2,0.0003904104232788086,9.655952453613281e-06
111,pop32,3,0.0005705356597900391,0.00014810777573779976
112,pop22,2,0.0003521442413330078,6.389617919921875e-05
112,pop51,3,0.00041715304056803387,1.909367499544042e-05
112,pop52,3,0.0004211266835530599,8.389564018501693e-06
112,pop13,4,0.0005009770393371582,0.0001373574910315721
112,pop4,2,0.0004286766052246094,1.6689300537109375e-06
112,pop5,2,0.000712275505065918,1.9669532775878906e-05
113,pop13,2,0.00040030479431152344,2.0742416381835938e-05
113,pop52,1,0.00040459632873535156,0.0
113,pop50,2,0.0003973245620727539,1.1920928955078125e-07
113,pop14,1,0.00042176246643066406,0.0
113,pop27,3,0.0004781087239583333,7.082338387406877e-05
113,pop44,1,0.0004177093505859375,0.0
113,pop39,1,0.00039649009704589844,0.0
114,pop29,3,0.0003314018249511719,0.00012379887111304218
114,pop51,3,0.0004185040791829427,1.559086562445052e-05
114,pop9,2,0.0006051063537597656,0.0001995563507080078
114,pop19,2,0.0004373788833618164,1.1920928955078125e-07
114,pop18,3,0.000438690185546875,6.418140764099746e-06
114,pop38,2,0.0006941556930541992,3.921985626220703e-05
115,pop19,2,0.0003625154495239258,6.973743438720703e-05
115,pop51,3,0.00042168299357096356,9.792268975204579e-06
115,pop52,3,0.0004120667775472005,1.571192706758341e-05
115,pop34,2,0.0005483627319335938,0.0001323223114013672
115,pop10,4,0.0005242824554443359,0.00011061761366312639
116,pop33,5,0.00047359466552734377,0.00016864319398002308
116,pop50,1,0.00039458274841308594,0.0
116,pop51,1,0.0003974437713623047,0.0
116,pop46,1,0.0004267692565917969,0.0
116,pop45,1,0.0004215240478515625,0.0
117,pop45,2,0.00034046173095703125,9.012222290039062e-05
117,pop46,1,0.00039839744567871094,0.0
117,pop51,1,0.00039386749267578125,0.0
117,pop43,5,0.00044550895690917967,7.590966003794065e-05
117,pop40,2,0.0005786418914794922,0.00015211105346679688
118,pop6,5,0.0004002571105957031,0.0001260207087825554
118,pop7,1,0.00043010711669921875,0.0
118,pop53,1,0.000392913818359375,0.0
118,pop42,1,0.0004286766052246094,0.0
119,pop54,2,0.0002827644348144531,0.00013017654418945312
119,pop52,3,0.00041182835896809894,2.21838918306766e-05
119,pop12,2,0.000609278678894043,0.00018012523651123047
119,pop50,4,0.0004150271415710449,2.4509253088428157e-05
119,pop14,2,0.0004119873046875,0.0
119,pop27,2,0.0006172657012939453,0.00018596649169921875
120,pop13,2,0.00028705596923828125,0.00013947486877441406
120,pop52,3,0.0004107952117919922,1.8861707527249765e-05
120,pop12,2,0.0005848407745361328,0.00018596649169921875
120,pop50,4,0.00047779083251953125,0.0001367088889340032
121,pop21,2,0.0003763437271118164,3.5643577575683594e-05
121,pop23,1,0.0004208087921142578,0.0
121,pop16,1,0.0003883838653564453,0.0
121,pop50,4,0.0004526972770690918,0.00010854572059319592
121,pop32,1,0.00044345855712890625,0.0
122,pop22,3,0.00040078163146972656,1.2237788235295714e-05
122,pop51,1,0.00037980079650878906,0.0
122,pop29,2,0.0006605386734008789,0.0001131296157836914
123,pop29,2,0.0004088878631591797,7.62939453125e-06
123,pop51,1,0.00043487548828125,0.0
123,pop50,4,0.0005053877830505371,0.00014680887786007116
123,pop14,1,0.00043463706970214844,0.0
123,pop27,1,0.0004215240478515625,0.0
123,pop44,1,0.00040841102600097656,0.0
123,pop39,1,0.00043392181396484375,0.0
124,pop33,4,0.00038558244705200195,0.0001407508251571391
124,pop32,1,0.00039887428283691406,0.0
125,pop45,2,0.00035762786865234375,6.771087646484375e-05
125,pop46,3,0.0003897349039713542,6.550608010290425e-06
125,pop51,1,0.00043082237243652344,0.0
125,pop52,3,0.0004429022471110026,4.284169506055054e-06
125,pop34,2,0.0005245208740234375,0.00011467933654785156
125,pop53,2,0.0004305839538574219,6.9141387939453125e-06
125,pop1,2,0.0006520748138427734,1.5020370483398438e-05
126,pop54,2,0.00034987926483154297,6.258487701416016e-05
126,pop52,1,0.0004210472106933594,0.0
126,pop53,1,0.00042939186096191406,0.0
126,pop1,1,0.0003936290740966797,0.0
126,pop15,4,0.0005053877830505371,8.709988623829158e-05
127,pop50,4,0.00043469667434692383,0.0001399645376049913
127,pop53,1,0.0004208087921142578,0.0
127,pop42,1,0.0004138946533203125,0.0
128,pop12,2,0.00037467479705810547,4.398822784423828e-05
128,pop52,1,0.0004181861877441406,0.0
128,pop50,3,0.0004939238230387369,0.0001371319796148178
128,pop14,1,0.0003941059112548828,0.0
128,pop24,1,0.0004253387451171875,0.0
129,pop45,2,0.0003801584243774414,4.875659942626953e-05
129,pop46,1,0.0004200935363769531,0.0
129,pop51,1,0.0003838539123535156,0.0
129,pop52,3,0.00043694178263346356,7.748501931849228e-06
129,pop34,2,0.0005948543548583984,0.00017070770263671875
129,pop50,3,0.000514825185139974,0.00012492228573093614
130,pop25,2,0.00039899349212646484,1.1563301086425781e-05
130,pop17,1,0.000415802001953125,0.0
130,pop50,4,0.0004948973655700684,0.00014435800753042662
130,pop14,1,0.00042176246643066406,0.0
130,pop27,1,0.0004153251647949219,0.0
130,pop44,1,0.0003998279571533203,0.0
130,pop39,1,0.00042319297790527344,0.0
130,pop38,1,0.0004360675811767578,0.0
131,pop14,5,0.0004331111907958984,0.00018786298410641762
131,pop24,2,0.0005826950073242188,0.0001575946807861328
131,pop50,4,0.0004329085350036621,8.214852179364856e-06
131,pop55,2,0.0004382133483886719,9.298324584960938e-06
131,pop56,3,0.00044004122416178387,1.549700386369846e-05
131,pop2,2,0.0005066394805908203,5.984306335449219e-05
131,pop57,1,0.00067901611328125,0.0
131,pop17,2,0.00041615962982177734,1.0848045349121094e-05
131,pop31,2,0.000563502311706543,0.00016176700592041016
132,pop44,2,0.0003911256790161133,3.8743019104003906e-05
132,pop27,3,0.0005118846893310547,0.00015248441664679355
132,pop14,1,0.0004200935363769531,0.0
132,pop50,1,0.0003960132598876953,0.0
132,pop52,1,0.0004096031188964844,0.0
132,pop54,1,0.0004184246063232422,0.0
133,pop21,2,0.000415802001953125,7.152557373046875e-06
133,pop23,1,0.0004391670227050781,0.0
133,pop16,1,0.0004057884216308594,0.0
133,pop50,1,0.00040268898010253906,0.0
133,pop14,1,0.0004203319549560547,0.0
133,pop27,4,0.0004610419273376465,7.503869697466072e-05
133,pop44,1,0.00041985511779785156,0.0
133,pop39,1,0.0004241466522216797,0.0
134,pop4,3,0.0003409385681152344,7.707154847358859e-05
134,pop51,1,0.0003924369812011719,0.0
134,pop43,4,0.0004712343215942383,7.596213861414249e-05
134,pop40,2,0.0005804300308227539,0.00018393993377685547
135,pop13,5,0.00045185089111328126,0.0001392852194827675
135,pop52,1,0.0003921985626220703,0.0
135,pop50,1,0.00041937828063964844,0.0
135,pop32,1,0.000453948974609375,0.0
136,pop21,2,0.00037419795989990234,6.23464584350586e-05
136,pop22,1,0.0003943443298339844,0.0
136,pop51,1,0.0003943443298339844,0.0
136,pop43,1,0.0004374980926513672,0.0
136,pop42,4,0.0005276799201965332,0.00012060850747305676
137,pop57,2,0.0003358125686645508,8.618831634521484e-05
137,pop56,1,0.0003733634948730469,0.0
137,pop55,3,0.0004948774973551432,0.000131090668773258
137,pop50,1,0.00040459632873535156,0.0
137,pop32,1,0.00042176246643066406,0.0
138,pop0,3,0.000364224116007487,6.080198369216557e-05
138,pop1,1,0.0004222393035888672,0.0
138,pop53,1,0.0004374980926513672,0.0
138,pop50,3,0.0005010763804117838,0.00010639139505987238
138,pop17,3,0.0004336833953857422,1.8041214382546057e-05
138,pop31,2,0.000584721565246582,0.00014460086822509766
139,pop20,5,0.0004683017730712891,0.0001447195983200058
139,pop46,1,0.0003883838653564453,0.0
139,pop51,1,0.00043320655822753906,0.0
139,pop47,1,0.0004725456237792969,0.0
139,pop53,1,0.000408172607421875,0.0
139,pop1,1,0.00042247772216796875,0.0
139,pop0,1,0.00041866302490234375,0.0
140,pop22,4,0.0003986954689025879,3.890366444204813e-05
140,pop51,1,0.00042438507080078125,0.0
140,pop50,3,0.0005122025807698568,0.00012908794973400618
140,pop14,3,0.0005156199137369791,0.00013384895379604052
140,pop24,2,0.000506281852722168,7.736682891845703e-05
141,pop29,5,0.0005770683288574219,0.00020958962743940576
141,pop51,1,0.0004019737243652344,0.0
141,pop47,1,0.0004360675811767578,0.0
141,pop53,1,0.00043463706970214844,0.0
141,pop1,1,0.00041747093200683594,0.0
141,pop0,1,0.00039196014404296875,0.0
142,pop54,2,0.00029027462005615234,0.0001329183578491211
142,pop52,3,0.00040276845296223957,2.0052059277780923e-05
142,pop34,2,0.0004894733428955078,8.559226989746094e-05
142,pop53,4,0.0004943013191223145,0.00010618762773451566
142,pop50,5,0.000426483154296875,1.8230776076250566e-05
142,pop35,1,0.0006635189056396484,0.0
142,pop1,1,0.0007889270782470703,0.0
142,pop17,2,0.0004475116729736328,4.291534423828125e-06
142,pop31,3,0.00042359034220377606,1.924392262359042e-05
142,pop30,1,0.0007197856903076172,0.0
142,pop51,2,0.00044023990631103516,1.7762184143066406e-05
142,pop9,1,0.0006480216979980469,0.0
142,pop43,1,0.0005664825439453125,0.0
142,pop42,2,0.0006461143493652344,4.0531158447265625e-06
143,pop4,3,0.0003937085469563802,2.5208811140593634e-05
143,pop51,1,0.00043463706970214844,0.0
143,pop50,1,0.00043511390686035156,0.0
143,pop17,1,0.0004222393035888672,0.0
143,pop31,2,0.000521540641784668,0.0001245737075805664
143,pop30,1,0.0004265308380126953,0.0
143,pop48,1,0.00039887428283691406,0.0
143,pop49,1,0.00040078163146972656,0.0
144,pop50,3,0.00037662188212076825,5.050886328501089e-05
144,pop53,3,0.0004283587137858073,5.867013557844719e-06
144,pop1,3,0.00042049090067545575,1.607671327183094e-05
144,pop0,3,0.0005269845326741537,0.00015860795850290664
144,pop42,2,0.0005373954772949219,0.00013113021850585938
145,pop13,2,0.0004172325134277344,1.8596649169921875e-05
145,pop52,1,0.0003867149353027344,0.0
145,pop50,2,0.00043272972106933594,8.58306884765625e-06
145,pop14,1,0.0004177093505859375,0.0
145,pop27,3,0.0005216598510742188,0.00014793176388696686
145,pop44,1,0.0003936290740966797,0.0
145,pop39,1,0.0004425048828125,0.0
145,pop38,1,0.0003948211669921875,0.0
146,pop21,2,0.00040709972381591797,1.990795135498047e-05
146,pop22,3,0.00041484832763671875,2.570133114792234e-05
146,pop51,1,0.00042057037353515625,0.0
146,pop19,1,0.0004253387451171875,0.0
146,pop18,2,0.000507354736328125,6.222724914550781e-05
146,pop38,1,0.0003917217254638672,0.0
147,pop0,2,0.00038826465606689453,3.063678741455078e-05
147,pop1,2,0.00040030479431152344,3.218650817871094e-05
147,pop53,1,0.00042557716369628906,0.0
147,pop47,1,0.00044465065002441406,0.0
147,pop51,1,0.00041985511779785156,0.0
147,pop46,3,0.0004851023356119792,7.318591745043528e-05
147,pop45,2,0.0005283355712890625,0.00010061264038085938
148,pop29,2,0.0003973245620727539,2.8967857360839844e-05
148,pop51,1,0.0004458427429199219,0.0
148,pop50,1,0.00040912628173828125,0.0
148,pop17,1,0.0004444122314453125,0.0
148,pop31,3,0.0004875659942626953,9.615394988096133e-05
148,pop30,1,0.0004394054412841797,0.0
148,pop48,1,0.0003924369812011719,0.0
148,pop49,1,0.0004010200500488281,0.0
149,pop4,2,0.0003663301467895508,3.7550926208496094e-05
149,pop51,1,0.0004010200500488281,0.0
149,pop50,5,0.00047931671142578127,9.372872066708382e-05
149,pop14,3,0.0004223187764485677,1.3223576985320704e-05
149,pop24,2,0.0005888938903808594,0.00016427040100097656
150,pop8,3,0.0004207293192545573,0.00022560599421821498
150,pop51,3,0.0004170735677083333,1.5360687346462887e-05
150,pop4,4,0.00042951107025146484,2.2214228097896844e-05
150,pop5,1,0.0006854534149169922,0.0
150,pop47,1,0.0004487037658691406,0.0
150,pop53,2,0.0004309415817260742,1.4901161193847656e-05
150,pop1,1,0.0006453990936279297,0.0
150,pop50,2,0.0004413127899169922,1.1205673217773438e-05
150,pop55,2,0.0008115768432617188,2.0265579223632812e-05
151,pop14,2,0.0003695487976074219,6.341934204101562e-05
151,pop50,3,0.0004200140635172526,2.8651481487805715e-05
151,pop53,1,0.0004265308380126953,0.0
151,pop42,2,0.0005733966827392578,0.00010704994201660156
152,pop44,2,0.00039374828338623047,3.325939178466797e-05
152,pop27,4,0.0004965066909790039,0.0001570469623295906
152,pop14,1,0.0004334449768066406,0.0
152,pop50,1,0.0004215240478515625,0.0
152,pop17,1,0.0003826618194580078,0.0
152,pop31,1,0.00041222572326660156,0.0
152,pop30,1,0.0004286766052246094,0.0
152,pop48,1,0.000431060791015625,0.0
152,pop49,1,0.0004279613494873047,0.0
153,pop0,5,0.0004237174987792969,0.0001328884848138707
153,pop1,1,0.0003902912139892578,0.0
153,pop53,1,0.000396728515625,0.0
153,pop52,1,0.0004343986511230469,0.0
153,pop12,1,0.00042557716369628906,0.0
154,pop29,4,0.0004576444625854492,0.00014208032077277086
154,pop51,1,0.00042819976806640625,0.0
154,pop50,1,0.00040841102600097656,0.0
154,pop32,1,0.0004353523254394531,0.0
155,pop4,5,0.0004714488983154297,0.00015653385201639373
155,pop51,1,0.00041556358337402344,0.0
155,pop19,1,0.00042700767517089844,0.0
155,pop18,1,0.0004286766052246094,0.0
155,pop38,1,0.00042748451232910156,0.0
156,pop19,2,0.00035262107849121094,5.7220458984375e-05
156,pop51,3,0.0004111925760904948,1.4594039006937684e-05
156,pop50,3,0.00042891502380371094,1.0015472354464328e-05
156,pop17,3,0.0004325707753499349,2.2301449533390298e-05
156,pop31,3,0.0005466143290201823,0.00013774189639723135
156,pop10,3,0.0006639957427978516,0.00016006832255823956
157,pop21,2,0.00038683414459228516,1.2993812561035156e-05
157,pop22,2,0.00040602684020996094,1.9073486328125e-05
157,pop51,1,0.0004360675811767578,0.0
157,pop29,3,0.0005466938018798828,8.355610325596905e-05
158,pop8,2,0.00038123130798339844,3.790855407714844e-05
158,pop51,1,0.000408172607421875,0.0
158,pop29,4,0.0005314350128173828,0.00013489372610240194
159,pop44,3,0.00036724408467610675,0.00020401353345796933
159,pop27,4,0.0004545450210571289,6.70652646920606e-05
160,pop0,2,0.0003609657287597656,1.5974044799804688e-05
160,pop1,2,0.00041353702545166016,1.6570091247558594e-05
160,pop53,1,0.0004208087921142578,0.0
160,pop50,2,0.0004163980484008789,6.794929504394531e-06
160,pop14,1,0.00044655799865722656,0.0
160,pop27,2,0.0005779266357421875,0.00014066696166992188
160,pop44,1,0.0004355907440185547,0.0
160,pop39,1,0.0004458427429199219,0.0
160,pop38,1,0.00041985511779785156,0.0
161,pop4,2,0.00026607513427734375,0.0001266002655029297
161,pop51,3,0.00042168299357096356,2.070477725807496e-05
161,pop9,2,0.0005235671997070312,0.00011110305786132812
161,pop50,4,0.0005722641944885254,0.00016325157277263919
162,pop6,4,0.00046509504318237305,0.00013998240606532942
162,pop7,1,0.0003905296325683594,0.0
162,pop53,1,0.0003921985626220703,0.0
162,pop50,1,0.00042438507080078125,0.0
162,pop14,1,0.00042510032653808594,0.0
162,pop24,1,0.0003921985626220703,0.0
163,pop14,2,0.00039255619049072266,8.225440979003906e-06
163,pop27,4,0.0004926323890686035,0.0001522846650281994
163,pop44,1,0.0004227161407470703,0.0
163,pop39,1,0.00043654441833496094,0.0
163,pop38,1,0.000431060791015625,0.0
164,pop4,2,0.0003809928894042969,1.7881393432617188e-05
164,pop51,1,0.0003998279571533203,0.0
164,pop19,1,0.00043201446533203125,0.0
164,pop18,2,0.0004398822784423828,2.6226043701171875e-05
164,pop38,2,0.0006227493286132812,8.988380432128906e-05
165,pop33,5,0.0004754066467285156,0.000145873441729922
165,pop50,1,0.0004372596740722656,0.0
165,pop14,1,0.00043487548828125,0.0
165,pop27,1,0.00040841102600097656,0.0
165,pop44,1,0.0004363059997558594,0.0
165,pop39,1,0.00043702125549316406,0.0
165,pop38,1,0.00040221214294433594,0.0
166,pop20,5,0.0003824710845947266,0.0001331345570364301
166,pop46,1,0.0004203319549560547,0.0
166,pop45,1,0.0004146099090576172,0.0
167,pop4,3,0.0003185272216796875,0.00013168923834293875
167,pop51,2,0.0005736351013183594,0.0001480579376220703
167,pop50,3,0.00045911471048990887,9.677804022983971e-05
167,pop16,1,0.000652313232421875,0.0
168,pop12,2,0.00039398670196533203,1.9669532775878906e-05
168,pop52,1,0.0004305839538574219,0.0
168,pop51,1,0.00041937828063964844,0.0
168,pop29,4,0.0005165338516235352,0.0001040467666295204
169,pop45,2,0.0003262758255004883,8.71419906616211e-05
169,pop44,2,0.000571131706237793,0.0001386404037475586
169,pop27,4,0.00045984983444213867,5.950379781032868e-05
170,pop25,2,0.0003476142883300781,6.389617919921875e-05
170,pop17,1,0.0004229545593261719,0.0
170,pop50,2,0.00041162967681884766,8.463859558105469e-06
170,pop53,1,0.0004551410675048828,0.0
170,pop42,2,0.0006072521209716797,9.560585021972656e-05
171,pop12,2,0.00039887428283691406,1.6689300537109375e-05
171,pop52,1,0.00043129920959472656,0.0
171,pop51,3,0.00043574968973795575,3.8262695049319976e-06
171,pop8,2,0.0006052255630493164,0.00016629695892333984
171,pop50,4,0.0005191564559936523,0.00015059993155493498
172,pop21,2,0.0003857612609863281,2.7894973754882812e-05
172,pop23,1,0.00043511390686035156,0.0
172,pop16,1,0.0004215240478515625,0.0
172,pop50,1,0.00040602684020996094,0.0
172,pop53,1,0.00045871734619140625,0.0
172,pop1,3,0.00042549769083658856,9.19758876748359e-06
172,pop0,2,0.0005859136581420898,6.902217864990234e-05
173,pop8,2,0.0003091096878051758,9.500980377197266e-05
173,pop51,1,0.0004413127899169922,0.0
173,pop43,4,0.00046819448471069336,7.345002284126673e-05
173,pop40,1,0.0004208087921142578,0.0
174,pop44,2,0.0002808570861816406,0.00013756752014160156
174,pop39,4,0.0005224347114562988,0.00016956174257261655
175,pop0,3,0.00040268898010253906,1.5540551435946097e-05
175,pop1,1,0.00043010711669921875,0.0
175,pop53,1,0.00040221214294433594,0.0
175,pop47,1,0.00043702125549316406,0.0
175,pop51,1,0.0009398460388183594,0.0
176,pop12,2,0.00037801265716552734,7.426738739013672e-05
176,pop52,1,0.00040912628173828125,0.0
176,pop53,1,0.0004425048828125,0.0
176,pop1,3,0.0004645983378092448,6.637615871170757e-05
176,pop15,1,0.00039958953857421875,0.0
177,pop21,2,0.0003981590270996094,4.8160552978515625e-05
177,pop23,1,0.00044989585876464844,0.0
177,pop16,1,0.0004210472106933594,0.0
177,pop50,1,0.0004329681396484375,0.0
177,pop53,1,0.000446319580078125,0.0
177,pop1,3,0.0004928906758626302,6.860086937756076e-05
177,pop15,3,0.00048414866129557293,9.378154392238043e-05
178,pop44,2,0.0004057884216308594,3.695487976074219e-05
178,pop27,3,0.0005414485931396484,0.00018297948990434644
178,pop14,1,0.0004208087921142578,0.0
178,pop50,1,0.0004115104675292969,0.0
178,pop51,1,0.0004417896270751953,0.0
178,pop43,1,0.0004436969757080078,0.0
178,pop40,1,0.00039649009704589844,0.0
179,pop0,2,0.00038814544677734375,5.984306335449219e-05
179,pop1,1,0.000438690185546875,0.0
179,pop53,1,0.0004367828369140625,0.0
179,pop50,1,0.00040721893310546875,0.0
179,pop14,1,0.00040531158447265625,0.0
179,pop27,4,0.0004774928092956543,6.102592963835729e-05
179,pop44,1,0.00039005279541015625,0.0
180,pop57,2,0.00034868717193603516,8.499622344970703e-05
180,pop56,1,0.00042629241943359375,0.0
180,pop55,3,0.0004923343658447266,0.00010595446121487354
180,pop52,1,0.00041747093200683594,0.0
180,pop34,1,0.0004086494445800781,0.0
181,pop22,2,0.0003800392150878906,4.673004150390625e-05
181,pop51,1,0.00042438507080078125,0.0
181,pop50,6,0.0004916191101074219,0.00013772341623395008
181,pop14,3,0.00041858355204264325,1.3820510817012985e-05
181,pop24,2,0.0005115270614624023,8.90493392944336e-05
181,pop55,2,0.0004401206970214844,7.152557373046875e-07
181,pop56,1,0.0004448890686035156,0.0
181,pop57,1,0.0006010532379150391,0.0
181,pop48,1,0.0006306171417236328,0.0
181,pop30,1,0.000453948974609375,0.0
181,pop31,3,0.0005251566569010416,0.00010495479643562734
181,pop17,3,0.0004233519236246745,2.885379254978888e-05
181,pop53,1,0.0007772445678710938,0.0
182,pop54,2,0.00041365623474121094,3.981590270996094e-05
182,pop52,1,0.0004220008850097656,0.0
182,pop50,1,0.0003962516784667969,0.0
182,pop14,1,0.0004036426544189453,0.0
182,pop27,4,0.0004737973213195801,6.879819486312077e-05
182,pop44,1,0.0003998279571533203,0.0
183,pop4,3,0.00036716461181640625,9.42625173428354e-05
183,pop51,3,0.0004268487294514974,1.6972247436472847e-05
183,pop46,4,0.000428617000579834,1.012559944183571e-05
183,pop45,2,0.0005303621292114258,0.00014007091522216797
183,pop52,2,0.00044405460357666016,1.9431114196777344e-05
183,pop13,1,0.0007271766662597656,0.0
183,pop55,2,0.000591278076171875,0.00018644332885742188
183,pop50,1,0.00044155120849609375,0.0
184,pop50,4,0.0004989504814147949,0.00015305705651032358
184,pop14,1,0.0004248619079589844,0.0
184,pop27,1,0.0004258155822753906,0.0
184,pop44,1,0.0004100799560546875,0.0
184,pop39,1,0.0004265308380126953,0.0
185,pop13,5,0.0005006790161132812,0.00016494816701442263
185,pop52,1,0.00038695335388183594,0.0
185,pop51,1,0.0004260540008544922,0.0
185,pop29,1,0.00042176246643066406,0.0
186,pop45,2,0.0003905296325683594,5.221366882324219e-05
186,pop46,4,0.00048345327377319336,0.00010419292559547488
186,pop51,1,0.0004029273986816406,0.0
186,pop47,1,0.00042176246643066406,0.0
186,pop53,1,0.0004284381866455078,0.0
186,pop1,1,0.0004069805145263672,0.0
186,pop0,1,0.0004220008850097656,0.0
187,pop21,2,0.00037729740142822266,7.474422454833984e-05
187,pop23,1,0.0004241466522216797,0.0
187,pop16,1,0.00040841102600097656,0.0
187,pop50,4,0.000492095947265625,0.00010713168466316063
187,pop17,1,0.00042247772216796875,0.0
187,pop31,1,0.0003898143768310547,0.0
188,pop44,2,0.00034058094024658203,6.878376007080078e-05
188,pop27,4,0.0004795193672180176,0.00011518151523223381
188,pop14,1,0.00040149688720703125,0.0
188,pop50,1,0.00043487548828125,0.0
188,pop52,1,0.0004336833953857422,0.0
188,pop34,1,0.0003933906555175781,0.0
189,pop29,2,0.00037491321563720703,5.638599395751953e-05
189,pop51,1,0.00044846534729003906,0.0
189,pop50,4,0.0005058050155639648,0.00012942928679163544
189,pop14,3,0.0004451274871826172,4.08802704798752e-06
189,pop24,2,0.0004899501800537109,0.0001087188720703125
190,pop25,2,0.00029778480529785156,0.00013017654418945312
190,pop17,1,0.0004410743713378906,0.0
190,pop31,3,0.0005407333374023438,9.001135524299843e-05
191,pop22,4,0.00048786401748657227,0.00013115994972520914
191,pop51,1,0.0004324913024902344,0.0
191,pop50,1,0.00043201446533203125,0.0
191,pop17,1,0.0004017353057861328,0.0
191,pop31,1,0.0003960132598876953,0.0
192,pop54,2,0.00038063526153564453,6.020069122314453e-05
192,pop52,1,0.0004324913024902344,0.0
192,pop50,1,0.0004088878631591797,0.0
192,pop32,4,0.000507056713104248,6.342054644674327e-05
193,pop4,2,0.0003628730773925781,7.700920104980469e-05
193,pop51,1,0.00041747093200683594,0.0
193,pop52,3,0.0004271666208902995,2.3213966543254042e-05
193,pop34,2,0.0005056858062744141,9.918212890625e-05
193,pop53,1,0.0007727146148681641,0.0
193,pop50,3,0.00041794776916503906,2.1610773455857583e-05
193,pop32,3,0.0006275177001953125,0.00016114944393399433
194,pop21,2,0.00036716461181640625,6.651878356933594e-05
194,pop22,3,0.0005218187967936198,0.00015752551259690505
194,pop51,1,0.0004286766052246094,0.0
194,pop52,1,0.00040459632873535156,0.0
194,pop13,1,0.00042319297790527344,0.0
195,pop19,2,0.0004074573516845703,2.6226043701171875e-05
195,pop51,1,0.0004372596740722656,0.0
195,pop47,1,0.0004029273986816406,0.0
195,pop53,1,0.0004394054412841797,0.0
195,pop1,1,0.00044608116149902344,0.0
195,pop15,4,0.0005037188529968262,7.516150432951226e-05
196,pop44,2,0.00035893917083740234,0.00010263919830322266
196,pop27,3,0.0004955927530924479,0.00011395282991312105
196,pop14,1,0.0004000663757324219,0.0
196,pop50,1,0.00043392181396484375,0.0
196,pop51,1,0.0004246234893798828,0.0
197,pop25,2,0.000408172607421875,2.5987625122070312e-05
197,pop17,1,0.0004017353057861328,0.0
197,pop50,1,0.00041174888610839844,0.0
197,pop14,1,0.0004582405090332031,0.0
197,pop27,4,0.0004805922508239746,9.946247272861856e-05
197,pop44,1,0.00041031837463378906,0.0
197,pop39,1,0.0004184246063232422,0.0
198,pop6,2,0.0003349781036376953,9.703636169433594e-05
198,pop7,1,0.0004360675811767578,0.0
198,pop53,2,0.0004150867462158203,9.5367431640625e-07
198,pop52,3,0.00045259793599446613,1.4183178184489209e-05
198,pop54,2,0.0006208419799804688,0.00018715858459472656
198,pop41,1,0.0006315708160400391,0.0
198,pop40,1,0.0004382133483886719,0.0
198,pop43,1,0.0004057884216308594,0.0
198,pop51,3,0.0004349549611409505,1.843324969201563e-05
198,pop47,1,0.0007832050323486328,0.0
198,pop19,2,0.00044465065002441406,2.86102294921875e-06
198,pop18,4,0.0005158185958862305,0.00014189626502220188
198,pop38,2,0.0006053447723388672,0.00018095970153808594
199,pop14,2,0.00032341480255126953,0.00011861324310302734
199,pop50,2,0.00041162967681884766,1.2516975402832031e-05
199,pop32,2,0.0006200075149536133,0.00011098384857177734
200,pop12,2,0.0004156827926635742,2.9206275939941406e-05
200,pop52,1,0.0004372596740722656,0.0
200,pop51,3,0.0004390875498453776,1.0130841560349434e-05
200,pop8,2,0.0006095170974731445,0.00016677379608154297
200,pop50,3,0.0005644957224527994,0.0001869102654354421
201,pop29,3,0.00039617220560709637,0.0002192256205909088
201,pop51,4,0.00042194128036499023,2.1307055706335393e-05
201,pop52,2,0.0005573034286499023,0.0001093149185180664
201,pop9,1,0.0007822513580322266,0.0
201,pop50,4,0.0006235241889953613,0.0003327172648388877
201,pop17,2,0.00042378902435302734,6.794929504394531e-06
201,pop25,1,0.0006353855133056641,0.0
202,pop22,5,0.00047984123229980467,0.0001308627087587438
202,pop51,1,0.00039577484130859375,0.0
202,pop8,1,0.00039768218994140625,0.0
203,pop54,2,0.000415802001953125,4.076957702636719e-05
203,pop52,1,0.0004343986511230469,0.0
203,pop50,1,0.0004267692565917969,0.0
203,pop14,1,0.0004515647888183594,0.0
203,pop27,4,0.00048416852951049805,8.547703000219494e-05
203,pop44,1,0.00043964385986328125,0.0
203,pop39,1,0.00042366981506347656,0.0
204,pop4,5,0.000455474853515625,0.00012283815720638165
204,pop51,1,0.0004107952117919922,0.0
204,pop50,1,0.0004248619079589844,0.0
204,pop14,1,0.00042748451232910156,0.0
204,pop24,1,0.0003943443298339844,0.0
205,pop25,2,0.0004023313522338867,5.257129669189453e-05
205,pop17,1,0.00040841102600097656,0.0
205,pop50,1,0.0004551410675048828,0.0
205,pop51,1,0.0009107589721679688,0.0
206,pop33,5,0.00040516853332519533,0.00011830094453128617
206,pop32,1,0.0004131793975830078,0.0
207,pop20,2,0.00039386749267578125,6.246566772460938e-05
207,pop46,1,0.0004019737243652344,0.0
207,pop51,5,0.00041851997375488283,1.4502906336507734e-05
207,pop50,8,0.000467449426651001,6.893492339487177e-05
207,pop17,3,0.00044004122416178387,9.745718905292786e-06
207,pop31,2,0.0005899667739868164,0.00017392635345458984
207,pop52,3,0.0005666414896647135,0.00020359516589895632
207,pop54,1,0.0008740425109863281,0.0
207,pop8,1,0.0007982254028320312,0.0
207,pop47,1,0.00045180320739746094,0.0
207,pop53,2,0.00044226646423339844,1.7642974853515625e-05
207,pop3,2,0.0005800724029541016,0.00011849403381347656
207,pop16,1,0.00064849853515625,0.0
207,pop19,2,0.0004762411117553711,4.410743713378906e-06
207,pop18,1,0.0007867813110351562,0.0
207,pop26,1,0.000850677490234375,0.0
208,pop19,2,0.00040853023529052734,2.3245811462402344e-05
208,pop51,3,0.0004302660624186198,1.80678011551542e-05
208,pop29,2,0.0005518198013305664,0.0001531839370727539
208,pop47,1,0.00043487548828125,0.0
208,pop53,2,0.0004311800003051758,1.8715858459472656e-05
208,pop1,1,0.0007433891296386719,0.0
208,pop42,4,0.0005272030830383301,0.0001407184117792991
208,pop43,1,0.00044465065002441406,0.0
209,pop14,2,0.0003832578659057617,5.9485435485839844e-05
209,pop50,1,0.0003993511199951172,0.0
209,pop53,1,0.00041675567626953125,0.0
209,pop1,2,0.00042045116424560547,2.3484230041503906e-05
209,pop0,3,0.0005526542663574219,7.755117857211317e-05
210,pop54,2,0.0004004240036010742,3.898143768310547e-05
210,pop52,1,0.00041413307189941406,0.0
210,pop51,3,0.0004432996114095052,6.733185316713694e-06
210,pop29,2,0.0006238222122192383,0.0002180337905883789
210,pop50,2,0.0004240274429321289,1.0609626770019531e-05
210,pop55,4,0.0005182623863220215,0.00014781917054765907
210,pop56,2,0.0004413127899169922,1.5497207641601562e-05
210,pop57,1,0.0008094310760498047,0.0
211,pop25,2,0.0003942251205444336,4.6372413635253906e-05
211,pop17,1,0.0004017353057861328,0.0
211,pop50,3,0.0005081494649251302,0.0001530100443188593
211,pop53,1,0.00041365623474121094,0.0
211,pop1,1,0.00043845176696777344,0.0
211,pop15,1,0.000423431396484375,0.0
212,pop54,2,0.0004259347915649414,1.990795135498047e-05
212,pop52,1,0.00040078163146972656,0.0
212,pop51,1,0.0004467964172363281,0.0
212,pop29,4,0.0005329251289367676,0.00012201551223859601
213,pop25,2,0.0003815889358520508,7.617473602294922e-05
213,pop17,1,0.00042510032653808594,0.0
213,pop50,3,0.0004420280456542969,5.291961610980508e-06
213,pop52,3,0.0004227956136067708,1.654830288366928e-05
213,pop12,2,0.0006097555160522461,0.0001817941665649414
213,pop51,2,0.0004507303237915039,4.887580871582031e-06
213,pop22,2,0.000555872917175293,0.00013744831085205078
214,pop8,2,0.0003567934036254883,6.783008575439453e-05
214,pop51,3,0.0004245440165201823,1.5579923953810177e-05
214,pop52,3,0.0004240671793619792,1.9204497739846787e-05
214,pop34,2,0.0006263256072998047,0.00019669532775878906
214,pop43,4,0.0004972219467163086,0.00013249816249858752
215,pop44,2,0.0004105567932128906,1.52587890625e-05
215,pop27,2,0.0003889799118041992,1.1563301086425781e-05
215,pop14,1,0.00041103363037109375,0.0
215,pop50,2,0.0004411935806274414,8.940696716308594e-06
215,pop51,1,0.00041985511779785156,0.0
215,pop29,2,0.0006949901580810547,0.00016927719116210938
216,pop54,2,0.00029540061950683594,0.0001227855682373047
216,pop52,1,0.00040030479431152344,0.0
216,pop13,4,0.0005505681037902832,0.00016221825398225173
217,pop0,4,0.00044721364974975586,0.00013296623340689978
217,pop1,1,0.00040340423583984375,0.0
217,pop53,1,0.00043320655822753906,0.0
217,pop50,1,0.00042319297790527344,0.0
217,pop14,1,0.0004391670227050781,0.0
217,pop24,1,0.00041794776916503906,0.0
218,pop6,4,0.0004692673683166504,0.00015646484917701336
218,pop7,1,0.00041747093200683594,0.0
218,pop53,1,0.0004298686981201172,0.0
218,pop47,1,0.0004506111145019531,0.0
218,pop51,1,0.00041866302490234375,0.0
218,pop9,1,0.00039649009704589844,0.0
219,pop12,2,0.00031554698944091797,0.00010669231414794922
219,pop52,1,0.00043845176696777344,0.0
219,pop51,2,0.0006170272827148438,0.0002079010009765625
219,pop29,4,0.000546872615814209,0.00015126276695217323
220,pop29,3,0.0006453196207682291,0.00029506976769277585
220,pop51,3,0.00043471654256184894,1.5578707738253977e-05
220,pop52,3,0.00042517979939778644,1.8304309400697435e-05
220,pop54,2,0.0005543231964111328,0.0001621246337890625
220,pop36,2,0.0007225275039672852,4.7326087951660156e-05
221,pop22,4,0.00041753053665161133,3.0914706200250414e-05
221,pop51,1,0.00040459632873535156,0.0
221,pop19,1,0.00044536590576171875,0.0
221,pop18,2,0.0004972219467163086,5.6624412536621094e-05
221,pop38,1,0.0004069805145263672,0.0
222,pop4,4,0.0004420280456542969,0.00012296136289783073
222,pop51,1,0.0004277229309082031,0.0
222,pop50,1,0.0004341602325439453,0.0
222,pop32,1,0.0004208087921142578,0.0
223,pop25,2,0.0003638267517089844,6.103515625e-05
223,pop17,1,0.0004432201385498047,0.0
223,pop50,1,0.00043892860412597656,0.0
223,pop53,1,0.000408172607421875,0.0
223,pop1,3,0.000476837158203125,6.247203736188981e-05
223,pop15,1,0.0004012584686279297,0.0
224,pop57,2,0.0002827644348144531,0.0001327991485595703
224,pop48,4,0.0004703402519226074,6.357139249504931e-05
224,pop49,1,0.0003859996795654297,0.0
225,pop33,4,0.00047200918197631836,0.00015054064898928503
225,pop50,1,0.0004069805145263672,0.0
225,pop53,1,0.0004284381866455078,0.0
225,pop1,1,0.0004448890686035156,0.0
225,pop15,1,0.0004146099090576172,0.0
226,pop19,2,0.00036728382110595703,6.020069122314453e-05
226,pop51,1,0.0004413127899169922,0.0
226,pop50,3,0.00041826566060384113,1.0705557635837888e-05
226,pop17,3,0.0004245440165201823,1.945348860830735e-05
226,pop31,3,0.0005296071370442709,0.00012734205903620994
226,pop53,2,0.0004489421844482422,7.62939453125e-06
226,pop3,3,0.0006435712178548177,0.0001518607613197078
227,pop14,2,0.00034630298614501953,7.283687591552734e-05
227,pop50,3,0.0005114873250325521,0.00011460592595122286
227,pop51,1,0.00043392181396484375,0.0
227,pop9,1,0.00042629241943359375,0.0
228,pop8,2,0.0003523826599121094,7.104873657226562e-05
228,pop51,1,0.0004723072052001953,0.0
228,pop43,3,0.00048049290974934894,7.730409666437498e-05
228,pop42,1,0.0003821849822998047,0.0
229,pop12,3,0.0003827412923177083,0.0002049254804980226
229,pop52,2,0.0004200935363769531,6.4373016357421875e-06
229,pop51,1,0.0008413791656494141,0.0
229,pop50,4,0.0004915595054626465,0.00011581026028112827
230,pop29,2,0.0003942251205444336,3.1113624572753906e-05
230,pop51,1,0.0004398822784423828,0.0
230,pop50,2,0.0004253387451171875,1.0728836059570312e-05
230,pop17,1,0.0004248619079589844,0.0
230,pop31,1,0.00045228004455566406,0.0
230,pop30,1,0.0004363059997558594,0.0
230,pop48,3,0.0004731019337972005,7.826047237309555e-05
230,pop49,3,0.0004971822102864584,0.00011901622609294994
231,pop50,3,0.0004076957702636719,3.1889914691520096e-05
231,pop17,1,0.00040650367736816406,0.0
231,pop31,3,0.0004916191101074219,9.174707105602197e-05
231,pop30,1,0.00044798851013183594,0.0
231,pop48,1,0.000415802001953125,0.0
231,pop49,1,0.0003948211669921875,0.0
232,pop13,5,0.00040311813354492186,0.00014288315445571865
232,pop52,1,0.00043463706970214844,0.0
232,pop34,1,0.0004208087921142578,0.0
233,pop45,2,0.00033533573150634766,0.00010716915130615234
233,pop44,2,0.0006078481674194336,0.00022161006927490234
233,pop27,3,0.00046706199645996094,7.799555689434191e-05
234,pop22,2,0.00036847591400146484,6.496906280517578e-05
234,pop51,1,0.000446319580078125,0.0
234,pop52,3,0.0004394849141438802,1.1703306187263126e-05
234,pop34,2,0.0005642175674438477,0.00015175342559814453
234,pop55,2,0.0004380941390991211,1.5497207641601562e-06
234,pop56,2,0.0004259347915649414,2.753734588623047e-05
234,pop57,1,0.0005586147308349609,0.0
234,pop48,3,0.0006500879923502604,0.00017171990462371532
235,pop33,2,0.0003952980041503906,3.5762786865234375e-05
235,pop50,2,0.0004146099090576172,2.2172927856445312e-05
235,pop14,1,0.00041794776916503906,0.0
235,pop27,2,0.0005942583084106445,0.00016200542449951172
235,pop44,1,0.0004227161407470703,0.0
235,pop39,1,0.0004127025604248047,0.0
235,pop38,1,0.00041937828063964844,0.0
236,pop8,2,0.00029158592224121094,0.00013709068298339844
236,pop51,3,0.000444491704305013,2.4649401377472594e-06
236,pop9,2,0.0006133317947387695,0.00019299983978271484
236,pop50,4,0.0005029439926147461,0.0001335842618237285
236,pop17,2,0.0004336833953857422,2.384185791015625e-05
236,pop25,1,0.0008344650268554688,0.0
237,pop12,2,0.0003414154052734375,8.869171142578125e-05
237,pop52,1,0.0004398822784423828,0.0
237,pop51,3,0.0004456837972005208,3.259356284842472e-06
237,pop9,2,0.0005475282669067383,0.00011622905731201172
237,pop50,4,0.0004833340644836426,0.00010873800334730655
238,pop21,2,0.00037360191345214844,7.462501525878906e-05
238,pop22,4,0.000497281551361084,0.0001184567750527487
238,pop51,1,0.0004012584686279297,0.0
238,pop43,1,0.00043511390686035156,0.0
238,pop40,1,0.00041937828063964844,0.0
239,pop57,2,0.0003464221954345703,9.632110595703125e-05
239,pop56,1,0.0004489421844482422,0.0
239,pop55,4,0.0005695819854736328,0.00014917050473241557
239,pop52,3,0.0004513263702392578,1.216791511829853e-05
239,pop13,3,0.0004897912343343099,9.972251141796595e-05
240,pop14,2,0.00037038326263427734,6.973743438720703e-05
240,pop50,3,0.00052642822265625,0.0001439642901779875
240,pop52,1,0.0004394054412841797,0.0
240,pop12,1,0.00040411949157714844,0.0
241,pop29,2,0.00037217140197753906,8.702278137207031e-05
241,pop51,1,0.00045108795166015625,0.0
241,pop50,3,0.0004936854044596354,0.00010934905242984366
241,pop32,1,0.0003948211669921875,0.0
242,pop45,2,0.0003465414047241211,0.00010097026824951172
242,pop46,1,0.0004410743713378906,0.0
242,pop51,1,0.0004153251647949219,0.0
242,pop43,4,0.00046128034591674805,6.977143131448003e-05
242,pop40,1,0.0004177093505859375,0.0
243,pop12,2,0.00035774707794189453,9.119510650634766e-05
243,pop52,1,0.00044035911560058594,0.0
243,pop51,4,0.00043451786041259766,1.7691638564653195e-05
243,pop9,2,0.000508427619934082,7.95125961303711e-05
243,pop4,1,0.0008244514465332031,0.0
243,pop50,3,0.0005095799763997396,0.0001253686313960132
244,pop54,2,0.00043845176696777344,2.3365020751953125e-05
244,pop52,1,0.0004286766052246094,0.0
244,pop50,2,0.0004303455352783203,2.574920654296875e-05
244,pop14,1,0.00044083595275878906,0.0
244,pop27,3,0.0005242824554443359,0.00014679706395478382
244,pop44,1,0.00039124488830566406,0.0
244,pop39,1,0.00044035911560058594,0.0
244,pop38,1,0.0004038810729980469,0.0
245,pop50,4,0.0005089044570922852,0.00016656899505429048
245,pop17,1,0.0004322528839111328,0.0
245,pop31,1,0.000438690185546875,0.0
245,pop30,1,0.00040435791015625,0.0
245,pop48,1,0.00038552284240722656,0.0
245,pop49,1,0.0004227161407470703,0.0
246,pop21,2,0.0004030466079711914,4.494190216064453e-05
246,pop22,1,0.00044155120849609375,0.0
246,pop51,5,0.0004271984100341797,1.9980216638532734e-05
246,pop8,2,0.0005450248718261719,0.0001361370086669922
246,pop50,2,0.0004316568374633789,9.894371032714844e-06
246,pop35,1,0.0008189678192138672,0.0
246,pop43,2,0.0004526376724243164,7.033348083496094e-06
246,pop11,1,0.0006940364837646484,0.0
246,pop36,4,0.0005195140838623047,0.00017219921138235945
247,pop57,2,0.00042068958282470703,3.731250762939453e-05
247,pop56,1,0.00044798851013183594,0.0
247,pop55,3,0.0005478858947753906,0.0001780094487490971
247,pop50,1,0.00043082237243652344,0.0
247,pop51,1,0.0004239082336425781,0.0
247,pop29,1,0.00043654441833496094,0.0
248,pop29,2,0.00031054019927978516,0.00014317035675048828
248,pop51,3,0.0004302660624186198,2.6100997281930723e-05
248,pop9,2,0.0005939006805419922,0.00016570091247558594
248,pop22,2,0.0004252195358276367,2.276897430419922e-05
248,pop21,1,0.0004100799560546875,0.0
248,pop23,1,0.0008342266082763672,0.0
248,pop16,1,0.00042700767517089844,0.0
248,pop50,2,0.0005539655685424805,0.00012552738189697266
249,pop25,2,0.0003211498260498047,0.0001285076141357422
249,pop17,1,0.0003960132598876953,0.0
249,pop50,4,0.00044846534729003906,1.0208937676432915e-05
249,pop51,2,0.000620722770690918,0.00021088123321533203
249,pop14,2,0.0004369020462036133,2.5153160095214844e-05
249,pop27,3,0.0005040168762207031,0.00011665289376410311
250,pop14,2,0.000392913818359375,6.580352783203125e-05
250,pop50,1,0.00043964385986328125,0.0
250,pop52,1,0.0004162788391113281,0.0
250,pop13,4,0.0004996061325073242,9.002985143626636e-05
251,pop20,3,0.0004169940948486328,5.210450633491085e-05
251,pop46,1,0.00041985511779785156,0.0
251,pop51,1,0.00045609474182128906,0.0
251,pop50,4,0.0004979372024536133,0.00010274727433559204
251,pop14,3,0.0004372596740722656,3.907931916918515e-06
251,pop24,2,0.0005614757537841797,0.00014257431030273438
252,pop19,2,0.00040471553802490234,5.352497100830078e-05
252,pop51,1,0.0004532337188720703,0.0
252,pop47,1,0.0004246234893798828,0.0
252,pop53,1,0.0004436969757080078,0.0
252,pop1,1,0.00045228004455566406,0.0
252,pop0,4,0.00054931640625,0.0001393373536910272
253,pop54,2,0.0004502534866333008,1.9431114196777344e-05
253,pop52,1,0.00043964385986328125,0.0
253,pop50,3,0.0005477269490559896,0.0001877473606067707
253,pop14,1,0.0004324913024902344,0.0
253,pop27,1,0.0003962516784667969,0.0
253,pop44,1,0.00042939186096191406,0.0
253,pop39,1,0.0004112720489501953,0.0
253,pop38,1,0.0004334449768066406,0.0
254,pop21,2,0.0003745555877685547,7.104873657226562e-05
254,pop22,1,0.00042438507080078125,0.0
254,pop51,5,0.0004351615905761719,1.480224201275321e-05
254,pop52,3,0.00041858355204264325,2.0966681609824987e-05
254,pop12,2,0.0005511045455932617,0.00013697147369384766
254,pop9,1,0.0008184909820556641,0.0
254,pop19,2,0.00042760372161865234,4.887580871582031e-06
254,pop18,2,0.0005904436111450195,0.00016939640045166016
254,pop43,3,0.0005292097727457682,0.00014454870133855856
254,pop11,1,0.0006597042083740234,0.0
255,pop29,2,0.0003895759582519531,5.2928924560546875e-05
255,pop51,1,0.0004489421844482422,0.0
255,pop47,1,0.00041103363037109375,0.0
255,pop53,1,0.00044846534729003906,0.0
255,pop1,3,0.0004177093505859375,2.03993068919924e-05
255,pop15,2,0.000605463981628418,3.516674041748047e-05
256,pop13,4,0.0004989504814147949,0.00016102623640358222
256,pop52,1,0.0004298686981201172,0.0
256,pop50,1,0.00041103363037109375,0.0
256,pop17,1,0.0004417896270751953,0.0
256,pop31,1,0.00042319297790527344,0.0
257,pop22,3,0.0004130999247233073,3.0019498644673172e-05
257,pop51,1,0.0003960132598876953,0.0
257,pop19,1,0.0004513263702392578,0.0
257,pop18,3,0.00048542022705078125,7.607931504486281e-05
257,pop38,1,0.00040149688720703125,0.0
258,pop33,2,0.00036525726318359375,0.00010204315185546875
258,pop50,4,0.000493168830871582,0.00010991193466834486
258,pop53,1,0.00039887428283691406,0.0
258,pop42,1,0.00041294097900390625,0.0
259,pop8,2,0.00037360191345214844,7.677078247070312e-05
259,pop51,1,0.0004391670227050781,0.0
259,pop50,3,0.0004189809163411458,1.1599226547839453e-05
259,pop32,2,0.0005817413330078125,4.506111145019531e-05
260,pop25,2,0.00036656856536865234,8.71419906616211e-05
260,pop17,1,0.0004153251647949219,0.0
260,pop50,5,0.000498819351196289,0.00011920064894832782
260,pop51,3,0.00042668978373209637,2.1392523210527e-05
260,pop9,2,0.0006088018417358398,0.00017201900482177734
260,pop14,2,0.00046253204345703125,6.198883056640625e-06
260,pop24,1,0.0007712841033935547,0.0
261,pop20,3,0.00037932395935058594,6.328954296768363e-05
261,pop46,1,0.0004267692565917969,0.0
261,pop51,1,0.0004050731658935547,0.0
261,pop43,1,0.00041866302490234375,0.0
261,pop42,2,0.0006757974624633789,0.0001627206802368164
262,pop19,2,0.0004152059555053711,4.780292510986328e-05
262,pop51,1,0.0004918575286865234,0.0
262,pop50,1,0.00044536590576171875,0.0
262,pop14,1,0.0004470348358154297,0.0
262,pop27,4,0.00046896934509277344,7.076735750665633e-05
262,pop44,1,0.0004436969757080078,0.0
263,pop21,2,0.0003846883773803711,7.617473602294922e-05
263,pop23,1,0.000484466552734375,0.0
263,pop16,1,0.0004112720489501953,0.0
263,pop50,4,0.00047707557678222656,9.299975028647864e-05
263,pop17,1,0.0003829002380371094,0.0
263,pop31,1,0.0004277229309082031,0.0
264,pop45,2,0.00037729740142822266,9.47713851928711e-05
264,pop46,3,0.0005205472310384115,0.00013628290909153382
264,pop51,1,0.00039505958557128906,0.0
264,pop52,1,0.0004324913024902344,0.0
264,pop12,1,0.0004291534423828125,0.0
265,pop33,5,0.0004405498504638672,0.00013105411054842013
265,pop50,1,0.00042819976806640625,0.0
265,pop17,1,0.0004305839538574219,0.0
265,pop31,1,0.00041794776916503906,0.0
266,pop44,2,0.0003960132598876953,6.246566772460938e-05
266,pop27,2,0.00042450428009033203,8.225440979003906e-06
266,pop14,3,0.0004459222157796224,3.440357974674442e-06
266,pop50,4,0.0005011558532714844,0.0001281672288694413
266,pop52,3,0.0004203319549560547,7.587057104023376e-06
266,pop34,2,0.0005862712860107422,0.00018858909606933594
266,pop24,1,0.0007109642028808594,0.0
267,pop13,2,0.0003790855407714844,8.749961853027344e-05
267,pop52,1,0.0004229545593261719,0.0
267,pop51,7,0.0004379068102155413,2.1391233754751357e-05
267,pop9,2,0.0006047487258911133,0.00017964839935302734
267,pop50,5,0.0004305839538574219,1.9908165502253032e-05
267,pop17,2,0.00041687488555908203,1.3113021850585938e-06
267,pop25,1,0.0008091926574707031,0.0
267,pop46,3,0.0005282560984293619,0.00013033369691127188
267,pop14,1,0.0008172988891601562,0.0
267,pop45,1,0.0007679462432861328,0.0
267,pop47,2,0.00046253204345703125,3.0994415283203125e-06
267,pop53,2,0.0004296302795410156,3.337860107421875e-06
267,pop1,3,0.000534216562906901,0.00013666471470364768
268,pop25,2,0.0003336668014526367,0.00012218952178955078
268,pop17,1,0.00042176246643066406,0.0
268,pop50,3,0.0004948774973551432,7.416832041440684e-05
268,pop51,1,0.0004248619079589844,0.0
269,pop0,3,0.00032631556193033856,0.00010950973653412397
269,pop1,2,0.00044608116149902344,0.0
269,pop53,1,0.0004134178161621094,0.0
269,pop42,2,0.0005564689636230469,3.7670135498046875e-05
270,pop6,5,0.0004539966583251953,0.0001531778345488116
270,pop7,1,0.00039386749267578125,0.0
270,pop53,1,0.0004410743713378906,0.0
270,pop50,1,0.0004305839538574219,0.0
270,pop14,1,0.000392913818359375,0.0
270,pop27,1,0.0004119873046875,0.0
270,pop44,1,0.000415802001953125,0.0
271,pop4,3,0.00033672650655110675,0.00010250822142652526
271,pop51,1,0.0004417896270751953,0.0
271,pop43,4,0.0004470348358154297,5.2497854639564524e-05
271,pop40,2,0.0005950927734375,0.0001690387725830078
272,pop44,2,0.001049041748046875,0.0005342960357666016
272,pop27,4,0.0005175471305847168,0.00017409816814067518
272,pop14,1,0.0003979206085205078,0.0
272,pop50,1,0.0003943443298339844,0.0
272,pop17,1,0.00043702125549316406,0.0
272,pop31,1,0.0004391670227050781,0.0
272,pop30,1,0.00041031837463378906,0.0
272,pop48,1,0.00044536590576171875,0.0
272,pop49,1,0.00041961669921875,0.0
273,pop13,2,0.0004317760467529297,1.1682510375976562e-05
273,pop52,1,0.0004124641418457031,0.0
273,pop50,1,0.0004405975341796875,0.0
273,pop14,1,0.0004506111145019531,0.0
273,pop27,4,0.0004699826240539551,0.00010144554698993245
273,pop44,1,0.00041604042053222656,0.0
273,pop39,1,0.0003933906555175781,0.0
274,pop25,2,0.0003685951232910156,6.437301635742188e-05
274,pop17,1,0.0004401206970214844,0.0
274,pop31,1,0.000438690185546875,0.0
274,pop30,1,0.00044798851013183594,0.0
274,pop48,3,0.0004654725392659505,4.547125630014953e-05
274,pop49,1,0.0003898143768310547,0.0
275,pop29,4,0.0004909038543701172,0.00017976436751198632
275,pop51,1,0.00041747093200683594,0.0
275,pop47,1,0.000400543212890625,0.0
275,pop53,1,0.0004315376281738281,0.0
275,pop1,1,0.0004067420959472656,0.0
275,pop0,1,0.0004127025604248047,0.0
276,pop44,2,0.0003612041473388672,7.05718994140625e-05
276,pop27,4,0.0005098581314086914,0.00013961372432697431
276,pop14,1,0.0004246234893798828,0.0
276,pop50,1,0.0003914833068847656,0.0
276,pop51,1,0.0004296302795410156,0.0
276,pop9,1,0.0004191398620605469,0.0
277,pop20,2,0.00034546852111816406,9.131431579589844e-05
277,pop46,1,0.0004551410675048828,0.0
277,pop51,1,0.00043201446533203125,0.0
277,pop43,5,0.000450897216796875,4.829430655409662e-05
277,pop40,2,0.0005341768264770508,9.071826934814453e-05
278,pop21,2,0.0004000663757324219,3.266334533691406e-05
278,pop23,1,0.0004451274871826172,0.0
278,pop16,1,0.00043487548828125,0.0
278,pop50,1,0.00041413307189941406,0.0
278,pop17,1,0.0004076957702636719,0.0
278,pop31,2,0.0004349946975708008,1.1324882507324219e-05
278,pop30,1,0.0004611015319824219,0.0
278,pop48,2,0.0005002021789550781,5.650520324707031e-05
278,pop49,1,0.0004355907440185547,0.0
279,pop0,3,0.00041445096333821613,2.5856663143165012e-05
279,pop1,1,0.00045108795166015625,0.0
279,pop53,1,0.00045228004455566406,0.0
279,pop50,3,0.000557104746500651,0.00015705039580633453
279,pop17,1,0.0004162788391113281,0.0
279,pop31,1,0.00044083595275878906,0.0
279,pop30,1,0.00042057037353515625,0.0
279,pop48,1,0.0004279613494873047,0.0
279,pop49,1,0.0004229545593261719,0.0
280,pop4,3,0.00038059552510579425,7.240217416350147e-05
280,pop51,1,0.00045180320739746094,0.0
280,pop43,3,0.0004601478576660156,6.193286863927428e-05
280,pop42,1,0.0004215240478515625,0.0
281,pop12,2,0.00039076805114746094,4.696846008300781e-05
281,pop52,1,0.000446319580078125,0.0
281,pop50,3,0.0005251566569010416,0.0001177302370760787
281,pop17,1,0.0004336833953857422,0.0
281,pop31,1,0.00038933753967285156,0.0
282,pop33,5,0.0004692554473876953,0.0001455465579361781
282,pop50,1,0.00044083595275878906,0.0
282,pop52,1,0.0004012584686279297,0.0
282,pop12,1,0.0004265308380126953,0.0
283,pop4,5,0.0003932476043701172,0.0001365364397993106
283,pop51,1,0.00042057037353515625,0.0
284,pop50,4,0.0004824399948120117,0.00014484370189577953
284,pop51,1,0.0004284381866455078,0.0
284,pop43,1,0.000400543212890625,0.0
284,pop40,1,0.0004093647003173828,0.0
285,pop57,2,0.0003591775894165039,7.68899917602539e-05
285,pop56,1,0.0004482269287109375,0.0
285,pop55,3,0.000438690185546875,1.71495728572411e-05
285,pop50,2,0.000569462776184082,0.00013148784637451172
285,pop53,1,0.00044274330139160156,0.0
285,pop42,1,0.0004112720489501953,0.0
286,pop12,2,0.0003451108932495117,9.119510650634766e-05
286,pop52,1,0.0004506111145019531,0.0
286,pop53,1,0.0004642009735107422,0.0
286,pop42,4,0.0005328655242919922,0.00011340068373069903
287,pop14,2,0.00035774707794189453,6.639957427978516e-05
287,pop50,3,0.0005234877268473307,0.00015098960750284095
287,pop51,1,0.0003910064697265625,0.0
287,pop9,1,0.0003898143768310547,0.0
288,pop13,4,0.0005130767822265625,0.00016289328932503905
288,pop52,1,0.00043272972106933594,0.0
288,pop50,1,0.00042629241943359375,0.0
288,pop14,1,0.0003948211669921875,0.0
288,pop27,1,0.00043892860412597656,0.0
288,pop44,1,0.0004067420959472656,0.0
288,pop39,1,0.0004336833953857422,0.0
288,pop38,1,0.0004048347473144531,0.0
289,pop25,2,0.0004115104675292969,3.910064697265625e-05
289,pop17,1,0.0004482269287109375,0.0
289,pop50,3,0.0005827744801839193,0.00019247063281104625
289,pop14,1,0.00041222572326660156,0.0
289,pop27,1,0.00044035911560058594,0.0
289,pop44,1,0.0004420280456542969,0.0
289,pop39,1,0.0004334449768066406,0.0
289,pop38,1,0.0004088878631591797,0.0
290,pop4,4,0.00046706199645996094,0.00016142901029325013
290,pop51,1,0.0003993511199951172,0.0
290,pop46,1,0.00043654441833496094,0.0
290,pop45,1,0.00042128562927246094,0.0
291,pop54,2,0.0004150867462158203,4.482269287109375e-05
291,pop52,1,0.00046443939208984375,0.0
291,pop50,5,0.0004759788513183594,8.893857972038927e-05
291,pop14,3,0.00042510032653808594,1.670405326205049e-05
291,pop24,2,0.000635981559753418,0.00021660327911376953
292,pop50,5,0.00046930313110351565,0.00013930621097889037
292,pop52,1,0.00040602684020996094,0.0
292,pop54,1,0.0003898143768310547,0.0
293,pop12,2,0.0003758668899536133,7.545948028564453e-05
293,pop52,1,0.0004448890686035156,0.0
293,pop53,3,0.0004380544026692708,2.104335678537415e-05
293,pop1,4,0.0004062056541442871,1.395041585799551e-05
293,pop0,3,0.0005359649658203125,0.0001599979934022291
293,pop50,2,0.0005705356597900391,0.00017952919006347656
294,pop14,2,0.0004146099090576172,4.363059997558594e-05
294,pop50,3,0.0007579326629638672,0.0004711731850460242
294,pop51,1,0.0004467964172363281,0.0
294,pop46,3,0.0004642804463704427,5.519525992247501e-05
294,pop45,2,0.0005059242248535156,7.05718994140625e-05
295,pop22,4,0.0004627704620361328,0.00014868643566305292
295,pop51,1,0.00042748451232910156,0.0
295,pop46,1,0.0003991127014160156,0.0
295,pop45,1,0.000431060791015625,0.0
296,pop8,2,0.0004220008850097656,3.8623809814453125e-05
296,pop51,1,0.0004336833953857422,0.0
296,pop19,1,0.0004024505615234375,0.0
296,pop18,4,0.00046497583389282227,4.818072433638492e-05
296,pop38,1,0.0004096031188964844,0.0
297,pop19,2,0.0003998279571533203,7.43865966796875e-05
297,pop51,3,0.0004494984944661458,1.9133328234639722e-05
297,pop47,1,0.0004215240478515625,0.0
297,pop53,3,0.0004049936930338542,5.555147208309585e-06
297,pop1,4,0.0004221796989440918,2.194770579280494e-05
297,pop0,3,0.0005141099294026693,9.362624712124606e-05
297,pop50,4,0.0005040764808654785,0.00011520211750080025
297,pop17,1,0.0007102489471435547,0.0
297,pop9,1,0.0007789134979248047,0.0
298,pop20,5,0.00040235519409179685,0.00014224985132383527
298,pop46,1,0.0004200935363769531,0.0
298,pop45,1,0.00038504600524902344,0.0
299,pop14,2,0.0004316568374633789,1.6808509826660156e-05
299,pop50,1,0.0008833408355712891,0.0
299,pop52,1,0.0004277229309082031,0.0
299,pop51,3,0.0004513263702392578,4.022614394774044e-06
299,pop29,2,0.0005730390548706055,0.00014531612396240234
299,pop43,2,0.0004279613494873047,2.3603439331054688e-05
299,pop42,4,0.0005980730056762695,0.00017036842650432768
300,pop45,2,0.0004197359085083008,4.589557647705078e-05
300,pop46,3,0.00043320655822753906,1.7074277364819788e-05
300,pop51,1,0.00041294097900390625,0.0
300,pop29,2,0.0006561279296875,0.00012874603271484375
301,pop50,2,0.0004222393035888672,3.147125244140625e-05
301,pop51,3,0.00044004122416178387,1.0609552356968593e-05
301,pop8,2,0.0005779266357421875,0.00015997886657714844
301,pop47,2,0.0004177093505859375,4.76837158203125e-06
301,pop53,2,0.00042188167572021484,1.609325408935547e-05
301,pop1,3,0.0006641546885172526,0.00017348970779240436
302,pop22,4,0.0004989504814147949,0.00014081613411969884
302,pop51,1,0.000431060791015625,0.0
302,pop8,1,0.0003960132598876953,0.0
303,pop8,2,0.00037729740142822266,9.572505950927734e-05
303,pop51,6,0.0004527568817138672,1.4533106917671652e-05
303,pop52,3,0.00042287508646647137,1.667832210274998e-05
303,pop54,2,0.0005966424942016602,0.00016605854034423828
303,pop53,3,0.0004467964172363281,1.8896834583696707e-05
303,pop7,2,0.00045740604400634766,3.5762786865234375e-07
303,pop6,2,0.0005831718444824219,0.00016188621520996094
303,pop50,6,0.00047957897186279297,0.0001146898897606435
303,pop14,2,0.00042188167572021484,2.0265579223632812e-06
303,pop24,1,0.0007669925689697266,0.0
303,pop9,2,0.0006901025772094727,1.895427703857422e-05
303,pop22,2,0.0004546642303466797,1.1920928955078125e-06
303,pop21,1,0.0008280277252197266,0.0
303,pop29,1,0.0006856918334960938,0.0
303,pop47,1,0.0007653236389160156,0.0
303,pop33,1,0.0008120536804199219,0.0
304,pop20,4,0.00035828351974487305,0.00012593155317916897
304,pop46,1,0.00044918060302734375,0.0
304,pop51,2,0.0006108283996582031,0.0001933574676513672
304,pop50,2,0.0006084442138671875,0.0001556873321533203
304,pop17,2,0.00044524669647216797,1.5497207641601562e-06
304,pop31,2,0.0005328655242919922,0.00012350082397460938
304,pop52,1,0.0004191398620605469,0.0
305,pop14,2,0.0004172325134277344,4.2438507080078125e-05
305,pop27,4,0.0004954338073730469,0.00011826979452156553
305,pop44,1,0.00045108795166015625,0.0
305,pop39,1,0.00042366981506347656,0.0
305,pop38,1,0.00038504600524902344,0.0
306,pop57,2,0.00041937828063964844,3.647804260253906e-05
306,pop56,1,0.00045609474182128906,0.0
306,pop55,3,0.0005255540211995443,0.00015461272774919065
306,pop50,1,0.00043320655822753906,0.0
306,pop14,1,0.00044035911560058594,0.0
306,pop27,1,0.00039887428283691406,0.0
306,pop44,1,0.00043845176696777344,0.0
306,pop39,1,0.00040602684020996094,0.0
306,pop38,1,0.0004324913024902344,0.0
307,pop19,2,0.0004372596740722656,1.9550323486328125e-05
307,pop18,3,0.0004799365997314453,6.183826059652937e-05
307,pop38,1,0.00040435791015625,0.0
307,pop39,1,0.00043582916259765625,0.0
308,pop22,3,0.000387271245320638,6.873800549045896e-05
308,pop51,3,0.0004336833953857422,1.2338017495093928e-05
308,pop52,3,0.00044910113016764325,4.13106009749318e-06
308,pop13,3,0.0005488395690917969,0.00016908108182205503
308,pop29,2,0.0006737709045410156,5.4836273193359375e-06
309,pop20,3,0.0004056294759114583,5.918812922073042e-05
309,pop46,2,0.0005946159362792969,0.00015306472778320312
309,pop51,1,0.00039386749267578125,0.0
309,pop50,1,0.0004451274871826172,0.0
309,pop17,1,0.0004086494445800781,0.0
309,pop31,1,0.00041222572326660156,0.0
310,pop6,5,0.0004672527313232422,0.0001276359027383706
310,pop7,1,0.0004127025604248047,0.0
310,pop53,1,0.0004420280456542969,0.0
310,pop42,1,0.0004029273986816406,0.0
310,pop43,1,0.0004470348358154297,0.0
310,pop40,1,0.00041413307189941406,0.0
311,pop8,2,0.0003597736358642578,0.00010085105895996094
311,pop51,3,0.000429073969523112,1.1234100842606485e-05
311,pop52,3,0.0005203882853190104,0.00013536862068308928
311,pop12,2,0.000500798225402832,8.14199447631836e-05
311,pop43,3,0.0006008148193359375,0.0001080666674499027
312,pop22,2,0.00037348270416259766,8.618831634521484e-05
312,pop51,1,0.0004532337188720703,0.0
312,pop50,1,0.0004146099090576172,0.0
312,pop32,4,0.0005292892456054688,0.00013043947791426238
313,pop29,3,0.00033656756083170575,0.00014938204603782106
313,pop51,2,0.0005695819854736328,0.00013899803161621094
313,pop36,2,0.0004981756210327148,4.4465065002441406e-05
314,pop44,2,0.0004253387451171875,4.4345855712890625e-05
314,pop27,4,0.0005113482475280762,0.00016282272937874097
314,pop14,1,0.00042724609375,0.0
314,pop50,1,0.00040841102600097656,0.0
314,pop51,1,0.00043702125549316406,0.0
314,pop29,1,0.0004208087921142578,0.0
315,pop54,2,0.00038373470306396484,8.285045623779297e-05
315,pop52,1,0.00044226646423339844,0.0
315,pop53,1,0.0004265308380126953,0.0
315,pop1,4,0.0004660487174987793,6.310989215219173e-05
315,pop0,1,0.00041174888610839844,0.0
316,pop12,2,0.0004048347473144531,2.7894973754882812e-05
316,pop52,1,0.00043129920959472656,0.0
316,pop51,1,0.0004448890686035156,0.0
316,pop29,3,0.0005699793497721354,0.00014018489830788366
317,pop57,2,0.0003579854965209961,0.00010287761688232422
317,pop56,1,0.00044345855712890625,0.0
317,pop55,2,0.0004322528839111328,3.814697265625e-06
317,pop52,3,0.00042947133382161457,9.774838677420169e-06
317,pop34,2,0.0006033182144165039,0.00020134449005126953
317,pop51,2,0.0004315376281738281,2.86102294921875e-06
317,pop36,2,0.0005521774291992188,0.00010848045349121094
318,pop21,2,0.0004140138626098633,4.1365623474121094e-05
318,pop23,1,0.0003974437713623047,0.0
318,pop16,1,0.0004477500915527344,0.0
318,pop50,1,0.0004138946533203125,0.0
318,pop53,1,0.0004169940948486328,0.0
318,pop1,3,0.0004937648773193359,7.445712088356264e-05
318,pop15,1,0.0004253387451171875,0.0
319,pop0,4,0.00046265125274658203,0.000152793620789884
319,pop1,1,0.0004189014434814453,0.0
319,pop53,1,0.0003914833068847656,0.0
319,pop50,1,0.00044989585876464844,0.0
319,pop32,1,0.0003979206085205078,0.0
320,pop33,5,0.00043497085571289065,0.00014468551644122193
320,pop50,1,0.0004296302795410156,0.0
320,pop53,1,0.0004036426544189453,0.0
320,pop42,1,0.00044727325439453125,0.0
321,pop50,2,0.00040853023529052734,3.612041473388672e-05
321,pop14,1,0.0004127025604248047,0.0
321,pop27,3,0.0004921754201253256,7.480426982819094e-05
321,pop44,1,0.00043129920959472656,0.0
321,pop39,1,0.00039958953857421875,0.0
322,pop14,2,0.0004165172576904297,3.981590270996094e-05
322,pop50,1,0.00041937828063964844,0.0
322,pop17,1,0.00044846534729003906,0.0
322,pop31,1,0.0004451274871826172,0.0
322,pop30,1,0.00040721893310546875,0.0
322,pop48,1,0.0004177093505859375,0.0
322,pop49,4,0.0005649328231811523,0.0001634133272511306
323,pop19,2,0.0004057884216308594,4.744529724121094e-05
323,pop51,1,0.00041937828063964844,0.0
323,pop47,1,0.000469207763671875,0.0
323,pop53,1,0.00040912628173828125,0.0
323,pop1,1,0.0004067420959472656,0.0
323,pop0,4,0.0005142092704772949,0.0001011477123565622
324,pop20,2,0.00039446353912353516,5.1140785217285156e-05
324,pop46,2,0.0004227161407470703,2.1457672119140625e-05
324,pop51,1,0.00041031837463378906,0.0
324,pop50,4,0.00048792362213134766,9.892079938338808e-05
324,pop14,3,0.00043892860412597656,8.948375795002777e-06
324,pop24,2,0.0005751848220825195,0.00021183490753173828
325,pop50,4,0.0005095601081848145,0.00016595965833344324
325,pop17,1,0.00039458274841308594,0.0
325,pop31,1,0.0004467964172363281,0.0
325,pop30,1,0.0004508495330810547,0.0
325,pop48,1,0.00040531158447265625,0.0
325,pop49,1,0.00043392181396484375,0.0
326,pop13,5,0.0004962921142578125,0.00013999232461445405
326,pop52,1,0.0004100799560546875,0.0
326,pop51,1,0.0003948211669921875,0.0
326,pop8,1,0.0004229545593261719,0.0
327,pop25,2,0.0004057884216308594,2.0503997802734375e-05
327,pop17,1,0.000453948974609375,0.0
327,pop50,4,0.00043886899948120117,1.2648970729857057e-05
327,pop51,3,0.00044226646423339844,1.0524679356323778e-05
327,pop8,2,0.0005922317504882812,0.00019311904907226562
327,pop14,2,0.00044214725494384766,1.2993812561035156e-05
327,pop27,2,0.0007659196853637695,5.0902366638183594e-05
328,pop4,4,0.0003775954246520996,0.00014936818138091583
328,pop51,1,0.0004076957702636719,0.0
329,pop6,5,0.00042023658752441404,0.00013644756729931456
329,pop7,1,0.0004189014434814453,0.0
329,pop53,1,0.0003924369812011719,0.0
329,pop1,1,0.0004398822784423828,0.0
329,pop15,1,0.0004336833953857422,0.0
330,pop8,2,0.00034868717193603516,6.99758529663086e-05
330,pop51,1,0.00046062469482421875,0.0
330,pop43,4,0.000470578670501709,6.835098805045269e-05
330,pop42,1,0.00041985511779785156,0.0
331,pop22,4,0.0005118250846862793,0.00018364208466578236
331,pop51,1,0.0004057884216308594,0.0
331,pop19,1,0.0004482269287109375,0.0
331,pop18,1,0.00040650367736816406,0.0
331,pop38,1,0.00042557716369628906,0.0
332,pop33,4,0.0004970431327819824,0.0001569339814408244
332,pop50,1,0.0004134178161621094,0.0
332,pop14,1,0.00043773651123046875,0.0
332,pop27,1,0.00038361549377441406,0.0
332,pop44,1,0.000431060791015625,0.0
332,pop39,1,0.0004105567932128906,0.0
333,pop20,5,0.0003928661346435547,0.00014558568593171843
333,pop46,1,0.0004410743713378906,0.0
333,pop45,1,0.00039196014404296875,0.0
334,pop44,2,0.0004214048385620117,2.086162567138672e-05
334,pop27,3,0.0005439122517903646,0.0001558915193671368
334,pop14,1,0.0004291534423828125,0.0
334,pop50,1,0.00041866302490234375,0.0
334,pop51,1,0.00044274330139160156,0.0
334,pop43,1,0.0004203319549560547,0.0
334,pop40,1,0.0004019737243652344,0.0
335,pop57,2,0.00034689903259277344,8.535385131835938e-05
335,pop56,1,0.00044083595275878906,0.0
335,pop55,1,0.00043272972106933594,0.0
335,pop52,1,0.0004038810729980469,0.0
335,pop13,3,0.0005702177683512369,0.00013718696106730847
336,pop50,5,0.0005046844482421875,0.00015493505475852945
336,pop51,1,0.0004127025604248047,0.0
336,pop29,1,0.0004215240478515625,0.0
337,pop25,2,0.00035893917083740234,7.331371307373047e-05
337,pop17,1,0.0004448890686035156,0.0
337,pop50,3,0.0005392233530680338,0.00014632302418384936
337,pop52,1,0.00043582916259765625,0.0
337,pop34,1,0.0004367828369140625,0.0
338,pop20,5,0.0004436969757080078,0.00014776998120523687
338,pop46,1,0.00043964385986328125,0.0
338,pop51,1,0.0004150867462158203,0.0
338,pop52,1,0.00044727325439453125,0.0
338,pop12,1,0.0004012584686279297,0.0
339,pop4,5,0.0004946231842041015,0.00016474469178767213
339,pop51,1,0.0004036426544189453,0.0
339,pop19,1,0.00041556358337402344,0.0
339,pop18,1,0.00044155120849609375,0.0
339,pop38,1,0.00042724609375,0.0
340,pop8,2,0.00029206275939941406,0.00013566017150878906
340,pop51,3,0.00042708714803059894,1.4220535171541156e-05
340,pop9,2,0.0005290508270263672,0.00013446807861328125
340,pop52,1,0.0006978511810302734,0.0
340,pop53,2,0.0004216432571411133,3.933906555175781e-06
340,pop3,4,0.0005832910537719727,0.00013702665782715923
340,pop47,1,0.00045680999755859375,0.0
341,pop57,2,0.00039637088775634766,4.8041343688964844e-05
341,pop56,1,0.0004410743713378906,0.0
341,pop55,1,0.0004165172576904297,0.0
341,pop50,4,0.0005093812942504883,0.00015151772695481584
341,pop51,1,0.000415802001953125,0.0
341,pop43,1,0.0004439353942871094,0.0
341,pop40,1,0.00043129920959472656,0.0
342,pop50,3,0.0004069010416666667,3.314294582467153e-05
342,pop51,6,0.0004502137502034505,6.873828114245323e-06
342,pop29,2,0.0005868673324584961,0.0001817941665649414
342,pop47,3,0.00044417381286621094,1.6713125389406094e-05
342,pop53,4,0.0005278587341308594,0.0001515821001473396
342,pop1,2,0.0004552602767944336,1.5497207641601562e-06
342,pop0,2,0.0005491971969604492,0.00011670589447021484
342,pop55,1,0.0007233619689941406,0.0
342,pop52,2,0.0004342794418334961,1.8715858459472656e-05
342,pop37,1,0.0007574558258056641,0.0
342,pop19,1,0.0007803440093994141,0.0
342,pop7,2,0.00042307376861572266,2.7418136596679688e-06
342,pop6,2,0.0005230903625488281,7.128715515136719e-05
342,pop22,2,0.0008082389831542969,3.0994415283203125e-06
343,pop25,2,0.00034940242767333984,7.68899917602539e-05
343,pop17,1,0.0004475116729736328,0.0
343,pop50,1,0.00040793418884277344,0.0
343,pop52,3,0.00043193499247233075,5.538066670158496e-06
343,pop54,2,0.0005841255187988281,0.00015044212341308594
343,pop51,2,0.00042700767517089844,1.6450881958007812e-05
343,pop10,3,0.0006469090779622396,0.0001645473229381178
344,pop45,2,0.00038230419158935547,4.780292510986328e-05
344,pop46,1,0.0004513263702392578,0.0
344,pop51,1,0.00042700767517089844,0.0
344,pop47,1,0.00045990943908691406,0.0
344,pop53,1,0.0004496574401855469,0.0
344,pop1,4,0.0004690885543823242,5.599449533998109e-05
344,pop0,1,0.0004432201385498047,0.0
345,pop8,2,0.0004121065139770508,2.682209014892578e-05
345,pop51,1,0.0004410743713378906,0.0
345,pop50,4,0.0005109906196594238,0.0001507225399663134
345,pop14,1,0.0004200935363769531,0.0
345,pop27,1,0.000438690185546875,0.0
345,pop44,1,0.0003991127014160156,0.0
346,pop4,2,0.0003992319107055664,6.663799285888672e-05
346,pop51,1,0.0004489421844482422,0.0
346,pop50,2,0.00042629241943359375,2.2649765014648438e-05
346,pop32,2,0.0006754398345947266,0.00010323524475097656
347,pop50,5,0.0004957675933837891,0.00015860800947384233
347,pop51,1,0.0004107952117919922,0.0
347,pop43,1,0.00043892860412597656,0.0
347,pop40,1,0.0003979206085205078,0.0
348,pop25,2,0.00041294097900390625,3.647804260253906e-05
348,pop17,1,0.0004253387451171875,0.0
348,pop50,2,0.0004391670227050781,2.384185791015625e-05
348,pop14,1,0.0004546642303466797,0.0
348,pop27,3,0.0005286534627278646,0.0001355026474371917
348,pop44,1,0.0004382133483886719,0.0
348,pop39,1,0.0004124641418457031,0.0
348,pop38,1,0.00042057037353515625,0.0
349,pop22,4,0.0004630088806152344,0.00014836466540712692
349,pop51,1,0.0004315376281738281,0.0
349,pop52,1,0.00040459632873535156,0.0
349,pop13,1,0.0004305839538574219,0.0
350,pop33,5,0.0004559040069580078,0.00011580296444240316
350,pop50,1,0.0004010200500488281,0.0
350,pop52,1,0.0004353523254394531,0.0
350,pop13,1,0.0003998279571533203,0.0
351,pop45,2,0.0004119873046875,3.814697265625e-05
351,pop46,2,0.0004189014434814453,1.3113021850585938e-05
351,pop51,1,0.0004546642303466797,0.0
351,pop47,1,0.00042057037353515625,0.0
351,pop53,1,0.0004436969757080078,0.0
351,pop1,3,0.0004851818084716797,8.824794596125732e-05
351,pop15,1,0.0003941059112548828,0.0
352,pop8,3,0.00039831797281901043,0.00022442947027586887
352,pop51,2,0.0004398822784423828,1.6689300537109375e-06
352,pop50,5,0.0005300045013427734,0.0001476295080586116
352,pop35,1,0.0008082389831542969,0.0
353,pop29,3,0.000379641850789388,7.130332254535321e-05
353,pop51,1,0.0004489421844482422,0.0
353,pop52,3,0.00042692820231119793,2.297109360368922e-05
353,pop13,2,0.0005997419357299805,0.00016319751739501953
353,pop50,3,0.0004317760467529297,1.0632149938176201e-05
353,pop17,2,0.0004417896270751953,1.7404556274414062e-05
353,pop31,2,0.0005692243576049805,0.0001112222671508789
354,pop54,2,0.00042951107025146484,3.707408905029297e-05
354,pop52,1,0.0004203319549560547,0.0
354,pop50,1,0.0004062652587890625,0.0
354,pop14,1,0.0004565715789794922,0.0
354,pop27,3,0.0005184014638264974,0.0001429629495491316
354,pop44,1,0.0004496574401855469,0.0
354,pop39,1,0.0004200935363769531,0.0
354,pop38,1,0.00042438507080078125,0.0
355,pop12,2,0.00040471553802490234,4.589557647705078e-05
355,pop52,1,0.00043201446533203125,0.0
355,pop51,3,0.000415802001953125,1.1177738351565401e-05
355,pop8,2,0.0005646944046020508,0.00013577938079833984
355,pop43,3,0.00044043858846028644,1.796051463905354e-05
355,pop40,1,0.0005538463592529297,0.0
355,pop42,3,0.0005625883738199869,0.00017351766476849772
356,pop20,5,0.00048131942749023436,0.00012640865826386673
356,pop46,1,0.0004093647003173828,0.0
356,pop51,1,0.0004413127899169922,0.0
356,pop50,1,0.0004038810729980469,0.0
356,pop14,1,0.00043201446533203125,0.0
356,pop24,1,0.0004265308380126953,0.0
357,pop25,2,0.0003815889358520508,8.308887481689453e-05
357,pop17,1,0.0004074573516845703,0.0
357,pop50,1,0.00040459632873535156,0.0
357,pop53,1,0.0004620552062988281,0.0
357,pop42,3,0.0005693435668945312,0.00012114682785001973
358,pop22,2,0.00036907196044921875,6.723403930664062e-05
358,pop51,1,0.0004355907440185547,0.0
358,pop50,1,0.0004057884216308594,0.0
358,pop32,3,0.0005563100179036459,0.00011937453155572878
359,pop45,3,0.0004470348358154297,0.0002876354569913596
359,pop46,3,0.0004208087921142578,2.3458094342575986e-05
359,pop51,2,0.0004475116729736328,1.430511474609375e-06
359,pop50,2,0.0008115768432617188,0.0004107952117919922
359,pop52,1,0.0004239082336425781,0.0
360,pop8,2,0.0003955364227294922,6.604194641113281e-05
360,pop51,1,0.0004229545593261719,0.0
360,pop47,1,0.0004527568817138672,0.0
360,pop53,1,0.0004608631134033203,0.0
360,pop1,4,0.0004658699035644531,6.51164308358012e-05
360,pop0,1,0.0003952980041503906,0.0
361,pop21,2,0.0004175901412963867,4.8279762268066406e-05
361,pop23,1,0.0004100799560546875,0.0
361,pop16,1,0.0004410743713378906,0.0
361,pop50,2,0.0004341602325439453,1.6689300537109375e-05
361,pop53,1,0.00044417381286621094,0.0
361,pop1,1,0.00041675567626953125,0.0
361,pop0,3,0.0005629857381184896,0.000128047326587263
362,pop0,2,0.00037360191345214844,8.106231689453125e-05
362,pop1,1,0.00040435791015625,0.0
362,pop53,1,0.0004127025604248047,0.0
362,pop50,6,0.00047214825948079425,0.00010435579361321209
362,pop14,3,0.0004394849141438802,1.5798516901354348e-05
362,pop24,2,0.0005754232406616211,0.0001729726791381836
362,pop51,2,0.0004709959030151367,1.5854835510253906e-05
362,pop43,1,0.0007131099700927734,0.0
363,pop57,2,0.0003521442413330078,0.00010728836059570312
363,pop56,1,0.0004067420959472656,0.0
363,pop55,3,0.0005171298980712891,0.00011369391864029256
363,pop50,1,0.0004482269287109375,0.0
363,pop32,1,0.0004074573516845703,0.0
364,pop12,2,0.00042438507080078125,3.266334533691406e-05
364,pop52,1,0.00041675567626953125,0.0
364,pop50,4,0.0005094408988952637,0.00013179042546037606
364,pop14,1,0.0004284381866455078,0.0
364,pop27,1,0.0004401206970214844,0.0
364,pop44,1,0.00040340423583984375,0.0
365,pop8,2,0.0011909008026123047,0.0007042884826660156
365,pop51,1,0.0004248619079589844,0.0
365,pop43,2,0.00045621395111083984,1.4662742614746094e-05
365,pop42,2,0.0006605386734008789,0.00015175342559814453
366,pop14,2,0.00038635730743408203,6.377696990966797e-05
366,pop50,3,0.0005198319753011068,0.0001484544935755808
366,pop51,1,0.0004374980926513672,0.0
366,pop9,1,0.0004260540008544922,0.0
367,pop22,3,0.00036676724751790363,8.984982342613679e-05
367,pop51,1,0.000438690185546875,0.0
367,pop43,3,0.0004817644755045573,6.440371891848673e-05
367,pop40,1,0.00041985511779785156,0.0
368,pop21,2,0.0003726482391357422,8.249282836914062e-05
368,pop22,2,0.00042629241943359375,1.8596649169921875e-05
368,pop51,1,0.00045990943908691406,0.0
368,pop52,3,0.00041063626607259113,4.010033865465439e-06
368,pop12,2,0.0005137920379638672,0.00011205673217773438
368,pop13,2,0.0006774663925170898,7.641315460205078e-05
369,pop8,2,0.00040090084075927734,5.447864532470703e-05
369,pop51,1,0.00042128562927246094,0.0
369,pop47,1,0.0004572868347167969,0.0
369,pop53,1,0.0004248619079589844,0.0
369,pop1,1,0.000446319580078125,0.0
369,pop0,4,0.0005538463592529297,0.00016303586477229356
370,pop19,2,0.0004273653030395508,3.254413604736328e-05
370,pop51,1,0.00041365623474121094,0.0
370,pop47,1,0.0004394054412841797,0.0
370,pop53,1,0.00041365623474121094,0.0
370,pop1,2,0.00043261051177978516,1.7762184143066406e-05
370,pop15,3,0.0005878607432047526,0.00013300570771523654
371,pop14,2,0.0003883838653564453,7.295608520507812e-05
371,pop50,3,0.000511328379313151,0.00012018918915154195
371,pop53,1,0.0004363059997558594,0.0
371,pop42,1,0.0004074573516845703,0.0
372,pop22,4,0.0005013346672058105,0.00018002018770199403
372,pop51,1,0.00043773651123046875,0.0
372,pop8,1,0.0004258155822753906,0.0
373,pop13,5,0.0004120349884033203,0.0001535868281825387
373,pop52,1,0.00044035911560058594,0.0
373,pop34,1,0.0004200935363769531,0.0
374,pop6,5,0.0004806041717529297,0.00015743733253933045
374,pop7,1,0.0004284381866455078,0.0
374,pop53,1,0.0004241466522216797,0.0
374,pop50,1,0.00045680999755859375,0.0
374,pop17,1,0.00043773651123046875,0.0
374,pop31,1,0.00043892860412597656,0.0
374,pop30,1,0.0004189014434814453,0.0
374,pop48,1,0.00043511390686035156,0.0
374,pop49,1,0.00043773651123046875,0.0
375,pop33,5,0.0004589557647705078,0.00013112744415122644
375,pop50,1,0.0004527568817138672,0.0
375,pop53,1,0.00040650367736816406,0.0
375,pop1,1,0.00040459632873535156,0.0
375,pop15,1,0.00042819976806640625,0.0
376,pop44,3,0.0004379749298095703,0.0002622626766918379
376,pop27,3,0.0004764397939046224,7.092337176471753e-05
377,pop29,4,0.00038307905197143555,7.689458903534106e-05
377,pop51,3,0.0004273255666097005,1.6809590096776535e-05
377,pop52,3,0.0004431406656901042,4.7137523099062975e-06
377,pop34,2,0.0006163120269775391,0.00017976760864257812
377,pop46,2,0.0005674362182617188,0.00013566017150878906
378,pop54,2,0.00028502941131591797,0.00013172626495361328
378,pop52,3,0.00041063626607259113,6.521618601140545e-06
378,pop34,2,0.000586390495300293,0.00015652179718017578
378,pop50,4,0.0004315376281738281,1.411611153315822e-05
378,pop35,1,0.0008158683776855469,0.0
378,pop51,2,0.0004513263702392578,2.384185791015625e-05
378,pop43,2,0.0005702972412109375,0.00016164779663085938
379,pop20,5,0.00038828849792480467,0.00013865212737787587
379,pop46,1,0.0004036426544189453,0.0
379,pop51,1,0.0004353523254394531,0.0
380,pop25,2,0.00040352344512939453,3.4689903259277344e-05
380,pop17,1,0.0004532337188720703,0.0
380,pop50,3,0.0006803671518961588,0.00034617230090107923
380,pop53,1,0.0004131793975830078,0.0
380,pop42,1,0.000438690185546875,0.0
380,pop43,1,0.0004031658172607422,0.0
380,pop40,1,0.0004112720489501953,0.0
381,pop19,4,0.00038123130798339844,6.567014603624962e-05
381,pop51,3,0.0004298686981201172,2.14125901406457e-05
381,pop52,3,0.0004467964172363281,5.1907398836796856e-06
381,pop12,2,0.000598907470703125,0.0001926422119140625
381,pop18,4,0.0005893707275390625,0.00012494998894546492
382,pop29,2,0.00034821033477783203,8.26120376586914e-05
382,pop51,3,0.00044194857279459637,2.8733368187618266e-05
382,pop43,4,0.0004412531852722168,2.090509178030387e-05
382,pop40,2,0.0006374120712280273,0.00021135807037353516
382,pop19,2,0.00044667720794677734,1.5497207641601562e-06
382,pop18,3,0.0006160736083984375,0.00014786770763226966
383,pop54,2,0.00036716461181640625,6.842613220214844e-05
383,pop52,1,0.00045371055603027344,0.0
383,pop50,4,0.00046896934509277344,7.957539301980413e-05
383,pop32,1,0.00043702125549316406,0.0
384,pop20,2,0.0003033876419067383,0.0001291036605834961
384,pop46,1,0.00045418739318847656,0.0
384,pop51,3,0.00044218699137369793,1.6359445218819067e-05
384,pop9,2,0.0005817413330078125,0.000152587890625
384,pop50,3,0.0005234082539876302,0.00012178971364368218
385,pop8,2,0.0003714561462402344,5.984306335449219e-05
385,pop51,1,0.00044655799865722656,0.0
385,pop50,1,0.00041675567626953125,0.0
385,pop32,4,0.0005500316619873047,0.00016347597182745147
386,pop4,4,0.00040531158447265625,4.951506761173755e-05
386,pop51,1,0.0004551410675048828,0.0
386,pop47,1,0.0004603862762451172,0.0
386,pop53,1,0.0004551410675048828,0.0
386,pop1,1,0.0004360675811767578,0.0
386,pop0,2,0.0006219148635864258,6.92605972290039e-05
387,pop50,5,0.0004954814910888671,0.00016886926580579704
387,pop51,1,0.00041103363037109375,0.0
387,pop8,1,0.0004088878631591797,0.0
388,pop14,2,0.00036466121673583984,6.449222564697266e-05
388,pop50,4,0.0005020499229431152,0.00012659649104707716
388,pop52,3,0.00043400128682454425,1.5124501623747786e-05
388,pop12,2,0.0005779266357421875,0.00017762184143066406
388,pop51,2,0.00042688846588134766,1.1563301086425781e-05
388,pop46,1,0.0007228851318359375,0.0
389,pop22,2,0.000385284423828125,5.602836608886719e-05
389,pop51,1,0.000461578369140625,0.0
389,pop47,1,0.0004100799560546875,0.0
389,pop53,1,0.0004551410675048828,0.0
389,pop1,4,0.0004642009735107422,5.490723455174805e-05
389,pop15,1,0.00043964385986328125,0.0
390,pop54,2,0.0004112720489501953,3.528594970703125e-05
390,pop52,1,0.0004508495330810547,0.0
390,pop50,1,0.0004277229309082031,0.0
390,pop14,1,0.000453948974609375,0.0
390,pop27,3,0.0004903475443522135,7.813253261363698e-05
390,pop44,1,0.00042748451232910156,0.0
391,pop20,5,0.0004530906677246094,0.0001406618375976404
391,pop46,1,0.0004069805145263672,0.0
391,pop51,1,0.0004451274871826172,0.0
391,pop52,1,0.0004551410675048828,0.0
391,pop54,1,0.0003962516784667969,0.0
392,pop33,3,0.00043702125549316406,3.002433732669661e-05
392,pop50,3,0.0005617141723632812,0.0001867614570237411
392,pop14,1,0.0004367828369140625,0.0
392,pop27,1,0.00043320655822753906,0.0
392,pop44,1,0.0004019737243652344,0.0
392,pop39,1,0.0004513263702392578,0.0
392,pop38,1,0.0003924369812011719,0.0
393,pop45,2,0.0003732442855834961,0.00010287761688232422
393,pop46,2,0.00045359134674072266,5.841255187988281e-06
393,pop51,1,0.00044345855712890625,0.0
393,pop52,3,0.0004424254099527995,1.0391209366277791e-05
393,pop12,2,0.0006039142608642578,0.0001976490020751953
393,pop50,3,0.00043471654256184894,1.4200534721496614e-05
393,pop17,2,0.0004439353942871094,1.33514404296875e-05
393,pop25,1,0.0007736682891845703,0.0
393,pop53,2,0.00044846534729003906,2.384185791015625e-06
393,pop41,1,0.0006151199340820312,0.0
393,pop40,1,0.00043964385986328125,0.0
393,pop43,1,0.0007510185241699219,0.0
393,pop42,2,0.0005687475204467773,0.00013434886932373047
394,pop19,2,0.0004107952117919922,4.267692565917969e-05
394,pop51,1,0.00045490264892578125,0.0
394,pop47,1,0.0003979206085205078,0.0
394,pop53,1,0.00044989585876464844,0.0
394,pop1,3,0.00047357877095540363,7.096824025850397e-05
394,pop15,1,0.00040531158447265625,0.0
395,pop4,2,0.0003980398178100586,7.021427154541016e-05
395,pop51,1,0.00045180320739746094,0.0
395,pop50,2,0.0004197359085083008,3.349781036376953e-05
395,pop14,3,0.00043654441833496094,1.0642837308880722e-05
395,pop24,2,0.0005133152008056641,0.00011110305786132812
395,pop27,2,0.0006237030029296875,4.744529724121094e-05
396,pop50,4,0.00041556358337402344,4.1987061945790744e-05
396,pop51,1,0.0004172325134277344,0.0
396,pop43,2,0.0005202293395996094,7.200241088867188e-05
396,pop40,1,0.0004050731658935547,0.0
397,pop22,2,0.00036334991455078125,0.00010752677917480469
397,pop51,3,0.0004424254099527995,2.1488849924635064e-05
397,pop52,4,0.00041407346725463867,1.591734198927879e-05
397,pop34,2,0.0006195306777954102,0.00019848346710205078
397,pop43,3,0.00043121973673502606,1.4609610600112007e-05
397,pop40,1,0.0007891654968261719,0.0
397,pop55,3,0.0005158583323160807,0.00010902540965231189
398,pop20,2,0.00030303001403808594,0.0001571178436279297
398,pop46,1,0.0004405975341796875,0.0
398,pop51,2,0.0005452632904052734,0.0001499652862548828
398,pop50,3,0.000526587168375651,0.00010576067102088326
399,pop0,3,0.00038234392801920575,8.557784254961716e-05
399,pop1,2,0.0005297660827636719,0.00010085105895996094
399,pop53,1,0.0004169940948486328,0.0
399,pop52,1,0.0004534721374511719,0.0
399,pop12,1,0.0004451274871826172,0.0
400,pop57,2,0.00041413307189941406,5.7220458984375e-05
400,pop56,1,0.0004124641418457031,0.0
400,pop55,3,0.0005413691202799479,0.00017694303377592427
400,pop50,1,0.0004417896270751953,0.0
400,pop51,1,0.0004105567932128906,0.0
400,pop43,1,0.000446319580078125,0.0
400,pop40,1,0.000431060791015625,0.0
401,pop12,3,0.00045069058736165363,0.00027136722190250647
401,pop52,2,0.000408172607421875,3.337860107421875e-06
401,pop50,4,0.0005103945732116699,0.0001281531882440508
402,pop4,5,0.0004821300506591797,0.00014217660927701552
402,pop51,1,0.00045800209045410156,0.0
402,pop50,1,0.0004036426544189453,0.0
402,pop32,1,0.00042176246643066406,0.0
403,pop50,2,0.00033414363861083984,0.00013077259063720703
403,pop32,4,0.000544428825378418,0.0001417977837869156
404,pop21,2,0.00038242340087890625,7.653236389160156e-05
404,pop22,2,0.00043654441833496094,1.9073486328125e-05
404,pop51,4,0.0004324913024902344,1.6354715144249137e-05
404,pop52,5,0.0004536628723144531,1.3536969379691986e-05
404,pop34,2,0.0005317926406860352,0.00013005733489990234
404,pop50,1,0.0006887912750244141,0.0
404,pop53,2,0.0004425048828125,9.298324584960938e-06
404,pop7,1,0.0007781982421875,0.0
404,pop12,1,0.0008265972137451172,0.0
404,pop46,3,0.00044194857279459637,2.017076915895742e-05
404,pop20,1,0.0008454322814941406,0.0
404,pop29,2,0.0007340908050537109,1.3589859008789062e-05
405,pop8,2,0.00040531158447265625,6.0558319091796875e-05
405,pop51,1,0.0004324913024902344,0.0
405,pop47,1,0.0004780292510986328,0.0
405,pop53,1,0.00044226646423339844,0.0
405,pop1,4,0.0004793405532836914,6.855114622001381e-05
405,pop15,1,0.00042891502380371094,0.0
406,pop12,2,0.0003142356872558594,0.00015926361083984375
406,pop52,1,0.00041985511779785156,0.0
406,pop13,4,0.0005289316177368164,0.00011113534967672888
407,pop50,4,0.0004013180732727051,6.31992239359404e-05
407,pop52,3,0.0004402001698811849,2.1900216999056928e-05
407,pop12,2,0.0005733966827392578,0.00014352798461914062
407,pop53,2,0.00042998790740966797,2.562999725341797e-05
407,pop1,2,0.0007102489471435547,4.458427429199219e-05
408,pop13,4,0.00039440393447875977,0.0001634616604620629
408,pop52,1,0.0004241466522216797,0.0
408,pop12,1,0.00042510032653808594,0.0
409,pop6,3,0.0004127820332845052,3.8653396399389486e-05
409,pop7,1,0.00045299530029296875,0.0
409,pop53,1,0.0004322528839111328,0.0
409,pop50,1,0.00043845176696777344,0.0
409,pop17,1,0.0004496574401855469,0.0
409,pop31,1,0.00045680999755859375,0.0
409,pop30,1,0.000423431396484375,0.0
409,pop48,2,0.0005192756652832031,6.699562072753906e-05
409,pop49,1,0.00040078163146972656,0.0
410,pop12,2,0.0003713369369506836,7.140636444091797e-05
410,pop52,3,0.0004432201385498047,1.21117263952526e-05
410,pop51,3,0.00044790903727213543,4.9490602737872646e-06
410,pop9,2,0.0005706548690795898,0.00014078617095947266
410,pop37,1,0.0006933212280273438,0.0
410,pop50,3,0.0005082289377848307,0.0001176278330685077
411,pop44,2,0.00037276744842529297,6.473064422607422e-05
411,pop27,4,0.0005062222480773926,0.00010730840906275076
411,pop14,1,0.0004024505615234375,0.0
411,pop50,1,0.00044155120849609375,0.0
411,pop52,1,0.00040149688720703125,0.0
411,pop34,1,0.000396728515625,0.0
412,pop25,2,0.0003508329391479492,8.738040924072266e-05
412,pop17,1,0.0004215240478515625,0.0
412,pop50,2,0.0004385709762573242,9.655952453613281e-06
412,pop53,1,0.00044608116149902344,0.0
412,pop42,3,0.0005808671315511068,0.0001332141038390421
413,pop19,2,0.00028133392333984375,0.00015664100646972656
413,pop51,2,0.0005632638931274414,0.00015842914581298828
413,pop50,3,0.0005095799763997396,0.00010984282014230912
414,pop22,4,0.0004920363426208496,0.00016021980192486887
414,pop51,1,0.0004315376281738281,0.0
414,pop50,1,0.000438690185546875,0.0
414,pop14,1,0.0004124641418457031,0.0
414,pop27,1,0.00043201446533203125,0.0
414,pop44,1,0.0004150867462158203,0.0
415,pop6,4,0.0005086064338684082,0.00016177577946863175
415,pop7,1,0.00041794776916503906,0.0
415,pop53,1,0.0004353523254394531,0.0
415,pop47,1,0.00042319297790527344,0.0
415,pop51,1,0.0004138946533203125,0.0
415,pop8,1,0.00043201446533203125,0.0
416,pop29,3,0.00040030479431152344,7.643562314867605e-05
416,pop51,1,0.00042057037353515625,0.0
416,pop43,2,0.0004216432571411133,2.014636993408203e-05
416,pop42,2,0.0006368160247802734,9.036064147949219e-05
417,pop57,2,0.00030052661895751953,0.0001379251480102539
417,pop48,4,0.00047153234481811523,6.1011024403973e-05
417,pop49,1,0.0003883838653564453,0.0
418,pop13,4,0.00039887428283691406,0.00015250302353755438
418,pop52,1,0.0004336833953857422,0.0
418,pop12,1,0.0004076957702636719,0.0
419,pop19,2,0.0003961324691772461,3.540515899658203e-05
419,pop51,3,0.00043964385986328125,1.1490357444717292e-05
419,pop8,2,0.0005753040313720703,0.0001633167266845703
419,pop52,1,0.0004642009735107422,0.0
419,pop55,4,0.000594019889831543,0.00014777206805242557
419,pop50,1,0.0004246234893798828,0.0
420,pop6,3,0.0003887017567952474,8.065395092284076e-05
420,pop7,1,0.00041484832763671875,0.0
420,pop53,1,0.0004477500915527344,0.0
420,pop50,3,0.0005256334940592448,0.00013055216410259307
420,pop14,1,0.00043129920959472656,0.0
420,pop24,1,0.0004074573516845703,0.0
421,pop14,2,0.0004220008850097656,1.0251998901367188e-05
421,pop50,1,0.00044536590576171875,0.0
421,pop51,1,0.00041484832763671875,0.0
421,pop29,3,0.0005147457122802734,6.428376828051558e-05
422,pop54,2,0.0004093647003173828,1.3828277587890625e-05
422,pop52,1,0.000453948974609375,0.0
422,pop51,3,0.00043312708536783856,1.634785893448446e-05
422,pop29,3,0.0005400180816650391,0.0001276082223441363
422,pop22,1,0.00046062469482421875,0.0
422,pop21,1,0.00045561790466308594,0.0
422,pop23,1,0.0007615089416503906,0.0
422,pop16,1,0.00044608116149902344,0.0
422,pop50,3,0.0005519390106201172,0.00017792651056479014
423,pop50,7,0.0004546982901436942,0.00012897739540759394
423,pop51,3,0.0004410743713378906,2.385139274673424e-05
423,pop9,2,0.0005533695220947266,0.0001518726348876953
423,pop26,1,0.0007369518280029297,0.0
424,pop19,2,0.0003427267074584961,8.83340835571289e-05
424,pop51,1,0.0004668235778808594,0.0
424,pop52,1,0.0004260540008544922,0.0
424,pop13,3,0.0005837281545003256,0.00017008168647031447
425,pop33,3,0.00042859713236490887,2.650440722130422e-05
425,pop50,1,0.000408172607421875,0.0
425,pop14,1,0.0004544258117675781,0.0
425,pop27,2,0.0005816221237182617,0.0001367330551147461
425,pop44,1,0.00041985511779785156,0.0
425,pop39,1,0.0004038810729980469,0.0
425,pop38,1,0.0004305839538574219,0.0
426,pop14,2,0.00040984153747558594,5.269050598144531e-05
426,pop27,4,0.0004756450653076172,8.144062486135142e-05
426,pop44,1,0.00042438507080078125,0.0
426,pop39,1,0.0003879070281982422,0.0
427,pop54,2,0.00040149688720703125,5.245208740234375e-05
427,pop52,5,0.00045108795166015625,1.2698559391692436e-05
427,pop51,3,0.0004439353942871094,4.153823703650609e-05
427,pop43,4,0.0004392862319946289,9.74531385136954e-06
427,pop40,2,0.0005657672882080078,0.00013113021850585938
427,pop12,1,0.0006847381591796875,0.0
427,pop53,2,0.00044345855712890625,1.3589859008789062e-05
427,pop1,1,0.0007593631744384766,0.0
427,pop37,1,0.0007812976837158203,0.0
427,pop50,2,0.0006211996078491211,0.0002015829086303711
428,pop45,2,0.0004330873489379883,5.6862831115722656e-05
428,pop46,2,0.0004564523696899414,5.841255187988281e-06
428,pop51,1,0.0004451274871826172,0.0
428,pop50,3,0.0005123615264892578,0.00011402209120947194
428,pop14,3,0.0004569689432779948,8.074223522910287e-06
428,pop24,2,0.0005323886871337891,8.988380432128906e-05
429,pop20,5,0.0004729747772216797,0.00013254446849291125
429,pop46,1,0.0004172325134277344,0.0
429,pop51,1,0.00044536590576171875,0.0
429,pop50,1,0.0004181861877441406,0.0
429,pop32,1,0.0004563331604003906,0.0
430,pop25,2,0.0004197359085083008,3.9458274841308594e-05
430,pop17,1,0.00041985511779785156,0.0
430,pop50,1,0.0004534721374511719,0.0
430,pop51,1,0.0004444122314453125,0.0
430,pop46,4,0.00047898292541503906,8.523672608181889e-05
430,pop45,2,0.0005726814270019531,0.00014328956604003906
431,pop50,2,0.0004420280456542969,1.4781951904296875e-05
431,pop17,1,0.0004639625549316406,0.0
431,pop31,3,0.00044465065002441406,1.862719057524167e-05
431,pop30,1,0.0004222393035888672,0.0
431,pop48,2,0.0005184412002563477,6.759166717529297e-05
431,pop49,1,0.0004062652587890625,0.0
432,pop0,4,0.00044673681259155273,0.0001590482795654832
432,pop1,1,0.00042629241943359375,0.0
432,pop53,1,0.0004379749298095703,0.0
432,pop52,1,0.0004119873046875,0.0
432,pop34,1,0.0004229545593261719,0.0
433,pop4,5,0.00048089027404785156,0.00013558141604580684
433,pop51,1,0.00040435791015625,0.0
433,pop47,1,0.00043892860412597656,0.0
433,pop53,1,0.00040340423583984375,0.0
433,pop1,1,0.0004019737243652344,0.0
433,pop15,1,0.00044155120849609375,0.0
434,pop29,5,0.0004893779754638672,0.00014578500516990997
434,pop51,1,0.00041961669921875,0.0
434,pop47,1,0.00044465065002441406,0.0
434,pop53,1,0.0004324913024902344,0.0
434,pop1,1,0.00043964385986328125,0.0
434,pop0,1,0.00043392181396484375,0.0
435,pop57,2,0.0003522634506225586,0.00011670589447021484
435,pop56,1,0.0004162788391113281,0.0
435,pop55,4,0.0004892349243164062,9.01933104584858e-05
435,pop52,1,0.00042247772216796875,0.0
435,pop34,1,0.00040149688720703125,0.0
436,pop13,4,0.00040417909622192383,0.0001554929137670974
436,pop52,1,0.00043272972106933594,0.0
436,pop34,1,0.0004239082336425781,0.0
437,pop45,2,0.00035309791564941406,0.00011110305786132812
437,pop44,2,0.0005859136581420898,0.00017631053924560547
437,pop27,4,0.00045925378799438477,7.084650803061167e-05
438,pop21,2,0.0003902912139892578,6.937980651855469e-05
438,pop23,1,0.00043082237243652344,0.0
438,pop24,2,0.0005786418914794922,0.00015091896057128906
438,pop14,2,0.00044727325439453125,9.059906005859375e-06
438,pop27,4,0.0004687309265136719,8.431527344679665e-05
439,pop8,2,0.00036346912384033203,9.834766387939453e-05
439,pop51,5,0.0004350185394287109,1.9449813013379634e-05
439,pop52,3,0.00042780240376790363,2.031025294617117e-05
439,pop54,2,0.0005733966827392578,0.00013828277587890625
439,pop19,1,0.0008072853088378906,0.0
439,pop29,2,0.0005190372467041016,6.4849853515625e-05
439,pop22,1,0.0007576942443847656,0.0
439,pop47,1,0.0004591941833496094,0.0
439,pop53,2,0.0004361867904663086,1.3113021850585938e-06
439,pop7,2,0.0004203319549560547,7.867813110351562e-06
439,pop6,2,0.0006623268127441406,1.621246337890625e-05
440,pop6,5,0.00047941207885742186,0.00012855439581964902
440,pop7,1,0.0004360675811767578,0.0
440,pop53,1,0.0004253387451171875,0.0
440,pop50,1,0.0004096031188964844,0.0
440,pop14,1,0.0004127025604248047,0.0
440,pop27,1,0.0004439353942871094,0.0
440,pop44,1,0.0003724098205566406,0.0
441,pop29,2,0.0004125833511352539,6.139278411865234e-05
441,pop51,1,0.0004215240478515625,0.0
441,pop47,1,0.0004513263702392578,0.0
441,pop53,1,0.0004553794860839844,0.0
441,pop1,3,0.0004382928212483724,1.8601063804801846e-05
441,pop0,2,0.0006788969039916992,0.00016891956329345703
442,pop57,2,0.0003560781478881836,0.00010788440704345703
442,pop56,1,0.0004227161407470703,0.0
442,pop55,3,0.0005097389221191406,0.00011406927560808001
442,pop52,1,0.0004150867462158203,0.0
442,pop34,1,0.0004057884216308594,0.0
443,pop13,3,0.00038854281107584637,0.00020484271035136158
443,pop52,3,0.00043320655822753906,1.1488708308369406e-05
443,pop12,1,0.000804901123046875,0.0
443,pop55,1,0.0004367828369140625,0.0
443,pop56,1,0.0004215240478515625,0.0
443,pop48,1,0.0007746219635009766,0.0
443,pop30,1,0.00041866302490234375,0.0
443,pop31,1,0.0004360675811767578,0.0
443,pop17,1,0.00045299530029296875,0.0
443,pop50,3,0.000538031260172526,0.0001371137396916117
443,pop16,1,0.00045752525329589844,0.0
443,pop23,1,0.0008563995361328125,0.0
443,pop21,1,0.00045609474182128906,0.0
443,pop22,1,0.0004100799560546875,0.0
443,pop51,2,0.0004540681838989258,1.7881393432617188e-06
443,pop43,3,0.00045013427734375,3.3717478808715227e-06
443,pop11,1,0.0007555484771728516,0.0
444,pop45,2,0.00029206275939941406,0.00015091896057128906
444,pop46,2,0.00043714046478271484,2.6106834411621094e-05
444,pop51,2,0.0006021261215209961,0.0001825094223022461
444,pop52,1,0.0004391670227050781,0.0
444,pop55,2,0.0005453824996948242,0.00010597705841064453
444,pop50,1,0.0004525184631347656,0.0
445,pop21,2,0.00042045116424560547,3.802776336669922e-05
445,pop23,1,0.0004208087921142578,0.0
445,pop16,1,0.0004405975341796875,0.0
445,pop50,3,0.0004240671793619792,1.876535808097668e-05
445,pop14,1,0.0004241466522216797,0.0
445,pop27,2,0.0005259513854980469,6.937980651855469e-05
445,pop44,1,0.0004436969757080078,0.0
445,pop39,1,0.00042700767517089844,0.0
446,pop29,4,0.0004107952117919922,0.00016434633827956598
446,pop51,1,0.0003914833068847656,0.0
446,pop9,1,0.0004401206970214844,0.0
447,pop12,2,0.00033164024353027344,0.00010228157043457031
447,pop52,1,0.0004134178161621094,0.0
447,pop53,1,0.00045299530029296875,0.0
447,pop42,4,0.0005193352699279785,8.338813358179562e-05
448,pop33,4,0.0004935264587402344,0.00017168356169293034
448,pop50,1,0.0004088878631591797,0.0
448,pop51,1,0.00043201446533203125,0.0
448,pop43,1,0.00042128562927246094,0.0
448,pop40,1,0.0003993511199951172,0.0
449,pop14,2,0.0003832578659057617,4.3272972106933594e-05
449,pop50,4,0.000503242015838623,0.0001584203439044217
449,pop51,1,0.0004086494445800781,0.0
449,pop46,1,0.0004279613494873047,0.0
449,pop45,1,0.0004315376281738281,0.0
450,pop54,2,0.00034880638122558594,7.939338684082031e-05
450,pop52,1,0.0004227161407470703,0.0
450,pop53,3,0.0004502137502034505,7.377718585507187e-06
450,pop1,3,0.00043265024820963543,9.545348841108233e-06
450,pop0,2,0.0005012750625610352,7.259845733642578e-05
450,pop50,4,0.0005785226821899414,0.00015370784035746916
451,pop6,4,0.0004493594169616699,0.0001617374754266052
451,pop7,1,0.0004100799560546875,0.0
451,pop53,1,0.0004062652587890625,0.0
451,pop52,1,0.00041031837463378906,0.0
451,pop34,1,0.00040912628173828125,0.0
452,pop44,2,0.0004279613494873047,2.3365020751953125e-05
452,pop27,3,0.0005615552266438802,0.00016415026346733902
452,pop14,1,0.0004425048828125,0.0
452,pop50,1,0.00043511390686035156,0.0
452,pop51,1,0.00041103363037109375,0.0
452,pop29,1,0.000408172607421875,0.0
453,pop22,4,0.0004035830497741699,7.764751316894875e-05
453,pop51,3,0.00044226646423339844,1.4210760690623284e-05
453,pop52,3,0.0004267692565917969,1.6929398037029965e-05
453,pop34,2,0.0005619525909423828,0.00015091896057128906
453,pop43,2,0.0007404088973999023,2.4437904357910156e-05
454,pop20,3,0.00038059552510579425,8.836152656729867e-05
454,pop46,1,0.0004563331604003906,0.0
454,pop51,1,0.0004367828369140625,0.0
454,pop52,3,0.00044027964274088543,1.264193142264568e-05
454,pop12,2,0.00057220458984375,0.00015974044799804688
454,pop53,2,0.00045049190521240234,8.344650268554688e-07
454,pop1,3,0.0004242261250813802,1.9393006240755036e-05
454,pop15,1,0.0007894039154052734,0.0
454,pop50,2,0.0005670785903930664,0.0001672506332397461
455,pop45,2,0.0003942251205444336,4.6372413635253906e-05
455,pop46,4,0.0005334615707397461,0.00015294338144547232
455,pop51,1,0.00037550926208496094,0.0
455,pop47,1,0.00044083595275878906,0.0
455,pop53,1,0.0004432201385498047,0.0
455,pop1,1,0.0004398822784423828,0.0
455,pop15,1,0.0004279613494873047,0.0
456,pop12,2,0.00033533573150634766,0.00010764598846435547
456,pop52,1,0.0004506111145019531,0.0
456,pop53,1,0.000457763671875,0.0
456,pop42,3,0.0005395412445068359,0.00010533263389159376
457,pop54,2,0.0003151893615722656,0.00012111663818359375
457,pop52,1,0.00045490264892578125,0.0
457,pop51,2,0.0006269216537475586,0.00022804737091064453
457,pop19,2,0.0004315376281738281,9.298324584960938e-06
457,pop18,3,0.0004417101542154948,1.556897459350947e-05
457,pop38,2,0.0006451606750488281,3.7670135498046875e-05
458,pop6,2,0.00032460689544677734,0.00011217594146728516
458,pop7,1,0.0004496574401855469,0.0
458,pop53,3,0.0004314581553141276,2.0455270477287238e-05
458,pop1,3,0.0004360675811767578,1.1315885952373041e-05
458,pop15,3,0.00048232078552246094,9.265683420138678e-05
458,pop52,1,0.0007686614990234375,0.0
458,pop51,2,0.00043213367462158203,2.9921531677246094e-05
458,pop36,3,0.0005499521891276041,0.00016149068910198365
458,pop47,1,0.0004448890686035156,0.0
459,pop0,2,0.0004229545593261719,2.2411346435546875e-05
459,pop1,1,0.00044226646423339844,0.0
459,pop53,3,0.0004471143086751302,1.3825993696420825e-05
459,pop47,1,0.0004394054412841797,0.0
459,pop51,3,0.0004391670227050781,1.229340078841496e-05
459,pop8,2,0.0005744695663452148,0.00020110607147216797
459,pop50,5,0.0005008697509765625,0.00014469107945372874
459,pop17,1,0.00045108795166015625,0.0
459,pop31,1,0.0006725788116455078,0.0
459,pop30,1,0.0004527568817138672,0.0
459,pop48,1,0.00046515464782714844,0.0
459,pop57,1,0.0007112026214599609,0.0
459,pop56,1,0.00045990943908691406,0.0
459,pop55,1,0.0004634857177734375,0.0
459,pop3,2,0.0005913972854614258,0.00012886524200439453
460,pop4,3,0.00041937828063964844,3.13536295471324e-05
460,pop51,1,0.0004546642303466797,0.0
460,pop50,2,0.0006347894668579102,0.0002180337905883789
460,pop17,1,0.00037479400634765625,0.0
460,pop31,1,0.0004165172576904297,0.0
460,pop30,1,0.00043272972106933594,0.0
460,pop48,1,0.0004444122314453125,0.0
460,pop49,1,0.0003867149353027344,0.0
461,pop45,2,0.0003763437271118164,6.878376007080078e-05
461,pop46,1,0.0004534721374511719,0.0
461,pop51,1,0.0004477500915527344,0.0
461,pop43,4,0.0004775524139404297,8.064259530911441e-05
461,pop42,1,0.0004246234893798828,0.0
462,pop54,2,0.00029754638671875,0.000141143798828125
462,pop52,3,0.00042255719502766925,1.8344636042365118e-05
462,pop13,4,0.0005106925964355469,0.00013550074801915455
462,pop51,2,0.0004203319549560547,1.6689300537109375e-05
462,pop36,2,0.0007184743881225586,6.330013275146484e-05
463,pop20,5,0.00047736167907714845,0.00014538259018865107
463,pop46,1,0.000415802001953125,0.0
463,pop45,1,0.0004050731658935547,0.0
463,pop44,1,0.00042629241943359375,0.0
464,pop6,2,0.0004118680953979492,2.8967857360839844e-05
464,pop7,1,0.00044727325439453125,0.0
464,pop53,1,0.0004506111145019531,0.0
464,pop50,3,0.0005457401275634766,0.00015688027050250424
464,pop14,1,0.0004124641418457031,0.0
464,pop27,1,0.00043964385986328125,0.0
464,pop44,1,0.00043010711669921875,0.0
464,pop39,1,0.00045013427734375,0.0
465,pop19,2,0.00042128562927246094,4.792213439941406e-05
465,pop51,1,0.0004506111145019531,0.0
465,pop50,3,0.0004324913024902344,1.811144451553868e-05
465,pop14,1,0.0004203319549560547,0.0
465,pop27,2,0.0005061626434326172,6.270408630371094e-05
465,pop44,1,0.0004093647003173828,0.0
466,pop57,2,0.0004163980484008789,4.589557647705078e-05
466,pop56,1,0.00045943260192871094,0.0
466,pop55,1,0.0004220008850097656,0.0
466,pop50,1,0.00041937828063964844,0.0
466,pop14,1,0.0004496574401855469,0.0
466,pop27,4,0.0005095005035400391,0.00011385666701240328
466,pop44,1,0.00045299530029296875,0.0
466,pop39,1,0.0004494190216064453,0.0
466,pop38,1,0.0004038810729980469,0.0
467,pop13,2,0.00039708614349365234,6.16312026977539e-05
467,pop52,1,0.0004551410675048828,0.0
467,pop51,3,0.00042589505513509113,1.797106124371611e-05
467,pop43,4,0.00043952465057373047,6.245702217783802e-06
467,pop40,2,0.0005975961685180664,0.00015866756439208984
467,pop50,4,0.0005133748054504395,0.00016171673826152365
467,pop26,1,0.0007240772247314453,0.0
468,pop4,5,0.0005060672760009765,0.00016150866628459766
468,pop51,1,0.00045418739318847656,0.0
468,pop50,1,0.00041294097900390625,0.0
468,pop17,1,0.0004508495330810547,0.0
468,pop31,1,0.0004298686981201172,0.0
468,pop30,1,0.0004107952117919922,0.0
468,pop48,1,0.0004360675811767578,0.0
468,pop49,1,0.0004222393035888672,0.0
469,pop20,5,0.0004860877990722656,0.00014733962639168217
469,pop46,1,0.00040459632873535156,0.0
469,pop51,1,0.00043487548828125,0.0
469,pop50,1,0.00043392181396484375,0.0
469,pop14,1,0.0004067420959472656,0.0
469,pop24,1,0.00041794776916503906,0.0
470,pop19,2,0.00031578540802001953,0.00013911724090576172
470,pop51,3,0.0004302660624186198,2.0651630826092486e-05
470,pop9,2,0.0005921125411987305,0.00018775463104248047
470,pop52,1,0.0004444122314453125,0.0
470,pop55,4,0.0004290938377380371,3.318705049079569e-05
470,pop56,2,0.0004450082778930664,1.8715858459472656e-05
470,pop2,2,0.000780940055847168,2.8967857360839844e-05
470,pop50,1,0.0004525184631347656,0.0
471,pop25,2,0.00040030479431152344,7.82012939453125e-05
471,pop17,1,0.0004525184631347656,0.0
471,pop50,3,0.00045450528462727863,4.195730470820913e-05
471,pop52,3,0.00042096773783365887,2.1598787527433625e-05
471,pop34,2,0.000605463981628418,0.00018465518951416016
471,pop51,2,0.000453948974609375,5.245208740234375e-06
471,pop22,3,0.000514984130859375,0.00012915642990471066
471,pop21,1,0.0006821155548095703,0.0
472,pop50,4,0.0004356503486633301,0.0001484179472636415
472,pop32,1,0.0004363059997558594,0.0
473,pop22,2,0.0004260540008544922,3.24249267578125e-05
473,pop51,1,0.00044345855712890625,0.0
473,pop50,1,0.0004298686981201172,0.0
473,pop17,1,0.00043272972106933594,0.0
473,pop31,2,0.0004372596740722656,7.867813110351562e-06
473,pop30,1,0.00045943260192871094,0.0
473,pop48,3,0.0005031426747639974,6.198587573581372e-05
473,pop49,1,0.00041937828063964844,0.0
474,pop12,2,0.0003052949905395508,0.00014698505401611328
474,pop52,5,0.0004916191101074219,0.0001251158371105459
474,pop54,2,0.0005213022232055664,9.78708267211914e-05
474,pop51,1,0.0007500648498535156,0.0
474,pop55,3,0.0005139509836832682,0.0001125585421459342
474,pop56,2,0.0004464387893676758,1.1920928955078125e-07
474,pop48,1,0.0006401538848876953,0.0
474,pop50,3,0.0005123615264892578,0.00011605981993155548
474,pop26,1,0.0007758140563964844,0.0
475,pop4,5,0.0004561424255371094,0.00013315368356758435
475,pop51,1,0.00041174888610839844,0.0
475,pop52,1,0.0004658699035644531,0.0
475,pop12,1,0.0004417896270751953,0.0
476,pop0,3,0.00042899449666341144,4.555659941316442e-05
476,pop1,1,0.0004229545593261719,0.0
476,pop53,1,0.00045609474182128906,0.0
476,pop50,2,0.0005816221237182617,0.00015461444854736328
476,pop14,1,0.0004429817199707031,0.0
476,pop27,1,0.00044798851013183594,0.0
476,pop44,1,0.0003993511199951172,0.0
477,pop20,5,0.00045642852783203127,0.0001405751688540243
477,pop46,1,0.00041413307189941406,0.0
477,pop51,1,0.00043964385986328125,0.0
477,pop43,1,0.00043463706970214844,0.0
477,pop40,1,0.00039768218994140625,0.0
478,pop22,3,0.00042557716369628906,3.75981387284417e-05
478,pop51,3,0.0005348523457845052,0.0001700908213655793
478,pop29,2,0.0005115270614624023,8.07046890258789e-05
478,pop50,2,0.0006326436996459961,0.00021827220916748047
479,pop8,2,0.0003834962844848633,8.45193862915039e-05
479,pop51,1,0.0004963874816894531,0.0
479,pop50,3,0.0005002816518147787,7.46777669313594e-05
479,pop32,1,0.0004341602325439453,0.0
480,pop6,4,0.0004448890686035156,0.00015388390999281524
480,pop7,1,0.00038933753967285156,0.0
480,pop53,1,0.00040411949157714844,0.0
480,pop52,1,0.00044918060302734375,0.0
480,pop13,1,0.0004401206970214844,0.0
481,pop50,5,0.00042572021484375,0.0001260338070036174
481,pop32,1,0.00044536590576171875,0.0
482,pop12,2,0.0003031492233276367,0.0001493692398071289
482,pop52,1,0.00045752525329589844,0.0
482,pop13,3,0.0005630652109781901,0.00012373661384738522
483,pop0,5,0.00047397613525390625,0.00012316501651217152
483,pop1,1,0.0004086494445800781,0.0
483,pop53,1,0.0004220008850097656,0.0
483,pop42,1,0.00044226646423339844,0.0
483,pop43,1,0.0004417896270751953,0.0
483,pop40,1,0.00042724609375,0.0
484,pop21,2,0.0003324747085571289,0.0001271963119506836
484,pop22,4,0.0004885196685791016,6.515657418349185e-05
484,pop51,1,0.0004360675811767578,0.0
484,pop9,1,0.0004227161407470703,0.0
485,pop29,2,0.0003905296325683594,7.128715515136719e-05
485,pop51,1,0.0004215240478515625,0.0
485,pop50,1,0.0004611015319824219,0.0
485,pop32,4,0.0004932880401611328,5.683495880084463e-05
486,pop8,2,0.00038635730743408203,8.07046890258789e-05
486,pop51,1,0.000415802001953125,0.0
486,pop43,4,0.0004782676696777344,7.140885207057368e-05
486,pop42,1,0.00041294097900390625,0.0
487,pop6,4,0.00040096044540405273,6.802295051546697e-05
487,pop7,1,0.00041866302490234375,0.0
487,pop53,1,0.0004093647003173828,0.0
487,pop50,2,0.0005382299423217773,9.572505950927734e-05
487,pop17,1,0.00042438507080078125,0.0
487,pop31,1,0.0004119873046875,0.0
488,pop12,2,0.00042557716369628906,4.291534423828125e-05
488,pop52,1,0.000415802001953125,0.0
488,pop50,2,0.0004228353500366211,2.872943878173828e-05
488,pop14,1,0.000431060791015625,0.0
488,pop27,3,0.0004978974660237631,9.67153683480802e-05
488,pop44,1,0.0004291534423828125,0.0
488,pop39,1,0.0004100799560546875,0.0
489,pop33,5,0.0004797458648681641,0.00012192721473176771
489,pop50,1,0.0004363059997558594,0.0
489,pop53,1,0.00041222572326660156,0.0
489,pop1,1,0.00038814544677734375,0.0
489,pop15,1,0.0004150867462158203,0.0
490,pop14,2,0.0004220008850097656,3.457069396972656e-05
490,pop50,4,0.0005077719688415527,0.00016685233088821155
490,pop51,1,0.0004024505615234375,0.0
490,pop8,1,0.00039005279541015625,0.0
491,pop29,2,0.0004069805145263672,4.673004150390625e-05
491,pop51,2,0.00044023990631103516,2.2292137145996094e-05
491,pop47,1,0.00045013427734375,0.0
491,pop53,3,0.00043964385986328125,2.5114429630782496e-05
491,pop1,3,0.00042621294657389325,1.6189462265058613e-05
491,pop15,2,0.000535130500793457,0.0001119375228881836
491,pop50,4,0.00042110681533813477,1.706015717126819e-05
491,pop35,1,0.0008084774017333984,0.0
491,pop43,3,0.0005772908528645834,0.00011089195293281926
491,pop40,1,0.0006718635559082031,0.0
491,pop42,1,0.00043463706970214844,0.0
492,pop12,2,0.0003732442855834961,5.519390106201172e-05
492,pop52,1,0.00042891502380371094,0.0
492,pop50,3,0.0005309581756591797,0.00011925172050649511
492,pop14,1,0.0004413127899169922,0.0
492,pop24,1,0.00040721893310546875,0.0
493,pop44,2,0.0003974437713623047,6.198883056640625e-05
493,pop27,4,0.0005164742469787598,0.00014335553993778883
493,pop14,1,0.0004482269287109375,0.0
493,pop50,1,0.00041174888610839844,0.0
493,pop53,1,0.0004057884216308594,0.0
493,pop1,1,0.000446319580078125,0.0
493,pop15,1,0.0004470348358154297,0.0
494,pop25,2,0.00034236907958984375,0.0001227855682373047
494,pop17,1,0.0004317760467529297,0.0
494,pop50,4,0.00048035383224487305,7.645403468488713e-05
494,pop51,1,0.0004284381866455078,0.0
495,pop4,2,0.00041031837463378906,5.841255187988281e-05
495,pop51,1,0.0004131793975830078,0.0
495,pop50,4,0.0005129575729370117,0.00015234084358615608
495,pop14,1,0.00040030479431152344,0.0
495,pop27,1,0.00040340423583984375,0.0
495,pop44,1,0.0004394054412841797,0.0
496,pop6,2,0.00036203861236572266,9.21487808227539e-05
496,pop7,1,0.00042748451232910156,0.0
496,pop53,1,0.0004382133483886719,0.0
496,pop50,5,0.00044312477111816404,1.8363245984924335e-05
496,pop17,3,0.00042478243509928387,2.299912155228898e-05
496,pop31,2,0.0005748271942138672,0.0001385211944580078
496,pop52,2,0.00044286251068115234,1.633167266845703e-05
496,pop13,1,0.0008189678192138672,0.0
496,pop51,3,0.00042374928792317707,1.3267921927585097e-05
496,pop8,1,0.0006647109985351562,0.0
496,pop46,2,0.0007123947143554688,6.127357482910156e-05
497,pop45,2,0.0003845691680908203,4.935264587402344e-05
497,pop46,3,0.0005431175231933594,0.0001626529686632621
497,pop51,1,0.0004477500915527344,0.0
497,pop47,1,0.0004184246063232422,0.0
497,pop53,1,0.0003864765167236328,0.0
497,pop1,1,0.0004458427429199219,0.0
497,pop15,1,0.0004322528839111328,0.0
498,pop54,2,0.0004036426544189453,3.838539123535156e-05
498,pop52,1,0.0004246234893798828,0.0
498,pop50,4,0.0005115270614624023,0.0001421393202441091
498,pop14,1,0.0004010200500488281,0.0
498,pop27,1,0.0004143714904785156,0.0
498,pop44,1,0.00044155120849609375,0.0
498,pop39,1,0.0004107952117919922,0.0
499,pop14,2,0.0004112720489501953,2.7418136596679688e-05
499,pop50,3,0.000549475351969401,0.00017095596729075466
499,pop51,1,0.0004582405090332031,0.0
499,pop43,1,0.00041794776916503906,0.0
499,pop40,1,0.0004317760467529297,0.0
500,pop29,2,0.0003336668014526367,0.00010097026824951172
500,pop51,4,0.0004290342330932617,2.3900496375326077e-05
500,pop46,3,0.0004505316416422526,1.531126680757769e-05
500,pop45,2,0.00051116943359375,0.00010323524475097656
500,pop22,1,0.0008308887481689453,0.0
500,pop50,2,0.00045311450958251953,6.794929504394531e-06
500,pop17,2,0.00045096874237060547,3.5762786865234375e-07
500,pop31,3,0.0004181067148844401,1.4249818386269497e-05
500,pop30,2,0.00044655799865722656,5.245208740234375e-06
500,pop48,3,0.0004341602325439453,1.4760144873516323e-05
500,pop49,2,0.0007050037384033203,6.127357482910156e-05
501,pop4,4,0.0004698038101196289,0.00018087993624176941
501,pop51,1,0.0004177093505859375,0.0
501,pop52,1,0.0004410743713378906,0.0
501,pop12,1,0.00043463706970214844,0.0
502,pop45,2,0.0002957582473754883,0.00013315677642822266
502,pop46,1,0.0004394054412841797,0.0
502,pop51,3,0.00042359034220377606,1.4391391683470661e-05
502,pop9,2,0.0006011724472045898,0.00019085407257080078
502,pop47,1,0.00045299530029296875,0.0
502,pop53,2,0.00043272972106933594,3.814697265625e-06
502,pop1,2,0.0004467964172363281,1.9073486328125e-06
502,pop15,2,0.0005720853805541992,0.00010859966278076172
502,pop52,2,0.00042438507080078125,9.059906005859375e-06
502,pop54,1,0.0007266998291015625,0.0
502,pop50,2,0.0005751848220825195,0.0001462697982788086
503,pop57,2,0.00032699108123779297,0.00011265277862548828
503,pop48,3,0.0004781087239583333,6.993494249572189e-05
503,pop30,1,0.0004444122314453125,0.0
503,pop31,1,0.00037479400634765625,0.0
504,pop13,5,0.0004940986633300781,0.00016075959272718828
504,pop52,1,0.00044035911560058594,0.0
504,pop50,1,0.0004062652587890625,0.0
504,pop14,1,0.00043320655822753906,0.0
504,pop27,1,0.00043511390686035156,0.0
504,pop44,1,0.00042057037353515625,0.0
505,pop21,2,0.00036084651947021484,7.49826431274414e-05
505,pop23,1,0.00044536590576171875,0.0
505,pop24,2,0.0005431175231933594,0.0001125335693359375
505,pop14,2,0.00041806697845458984,1.2516975402832031e-05
505,pop50,2,0.0004266500473022461,2.086162567138672e-05
505,pop33,4,0.0005446076393127441,0.00012701595964220675
506,pop19,2,0.00038886070251464844,5.435943603515625e-05
506,pop51,1,0.0004398822784423828,0.0
506,pop47,1,0.00041937828063964844,0.0
506,pop53,1,0.00041413307189941406,0.0
506,pop1,3,0.0004858970642089844,6.791735896903988e-05
506,pop15,4,0.0005028247833251953,0.00011784270902823924
507,pop33,4,0.0004725456237792969,0.00016886070554603775
507,pop50,4,0.00044804811477661133,1.9384893048980377e-05
507,pop52,5,0.0004618644714355469,1.4333220528198746e-05
507,pop54,2,0.0005768537521362305,0.00018012523651123047
507,pop13,1,0.0007848739624023438,0.0
507,pop51,3,0.0004437764485677083,1.7055771867256537e-05
507,pop22,2,0.0004448890686035156,1.0251998901367188e-05
507,pop21,2,0.0005127191543579102,6.16312026977539e-05
507,pop23,1,0.0008416175842285156,0.0
507,pop46,2,0.00044405460357666016,7.033348083496094e-06
507,pop45,1,0.000804901123046875,0.0
507,pop47,1,0.0004513263702392578,0.0
507,pop53,2,0.00042569637298583984,5.841255187988281e-06
507,pop3,2,0.0007736682891845703,0.00012803077697753906
508,pop4,3,0.00042859713236490887,2.2652135133825353e-05
508,pop51,1,0.00040078163146972656,0.0
508,pop50,2,0.0004507303237915039,2.5033950805664062e-06
508,pop14,1,0.0004162788391113281,0.0
508,pop27,2,0.0005488395690917969,0.00010514259338378906
508,pop44,1,0.00041675567626953125,0.0
508,pop39,1,0.0004067420959472656,0.0
509,pop6,2,0.00036585330963134766,9.167194366455078e-05
509,pop7,1,0.0004405975341796875,0.0
509,pop53,1,0.0004019737243652344,0.0
509,pop47,1,0.0004184246063232422,0.0
509,pop51,2,0.000578761100769043,0.00014269351959228516
509,pop50,4,0.0004876852035522461,8.738268605970061e-05
510,pop13,2,0.00039768218994140625,6.628036499023438e-05
510,pop52,1,0.0004515647888183594,0.0
510,pop50,2,0.00043594837188720703,2.205371856689453e-05
510,pop32,2,0.000699162483215332,0.0001455545425415039
511,pop19,2,0.00037288665771484375,9.274482727050781e-05
511,pop51,4,0.00044345855712890625,1.490735878807272e-05
511,pop52,3,0.00043765703837076825,1.215285291901606e-05
511,pop54,2,0.0005575418472290039,0.00011646747589111328
511,pop53,1,0.0004563331604003906,0.0
511,pop47,1,0.0006597042083740234,0.0
511,pop9,1,0.0007088184356689453,0.0
511,pop4,4,0.0005015730857849121,0.0001280962892521767
512,pop20,3,0.00042176246643066406,3.9593279800281304e-05
512,pop46,2,0.00044023990631103516,1.800060272216797e-05
512,pop51,3,0.0004380544026692708,2.08152148782552e-06
512,pop29,2,0.0005806684494018555,0.0001691579818725586
512,pop50,2,0.0006202459335327148,0.00017058849334716797
513,pop22,4,0.0004932284355163574,0.00017214410636715984
513,pop51,1,0.0004494190216064453,0.0
513,pop8,1,0.0004410743713378906,0.0
514,pop33,2,0.0004004240036010742,7.998943328857422e-05
514,pop50,3,0.0005440711975097656,0.00013588269458633467
514,pop52,3,0.0004302660624186198,2.490025600655499e-05
514,pop34,2,0.0005513429641723633,0.00013005733489990234
514,pop53,2,0.0004278421401977539,6.318092346191406e-06
514,pop1,2,0.00044155120849609375,1.6927719116210938e-05
514,pop0,2,0.0006018877029418945,0.00013506412506103516
515,pop4,2,0.0004036426544189453,6.246566772460938e-05
515,pop51,1,0.0004482269287109375,0.0
515,pop50,3,0.0005191167195638021,0.00012344071886597773
515,pop17,3,0.00044417381286621094,1.89898564832114e-05
515,pop31,3,0.0005499521891276041,0.00018634536789731697
516,pop19,2,0.0003879070281982422,8.273124694824219e-05
516,pop51,1,0.00044989585876464844,0.0
516,pop50,1,0.00041484832763671875,0.0
516,pop32,4,0.0005660057067871094,0.00016405199380723398
517,pop50,3,0.0004012584686279297,3.792129758250265e-05
517,pop14,1,0.00041794776916503906,0.0
517,pop27,3,0.0005318323771158854,0.00010389458710912152
517,pop44,1,0.0004355907440185547,0.0
517,pop39,1,0.0003974437713623047,0.0
518,pop0,2,0.00034868717193603516,0.0001055002212524414
518,pop1,2,0.00042891502380371094,4.5299530029296875e-06
518,pop53,1,0.0004570484161376953,0.0
518,pop47,1,0.00045108795166015625,0.0
518,pop51,2,0.0005601644515991211,0.0001302957534790039
518,pop43,3,0.0004757245381673177,5.461479925405131e-05
519,pop45,2,0.0003943443298339844,5.888938903808594e-05
519,pop44,3,0.0004512468973795573,2.973347234358473e-05
519,pop39,3,0.0005421638488769531,0.0001726329427126597
519,pop27,3,0.0004935264587402344,9.226295874757266e-05
520,pop6,3,0.0003993511199951172,0.00010381278998404236
520,pop7,1,0.00042366981506347656,0.0
520,pop53,3,0.0005007584889729818,7.294240558725125e-05
520,pop52,3,0.0004429022471110026,1.4740019632173702e-05
520,pop54,2,0.0005099773406982422,9.226799011230469e-05
520,pop47,1,0.0007278919219970703,0.0
520,pop50,3,0.0005141099294026693,0.00012996041012523727
521,pop20,5,0.0004759788513183594,0.00015745814233130657
521,pop46,1,0.0004374980926513672,0.0
521,pop51,1,0.0004494190216064453,0.0
521,pop50,1,0.00044846534729003906,0.0
521,pop14,1,0.0004355907440185547,0.0
521,pop24,1,0.0003936290740966797,0.0
522,pop8,2,0.0003612041473388672,9.1552734375e-05
522,pop51,3,0.00044918060302734375,1.3335820552526242e-05
522,pop52,3,0.0004347960154215495,2.093412275867116e-05
522,pop34,2,0.0006033182144165039,0.00016677379608154297
522,pop50,4,0.0005025267601013184,0.00013141561737325594
522,pop17,2,0.0004483461380004883,5.841255187988281e-06
522,pop31,1,0.0008323192596435547,0.0
522,pop46,3,0.0005115667978922526,9.976240455275155e-05
523,pop57,2,0.00041747093200683594,5.173683166503906e-05
523,pop56,1,0.0003981590270996094,0.0
523,pop55,3,0.0005477269490559896,0.00013681007544263474
523,pop50,1,0.0004150867462158203,0.0
523,pop51,1,0.00044083595275878906,0.0
523,pop43,1,0.00040841102600097656,0.0
523,pop40,1,0.00040793418884277344,0.0
524,pop4,5,0.0004566192626953125,0.00013370724783852162
524,pop51,1,0.0004050731658935547,0.0
524,pop43,1,0.00042819976806640625,0.0
524,pop40,1,0.00042724609375,0.0
525,pop19,2,0.000408172607421875,5.316734313964844e-05
525,pop51,1,0.00041413307189941406,0.0
525,pop47,1,0.00044226646423339844,0.0
525,pop53,1,0.00044536590576171875,0.0
525,pop1,2,0.0004482269287109375,5.7220458984375e-06
525,pop15,3,0.0005540847778320312,0.00010484943262050848
526,pop12,2,0.00042366981506347656,2.4080276489257812e-05
526,pop52,1,0.0004138946533203125,0.0
526,pop50,2,0.0004286766052246094,1.3828277587890625e-05
526,pop14,1,0.00041937828063964844,0.0
526,pop27,3,0.0005045731862386068,8.333114946484486e-05
526,pop44,1,0.00044035911560058594,0.0
526,pop39,1,0.00042176246643066406,0.0
527,pop0,5,0.0004873752593994141,0.00015175543144740352
527,pop1,1,0.0004055500030517578,0.0
527,pop53,1,0.0004436969757080078,0.0
527,pop50,1,0.0004277229309082031,0.0
527,pop14,1,0.00043964385986328125,0.0
527,pop27,1,0.00043582916259765625,0.0
527,pop44,1,0.0004391670227050781,0.0
528,pop20,3,0.0004306634267171224,4.797857565682978e-05
528,pop46,2,0.0006105899810791016,0.00016021728515625
528,pop51,1,0.00043082237243652344,0.0
528,pop8,1,0.0004506111145019531,0.0
529,pop57,2,0.00035893917083740234,0.00011074542999267578
529,pop56,1,0.0004112720489501953,0.0
529,pop55,1,0.00043010711669921875,0.0
529,pop50,3,0.0005103747049967448,0.00010776349809969812
529,pop51,1,0.0004401206970214844,0.0
530,pop44,2,0.0004125833511352539,5.137920379638672e-05
530,pop27,4,0.0005095005035400391,0.00016082327276824784
530,pop14,1,0.0004329681396484375,0.0
530,pop50,1,0.00044465065002441406,0.0
530,pop53,1,0.0004374980926513672,0.0
530,pop1,1,0.0004105567932128906,0.0
530,pop15,1,0.00042366981506347656,0.0
531,pop25,2,0.0003833770751953125,9.369850158691406e-05
531,pop17,1,0.0004150867462158203,0.0
531,pop50,1,0.0004444122314453125,0.0
531,pop53,1,0.0004744529724121094,0.0
531,pop42,4,0.0005058050155639648,5.558132326315242e-05
532,pop13,2,0.00037288665771484375,7.82012939453125e-05
532,pop52,2,0.0005973577499389648,0.00016748905181884766
532,pop53,3,0.00044663747151692707,2.2915761722164124e-05
532,pop1,3,0.00043574968973795575,1.2468377386367519e-05
532,pop0,2,0.0006017684936523438,0.0001952648162841797
532,pop47,2,0.0004304647445678711,2.467632293701172e-05
532,pop51,5,0.00043540000915527345,1.0460464022704777e-05
532,pop22,4,0.000436246395111084,1.8287167394081838e-05
532,pop21,1,0.0006353855133056641,0.0
532,pop46,1,0.0006842613220214844,0.0
532,pop10,2,0.0007598400115966797,1.33514404296875e-05
533,pop19,2,0.0003840923309326172,6.866455078125e-05
533,pop51,1,0.00043463706970214844,0.0
533,pop50,2,0.00044167041778564453,7.271766662597656e-06
533,pop17,1,0.00041294097900390625,0.0
533,pop31,2,0.0006570816040039062,0.00010752677917480469
534,pop54,2,0.00041854381561279297,7.784366607666016e-05
534,pop52,1,0.0004220008850097656,0.0
534,pop53,1,0.0004405975341796875,0.0
534,pop1,2,0.00042760372161865234,1.2993812561035156e-05
534,pop0,3,0.0005429585774739584,8.473856787094305e-05
535,pop14,2,0.0003744363784790039,0.0001131296157836914
535,pop27,4,0.0004614591598510742,6.769271979889418e-05
535,pop44,1,0.0004248619079589844,0.0
536,pop29,5,0.000449371337890625,0.00014540338947125012
536,pop51,1,0.00040268898010253906,0.0
536,pop50,1,0.00040984153747558594,0.0
536,pop32,1,0.00040984153747558594,0.0
537,pop33,4,0.000392913818359375,6.223980824388661e-05
537,pop50,1,0.00041961669921875,0.0
537,pop51,1,0.0004584789276123047,0.0
537,pop43,2,0.0004956722259521484,4.863739013671875e-05
537,pop40,1,0.0004398822784423828,0.0
538,pop12,2,0.0003247261047363281,7.081031799316406e-05
538,pop52,1,0.0004177093505859375,0.0
538,pop51,3,0.0004344781239827474,1.6433404001370803e-05
538,pop9,2,0.0006170272827148438,0.00021648406982421875
538,pop19,2,0.0004432201385498047,0.0
538,pop18,4,0.0005622506141662598,0.00014985203968208324
539,pop0,2,0.0002733469009399414,0.00013577938079833984
539,pop1,3,0.00047079722086588543,8.369597729969522e-05
539,pop15,3,0.0005498727162679037,0.00015999957239809756
540,pop50,6,0.0004870891571044922,0.00011481688585016334
540,pop52,3,0.0004524389902750651,3.725912783855134e-06
540,pop34,2,0.0006035566329956055,0.0001989603042602539
541,pop45,2,0.00041043758392333984,2.491474151611328e-05
541,pop44,1,0.00045752525329589844,0.0
541,pop39,1,0.0004315376281738281,0.0
541,pop38,4,0.0005511641502380371,0.0001264417115901141
542,pop33,4,0.0005105137825012207,0.000148062868600547
542,pop50,1,0.00041604042053222656,0.0
542,pop14,1,0.0004258155822753906,0.0
542,pop27,1,0.00040841102600097656,0.0
542,pop44,1,0.0004451274871826172,0.0
542,pop39,1,0.0004532337188720703,0.0
542,pop38,1,0.00043654441833496094,0.0
543,pop12,2,0.00032067298889160156,0.00011873245239257812
543,pop52,1,0.000423431396484375,0.0
543,pop51,3,0.0005247592926025391,0.00015628733400799608
543,pop43,2,0.0004178285598754883,1.704692840576172e-05
543,pop11,1,0.0007472038269042969,0.0
543,pop50,4,0.0004924535751342773,0.00011064837753863934
543,pop33,2,0.0006000995635986328,0.00014925003051757812
544,pop21,2,0.0003952980041503906,5.555152893066406e-05
544,pop23,1,0.0004475116729736328,0.0
544,pop16,1,0.0004551410675048828,0.0
544,pop50,2,0.00044274330139160156,1.430511474609375e-05
544,pop17,1,0.00044035911560058594,0.0
544,pop31,3,0.0005672772725423177,0.00010894265297976389
545,pop54,2,0.0004178285598754883,2.5391578674316406e-05
545,pop52,3,0.00043765703837076825,1.3867046191265268e-05
545,pop51,5,0.0004244327545166016,8.72025527236643e-06
545,pop8,2,0.0005489587783813477,0.00013339519500732422
545,pop12,1,0.0006513595581054688,0.0
545,pop9,1,0.0007369518280029297,0.0
545,pop50,3,0.0005524953206380209,0.00017117682846632567
546,pop14,2,0.0003408193588256836,9.572505950927734e-05
546,pop50,3,0.0005043347676595052,0.00011623769032513277
546,pop17,1,0.000438690185546875,0.0
546,pop31,1,0.00044727325439453125,0.0
547,pop0,5,0.000445556640625,0.00014779316759571098
547,pop1,1,0.00042891502380371094,0.0
547,pop53,1,0.00043582916259765625,0.0
547,pop47,1,0.0004181861877441406,0.0
547,pop51,1,0.0004520416259765625,0.0
548,pop45,2,0.0003606081008911133,7.355213165283203e-05
548,pop46,4,0.0005118846893310547,0.00013463548037346909
548,pop51,1,0.0004360675811767578,0.0
548,pop43,1,0.00040721893310546875,0.0
548,pop42,1,0.0004360675811767578,0.0
549,pop20,3,0.00038504600524902344,7.451664527883514e-05
549,pop46,1,0.00044274330139160156,0.0
549,pop51,1,0.00044226646423339844,0.0
549,pop52,3,0.00044600168863932293,1.8948236471917943e-05
549,pop13,2,0.0005509853363037109,0.00015854835510253906
549,pop50,3,0.0005184014638264974,0.0001406392556903225
550,pop33,5,0.0004959583282470703,0.0001578734596948068
550,pop50,1,0.0004436969757080078,0.0
550,pop51,1,0.0004227161407470703,0.0
550,pop46,1,0.00043392181396484375,0.0
550,pop45,1,0.0004305839538574219,0.0
551,pop25,2,0.00042617321014404297,3.2782554626464844e-05
551,pop17,1,0.0004405975341796875,0.0
551,pop50,2,0.0004291534423828125,2.9087066650390625e-05
551,pop51,3,0.00045379002888997394,1.3869778703924309e-05
551,pop46,3,0.00042398770650227863,5.959934634924785e-06
551,pop45,2,0.0006145238876342773,0.00017845630645751953
551,pop52,1,0.0004253387451171875,0.0
551,pop55,3,0.00054931640625,0.00016918280481873312
552,pop19,2,0.00040340423583984375,2.6226043701171875e-05
552,pop18,2,0.0004481077194213867,1.2755393981933594e-05
552,pop38,2,0.0004925727844238281,4.410743713378906e-05
552,pop39,1,0.0004329681396484375,0.0
553,pop21,2,0.00030362606048583984,0.0001322031021118164
553,pop22,3,0.000486294428507487,8.815714806034224e-05
553,pop51,1,0.00043487548828125,0.0
553,pop9,1,0.0004227161407470703,0.0
554,pop14,2,0.0003154277801513672,0.00011968612670898438
554,pop50,1,0.0004477500915527344,0.0
554,pop32,3,0.0005896091461181641,0.00013381096284032163
555,pop45,2,0.0003771781921386719,6.079673767089844e-05
555,pop46,1,0.0004603862762451172,0.0
555,pop51,1,0.00042748451232910156,0.0
555,pop50,2,0.000453948974609375,1.1205673217773438e-05
555,pop17,1,0.0004391670227050781,0.0
555,pop31,3,0.0005478064219156901,0.00010415669453793472
556,pop22,4,0.00043267011642456055,1.495815345479437e-05
556,pop51,1,0.0004417896270751953,0.0
556,pop19,1,0.00044035911560058594,0.0
556,pop18,2,0.0005134344100952148,6.663799285888672e-05
556,pop38,1,0.0003943443298339844,0.0
557,pop29,4,0.0005037188529968262,0.00016525695996123018
557,pop51,1,0.0004239082336425781,0.0
557,pop8,1,0.00044608116149902344,0.0
558,pop33,3,0.00038250287373860675,0.00010113919832747122
558,pop50,2,0.0005298852920532227,0.0001016855239868164
558,pop51,1,0.00044417381286621094,0.0
559,pop14,2,0.0003383159637451172,0.00011682510375976562
559,pop50,3,0.0005045731862386068,0.00010712068901408296
559,pop51,1,0.0004334449768066406,0.0
560,pop6,3,0.0004024505615234375,7.901504896391928e-05
560,pop7,1,0.00042319297790527344,0.0
560,pop53,1,0.000438690185546875,0.0
560,pop50,1,0.0004374980926513672,0.0
560,pop17,1,0.0004611015319824219,0.0
560,pop31,3,0.0005078315734863281,0.0001144741923913749
560,pop30,2,0.00043582916259765625,4.291534423828125e-06
560,pop48,2,0.0005025863647460938,5.650520324707031e-05
561,pop19,2,0.0003701448440551758,0.00010526180267333984
561,pop51,1,0.00045800209045410156,0.0
561,pop52,3,0.00041476885477701825,1.9015116918866705e-05
561,pop34,2,0.0005750656127929688,0.00015926361083984375
561,pop53,2,0.00045931339263916016,2.396106719970703e-05
561,pop42,4,0.0005688071250915527,0.00015127516759756796
562,pop45,2,0.0003864765167236328,8.344650268554688e-05
562,pop46,4,0.0005173683166503906,0.00013731885663203662
562,pop51,1,0.0004088878631591797,0.0
562,pop50,1,0.0004324913024902344,0.0
562,pop32,1,0.00040078163146972656,0.0
563,pop29,3,0.0007552305857340494,0.0004407583570939047
563,pop51,1,0.00042939186096191406,0.0
563,pop47,1,0.00044417381286621094,0.0
563,pop53,1,0.0004372596740722656,0.0
563,pop1,1,0.0004286766052246094,0.0
563,pop15,2,0.0006000995635986328,4.6253204345703125e-05
564,pop8,2,0.0004322528839111328,2.193450927734375e-05
564,pop51,1,0.00046443939208984375,0.0
564,pop19,1,0.00043702125549316406,0.0
564,pop18,2,0.00042700767517089844,1.8358230590820312e-05
564,pop38,2,0.0006231069564819336,9.429454803466797e-05
565,pop4,5,0.0004973411560058594,0.00015516071576073285
565,pop51,1,0.00040721893310546875,0.0
565,pop19,1,0.00040221214294433594,0.0
565,pop18,1,0.0004448890686035156,0.0
565,pop38,1,0.0004253387451171875,0.0
566,pop0,3,0.0003612041473388672,0.00010514718865280916
566,pop1,3,0.0004829565684000651,7.899066553814371e-05
566,pop53,1,0.0004048347473144531,0.0
566,pop42,1,0.0004360675811767578,0.0
567,pop33,3,0.0004153251647949219,3.282392665553217e-05
567,pop50,3,0.0005448659261067709,0.00016133573831620827
567,pop51,1,0.0004413127899169922,0.0
567,pop43,1,0.00041484832763671875,0.0
567,pop40,1,0.0003974437713623047,0.0
568,pop6,5,0.0004429340362548828,0.00013907120644977736
568,pop7,1,0.0004394054412841797,0.0
568,pop53,1,0.00040411949157714844,0.0
568,pop52,1,0.0004525184631347656,0.0
568,pop12,1,0.0004353523254394531,0.0
569,pop57,2,0.00035893917083740234,0.0001004934310913086
569,pop56,1,0.00046062469482421875,0.0
569,pop55,3,0.0004917780558268229,8.134240337775194e-05
569,pop52,1,0.000423431396484375,0.0
569,pop13,1,0.0004305839538574219,0.0
570,pop20,5,0.0004799365997314453,0.0001465465741427078
570,pop46,1,0.00040030479431152344,0.0
570,pop45,1,0.00040721893310546875,0.0
570,pop44,1,0.00044918060302734375,0.0
571,pop33,2,0.0004347562789916992,3.159046173095703e-05
571,pop50,1,0.0004334449768066406,0.0
571,pop14,1,0.0004165172576904297,0.0
571,pop27,3,0.0005076726277669271,7.264906177979387e-05
571,pop44,1,0.0004391670227050781,0.0
571,pop39,1,0.0004405975341796875,0.0
572,pop44,2,0.00038051605224609375,8.654594421386719e-05
572,pop27,4,0.0005028843879699707,0.00011332727212372513
572,pop14,1,0.0004343986511230469,0.0
572,pop50,1,0.00043463706970214844,0.0
572,pop52,1,0.0004279613494873047,0.0
572,pop12,1,0.0004127025604248047,0.0
573,pop13,5,0.0004849433898925781,0.0001600302018350281
573,pop52,1,0.0004189014434814453,0.0
573,pop50,1,0.00043964385986328125,0.0
573,pop14,1,0.00041484832763671875,0.0
573,pop24,1,0.00041675567626953125,0.0
574,pop25,2,0.00036454200744628906,9.608268737792969e-05
574,pop17,1,0.00041937828063964844,0.0
574,pop50,1,0.0004489421844482422,0.0
574,pop53,1,0.0004487037658691406,0.0
574,pop42,4,0.0005407929420471191,0.000129221261527374
575,pop4,5,0.0004848003387451172,0.00014907813304015628
575,pop51,1,0.0004470348358154297,0.0
575,pop47,1,0.0004334449768066406,0.0
575,pop53,1,0.0004069805145263672,0.0
575,pop1,1,0.00039076805114746094,0.0
575,pop0,1,0.0004355907440185547,0.0
576,pop6,3,0.00036271413167317707,8.922533730394335e-05
576,pop7,1,0.00044989585876464844,0.0
576,pop53,1,0.0004475116729736328,0.0
576,pop47,1,0.00045943260192871094,0.0
576,pop51,2,0.000553131103515625,0.00015497207641601562
576,pop43,3,0.00047779083251953125,6.234573664104569e-05
577,pop22,3,0.00043161710103352863,3.390204515399952e-05
577,pop51,1,0.0004448890686035156,0.0
577,pop50,2,0.0006430149078369141,0.0001976490020751953
577,pop17,1,0.0004420280456542969,0.0
577,pop31,1,0.0004489421844482422,0.0
577,pop30,1,0.0004169940948486328,0.0
577,pop48,1,0.0003993511199951172,0.0
577,pop49,1,0.00042510032653808594,0.0
578,pop14,2,0.00040662288665771484,5.8770179748535156e-05
578,pop27,4,0.0004863142967224121,7.293804088138527e-05
578,pop44,1,0.0004363059997558594,0.0
578,pop39,1,0.0004353523254394531,0.0
579,pop57,2,0.00039184093475341797,7.975101470947266e-05
579,pop56,1,0.000423431396484375,0.0
579,pop55,1,0.0004570484161376953,0.0
579,pop50,3,0.0004421075185139974,9.491601706716929e-06
579,pop53,1,0.0004448890686035156,0.0
579,pop1,1,0.00044465065002441406,0.0
579,pop15,2,0.0006215572357177734,5.1021575927734375e-05
580,pop33,2,0.00036203861236572266,9.429454803466797e-05
580,pop50,5,0.00042972564697265627,2.38373752194566e-05
580,pop52,3,0.00043972333272298175,1.844352597346649e-05
580,pop54,2,0.000580906867980957,0.00014889240264892578
580,pop14,1,0.0006825923919677734,0.0
580,pop16,1,0.0008285045623779297,0.0
580,pop51,2,0.0004469156265258789,2.0265579223632812e-06
580,pop46,3,0.0005602041880289713,0.00010844181639637233
580,pop45,1,0.0005466938018798828,0.0
581,pop50,5,0.0004135608673095703,5.7939266362842436e-05
581,pop52,3,0.0004259745279947917,1.5089382764536162e-05
581,pop13,3,0.0005203088124593099,0.0001539273791886393
581,pop32,2,0.000725865364074707,4.5180320739746094e-05
582,pop12,3,0.0003917217254638672,0.00020208568415890196
582,pop52,3,0.0004413922627766927,1.641956210504359e-05
582,pop34,1,0.000804901123046875,0.0
582,pop51,2,0.0004369020462036133,2.8014183044433594e-05
582,pop4,3,0.0005178451538085938,0.00012131593856920551
583,pop19,2,0.0004341602325439453,4.410743713378906e-05
583,pop18,3,0.00042446454366048175,1.1428075638550041e-05
583,pop38,2,0.0005002021789550781,8.7738037109375e-05
583,pop39,1,0.00040030479431152344,0.0
584,pop45,2,0.00042247772216796875,4.649162292480469e-05
584,pop46,2,0.00043082237243652344,2.0265579223632812e-05
584,pop51,1,0.0004367828369140625,0.0
584,pop29,3,0.0005428791046142578,9.386367168884924e-05
585,pop13,4,0.0005103945732116699,0.00016089150779861425
585,pop52,1,0.0004329681396484375,0.0
585,pop51,1,0.00039839744567871094,0.0
585,pop43,1,0.00043702125549316406,0.0
585,pop40,1,0.00039958953857421875,0.0
586,pop54,2,0.00043261051177978516,8.225440979003906e-06
586,pop52,1,0.00042629241943359375,0.0
586,pop50,1,0.0004532337188720703,0.0
586,pop14,1,0.0004482269287109375,0.0
586,pop27,4,0.00047200918197631836,6.370359170205721e-05
586,pop44,1,0.0003788471221923828,0.0
587,pop8,2,0.00030028820037841797,0.00014340877532958984
587,pop51,3,0.0004418690999348958,9.263276889854053e-06
587,pop9,2,0.0006244182586669922,0.00019478797912597656
587,pop50,4,0.0004926323890686035,0.00014605199658575564
588,pop57,2,0.00033223628997802734,0.00010502338409423828
588,pop56,1,0.00042128562927246094,0.0
588,pop55,3,0.000511010487874349,0.0001084121085912776
588,pop52,1,0.0004482269287109375,0.0
588,pop34,1,0.00041031837463378906,0.0
589,pop12,2,0.00037610530853271484,5.638599395751953e-05
589,pop52,1,0.0004246234893798828,0.0
589,pop50,3,0.0005171298980712891,0.00010317621973764853
589,pop14,1,0.00043487548828125,0.0
589,pop24,1,0.0004448890686035156,0.0
590,pop20,4,0.0003960728645324707,9.032845474319334e-05
590,pop46,1,0.00041747093200683594,0.0
590,pop51,1,0.0004591941833496094,0.0
590,pop43,2,0.0004965066909790039,5.352497100830078e-05
590,pop40,1,0.0003848075866699219,0.0
591,pop45,2,0.0003141164779663086,0.00014221668243408203
591,pop46,2,0.0004456043243408203,4.0531158447265625e-06
591,pop51,2,0.0006222724914550781,0.0001819133758544922
591,pop47,2,0.00045180320739746094,1.7642974853515625e-05
591,pop53,2,0.0004534721374511719,5.7220458984375e-06
591,pop1,2,0.0005757808685302734,0.00012254714965820312
592,pop21,2,0.00031685829162597656,0.000133514404296875
592,pop22,3,0.00043892860412597656,1.2088237343998937e-05
592,pop51,3,0.0004353523254394531,2.3940201431216912e-05
592,pop9,2,0.0005788803100585938,0.00015664100646972656
592,pop52,2,0.00045752525329589844,6.67572021484375e-06
592,pop13,2,0.0007172822952270508,3.1828880310058594e-05
593,pop44,2,0.0002894401550292969,0.0001404285430908203
593,pop39,2,0.0004450082778930664,5.960464477539062e-07
593,pop38,3,0.0005772908528645834,0.00013670242079659567
594,pop25,2,0.0004038810729980469,3.552436828613281e-05
594,pop17,1,0.00045609474182128906,0.0
594,pop50,1,0.00045037269592285156,0.0
594,pop51,1,0.00041747093200683594,0.0
594,pop46,3,0.00045410792032877606,1.5316216037361374e-05
594,pop45,1,0.00046944618225097656,0.0
595,pop6,5,0.0004978656768798828,0.0001505516502939795
595,pop7,1,0.0004420280456542969,0.0
595,pop53,1,0.00042510032653808594,0.0
595,pop50,1,0.0004322528839111328,0.0
595,pop14,1,0.0004069805145263672,0.0
595,pop27,1,0.0004324913024902344,0.0
595,pop44,1,0.0003745555877685547,0.0
595,pop39,1,0.0003941059112548828,0.0
596,pop54,2,0.00029861927032470703,0.00013530254364013672
596,pop52,3,0.0004494984944661458,1.0721474936192862e-06
596,pop34,2,0.0005557537078857422,0.0001647472381591797
596,pop53,2,0.00044739246368408203,3.2186508178710938e-06
596,pop42,4,0.0005475878715515137,0.00012758628655663048
597,pop8,2,0.00037467479705810547,6.091594696044922e-05
597,pop51,3,0.00043328603108723957,5.510627690429598e-06
597,pop50,4,0.0004266500473022461,1.7572355052941092e-05
597,pop17,3,0.00046022733052571613,1.0684297681334064e-05
597,pop31,3,0.0005458990732828776,0.00016116300415279072
597,pop22,2,0.0007138252258300781,9.298324584960938e-06
598,pop22,5,0.0004596233367919922,0.0001446651483329541
598,pop51,1,0.0004413127899169922,0.0
598,pop52,1,0.00041961669921875,0.0
598,pop13,1,0.0004303455352783203,0.0
599,pop33,5,0.00046548843383789065,0.000124077445002189
599,pop50,1,0.0004203319549560547,0.0
599,pop53,1,0.0004324913024902344,0.0
599,pop1,1,0.0004048347473144531,0.0
599,pop15,1,0.00038743019104003906,0.0
600,pop44,4,0.0003598332405090332,0.00012715852973101905
600,pop39,3,0.0005029837290445963,7.982960738954325e-05
600,pop27,3,0.0005041758219401041,0.00011404308292411384
601,pop6,5,0.0004922866821289063,0.0001544091491079751
601,pop7,1,0.00044918060302734375,0.0
601,pop53,1,0.0004448890686035156,0.0
601,pop50,1,0.0004336833953857422,0.0
601,pop17,1,0.0004432201385498047,0.0
601,pop31,1,0.0004265308380126953,0.0
601,pop30,1,0.0004508495330810547,0.0
601,pop48,1,0.0004241466522216797,0.0
601,pop49,1,0.0004436969757080078,0.0
602,pop54,2,0.0003902912139892578,4.38690185546875e-05
602,pop52,1,0.0004649162292480469,0.0
602,pop51,1,0.00045943260192871094,0.0
602,pop46,3,0.00047143300374348957,5.742748655238747e-05
602,pop45,1,0.00043582916259765625,0.0
603,pop29,5,0.0004122734069824219,0.0001637668324053298
603,pop51,2,0.00044417381286621094,7.152557373046875e-06
603,pop43,2,0.0006036758422851562,0.0001990795135498047
603,pop42,2,0.000599980354309082,0.0002027750015258789
604,pop50,3,0.00039919217427571613,8.811049543728927e-05
604,pop52,1,0.0004181861877441406,0.0
604,pop13,3,0.0005407333374023438,8.002226388399868e-05
605,pop19,2,0.00031638145446777344,0.00014591217041015625
605,pop51,3,0.00043884913126627606,2.5406467697057377e-06
605,pop9,2,0.0006309747695922852,0.0001977682113647461
605,pop50,2,0.00041306018829345703,2.5033950805664062e-06
605,pop14,2,0.0004456043243408203,4.76837158203125e-06
605,pop27,3,0.0005420049031575521,0.00014243926652365277
606,pop13,5,0.0004459381103515625,0.00013409425637696934
606,pop52,1,0.0004417896270751953,0.0
606,pop53,1,0.00040078163146972656,0.0
606,pop42,1,0.0004184246063232422,0.0
607,pop0,3,0.0004386107126871745,3.013101097379757e-05
607,pop1,1,0.00043129920959472656,0.0
607,pop53,1,0.0004220008850097656,0.0
607,pop50,3,0.0005559921264648438,0.00015855928971293776
607,pop14,1,0.0004367828369140625,0.0
607,pop27,1,0.0004367828369140625,0.0
607,pop44,1,0.0004119873046875,0.0
607,pop39,1,0.0004279613494873047,0.0
607,pop38,1,0.0004000663757324219,0.0
608,pop57,2,0.00032448768615722656,0.00013947486877441406
608,pop48,4,0.0004661679267883301,6.457609687399311e-05
608,pop49,1,0.0004000663757324219,0.0
609,pop22,3,0.0004249413808186849,3.940635923693549e-05
609,pop51,1,0.0004627704620361328,0.0
609,pop50,1,0.000408172607421875,0.0
609,pop14,1,0.0004601478576660156,0.0
609,pop27,2,0.0005025863647460938,5.5789947509765625e-05
609,pop44,1,0.00043463706970214844,0.0
610,pop54,2,0.0004004240036010742,8.14199447631836e-05
610,pop52,1,0.0004658699035644531,0.0
610,pop50,6,0.00042490164438883465,1.6438447626746285e-05
610,pop17,3,0.0004189014434814453,3.0275091764092843e-05
610,pop31,2,0.0006220340728759766,0.00021409988403320312
610,pop53,1,0.00045871734619140625,0.0
610,pop41,1,0.0007979869842529297,0.0
610,pop40,1,0.00041222572326660156,0.0
610,pop43,1,0.0004725456237792969,0.0
610,pop51,1,0.0004506111145019531,0.0
610,pop32,2,0.000672459602355957,3.8504600524902344e-05
611,pop50,2,0.00036275386810302734,9.644031524658203e-05
611,pop53,1,0.00045228004455566406,0.0
611,pop42,4,0.000558316707611084,0.00016356890545104178
612,pop20,3,0.00037924448649088543,0.00010669958781258884
612,pop46,1,0.0004286766052246094,0.0
612,pop51,1,0.00044226646423339844,0.0
612,pop43,3,0.0004543463389078776,4.128490763712448e-05
612,pop40,1,0.0004143714904785156,0.0
613,pop45,2,0.0003762245178222656,8.988380432128906e-05
613,pop46,2,0.0004334449768066406,1.430511474609375e-06
613,pop51,3,0.00045307477315266925,3.009136751148003e-05
613,pop52,3,0.00043384234110514325,1.6843372215766765e-05
613,pop54,2,0.0005637407302856445,0.00015223026275634766
613,pop10,3,0.0006359418233235677,0.00016583165759314738
614,pop22,2,0.00037539005279541016,9.572505950927734e-05
614,pop51,1,0.0004534721374511719,0.0
614,pop52,3,0.00044266382853190106,1.413098066386723e-05
614,pop34,2,0.000578761100769043,0.00017845630645751953
614,pop50,2,0.0004311800003051758,1.1801719665527344e-05
614,pop14,2,0.00042045116424560547,1.2278556823730469e-05
614,pop27,4,0.0006112456321716309,0.00019846605927650605
615,pop4,4,0.00044423341751098633,0.00012571967610213776
615,pop51,1,0.0004527568817138672,0.0
615,pop46,1,0.0004067420959472656,0.0
615,pop45,1,0.0004031658172607422,0.0
616,pop21,2,0.0004004240036010742,5.066394805908203e-05
616,pop23,1,0.0004563331604003906,0.0
616,pop16,1,0.0004267692565917969,0.0
616,pop50,4,0.0005149245262145996,0.0001415914703570411
616,pop53,1,0.0004189014434814453,0.0
616,pop1,1,0.0004200935363769531,0.0
616,pop0,1,0.00040268898010253906,0.0
617,pop0,2,0.00034487247467041016,0.00010716915130615234
617,pop1,3,0.0005234082539876302,0.00012479678601888373
617,pop53,1,0.0003991127014160156,0.0
617,pop47,1,0.0004165172576904297,0.0
617,pop51,1,0.0004401206970214844,0.0
618,pop50,2,0.0004292726516723633,9.59634780883789e-05
618,pop14,1,0.0004565715789794922,0.0
618,pop27,3,0.00047516822814941406,7.921981261983155e-05
618,pop44,1,0.0004146099090576172,0.0
619,pop14,2,0.00041413307189941406,5.1021575927734375e-05
619,pop50,4,0.0004980564117431641,0.00012024311957172777
619,pop53,1,0.00043964385986328125,0.0
619,pop1,1,0.0004413127899169922,0.0
619,pop0,1,0.0004248619079589844,0.0
620,pop44,2,0.00040209293365478516,6.258487701416016e-05
620,pop27,4,0.0004985928535461426,0.00011544585751737273
620,pop14,1,0.00042819976806640625,0.0
620,pop50,1,0.00044655799865722656,0.0
620,pop52,1,0.0004165172576904297,0.0
620,pop34,1,0.0003829002380371094,0.0
621,pop6,2,0.0003802776336669922,7.319450378417969e-05
621,pop7,1,0.00045037269592285156,0.0
621,pop53,1,0.00042939186096191406,0.0
621,pop47,1,0.0004546642303466797,0.0
621,pop51,3,0.0004474322001139323,2.9610866586314805e-05
621,pop9,2,0.0006041526794433594,0.00021076202392578125
621,pop50,3,0.000432888666788737,1.1564871319822467e-05
621,pop17,2,0.00042808055877685547,6.556510925292969e-06
621,pop31,3,0.00043050448099772137,1.5462731052418148e-05
621,pop30,2,0.0004088878631591797,1.2159347534179688e-05
621,pop48,2,0.0005909204483032227,0.00014126300811767578
622,pop22,2,0.0003459453582763672,9.131431579589844e-05
622,pop51,5,0.00042834281921386717,1.6572818257267126e-05
622,pop46,3,0.0004399617513020833,8.645390671712502e-06
622,pop45,2,0.0005189180374145508,0.00011527538299560547
622,pop4,2,0.0005965232849121094,0.0001957416534423828
622,pop52,1,0.0004467964172363281,0.0
622,pop55,2,0.00044739246368408203,1.3470649719238281e-05
622,pop56,1,0.0007109642028808594,0.0
622,pop50,2,0.00045621395111083984,3.6597251892089844e-05
622,pop10,2,0.0007141828536987305,1.4662742614746094e-05
623,pop4,5,0.0006749153137207032,0.0003451316058082099
623,pop51,1,0.0004153251647949219,0.0
623,pop50,1,0.00043702125549316406,0.0
623,pop32,1,0.0004401206970214844,0.0
624,pop50,4,0.0004897117614746094,0.00015051512375315604
624,pop14,1,0.00043272972106933594,0.0
624,pop27,1,0.00043845176696777344,0.0
624,pop44,1,0.000396728515625,0.0
625,pop44,2,0.0004162788391113281,4.9114227294921875e-05
625,pop27,4,0.0005350708961486816,0.0001865672512342711
625,pop14,1,0.00043272972106933594,0.0
625,pop50,1,0.00040221214294433594,0.0
625,pop17,1,0.0004127025604248047,0.0
625,pop31,1,0.0004410743713378906,0.0
625,pop30,1,0.0004353523254394531,0.0
625,pop48,1,0.00040650367736816406,0.0
625,pop49,1,0.00043487548828125,0.0
626,pop6,2,0.00040984153747558594,4.601478576660156e-05
626,pop7,1,0.00044846534729003906,0.0
626,pop53,1,0.0004208087921142578,0.0
626,pop47,1,0.00044989585876464844,0.0
626,pop51,3,0.00044767061869303387,6.126115271441703e-06
626,pop29,3,0.0005066394805908203,0.00010181134029035585
626,pop36,3,0.0005458196004231771,0.00015996877916738894
627,pop12,2,0.00044286251068115234,5.042552947998047e-05
627,pop52,1,0.0004401206970214844,0.0
627,pop55,3,0.0005489985148111979,0.0001631425863475457
627,pop56,1,0.0004222393035888672,0.0
627,pop48,1,0.00042748451232910156,0.0
627,pop49,1,0.0003972053527832031,0.0
628,pop54,2,0.0004303455352783203,3.838539123535156e-05
628,pop52,1,0.00043320655822753906,0.0
628,pop55,1,0.00041937828063964844,0.0
628,pop56,1,0.0004487037658691406,0.0
628,pop48,3,0.0005101362864176432,9.951062039349898e-05
628,pop49,1,0.0004024505615234375,0.0
629,pop20,3,0.00042136510213216144,3.297558701623887e-05
629,pop46,1,0.0004477500915527344,0.0
629,pop51,1,0.0004482269287109375,0.0
629,pop19,1,0.00043010711669921875,0.0
629,pop18,2,0.00044667720794677734,1.3113021850585938e-06
629,pop38,2,0.0006778240203857422,0.00012111663818359375
630,pop45,2,0.0004115104675292969,5.054473876953125e-05
630,pop46,5,0.000507974624633789,0.00015735146486309885
630,pop51,3,0.0004394849141438802,1.8284630868506936e-05
630,pop29,2,0.0005525350570678711,0.00011861324310302734
630,pop20,2,0.0005636215209960938,0.000102996826171875
631,pop50,4,0.0005251169204711914,0.000174677571704849
631,pop51,1,0.00043392181396484375,0.0
631,pop46,1,0.000408172607421875,0.0
631,pop45,1,0.00043845176696777344,0.0
632,pop25,2,0.00044667720794677734,2.562999725341797e-05
632,pop17,1,0.0004258155822753906,0.0
632,pop50,3,0.0005489985148111979,0.00017238727637553634
632,pop14,1,0.0004398822784423828,0.0
632,pop27,1,0.0004265308380126953,0.0
632,pop44,1,0.00040721893310546875,0.0
632,pop39,1,0.00043392181396484375,0.0
632,pop38,1,0.000415802001953125,0.0
633,pop8,2,0.0003465414047241211,9.453296661376953e-05
633,pop51,1,0.0004222393035888672,0.0
633,pop46,4,0.0004646778106689453,5.2798008320801796e-05
633,pop45,2,0.0005822181701660156,0.00015664100646972656
634,pop0,4,0.0005247592926025391,0.00018623535881733105
634,pop1,1,0.0004086494445800781,0.0
634,pop53,1,0.00041556358337402344,0.0
634,pop47,1,0.0004367828369140625,0.0
634,pop51,1,0.00044035911560058594,0.0
634,pop29,1,0.00041103363037109375,0.0
635,pop12,2,0.00041174888610839844,5.125999450683594e-05
635,pop52,1,0.0004177093505859375,0.0
635,pop51,1,0.00045299530029296875,0.0
635,pop46,3,0.0004616578420003255,3.737641627810344e-05
635,pop45,1,0.00041294097900390625,0.0
636,pop45,2,0.0002995729446411133,0.00015604496002197266
636,pop46,1,0.00042891502380371094,0.0
636,pop51,2,0.0005958080291748047,0.0001811981201171875
636,pop50,3,0.0005015532175699869,0.0001002039626933186
637,pop33,2,0.00033223628997802734,0.00011432170867919922
637,pop50,6,0.00043328603108723957,1.7495585003938057e-05
637,pop17,3,0.0004421075185139974,9.581012760912907e-06
637,pop31,2,0.0005295276641845703,0.00011968612670898438
637,pop16,1,0.0008852481842041016,0.0
637,pop14,2,0.00041353702545166016,6.794929504394531e-06
637,pop27,2,0.0005594491958618164,0.00010836124420166016
638,pop14,2,0.000400543212890625,6.961822509765625e-05
638,pop27,3,0.0004908243815104166,9.395473599587064e-05
638,pop44,1,0.0004425048828125,0.0
638,pop39,1,0.0003883838653564453,0.0
639,pop50,4,0.0004750490188598633,0.00015431342088862189
639,pop53,1,0.00039267539978027344,0.0
639,pop42,1,0.0004184246063232422,0.0
640,pop12,2,0.00036334991455078125,4.1961669921875e-05
640,pop52,1,0.00042724609375,0.0
640,pop51,3,0.0004340807596842448,1.8833894062628152e-05
640,pop8,2,0.0005309581756591797,7.82012939453125e-05
640,pop43,3,0.0005522569020589193,0.00017328907168430506
641,pop45,2,0.0003733634948730469,7.748603820800781e-05
641,pop46,1,0.0004162788391113281,0.0
641,pop51,1,0.0004832744598388672,0.0
641,pop43,1,0.00042057037353515625,0.0
641,pop42,4,0.000537872314453125,0.0001265213292835746
642,pop29,4,0.0004513859748840332,0.0001427603164326417
642,pop51,1,0.00041556358337402344,0.0
642,pop46,1,0.00044918060302734375,0.0
642,pop45,1,0.0004010200500488281,0.0
643,pop19,2,0.0003464221954345703,0.00010180473327636719
643,pop51,4,0.0004394650459289551,1.4099365017520541e-05
643,pop46,5,0.0004447460174560547,2.6590502507075736e-05
643,pop45,2,0.0006240606307983398,0.0001996755599975586
643,pop29,1,0.0007634162902832031,0.0
643,pop22,2,0.0005525350570678711,0.00012981891632080078
644,pop13,3,0.000341335932413737,0.00013384173398478264
644,pop52,3,0.00043590863545735675,1.551289050161011e-05
644,pop34,2,0.0005806684494018555,0.00014269351959228516
644,pop53,2,0.00042998790740966797,2.8252601623535156e-05
644,pop42,3,0.0006033579508463541,0.00012126209463991672
645,pop6,5,0.00045719146728515623,0.0001292020703570145
645,pop7,1,0.00043272972106933594,0.0
645,pop53,1,0.0003731250762939453,0.0
645,pop50,1,0.0004143714904785156,0.0
645,pop17,1,0.00042891502380371094,0.0
645,pop31,1,0.0004382133483886719,0.0
646,pop25,2,0.0003974437713623047,8.153915405273438e-05
646,pop17,1,0.0004458427429199219,0.0
646,pop50,1,0.00043320655822753906,0.0
646,pop52,1,0.00042176246643066406,0.0
646,pop13,4,0.0005308389663696289,0.00013286874041749364
647,pop50,4,0.0005195140838623047,0.0001789106266535929
647,pop14,1,0.0004189014434814453,0.0
647,pop27,1,0.0003917217254638672,0.0
647,pop44,1,0.0004336833953857422,0.0
647,pop39,1,0.0004100799560546875,0.0
647,pop38,1,0.0004305839538574219,0.0
648,pop57,2,0.0003666877746582031,7.653236389160156e-05
648,pop56,1,0.0004343986511230469,0.0
648,pop55,4,0.0005098581314086914,0.00010843937745926222
648,pop50,1,0.0004169940948486328,0.0
648,pop53,1,0.00044918060302734375,0.0
648,pop42,1,0.000408172607421875,0.0
649,pop54,2,0.00036084651947021484,7.736682891845703e-05
649,pop52,1,0.000431060791015625,0.0
649,pop53,1,0.00043964385986328125,0.0
649,pop1,3,0.0004893143971761068,7.400207838244208e-05
649,pop0,1,0.0004100799560546875,0.0
650,pop12,2,0.00037992000579833984,6.592273712158203e-05
650,pop52,1,0.0004444122314453125,0.0
650,pop53,1,0.0004456043243408203,0.0
650,pop1,1,0.00044035911560058594,0.0
650,pop0,4,0.0005228519439697266,0.00014244557392711695
651,pop19,4,0.00036340951919555664,0.0001318912072177079
651,pop51,2,0.0006120204925537109,0.000217437744140625
651,pop18,4,0.000511467456817627,8.533826194815065e-05
652,pop13,5,0.0004752635955810547,0.00013980135241559543
652,pop52,1,0.00039649009704589844,0.0
652,pop50,1,0.00043511390686035156,0.0
652,pop14,1,0.00044798851013183594,0.0
652,pop24,1,0.0004210472106933594,0.0
653,pop25,2,0.00042426586151123047,2.014636993408203e-05
653,pop17,1,0.0004715919494628906,0.0
653,pop50,1,0.0004475116729736328,0.0
653,pop14,1,0.0004172325134277344,0.0
653,pop27,4,0.0005222558975219727,0.00014758846660527876
653,pop44,1,0.0004093647003173828,0.0
653,pop39,1,0.0004420280456542969,0.0
653,pop38,1,0.0003993511199951172,0.0
654,pop50,6,0.00046702226003011066,0.0001249166546046797
654,pop52,3,0.0004264513651529948,8.793161065371024e-06
654,pop34,2,0.0005555152893066406,0.0001270771026611328
655,pop21,2,0.0003762245178222656,7.557868957519531e-05
655,pop22,1,0.0004470348358154297,0.0
655,pop51,3,0.0004221598307291667,1.6611158509303923e-05
655,pop43,3,0.00042549769083658856,3.618171593823691e-05
655,pop40,2,0.0005440711975097656,0.00013828277587890625
655,pop46,3,0.0005760987599690756,0.00019421505193599055
655,pop45,1,0.0004374980926513672,0.0
655,pop44,2,0.0004324913024902344,1.5974044799804688e-05
655,pop39,2,0.0007817745208740234,1.4781951904296875e-05
655,pop27,1,0.00043654441833496094,0.0
655,pop14,1,0.0004279613494873047,0.0
655,pop50,1,0.0004138946533203125,0.0
656,pop54,2,0.0003974437713623047,3.647804260253906e-05
656,pop52,1,0.00045990943908691406,0.0
656,pop51,1,0.0004639625549316406,0.0
656,pop43,5,0.0005220413208007812,0.00010196096461769607
656,pop40,2,0.00048673152923583984,6.687641143798828e-05
657,pop25,2,0.0003935098648071289,4.2319297790527344e-05
657,pop17,1,0.00045228004455566406,0.0
657,pop50,3,0.0005617141723632812,0.0001877006952835519
657,pop51,1,0.0004088878631591797,0.0
657,pop8,1,0.0004305839538574219,0.0
658,pop22,2,0.0004202127456665039,3.4689903259277344e-05
658,pop51,1,0.0004477500915527344,0.0
658,pop50,4,0.0005319118499755859,0.00013926839217153134
658,pop17,1,0.0004413127899169922,0.0
658,pop31,1,0.0004436969757080078,0.0
658,pop30,1,0.0004031658172607422,0.0
658,pop48,1,0.0003960132598876953,0.0
658,pop49,1,0.0004258155822753906,0.0
659,pop4,4,0.00042957067489624023,3.248770287107245e-05
659,pop51,1,0.00045180320739746094,0.0
659,pop50,1,0.0004277229309082031,0.0
659,pop14,1,0.0004525184631347656,0.0
659,pop27,2,0.0005161762237548828,9.775161743164062e-05
659,pop44,1,0.0004208087921142578,0.0
659,pop39,1,0.00039458274841308594,0.0
660,pop14,2,0.00037479400634765625,7.081031799316406e-05
660,pop50,3,0.0005250771840413412,0.0001189741889305772
660,pop53,1,0.0004475116729736328,0.0
660,pop1,1,0.0003895759582519531,0.0
660,pop15,1,0.00040268898010253906,0.0
661,pop50,5,0.00039801597595214846,7.097631001565341e-05
661,pop52,3,0.0004172325134277344,1.2657908593536725e-05
661,pop34,2,0.0005960464477539062,0.0001995563507080078
661,pop14,2,0.00043892860412597656,2.8848648071289062e-05
661,pop27,3,0.0005312760670979818,0.00014152244270579026
662,pop21,2,0.00039899349212646484,6.520748138427734e-05
662,pop23,1,0.0004515647888183594,0.0
662,pop16,1,0.0004203319549560547,0.0
662,pop50,4,0.0005120038986206055,0.00014927502238560705
662,pop53,1,0.000423431396484375,0.0
662,pop1,1,0.00043654441833496094,0.0
662,pop15,1,0.00043487548828125,0.0
663,pop44,2,0.0004037618637084961,5.8531761169433594e-05
663,pop27,4,0.0004909038543701172,7.766171860393385e-05
663,pop14,1,0.0004298686981201172,0.0
663,pop50,1,0.0004439353942871094,0.0
663,pop51,1,0.0004487037658691406,0.0
663,pop9,1,0.0004181861877441406,0.0
664,pop29,2,0.00040924549102783203,5.7578086853027344e-05
664,pop51,2,0.0004489421844482422,1.9073486328125e-05
664,pop47,1,0.00042438507080078125,0.0
664,pop53,3,0.00044115384419759113,1.2586353420655364e-05
664,pop1,5,0.0004340171813964844,1.9808322916525968e-05
664,pop15,2,0.0006327629089355469,0.00020241737365722656
664,pop41,1,0.0007874965667724609,0.0
664,pop40,1,0.0004451274871826172,0.0
664,pop43,1,0.00045013427734375,0.0
664,pop50,2,0.0005965232849121094,0.00015401840209960938
665,pop54,2,0.00042557716369628906,3.790855407714844e-05
665,pop52,1,0.00044345855712890625,0.0
665,pop51,3,0.00042064984639485675,2.6543697196213766e-05
665,pop29,2,0.0006223917007446289,0.00021779537200927734
665,pop50,3,0.0005699793497721354,0.00019304410765014446
665,pop17,2,0.0004500150680541992,8.344650268554688e-07
665,pop31,4,0.00043570995330810547,1.1068503896180209e-05
665,pop30,1,0.0006914138793945312,0.0
666,pop22,2,0.0004285573959350586,4.7087669372558594e-05
666,pop51,1,0.00044608116149902344,0.0
666,pop50,1,0.00042557716369628906,0.0
666,pop14,1,0.00044989585876464844,0.0
666,pop27,4,0.0004750490188598633,7.787907395368842e-05
666,pop44,1,0.0004436969757080078,0.0
666,pop39,1,0.00041222572326660156,0.0
667,pop19,2,0.00039505958557128906,5.936622619628906e-05
667,pop51,1,0.00044608116149902344,0.0
667,pop47,1,0.00042819976806640625,0.0
667,pop53,1,0.00044655799865722656,0.0
667,pop1,4,0.00047850608825683594,5.8963184991694094e-05
667,pop0,1,0.0003981590270996094,0.0
668,pop20,5,0.00048131942749023436,9.354329783674796e-05
668,pop46,1,0.0003993511199951172,0.0
668,pop51,1,0.00043272972106933594,0.0
668,pop29,1,0.0004112720489501953,0.0
669,pop22,4,0.00047582387924194336,0.00014003528740446822
669,pop51,1,0.0004355907440185547,0.0
669,pop52,1,0.00041294097900390625,0.0
669,pop54,1,0.0004458427429199219,0.0
670,pop8,2,0.0004506111145019531,1.5735626220703125e-05
670,pop51,1,0.00044655799865722656,0.0
670,pop19,1,0.0004303455352783203,0.0
670,pop18,4,0.00044673681259155273,3.9658683974644614e-05
670,pop38,1,0.0004248619079589844,0.0
671,pop0,3,0.0003857612609863281,9.378935588586209e-05
671,pop1,2,0.0004347562789916992,1.8715858459472656e-05
671,pop53,1,0.0004222393035888672,0.0
671,pop52,3,0.00043972333272298175,2.1811789292106393e-05
671,pop34,2,0.0006326436996459961,0.00020396709442138672
671,pop51,2,0.0004475116729736328,8.58306884765625e-06
671,pop22,3,0.0005474090576171875,0.00014755330160319633
671,pop21,1,0.00070953369140625,0.0
672,pop25,2,0.0003548860549926758,0.0001062154769897461
672,pop17,1,0.0004203319549560547,0.0
672,pop50,4,0.0004991888999938965,9.345481803598023e-05
672,pop51,1,0.00040912628173828125,0.0
673,pop33,4,0.0004811882972717285,0.00014603584389772303
673,pop50,1,0.0004343986511230469,0.0
673,pop52,1,0.0004162788391113281,0.0
673,pop54,1,0.0004341602325439453,0.0
674,pop45,3,0.0004325707753499349,0.00026073607643768714
674,pop46,2,0.0004273653030395508,1.3232231140136719e-05
674,pop51,6,0.00043380260467529297,1.5035343024283209e-05
674,pop52,3,0.0004248619079589844,2.4866497750344128e-05
674,pop37,1,0.0007128715515136719,0.0
674,pop19,1,0.0008053779602050781,0.0
674,pop8,1,0.0007605552673339844,0.0
674,pop43,3,0.0004576841990152995,6.138474628870493e-06
674,pop11,1,0.0008072853088378906,0.0
674,pop55,2,0.0004425048828125,1.52587890625e-05
674,pop56,2,0.00043773651123046875,2.384185791015625e-05
674,pop57,1,0.0007073879241943359,0.0
674,pop50,3,0.000560601552327474,0.0001719653490606969
675,pop14,4,0.00037223100662231445,0.00012392576844115816
675,pop24,2,0.0005489587783813477,0.00011551380157470703
675,pop50,4,0.0004761219024658203,0.00012199473556029918
676,pop20,4,0.0005237460136413574,0.00017374690564466897
676,pop46,1,0.0004775524139404297,0.0
676,pop45,1,0.0004062652587890625,0.0
676,pop44,1,0.0004401206970214844,0.0
676,pop39,1,0.0004284381866455078,0.0
677,pop22,5,0.00047936439514160154,0.00013061166013635743
677,pop51,1,0.0004150867462158203,0.0
677,pop52,1,0.0004391670227050781,0.0
677,pop13,1,0.00042057037353515625,0.0
678,pop8,2,0.00042116641998291016,4.0411949157714844e-05
678,pop51,1,0.0004355907440185547,0.0
678,pop50,2,0.0004353523254394531,2.384185791015625e-07
678,pop14,1,0.0004260540008544922,0.0
678,pop27,2,0.0005390644073486328,7.033348083496094e-05
678,pop44,1,0.000431060791015625,0.0
678,pop39,1,0.00039839744567871094,0.0
679,pop6,2,0.0003541707992553711,0.0001119375228881836
679,pop7,1,0.0004203319549560547,0.0
679,pop53,1,0.00044465065002441406,0.0
679,pop52,3,0.0004317760467529297,8.203816668551089e-06
679,pop12,2,0.0005589723587036133,0.00015819072723388672
679,pop50,2,0.00042819976806640625,8.344650268554688e-06
679,pop14,2,0.000446319580078125,5.7220458984375e-06
679,pop27,4,0.0005019903182983398,0.00013228025928065906
680,pop54,2,0.0003364086151123047,0.00012826919555664062
680,pop52,1,0.0004181861877441406,0.0
680,pop51,2,0.0006483793258666992,0.0002390146255493164
680,pop50,2,0.0004457235336303711,3.933906555175781e-06
680,pop17,2,0.0004096031188964844,9.775161743164062e-06
680,pop31,4,0.0004839301109313965,0.00011065632401812503
681,pop57,2,0.0003453493118286133,0.0001138448715209961
681,pop56,1,0.0004169940948486328,0.0
681,pop55,3,0.0005213419596354166,0.00012050832168606601
681,pop50,1,0.0004439353942871094,0.0
681,pop51,1,0.0003974437713623047,0.0
682,pop12,2,0.0003719329833984375,8.320808410644531e-05
682,pop52,1,0.0004210472106933594,0.0
682,pop53,1,0.00046753883361816406,0.0
682,pop1,4,0.00047022104263305664,6.036308664099493e-05
682,pop0,1,0.0003714561462402344,0.0
683,pop13,5,0.00044579505920410155,0.00019743369837897607
683,pop52,2,0.0004146099090576172,1.2159347534179688e-05
683,pop55,2,0.0005540847778320312,9.679794311523438e-05
684,pop19,2,0.0003833770751953125,9.083747863769531e-05
684,pop51,1,0.0004150867462158203,0.0
684,pop43,1,0.000446319580078125,0.0
684,pop42,3,0.0005559126536051432,8.8093720255327e-05
685,pop45,2,0.0003604888916015625,7.748603820800781e-05
685,pop46,2,0.0005958080291748047,0.00017976760864257812
685,pop51,4,0.0005211234092712402,0.0001058278243930814
685,pop52,4,0.000424802303314209,1.6626491032720818e-05
685,pop34,2,0.0005357265472412109,0.00010609626770019531
685,pop50,3,0.0004469553629557292,1.565272395338717e-05
685,pop16,1,0.0007288455963134766,0.0
685,pop55,2,0.0005151033401489258,6.973743438720703e-05
686,pop54,2,0.0003688335418701172,5.316734313964844e-05
686,pop52,1,0.0004017353057861328,0.0
686,pop50,4,0.0005077123641967773,0.00010178134937768644
686,pop17,1,0.0004105567932128906,0.0
686,pop31,1,0.00041866302490234375,0.0
687,pop0,3,0.0003666083017985026,9.30358732352409e-05
687,pop1,1,0.00045108795166015625,0.0
687,pop53,1,0.000446319580078125,0.0
687,pop47,1,0.00042510032653808594,0.0
687,pop51,4,0.0005137920379638672,0.00016651570723465387
687,pop52,1,0.0004372596740722656,0.0
687,pop55,3,0.0004456043243408203,9.458939754904448e-06
687,pop56,1,0.0007112026214599609,0.0
687,pop50,1,0.0004496574401855469,0.0
687,pop19,1,0.0007944107055664062,0.0
687,pop43,2,0.0005041360855102539,8.857250213623047e-05
688,pop25,2,0.00032520294189453125,0.00011110305786132812
688,pop17,3,0.0004534721374511719,1.1113136432989963e-05
688,pop50,5,0.000603342056274414,0.0003271501033121372
688,pop51,4,0.0004947185516357422,0.00013587317731062645
688,pop47,1,0.00045037269592285156,0.0
688,pop53,3,0.0004458427429199219,2.9124824323136285e-05
688,pop1,1,0.0006306171417236328,0.0
688,pop3,1,0.0005710124969482422,0.0
688,pop52,1,0.0004742145538330078,0.0
688,pop46,4,0.0004328489303588867,2.435402314297139e-05
688,pop20,1,0.0005922317504882812,0.0
688,pop45,1,0.0007784366607666016,0.0
688,pop31,2,0.0006853342056274414,4.3511390686035156e-05
689,pop57,2,0.00039637088775634766,4.470348358154297e-05
689,pop56,1,0.00045680999755859375,0.0
689,pop55,4,0.0005341172218322754,0.000159051585455754
689,pop50,1,0.00043487548828125,0.0
689,pop51,1,0.0004076957702636719,0.0
689,pop29,1,0.00042366981506347656,0.0
690,pop19,2,0.00039196014404296875,5.078315734863281e-05
690,pop51,1,0.0009083747863769531,0.0
691,pop4,4,0.0005059242248535156,0.00015779167680488715
691,pop51,1,0.00042819976806640625,0.0
691,pop47,1,0.0004162788391113281,0.0
691,pop53,1,0.00040149688720703125,0.0
691,pop1,1,0.00044226646423339844,0.0
691,pop15,1,0.00040793418884277344,0.0
692,pop50,2,0.0003374814987182617,0.00010097026824951172
692,pop17,1,0.0004413127899169922,0.0
692,pop31,4,0.0004985928535461426,6.805553308512698e-05
692,pop30,1,0.0007498264312744141,0.0
693,pop21,2,0.00038826465606689453,4.851818084716797e-05
693,pop22,1,0.0004405975341796875,0.0
693,pop51,1,0.00036835670471191406,0.0
693,pop29,3,0.0005349318186442057,8.187779839409619e-05
694,pop33,4,0.0005028247833251953,0.00015961790010124508
694,pop50,1,0.00040984153747558594,0.0
694,pop51,1,0.0004124641418457031,0.0
694,pop8,1,0.00041365623474121094,0.0
695,pop14,2,0.0004000663757324219,4.38690185546875e-05
695,pop50,2,0.0004609823226928711,4.6372413635253906e-05
695,pop17,1,0.0004448890686035156,0.0
695,pop31,2,0.0005457401275634766,9.059906005859375e-05
695,pop30,1,0.000408172607421875,0.0
695,pop48,1,0.0004405975341796875,0.0
695,pop49,1,0.0004413127899169922,0.0
696,pop57,2,0.0003533363342285156,8.845329284667969e-05
696,pop56,1,0.0004477500915527344,0.0
696,pop55,4,0.00047522783279418945,8.912875679239454e-05
696,pop50,1,0.0004036426544189453,0.0
696,pop32,1,0.00043272972106933594,0.0
697,pop44,2,0.00040411949157714844,3.981590270996094e-05
697,pop27,4,0.000518798828125,0.00015441546985730598
697,pop14,1,0.00043082237243652344,0.0
697,pop50,1,0.0004410743713378906,0.0
697,pop17,1,0.00040650367736816406,0.0
697,pop31,1,0.00041604042053222656,0.0
697,pop30,1,0.00043773651123046875,0.0
697,pop48,1,0.0004069805145263672,0.0
697,pop49,1,0.00040793418884277344,0.0
698,pop29,4,0.0005036592483520508,0.00015242636035833618
698,pop51,1,0.00044417381286621094,0.0
698,pop50,1,0.0004324913024902344,0.0
698,pop14,1,0.00042700767517089844,0.0
698,pop27,1,0.0004589557647705078,0.0
698,pop44,1,0.00041604042053222656,0.0
699,pop33,2,0.000347137451171875,7.343292236328125e-05
699,pop50,6,0.00043388207753499347,1.4983374246374012e-05
699,pop52,3,0.00044274330139160156,1.4898140919093508e-05
699,pop13,2,0.000573277473449707,0.0001786947250366211
699,pop26,1,0.000659942626953125,0.0
699,pop32,2,0.0007747411727905273,4.470348358154297e-05
700,pop4,2,0.00038373470306396484,8.26120376586914e-05
700,pop51,1,0.00043511390686035156,0.0
700,pop50,1,0.0004329681396484375,0.0
700,pop32,4,0.0005515813827514648,0.0001548620438591381
701,pop21,2,0.0004165172576904297,8.034706115722656e-05
701,pop23,1,0.0004417896270751953,0.0
701,pop16,1,0.00041937828063964844,0.0
701,pop50,2,0.00044083595275878906,1.52587890625e-05
701,pop53,1,0.0004286766052246094,0.0
701,pop1,3,0.00048430760701497394,7.351578885055075e-05
701,pop0,1,0.00042939186096191406,0.0
702,pop44,2,0.0003998279571533203,6.556510925292969e-05
702,pop27,4,0.0005036592483520508,0.0001266182803143996
702,pop14,1,0.0004432201385498047,0.0
702,pop50,1,0.0004172325134277344,0.0
702,pop53,1,0.0004112720489501953,0.0
702,pop1,1,0.00043392181396484375,0.0
702,pop0,1,0.00041031837463378906,0.0
703,pop29,3,0.00039847691853841144,9.101894466466948e-05
703,pop51,4,0.0004356503486633301,1.9306293160815584e-05
703,pop52,4,0.0004410743713378906,1.5873199239615544e-05
703,pop13,2,0.0005223751068115234,0.00011730194091796875
703,pop54,1,0.0007445812225341797,0.0
703,pop43,1,0.0006649494171142578,0.0
703,pop22,3,0.0005236466725667318,0.00011157961199616767
703,pop21,1,0.0006818771362304688,0.0
704,pop33,4,0.00046563148498535156,0.00016182484327232927
704,pop50,1,0.00042128562927246094,0.0
704,pop51,1,0.0004050731658935547,0.0
704,pop9,1,0.00043463706970214844,0.0
705,pop21,2,0.0003578662872314453,8.106231689453125e-05
705,pop22,4,0.0004900097846984863,0.00012370976690053025
705,pop51,1,0.0004410743713378906,0.0
705,pop52,1,0.0004017353057861328,0.0
705,pop13,1,0.00043511390686035156,0.0
706,pop20,5,0.0005152702331542968,0.00015094825345844944
706,pop46,1,0.000446319580078125,0.0
706,pop51,1,0.0004248619079589844,0.0
706,pop50,1,0.00043845176696777344,0.0
706,pop17,1,0.0004436969757080078,0.0
706,pop31,1,0.00042891502380371094,0.0
706,pop30,1,0.000438690185546875,0.0
706,pop48,1,0.00044035911560058594,0.0
706,pop49,1,0.0004150867462158203,0.0
707,pop22,2,0.00037479400634765625,0.00010061264038085938
707,pop51,3,0.00043320655822753906,1.4041754599118163e-05
707,pop52,3,0.0004249413808186849,1.5318690052621128e-05
707,pop34,2,0.0005859136581420898,0.00016248226165771484
707,pop53,2,0.0004432201385498047,9.298324584960938e-06
707,pop1,2,0.00044846534729003906,1.2159347534179688e-05
707,pop15,2,0.0006281137466430664,0.00020515918731689453
707,pop47,1,0.00043082237243652344,0.0
707,pop36,2,0.0005791187286376953,0.00016260147094726562
708,pop8,2,0.0004303455352783203,4.410743713378906e-05
708,pop51,1,0.0004367828369140625,0.0
708,pop19,1,0.0004284381866455078,0.0
708,pop18,4,0.0004731416702270508,5.978806407567172e-05
708,pop38,1,0.00043082237243652344,0.0
709,pop33,2,0.0004305839538574219,4.506111145019531e-05
709,pop50,1,0.0003848075866699219,0.0
709,pop14,1,0.00042128562927246094,0.0
709,pop27,3,0.0005056858062744141,7.82378719816677e-05
709,pop44,1,0.0004413127899169922,0.0
709,pop39,1,0.0003979206085205078,0.0
710,pop21,2,0.0003870725631713867,7.784366607666016e-05
710,pop22,1,0.00041103363037109375,0.0
710,pop51,1,0.00046062469482421875,0.0
710,pop43,1,0.00045108795166015625,0.0
710,pop42,4,0.0005462765693664551,0.00012726175129577683
711,pop6,3,0.00039951006571451825,4.76464814936133e-05
711,pop7,1,0.0004639625549316406,0.0
711,pop53,1,0.00047469139099121094,0.0
711,pop42,3,0.00047667821248372394,5.670465115977105e-05
711,pop43,1,0.0004563331604003906,0.0
711,pop40,1,0.00040149688720703125,0.0
712,pop12,2,0.0004025697708129883,4.9233436584472656e-05
712,pop52,1,0.00042176246643066406,0.0
712,pop50,3,0.0005129973093668619,0.0001322380624422164
712,pop14,1,0.00040912628173828125,0.0
712,pop24,1,0.0004229545593261719,0.0
713,pop13,5,0.0004212379455566406,0.00012348346146301775
713,pop52,1,0.0004010200500488281,0.0
713,pop51,1,0.0004334449768066406,0.0
714,pop45,2,0.00031816959381103516,0.0001455545425415039
714,pop46,3,0.0004299481709798177,1.33632615150248e-05
714,pop51,3,0.00044194857279459637,2.6510840474528304e-05
714,pop9,2,0.0005977153778076172,0.00016760826110839844
714,pop50,2,0.0005815029144287109,0.00015592575073242188
715,pop4,2,0.0003985166549682617,7.37905502319336e-05
715,pop51,1,0.00043082237243652344,0.0
715,pop50,3,0.0005152225494384766,8.480085570827499e-05
715,pop17,1,0.00045418739318847656,0.0
715,pop31,1,0.00040721893310546875,0.0
716,pop22,2,0.00036776065826416016,8.976459503173828e-05
716,pop51,1,0.0004177093505859375,0.0
716,pop52,6,0.0004909435907999674,0.0001264413260274678
716,pop12,2,0.0005209445953369141,8.296966552734375e-05
716,pop54,1,0.0005688667297363281,0.0
716,pop13,1,0.0006384849548339844,0.0
716,pop53,2,0.0004254579544067383,4.410743713378906e-06
716,pop47,1,0.000621795654296875,0.0
716,pop50,3,0.0005210240681966146,0.00012646801604980658
717,pop21,2,0.00040340423583984375,9.775161743164062e-05
717,pop23,1,0.0004119873046875,0.0
717,pop24,2,0.0006303787231445312,0.00020742416381835938
717,pop14,2,0.00043511390686035156,7.152557373046875e-06
717,pop50,3,0.0005261898040771484,0.00013429605920728822
718,pop54,2,0.0003638267517089844,5.3882598876953125e-05
718,pop52,1,0.0004200935363769531,0.0
718,pop51,1,0.0004248619079589844,0.0
718,pop29,4,0.0004998445510864258,8.162842501064583e-05
719,pop29,5,0.00043787956237792967,0.0001517982165841513
719,pop51,1,0.0004222393035888672,0.0
719,pop52,1,0.00043892860412597656,0.0
719,pop34,1,0.000400543212890625,0.0
720,pop6,4,0.0004042387008666992,7.423159684455907e-05
720,pop7,1,0.0004513263702392578,0.0
720,pop53,1,0.00042319297790527344,0.0
720,pop50,1,0.00045418739318847656,0.0
720,pop14,1,0.0004634857177734375,0.0
720,pop27,2,0.0005092620849609375,7.700920104980469e-05
720,pop44,1,0.0003886222839355469,0.0
721,pop45,2,0.0003911256790161133,8.33272933959961e-05
721,pop46,1,0.0004169940948486328,0.0
721,pop51,1,0.0004696846008300781,0.0
721,pop50,3,0.0004843870798746745,8.719567176065534e-05
721,pop32,1,0.00044727325439453125,0.0
722,pop21,2,0.0003973245620727539,8.857250213623047e-05
722,pop22,4,0.0004936456680297852,0.00012785511690975907
722,pop51,1,0.0004165172576904297,0.0
722,pop52,1,0.0004220008850097656,0.0
722,pop12,1,0.0004019737243652344,0.0
723,pop0,5,0.0004405975341796875,0.00011970768692540853
723,pop1,1,0.00043892860412597656,0.0
723,pop53,1,0.0004253387451171875,0.0
723,pop52,1,0.00041103363037109375,0.0
723,pop54,1,0.0004305839538574219,0.0
724,pop25,2,0.0003427267074584961,0.00011551380157470703
724,pop17,1,0.00039839744567871094,0.0
724,pop50,4,0.00048047304153442383,7.669621731483635e-05
724,pop51,2,0.0005286931991577148,9.02414321899414e-05
724,pop47,1,0.0007212162017822266,0.0
724,pop53,1,0.00042438507080078125,0.0
725,pop19,2,0.0004183053970336914,3.6835670471191406e-05
725,pop51,1,0.00042128562927246094,0.0
725,pop50,2,0.00043010711669921875,1.9550323486328125e-05
725,pop17,1,0.0004684925079345703,0.0
725,pop31,3,0.0005034605662027994,0.00010696917018696855
725,pop30,1,0.0004374980926513672,0.0
725,pop48,1,0.0004150867462158203,0.0
725,pop49,1,0.0004413127899169922,0.0
726,pop12,2,0.0003619194030761719,6.556510925292969e-05
726,pop52,1,0.0004189014434814453,0.0
726,pop50,3,0.00043471654256184894,1.9241953297874607e-05
726,pop17,1,0.0004227161407470703,0.0
726,pop31,2,0.0006603002548217773,0.0001081228256225586
727,pop13,5,0.0004951000213623047,0.0001632693911263506
727,pop52,1,0.00042510032653808594,0.0
727,pop55,1,0.0003952980041503906,0.0
727,pop56,1,0.00042319297790527344,0.0
727,pop48,1,0.0004239082336425781,0.0
727,pop49,1,0.0004391670227050781,0.0
728,pop22,2,0.0003631114959716797,0.00010824203491210938
728,pop51,1,0.00042128562927246094,0.0
728,pop52,1,0.0004630088806152344,0.0
728,pop13,4,0.0005311965942382812,0.00011895378865471881
729,pop6,3,0.0003856817881266276,8.814102667424553e-05
729,pop7,1,0.0004930496215820312,0.0
729,pop53,1,0.00042819976806640625,0.0
729,pop50,1,0.0004596710205078125,0.0
729,pop32,3,0.0005399386088053385,9.626135163415295e-05
730,pop45,2,0.0003679990768432617,9.357929229736328e-05
730,pop46,1,0.0004146099090576172,0.0
730,pop51,3,0.0004402001698811849,1.642763796196521e-05
730,pop52,3,0.00044115384419759113,1.2851525647478286e-05
730,pop13,2,0.000629425048828125,0.00019288063049316406
730,pop8,1,0.0008690357208251953,0.0
730,pop50,4,0.0005061030387878418,0.00011251202057253567
731,pop21,2,0.0004029273986816406,6.127357482910156e-05
731,pop23,1,0.0004191398620605469,0.0
731,pop16,1,0.000423431396484375,0.0
731,pop50,4,0.000519096851348877,0.00016275341583221834
731,pop14,1,0.0004138946533203125,0.0
731,pop27,1,0.0003936290740966797,0.0
731,pop44,1,0.00043082237243652344,0.0
732,pop50,5,0.0004330158233642578,0.00014532909265030502
732,pop51,1,0.000408172607421875,0.0
733,pop14,2,0.0003457069396972656,8.845329284667969e-05
733,pop50,3,0.0005249977111816406,0.00013099851641274274
733,pop53,1,0.0004570484161376953,0.0
733,pop42,1,0.0003952980041503906,0.0
734,pop57,2,0.0003477334976196289,7.712841033935547e-05
734,pop56,1,0.0004210472106933594,0.0
734,pop55,1,0.0004553794860839844,0.0
734,pop50,2,0.00042891502380371094,2.9325485229492188e-05
734,pop53,1,0.00045561790466308594,0.0
734,pop42,2,0.0006242990493774414,9.763240814208984e-05
735,pop33,5,0.00047168731689453127,0.00014732698708803057
735,pop50,1,0.0004444122314453125,0.0
735,pop52,1,0.00040435791015625,0.0
735,pop34,1,0.0004181861877441406,0.0
736,pop54,2,0.0004086494445800781,3.457069396972656e-05
736,pop52,1,0.0004165172576904297,0.0
736,pop51,1,0.0004634857177734375,0.0
736,pop43,3,0.00048271814982096356,6.203171070204193e-05
736,pop40,1,0.00042319297790527344,0.0
737,pop12,2,0.0003682374954223633,8.475780487060547e-05
737,pop52,1,0.0004119873046875,0.0
737,pop53,1,0.0004532337188720703,0.0
737,pop1,3,0.0004975001017252604,9.087352282317223e-05
737,pop15,1,0.0004024505615234375,0.0
738,pop13,5,0.00043377876281738283,0.000133395363327752
738,pop52,1,0.0004508495330810547,0.0
738,pop53,1,0.0004215240478515625,0.0
738,pop42,1,0.00043392181396484375,0.0
739,pop22,2,0.0003871917724609375,4.887580871582031e-05
739,pop51,4,0.0005089044570922852,0.00016303878473944628
739,pop8,3,0.0005979537963867188,0.00015232851414605637
739,pop52,2,0.00045931339263916016,1.3709068298339844e-05
739,pop37,1,0.0006780624389648438,0.0
739,pop50,5,0.0005083560943603515,0.0001539812249822089
739,pop17,1,0.0007805824279785156,0.0
740,pop6,2,0.0003968477249145508,4.208087921142578e-05
740,pop7,1,0.0004239082336425781,0.0
740,pop53,1,0.00044465065002441406,0.0
740,pop47,1,0.0004525184631347656,0.0
740,pop51,1,0.0008635520935058594,0.0
741,pop21,2,0.00037992000579833984,5.996227264404297e-05
741,pop22,1,0.0004603862762451172,0.0
741,pop51,1,0.0004470348358154297,0.0
741,pop52,3,0.0004240671793619792,9.722360291107029e-06
741,pop34,2,0.0006453990936279297,0.00020432472229003906
741,pop50,2,0.00043833255767822266,1.0371208190917969e-05
741,pop14,2,0.0004475116729736328,2.86102294921875e-06
741,pop27,3,0.000515143076578776,0.0001317990230601428
742,pop50,5,0.0004624843597412109,0.0001249168110914826
742,pop53,1,0.00042557716369628906,0.0
742,pop1,1,0.0004322528839111328,0.0
742,pop15,1,0.0003960132598876953,0.0
743,pop14,2,0.00037086009979248047,6.902217864990234e-05
743,pop50,3,0.0005451043446858724,0.00014448104693203076
743,pop53,1,0.00042819976806640625,0.0
743,pop1,1,0.0004088878631591797,0.0
743,pop0,1,0.0004324913024902344,0.0
744,pop13,5,0.0004071235656738281,0.00013500645248765297
744,pop52,1,0.0004372596740722656,0.0
744,pop54,1,0.00040459632873535156,0.0
745,pop22,4,0.00040787458419799805,4.514346563379129e-05
745,pop51,1,0.00043392181396484375,0.0
745,pop47,1,0.0004012584686279297,0.0
745,pop53,1,0.00041365623474121094,0.0
745,pop1,2,0.0004930496215820312,5.316734313964844e-05
745,pop0,1,0.0004324913024902344,0.0
746,pop44,2,0.0004159212112426758,3.0159950256347656e-05
746,pop27,4,0.000530242919921875,0.0001572399901924795
746,pop14,1,0.00043272972106933594,0.0
746,pop50,1,0.00041031837463378906,0.0
746,pop17,1,0.00041222572326660156,0.0
746,pop31,1,0.0004467964172363281,0.0
746,pop30,1,0.0004105567932128906,0.0
746,pop48,1,0.0004062652587890625,0.0
746,pop49,1,0.0004394054412841797,0.0
747,pop57,2,0.0003534555435180664,9.09566879272461e-05
747,pop56,1,0.00044989585876464844,0.0
747,pop55,3,0.00043328603108723957,1.4126957481526868e-05
747,pop50,2,0.0006921291351318359,0.00024628639221191406
747,pop52,1,0.00043702125549316406,0.0
747,pop51,1,0.00040149688720703125,0.0
748,pop6,2,0.0004106760025024414,3.2067298889160156e-05
748,pop7,1,0.0004451274871826172,0.0
748,pop53,1,0.00045013427734375,0.0
748,pop50,1,0.0004253387451171875,0.0
748,pop14,1,0.0004029273986816406,0.0
748,pop27,4,0.0005292892456054688,0.00014600982312283368
748,pop44,1,0.00040650367736816406,0.0
748,pop39,1,0.00043773651123046875,0.0
748,pop38,1,0.0004069805145263672,0.0
749,pop14,2,0.00035011768341064453,9.143352508544922e-05
749,pop50,4,0.0004923343658447266,0.00010197307841168061
749,pop53,1,0.0004432201385498047,0.0
749,pop42,1,0.0004215240478515625,0.0
750,pop13,2,0.0003851652145385742,6.258487701416016e-05
750,pop52,1,0.0004475116729736328,0.0
750,pop53,1,0.0004496574401855469,0.0
750,pop1,2,0.0004292726516723633,1.800060272216797e-05
750,pop0,2,0.0006853342056274414,0.0001672506332397461
751,pop22,3,0.0004085699717203776,4.664819929094516e-05
751,pop51,1,0.0004589557647705078,0.0
751,pop47,1,0.0004596710205078125,0.0
751,pop53,1,0.00045228004455566406,0.0
751,pop1,2,0.0004309415817260742,1.3470649719238281e-05
751,pop0,2,0.0005806684494018555,8.52346420288086e-05
752,pop57,2,0.00038635730743408203,5.042552947998047e-05
752,pop56,1,0.00045180320739746094,0.0
752,pop55,1,0.00041675567626953125,0.0
752,pop50,2,0.0004291534423828125,6.9141387939453125e-06
752,pop51,1,0.0004253387451171875,0.0
752,pop43,3,0.0004848639170328776,6.669823373330691e-05
752,pop40,1,0.0004267692565917969,0.0
753,pop25,2,0.0003566741943359375,9.465217590332031e-05
753,pop17,1,0.00045228004455566406,0.0
753,pop50,3,0.0005098183949788412,0.00010305353308850233
753,pop14,1,0.00043320655822753906,0.0
753,pop24,1,0.0004191398620605469,0.0
754,pop19,2,0.0003591775894165039,9.357929229736328e-05
754,pop51,3,0.0004374186197916667,2.0579941642202283e-05
754,pop52,3,0.00042931238810221356,1.4264437450526282e-05
754,pop13,2,0.0006421804428100586,0.0002027750015258789
754,pop29,4,0.0005903244018554688,0.0001597505004054208
755,pop20,5,0.0004795074462890625,0.0001474816090191912
755,pop46,1,0.0004279613494873047,0.0
755,pop51,1,0.0008494853973388672,0.0
755,pop52,1,0.00040268898010253906,0.0
755,pop50,1,0.0004413127899169922,0.0
755,pop17,1,0.00041294097900390625,0.0
755,pop31,1,0.0004303455352783203,0.0
756,pop8,2,0.0003936290740966797,6.031990051269531e-05
756,pop51,1,0.00042319297790527344,0.0
756,pop47,1,0.0004677772521972656,0.0
756,pop53,1,0.0004436969757080078,0.0
756,pop1,2,0.0004444122314453125,1.5974044799804688e-05
756,pop15,3,0.0006123383839925131,0.00013047754292217268
757,pop33,5,0.00040187835693359373,0.00013925544073637678
757,pop32,1,0.00041937828063964844,0.0
758,pop12,2,0.00030684471130371094,0.0001544952392578125
758,pop52,3,0.0004295508066813151,1.546150561836856e-05
758,pop34,2,0.0005074739456176758,9.000301361083984e-05
758,pop50,4,0.0005924701690673828,0.00017693124519563253
759,pop13,2,0.00043511390686035156,2.2649765014648438e-05
759,pop52,1,0.0004532337188720703,0.0
759,pop51,1,0.0008702278137207031,0.0
760,pop21,2,0.00040149688720703125,6.4849853515625e-05
760,pop22,2,0.00042569637298583984,2.7060508728027344e-05
760,pop51,1,0.0004680156707763672,0.0
760,pop52,3,0.00043972333272298175,1.9247860670553253e-05
760,pop54,2,0.0006362199783325195,0.00022399425506591797
760,pop53,3,0.0004393259684244792,1.2065226055366734e-05
760,pop41,1,0.0007486343383789062,0.0
760,pop7,2,0.000457763671875,9.5367431640625e-06
760,pop6,2,0.0007051229476928711,5.4955482482910156e-05
761,pop50,3,0.0004202524820963542,3.125032108474311e-05
761,pop51,1,0.00046539306640625,0.0
761,pop46,4,0.0004572868347167969,6.497792087328439e-05
761,pop45,2,0.0006095170974731445,0.0002065896987915039
762,pop8,2,0.0004061460494995117,0.00010001659393310547
762,pop51,1,0.00043845176696777344,0.0
762,pop50,1,0.0004642009735107422,0.0
762,pop32,3,0.0005528926849365234,0.00010895511686242055
763,pop33,2,0.00038552284240722656,7.700920104980469e-05
763,pop50,6,0.00048744678497314453,0.00010790100286144958
763,pop53,3,0.0005144278208414713,0.00013697437291239773
763,pop1,3,0.00042502085367838543,1.266738550406642e-05
763,pop0,2,0.0005306005477905273,9.453296661376953e-05
763,pop35,1,0.0006909370422363281,0.0
764,pop4,3,0.0004146893819173177,3.9785831260405906e-05
764,pop51,1,0.0004591941833496094,0.0
764,pop50,4,0.00042575597763061523,1.722594858329881e-05
764,pop14,3,0.0005547205607096354,0.00017129301502686104
764,pop24,2,0.0005058050155639648,6.186962127685547e-05
764,pop55,3,0.0004257361094156901,1.6589471672790442e-05
764,pop56,2,0.0004419088363647461,1.990795135498047e-05
764,pop57,1,0.0007522106170654297,0.0
764,pop53,2,0.0004508495330810547,5.4836273193359375e-06
764,pop3,2,0.0007638931274414062,1.4543533325195312e-05
765,pop44,2,0.0004200935363769531,4.38690185546875e-05
765,pop27,3,0.0005526542663574219,0.00014982718753541358
765,pop14,1,0.0004131793975830078,0.0
765,pop50,1,0.0004353523254394531,0.0
765,pop51,1,0.00040841102600097656,0.0
765,pop43,1,0.00043845176696777344,0.0
765,pop40,1,0.0004551410675048828,0.0
766,pop6,2,0.00043189525604248047,2.086162567138672e-05
766,pop7,1,0.0004298686981201172,0.0
766,pop53,1,0.0004324913024902344,0.0
766,pop50,1,0.0004513263702392578,0.0
766,pop14,1,0.0004329681396484375,0.0
766,pop27,4,0.00048613548278808594,9.689170895213985e-05
766,pop44,1,0.00039386749267578125,0.0
766,pop39,1,0.00042319297790527344,0.0
767,pop14,2,0.00039768218994140625,5.7697296142578125e-05
767,pop27,3,0.0004896322886149088,8.06903564214024e-05
767,pop44,1,0.0004239082336425781,0.0
767,pop39,1,0.00040650367736816406,0.0
768,pop29,5,0.00045566558837890626,0.000131079265058305
768,pop51,1,0.0004227161407470703,0.0
768,pop46,1,0.0004355907440185547,0.0
768,pop45,1,0.00043702125549316406,0.0
769,pop57,2,0.00039958953857421875,3.743171691894531e-05
769,pop56,1,0.0004210472106933594,0.0
769,pop55,3,0.00042939186096191406,1.7235536167075937e-05
769,pop50,2,0.0006132125854492188,0.00020074844360351562
769,pop14,1,0.0004050731658935547,0.0
769,pop27,1,0.0004229545593261719,0.0
769,pop44,1,0.0004534721374511719,0.0
769,pop39,1,0.00040221214294433594,0.0
770,pop50,5,0.00040225982666015626,8.370256645476538e-05
770,pop51,2,0.0005805492401123047,0.0001456737518310547
770,pop32,2,0.000695347785949707,9.09566879272461e-05
771,pop4,4,0.000504612922668457,0.000167212053581716
771,pop51,1,0.0004024505615234375,0.0
771,pop50,1,0.00044465065002441406,0.0
771,pop14,1,0.0004372596740722656,0.0
771,pop24,1,0.0004379749298095703,0.0
772,pop0,5,0.0004916667938232421,0.00014464589343340259
772,pop1,1,0.0004451274871826172,0.0
772,pop53,1,0.0004520416259765625,0.0
772,pop47,1,0.00040340423583984375,0.0
772,pop51,1,0.00042700767517089844,0.0
772,pop29,1,0.00040793418884277344,0.0
773,pop45,2,0.00042176246643066406,5.221366882324219e-05
773,pop44,1,0.0004532337188720703,0.0
773,pop39,3,0.0004787445068359375,5.2807427910034776e-05
773,pop38,1,0.00044226646423339844,0.0
774,pop19,2,0.00037932395935058594,9.202957153320312e-05
774,pop51,3,0.000438690185546875,9.260549187530531e-06
774,pop52,3,0.00043455759684244793,2.4766732061205617e-05
774,pop34,2,0.0006004571914672852,0.00020587444305419922
774,pop29,3,0.0006625652313232422,0.00015616556463030754
775,pop29,2,0.0004628896713256836,0.0002053976058959961
776,pop57,2,0.0004279613494873047,2.8371810913085938e-05
776,pop56,1,0.0004200935363769531,0.0
776,pop55,4,0.0005099177360534668,0.00016707856004435532
776,pop50,1,0.00044989585876464844,0.0
776,pop51,1,0.00041675567626953125,0.0
776,pop29,1,0.0004210472106933594,0.0
777,pop50,5,0.0004687786102294922,0.0001345737529027299
777,pop53,3,0.0004382133483886719,1.523020172435909e-05
777,pop1,3,0.00043781598409016925,1.898420152253923e-05
777,pop15,3,0.0005299250284830729,0.00016523586776678927
778,pop54,2,0.0004152059555053711,5.2809715270996094e-05
778,pop52,1,0.0004208087921142578,0.0
778,pop50,1,0.0004439353942871094,0.0
778,pop14,3,0.0004305839538574219,6.220242795737424e-06
778,pop24,2,0.0005003213882446289,0.0001035928726196289
778,pop27,3,0.0006362597147623698,0.0001620330193289336
779,pop20,4,0.000499427318572998,0.00015311943683393568
779,pop46,1,0.00043582916259765625,0.0
779,pop51,1,0.0004038810729980469,0.0
779,pop8,1,0.0004248619079589844,0.0
780,pop12,2,0.0003743171691894531,6.604194641113281e-05
780,pop52,1,0.0004153251647949219,0.0
780,pop51,3,0.0004399617513020833,6.858650528714313e-06
780,pop43,4,0.0004265904426574707,1.670068539855748e-05
780,pop40,2,0.0005871057510375977,0.0001531839370727539
780,pop50,3,0.0005466938018798828,0.00017694749556205965
781,pop13,2,0.0003839731216430664,4.303455352783203e-05
781,pop52,3,0.00042819976806640625,6.967372511006573e-06
781,pop51,3,0.00044043858846028644,1.5091893964636404e-05
781,pop46,4,0.0004413723945617676,1.9727156502195852e-05
781,pop45,2,0.0005515813827514648,0.00013768672943115234
781,pop34,1,0.0006735324859619141,0.0
781,pop53,2,0.00043714046478271484,1.6808509826660156e-05
781,pop1,1,0.0007107257843017578,0.0
781,pop50,3,0.00042510032653808594,2.1285674617761444e-05
781,pop14,2,0.00044476985931396484,6.079673767089844e-06
781,pop27,2,0.000783085823059082,4.8995018005371094e-05
782,pop29,3,0.0003863970438639323,7.210715817071419e-05
782,pop51,1,0.0008234977722167969,0.0
782,pop52,1,0.0004558563232421875,0.0
782,pop50,2,0.0005418062210083008,0.00010073184967041016
782,pop32,1,0.0004134178161621094,0.0
783,pop57,2,0.00033342838287353516,0.00010955333709716797
783,pop56,1,0.0004317760467529297,0.0
783,pop55,3,0.0004505316416422526,2.289259832685958e-05
783,pop52,3,0.0004372596740722656,1.4685500711855405e-05
783,pop13,2,0.0005677938461303711,0.00015366077423095703
783,pop50,2,0.0005849599838256836,0.00013887882232666016
784,pop0,3,0.00037789344787597656,9.760690848255424e-05
784,pop1,2,0.0005589723587036133,0.00011670589447021484
784,pop53,1,0.0004374980926513672,0.0
784,pop47,1,0.00042366981506347656,0.0
784,pop51,1,0.00041985511779785156,0.0
785,pop45,2,0.00040328502655029297,2.9921531677246094e-05
785,pop46,2,0.0004305839538574219,2.193450927734375e-05
785,pop51,1,0.0004665851593017578,0.0
785,pop50,2,0.0006326436996459961,0.00019466876983642578
785,pop17,1,0.0004220008850097656,0.0
785,pop31,1,0.0003943443298339844,0.0
785,pop30,1,0.0004391670227050781,0.0
785,pop48,1,0.00043487548828125,0.0
785,pop49,1,0.0004074573516845703,0.0
786,pop50,2,0.0004107952117919922,4.076957702636719e-05
786,pop14,1,0.0004515647888183594,0.0
786,pop27,3,0.0005447069803873698,0.0001550615899859353
786,pop44,1,0.00042128562927246094,0.0
786,pop39,1,0.00042939186096191406,0.0
786,pop38,1,0.000408172607421875,0.0
787,pop12,2,0.00030219554901123047,0.00015866756439208984
787,pop52,3,0.0004387696584065755,1.2171548028994654e-05
787,pop13,2,0.0005977153778076172,0.00016260147094726562
787,pop51,3,0.0005745093027750651,0.0002019139656071852
787,pop43,1,0.0005543231964111328,0.0
787,pop19,2,0.0004329681396484375,7.62939453125e-06
787,pop18,4,0.000596463680267334,0.0001630675349072091
788,pop13,5,0.00048508644104003904,0.00017277867902478904
788,pop52,1,0.00041794776916503906,0.0
788,pop50,1,0.00044226646423339844,0.0
788,pop17,1,0.00040602684020996094,0.0
788,pop31,1,0.0004024505615234375,0.0
789,pop29,5,0.000492095947265625,0.00017123414226828364
789,pop51,1,0.0004363059997558594,0.0
789,pop47,1,0.00043320655822753906,0.0
789,pop53,1,0.0004127025604248047,0.0
789,pop1,1,0.0004031658172607422,0.0
789,pop0,1,0.000431060791015625,0.0
790,pop57,2,0.0003172159194946289,0.00012576580047607422
790,pop48,4,0.0004722476005554199,6.342502775554874e-05
790,pop30,1,0.0004439353942871094,0.0
790,pop31,1,0.0004038810729980469,0.0
791,pop6,5,0.0004608631134033203,0.0001393640110231602
791,pop7,1,0.0004189014434814453,0.0
791,pop53,1,0.0004096031188964844,0.0
791,pop50,1,0.00043654441833496094,0.0
791,pop14,1,0.0004379749298095703,0.0
791,pop24,1,0.00043463706970214844,0.0
792,pop50,3,0.00042446454366048175,4.221931625329219e-05
792,pop53,1,0.0004277229309082031,0.0
792,pop1,3,0.00048120816548665363,5.2437033564131596e-05
792,pop0,1,0.0004291534423828125,0.0
793,pop13,5,0.0004062175750732422,0.00014308074009301318
793,pop52,1,0.0004076957702636719,0.0
793,pop12,1,0.00039768218994140625,0.0
794,pop22,2,0.000370025634765625,8.511543273925781e-05
794,pop51,1,0.0004513263702392578,0.0
794,pop43,1,0.00042939186096191406,0.0
794,pop42,4,0.0005499720573425293,0.00015419806851393574
795,pop12,2,0.00040662288665771484,8.213520050048828e-05
795,pop52,1,0.0004532337188720703,0.0
795,pop50,2,0.0004400014877319336,2.086162567138672e-05
795,pop17,1,0.00043010711669921875,0.0
795,pop31,3,0.0005579789479573568,0.00010066466721421862
796,pop50,4,0.00047022104263305664,0.00015808836232636178
796,pop53,1,0.0004420280456542969,0.0
796,pop42,1,0.00041294097900390625,0.0
797,pop25,2,0.0003972053527832031,4.76837158203125e-05
797,pop17,1,0.0004601478576660156,0.0
797,pop50,4,0.0005140304565429688,0.0001514223593592377
797,pop51,1,0.0004475116729736328,0.0
797,pop46,1,0.0004286766052246094,0.0
797,pop45,1,0.0004010200500488281,0.0
798,pop50,3,0.0003619194030761719,0.00010626160315448474
798,pop32,2,0.0006592273712158203,0.00012063980102539062
799,pop12,2,0.0004153251647949219,5.555152893066406e-05
799,pop52,1,0.0004496574401855469,0.0
799,pop51,1,0.00040459632873535156,0.0
799,pop43,4,0.0004674196243286133,4.735190458491915e-05
799,pop40,1,0.0004291534423828125,0.0
800,pop21,2,0.0004233121871948242,5.0187110900878906e-05
800,pop23,1,0.00046253204345703125,0.0
800,pop16,1,0.00045371055603027344,0.0
800,pop50,1,0.00044608116149902344,0.0
800,pop17,1,0.00042700767517089844,0.0
800,pop31,1,0.0004515647888183594,0.0
800,pop30,1,0.00043773651123046875,0.0
800,pop48,3,0.0004812876383463542,6.10703294125193e-05
800,pop49,1,0.0004229545593261719,0.0
801,pop8,2,0.0003464221954345703,0.00010251998901367188
801,pop51,4,0.00042694807052612305,1.2887152763232344e-05
801,pop43,4,0.0004391670227050781,1.7082320999265817e-05
801,pop40,2,0.0005537271499633789,0.00012004375457763672
801,pop47,1,0.0007982254028320312,0.0
801,pop22,2,0.0005699396133422852,0.00013005733489990234
802,pop33,5,0.00046048164367675783,0.00014031160048126145
802,pop50,1,0.00041103363037109375,0.0
802,pop52,1,0.0004329681396484375,0.0
802,pop54,1,0.00043582916259765625,0.0
803,pop0,3,0.0004157225290934245,2.492231373602018e-05
803,pop1,1,0.0004425048828125,0.0
803,pop53,1,0.00045228004455566406,0.0
803,pop50,3,0.0005549589792887369,0.00017030746423714424
803,pop17,1,0.00043892860412597656,0.0
803,pop31,1,0.00044798851013183594,0.0
803,pop30,1,0.00040340423583984375,0.0
803,pop48,1,0.00040912628173828125,0.0
803,pop49,1,0.0004322528839111328,0.0
804,pop25,2,0.00041985511779785156,4.4345855712890625e-05
804,pop17,1,0.00043201446533203125,0.0
804,pop50,2,0.0004444122314453125,3.5762786865234375e-06
804,pop51,1,0.0004096031188964844,0.0
804,pop8,1,0.0009319782257080078,0.0
805,pop50,4,0.00047141313552856445,0.00016452915085020002
805,pop51,1,0.0004169940948486328,0.0
805,pop9,1,0.0004000663757324219,0.0
806,pop44,2,0.0003840923309326172,7.486343383789062e-05
806,pop27,3,0.0005177656809488932,0.00012105347103361627
806,pop14,1,0.0004825592041015625,0.0
806,pop50,1,0.00044655799865722656,0.0
806,pop52,1,0.00044035911560058594,0.0
806,pop13,1,0.0004267692565917969,0.0
807,pop14,2,0.00042307376861572266,4.0411949157714844e-05
807,pop50,4,0.00043976306915283203,2.212833976876068e-05
807,pop51,6,0.0004976987838745117,0.00015815035681701308
807,pop8,2,0.0006020069122314453,0.0001671314239501953
807,pop47,2,0.0004665851593017578,2.1457672119140625e-06
807,pop53,2,0.00042259693145751953,3.802776336669922e-05
807,pop7,1,0.0008103847503662109,0.0
807,pop46,2,0.00045299530029296875,1.1920928955078125e-06
807,pop45,1,0.0008044242858886719,0.0
807,pop52,1,0.00044989585876464844,0.0
807,pop17,2,0.00043570995330810547,1.895427703857422e-05
807,pop31,1,0.0007276535034179688,0.0
807,pop10,3,0.0006488164265950521,0.00016061726444839333
808,pop13,3,0.00039807955423990887,5.8831713477450954e-05
808,pop52,1,0.00044727325439453125,0.0
808,pop50,2,0.0005446672439575195,0.00011670589447021484
808,pop17,1,0.00043487548828125,0.0
808,pop31,1,0.0004112720489501953,0.0
809,pop8,2,0.0003916025161743164,5.6624412536621094e-05
809,pop51,1,0.0004076957702636719,0.0
809,pop50,3,0.0005507469177246094,0.00015442617564211594
809,pop14,1,0.0004088878631591797,0.0
809,pop27,1,0.00043392181396484375,0.0
809,pop44,1,0.0004107952117919922,0.0
810,pop25,2,0.0003314018249511719,0.0001227855682373047
810,pop17,1,0.0004189014434814453,0.0
810,pop50,2,0.00043070316314697266,1.4901161193847656e-05
810,pop51,2,0.0006300210952758789,0.00020253658294677734
810,pop29,2,0.0006593465805053711,8.809566497802734e-05
811,pop50,5,0.0004622936248779297,0.00014049673286865594
811,pop52,1,0.00043010711669921875,0.0
811,pop34,1,0.0004086494445800781,0.0
812,pop4,5,0.0004916667938232421,0.00014098466137023986
812,pop51,1,0.0004253387451171875,0.0
812,pop50,1,0.0004105567932128906,0.0
812,pop14,1,0.0004394054412841797,0.0
812,pop27,1,0.0004355907440185547,0.0
812,pop44,1,0.0004100799560546875,0.0
813,pop14,2,0.0003657341003417969,7.891654968261719e-05
813,pop50,2,0.00042760372161865234,2.110004425048828e-05
813,pop52,3,0.00042970975240071613,2.260943497480239e-05
813,pop54,2,0.000586390495300293,0.00020039081573486328
813,pop51,2,0.00044989585876464844,1.4543533325195312e-05
813,pop4,2,0.0004315376281738281,2.6941299438476562e-05
813,pop5,3,0.0006110668182373047,0.00011931843529413322
814,pop13,5,0.000493001937866211,0.00015602556294589857
814,pop52,1,0.00045371055603027344,0.0
814,pop50,1,0.00041222572326660156,0.0
814,pop17,1,0.0004334449768066406,0.0
814,pop31,1,0.00043463706970214844,0.0
815,pop8,3,0.0004482269287109375,0.00027934281728903535
815,pop51,2,0.0004172325134277344,5.0067901611328125e-06
815,pop52,1,0.0004975795745849609,0.0
815,pop55,4,0.0005274415016174316,0.00017699310975537858
815,pop50,1,0.0004489421844482422,0.0
816,pop19,2,0.00041413307189941406,5.14984130859375e-05
816,pop51,1,0.00042057037353515625,0.0
816,pop47,1,0.0004410743713378906,0.0
816,pop53,1,0.00042128562927246094,0.0
816,pop1,4,0.0004534721374511719,7.131406186964954e-05
816,pop15,1,0.0003955364227294922,0.0
817,pop50,6,0.0004934469858805338,0.00014167539121027908
817,pop51,3,0.0004314581553141276,2.143676351368438e-05
817,pop46,3,0.0004455248514811198,7.3982360348619016e-06
817,pop45,2,0.000613093376159668,0.00016009807586669922
818,pop54,2,0.0004107952117919922,4.291534423828125e-05
818,pop52,1,0.000423431396484375,0.0
818,pop50,2,0.000453948974609375,2.384185791015625e-06
818,pop14,1,0.00046133995056152344,0.0
818,pop27,3,0.00047357877095540363,5.4633530552576526e-05
818,pop44,1,0.0004253387451171875,0.0
819,pop20,5,0.00045752525329589844,0.00015447566414669315
819,pop46,1,0.0004131793975830078,0.0
819,pop51,1,0.00043201446533203125,0.0
819,pop52,1,0.0003952980041503906,0.0
819,pop34,1,0.0003993511199951172,0.0
820,pop4,3,0.000408172607421875,4.6266720949947474e-05
820,pop51,1,0.00046944618225097656,0.0
820,pop47,1,0.0004353523254394531,0.0
820,pop53,3,0.0004757245381673177,2.3499521235491604e-05
820,pop1,3,0.0004444122314453125,1.7089806497056413e-05
820,pop15,2,0.0006045103073120117,0.00019276142120361328
820,pop42,3,0.0005013942718505859,9.981512766395454e-05
821,pop45,2,0.00033295154571533203,0.00010502338409423828
821,pop44,2,0.0005252361297607422,0.00012969970703125
821,pop27,4,0.0004680752754211426,7.127805938072624e-05
822,pop29,4,0.00049591064453125,0.00015871883133001857
822,pop51,1,0.0004456043243408203,0.0
822,pop50,1,0.00041103363037109375,0.0
822,pop14,1,0.00042819976806640625,0.0
822,pop27,1,0.00042748451232910156,0.0
822,pop44,1,0.00040984153747558594,0.0
822,pop39,1,0.0004305839538574219,0.0
823,pop57,2,0.00033092498779296875,0.00011301040649414062
823,pop56,1,0.0004496574401855469,0.0
823,pop55,1,0.00039005279541015625,0.0
823,pop52,3,0.0004283587137858073,4.449060758679201e-06
823,pop54,2,0.0006164312362670898,0.00017559528350830078
823,pop53,2,0.00042307376861572266,1.1563301086425781e-05
823,pop1,4,0.00047600269317626953,6.57457334575277e-05
824,pop50,4,0.0004037022590637207,5.561784108914978e-05
824,pop53,1,0.00044226646423339844,0.0
824,pop1,2,0.000504612922668457,5.2094459533691406e-05
824,pop0,1,0.0004093647003173828,0.0
825,pop4,5,0.00047821998596191405,0.00016216091142813997
825,pop51,1,0.0004112720489501953,0.0
825,pop50,1,0.0004456043243408203,0.0
825,pop17,1,0.0004436969757080078,0.0
825,pop31,1,0.0004012584686279297,0.0
826,pop6,3,0.0004260540008544922,3.875750490957477e-05
826,pop7,1,0.00042366981506347656,0.0
826,pop53,1,0.0004639625549316406,0.0
826,pop50,1,0.00045013427734375,0.0
826,pop14,1,0.0004215240478515625,0.0
826,pop27,3,0.0005140304565429688,0.00010003717045626364
826,pop44,1,0.0004405975341796875,0.0
826,pop39,1,0.00041103363037109375,0.0
826,pop38,1,0.00043201446533203125,0.0
827,pop54,2,0.0003821849822998047,6.246566772460938e-05
827,pop52,1,0.00046634674072265625,0.0
827,pop50,3,0.0004931290944417318,8.533349969613727e-05
827,pop32,1,0.0004360675811767578,0.0
828,pop20,5,0.0004847526550292969,0.00014323805678195196
828,pop46,1,0.00040793418884277344,0.0
828,pop51,1,0.0004284381866455078,0.0
828,pop29,1,0.0004062652587890625,0.0
829,pop50,5,0.00045070648193359377,0.00013339970975638485
829,pop52,3,0.0004623730977376302,5.339488039729063e-06
829,pop54,2,0.0005644559860229492,0.00013196468353271484
829,pop51,4,0.00044602155685424805,2.7292094041748322e-05
829,pop19,1,0.0006034374237060547,0.0
829,pop43,3,0.0004930496215820312,9.122078872608226e-05
829,pop40,2,0.0004221200942993164,1.1920928955078125e-07
829,pop41,1,0.000652313232421875,0.0
829,pop22,1,0.0007963180541992188,0.0
829,pop17,2,0.0004317760467529297,1.239776611328125e-05
829,pop25,1,0.0008144378662109375,0.0
830,pop4,2,0.0003590583801269531,8.177757263183594e-05
830,pop51,1,0.0004563331604003906,0.0
830,pop43,1,0.00041675567626953125,0.0
830,pop42,4,0.0004945993423461914,7.440006381785797e-05
831,pop22,4,0.0004686117172241211,0.00015145065222478042
831,pop51,1,0.00042319297790527344,0.0
831,pop50,1,0.00041937828063964844,0.0
831,pop32,1,0.00043845176696777344,0.0
832,pop14,2,0.00038111209869384766,6.568431854248047e-05
832,pop50,1,0.00044727325439453125,0.0
832,pop53,1,0.00042057037353515625,0.0
832,pop1,1,0.0004334449768066406,0.0
832,pop15,3,0.0005595684051513672,0.00010561395879253466
833,pop8,2,0.000396728515625,3.552436828613281e-05
833,pop51,3,0.00045228004455566406,1.6229984688870915e-05
833,pop19,3,0.0004195372263590495,9.152154700348716e-06
833,pop18,5,0.0005557060241699219,0.0001686885431102762
833,pop38,3,0.0004947185516357422,0.00012787610365560463
833,pop4,1,0.0008656978607177734,0.0
834,pop45,2,0.0003552436828613281,7.915496826171875e-05
834,pop46,1,0.0004374980926513672,0.0
834,pop51,1,0.0004239082336425781,0.0
834,pop52,3,0.00042502085367838543,1.3130109423359796e-05
834,pop13,2,0.0005362033843994141,0.00013256072998046875
834,pop53,2,0.0004401206970214844,4.5299530029296875e-06
834,pop1,1,0.0007462501525878906,0.0
834,pop50,4,0.0004976391792297363,0.0001323320169369082
834,pop17,2,0.0004495382308959961,3.6954879760742188e-06
834,pop25,1,0.0007803440093994141,0.0
835,pop20,5,0.00044708251953125,0.00014006172515264675
835,pop46,1,0.00046062469482421875,0.0
835,pop51,1,0.0004076957702636719,0.0
835,pop52,1,0.0004260540008544922,0.0
835,pop12,1,0.000438690185546875,0.0
836,pop19,2,0.0004258155822753906,4.1484832763671875e-05
836,pop51,1,0.00045800209045410156,0.0
836,pop47,1,0.00043487548828125,0.0
836,pop53,1,0.0004432201385498047,0.0
836,pop1,2,0.0004494190216064453,1.0728836059570312e-05
836,pop0,2,0.0006715059280395508,0.00015819072723388672
837,pop54,2,0.0002846717834472656,0.00013947486877441406
837,pop52,3,0.00044425328572591144,7.787529260879421e-06
837,pop12,2,0.0005677938461303711,0.00017845630645751953
837,pop55,4,0.0004895329475402832,0.0001043838328432912
838,pop12,2,0.00032401084899902344,0.0001373291015625
838,pop52,3,0.00044957796732584637,3.1709571430301674e-06
838,pop54,2,0.0005494356155395508,0.00011789798736572266
838,pop53,2,0.0004405975341796875,6.9141387939453125e-06
838,pop3,4,0.0005640983581542969,0.00012927421644137087
839,pop54,2,0.0004379749298095703,2.09808349609375e-05
839,pop52,1,0.00046133995056152344,0.0
839,pop50,3,0.0005462964375813802,0.00017232505371958756
839,pop14,1,0.00046634674072265625,0.0
839,pop27,1,0.00041866302490234375,0.0
839,pop44,1,0.0004394054412841797,0.0
839,pop39,1,0.0003991127014160156,0.0
840,pop21,2,0.00040602684020996094,6.985664367675781e-05
840,pop22,1,0.0004253387451171875,0.0
840,pop51,1,0.0004382133483886719,0.0
840,pop52,3,0.00043010711669921875,2.29510133714575e-05
840,pop54,2,0.0005227327346801758,0.0001176595687866211
840,pop53,2,0.0004527568817138672,1.4543533325195312e-05
840,pop1,4,0.0005944967269897461,0.0001627278413698945
841,pop33,3,0.00038814544677734375,5.893554243140031e-05
841,pop50,3,0.000549475351969401,0.0001615688124131874
841,pop53,3,0.000436862309773763,1.979911231179292e-05
841,pop1,3,0.00043121973673502606,2.5891081914243753e-05
841,pop0,2,0.0005792379379272461,0.00014388561248779297
841,pop52,2,0.0004305839538574219,6.67572021484375e-06
841,pop54,1,0.0007641315460205078,0.0
842,pop0,5,0.0004538059234619141,0.00019601142938726983
843,pop19,2,0.0004285573959350586,3.2067298889160156e-05
843,pop51,1,0.0004360675811767578,0.0
843,pop50,4,0.0005244016647338867,0.0001515369526946723
843,pop17,1,0.0004558563232421875,0.0
843,pop31,1,0.0004284381866455078,0.0
843,pop30,1,0.00045871734619140625,0.0
843,pop48,1,0.0004093647003173828,0.0
843,pop49,1,0.0004241466522216797,0.0
844,pop44,2,0.00042819976806640625,4.076957702636719e-05
844,pop27,4,0.0005220174789428711,0.00017594657120227047
844,pop14,1,0.0004055500030517578,0.0
844,pop50,1,0.0004258155822753906,0.0
844,pop51,1,0.00048065185546875,0.0
844,pop8,1,0.0004000663757324219,0.0
845,pop25,2,0.00036215782165527344,9.083747863769531e-05
845,pop17,1,0.000423431396484375,0.0
845,pop50,1,0.0004649162292480469,0.0
845,pop53,1,0.0004208087921142578,0.0
845,pop42,4,0.0005258917808532715,0.00013359605631912773
846,pop6,5,0.0004521846771240234,0.00012516249681051995
846,pop7,1,0.0004208087921142578,0.0
846,pop53,1,0.0004382133483886719,0.0
846,pop50,1,0.00042366981506347656,0.0
846,pop14,1,0.0004398822784423828,0.0
846,pop24,1,0.00039887428283691406,0.0
847,pop50,4,0.0005069971084594727,0.0001660164309344688
847,pop51,1,0.00041413307189941406,0.0
847,pop43,1,0.00044608116149902344,0.0
847,pop40,1,0.0004131793975830078,0.0
848,pop54,2,0.00037610530853271484,7.355213165283203e-05
848,pop52,1,0.00043654441833496094,0.0
848,pop53,1,0.00042510032653808594,0.0
848,pop1,3,0.0004950364430745443,9.039603736433848e-05
848,pop15,1,0.0004019737243652344,0.0
849,pop21,2,0.0004278421401977539,3.0159950256347656e-05
849,pop22,1,0.0004260540008544922,0.0
849,pop51,1,0.0004570484161376953,0.0
849,pop19,1,0.0004305839538574219,0.0
849,pop18,4,0.00046765804290771484,3.7872736882478985e-05
849,pop38,3,0.0005393822987874349,0.00017248814808130548
850,pop13,4,0.000460207462310791,0.00015175481855183171
850,pop52,1,0.00041866302490234375,0.0
850,pop53,1,0.00042247772216796875,0.0
850,pop42,1,0.00040030479431152344,0.0
851,pop22,2,0.0004508495330810547,6.175041198730469e-05
851,pop51,1,0.00042128562927246094,0.0
851,pop50,4,0.0005217194557189941,0.0001448207296838165
851,pop14,1,0.0004277229309082031,0.0
851,pop27,1,0.00043892860412597656,0.0
851,pop44,1,0.0004551410675048828,0.0
851,pop39,1,0.00042724609375,0.0
852,pop14,2,0.0004061460494995117,4.0650367736816406e-05
852,pop50,4,0.0005298256874084473,0.00018605086471249683
852,pop51,1,0.0004391670227050781,0.0
852,pop43,1,0.00040411949157714844,0.0
852,pop40,1,0.00045037269592285156,0.0
853,pop8,2,0.0004184246063232422,4.696846008300781e-05
853,pop51,1,0.00045490264892578125,0.0
853,pop50,4,0.0005248188972473145,0.00013849866135143531
853,pop17,1,0.0004363059997558594,0.0
853,pop31,1,0.00043654441833496094,0.0
853,pop30,1,0.0004413127899169922,0.0
853,pop48,1,0.00040602684020996094,0.0
853,pop49,1,0.00045037269592285156,0.0
854,pop45,2,0.0003267526626586914,0.0001405477523803711
854,pop46,2,0.00044023990631103516,1.5139579772949219e-05
854,pop51,4,0.00043278932571411133,1.2801962143232026e-05
854,pop9,2,0.0005338191986083984,0.00012040138244628906
854,pop19,1,0.0006062984466552734,0.0
854,pop36,3,0.0006462732950846354,0.00017991346052128568
855,pop20,3,0.00042438507080078125,4.475331178532247e-05
855,pop46,1,0.00045680999755859375,0.0
855,pop51,4,0.0004398822784423828,2.1369408167244624e-05
855,pop8,2,0.0005699396133422852,0.00014317035675048828
855,pop52,3,0.00043654441833496094,1.5004593773287353e-05
855,pop55,1,0.0006656646728515625,0.0
855,pop13,1,0.0006973743438720703,0.0
855,pop36,3,0.000633080800374349,0.00015387837928077728
856,pop6,3,0.0004271666208902995,2.6996685961272438e-05
856,pop7,1,0.00044918060302734375,0.0
856,pop53,1,0.0004405975341796875,0.0
856,pop50,2,0.0006196498870849609,0.0001926422119140625
856,pop14,1,0.00041937828063964844,0.0
856,pop27,1,0.0004138946533203125,0.0
856,pop44,1,0.0004487037658691406,0.0
856,pop39,1,0.00041365623474121094,0.0
857,pop14,2,0.00035822391510009766,8.308887481689453e-05
857,pop50,1,0.00041937828063964844,0.0
857,pop52,3,0.00046888987223307293,2.6061039895211243e-05
857,pop34,2,0.0006209611892700195,0.00021541118621826172
857,pop51,2,0.0004273653030395508,2.562999725341797e-05
857,pop19,2,0.00041735172271728516,6.318092346191406e-06
857,pop18,4,0.000592648983001709,0.00014522709311681805
858,pop8,2,0.0004023313522338867,3.898143768310547e-05
858,pop51,1,0.00046253204345703125,0.0
858,pop50,4,0.0005328059196472168,0.00015929513884395584
858,pop14,1,0.00043392181396484375,0.0
858,pop27,1,0.00045228004455566406,0.0
858,pop44,1,0.00043654441833496094,0.0
858,pop39,1,0.00042366981506347656,0.0
859,pop12,2,0.0003930330276489258,4.1604042053222656e-05
859,pop52,1,0.0004913806915283203,0.0
859,pop51,1,0.0004303455352783203,0.0
859,pop46,4,0.0004671812057495117,6.31504390156745e-05
859,pop45,2,0.000594019889831543,0.00014317035675048828
860,pop22,5,0.0004975318908691407,0.00016349510558915682
860,pop51,1,0.00041604042053222656,0.0
860,pop50,1,0.0004467964172363281,0.0
860,pop14,1,0.000446319580078125,0.0
860,pop27,1,0.0004036426544189453,0.0
860,pop44,1,0.0004401206970214844,0.0
860,pop39,1,0.00043511390686035156,0.0
861,pop20,2,0.00036597251892089844,8.702278137207031e-05
861,pop46,1,0.0004246234893798828,0.0
861,pop51,1,0.00040721893310546875,0.0
861,pop43,2,0.0004328489303588867,1.0848045349121094e-05
861,pop42,2,0.0006759166717529297,0.00013113021850585938
862,pop29,5,0.0005030632019042969,0.00015437539479776747
862,pop51,1,0.00042939186096191406,0.0
862,pop50,1,0.00044035911560058594,0.0
862,pop14,1,0.0004482269287109375,0.0
862,pop27,1,0.0004398822784423828,0.0
862,pop44,1,0.00038933753967285156,0.0
863,pop57,2,0.000339508056640625,9.322166442871094e-05
863,pop56,1,0.0004324913024902344,0.0
863,pop55,2,0.0004404783248901367,2.467632293701172e-05
863,pop52,3,0.0004393259684244792,1.909962822954808e-05
863,pop34,2,0.0005785226821899414,0.0001779794692993164
863,pop50,2,0.00042891502380371094,9.775161743164062e-06
863,pop17,2,0.00041103363037109375,8.58306884765625e-06
863,pop31,3,0.0005791982014973959,0.00010353376934962544
864,pop33,5,0.0004539012908935547,0.0001440429794838869
864,pop50,1,0.0004477500915527344,0.0
864,pop14,1,0.00041747093200683594,0.0
864,pop24,1,0.0004470348358154297,0.0
865,pop14,2,0.00033593177795410156,0.00011777877807617188
865,pop50,4,0.00043457746505737305,2.4818088629209978e-05
865,pop51,2,0.0005866289138793945,0.00014531612396240234
865,pop52,1,0.00044846534729003906,0.0
865,pop55,2,0.0005842447280883789,0.0001405477523803711
865,pop53,2,0.0004442930221557617,1.8715858459472656e-05
865,pop47,1,0.0008409023284912109,0.0
865,pop32,3,0.0006360212961832682,0.00015981306415116002
866,pop8,2,0.0003943443298339844,4.57763671875e-05
866,pop51,1,0.00043392181396484375,0.0
866,pop29,4,0.0005867481231689453,0.00021084244788145023
867,pop4,4,0.00044661760330200195,0.00013828908303691983
867,pop51,1,0.0004425048828125,0.0
867,pop43,1,0.0004210472106933594,0.0
867,pop40,1,0.00040030479431152344,0.0
868,pop44,2,0.0003648996353149414,7.832050323486328e-05
868,pop27,4,0.0004941821098327637,0.00010439172868672653
868,pop14,1,0.0004429817199707031,0.0
868,pop50,1,0.000431060791015625,0.0
868,pop53,1,0.00039386749267578125,0.0
868,pop42,1,0.00043773651123046875,0.0
869,pop25,2,0.00036895275115966797,7.808208465576172e-05
869,pop17,1,0.00044035911560058594,0.0
869,pop50,1,0.0004220008850097656,0.0
869,pop52,3,0.00043280919392903644,6.921899028751588e-06
869,pop34,2,0.0005688667297363281,0.0001621246337890625
869,pop53,2,0.00042259693145751953,1.704692840576172e-05
869,pop41,1,0.0006165504455566406,0.0
869,pop40,1,0.0004360675811767578,0.0
869,pop43,2,0.0004525184631347656,5.7220458984375e-06
869,pop42,3,0.0005919933319091797,9.898879850803225e-05
870,pop21,2,0.0003718137741088867,7.68899917602539e-05
870,pop23,1,0.0004515647888183594,0.0
870,pop16,1,0.00042247772216796875,0.0
870,pop50,4,0.0005162358283996582,0.00014692460305548578
870,pop17,1,0.00042438507080078125,0.0
870,pop31,1,0.0003952980041503906,0.0
871,pop12,2,0.0004165172576904297,3.24249267578125e-05
871,pop52,2,0.00042688846588134766,1.7762184143066406e-05
871,pop51,3,0.00043471654256184894,8.86612273482995e-06
871,pop29,2,0.0006227493286132812,0.0001742839813232422
871,pop55,2,0.0004633665084838867,1.0728836059570312e-06
871,pop56,2,0.0004445314407348633,2.9802322387695312e-06
871,pop57,1,0.0007622241973876953,0.0
871,pop50,4,0.0004360675811767578,1.6085746568139076e-05
871,pop16,2,0.0004140138626098633,8.225440979003906e-06
871,pop23,1,0.0008184909820556641,0.0
871,pop17,2,0.0004425048828125,3.5762786865234375e-06
871,pop31,3,0.0005461374918619791,0.00016336531198726266
871,pop30,1,0.0008151531219482422,0.0
872,pop22,2,0.0003420114517211914,0.00010120868682861328
872,pop51,1,0.0004444122314453125,0.0
872,pop43,4,0.0004698038101196289,5.797972694963827e-05
872,pop40,1,0.0004317760467529297,0.0
873,pop20,3,0.00037630399068196613,8.560175151014754e-05
873,pop46,2,0.00043320655822753906,1.1920928955078125e-06
873,pop51,1,0.0004405975341796875,0.0
873,pop52,3,0.0004268487294514974,2.1038854216275254e-05
873,pop12,2,0.000597834587097168,0.00017082691192626953
873,pop50,2,0.0005738735198974609,0.00015664100646972656
874,pop57,2,0.00038683414459228516,4.1604042053222656e-05
874,pop56,1,0.00045418739318847656,0.0
874,pop55,3,0.000553131103515625,0.00016254004850001748
874,pop50,1,0.0004248619079589844,0.0
874,pop51,1,0.0004429817199707031,0.0
874,pop8,1,0.00044536590576171875,0.0
875,pop14,4,0.00038909912109375,6.968229102511686e-05
875,pop50,5,0.0004353523254394531,2.046292649393669e-05
875,pop52,3,0.00044147173563639325,1.2418127050161113e-05
875,pop12,2,0.0006417036056518555,0.0001970529556274414
875,pop51,2,0.0004374980926513672,1.430511474609375e-05
875,pop8,1,0.0007092952728271484,0.0
875,pop22,1,0.000476837158203125,0.0
875,pop21,1,0.0007910728454589844,0.0
875,pop23,1,0.00045371055603027344,0.0
875,pop16,1,0.00041961669921875,0.0
875,pop55,2,0.0004431009292602539,1.3113021850585938e-06
875,pop56,1,0.0007755756378173828,0.0
875,pop27,3,0.0005317529042561849,0.00013762987682356794
876,pop13,3,0.00033219655354817707,0.0001335853906417434
876,pop52,4,0.00042444467544555664,2.011875299663028e-05
876,pop12,2,0.0006191730499267578,0.00020885467529296875
876,pop51,2,0.000457763671875,7.152557373046875e-07
876,pop19,2,0.00044536590576171875,1.6689300537109375e-05
876,pop18,2,0.0006084442138671875,0.00016498565673828125
876,pop55,2,0.0004494190216064453,1.430511474609375e-05
876,pop56,2,0.0004181861877441406,5.7220458984375e-06
876,pop2,2,0.0007214546203613281,2.765655517578125e-05
877,pop33,5,0.00048422813415527344,0.00014104243453394962
877,pop50,1,0.000400543212890625,0.0
877,pop53,1,0.0004107952117919922,0.0
877,pop1,1,0.0004436969757080078,0.0
877,pop0,1,0.00042366981506347656,0.0
878,pop44,2,0.00033295154571533203,0.00011837482452392578
878,pop45,2,0.0006252527236938477,0.00020372867584228516
878,pop46,3,0.00043924649556477863,1.5939410860069322e-05
878,pop51,2,0.00040471553802490234,4.887580871582031e-06
878,pop50,2,0.0006413459777832031,0.0001938343048095703
879,pop20,2,0.00038874149322509766,8.45193862915039e-05
879,pop46,1,0.0004429817199707031,0.0
879,pop51,1,0.0004093647003173828,0.0
879,pop50,1,0.000457763671875,0.0
879,pop32,3,0.0005842049916585287,0.00012953573930987174
880,pop4,3,0.00042700767517089844,1.516287180865424e-05
880,pop51,1,0.0004611015319824219,0.0
880,pop50,2,0.0006181001663208008,0.0001748800277709961
880,pop17,1,0.0004417896270751953,0.0
880,pop31,1,0.0004444122314453125,0.0
880,pop30,1,0.0004203319549560547,0.0
880,pop48,1,0.0004012584686279297,0.0
880,pop49,1,0.0004105567932128906,0.0
881,pop25,2,0.00034177303314208984,0.00011456012725830078
881,pop17,1,0.0004131793975830078,0.0
881,pop50,2,0.0004038810729980469,1.1205673217773438e-05
881,pop51,4,0.00048345327377319336,9.015980304710722e-05
881,pop9,1,0.0005962848663330078,0.0
881,pop19,1,0.0007317066192626953,0.0
881,pop22,3,0.00048796335856119793,6.131896371800847e-05
882,pop21,2,0.00037741661071777344,7.557868957519531e-05
882,pop23,1,0.0004324913024902344,0.0
882,pop16,1,0.00043201446533203125,0.0
882,pop50,4,0.0004838109016418457,7.681859475633551e-05
882,pop32,1,0.00043487548828125,0.0
883,pop12,2,0.0003491640090942383,9.882450103759766e-05
883,pop52,1,0.0004627704620361328,0.0
883,pop51,3,0.00042947133382161457,6.633960963792549e-06
883,pop9,2,0.0005388259887695312,0.0001163482666015625
883,pop46,3,0.0005892912546793619,0.00013082850067716966
884,pop22,5,0.000457000732421875,0.0001385440003338787
884,pop51,1,0.00042724609375,0.0
884,pop50,1,0.00045108795166015625,0.0
884,pop32,1,0.00038743019104003906,0.0
885,pop13,2,0.00041675567626953125,4.982948303222656e-05
885,pop52,1,0.0004470348358154297,0.0
885,pop51,3,0.0004165172576904297,3.216442480857859e-06
885,pop29,3,0.0005509853363037109,0.00012780229211980962
885,pop50,4,0.0005404949188232422,0.00018359569711271702
885,pop35,1,0.0006973743438720703,0.0
886,pop44,2,0.00038051605224609375,8.678436279296875e-05
886,pop27,4,0.0004966259002685547,0.00012502400677594284
886,pop14,1,0.0004436969757080078,0.0
886,pop50,1,0.0003705024719238281,0.0
886,pop52,1,0.0004382133483886719,0.0
886,pop13,1,0.000431060791015625,0.0
887,pop0,4,0.00037384033203125,0.00012742720306046273
887,pop1,1,0.0004458427429199219,0.0
887,pop15,2,0.0006073713302612305,4.7326087951660156e-05
888,pop19,2,0.00040924549102783203,5.710124969482422e-05
888,pop18,2,0.000438690185546875,1.8358230590820312e-05
888,pop38,2,0.0006214380264282227,9.78708267211914e-05
889,pop8,2,0.0003656148910522461,9.97781753540039e-05
889,pop51,1,0.0004265308380126953,0.0
889,pop52,3,0.00044353802998860675,1.4358438782566915e-05
889,pop13,3,0.0005051294962565104,0.00013223906543740976
889,pop53,2,0.0004552602767944336,5.960464477539062e-07
889,pop7,1,0.0006895065307617188,0.0
889,pop50,3,0.0005271434783935547,0.00015903394952364793
890,pop4,4,0.0005047321319580078,0.0001634679741345751
890,pop51,1,0.0004246234893798828,0.0
890,pop8,1,0.0004420280456542969,0.0
891,pop21,2,0.00041854381561279297,4.303455352783203e-05
891,pop23,1,0.0004119873046875,0.0
891,pop16,1,0.0004525184631347656,0.0
891,pop50,1,0.0004062652587890625,0.0
891,pop14,1,0.0004305839538574219,0.0
891,pop27,3,0.0004975795745849609,0.00012157820312730372
891,pop44,1,0.0004124641418457031,0.0
891,pop39,1,0.00040435791015625,0.0
892,pop12,2,0.0004285573959350586,5.447864532470703e-05
892,pop52,1,0.0003895759582519531,0.0
892,pop51,3,0.0004342397054036458,1.0702017242982705e-05
892,pop29,2,0.0006011724472045898,0.0001844167709350586
892,pop50,3,0.0005498727162679037,0.00018099224513864725
893,pop22,4,0.0005156397819519043,0.00017662893912224667
893,pop51,1,0.00042247772216796875,0.0
893,pop50,1,0.00044655799865722656,0.0
893,pop17,1,0.0004487037658691406,0.0
893,pop31,1,0.00046896934509277344,0.0
893,pop30,1,0.0004096031188964844,0.0
893,pop48,1,0.00045371055603027344,0.0
893,pop49,1,0.0004191398620605469,0.0
894,pop13,4,0.0004277825355529785,0.00016776481975444094
894,pop52,1,0.0004417896270751953,0.0
894,pop51,1,0.00041604042053222656,0.0
895,pop50,5,0.00044889450073242186,0.0001318572782368181
895,pop51,1,0.00043487548828125,0.0
896,pop54,2,0.0004159212112426758,4.875659942626953e-05
896,pop52,1,0.00042247772216796875,0.0
896,pop51,1,0.00044035911560058594,0.0
896,pop46,5,0.0004441261291503906,6.264729339249304e-05
896,pop45,2,0.0006376504898071289,0.00022494792938232422
897,pop14,2,0.0004259347915649414,4.4465065002441406e-05
897,pop27,4,0.0004918575286865234,9.813176646330935e-05
897,pop44,1,0.0004718303680419922,0.0
897,pop39,1,0.0003955364227294922,0.0
898,pop8,2,0.0004057884216308594,5.173683166503906e-05
898,pop51,1,0.00042128562927246094,0.0
898,pop50,4,0.00048542022705078125,8.985882065316559e-05
898,pop17,1,0.0004036426544189453,0.0
898,pop31,1,0.00044035911560058594,0.0
899,pop21,2,0.0003641843795776367,6.99758529663086e-05
899,pop22,2,0.0004391670227050781,1.6927719116210938e-05
899,pop51,1,0.0004401206970214844,0.0
899,pop52,3,0.0004324913024902344,1.6713125389406094e-05
899,pop54,2,0.0006121397018432617,0.00018513202667236328
899,pop55,3,0.0005109310150146484,0.00011475358081082855
900,pop45,2,0.00040841102600097656,5.7697296142578125e-05
900,pop46,2,0.0004431009292602539,2.944469451904297e-05
900,pop51,1,0.0004258155822753906,0.0
900,pop50,4,0.00043070316314697266,1.0687031362641287e-05
900,pop14,3,0.00046022733052571613,1.034735412518806e-05
900,pop24,2,0.0005530118942260742,0.0001531839370727539
900,pop53,2,0.0004495382308959961,8.463859558105469e-06
900,pop42,2,0.0007410049438476562,4.0531158447265625e-05
901,pop6,4,0.00039130449295043945,0.0001143894197653681
901,pop7,1,0.00041961669921875,0.0
901,pop53,1,0.00044465065002441406,0.0
901,pop1,2,0.0005067586898803711,7.283687591552734e-05
901,pop15,1,0.0004048347473144531,0.0
902,pop20,4,0.000491797924041748,0.00017160734139111256
902,pop46,1,0.0004208087921142578,0.0
902,pop51,1,0.00044226646423339844,0.0
902,pop50,1,0.00038933753967285156,0.0
902,pop17,1,0.0004220008850097656,0.0
902,pop31,1,0.0004200935363769531,0.0
903,pop13,5,0.0005103588104248047,0.00016933430796081024
903,pop52,1,0.0004525184631347656,0.0
903,pop51,1,0.0004165172576904297,0.0
903,pop29,1,0.00042819976806640625,0.0
904,pop25,2,0.00035440921783447266,8.308887481689453e-05
904,pop17,1,0.0004563331604003906,0.0
904,pop50,4,0.000513911247253418,0.00013512355880575055
904,pop52,1,0.0004203319549560547,0.0
904,pop54,1,0.0004258155822753906,0.0
905,pop14,2,0.00038039684295654297,3.802776336669922e-05
905,pop27,4,0.000519096851348877,0.00013829658445522263
905,pop44,1,0.0004138946533203125,0.0
905,pop39,1,0.00044727325439453125,0.0
905,pop38,1,0.00040411949157714844,0.0
906,pop8,2,0.00036919116973876953,6.902217864990234e-05
906,pop51,1,0.00046944618225097656,0.0
906,pop50,4,0.0005013942718505859,0.00011198607205451826
906,pop14,3,0.0004130999247233073,5.009942853442665e-06
906,pop24,2,0.0006159543991088867,0.00019752979278564453
907,pop13,2,0.0003516674041748047,8.153915405273438e-05
907,pop52,2,0.0006235837936401367,0.00019919872283935547
907,pop53,3,0.00044353802998860675,1.483739348108287e-05
907,pop1,3,0.00044806798299153644,2.7237750260062786e-05
907,pop15,3,0.0005130767822265625,6.464265934578898e-05
907,pop50,1,0.0004487037658691406,0.0
907,pop16,1,0.0004401206970214844,0.0
907,pop23,1,0.0007648468017578125,0.0
907,pop21,1,0.0004596710205078125,0.0
907,pop22,1,0.0004107952117919922,0.0
907,pop51,3,0.00044226646423339844,1.8667834722573667e-05
907,pop47,2,0.0006421804428100586,0.00015747547149658203
907,pop29,2,0.0007611513137817383,8.225440979003906e-06
908,pop6,4,0.00038295984268188477,8.403694780094285e-05
908,pop7,1,0.00046753883361816406,0.0
908,pop53,1,0.0004420280456542969,0.0
908,pop52,3,0.0004229545593261719,3.583001070562305e-05
908,pop34,2,0.0005973577499389648,0.0001806020736694336
908,pop51,2,0.00042510032653808594,1.9550323486328125e-05
908,pop46,2,0.0005800724029541016,0.00015091896057128906
909,pop13,3,0.0004111925760904948,6.089228972988937e-05
909,pop52,1,0.0004181861877441406,0.0
909,pop50,3,0.0005164941151936849,0.00010164395450731729
909,pop14,1,0.0004024505615234375,0.0
909,pop24,1,0.0004267692565917969,0.0
910,pop29,5,0.0004538059234619141,0.0001344993230354412
910,pop51,1,0.0004467964172363281,0.0
910,pop52,1,0.0004253387451171875,0.0
910,pop54,1,0.00042700767517089844,0.0
911,pop0,2,0.0003426074981689453,0.00010347366333007812
911,pop1,2,0.0004451274871826172,1.0013580322265625e-05
911,pop53,1,0.00042629241943359375,0.0
911,pop52,3,0.00042374928792317707,4.3169054608638215e-05
911,pop34,2,0.0005303621292114258,0.00010335445404052734
911,pop13,3,0.0006110668182373047,0.00015231396008007325
912,pop19,2,0.00033795833587646484,9.644031524658203e-05
912,pop51,1,0.0004496574401855469,0.0
912,pop43,3,0.00043129920959472656,1.9319262103922743e-05
912,pop40,2,0.00048100948333740234,8.618831634521484e-05
912,pop42,3,0.0005436738332112631,9.006677106824163e-05
913,pop4,2,0.00034236907958984375,9.107589721679688e-05
913,pop51,1,0.00046634674072265625,0.0
913,pop52,3,0.0004192193349202474,1.7246892327697166e-05
913,pop12,2,0.0006276369094848633,0.00017511844635009766
913,pop50,3,0.0005122025807698568,0.000157314152011947
914,pop22,4,0.00042438507080078125,4.9230117085569086e-05
914,pop51,10,0.00043935775756835936,1.1143511973635905e-05
914,pop8,3,0.0005998611450195312,0.0001505817973036213
914,pop43,6,0.00043761730194091797,2.0460403103360215e-05
914,pop40,2,0.0007092952728271484,3.719329833984375e-05
914,pop52,6,0.00043312708536783856,1.9070837048811143e-05
914,pop13,1,0.0008068084716796875,0.0
914,pop21,1,0.0007674694061279297,0.0
914,pop54,2,0.0007457733154296875,7.796287536621094e-05
914,pop50,2,0.00044536590576171875,1.6927719116210938e-05
914,pop14,1,0.0007355213165283203,0.0
914,pop46,1,0.0006363391876220703,0.0
914,pop42,3,0.000553131103515625,0.00014033615417205776
915,pop25,2,0.0004094839096069336,3.516674041748047e-05
915,pop17,1,0.0004532337188720703,0.0
915,pop50,1,0.0004181861877441406,0.0
915,pop51,1,0.00044035911560058594,0.0
915,pop29,4,0.0005527138710021973,0.0001743480893719044
916,pop6,2,0.0003165006637573242,0.00012004375457763672
916,pop7,1,0.0004642009735107422,0.0
916,pop53,3,0.00043884913126627606,2.8546801653765025e-05
916,pop1,3,0.0004329681396484375,1.159704828931361e-05
916,pop0,3,0.0005594094594319662,0.0001467065976471456
916,pop50,2,0.00058746337890625,0.0001468658447265625
917,pop57,2,0.00038683414459228516,5.4001808166503906e-05
917,pop56,1,0.0004405975341796875,0.0
917,pop55,1,0.00046634674072265625,0.0
917,pop50,2,0.0004527568817138672,7.62939453125e-06
917,pop53,1,0.00042366981506347656,0.0
917,pop1,1,0.0004324913024902344,0.0
917,pop0,2,0.0006312131881713867,9.28640365600586e-05
918,pop21,2,0.0003578662872314453,7.939338684082031e-05
918,pop22,1,0.0004494190216064453,0.0
918,pop51,1,0.0004169940948486328,0.0
918,pop46,3,0.000475009282430013,0.00010095749892771451
918,pop45,1,0.0004203319549560547,0.0
919,pop13,5,0.0004956722259521484,0.000150567326082862
919,pop52,1,0.0004382133483886719,0.0
919,pop51,1,0.0004012584686279297,0.0
919,pop8,1,0.0004467964172363281,0.0
920,pop4,5,0.00043888092041015624,0.00013065411226388345
920,pop51,3,0.0004398822784423828,1.599478916666956e-05
920,pop52,3,0.00045220057169596356,3.318865027299275e-05
920,pop12,2,0.0006000995635986328,0.0002117156982421875
921,pop25,2,0.0003190040588378906,0.00015616416931152344
921,pop17,1,0.0004451274871826172,0.0
921,pop31,4,0.0005148053169250488,8.796052332958181e-05
922,pop33,2,0.00038444995880126953,7.832050323486328e-05
922,pop50,1,0.00046062469482421875,0.0
922,pop53,1,0.0004305839538574219,0.0
922,pop1,4,0.00046193599700927734,6.166278391512659e-05
922,pop0,1,0.00037980079650878906,0.0
923,pop20,3,0.0005248387654622396,0.00017215520123901187
923,pop46,3,0.0004592736562093099,5.779157944583207e-06
923,pop51,3,0.00043765703837076825,1.3975929989685636e-05
923,pop47,2,0.00044798851013183594,2.1457672119140625e-06
923,pop53,4,0.00044530630111694336,1.4660682960003996e-05
923,pop1,3,0.00043511390686035156,4.878364961377082e-06
923,pop15,3,0.0004987716674804688,0.00011493671492984457
923,pop52,2,0.0004324913024902344,8.106231689453125e-06
923,pop13,1,0.0007402896881103516,0.0
923,pop50,4,0.00045096874237060547,3.3738545651638283e-06
923,pop35,1,0.0006082057952880859,0.0
923,pop55,1,0.0008168220520019531,0.0
923,pop3,2,0.0006834268569946289,1.8477439880371094e-05
924,pop29,4,0.0004730820655822754,0.00023876435567771114
925,pop0,4,0.0005237460136413574,0.00018023643329196764
925,pop1,1,0.0004451274871826172,0.0
925,pop53,1,0.0004782676696777344,0.0
925,pop47,1,0.0004115104675292969,0.0
925,pop51,1,0.0004382133483886719,0.0
925,pop8,1,0.0004241466522216797,0.0
926,pop25,2,0.0004088878631591797,4.982948303222656e-05
926,pop17,1,0.00045800209045410156,0.0
926,pop50,3,0.0005408922831217448,0.00014616560552000634
926,pop51,1,0.0004324913024902344,0.0
926,pop8,1,0.000476837158203125,0.0
927,pop44,2,0.0003821849822998047,8.821487426757812e-05
927,pop27,4,0.0004938840866088867,0.00013097249646024122
927,pop14,1,0.00043487548828125,0.0
927,pop50,1,0.0004451274871826172,0.0
927,pop17,1,0.0004074573516845703,0.0
927,pop31,1,0.00043487548828125,0.0
928,pop14,2,0.00036346912384033203,9.02414321899414e-05
928,pop27,3,0.00048653284708658856,6.852763633764904e-05
928,pop44,1,0.00039505958557128906,0.0
929,pop4,3,0.0004456043243408203,1.9463875228252943e-05
929,pop51,1,0.0004253387451171875,0.0
929,pop50,2,0.0004640817642211914,2.3484230041503906e-05
929,pop14,1,0.00043272972106933594,0.0
929,pop27,2,0.0005223751068115234,7.843971252441406e-05
929,pop44,1,0.0004563331604003906,0.0
929,pop39,1,0.0004394054412841797,0.0
930,pop20,4,0.0005131363868713379,0.0001496136306049401
930,pop46,1,0.0004153251647949219,0.0
930,pop51,1,0.0003814697265625,0.0
930,pop19,1,0.0004086494445800781,0.0
930,pop18,1,0.00043773651123046875,0.0
930,pop38,1,0.0004458427429199219,0.0
931,pop25,2,0.0003911256790161133,8.618831634521484e-05
931,pop17,1,0.0004372596740722656,0.0
931,pop50,2,0.0004252195358276367,1.800060272216797e-05
931,pop53,1,0.00042891502380371094,0.0
931,pop1,2,0.0004369020462036133,1.1563301086425781e-05
931,pop15,2,0.0006916522979736328,0.00015306472778320312
932,pop33,4,0.0004165768623352051,0.00016182680814952276
932,pop32,1,0.0003936290740966797,0.0
933,pop44,2,0.00044345855712890625,2.86102294921875e-05
933,pop27,3,0.0005634625752766927,0.00018804806867262443
933,pop14,1,0.0004134178161621094,0.0
933,pop50,1,0.0004096031188964844,0.0
933,pop51,1,0.00042724609375,0.0
933,pop29,1,0.00039386749267578125,0.0
934,pop4,5,0.0004759311676025391,0.0001287819141260978
934,pop51,1,0.0004067420959472656,0.0
934,pop47,1,0.00044417381286621094,0.0
934,pop53,1,0.00044846534729003906,0.0
934,pop1,1,0.0004215240478515625,0.0
934,pop0,1,0.0004246234893798828,0.0
935,pop12,2,0.0004080533981323242,4.2319297790527344e-05
935,pop52,1,0.00041604042053222656,0.0
935,pop50,4,0.0005072355270385742,0.00011727631539052589
935,pop14,3,0.0004302660624186198,5.092468053055062e-06
935,pop24,2,0.0005390644073486328,0.00011658668518066406
936,pop19,2,0.0003600120544433594,8.726119995117188e-05
936,pop51,1,0.0004394054412841797,0.0
936,pop52,3,0.00041421254475911457,2.6577939164800426e-05
936,pop34,2,0.0005373954772949219,0.00015234947204589844
936,pop53,2,0.0004444122314453125,1.049041748046875e-05
936,pop42,3,0.0005864302317301432,0.00012669434576880622
937,pop20,5,0.0004601478576660156,0.00014081187784708286
937,pop46,1,0.00041031837463378906,0.0
937,pop51,1,0.0004394054412841797,0.0
937,pop52,1,0.0004069805145263672,0.0
937,pop34,1,0.00040435791015625,0.0
938,pop25,2,0.00037348270416259766,7.975101470947266e-05
938,pop17,1,0.0004401206970214844,0.0
938,pop50,3,0.0005207856496175131,0.0001178203304401709
938,pop51,3,0.0004372596740722656,1.137100831509903e-05
938,pop9,2,0.0005704164505004883,0.00018322467803955078
938,pop47,1,0.00044536590576171875,0.0
938,pop53,2,0.0004369020462036133,1.5854835510253906e-05
938,pop1,3,0.00043455759684244793,2.395708004540932e-05
938,pop15,2,0.000531315803527832,0.00011456012725830078
938,pop52,1,0.0007750988006591797,0.0
939,pop44,2,0.0003845691680908203,8.249282836914062e-05
939,pop27,3,0.0004891554514567057,8.495652419143877e-05
939,pop14,1,0.00040459632873535156,0.0
939,pop50,1,0.0004436969757080078,0.0
939,pop52,1,0.0004322528839111328,0.0
939,pop12,1,0.0004093647003173828,0.0
940,pop50,4,0.0005151629447937012,0.00018700828827268508
940,pop51,1,0.0003731250762939453,0.0
940,pop46,1,0.0004305839538574219,0.0
940,pop45,1,0.00044345855712890625,0.0
941,pop54,2,0.00041604042053222656,5.5789947509765625e-05
941,pop52,1,0.0004241466522216797,0.0
941,pop51,1,0.0004665851593017578,0.0
941,pop43,3,0.0004649162292480469,6.263923554998205e-05
941,pop40,1,0.00039076805114746094,0.0
942,pop57,2,0.0003349781036376953,0.00011229515075683594
942,pop56,1,0.00041985511779785156,0.0
942,pop55,3,0.0004980564117431641,9.719605470267659e-05
942,pop52,1,0.0004639625549316406,0.0
942,pop12,1,0.0004286766052246094,0.0
943,pop45,3,0.00045720736185709637,0.0002893390833424344
943,pop46,2,0.00041937828063964844,2.6226043701171875e-06
943,pop51,2,0.00043272972106933594,2.9087066650390625e-05
943,pop50,3,0.0005588531494140625,0.0001707790579034543
944,pop12,2,0.0004094839096069336,7.140636444091797e-05
944,pop52,1,0.0004341602325439453,0.0
944,pop50,3,0.0005320707956949869,9.939211487878758e-05
944,pop14,1,0.0004401206970214844,0.0
944,pop24,1,0.00042939186096191406,0.0
945,pop44,2,0.0004311800003051758,4.088878631591797e-05
945,pop27,4,0.0005220770835876465,0.00019313945890529307
945,pop14,1,0.0004291534423828125,0.0
945,pop50,1,0.0004031658172607422,0.0
945,pop51,1,0.00042700767517089844,0.0
945,pop8,1,0.0004336833953857422,0.0
946,pop8,2,0.00035774707794189453,8.666515350341797e-05
946,pop51,3,0.00043892860412597656,2.0154480176361137e-05
946,pop52,3,0.0004412333170572917,1.1703306187263126e-05
946,pop54,2,0.0005778074264526367,0.00020706653594970703
946,pop50,3,0.0004336039225260417,1.0960918014930693e-05
946,pop17,2,0.00043582916259765625,9.298324584960938e-06
946,pop31,1,0.0006234645843505859,0.0
946,pop55,1,0.0007331371307373047,0.0
946,pop36,3,0.0006264050801595052,0.00014432266945355127
947,pop50,2,0.0003857612609863281,5.507469177246094e-05
947,pop53,4,0.000522315502166748,0.00015536445452558404
947,pop1,3,0.0004336833953857422,1.4246715444117583e-05
947,pop0,2,0.0005551576614379883,0.00014793872833251953
947,pop47,1,0.0004436969757080078,0.0
947,pop51,1,0.0006392002105712891,0.0
947,pop52,1,0.0006208419799804688,0.0
947,pop42,4,0.0004926323890686035,9.771008525093901e-05
948,pop57,2,0.00033986568450927734,9.930133819580078e-05
948,pop56,1,0.0004062652587890625,0.0
948,pop55,1,0.00046133995056152344,0.0
948,pop50,3,0.0004235108693440755,3.109471484160336e-05
948,pop51,4,0.0005004405975341797,0.0001328857984992582
948,pop14,1,0.0007658004760742188,0.0
948,pop22,2,0.00045311450958251953,3.349781036376953e-05
948,pop21,1,0.0006947517395019531,0.0
948,pop36,4,0.0004596114158630371,7.069711414418062e-05
949,pop57,2,0.00034677982330322266,9.524822235107422e-05
949,pop56,1,0.000457763671875,0.0
949,pop55,1,0.0004639625549316406,0.0
949,pop52,3,0.00042692820231119793,8.195343638418047e-06
949,pop54,2,0.0006148815155029297,0.0001804828643798828
949,pop53,4,0.0004470348358154297,1.0140500220363968e-05
949,pop41,1,0.0006434917449951172,0.0
949,pop40,1,0.00045228004455566406,0.0
949,pop43,1,0.00043463706970214844,0.0
949,pop51,4,0.00043511390686035156,1.7103936832412253e-05
949,pop47,2,0.0006356239318847656,0.00016355514526367188
949,pop50,2,0.0004405975341796875,2.1457672119140625e-05
949,pop17,2,0.0004487037658691406,5.245208740234375e-06
949,pop31,3,0.00044306119283040363,9.765141735106559e-06
949,pop30,1,0.0008177757263183594,0.0
949,pop46,2,0.00046265125274658203,3.4570693969726562e-06
949,pop20,2,0.0005315542221069336,8.45193862915039e-05
949,pop22,1,0.0007839202880859375,0.0
949,pop3,2,0.0006765127182006836,1.0371208190917969e-05
950,pop22,4,0.0004776120185852051,0.0001231570290304543
950,pop51,1,0.0004069805145263672,0.0
950,pop47,1,0.0004279613494873047,0.0
950,pop53,1,0.0004029273986816406,0.0
950,pop1,1,0.000408172607421875,0.0
950,pop15,1,0.0004279613494873047,0.0
951,pop6,4,0.00043189525604248047,0.00013763201646219253
951,pop7,1,0.0004220008850097656,0.0
951,pop53,1,0.0004470348358154297,0.0
951,pop52,1,0.00045418739318847656,0.0
951,pop12,1,0.0004093647003173828,0.0
952,pop19,4,0.00038564205169677734,7.746742098240822e-05
952,pop51,4,0.00044399499893188477,2.162285314825919e-05
952,pop52,4,0.0004411935806274414,2.2514150591051403e-05
952,pop54,2,0.0006226301193237305,0.00018656253814697266
952,pop18,2,0.0005730390548706055,0.00012600421905517578
952,pop55,1,0.0007724761962890625,0.0
952,pop50,4,0.0005112290382385254,0.00011626877167361023
952,pop22,1,0.0004467964172363281,0.0
952,pop21,1,0.0007832050323486328,0.0
952,pop23,1,0.0004284381866455078,0.0
952,pop16,1,0.00045108795166015625,0.0
952,pop17,2,0.00044727325439453125,2.4557113647460938e-05
952,pop25,1,0.0007541179656982422,0.0
953,pop20,4,0.00045818090438842773,0.0001598503118417487
953,pop46,1,0.0004088878631591797,0.0
953,pop51,1,0.00043654441833496094,0.0
953,pop52,1,0.0004112720489501953,0.0
953,pop34,1,0.0003879070281982422,0.0
954,pop21,2,0.00040280818939208984,3.230571746826172e-05
954,pop22,3,0.0005470116933186849,0.00016566738564008975
954,pop51,1,0.00043082237243652344,0.0
954,pop29,1,0.0003924369812011719,0.0
955,pop13,2,0.00038933753967285156,3.4332275390625e-05
955,pop52,2,0.0004462003707885742,6.079673767089844e-06
955,pop51,3,0.0004324913024902344,1.9652788182670254e-05
955,pop8,2,0.0006066560745239258,0.00020110607147216797
955,pop55,4,0.0005229711532592773,0.00016117294334285387
955,pop50,1,0.00043511390686035156,0.0
956,pop6,2,0.00038421154022216797,5.066394805908203e-05
956,pop7,1,0.0004374980926513672,0.0
956,pop53,1,0.0004627704620361328,0.0
956,pop50,3,0.0005526542663574219,0.00017293056873253477
956,pop14,1,0.00041031837463378906,0.0
956,pop27,1,0.0004508495330810547,0.0
956,pop44,1,0.00043129920959472656,0.0
957,pop20,2,0.0002816915512084961,0.0001455545425415039
957,pop46,2,0.00042557716369628906,2.7418136596679688e-05
957,pop51,2,0.0005986690521240234,0.0001857280731201172
957,pop47,2,0.0004494190216064453,2.6226043701171875e-06
957,pop53,3,0.00044910113016764325,1.3425504283720341e-05
957,pop7,2,0.00042819976806640625,8.821487426757812e-06
957,pop6,2,0.0005310773849487305,7.808208465576172e-05
957,pop1,2,0.0006898641586303711,5.066394805908203e-05
958,pop29,2,0.0004012584686279297,6.389617919921875e-05
958,pop51,1,0.00045418739318847656,0.0
958,pop47,1,0.00042176246643066406,0.0
958,pop53,1,0.0004150867462158203,0.0
958,pop1,3,0.0004870096842447917,4.50707116460423e-05
958,pop0,1,0.0004172325134277344,0.0
959,pop0,5,0.00044460296630859374,0.00014541636796709098
959,pop1,1,0.0004260540008544922,0.0
959,pop53,1,0.0004487037658691406,0.0
959,pop52,1,0.00044417381286621094,0.0
959,pop12,1,0.00042366981506347656,0.0
960,pop44,2,0.0003820657730102539,7.712841033935547e-05
960,pop27,4,0.0005026459693908691,0.0001249479843968805
960,pop14,1,0.00040078163146972656,0.0
960,pop50,1,0.0004417896270751953,0.0
960,pop51,1,0.0004057884216308594,0.0
960,pop9,1,0.0004210472106933594,0.0
961,pop14,2,0.0003339052200317383,0.0001348257064819336
961,pop50,3,0.0004297892252604167,1.862142548039185e-05
961,pop32,2,0.0006555318832397461,0.00010788440704345703
962,pop29,5,0.0004740238189697266,0.00013294536376099513
962,pop51,1,0.0004029273986816406,0.0
962,pop50,1,0.000438690185546875,0.0
962,pop32,1,0.00044417381286621094,0.0
963,pop33,3,0.00043082237243652344,4.422005889652111e-05
963,pop50,3,0.0005561510721842448,0.00018737195979784245
963,pop51,5,0.00048379898071289064,8.57579930066341e-05
963,pop29,2,0.0006085634231567383,0.00017654895782470703
963,pop43,2,0.00044345855712890625,1.9073486328125e-05
963,pop40,2,0.0004507303237915039,1.0728836059570312e-06
963,pop41,1,0.0005857944488525391,0.0
963,pop46,1,0.0007555484771728516,0.0
964,pop4,5,0.0005130767822265625,0.0001700439682686305
964,pop51,1,0.0004134178161621094,0.0
964,pop50,1,0.0004343986511230469,0.0
964,pop14,1,0.0004360675811767578,0.0
964,pop27,1,0.0004069805145263672,0.0
964,pop44,1,0.0004298686981201172,0.0
964,pop39,1,0.0004436969757080078,0.0
965,pop25,2,0.00035881996154785156,0.00010657310485839844
965,pop17,1,0.0005064010620117188,0.0
965,pop50,1,0.0004177093505859375,0.0
965,pop51,2,0.0005892515182495117,0.0001856088638305664
965,pop22,3,0.000486453374226888,6.642723658238776e-05
966,pop22,3,0.0004120667775472005,4.087208124566553e-05
966,pop51,1,0.0004467964172363281,0.0
966,pop29,2,0.000638127326965332,0.00010192394256591797
967,pop14,2,0.00039756298065185547,7.331371307373047e-05
967,pop50,3,0.000549475351969401,0.00013646339330085827
967,pop53,3,0.0004418690999348958,1.935584298800124e-05
967,pop1,4,0.00042361021041870117,5.923094425902304e-06
967,pop0,2,0.0005871057510375977,0.00019800662994384766
968,pop33,5,0.00045371055603027344,0.00014386478145282276
968,pop50,1,0.00043702125549316406,0.0
968,pop52,1,0.0003952980041503906,0.0
968,pop34,1,0.0004379749298095703,0.0
969,pop54,2,0.00041222572326660156,5.269050598144531e-05
969,pop52,1,0.0003886222839355469,0.0
969,pop55,2,0.00043964385986328125,2.5272369384765625e-05
969,pop56,1,0.0004248619079589844,0.0
969,pop48,2,0.0005276203155517578,2.956390380859375e-05
969,pop49,1,0.00040459632873535156,0.0
970,pop13,5,0.0004727363586425781,0.00013125451872373766
970,pop52,1,0.00044608116149902344,0.0
970,pop50,1,0.0004401206970214844,0.0
970,pop17,1,0.0004124641418457031,0.0
970,pop31,1,0.00042057037353515625,0.0
971,pop20,3,0.0003883043924967448,6.684579344791455e-05
971,pop46,2,0.00044918060302734375,1.1682510375976562e-05
971,pop51,1,0.000461578369140625,0.0
971,pop50,1,0.00044608116149902344,0.0
971,pop32,2,0.0006234645843505859,7.867813110351562e-05
972,pop4,5,0.0005152225494384766,0.0001975122595368487
972,pop51,5,0.0004446983337402344,1.6957847218325602e-05
972,pop43,4,0.00044858455657958984,1.9005938966694587e-05
972,pop40,2,0.000567317008972168,0.00013339519500732422
972,pop52,2,0.0004413127899169922,3.170967102050781e-05
972,pop12,1,0.0008535385131835938,0.0
972,pop8,1,0.0005955696105957031,0.0
973,pop14,2,0.0004246234893798828,4.506111145019531e-05
973,pop50,3,0.00041373570760091144,1.946711991049467e-05
973,pop51,3,0.00043574968973795575,2.419005551097425e-05
973,pop8,2,0.0006417036056518555,0.00020587444305419922
973,pop19,2,0.0004131793975830078,3.814697265625e-06
973,pop18,2,0.0006086826324462891,0.0002288818359375
974,pop33,2,0.00041365623474121094,4.076957702636719e-05
974,pop50,1,0.0003898143768310547,0.0
974,pop14,1,0.0004200935363769531,0.0
974,pop27,3,0.000541528065999349,0.00012836301209695486
974,pop44,1,0.00044155120849609375,0.0
974,pop39,1,0.00040650367736816406,0.0
974,pop38,1,0.0004317760467529297,0.0
975,pop45,2,0.00037598609924316406,7.343292236328125e-05
975,pop46,4,0.0004985332489013672,0.00012773574368568348
975,pop51,1,0.0004394054412841797,0.0
975,pop43,1,0.00040078163146972656,0.0
975,pop42,1,0.0004093647003173828,0.0
976,pop12,2,0.0003783702850341797,8.487701416015625e-05
976,pop52,1,0.0004336833953857422,0.0
976,pop50,2,0.00044417381286621094,9.5367431640625e-07
976,pop32,2,0.0006334781646728516,5.4836273193359375e-05
977,pop44,2,0.0003876686096191406,8.797645568847656e-05
977,pop27,3,0.000514825185139974,0.00011959923439205982
977,pop14,1,0.0004341602325439453,0.0
977,pop50,1,0.00042629241943359375,0.0
977,pop52,1,0.00039458274841308594,0.0
977,pop12,1,0.00040030479431152344,0.0
978,pop13,3,0.00042629241943359375,2.7463364270565515e-05
978,pop52,1,0.0004620552062988281,0.0
978,pop50,2,0.0006185770034790039,0.0002180337905883789
978,pop14,1,0.0004248619079589844,0.0
978,pop27,1,0.0004086494445800781,0.0
978,pop44,1,0.0004324913024902344,0.0
978,pop39,1,0.000431060791015625,0.0
978,pop38,1,0.00041484832763671875,0.0
979,pop14,2,0.0003815889358520508,7.641315460205078e-05
979,pop50,3,0.0005346934000651041,0.00015888010101056766
979,pop53,1,0.00042510032653808594,0.0
979,pop1,1,0.0004265308380126953,0.0
979,pop15,1,0.00043702125549316406,0.0
980,pop8,2,0.0003832578659057617,7.18832015991211e-05
980,pop51,1,0.000408172607421875,0.0
980,pop50,4,0.000497281551361084,0.00010093829694235966
980,pop17,1,0.0004329681396484375,0.0
980,pop31,1,0.0004127025604248047,0.0
981,pop50,5,0.000440216064453125,0.0001252030918593296
981,pop17,1,0.0004124641418457031,0.0
981,pop31,1,0.0004451274871826172,0.0
982,pop4,2,0.00035965442657470703,9.882450103759766e-05
982,pop51,1,0.0004169940948486328,0.0
982,pop52,3,0.0004380544026692708,1.4241838026259846e-05
982,pop54,2,0.0005806684494018555,0.0001455545425415039
982,pop53,2,0.0004094839096069336,1.0728836059570312e-06
982,pop42,4,0.0005804300308227539,0.00015566327849747793
983,pop57,2,0.0003275871276855469,7.367134094238281e-05
983,pop56,1,0.00042128562927246094,0.0
983,pop55,1,0.00046563148498535156,0.0
983,pop50,1,0.0004544258117675781,0.0
983,pop51,3,0.0004316965738932292,1.4492415835714093e-05
983,pop9,2,0.0006060600280761719,0.00020241737365722656
983,pop43,5,0.0004638195037841797,5.246435368768128e-05
983,pop40,2,0.0004317760467529297,6.4373016357421875e-06
983,pop41,1,0.0008358955383300781,0.0
984,pop8,3,0.00036136309305826825,0.00018448055994748714
984,pop51,5,0.00043811798095703123,1.922227522994556e-05
984,pop19,1,0.0007040500640869141,0.0
984,pop46,3,0.0004356702168782552,2.9205600142499538e-05
984,pop20,1,0.0007066726684570312,0.0
984,pop52,2,0.0004521608352661133,1.0609626770019531e-05
984,pop34,1,0.0006654262542724609,0.0
984,pop53,1,0.00045228004455566406,0.0
984,pop47,1,0.000728607177734375,0.0
984,pop43,2,0.0005691051483154297,0.00011777877807617188
984,pop42,3,0.0005770524342854818,0.00017814450877920578
985,pop19,2,0.00041103363037109375,9.179115295410156e-05
985,pop51,1,0.00042629241943359375,0.0
985,pop52,1,0.00048232078552246094,0.0
985,pop13,3,0.0005190372467041016,5.1549529973779845e-05
986,pop25,2,0.0004265308380126953,9.441375732421875e-05
986,pop17,1,0.00045418739318847656,0.0
986,pop50,2,0.0004317760467529297,1.33514404296875e-05
986,pop52,3,0.0004584789276123047,4.07874661139054e-06
986,pop54,2,0.0005702972412109375,0.0001666545867919922
986,pop51,2,0.00040721893310546875,5.7220458984375e-06
986,pop10,2,0.0006997585296630859,3.528594970703125e-05
987,pop22,4,0.0004266500473022461,0.00014585776615965842
987,pop51,1,0.00040650367736816406,0.0
987,pop9,1,0.0004105567932128906,0.0
988,pop4,5,0.0004899978637695312,0.00014571252578439672
988,pop51,1,0.0004420280456542969,0.0
988,pop47,1,0.00040650367736816406,0.0
988,pop53,1,0.0004086494445800781,0.0
988,pop1,1,0.0004432201385498047,0.0
988,pop15,1,0.0004341602325439453,0.0
989,pop21,2,0.00036215782165527344,8.225440979003906e-05
989,pop22,1,0.00045108795166015625,0.0
989,pop51,3,0.0004333655039469401,1.6359445218819067e-05
989,pop52,3,0.0004360675811767578,2.260412671026059e-05
989,pop54,2,0.0005916357040405273,0.00017702579498291016
989,pop4,3,0.0005276203155517578,0.00010711355450398452
990,pop6,4,0.00043195486068725586,0.00016593859241789818
990,pop7,1,0.00041961669921875,0.0
990,pop53,1,0.000423431396484375,0.0
990,pop42,1,0.00041937828063964844,0.0
991,pop54,2,0.00029981136322021484,0.00014150142669677734
991,pop52,3,0.0004229545593261719,1.6381051023532883e-05
991,pop12,2,0.0006024837493896484,0.00020575523376464844
991,pop51,2,0.0004355907440185547,1.8358230590820312e-05
991,pop46,4,0.0004894733428955078,0.00010918035149332386
992,pop20,4,0.0003936290740966797,8.208267279056697e-05
992,pop46,2,0.0005577802658081055,0.00015079975128173828
992,pop51,1,0.0003933906555175781,0.0
992,pop52,1,0.00043845176696777344,0.0
992,pop12,1,0.00043773651123046875,0.0
993,pop33,5,0.0004960536956787109,0.00015516083299328798
993,pop50,1,0.00045037269592285156,0.0
993,pop51,1,0.0004031658172607422,0.0
993,pop29,1,0.0003905296325683594,0.0
994,pop57,2,0.0003317594528198242,0.00010502338409423828
994,pop56,1,0.00044989585876464844,0.0
994,pop55,4,0.000496208667755127,9.200646411155809e-05
994,pop52,1,0.00041937828063964844,0.0
994,pop12,1,0.0004241466522216797,0.0
995,pop4,5,0.0004815578460693359,0.00013416806361034648
995,pop51,1,0.000446319580078125,0.0
995,pop8,1,0.00042557716369628906,0.0
996,pop0,3,0.00043662389119466144,2.2393866862623486e-05
996,pop1,2,0.00042557716369628906,5.0067901611328125e-06
996,pop53,1,0.00043511390686035156,0.0
996,pop47,1,0.0004379749298095703,0.0
996,pop51,3,0.00042366981506347656,1.6858739404357613e-06
996,pop46,3,0.00044091542561848957,7.816671883860781e-06
996,pop45,2,0.0005993843078613281,0.00017642974853515625
996,pop22,3,0.0005535284678141276,0.00011601137632784771
996,pop21,2,0.0004360675811767578,1.621246337890625e-05
996,pop23,1,0.0007030963897705078,0.0
997,pop45,2,0.000308990478515625,0.00013303756713867188
997,pop46,1,0.0004582405090332031,0.0
997,pop51,3,0.00045792261759440106,1.3937917417050721e-05
997,pop9,2,0.0006035566329956055,0.00016415119171142578
997,pop50,4,0.0004975199699401855,0.00010701879107045943
998,pop12,3,0.00042017300923665363,0.00024956441911326994
998,pop52,2,0.0004401206970214844,1.9073486328125e-06
998,pop50,4,0.0005045533180236816,0.0001175640992135351
999,pop44,2,0.000408172607421875,4.363059997558594e-05
999,pop27,4,0.0005356073379516602,0.0001688005644721535
999,pop14,1,0.0004425048828125,0.0
999,pop50,1,0.0004200935363769531,0.0
999,pop51,1,0.0004398822784423828,0.0
999,pop8,1,0.00042939186096191406,0.0
1000,pop22,2,0.0003497600555419922,9.059906005859375e-05
1000,pop51,3,0.00043781598409016925,2.8225063319659627e-05
1000,pop43,3,0.00044767061869303387,2.0328902749261513e-05
1000,pop40,2,0.0005955696105957031,0.0001952648162841797
1000,pop50,4,0.00042641162872314453,1.1799311151284808e-05
1000,pop14,2,0.00043463706970214844,4.0531158447265625e-06
1000,pop27,2,0.0006105899810791016,0.0001704692840576172
1001,pop6,2,0.00036525726318359375,7.033348083496094e-05
1001,pop7,1,0.00045561790466308594,0.0
1001,pop53,2,0.0006142854690551758,0.0001653432846069336
1001,pop47,3,0.0004297892252604167,1.2221261842563047e-05
1001,pop51,4,0.000441133975982666,1.0195530860530209e-05
1001,pop9,2,0.0005937814712524414,0.00012958049774169922
1001,pop10,4,0.0005208253860473633,9.828232993713479e-05
1002,pop33,5,0.0004580497741699219,0.0001453957269238292
1002,pop50,1,0.0004410743713378906,0.0
1002,pop52,1,0.0004038810729980469,0.0
1002,pop54,1,0.0004036426544189453,0.0
1003,pop29,2,0.00029015541076660156,0.000156402587890625
1003,pop51,2,0.0006022453308105469,0.0001659393310546875
1003,pop50,4,0.0004892349243164062,9.199976438374656e-05
1004,pop50,4,0.00042629241943359375,2.7272626125726742e-05
1004,pop14,1,0.0004749298095703125,0.0
1004,pop27,2,0.0005816221237182617,0.00013530254364013672
1004,pop44,1,0.0004343986511230469,0.0
1004,pop39,1,0.0004253387451171875,0.0
1004,pop38,1,0.00042128562927246094,0.0
1005,pop20,5,0.0003964424133300781,0.00014502007970702211
1005,pop46,1,0.00043392181396484375,0.0
1005,pop45,1,0.00039696693420410156,0.0
1006,pop57,2,0.0003833770751953125,5.793571472167969e-05
1006,pop56,1,0.00046133995056152344,0.0
1006,pop55,2,0.0004467964172363281,1.9073486328125e-06
1006,pop50,1,0.0004467964172363281,0.0
1006,pop14,1,0.00041174888610839844,0.0
1006,pop27,3,0.0004562536875406901,5.607056663013517e-05
1006,pop44,1,0.0004203319549560547,0.0
1007,pop45,2,0.0003838539123535156,5.435943603515625e-05
1007,pop46,3,0.0005454222361246744,0.00013984753108812833
1007,pop51,1,0.0004520416259765625,0.0
1007,pop50,1,0.0004057884216308594,0.0
1007,pop14,1,0.0004069805145263672,0.0
1007,pop24,1,0.0004477500915527344,0.0
1008,pop12,2,0.0003764629364013672,6.29425048828125e-05
1008,pop52,1,0.00045800209045410156,0.0
1008,pop50,3,0.0005230903625488281,0.00010701356239922969
1008,pop14,1,0.0004131793975830078,0.0
1008,pop24,1,0.0004324913024902344,0.0
1009,pop20,4,0.0004082918167114258,5.430306996550003e-05
1009,pop46,2,0.000584721565246582,0.00016868114471435547
1009,pop51,1,0.00039505958557128906,0.0
1009,pop43,1,0.000431060791015625,0.0
1009,pop42,1,0.00045013427734375,0.0
1010,pop12,2,0.0004235506057739258,4.2557716369628906e-05
1010,pop52,1,0.0004329681396484375,0.0
1010,pop51,3,0.00043280919392903644,1.9463226226894724e-05
1010,pop8,2,0.0005134344100952148,7.18832015991211e-05
1010,pop10,3,0.0006629625956217448,0.00015791235224454597
1011,pop50,3,0.0004347960154215495,1.8635665416019388e-05
1011,pop17,1,0.0003993511199951172,0.0
1011,pop31,2,0.0005179643630981445,6.091594696044922e-05
1011,pop30,1,0.00041747093200683594,0.0
1011,pop48,1,0.00043773651123046875,0.0
1011,pop49,1,0.00043702125549316406,0.0
1012,pop20,5,0.00045948028564453126,0.00014131786593071685
1012,pop46,1,0.0004410743713378906,0.0
1012,pop51,1,0.00040721893310546875,0.0
1012,pop52,1,0.000446319580078125,0.0
1012,pop12,1,0.0004355907440185547,0.0
1013,pop12,2,0.0004533529281616211,2.682209014892578e-05
1013,pop52,1,0.0004413127899169922,0.0
1013,pop50,4,0.0005252957344055176,0.00017232463566530982
1013,pop14,1,0.0004382133483886719,0.0
1013,pop27,1,0.0004107952117919922,0.0
1013,pop44,1,0.00043654441833496094,0.0
1013,pop39,1,0.0004131793975830078,0.0
1013,pop38,1,0.0004334449768066406,0.0
1014,pop20,4,0.00048166513442993164,0.00014446231809766498
1014,pop46,1,0.0004425048828125,0.0
1014,pop51,1,0.00044274330139160156,0.0
1014,pop43,1,0.00041747093200683594,0.0
1014,pop42,1,0.0004429817199707031,0.0
1015,pop13,4,0.0004202723503112793,0.00015547984411920873
1015,pop52,1,0.0004448890686035156,0.0
1015,pop54,1,0.00043511390686035156,0.0
1016,pop14,2,0.0003757476806640625,7.963180541992188e-05
1016,pop50,3,0.00045037269592285156,2.3360154559928683e-06
1016,pop51,3,0.0004413127899169922,1.2999097525093628e-05
1016,pop9,2,0.0005729198455810547,0.00014066696166992188
1016,pop36,2,0.0005220174789428711,7.808208465576172e-05
1017,pop6,5,0.00043964385986328125,0.00014045780602365128
1017,pop7,1,0.0004107952117919922,0.0
1017,pop53,1,0.00040721893310546875,0.0
1017,pop52,1,0.0004355907440185547,0.0
1017,pop12,1,0.00044083595275878906,0.0
1018,pop33,4,0.0004559159278869629,0.00016584461956418178
1018,pop50,1,0.00043702125549316406,0.0
1018,pop14,1,0.00043082237243652344,0.0
1018,pop24,1,0.00040435791015625,0.0
1019,pop57,2,0.0003762245178222656,9.036064147949219e-05
1019,pop56,1,0.00045108795166015625,0.0
1019,pop55,1,0.0004668235778808594,0.0
1019,pop50,4,0.00045102834701538086,4.012149757753949e-06
1019,pop51,3,0.00042549769083658856,2.354141181304049e-05
1019,pop9,2,0.0006136894226074219,0.00017881393432617188
1019,pop14,2,0.0004220008850097656,1.1920928955078125e-06
1019,pop24,1,0.0007290840148925781,0.0
1019,pop53,1,0.0004229545593261719,0.0
1019,pop42,3,0.0006137688954671224,0.00011959162963085384
1019,pop43,1,0.00045871734619140625,0.0
1020,pop45,2,0.0004227161407470703,4.100799560546875e-05
1020,pop44,1,0.0004353523254394531,0.0
1020,pop39,4,0.00046700239181518555,5.3073275694558896e-05
1020,pop38,1,0.0004260540008544922,0.0
1021,pop12,2,0.00036907196044921875,0.00010466575622558594
1021,pop52,2,0.0004267692565917969,1.6927719116210938e-05
1021,pop51,3,0.00044004122416178387,9.919155312456282e-06
1021,pop9,2,0.0006033182144165039,0.00018799304962158203
1021,pop55,4,0.0005092024803161621,0.0001235597673022123
1021,pop50,1,0.0004181861877441406,0.0
1022,pop6,5,0.00045404434204101565,0.00012584134630645277
1022,pop7,1,0.0004391670227050781,0.0
1022,pop53,1,0.00043129920959472656,0.0
1022,pop50,1,0.00042247772216796875,0.0
1022,pop32,1,0.00041747093200683594,0.0
1023,pop8,2,0.0003827810287475586,8.64267349243164e-05
1023,pop51,1,0.0004215240478515625,0.0
1023,pop52,3,0.00045029322306315106,1.4796472069723801e-05
1023,pop34,2,0.0006009340286254883,0.00019347667694091797
1023,pop50,3,0.0005313555399576823,0.0001444166409275673
1023,pop17,2,0.0004559755325317383,2.2649765014648438e-06
1023,pop31,3,0.0005583763122558594,0.00016683180004609016
1024,pop57,2,0.0003612041473388672,0.00010204315185546875
1024,pop56,1,0.00041961669921875,0.0
1024,pop55,4,0.0004901289939880371,0.0001034595680689614
1024,pop50,1,0.00045013427734375,0.0
1024,pop51,1,0.0004208087921142578,0.0
1025,pop19,2,0.00039124488830566406,7.271766662597656e-05
1025,pop51,1,0.00042247772216796875,0.0
1025,pop50,4,0.00043720006942749023,2.037982085415694e-05
1025,pop17,3,0.0004456837972005208,1.7596016213887514e-05
1025,pop31,2,0.0005486011505126953,0.00014901161193847656
1025,pop52,3,0.00045228004455566406,7.764787157741696e-06
1025,pop34,1,0.0006377696990966797,0.0
1025,pop54,1,0.0006580352783203125,0.0
1025,pop53,3,0.0004309813181559245,2.4190838787371337e-05
1025,pop47,1,0.0006186962127685547,0.0
1025,pop1,2,0.00045371055603027344,1.0728836059570312e-05
1025,pop0,2,0.0008046627044677734,9.202957153320312e-05
1026,pop25,2,0.00034499168395996094,0.00012445449829101562
1026,pop17,1,0.0004189014434814453,0.0
1026,pop50,3,0.0005121231079101562,0.00012071987555435317
1026,pop51,1,0.0004279613494873047,0.0
1027,pop6,2,0.00037729740142822266,8.571147918701172e-05
1027,pop7,1,0.00043129920959472656,0.0
1027,pop53,1,0.0004391670227050781,0.0
1027,pop47,1,0.00044226646423339844,0.0
1027,pop51,2,0.0006120204925537109,0.00017690658569335938
1027,pop29,4,0.0005236268043518066,0.00010484568837639216
1028,pop21,2,0.0004286766052246094,4.601478576660156e-05
1028,pop23,1,0.0004222393035888672,0.0
1028,pop16,1,0.0004456043243408203,0.0
1028,pop50,2,0.0004391670227050781,2.002716064453125e-05
1028,pop14,1,0.0004527568817138672,0.0
1028,pop27,3,0.0004661083221435547,6.426431166606506e-05
1028,pop44,1,0.00043582916259765625,0.0
1029,pop54,2,0.00030541419982910156,0.00015020370483398438
1029,pop52,3,0.0004372596740722656,1.2379412637469454e-05
1029,pop34,2,0.0006002187728881836,0.0001684427261352539
1029,pop55,2,0.0004191398620605469,6.4373016357421875e-06
1029,pop56,2,0.00044357776641845703,1.3113021850585938e-06
1029,pop48,4,0.0005902647972106934,0.00016955654631502023
1030,pop4,3,0.0004317760467529297,4.047080764026488e-05
1030,pop51,1,0.00046133995056152344,0.0
1030,pop19,1,0.0004146099090576172,0.0
1030,pop18,3,0.0004736582438151042,5.698830256685744e-05
1030,pop38,1,0.00039458274841308594,0.0
1031,pop8,2,0.00040733814239501953,3.445148468017578e-05
1031,pop51,1,0.00041866302490234375,0.0
1031,pop50,2,0.00042998790740966797,1.2993812561035156e-05
1031,pop14,1,0.0004329681396484375,0.0
1031,pop27,3,0.00048724810282389325,8.219883680041916e-05
1031,pop44,1,0.00041222572326660156,0.0
1032,pop19,2,0.00035309791564941406,9.799003601074219e-05
1032,pop51,1,0.0004372596740722656,0.0
1032,pop52,1,0.0004551410675048828,0.0
1032,pop13,4,0.0005097389221191406,7.198267154557473e-05
1033,pop6,2,0.0003731250762939453,6.079673767089844e-05
1033,pop7,1,0.0004100799560546875,0.0
1033,pop53,1,0.00045871734619140625,0.0
1033,pop42,4,0.00047457218170166016,6.747340565612269e-05
1033,pop43,1,0.0004267692565917969,0.0
1033,pop40,1,0.0004038810729980469,0.0
1034,pop0,5,0.0004218578338623047,0.00012174583687836696
1034,pop1,1,0.00044918060302734375,0.0
1034,pop53,1,0.00044727325439453125,0.0
1034,pop42,1,0.0004115104675292969,0.0
1035,pop44,2,0.0003581047058105469,9.703636169433594e-05
1035,pop27,4,0.0004989504814147949,0.00011349655649598063
1035,pop14,1,0.00039649009704589844,0.0
1035,pop50,1,0.0004057884216308594,0.0
1035,pop17,1,0.0004363059997558594,0.0
1035,pop31,1,0.00044536590576171875,0.0
1036,pop22,2,0.00037980079650878906,6.461143493652344e-05
1036,pop51,1,0.00041675567626953125,0.0
1036,pop50,1,0.00044655799865722656,0.0
1036,pop14,3,0.00044155120849609375,1.9478472041964858e-05
1036,pop24,2,0.0006251335144042969,0.0002014636993408203
1036,pop27,4,0.0004724264144897461,7.624633987666078e-05
1037,pop14,2,0.00035309791564941406,8.153915405273438e-05
1037,pop50,4,0.0005024075508117676,0.0001349977045254425
1037,pop52,1,0.00039649009704589844,0.0
1037,pop13,1,0.00041174888610839844,0.0
1038,pop8,2,0.00041425228118896484,3.135204315185547e-05
1038,pop51,1,0.00043272972106933594,0.0
1038,pop50,1,0.0004019737243652344,0.0
1038,pop14,1,0.00045371055603027344,0.0
1038,pop27,3,0.0004936854044596354,9.345204076527759e-05
1038,pop44,1,0.0004456043243408203,0.0
1038,pop39,1,0.00041103363037109375,0.0
1039,pop6,2,0.0009247064590454102,0.00047600269317626953
1039,pop7,1,0.00041222572326660156,0.0
1039,pop53,1,0.00044465065002441406,0.0
1039,pop50,2,0.0004380941390991211,2.086162567138672e-05
1039,pop14,1,0.0004584789276123047,0.0
1039,pop27,3,0.0005385080973307291,0.00014766527831565243
1039,pop44,1,0.0004124641418457031,0.0
1039,pop39,1,0.0004169940948486328,0.0
1039,pop38,1,0.0004189014434814453,0.0
1040,pop29,4,0.0004430413246154785,0.0002291354730431405
1040,pop51,3,0.00044608116149902344,1.5681346561818456e-05
1040,pop50,2,0.0004220008850097656,2.09808349609375e-05
1040,pop17,2,0.00046503543853759766,9.417533874511719e-06
1040,pop25,1,0.0007588863372802734,0.0
1040,pop46,3,0.0006579558054606119,0.0001481910790488241
1041,pop45,2,0.0004055500030517578,3.886222839355469e-05
1041,pop46,1,0.00046062469482421875,0.0
1041,pop51,3,0.0005784034729003906,0.00020415453126892584
1041,pop29,2,0.0006170272827148438,0.00016427040100097656
1041,pop50,2,0.0006425380706787109,0.0001780986785888672
1041,pop14,2,0.00041174888610839844,1.5020370483398438e-05
1041,pop27,3,0.0005714098612467448,0.00019259443703103813
1041,pop52,1,0.0004563331604003906,0.0
1042,pop12,2,0.0003933906555175781,4.363059997558594e-05
1042,pop52,1,0.0004489421844482422,0.0
1042,pop55,1,0.0004394054412841797,0.0
1042,pop56,1,0.0004267692565917969,0.0
1042,pop48,2,0.00043761730194091797,1.1086463928222656e-05
1042,pop49,3,0.0005802313486735026,0.0001370917656528641
1043,pop57,2,0.00039446353912353516,5.7816505432128906e-05
1043,pop56,1,0.0004532337188720703,0.0
1043,pop55,4,0.000482022762298584,0.00011125125116378917
1043,pop50,1,0.00041031837463378906,0.0
1043,pop53,1,0.000438690185546875,0.0
1043,pop1,1,0.0004353523254394531,0.0
1043,pop15,1,0.0004124641418457031,0.0
1044,pop50,4,0.0004190206527709961,2.8186128376443757e-05
1044,pop17,1,0.0004093647003173828,0.0
1044,pop31,2,0.000522613525390625,7.700920104980469e-05
1044,pop30,1,0.00041365623474121094,0.0
1044,pop48,1,0.0004336833953857422,0.0
1044,pop49,1,0.0004355907440185547,0.0
1045,pop25,2,0.0003644227981567383,8.26120376586914e-05
1045,pop17,1,0.000457763671875,0.0
1045,pop50,4,0.0005167722702026367,0.00013798345241799125
1045,pop52,1,0.0004458427429199219,0.0
1045,pop54,1,0.0004124641418457031,0.0
1046,pop20,5,0.00046329498291015626,0.00013746243534153017
1046,pop46,1,0.0004343986511230469,0.0
1046,pop51,1,0.00040984153747558594,0.0
1046,pop52,1,0.00042748451232910156,0.0
1046,pop34,1,0.00041174888610839844,0.0
1047,pop54,2,0.0003370046615600586,0.0001195669174194336
1047,pop52,1,0.0004494190216064453,0.0
1047,pop51,3,0.0004925727844238281,6.681280998994001e-05
1047,pop4,2,0.0005908012390136719,8.96453857421875e-05
1047,pop50,3,0.0004885991414388021,9.491781369378637e-05
1048,pop4,4,0.0005038976669311523,0.0001639028025975892
1048,pop51,1,0.00043845176696777344,0.0
1048,pop8,1,0.00043201446533203125,0.0
1049,pop13,3,0.00041755040486653644,4.8064591599214115e-05
1049,pop52,1,0.0004286766052246094,0.0
1049,pop50,3,0.0005172093709309896,0.00012822137490350289
1049,pop17,1,0.0004470348358154297,0.0
1049,pop31,1,0.00040602684020996094,0.0
1050,pop33,4,0.0005125999450683594,0.00016238116906882794
1050,pop50,1,0.0003979206085205078,0.0
1050,pop14,1,0.0004343986511230469,0.0
1050,pop27,1,0.00042724609375,0.0
1050,pop44,1,0.000423431396484375,0.0
1050,pop39,1,0.00044274330139160156,0.0
1050,pop38,1,0.00040411949157714844,0.0
1051,pop44,2,0.0003821849822998047,8.606910705566406e-05
1051,pop27,4,0.0005036592483520508,0.0001224075094185424
1051,pop14,1,0.00043892860412597656,0.0
1051,pop50,1,0.000423431396484375,0.0
1051,pop52,1,0.00042510032653808594,0.0
1051,pop12,1,0.0004220008850097656,0.0
1052,pop22,3,0.0004142920176188151,4.675936157533567e-05
1052,pop51,3,0.00045228004455566406,2.3438700806218387e-05
1052,pop8,2,0.0005762577056884766,0.00016641616821289062
1052,pop46,2,0.0006095170974731445,0.0001608133316040039
1053,pop8,3,0.0004546642303466797,0.00027996087824707624
1053,pop51,2,0.00043702125549316406,2.384185791015625e-06
1053,pop52,1,0.0004200935363769531,0.0
1053,pop55,4,0.0005370974540710449,0.00014598708308098869
1053,pop50,1,0.0004200935363769531,0.0
1054,pop4,3,0.0003852049509684245,9.72516628712338e-05
1054,pop51,4,0.0004392862319946289,1.2686131390209653e-05
1054,pop52,4,0.00043976306915283203,1.79095840760422e-05
1054,pop12,2,0.0006324052810668945,0.00020325183868408203
1054,pop29,1,0.0005927085876464844,0.0
1054,pop19,1,0.0008213520050048828,0.0
1054,pop55,2,0.0004429817199707031,1.5735626220703125e-05
1054,pop56,2,0.0004462003707885742,1.823902130126953e-05
1054,pop57,1,0.0007131099700927734,0.0
1054,pop50,2,0.0004197359085083008,2.1338462829589844e-05
1054,pop14,2,0.0004328489303588867,2.0384788513183594e-05
1054,pop27,3,0.0006152788798014323,0.0001111876716270519
1055,pop29,5,0.000463104248046875,0.0001500527516488513
1055,pop51,1,0.00041222572326660156,0.0
1055,pop52,1,0.00043845176696777344,0.0
1055,pop13,1,0.00037741661071777344,0.0
1056,pop13,4,0.00042182207107543945,4.3686382600110476e-05
1056,pop52,1,0.0004394054412841797,0.0
1056,pop50,2,0.0005972385406494141,0.00018215179443359375
1056,pop14,1,0.0004341602325439453,0.0
1056,pop27,1,0.0004355907440185547,0.0
1056,pop44,1,0.0004394054412841797,0.0
1057,pop4,2,0.0003590583801269531,0.00010061264038085938
1057,pop51,1,0.0004458427429199219,0.0
1057,pop52,3,0.0004374186197916667,7.884252437105756e-06
1057,pop13,2,0.0006568431854248047,0.00023603439331054688
1057,pop50,4,0.0004273653030395508,1.670164264989226e-05
1057,pop14,2,0.00043594837188720703,1.4424324035644531e-05
1057,pop27,2,0.0005987882614135742,0.00015842914581298828
1058,pop57,2,0.00032269954681396484,0.0001386404037475586
1058,pop48,4,0.0004222989082336426,6.211192948065181e-06
1058,pop49,3,0.0005398591359456381,0.0001501457078838472
1058,pop30,2,0.00042879581451416016,3.7789344787597656e-05
1058,pop31,2,0.00045180320739746094,5.0067901611328125e-06
1058,pop17,2,0.0004253387451171875,1.430511474609375e-06
1058,pop50,2,0.0006136894226074219,0.0001742839813232422
1059,pop22,3,0.0003903706868489583,8.624149252930313e-05
1059,pop51,1,0.00040721893310546875,0.0
1059,pop52,3,0.0004469553629557292,9.983891673097288e-06
1059,pop54,2,0.000583648681640625,0.0001544952392578125
1059,pop50,5,0.0004939079284667969,0.00011128470098498207
1059,pop14,2,0.00045430660247802734,5.960464477539062e-07
1059,pop24,1,0.0005967617034912109,0.0
1059,pop17,1,0.0007457733154296875,0.0
1060,pop8,2,0.0003961324691772461,6.091594696044922e-05
1060,pop51,1,0.0004668235778808594,0.0
1060,pop47,1,0.0004191398620605469,0.0
1060,pop53,3,0.0004527568817138672,7.776978697919888e-06
1060,pop1,4,0.00045043230056762695,1.2908087341742954e-05
1060,pop0,2,0.0005630254745483398,0.00015532970428466797
1060,pop52,2,0.0004448890686035156,1.5020370483398438e-05
1060,pop34,1,0.0008070468902587891,0.0
1060,pop50,2,0.000591278076171875,0.00012826919555664062
1061,pop29,5,0.00048627853393554685,0.0001436863624229573
1061,pop51,1,0.0004439353942871094,0.0
1061,pop8,1,0.0004112720489501953,0.0
1062,pop4,4,0.0004947781562805176,0.00016611038144697686
1062,pop51,1,0.0004429817199707031,0.0
1062,pop50,1,0.00040602684020996094,0.0
1062,pop14,1,0.0004107952117919922,0.0
1062,pop24,1,0.00043582916259765625,0.0
1063,pop50,2,0.0005606412887573242,0.00025975704193115234
1063,pop52,1,0.0004124641418457031,0.0
1063,pop51,3,0.0004412333170572917,1.6982292058436162e-05
1063,pop9,2,0.000507354736328125,0.00010991096496582031
1063,pop10,4,0.0005238652229309082,9.114505213813449e-05
1064,pop25,2,0.00038123130798339844,0.000102996826171875
1064,pop17,1,0.0004076957702636719,0.0
1064,pop50,4,0.00043642520904541016,1.0425872995417703e-05
1064,pop52,3,0.0004321734110514323,1.2951394254010471e-05
1064,pop12,2,0.0006253719329833984,0.0001862049102783203
1064,pop14,2,0.0004609823226928711,5.364418029785156e-06
1064,pop27,2,0.0005633831024169922,0.00012373924255371094
1065,pop21,2,0.00037407875061035156,9.465217590332031e-05
1065,pop22,2,0.00043380260467529297,1.5616416931152344e-05
1065,pop51,1,0.0004291534423828125,0.0
1065,pop43,3,0.00047326087951660156,6.331827720228468e-05
1065,pop40,1,0.00042748451232910156,0.0
1066,pop19,2,0.0003647804260253906,0.00010085105895996094
1066,pop51,1,0.00041961669921875,0.0
1066,pop52,3,0.00042359034220377606,8.831862914917019e-06
1066,pop12,2,0.0005664825439453125,0.00013494491577148438
1066,pop50,2,0.0004432201385498047,9.775161743164062e-06
1066,pop33,3,0.0006598631540934244,0.00016292560379354434
1067,pop20,4,0.0004062056541442871,3.704067814545151e-05
1067,pop46,1,0.000431060791015625,0.0
1067,pop51,1,0.0004379749298095703,0.0
1067,pop47,1,0.00042176246643066406,0.0
1067,pop53,1,0.00040650367736816406,0.0
1067,pop1,2,0.0005123615264892578,6.604194641113281e-05
1067,pop15,1,0.0004296302795410156,0.0
1068,pop22,2,0.0003412961959838867,9.453296661376953e-05
1068,pop51,3,0.0004410743713378906,1.4385685255347243e-05
1068,pop43,4,0.0004277825355529785,1.4307473902083696e-05
1068,pop40,2,0.000620722770690918,0.00018036365509033203
1068,pop50,2,0.0006096363067626953,0.00020003318786621094
1069,pop8,2,0.0003058910369873047,0.00014662742614746094
1069,pop51,3,0.0004353523254394531,2.9968750691357935e-06
1069,pop9,2,0.0005886554718017578,0.0001723766326904297
1069,pop52,1,0.00041675567626953125,0.0
1069,pop55,4,0.0005143880844116211,0.00014012579147315322
1069,pop50,1,0.0004086494445800781,0.0
1070,pop0,5,0.0005047798156738281,0.00015333450465344293
1070,pop1,1,0.00045609474182128906,0.0
1070,pop53,1,0.0004177093505859375,0.0
1070,pop47,1,0.0004222393035888672,0.0
1070,pop51,1,0.0004258155822753906,0.0
1070,pop8,1,0.0004038810729980469,0.0
1071,pop14,2,0.00045311450958251953,6.449222564697266e-05
1071,pop50,4,0.0005254745483398438,0.00015648988070046988
1071,pop51,1,0.00045037269592285156,0.0
1071,pop29,1,0.0004115104675292969,0.0
1072,pop6,2,0.00035262107849121094,8.177757263183594e-05
1072,pop7,1,0.0004150867462158203,0.0
1072,pop53,1,0.00045371055603027344,0.0
1072,pop50,5,0.0004847526550292969,0.00010790619445746523
1072,pop14,3,0.0004627704620361328,1.2083534054535901e-05
1072,pop24,2,0.0005831718444824219,0.00013971328735351562
1073,pop25,2,0.0003769397735595703,8.106231689453125e-05
1073,pop17,1,0.0004012584686279297,0.0
1073,pop50,3,0.0005246798197428385,0.00014152163939037114
1073,pop52,1,0.0004115104675292969,0.0
1073,pop34,1,0.0004019737243652344,0.0
1074,pop21,2,0.0002900362014770508,0.00014698505401611328
1074,pop22,4,0.00047200918197631836,7.148828627293315e-05
1074,pop51,1,0.0004119873046875,0.0
1075,pop8,2,0.0003941059112548828,6.175041198730469e-05
1075,pop51,1,0.0004215240478515625,0.0
1075,pop50,5,0.000484466552734375,0.00010066211984352678
1075,pop14,3,0.0004382133483886719,2.4086177216266733e-05
1075,pop24,2,0.0006173849105834961,0.0001894235610961914
1076,pop45,2,0.0003668069839477539,8.809566497802734e-05
1076,pop46,3,0.0005209445953369141,0.00012074074900517571
1076,pop51,1,0.0004067420959472656,0.0
1076,pop52,1,0.00044226646423339844,0.0
1076,pop12,1,0.00039887428283691406,0.0
1077,pop12,2,0.0004112720489501953,3.5762786865234375e-05
1077,pop52,1,0.0004172325134277344,0.0
1077,pop50,3,0.00043956438700358075,8.736955739537439e-06
1077,pop14,1,0.00044989585876464844,0.0
1077,pop27,2,0.0005954504013061523,0.00017130374908447266
1077,pop44,1,0.0004048347473144531,0.0
1077,pop39,1,0.00044345855712890625,0.0
1077,pop38,1,0.00040793418884277344,0.0
1078,pop13,5,0.0004673004150390625,0.00015155134695668304
1078,pop52,1,0.0004398822784423828,0.0
1078,pop51,1,0.0004343986511230469,0.0
1078,pop43,1,0.0004553794860839844,0.0
1078,pop40,1,0.0003955364227294922,0.0
1079,pop57,2,0.0004049539566040039,3.826618194580078e-05
1079,pop56,1,0.0004096031188964844,0.0
1079,pop55,3,0.00042637189229329425,7.840874662030911e-06
1079,pop50,2,0.0006299018859863281,0.00018477439880371094
1079,pop51,1,0.0004124641418457031,0.0
1079,pop29,1,0.0004305839538574219,0.0
1080,pop4,4,0.00039082765579223633,7.954920389992007e-05
1080,pop51,1,0.00043964385986328125,0.0
1080,pop52,3,0.00044981638590494793,6.800388166199177e-06
1080,pop54,2,0.0006444454193115234,0.00018739700317382812
1080,pop55,2,0.0005369186401367188,8.678436279296875e-05
1081,pop21,2,0.00036275386810302734,7.68899917602539e-05
1081,pop22,3,0.0005212624867757162,0.00011581963513986889
1081,pop51,1,0.00043392181396484375,0.0
1081,pop43,1,0.0004096031188964844,0.0
1081,pop40,1,0.0004341602325439453,0.0
1082,pop13,3,0.000406344731648763,6.48861710137687e-05
1082,pop52,1,0.0004680156707763672,0.0
1082,pop50,2,0.0005629062652587891,0.00014066696166992188
1082,pop14,1,0.0004220008850097656,0.0
1082,pop24,1,0.0004379749298095703,0.0
1083,pop50,2,0.00041985511779785156,3.337860107421875e-05
1083,pop14,1,0.0004525184631347656,0.0
1083,pop27,3,0.0004478295644124349,1.6151966717071728e-05
1083,pop44,1,0.00041937828063964844,0.0
1083,pop39,2,0.0004906654357910156,4.982948303222656e-05
1083,pop38,1,0.00043582916259765625,0.0
1084,pop21,2,0.00039517879486083984,4.8279762268066406e-05
1084,pop22,4,0.0005234479904174805,0.0001369682573915287
1084,pop51,1,0.00040459632873535156,0.0
1084,pop8,1,0.00046563148498535156,0.0
1085,pop54,2,0.00037491321563720703,6.687641143798828e-05
1085,pop52,1,0.00046515464782714844,0.0
1085,pop53,1,0.0004401206970214844,0.0
1085,pop1,3,0.000438690185546875,4.050777733286113e-06
1085,pop0,2,0.0006331205368041992,6.949901580810547e-05
1086,pop19,2,0.00034356117248535156,0.00010085105895996094
1086,pop51,3,0.000448147455851237,1.808771558879382e-06
1086,pop46,5,0.0004377841949462891,1.7612275917287773e-05
1086,pop45,2,0.0006117820739746094,0.00020051002502441406
1086,pop50,2,0.0004442930221557617,1.0728836059570312e-06
1086,pop17,2,0.0004467964172363281,1.9073486328125e-06
1086,pop31,3,0.0005566279093424479,0.0001750782950591628
1086,pop30,1,0.0007534027099609375,0.0
1087,pop22,4,0.0004000663757324219,7.852264414697104e-05
1087,pop51,2,0.0004578828811645508,1.1920928955078125e-07
1087,pop52,3,0.0004475911458333333,8.68475105531893e-06
1087,pop34,2,0.0006468296051025391,0.00021767616271972656
1087,pop21,1,0.0006964206695556641,0.0
1087,pop23,2,0.0006338357925415039,0.00017511844635009766
1087,pop16,3,0.000444332758585612,1.570951498143442e-05
1087,pop50,5,0.0004875659942626953,0.00011524257419853176
1087,pop14,1,0.0007841587066650391,0.0
1088,pop57,2,0.00037670135498046875,7.915496826171875e-05
1088,pop56,1,0.000457763671875,0.0
1088,pop55,4,0.000518798828125,0.00012009872978981209
1088,pop50,1,0.0004401206970214844,0.0
1088,pop51,1,0.0004341602325439453,0.0
1088,pop9,1,0.00040078163146972656,0.0
1089,pop33,5,0.0004895687103271485,0.00015258458253135536
1089,pop50,1,0.00040435791015625,0.0
1089,pop17,1,0.00041031837463378906,0.0
1089,pop31,1,0.0004496574401855469,0.0
1089,pop30,1,0.0004487037658691406,0.0
1089,pop48,1,0.00042128562927246094,0.0
1089,pop49,1,0.000396728515625,0.0
1090,pop44,2,0.00036728382110595703,6.592273712158203e-05
1090,pop27,3,0.000432888666788737,1.6632817069279747e-05
1090,pop14,1,0.000453948974609375,0.0
1090,pop50,4,0.000489354133605957,0.00013531661695650971
1090,pop51,3,0.0004545847574869792,3.294051770538125e-06
1090,pop9,2,0.000576019287109375,0.000164031982421875
1090,pop33,1,0.0008215904235839844,0.0
1091,pop14,2,0.0003923177719116211,4.2319297790527344e-05
1091,pop50,3,0.00044719378153483075,9.896206079187277e-06
1091,pop51,3,0.000436703364054362,2.333607903134969e-05
1091,pop8,2,0.0006138086318969727,0.00020325183868408203
1091,pop17,2,0.00045108795166015625,9.775161743164062e-06
1091,pop31,3,0.0007038911183675131,0.0001964943594457243
1091,pop30,2,0.00046706199645996094,1.1920928955078125e-06
1091,pop48,2,0.0005369186401367188,0.00010228157043457031
1092,pop25,2,0.00031507015228271484,0.0001074075698852539
1092,pop17,1,0.00044918060302734375,0.0
1092,pop50,2,0.00044727325439453125,3.337860107421875e-06
1092,pop51,2,0.0005353689193725586,0.00011718273162841797
1092,pop22,2,0.0005718469619750977,2.7418136596679688e-06
1093,pop8,2,0.0003603696823120117,7.021427154541016e-05
1093,pop51,1,0.00044727325439453125,0.0
1093,pop50,1,0.0004208087921142578,0.0
1093,pop32,4,0.0005261898040771484,0.00012257671648912278
1094,pop21,2,0.0003484487533569336,7.975101470947266e-05
1094,pop22,4,0.0005030632019042969,0.00010722091992336919
1094,pop51,1,0.00042057037353515625,0.0
1094,pop43,1,0.0004119873046875,0.0
1094,pop42,1,0.0004029273986816406,0.0
1095,pop54,2,0.00039005279541015625,4.3392181396484375e-05
1095,pop52,1,0.0004591941833496094,0.0
1095,pop51,3,0.00043209393819173175,3.0617583185332086e-05
1095,pop8,2,0.0005602836608886719,0.00011801719665527344
1095,pop47,1,0.0004603862762451172,0.0
1095,pop53,1,0.0007953643798828125,0.0
1095,pop50,3,0.0005513827006022135,0.00016678356184931885
1096,pop45,2,0.0003647804260253906,0.00010728836059570312
1096,pop46,2,0.00043785572052001953,6.794929504394531e-06
1096,pop51,1,0.00045180320739746094,0.0
1096,pop52,3,0.0004398028055826823,1.0786665957219823e-05
1096,pop54,2,0.0006161928176879883,0.0001779794692993164
1096,pop55,3,0.000492254892985026,8.848302769250617e-05
1097,pop12,2,0.00040411949157714844,4.696846008300781e-05
1097,pop52,1,0.0004572868347167969,0.0
1097,pop51,3,0.0004303455352783203,9.11204077851683e-06
1097,pop8,2,0.0005776882171630859,0.0001404285430908203
1097,pop43,2,0.0004328489303588867,2.014636993408203e-05
1097,pop42,4,0.0005816817283630371,0.00016151115589115774
1098,pop57,2,0.00035881996154785156,9.703636169433594e-05
1098,pop56,1,0.00046253204345703125,0.0
1098,pop55,1,0.00041747093200683594,0.0
1098,pop52,3,0.0004299481709798177,1.2151293694856662e-05
1098,pop13,2,0.0006325244903564453,0.0001952648162841797
1098,pop51,4,0.00048667192459106445,6.932886271276163e-05
1098,pop46,3,0.0004374980926513672,1.1723795750755546e-05
1098,pop20,1,0.0006554126739501953,0.0
1098,pop47,2,0.0005251169204711914,6.186962127685547e-05
1098,pop53,1,0.0007205009460449219,0.0
1098,pop10,3,0.0006024042765299479,0.0001510204750838612
1099,pop33,5,0.0004951000213623047,0.00015183505966330935
1099,pop50,1,0.00041222572326660156,0.0
1099,pop14,1,0.0004105567932128906,0.0
1099,pop27,1,0.00043702125549316406,0.0
1099,pop44,1,0.0004124641418457031,0.0
1099,pop39,1,0.0004367828369140625,0.0
1100,pop25,2,0.0003324747085571289,0.00013339519500732422
1100,pop17,1,0.00045418739318847656,0.0
1100,pop50,4,0.00048083066940307617,9.612207679099788e-05
1100,pop32,1,0.00040650367736816406,0.0
1101,pop8,2,0.0003606081008911133,0.00010263919830322266
1101,pop51,1,0.00045752525329589844,0.0
1101,pop52,1,0.00042510032653808594,0.0
1101,pop13,4,0.0005388855934143066,0.00012812235722891406
1102,pop54,2,0.0004271268844604492,3.5643577575683594e-05
1102,pop52,1,0.0004563331604003906,0.0
1102,pop50,2,0.00042939186096191406,1.7404556274414062e-05
1102,pop14,1,0.00045299530029296875,0.0
1102,pop27,2,0.0005958080291748047,0.00017261505126953125
1102,pop44,1,0.000396728515625,0.0
1102,pop39,1,0.0004284381866455078,0.0
1102,pop38,1,0.0004057884216308594,0.0
1103,pop29,4,0.000461578369140625,0.0002523656999606081
1103,pop51,2,0.00043714046478271484,5.125999450683594e-06
1103,pop19,2,0.00044918060302734375,1.3113021850585938e-05
1103,pop18,3,0.0006490548451741537,0.00014118330598764784
1104,pop14,2,0.0004019737243652344,5.936622619628906e-05
1104,pop50,1,0.0004398822784423828,0.0
1104,pop53,1,0.00043702125549316406,0.0
1104,pop1,1,0.00043320655822753906,0.0
1104,pop15,3,0.0005896886189778646,0.00012276949257740985
1105,pop45,2,0.00042116641998291016,4.684925079345703e-05
1105,pop44,1,0.0004551410675048828,0.0
1105,pop39,4,0.00047010183334350586,4.7783560826214516e-05
1105,pop38,1,0.00039768218994140625,0.0
1106,pop57,2,0.0003319978713989258,0.00013148784637451172
1106,pop48,3,0.00048240025838216144,7.578369553318384e-05
1106,pop30,1,0.00042128562927246094,0.0
1106,pop31,1,0.0004100799560546875,0.0
1107,pop54,2,0.00032508373260498047,0.00013363361358642578
1107,pop52,1,0.0004475116729736328,0.0
1107,pop51,2,0.0005251169204711914,9.119510650634766e-05
1107,pop43,3,0.0005381107330322266,8.753112049193057e-05
1108,pop50,4,0.0005145072937011719,0.000175559549457291
1108,pop51,1,0.0004100799560546875,0.0
1108,pop46,1,0.0004451274871826172,0.0
1108,pop45,1,0.00043654441833496094,0.0
1109,pop12,2,0.0003777742385864258,8.046627044677734e-05
1109,pop52,1,0.0004482269287109375,0.0
1109,pop53,1,0.0004425048828125,0.0
1109,pop1,4,0.00047600269317626953,7.602422318159582e-05
1109,pop0,1,0.0004000663757324219,0.0
1110,pop8,2,0.00036215782165527344,9.775161743164062e-05
1110,pop51,1,0.0004565715789794922,0.0
1110,pop52,3,0.0004127025604248047,6.967372511006573e-06
1110,pop12,2,0.0005965232849121094,0.0001609325408935547
1110,pop50,5,0.0004894733428955078,0.00011053132640483924
1110,pop35,1,0.0007510185241699219,0.0
1111,pop14,2,0.00038993358612060547,8.14199447631836e-05
1111,pop50,4,0.0005391836166381836,0.00015816629058627152
1111,pop53,5,0.0004257678985595703,1.714586013962474e-05
1111,pop1,3,0.0004207293192545573,8.887468057597014e-06
1111,pop0,2,0.0005614757537841797,0.00013875961303710938
1111,pop52,4,0.0004322528839111328,2.3100164383740546e-05
1111,pop34,1,0.0007169246673583984,0.0
1111,pop47,1,0.0007383823394775391,0.0
1111,pop13,1,0.00078582763671875,0.0
1112,pop20,3,0.00043018658955891925,2.8340293660466915e-05
1112,pop46,1,0.0004477500915527344,0.0
1112,pop51,1,0.0004544258117675781,0.0
1112,pop47,1,0.00044083595275878906,0.0
1112,pop53,1,0.00046896934509277344,0.0
1112,pop1,1,0.0004761219024658203,0.0
1112,pop15,2,0.0006570816040039062,0.0001285076141357422
1113,pop22,2,0.0004101991653442383,4.0650367736816406e-05
1113,pop51,1,0.00042939186096191406,0.0
1113,pop50,1,0.00041556358337402344,0.0
1113,pop14,1,0.0004475116729736328,0.0
1113,pop27,3,0.00046332677205403644,4.694135618610971e-05
1113,pop44,1,0.0004220008850097656,0.0
1114,pop50,2,0.0004210472106933594,3.361701965332031e-05
1114,pop14,1,0.0004432201385498047,0.0
1114,pop27,5,0.00046224594116210936,7.252901652372657e-05
1114,pop44,2,0.0006066560745239258,0.0001920461654663086
1115,pop14,2,0.0003466606140136719,9.846687316894531e-05
1115,pop50,3,0.00043487548828125,1.3903435537280744e-05
1115,pop17,3,0.0004391670227050781,6.298944861232236e-06
1115,pop31,5,0.00046739578247070315,6.657534761409874e-05
1115,pop30,1,0.0007734298706054688,0.0
1115,pop51,3,0.00042668978373209637,1.748150026932934e-05
1115,pop22,1,0.0006182193756103516,0.0
1115,pop36,2,0.0006709098815917969,7.939338684082031e-05
1116,pop0,5,0.00040955543518066405,0.00012194110693285794
1116,pop1,1,0.0004324913024902344,0.0
1116,pop15,1,0.00042700767517089844,0.0
1117,pop6,4,0.0005252957344055176,0.00016753476722115306
1117,pop7,1,0.0004177093505859375,0.0
1117,pop53,1,0.0004189014434814453,0.0
1117,pop50,1,0.000453948974609375,0.0
1117,pop17,1,0.00043582916259765625,0.0
1117,pop31,1,0.0003981590270996094,0.0
1117,pop30,1,0.00044274330139160156,0.0
1117,pop48,1,0.0003762245178222656,0.0
1117,pop49,1,0.0004162788391113281,0.0
1118,pop44,2,0.0003249645233154297,0.00012230873107910156
1118,pop27,1,0.00041294097900390625,0.0
1118,pop14,2,0.0004444122314453125,2.193450927734375e-05
1118,pop24,2,0.0006150007247924805,0.00018036365509033203
1118,pop23,1,0.00045990943908691406,0.0
1118,pop21,1,0.0007760524749755859,0.0
1118,pop22,1,0.00042557716369628906,0.0
1118,pop51,2,0.00045621395111083984,7.271766662597656e-06
1118,pop43,2,0.0004311800003051758,2.9802322387695312e-06
1118,pop11,1,0.0007197856903076172,0.0
1118,pop47,1,0.0006883144378662109,0.0
1118,pop53,3,0.00044981638590494793,7.731365526209074e-06
1118,pop7,2,0.00046050548553466797,2.7418136596679688e-06
1118,pop6,1,0.0007750988006591797,0.0
1118,pop42,4,0.0005254745483398438,0.00015279599244637717
1118,pop50,1,0.00044608116149902344,0.0
1119,pop21,2,0.00039458274841308594,6.723403930664062e-05
1119,pop23,1,0.0004608631134033203,0.0
1119,pop16,1,0.0004477500915527344,0.0
1119,pop50,4,0.00048273801803588867,7.635396872412309e-05
1119,pop32,1,0.0004336833953857422,0.0
1120,pop20,3,0.00041254361470540363,3.710676244473403e-05
1120,pop46,1,0.00045752525329589844,0.0
1120,pop51,1,0.0004525184631347656,0.0
1120,pop47,1,0.00044083595275878906,0.0
1120,pop53,1,0.0004544258117675781,0.0
1120,pop1,3,0.0004603068033854167,5.149338446504252e-05
1120,pop0,1,0.0004181861877441406,0.0
1121,pop22,2,0.00038433074951171875,8.487701416015625e-05
1121,pop51,1,0.0004146099090576172,0.0
1121,pop50,1,0.0004456043243408203,0.0
1121,pop32,3,0.0005807876586914062,0.0001395040057795371
1122,pop50,2,0.0003579854965209961,9.644031524658203e-05
1122,pop52,1,0.0004401206970214844,0.0
1122,pop13,3,0.0005654493967692057,0.00011856562304431666
1123,pop25,2,0.00038802623748779297,9.429454803466797e-05
1123,pop17,1,0.00042629241943359375,0.0
1123,pop50,4,0.0004949569702148438,0.00010930692327332944
1123,pop52,1,0.0004527568817138672,0.0
1123,pop34,1,0.0004172325134277344,0.0
1124,pop14,2,0.00043129920959472656,2.9325485229492188e-05
1124,pop50,1,0.0004165172576904297,0.0
1124,pop51,1,0.000457763671875,0.0
1124,pop29,4,0.0005536079406738281,0.00011381996591372158
1125,pop50,2,0.0003820657730102539,8.83340835571289e-05
1125,pop51,3,0.00043503443400065106,1.7031313822229755e-05
1125,pop9,2,0.0005295276641845703,0.00012302398681640625
1125,pop36,4,0.0005724430084228516,0.0001509000327909931
1126,pop4,4,0.0004163384437561035,0.0001678111480870639
1126,pop51,1,0.0004181861877441406,0.0
1127,pop13,3,0.00043845176696777344,2.818049781494397e-05
1127,pop52,1,0.00044727325439453125,0.0
1127,pop50,2,0.0006489753723144531,0.00022792816162109375
1127,pop14,1,0.00041604042053222656,0.0
1127,pop27,1,0.00044536590576171875,0.0
1127,pop44,1,0.00035071372985839844,0.0
1127,pop39,1,0.00045299530029296875,0.0
1127,pop38,1,0.00041365623474121094,0.0
1128,pop57,2,0.0004200935363769531,4.744529724121094e-05
1128,pop56,1,0.00042247772216796875,0.0
1128,pop55,1,0.0004417896270751953,0.0
1128,pop50,4,0.0005259513854980469,0.00015590916262475733
1128,pop51,1,0.0004096031188964844,0.0
1128,pop29,1,0.0004394054412841797,0.0
1129,pop6,5,0.00045285224914550783,0.00012965311938738314
1129,pop7,1,0.0004124641418457031,0.0
1129,pop53,1,0.0004482269287109375,0.0
1129,pop50,1,0.00043272972106933594,0.0
1129,pop32,1,0.0003979206085205078,0.0
1130,pop20,2,0.0003656148910522461,7.283687591552734e-05
1130,pop46,1,0.00042319297790527344,0.0
1130,pop51,1,0.0004718303680419922,0.0
1130,pop43,2,0.00042808055877685547,2.4199485778808594e-05
1130,pop42,2,0.0006771087646484375,0.00011754035949707031
1131,pop14,2,0.00038945674896240234,5.805492401123047e-05
1131,pop27,4,0.0004849433898925781,9.390227046678281e-05
1131,pop44,1,0.0004184246063232422,0.0
1131,pop39,1,0.00043892860412597656,0.0
1132,pop4,2,0.00039839744567871094,3.170967102050781e-05
1132,pop51,1,0.00044846534729003906,0.0
1132,pop47,1,0.00045418739318847656,0.0
1132,pop53,1,0.0004076957702636719,0.0
1132,pop1,4,0.0004557967185974121,6.679260962557034e-05
1132,pop0,1,0.0003974437713623047,0.0
1133,pop13,5,0.0004498004913330078,0.00013092845653602908
1133,pop52,1,0.0004413127899169922,0.0
1133,pop51,1,0.0004150867462158203,0.0
1133,pop9,1,0.0004343986511230469,0.0
1134,pop20,5,0.00040383338928222655,0.00014263524950744563
1134,pop46,1,0.0004432201385498047,0.0
1134,pop45,1,0.0004162788391113281,0.0
1135,pop19,2,0.0003973245620727539,4.756450653076172e-05
1135,pop51,1,0.0004322528839111328,0.0
1135,pop47,1,0.0004489421844482422,0.0
1135,pop53,1,0.00042176246643066406,0.0
1135,pop1,2,0.0004546642303466797,1.0251998901367188e-05
1135,pop15,3,0.0005466143290201823,8.19712370124064e-05
1136,pop20,2,0.0003224611282348633,0.00012171268463134766
1136,pop46,2,0.00042998790740966797,2.849102020263672e-05
1136,pop51,3,0.00044655799865722656,1.778097566793831e-05
1136,pop9,2,0.0005565881729125977,0.00011265277862548828
1136,pop43,4,0.00043886899948120117,1.7351709602725203e-05
1136,pop40,1,0.0007512569427490234,0.0
1136,pop42,2,0.0005815029144287109,0.00014281272888183594
1137,pop21,2,0.00041472911834716797,2.9921531677246094e-05
1137,pop23,1,0.00044083595275878906,0.0
1137,pop16,1,0.00043487548828125,0.0
1137,pop50,3,0.00044735272725423175,4.6449150073377155e-06
1137,pop17,1,0.0004703998565673828,0.0
1137,pop31,2,0.0005363225936889648,0.00012242794036865234
1137,pop30,1,0.0003514289855957031,0.0
1137,pop48,1,0.0004203319549560547,0.0
1137,pop49,1,0.0004699230194091797,0.0
1138,pop22,3,0.0003928343454996745,6.025416084303301e-05
1138,pop51,1,0.000457763671875,0.0
1138,pop50,2,0.00042700767517089844,2.5987625122070312e-05
1138,pop17,1,0.0004456043243408203,0.0
1138,pop31,2,0.0005391836166381836,3.421306610107422e-05
1139,pop20,4,0.0005002021789550781,0.00015848802192996845
1139,pop46,4,0.0004531741142272949,7.956494519733305e-06
1139,pop51,5,0.00044608116149902344,1.4240596234983234e-05
1139,pop29,2,0.0005786418914794922,0.0001850128173828125
1139,pop52,2,0.00044286251068115234,1.7762184143066406e-05
1139,pop54,1,0.0008234977722167969,0.0
1139,pop22,1,0.0004961490631103516,0.0
1139,pop21,1,0.0004296302795410156,0.0
1139,pop23,1,0.0007989406585693359,0.0
1139,pop16,1,0.0004391670227050781,0.0
1139,pop50,1,0.0004360675811767578,0.0
1139,pop53,2,0.0004374980926513672,3.7670135498046875e-05
1139,pop7,2,0.0004591941833496094,9.5367431640625e-07
1139,pop6,2,0.0008051395416259766,4.220008850097656e-05
1139,pop47,1,0.0004317760467529297,0.0
1140,pop33,4,0.0003909468650817871,9.236010415620358e-05
1140,pop50,2,0.0005719661712646484,0.00011539459228515625
1140,pop17,1,0.000392913818359375,0.0
1140,pop31,1,0.00043773651123046875,0.0
1141,pop50,5,0.0004624843597412109,0.00015048004645735818
1141,pop53,1,0.0004298686981201172,0.0
1141,pop42,1,0.0004360675811767578,0.0
1142,pop21,2,0.0003820657730102539,6.258487701416016e-05
1142,pop22,1,0.0004668235778808594,0.0
1142,pop51,1,0.0004143714904785156,0.0
1142,pop43,3,0.0005058447519938151,8.384661647392396e-05
1142,pop42,1,0.0003936290740966797,0.0
1143,pop29,2,0.00036466121673583984,7.593631744384766e-05
1143,pop51,1,0.0004322528839111328,0.0
1143,pop50,3,0.00048065185546875,7.669991525650675e-05
1143,pop32,1,0.00043010711669921875,0.0
1144,pop45,2,0.00036847591400146484,6.639957427978516e-05
1144,pop46,1,0.0004436969757080078,0.0
1144,pop51,1,0.0004177093505859375,0.0
1144,pop50,2,0.00044906139373779297,6.556510925292969e-06
1144,pop17,1,0.00041365623474121094,0.0
1144,pop31,2,0.0006532669067382812,0.0001494884490966797
1145,pop54,2,0.0003870725631713867,4.875659942626953e-05
1145,pop52,1,0.0004477500915527344,0.0
1145,pop51,1,0.0004334449768066406,0.0
1145,pop46,5,0.0004604339599609375,6.180320971721719e-05
1145,pop45,2,0.0005301237106323242,0.0001055002212524414
1146,pop57,2,0.00030994415283203125,0.00012493133544921875
1146,pop48,3,0.0004882017771402995,8.497481063775063e-05
1146,pop30,1,0.00044536590576171875,0.0
1146,pop31,1,0.00039458274841308594,0.0
1147,pop6,3,0.0004143714904785156,3.581255522788236e-05
1147,pop7,1,0.0004248619079589844,0.0
1147,pop53,1,0.00041794776916503906,0.0
1147,pop47,1,0.0004591941833496094,0.0
1147,pop51,3,0.00041182835896809894,9.360944831674313e-06
1147,pop8,2,0.0005242824554443359,0.00011038780212402344
1147,pop36,3,0.0006798903147379557,0.00019670638942761372
1148,pop14,2,0.00040161609649658203,4.756450653076172e-05
1148,pop50,1,0.0004429817199707031,0.0
1148,pop51,4,0.0004343390464782715,1.0160625315021894e-05
1148,pop46,3,0.000433047612508138,1.5736027593663455e-05
1148,pop45,2,0.0005421638488769531,0.00012302398681640625
1148,pop43,1,0.0006079673767089844,0.0
1148,pop36,4,0.0005818605422973633,0.00015447302389252722
1149,pop20,5,0.0004523277282714844,0.00013754767666508425
1149,pop46,1,0.00040531158447265625,0.0
1149,pop51,1,0.00044846534729003906,0.0
1149,pop43,1,0.0004668235778808594,0.0
1149,pop40,1,0.0004410743713378906,0.0
1150,pop12,2,0.0004347562789916992,2.0623207092285156e-05
1150,pop52,1,0.0004487037658691406,0.0
1150,pop50,1,0.0004267692565917969,0.0
1150,pop14,1,0.00047016143798828125,0.0
1150,pop27,4,0.0005059242248535156,0.00011816412997853454
1150,pop44,1,0.0004341602325439453,0.0
1150,pop39,1,0.00041604042053222656,0.0
1150,pop38,1,0.0004398822784423828,0.0
1151,pop8,2,0.0003762245178222656,7.62939453125e-05
1151,pop51,1,0.00047898292541503906,0.0
1151,pop50,1,0.00047087669372558594,0.0
1151,pop32,4,0.0005193352699279785,8.782584118844738e-05
1152,pop13,3,0.0003654162089029948,0.00011080699935385574
1152,pop52,1,0.0004229545593261719,0.0
1152,pop51,2,0.0006186962127685547,0.00021791458129882812
1152,pop19,2,0.00043201446533203125,1.4066696166992188e-05
1152,pop18,2,0.00043213367462158203,6.318092346191406e-06
1152,pop38,3,0.000549475351969401,6.494688195936279e-05
1153,pop33,2,0.0007250308990478516,0.0002651214599609375
1153,pop50,3,0.0005717277526855469,0.00019238749430719603
1153,pop51,1,0.0003986358642578125,0.0
1153,pop8,1,0.00043392181396484375,0.0
1154,pop57,2,0.00037217140197753906,8.487701416015625e-05
1154,pop56,1,0.000469207763671875,0.0
1154,pop55,3,0.0005205472310384115,0.00012143681808632125
1154,pop50,1,0.0004444122314453125,0.0
1154,pop14,1,0.0004494190216064453,0.0
1154,pop24,1,0.0004038810729980469,0.0
1155,pop19,2,0.00043141841888427734,5.3763389587402344e-05
1155,pop18,4,0.0004578232765197754,6.135339190723366e-05
1155,pop38,1,0.0004341602325439453,0.0
1156,pop6,5,0.0004980087280273438,0.00014926201951986808
1156,pop7,1,0.00049591064453125,0.0
1156,pop53,1,0.00041675567626953125,0.0
1156,pop50,1,0.00042057037353515625,0.0
1156,pop14,1,0.0004329681396484375,0.0
1156,pop27,1,0.0004458427429199219,0.0
1156,pop44,1,0.0004203319549560547,0.0
1156,pop39,1,0.0004458427429199219,0.0
1156,pop38,1,0.0004093647003173828,0.0
1157,pop14,2,0.00033092498779296875,0.00013947486877441406
1157,pop50,2,0.0004317760467529297,1.1205673217773438e-05
1157,pop32,3,0.0005785624186197916,0.0001468996856007935
1158,pop13,2,0.00030672550201416016,0.00016033649444580078
1158,pop52,3,0.00045259793599446613,6.332944810592822e-06
1158,pop12,2,0.0006093978881835938,0.00017595291137695312
1158,pop51,2,0.0004373788833618164,2.7298927307128906e-05
1158,pop4,4,0.0004985928535461426,0.00013494906223231724
1159,pop0,4,0.0004673004150390625,0.00015063139787058387
1159,pop1,1,0.00045609474182128906,0.0
1159,pop53,1,0.0004107952117919922,0.0
1159,pop50,1,0.0004425048828125,0.0
1159,pop32,1,0.0003693103790283203,0.0
1160,pop44,2,0.00039207935333251953,7.402896881103516e-05
1160,pop27,3,0.0005486806233723959,0.00015837172339156313
1160,pop14,1,0.0004496574401855469,0.0
1160,pop50,1,0.00041961669921875,0.0
1160,pop52,1,0.00045228004455566406,0.0
1160,pop54,1,0.0004169940948486328,0.0
1161,pop22,4,0.000425875186920166,3.805199922570388e-05
1161,pop51,1,0.0004355907440185547,0.0
1161,pop50,2,0.0005805492401123047,0.0001544952392578125
1161,pop17,1,0.0004367828369140625,0.0
1161,pop31,1,0.0004019737243652344,0.0
1161,pop30,1,0.0004334449768066406,0.0
1161,pop48,1,0.0004360675811767578,0.0
1161,pop49,1,0.00041174888610839844,0.0
1162,pop19,2,0.00036537647247314453,0.00010573863983154297
1162,pop51,1,0.0004532337188720703,0.0
1162,pop52,1,0.00045609474182128906,0.0
1162,pop13,4,0.0005341768264770508,0.00013056824296109218
1163,pop25,2,0.0003541707992553711,0.00012171268463134766
1163,pop17,1,0.00042057037353515625,0.0
1163,pop50,4,0.00047528743743896484,8.037544351956439e-05
1163,pop32,1,0.0004317760467529297,0.0
1164,pop21,2,0.0004215240478515625,4.4345855712890625e-05
1164,pop23,1,0.0004067420959472656,0.0
1164,pop16,1,0.0004558563232421875,0.0
1164,pop50,1,0.00042891502380371094,0.0
1164,pop14,1,0.0004200935363769531,0.0
1164,pop27,3,0.0005069573720296224,7.924906692274737e-05
1164,pop44,3,0.000431060791015625,1.480884566618875e-05
1164,pop39,4,0.0004898309707641602,8.645057349460131e-05
1165,pop6,5,0.0004991531372070312,0.00015035232880847665
1165,pop7,1,0.00043487548828125,0.0
1165,pop53,1,0.00041031837463378906,0.0
1165,pop47,1,0.0004062652587890625,0.0
1165,pop51,1,0.0004105567932128906,0.0
1165,pop46,1,0.00045418739318847656,0.0
1165,pop45,1,0.0004477500915527344,0.0
1166,pop14,2,0.00044155120849609375,1.9788742065429688e-05
1166,pop50,3,0.0005498727162679037,0.00015679296341647108
1166,pop17,1,0.00046539306640625,0.0
1166,pop31,1,0.0004410743713378906,0.0
1166,pop30,1,0.00038886070251464844,0.0
1166,pop48,1,0.0004363059997558594,0.0
1166,pop49,1,0.0004475116729736328,0.0
1167,pop44,2,0.0003496408462524414,0.0001398324966430664
1167,pop45,2,0.0005872249603271484,0.0001323223114013672
1167,pop46,3,0.0004245440165201823,1.8856014134459198e-05
1167,pop51,2,0.0004540681838989258,6.556510925292969e-06
1167,pop43,3,0.0005310376485188802,0.00011492539438030055
1168,pop45,2,0.0003273487091064453,0.00012183189392089844
1168,pop46,2,0.000431060791015625,1.5497207641601562e-05
1168,pop51,3,0.00044496854146321613,8.104673248279546e-06
1168,pop9,2,0.0006333589553833008,0.00020182132720947266
1168,pop50,4,0.0004988908767700195,0.00010043472847123136
1168,pop14,2,0.00041663646697998047,1.1086463928222656e-05
1168,pop24,1,0.0007417201995849609,0.0
1169,pop54,2,0.0004298686981201172,3.075599670410156e-05
1169,pop52,1,0.00042819976806640625,0.0
1169,pop50,4,0.0005199313163757324,0.00013993996474666152
1169,pop14,1,0.00042700767517089844,0.0
1169,pop27,1,0.00043272972106933594,0.0
1169,pop44,1,0.0004127025604248047,0.0
1169,pop39,1,0.0004296302795410156,0.0
1170,pop22,2,0.000828862190246582,0.00036275386810302734
1170,pop51,1,0.0004336833953857422,0.0
1170,pop50,1,0.0004489421844482422,0.0
1170,pop14,1,0.0004436969757080078,0.0
1170,pop27,4,0.00048542022705078125,9.053300030282039e-05
1170,pop44,1,0.00042366981506347656,0.0
1170,pop39,1,0.00043702125549316406,0.0
1171,pop25,2,0.00039005279541015625,8.845329284667969e-05
1171,pop17,1,0.0004372596740722656,0.0
1171,pop50,1,0.00046062469482421875,0.0
1171,pop52,3,0.00043280919392903644,1.4515930482803586e-05
1171,pop54,2,0.0006074905395507812,0.0001819133758544922
1171,pop51,1,0.0004200935363769531,0.0
1171,pop43,4,0.00044715404510498047,2.631556879732051e-05
1171,pop40,1,0.0008180141448974609,0.0
1171,pop42,2,0.0005283355712890625,0.0001220703125
1171,pop53,1,0.0004448890686035156,0.0
1172,pop4,5,0.0004942893981933593,0.00014261683655918234
1172,pop51,1,0.00046634674072265625,0.0
1172,pop47,1,0.0004527568817138672,0.0
1172,pop53,1,0.00043702125549316406,0.0
1172,pop1,1,0.0004127025604248047,0.0
1172,pop0,1,0.0004417896270751953,0.0
1173,pop12,2,0.0003908872604370117,8.213520050048828e-05
1173,pop52,1,0.00042438507080078125,0.0
1173,pop53,3,0.0004512468973795573,3.7960916685519006e-05
1173,pop1,5,0.00043992996215820314,2.5168421034389858e-05
1173,pop15,2,0.0006388425827026367,0.00020945072174072266
1173,pop47,2,0.00043261051177978516,1.1086463928222656e-05
1173,pop51,2,0.00043332576751708984,3.159046173095703e-05
1173,pop4,2,0.00043761730194091797,1.4185905456542969e-05
1173,pop5,2,0.0007785558700561523,7.748603820800781e-06
1174,pop8,2,0.0004235506057739258,4.8041343688964844e-05
1174,pop51,1,0.00045609474182128906,0.0
1174,pop50,3,0.0005312760670979818,0.0001825518746977375
1174,pop17,1,0.0004076957702636719,0.0
1174,pop31,1,0.00044035911560058594,0.0
1174,pop30,1,0.0004572868347167969,0.0
1174,pop48,1,0.0004138946533203125,0.0
1174,pop49,1,0.00039267539978027344,0.0
1175,pop33,2,0.0003948211669921875,7.677078247070312e-05
1175,pop50,1,0.0004303455352783203,0.0
1175,pop14,1,0.0004432201385498047,0.0
1175,pop27,3,0.0004761219024658203,4.1650299600292664e-05
1175,pop44,1,0.0004353523254394531,0.0
1176,pop6,3,0.00040539105733235675,5.651453578690499e-05
1176,pop7,1,0.0004515647888183594,0.0
1176,pop53,2,0.0004405975341796875,8.106231689453125e-06
1176,pop47,1,0.00041675567626953125,0.0
1176,pop51,4,0.00044786930084228516,1.5043532209544137e-05
1176,pop9,2,0.0005539655685424805,0.0001157522201538086
1176,pop52,3,0.0004515647888183594,1.8076887653146998e-05
1176,pop37,1,0.0008025169372558594,0.0
1176,pop41,1,0.0007665157318115234,0.0
1176,pop40,1,0.0004467964172363281,0.0
1176,pop43,2,0.00042307376861572266,1.4901161193847656e-05
1176,pop55,1,0.0006761550903320312,0.0
1176,pop50,2,0.0005412101745605469,0.00017976760864257812
1177,pop45,2,0.00036406517028808594,9.298324584960938e-05
1177,pop46,1,0.0004172325134277344,0.0
1177,pop51,1,0.0004603862762451172,0.0
1177,pop52,3,0.0004239082336425781,1.2765231453743784e-06
1177,pop34,2,0.000571131706237793,0.0001348257064819336
1177,pop50,4,0.0005016922950744629,0.0001327245816901107
1178,pop54,2,0.00043392181396484375,3.4332275390625e-05
1178,pop52,1,0.0004208087921142578,0.0
1178,pop55,1,0.00043582916259765625,0.0
1178,pop56,1,0.00041174888610839844,0.0
1178,pop48,4,0.00046569108963012695,6.901123997049716e-05
1178,pop49,1,0.00040435791015625,0.0
1179,pop22,4,0.0004456043243408203,0.00014327181247529003
1179,pop51,1,0.0003871917724609375,0.0
1179,pop52,1,0.00041222572326660156,0.0
1179,pop13,1,0.00039458274841308594,0.0
1180,pop13,2,0.0003439188003540039,8.785724639892578e-05
1180,pop52,1,0.0004398822784423828,0.0
1180,pop53,1,0.0004451274871826172,0.0
1180,pop42,4,0.0005601048469543457,0.00014604538003800156
1181,pop25,2,0.00032317638397216797,0.0001207590103149414
1181,pop17,1,0.00044536590576171875,0.0
1181,pop50,3,0.00048359235127766925,6.260756681773167e-05
1181,pop32,1,0.00042724609375,0.0
1182,pop33,3,0.0004265308380126953,4.2248328343757524e-05
1182,pop50,1,0.0004489421844482422,0.0
1182,pop14,1,0.0004248619079589844,0.0
1182,pop27,3,0.0005432764689127604,0.00017536820560789753
1182,pop44,1,0.0004353523254394531,0.0
1182,pop39,1,0.0004220008850097656,0.0
1182,pop38,1,0.00041604042053222656,0.0
1183,pop0,2,0.00035560131072998047,9.143352508544922e-05
1183,pop1,1,0.00046443939208984375,0.0
1183,pop53,1,0.000469207763671875,0.0
1183,pop47,1,0.0004189014434814453,0.0
1183,pop51,2,0.0008431673049926758,0.0004121065139770508
1183,pop52,1,0.0004191398620605469,0.0
1183,pop55,2,0.00043320655822753906,4.0531158447265625e-06
1183,pop56,1,0.00046563148498535156,0.0
1183,pop48,2,0.0004391670227050781,6.198883056640625e-06
1183,pop49,3,0.000591278076171875,0.0001240094462022061
1183,pop30,1,0.0004277229309082031,0.0
1183,pop31,1,0.0004343986511230469,0.0
1183,pop17,1,0.0004489421844482422,0.0
1183,pop50,1,0.0004038810729980469,0.0
1184,pop50,2,0.00040471553802490234,5.447864532470703e-05
1184,pop51,1,0.0004513263702392578,0.0
1184,pop43,4,0.0004590749740600586,4.9476738194690866e-05
1184,pop40,2,0.0005815029144287109,0.0001595020294189453
1185,pop21,2,0.0003628730773925781,7.963180541992188e-05
1185,pop22,2,0.00043511390686035156,1.1920928955078125e-06
1185,pop51,3,0.0004451274871826172,1.973072801422662e-05
1185,pop43,4,0.0004404783248901367,2.3644043935869594e-05
1185,pop40,2,0.0005857944488525391,0.0001862049102783203
1185,pop50,2,0.0006295442581176758,0.00018155574798583984
1186,pop14,2,0.0003916025161743164,5.233287811279297e-05
1186,pop27,3,0.0004875659942626953,9.441074694063098e-05
1186,pop44,1,0.0004134178161621094,0.0
1186,pop39,1,0.0004305839538574219,0.0
1187,pop29,5,0.00047235488891601564,0.0001452542882230627
1187,pop51,1,0.0004227161407470703,0.0
1187,pop50,1,0.00044035911560058594,0.0
1187,pop32,1,0.0004177093505859375,0.0
1188,pop20,5,0.0004077434539794922,0.00013837888271836185
1188,pop46,1,0.00044035911560058594,0.0
1188,pop45,1,0.00037932395935058594,0.0
1189,pop0,5,0.0005009174346923828,0.00015675088724149155
1189,pop1,1,0.000408172607421875,0.0
1189,pop53,1,0.00040984153747558594,0.0
1189,pop47,1,0.0004410743713378906,0.0
1189,pop51,1,0.000415802001953125,0.0
1189,pop29,1,0.00043654441833496094,0.0
1190,pop14,2,0.00034999847412109375,8.7738037109375e-05
1190,pop50,1,0.0004565715789794922,0.0
1190,pop53,1,0.0004425048828125,0.0
1190,pop42,3,0.0005021890004475912,5.473124540319857e-05
1191,pop57,2,0.00034940242767333984,0.0001138448715209961
1191,pop56,1,0.00045299530029296875,0.0
1191,pop55,3,0.0004932085673014323,0.0001287346018516456
1191,pop50,1,0.0003981590270996094,0.0
1191,pop32,1,0.00040030479431152344,0.0
1192,pop4,3,0.0004048347473144531,4.4760508723293565e-05
1192,pop51,1,0.0004551410675048828,0.0
1192,pop47,1,0.000400543212890625,0.0
1192,pop53,1,0.0004296302795410156,0.0
1192,pop1,3,0.00047771135965983075,6.423727881399715e-05
1192,pop15,1,0.00043201446533203125,0.0
1193,pop12,2,0.00041747093200683594,5.698204040527344e-05
1193,pop52,1,0.00044655799865722656,0.0
1193,pop50,3,0.0005553563435872396,0.00015011213596174337
1193,pop14,1,0.0004055500030517578,0.0
1193,pop27,1,0.00043511390686035156,0.0
1193,pop44,1,0.00042319297790527344,0.0
1193,pop39,1,0.0004284381866455078,0.0
1193,pop38,1,0.0004050731658935547,0.0
1194,pop6,5,0.000432586669921875,0.00011490683286054606
1194,pop7,1,0.0004291534423828125,0.0
1194,pop53,1,0.00044465065002441406,0.0
1194,pop52,1,0.0004267692565917969,0.0
1194,pop13,1,0.0003962516784667969,0.0
1195,pop45,2,0.0003637075424194336,9.715557098388672e-05
1195,pop46,3,0.0005339781443277994,0.0001375553760056946
1195,pop51,1,0.00041794776916503906,0.0
1195,pop52,1,0.00045228004455566406,0.0
1195,pop13,1,0.0003859996795654297,0.0
1196,pop22,3,0.0004151662190755208,3.040332899162103e-05
1196,pop51,1,0.0004062652587890625,0.0
1196,pop50,2,0.0006288290023803711,0.0001901388168334961
1196,pop14,1,0.00045180320739746094,0.0
1196,pop27,1,0.0004143714904785156,0.0
1196,pop44,1,0.0004496574401855469,0.0
1196,pop39,1,0.00040602684020996094,0.0
1197,pop21,2,0.00037169456481933594,6.437301635742188e-05
1197,pop22,1,0.0004515647888183594,0.0
1197,pop51,1,0.0004267692565917969,0.0
1197,pop52,3,0.0004506111145019531,5.18343412371328e-06
1197,pop12,2,0.0005968809127807617,0.0001875162124633789
1197,pop50,3,0.00044083595275878906,2.2553775905135795e-05
1197,pop16,2,0.00045049190521240234,1.1801719665527344e-05
1197,pop23,1,0.0007848739624023438,0.0
1197,pop55,2,0.0005613565444946289,0.00011289119720458984
1198,pop25,2,0.00039124488830566406,8.082389831542969e-05
1198,pop17,1,0.00043010711669921875,0.0
1198,pop50,4,0.0004976987838745117,0.0001321693451267207
1198,pop52,1,0.00045037269592285156,0.0
1198,pop34,1,0.00043773651123046875,0.0
1199,pop33,4,0.0005127787590026855,0.00019557048750098126
1199,pop50,1,0.00044226646423339844,0.0
1199,pop17,1,0.000423431396484375,0.0
1199,pop31,1,0.00042557716369628906,0.0
1199,pop30,1,0.00044155120849609375,0.0
1199,pop48,1,0.0004012584686279297,0.0
1199,pop49,1,0.0004172325134277344,0.0
1200,pop20,4,0.0005219578742980957,0.0001672836716818196
1200,pop46,1,0.0003933906555175781,0.0
1200,pop51,1,0.000415802001953125,0.0
1200,pop47,1,0.0004100799560546875,0.0
1200,pop53,1,0.0004200935363769531,0.0
1200,pop1,1,0.00041604042053222656,0.0
1200,pop0,1,0.00042557716369628906,0.0
1201,pop0,2,0.0004086494445800781,6.198883056640625e-05
1201,pop1,1,0.0004565715789794922,0.0
1201,pop53,1,0.0004076957702636719,0.0
1201,pop50,1,0.0004513263702392578,0.0
1201,pop14,1,0.0004668235778808594,0.0
1201,pop27,4,0.000476837158203125,6.388350083410537e-05
1201,pop44,1,0.000415802001953125,0.0
1202,pop57,2,0.00039696693420410156,6.151199340820312e-05
1202,pop56,1,0.0004563331604003906,0.0
1202,pop55,1,0.0004172325134277344,0.0
1202,pop50,1,0.00047016143798828125,0.0
1202,pop14,1,0.0003962516784667969,0.0
1202,pop27,3,0.0004894733428955078,7.53734612089998e-05
1202,pop44,1,0.0004329681396484375,0.0
1203,pop19,2,0.0003712177276611328,8.678436279296875e-05
1203,pop51,1,0.0004417896270751953,0.0
1203,pop52,3,0.0004189014434814453,1.0657070464433198e-05
1203,pop34,2,0.0005689859390258789,0.00013244152069091797
1203,pop50,3,0.0005242824554443359,0.00013001196335299368
1204,pop22,5,0.0004535675048828125,0.0001144573676684708
1204,pop51,1,0.0004410743713378906,0.0
1204,pop46,1,0.00041413307189941406,0.0
1204,pop45,1,0.000431060791015625,0.0
1205,pop21,2,0.0004177093505859375,4.601478576660156e-05
1205,pop23,1,0.000446319580078125,0.0
1205,pop16,1,0.0004291534423828125,0.0
1205,pop50,4,0.0005118846893310547,0.0001658764602231289
1205,pop17,1,0.0004267692565917969,0.0
1205,pop31,1,0.0004220008850097656,0.0
1205,pop30,1,0.0004134178161621094,0.0
1205,pop48,1,0.0004723072052001953,0.0
1205,pop49,1,0.0004394054412841797,0.0
1206,pop25,2,0.0003764629364013672,9.393692016601562e-05
1206,pop17,1,0.0004341602325439453,0.0
1206,pop50,1,0.00045299530029296875,0.0
1206,pop52,3,0.0004279613494873047,3.198246980134513e-05
1206,pop34,2,0.0005742311477661133,0.00018799304962158203
1206,pop51,2,0.00042307376861572266,1.1920928955078125e-07
1206,pop43,3,0.0006306966145833334,0.00013893024277599364
1207,pop44,2,0.0003718137741088867,0.00011050701141357422
1207,pop27,4,0.00047850608825683594,9.732400008899959e-05
1207,pop14,1,0.0004019737243652344,0.0
1207,pop50,1,0.00037670135498046875,0.0
1207,pop32,1,0.0004570484161376953,0.0
1208,pop50,4,0.0005069375038146973,0.00015534231772556414
1208,pop14,3,0.0004417896270751953,2.0346293808872855e-05
1208,pop27,5,0.0004307270050048828,1.875528507731105e-05
1208,pop44,2,0.0005795955657958984,0.0001399517059326172
1209,pop33,3,0.00037519137064615887,0.00010750366318653798
1209,pop50,1,0.00044918060302734375,0.0
1209,pop51,2,0.0005788803100585938,0.0001842975616455078
1209,pop47,2,0.00045228004455566406,1.0013580322265625e-05
1209,pop53,2,0.0004197359085083008,5.125999450683594e-06
1209,pop1,2,0.0005688667297363281,0.00014138221740722656
1210,pop0,5,0.00041446685791015627,0.00014071040371713494
1210,pop1,1,0.0004496574401855469,0.0
1210,pop15,1,0.0004191398620605469,0.0
1211,pop22,2,0.0003609657287597656,0.00011658668518066406
1211,pop51,3,0.00043074289957682293,1.03198499603162e-05
1211,pop43,5,0.0004627704620361328,2.2748181200730134e-05
1211,pop40,2,0.0005974769592285156,0.00016808509826660156
1211,pop52,2,0.0004349946975708008,1.1920928955078125e-07
1211,pop37,1,0.0008459091186523438,0.0
1211,pop50,2,0.0006259679794311523,0.00017917156219482422
1212,pop14,2,0.00039887428283691406,5.8650970458984375e-05
1212,pop27,3,0.0004944801330566406,9.311296104162113e-05
1212,pop44,1,0.00044536590576171875,0.0
1212,pop39,1,0.00041413307189941406,0.0
1213,pop19,2,0.000983119010925293,0.0005027055740356445
1213,pop51,1,0.0004329681396484375,0.0
1213,pop47,1,0.0004482269287109375,0.0
1213,pop53,1,0.00039887428283691406,0.0
1213,pop1,5,0.00046858787536621096,6.610906543621668e-05
1213,pop15,2,0.0006188154220581055,0.00018727779388427734
1214,pop25,2,0.00037467479705810547,8.857250213623047e-05
1214,pop17,1,0.00041413307189941406,0.0
1214,pop50,3,0.00043773651123046875,2.0388157698105095e-05
1214,pop52,3,0.0004478295644124349,1.440586707995673e-05
1214,pop13,3,0.0005401770273844401,0.000187003911379323
1214,pop14,2,0.0004258155822753906,2.384185791015625e-07
1214,pop27,3,0.0005300045013427734,0.00013059695503450628
1215,pop50,3,0.0004093647003173828,4.141809495853278e-05
1215,pop51,1,0.000492095947265625,0.0
1215,pop46,3,0.00048581759134928387,6.713909332066051e-05
1215,pop45,1,0.00043463706970214844,0.0
1216,pop33,3,0.00038131078084309894,8.836216987003631e-05
1216,pop50,1,0.0004703998565673828,0.0
1216,pop53,1,0.0004067420959472656,0.0
1216,pop42,3,0.0005633036295572916,9.106223462712482e-05
1217,pop8,2,0.0003237724304199219,0.000133514404296875
1217,pop51,3,0.0004458427429199219,1.0150771920812624e-05
1217,pop9,2,0.0005359649658203125,9.942054748535156e-05
1217,pop10,4,0.0005224943161010742,9.035883287718404e-05
1218,pop54,2,0.0004131793975830078,3.62396240234375e-05
1218,pop52,1,0.0004305839538574219,0.0
1218,pop51,3,0.00043845176696777344,1.6519270750988143e-05
1218,pop43,3,0.0004341602325439453,1.8861707527249765e-05
1218,pop40,2,0.0006339550018310547,0.000244140625
1218,pop50,4,0.0005333423614501953,0.00014977630858922298
1219,pop4,3,0.00035198529561360675,0.0001426491563944573
1219,pop51,3,0.00044473012288411457,1.379581089377653e-05
1219,pop9,2,0.000563502311706543,0.00012552738189697266
1219,pop52,1,0.00046253204345703125,0.0
1219,pop55,1,0.0006999969482421875,0.0
1219,pop50,4,0.0005197525024414062,0.00012822154730657653
1219,pop53,2,0.0004608631134033203,5.4836273193359375e-06
1219,pop47,1,0.0008275508880615234,0.0
1220,pop12,2,0.00038552284240722656,8.606910705566406e-05
1220,pop52,1,0.0004200935363769531,0.0
1220,pop53,1,0.0004546642303466797,0.0
1220,pop1,3,0.0004220008850097656,1.5765700836690594e-05
1220,pop15,2,0.0006712675094604492,0.0001207590103149414
1221,pop6,5,0.0004631996154785156,0.00011752845247324506
1221,pop7,1,0.0004360675811767578,0.0
1221,pop53,1,0.0004324913024902344,0.0
1221,pop50,1,0.0004096031188964844,0.0
1221,pop14,1,0.0004343986511230469,0.0
1221,pop24,1,0.00045752525329589844,0.0
1222,pop14,2,0.0003609657287597656,9.632110595703125e-05
1222,pop27,5,0.0004644870758056641,5.2739008850578925e-05
1222,pop44,2,0.0006045103073120117,0.00016510486602783203
1223,pop25,2,0.00036919116973876953,6.377696990966797e-05
1223,pop17,1,0.0004436969757080078,0.0
1223,pop50,1,0.00045418739318847656,0.0
1223,pop53,1,0.000415802001953125,0.0
1223,pop1,1,0.0004513263702392578,0.0
1223,pop15,4,0.0005472898483276367,0.0001410618690043932
1224,pop13,3,0.0003681182861328125,0.00012015776017441434
1224,pop52,2,0.0004481077194213867,1.728534698486328e-05
1224,pop51,3,0.0005425612131754557,0.00016160188027171458
1224,pop8,1,0.0008027553558349609,0.0
1224,pop55,3,0.00048232078552246094,6.799347874290659e-05
1224,pop56,2,0.00044667720794677734,1.728534698486328e-05
1224,pop57,1,0.0007476806640625,0.0
1224,pop50,1,0.0004367828369140625,0.0
1225,pop20,2,0.00037384033203125,7.43865966796875e-05
1225,pop46,1,0.0004088878631591797,0.0
1225,pop51,1,0.00041961669921875,0.0
1225,pop43,1,0.0004558563232421875,0.0
1225,pop42,4,0.000528872013092041,0.00010663567470140133
1226,pop57,2,0.00039327144622802734,4.6133995056152344e-05
1226,pop56,1,0.0004029273986816406,0.0
1226,pop55,1,0.0004191398620605469,0.0
1226,pop50,1,0.0004260540008544922,0.0
1226,pop51,1,0.0004646778106689453,0.0
1226,pop46,4,0.00047147274017333984,4.91496590240713e-05
1226,pop45,2,0.0006301403045654297,0.0001983642578125
1227,pop8,2,0.0004113912582397461,4.2557716369628906e-05
1227,pop51,1,0.0004477500915527344,0.0
1227,pop29,3,0.000576019287109375,0.0001388199555934448
1228,pop4,3,0.00040570894877115887,8.333342323016649e-05
1228,pop51,1,0.0004277229309082031,0.0
1228,pop50,2,0.0005228519439697266,0.00010228157043457031
1228,pop32,1,0.00043272972106933594,0.0
1229,pop6,2,0.0003294944763183594,0.00010132789611816406
1229,pop7,1,0.00045490264892578125,0.0
1229,pop53,2,0.0004481077194213867,1.2755393981933594e-05
1229,pop47,2,0.0005935430526733398,0.0001920461654663086
1229,pop51,4,0.0005277395248413086,0.00016952294489392783
1229,pop52,1,0.00043010711669921875,0.0
1229,pop55,2,0.00041663646697998047,1.0132789611816406e-05
1229,pop56,2,0.00044798851013183594,5.0067901611328125e-06
1229,pop57,1,0.0007107257843017578,0.0
1229,pop50,1,0.0005092620849609375,0.0
1229,pop29,1,0.0006821155548095703,0.0
1229,pop22,4,0.0004610419273376465,6.90289468938688e-05
1229,pop21,1,0.0006945133209228516,0.0
1230,pop21,2,0.00039386749267578125,5.030632019042969e-05
1230,pop23,1,0.0004684925079345703,0.0
1230,pop16,1,0.00037360191345214844,0.0
1230,pop50,3,0.000438690185546875,1.6113991974559596e-05
1230,pop14,1,0.00042748451232910156,0.0
1230,pop27,2,0.0005216598510742188,6.723403930664062e-05
1230,pop44,1,0.0004222393035888672,0.0
1231,pop8,2,0.00029265880584716797,0.00014960765838623047
1231,pop51,4,0.0004991292953491211,0.00010648432763338112
1231,pop47,1,0.0007793903350830078,0.0
1231,pop43,2,0.0004246234893798828,5.4836273193359375e-06
1231,pop11,1,0.0006270408630371094,0.0
1231,pop36,4,0.000557243824005127,0.00015803064122370928
1232,pop44,2,0.000400543212890625,4.696846008300781e-05
1232,pop27,4,0.0005128979682922363,0.00014780167262342324
1232,pop14,1,0.00042724609375,0.0
1232,pop50,1,0.00040984153747558594,0.0
1232,pop53,1,0.0004374980926513672,0.0
1232,pop1,1,0.0004482269287109375,0.0
1232,pop0,1,0.00039839744567871094,0.0
1233,pop0,4,0.00044918060302734375,0.00014032639883427173
1233,pop1,1,0.0004360675811767578,0.0
1233,pop53,1,0.0004360675811767578,0.0
1233,pop47,1,0.0004055500030517578,0.0
1233,pop51,1,0.00044918060302734375,0.0
1234,pop13,2,0.0003095865249633789,0.00013315677642822266
1234,pop52,4,0.00043952465057373047,2.0968300694945092e-05
1234,pop12,2,0.0005182027816772461,9.85860824584961e-05
1234,pop37,1,0.0007257461547851562,0.0
1234,pop51,7,0.0004321507045200893,1.9486609731491767e-05
1234,pop19,1,0.0007297992706298828,0.0
1234,pop47,1,0.0004515647888183594,0.0
1234,pop53,2,0.00043392181396484375,4.291534423828125e-06
1234,pop7,2,0.0005205869674682617,7.998943328857422e-05
1234,pop6,2,0.0005853176116943359,0.00012636184692382812
1234,pop50,7,0.0004857267652239118,0.00010543845982728297
1234,pop55,1,0.0008397102355957031,0.0
1234,pop29,1,0.0007870197296142578,0.0
1234,pop35,1,0.0007815361022949219,0.0
1234,pop9,1,0.0005991458892822266,0.0
1234,pop46,1,0.0008389949798583984,0.0
1235,pop4,2,0.0003107786178588867,0.00013172626495361328
1235,pop51,5,0.0004382610321044922,1.767542149443737e-05
1235,pop9,2,0.0005439519882202148,0.0001055002212524414
1235,pop52,1,0.0007746219635009766,0.0
1235,pop50,3,0.0004420280456542969,1.7879803904774356e-05
1235,pop14,2,0.00042426586151123047,1.7881393432617188e-06
1235,pop24,1,0.0007336139678955078,0.0
1235,pop53,2,0.00046384334564208984,5.960464477539062e-07
1235,pop7,1,0.0007872581481933594,0.0
1235,pop47,1,0.0004107952117919922,0.0
1235,pop8,1,0.0006809234619140625,0.0
1235,pop46,3,0.0005016326904296875,8.195220329705717e-05
1236,pop6,5,0.0004355907440185547,0.00013847559606805217
1236,pop7,1,0.0004093647003173828,0.0
1236,pop53,1,0.0004432201385498047,0.0
1236,pop1,1,0.00044727325439453125,0.0
1236,pop15,1,0.00040221214294433594,0.0
1237,pop21,2,0.0007976293563842773,0.0003591775894165039
1237,pop23,1,0.00044536590576171875,0.0
1237,pop16,1,0.00041413307189941406,0.0
1237,pop50,4,0.0005243420600891113,0.00016083514613135698
1237,pop14,1,0.0004551410675048828,0.0
1237,pop27,1,0.0004451274871826172,0.0
1237,pop44,1,0.00043129920959472656,0.0
1237,pop39,1,0.0004413127899169922,0.0
1238,pop29,2,0.00040853023529052734,4.7326087951660156e-05
1238,pop51,1,0.0004258155822753906,0.0
1238,pop50,4,0.0005083084106445312,0.00013129516544357957
1238,pop14,1,0.0004315376281738281,0.0
1238,pop27,1,0.00043892860412597656,0.0
1238,pop44,1,0.00041174888610839844,0.0
1239,pop19,2,0.0003453493118286133,9.381771087646484e-05
1239,pop51,3,0.000455935796101888,1.1406501209264853e-06
1239,pop43,4,0.0004881620407104492,9.69231640029307e-05
1239,pop40,2,0.0005078315734863281,7.224082946777344e-05
1239,pop50,2,0.0008291006088256836,2.5153160095214844e-05
1240,pop50,4,0.0004134178161621094,2.8615692729678412e-05
1240,pop17,1,0.0004634857177734375,0.0
1240,pop31,1,0.0004360675811767578,0.0
1240,pop30,1,0.00044417381286621094,0.0
1240,pop48,2,0.0005067586898803711,6.282329559326172e-05
1240,pop49,1,0.0004436969757080078,0.0
1241,pop6,2,0.0004315376281738281,3.075599670410156e-05
1241,pop7,1,0.0004677772521972656,0.0
1241,pop53,1,0.00046253204345703125,0.0
1241,pop50,3,0.0004475116729736328,2.1441771655957333e-05
1241,pop17,1,0.00045228004455566406,0.0
1241,pop31,1,0.00043272972106933594,0.0
1241,pop30,1,0.0004620552062988281,0.0
1241,pop48,2,0.0004845857620239258,7.140636444091797e-05
1241,pop49,1,0.0004298686981201172,0.0
1242,pop21,2,0.0004096031188964844,4.9591064453125e-05
1242,pop22,4,0.0005254745483398438,0.00015320800896397884
1242,pop51,1,0.000446319580078125,0.0
1242,pop29,1,0.0004353523254394531,0.0
1243,pop45,2,0.0003731250762939453,9.942054748535156e-05
1243,pop46,1,0.00045871734619140625,0.0
1243,pop51,1,0.00043892860412597656,0.0
1243,pop52,4,0.0004519820213317871,7.676513648151999e-06
1243,pop12,2,0.0005145072937011719,9.059906005859375e-05
1243,pop37,1,0.0007555484771728516,0.0
1243,pop55,2,0.00042366981506347656,1.5974044799804688e-05
1243,pop56,2,0.00043082237243652344,1.33514404296875e-05
1243,pop48,4,0.0005371570587158203,0.000103887869401798
1244,pop54,2,0.00041162967681884766,4.3511390686035156e-05
1244,pop52,1,0.0004563331604003906,0.0
1244,pop51,1,0.0004239082336425781,0.0
1244,pop43,3,0.0004897912343343099,7.73741656258157e-05
1244,pop40,1,0.00040435791015625,0.0
1245,pop14,2,0.0003770589828491211,7.784366607666016e-05
1245,pop50,4,0.000496983528137207,0.00010054630481440161
1245,pop52,1,0.00042700767517089844,0.0
1245,pop13,1,0.0004010200500488281,0.0
1246,pop4,4,0.0004999637603759766,0.0001605494673036747
1246,pop51,1,0.0004420280456542969,0.0
1246,pop29,1,0.00040841102600097656,0.0
1247,pop21,2,0.0004144906997680664,5.161762237548828e-05
1247,pop23,1,0.0004954338073730469,0.0
1247,pop16,1,0.000423431396484375,0.0
1247,pop50,3,0.0005505879720052084,0.000145192716948811
1247,pop14,1,0.00041031837463378906,0.0
1247,pop27,1,0.00042319297790527344,0.0
1247,pop44,1,0.00040149688720703125,0.0
1248,pop20,4,0.0005297660827636719,0.0001603010822741096
1248,pop46,1,0.000431060791015625,0.0
1248,pop51,1,0.000415802001953125,0.0
1248,pop50,1,0.0004069805145263672,0.0
1248,pop17,1,0.0004215240478515625,0.0
1248,pop31,1,0.0004413127899169922,0.0
1248,pop30,1,0.0004322528839111328,0.0
1248,pop48,1,0.0004107952117919922,0.0
1248,pop49,1,0.0004360675811767578,0.0
1249,pop29,5,0.00043892860412597656,0.00018365103190711254
1250,pop19,2,0.00041294097900390625,5.888938903808594e-05
1250,pop51,3,0.00042096773783365887,1.635481169005766e-05
1250,pop29,4,0.0005397796630859375,0.00016193483967951502
1250,pop50,2,0.0006358623504638672,0.0001964569091796875
1251,pop4,5,0.00041790008544921874,0.00014430548373208315
1251,pop51,1,0.00040435791015625,0.0
1252,pop8,2,0.0003796815872192383,8.33272933959961e-05
1252,pop51,1,0.0004260540008544922,0.0
1252,pop52,3,0.0004494190216064453,6.7463049665146535e-06
1252,pop12,2,0.0006529092788696289,0.00016486644744873047
1252,pop50,4,0.0004360675811767578,1.1929270686761738e-05
1252,pop14,2,0.0004425048828125,5.7220458984375e-06
1252,pop27,2,0.0005705356597900391,0.0001201629638671875
1253,pop45,2,0.00042378902435302734,3.8743019104003906e-05
1253,pop46,3,0.00043487548828125,1.9393657591998465e-05
1253,pop51,1,0.00046062469482421875,0.0
1253,pop50,2,0.0005698204040527344,0.00014138221740722656
1253,pop14,1,0.0004200935363769531,0.0
1253,pop24,1,0.00041985511779785156,0.0
1254,pop14,2,0.0004024505615234375,5.3882598876953125e-05
1254,pop27,5,0.0004891395568847656,8.853578191398485e-05
1254,pop44,3,0.0004475911458333333,2.207429315619651e-05
1254,pop39,2,0.000644683837890625,0.00019550323486328125
1255,pop20,3,0.00040952364603678387,4.1947820092508466e-05
1255,pop46,1,0.0004596710205078125,0.0
1255,pop51,3,0.00042883555094401043,4.010033865465439e-06
1255,pop29,2,0.000560760498046875,0.000152587890625
1255,pop4,3,0.00044075647989908856,1.4273732695689445e-05
1255,pop5,2,0.0007821321487426758,1.2516975402832031e-05
1256,pop29,2,0.00037789344787597656,7.748603820800781e-05
1256,pop51,1,0.00042057037353515625,0.0
1256,pop50,1,0.00045561790466308594,0.0
1256,pop32,4,0.0005434155464172363,0.00014232254994145897
1257,pop22,5,0.0004902839660644531,0.00013847416754112326
1257,pop51,1,0.0004432201385498047,0.0
1257,pop50,1,0.00040841102600097656,0.0
1257,pop32,1,0.00043320655822753906,0.0
1258,pop13,5,0.00041379928588867185,0.00014360286495603832
1258,pop52,1,0.0004379749298095703,0.0
1258,pop12,1,0.0004100799560546875,0.0
1259,pop19,2,0.00032138824462890625,0.00014853477478027344
1259,pop51,3,0.0004607836405436198,8.038945907848226e-06
1259,pop9,2,0.0006071329116821289,0.00020039081573486328
1259,pop50,2,0.0004363059997558594,1.4066696166992188e-05
1259,pop17,2,0.0004382133483886719,1.6927719116210938e-05
1259,pop31,4,0.000578761100769043,0.00013332806296538212
1260,pop20,2,0.0004181861877441406,3.933906555175781e-05
1260,pop46,1,0.000423431396484375,0.0
1260,pop45,1,0.00044989585876464844,0.0
1260,pop44,1,0.0004305839538574219,0.0
1260,pop39,4,0.0005335211753845215,0.00012878459059430933
1261,pop33,4,0.0004737377166748047,0.00016900287147395766
1261,pop50,1,0.0003941059112548828,0.0
1261,pop52,1,0.0004405975341796875,0.0
1261,pop54,1,0.0004324913024902344,0.0
1262,pop50,4,0.00042432546615600586,0.00014151667853770167
1262,pop17,1,0.0004229545593261719,0.0
1262,pop31,1,0.00042819976806640625,0.0
1263,pop22,2,0.000347137451171875,9.322166442871094e-05
1263,pop51,1,0.0004172325134277344,0.0
1263,pop52,3,0.0005505879720052084,0.00014654054023049062
1263,pop12,2,0.0004863739013671875,9.179115295410156e-05
1263,pop50,3,0.0004478295644124349,1.6433404001370803e-05
1263,pop16,2,0.00045311450958251953,5.841255187988281e-06
1263,pop23,1,0.0008294582366943359,0.0
1263,pop55,2,0.0004519224166870117,4.410743713378906e-06
1263,pop56,2,0.0004184246063232422,1.1920928955078125e-06
1263,pop2,2,0.0006899833679199219,6.556510925292969e-05
1264,pop12,2,0.00038802623748779297,3.1113624572753906e-05
1264,pop52,1,0.0004241466522216797,0.0
1264,pop55,3,0.0004429817199707031,1.627661597212207e-05
1264,pop56,1,0.00042176246643066406,0.0
1264,pop48,2,0.0004999637603759766,3.790855407714844e-05
1264,pop49,1,0.0004589557647705078,0.0
1265,pop25,2,0.00033271312713623047,7.140636444091797e-05
1265,pop17,3,0.0004565715789794922,4.1019083342755445e-06
1265,pop50,3,0.0004506111145019531,1.2825944572747007e-05
1265,pop52,3,0.0004402001698811849,2.1877710544727054e-05
1265,pop13,2,0.0005861520767211914,0.0001653432846069336
1265,pop31,3,0.0005687872568766276,0.0001515880167122056
1265,pop53,1,0.0004603862762451172,0.0
1265,pop41,1,0.0007271766662597656,0.0
1265,pop40,1,0.0004341602325439453,0.0
1265,pop43,2,0.0005965232849121094,0.0001480579376220703
1265,pop51,1,0.00040721893310546875,0.0
1266,pop54,2,0.00030350685119628906,7.748603820800781e-05
1266,pop52,1,0.00042438507080078125,0.0
1266,pop51,3,0.0004487037658691406,6.843900725558912e-06
1266,pop9,2,0.0006227493286132812,0.00017571449279785156
1266,pop19,2,0.00043976306915283203,2.8014183044433594e-05
1266,pop18,4,0.0004813075065612793,9.725569541909204e-05
1267,pop19,2,0.00047850608825683594,4.363059997558594e-05
1267,pop51,1,0.0004227161407470703,0.0
1267,pop29,4,0.0005834102630615234,0.00018368639100858008
1268,pop33,3,0.00042096773783365887,8.099317718708409e-05
1268,pop50,1,0.0004558563232421875,0.0
1268,pop52,1,0.0004372596740722656,0.0
1268,pop13,3,0.0005846023559570312,0.00015546171159074888
1269,pop50,2,0.0004152059555053711,9.21487808227539e-05
1269,pop53,1,0.00046181678771972656,0.0
1269,pop42,4,0.0005640387535095215,0.00017045781081944064
1270,pop57,2,0.00039577484130859375,4.506111145019531e-05
1270,pop56,1,0.00045609474182128906,0.0
1270,pop55,3,0.0004436175028483073,2.946975373541969e-05
1270,pop50,1,0.00043773651123046875,0.0
1270,pop14,1,0.0004551410675048828,0.0
1270,pop27,2,0.0005016326904296875,5.412101745605469e-05
1270,pop44,1,0.00042366981506347656,0.0
1271,pop12,2,0.0004087686538696289,3.2067298889160156e-05
1271,pop52,1,0.000457763671875,0.0
1271,pop50,1,0.00046634674072265625,0.0
1271,pop14,1,0.0004355907440185547,0.0
1271,pop27,4,0.00046539306640625,4.895337857639016e-05
1271,pop44,1,0.0004305839538574219,0.0
1272,pop45,2,0.0004189014434814453,2.5033950805664062e-05
1272,pop44,1,0.00046062469482421875,0.0
1272,pop39,4,0.00046879053115844727,4.774160894024054e-05
1272,pop38,1,0.00044989585876464844,0.0
1273,pop14,2,0.00034296512603759766,0.00010073184967041016
1273,pop27,5,0.0007163047790527344,0.0005096839111448114
1273,pop44,2,0.000605463981628418,0.00018799304962158203
1274,pop29,3,0.0004094441731770833,4.612042243564443e-05
1274,pop51,1,0.00043082237243652344,0.0
1274,pop47,1,0.00044035911560058594,0.0
1274,pop53,1,0.00043582916259765625,0.0
1274,pop1,1,0.00045871734619140625,0.0
1274,pop15,3,0.0005317529042561849,5.7942527837853905e-05
1275,pop33,5,0.0004981517791748047,0.00015681706148444355
1275,pop50,1,0.0004143714904785156,0.0
1275,pop51,1,0.0004417896270751953,0.0
1275,pop46,1,0.0004067420959472656,0.0
1275,pop45,1,0.0004248619079589844,0.0
1276,pop12,2,0.0003362894058227539,0.00010716915130615234
1276,pop52,1,0.0004553794860839844,0.0
1276,pop53,1,0.0004506111145019531,0.0
1276,pop42,4,0.0005405545234680176,0.00013120414806463626
1277,pop44,2,0.00039696693420410156,4.863739013671875e-05
1277,pop27,1,0.00045871734619140625,0.0
1277,pop14,1,0.0004246234893798828,0.0
1277,pop50,1,0.00045561790466308594,0.0
1277,pop53,1,0.00044465065002441406,0.0
1277,pop1,5,0.0004587650299072266,4.38934755567123e-05
1277,pop0,2,0.0005768537521362305,0.00014865398406982422
1278,pop0,5,0.00042777061462402345,0.0001291359542266972
1278,pop1,1,0.0004038810729980469,0.0
1278,pop53,1,0.000438690185546875,0.0
1278,pop42,1,0.00043582916259765625,0.0
1279,pop57,2,0.0003490447998046875,9.083747863769531e-05
1279,pop56,1,0.0004570484161376953,0.0
1279,pop55,1,0.0004143714904785156,0.0
1279,pop50,1,0.0004425048828125,0.0
1279,pop32,4,0.0005056262016296387,8.148499954067453e-05
1280,pop29,3,0.00038584073384602863,8.280194834640626e-05
1280,pop51,1,0.0004684925079345703,0.0
1280,pop52,3,0.0004459222157796224,2.1540810389243643e-05
1280,pop34,2,0.0005372762680053711,0.00013148784637451172
1280,pop53,2,0.00044667720794677734,1.2278556823730469e-05
1280,pop47,1,0.0007205009460449219,0.0
1280,pop50,2,0.0005913972854614258,0.00013816356658935547
1281,pop6,4,0.00046557188034057617,0.00015271602173872994
1281,pop7,1,0.0004467964172363281,0.0
1281,pop53,1,0.0004074573516845703,0.0
1281,pop50,1,0.00039577484130859375,0.0
1281,pop32,1,0.00043773651123046875,0.0
1282,pop33,4,0.0005176067352294922,0.00017160267289718047
1282,pop50,1,0.00042748451232910156,0.0
1282,pop51,1,0.0004470348358154297,0.0
1282,pop8,1,0.000423431396484375,0.0
1283,pop12,2,0.00032210350036621094,0.00014662742614746094
1283,pop52,3,0.0004247029622395833,2.452919225547845e-05
1283,pop54,2,0.0005804300308227539,0.00015437602996826172
1283,pop55,4,0.0004954338073730469,6.761867834553841e-05
1284,pop57,2,0.0004222393035888672,5.0067901611328125e-05
1284,pop56,1,0.000457763671875,0.0
1284,pop55,4,0.0005374550819396973,0.00017838835736561486
1284,pop50,1,0.00041937828063964844,0.0
1284,pop51,1,0.0004203319549560547,0.0
1284,pop29,1,0.0003986358642578125,0.0
1285,pop21,2,0.00030803680419921875,0.00015735626220703125
1285,pop22,1,0.0004222393035888672,0.0
1285,pop51,2,0.0005508661270141602,0.00010716915130615234
1285,pop46,5,0.00047235488891601564,4.377858543426872e-05
1285,pop45,1,0.0006961822509765625,0.0
1286,pop25,2,0.0003496408462524414,0.00012814998626708984
1286,pop17,1,0.0004153251647949219,0.0
1286,pop50,3,0.0005102952321370443,0.0001136021095100268
1286,pop32,1,0.0004074573516845703,0.0
1287,pop54,2,0.00040078163146972656,5.507469177246094e-05
1287,pop52,1,0.00045609474182128906,0.0
1287,pop50,4,0.0004824399948120117,0.00010123339622097083
1287,pop17,1,0.0004019737243652344,0.0
1287,pop31,1,0.00041365623474121094,0.0
1288,pop50,2,0.00036537647247314453,8.785724639892578e-05
1288,pop51,3,0.0004456837972005208,2.08051993186709e-05
1288,pop9,2,0.0005617141723632812,0.0001266002655029297
1288,pop43,4,0.00043451786041259766,1.5182696543608178e-05
1288,pop42,2,0.0007416009902954102,8.702278137207031e-06
1289,pop12,2,0.00031936168670654297,0.00016176700592041016
1289,pop52,1,0.00045561790466308594,0.0
1289,pop13,4,0.0005185604095458984,8.236369875119208e-05
1290,pop4,2,0.0004315376281738281,3.981590270996094e-05
1290,pop51,1,0.000461578369140625,0.0
1290,pop50,4,0.0004957914352416992,0.00011290252592450857
1290,pop17,3,0.0005749861399332682,0.00018068147224725085
1290,pop31,3,0.0004684925079345703,6.776821815729683e-05
1291,pop57,2,0.0004037618637084961,8.022785186767578e-05
1291,pop56,1,0.0004305839538574219,0.0
1291,pop55,1,0.0004456043243408203,0.0
1291,pop50,1,0.0004620552062988281,0.0
1291,pop53,1,0.0004734992980957031,0.0
1291,pop42,3,0.0005266666412353516,8.782869299430051e-05
1292,pop25,2,0.0004258155822753906,4.8160552978515625e-05
1292,pop17,1,0.00043487548828125,0.0
1292,pop50,1,0.00045561790466308594,0.0
1292,pop51,3,0.00044727325439453125,2.113559748435807e-05
1292,pop29,3,0.0005184809366861979,0.00014495174248617624
1292,pop52,2,0.0004475116729736328,1.3589859008789062e-05
1292,pop13,3,0.0006520748138427734,0.00014077077687766636
1293,pop54,2,0.00029981136322021484,0.00014650821685791016
1293,pop52,3,0.0004487037658691406,6.6955589516403024e-06
1293,pop12,2,0.000553131103515625,0.0001423358917236328
1293,pop51,2,0.00043463706970214844,1.0251998901367188e-05
1293,pop10,4,0.0005785226821899414,0.00014181181377516164
1294,pop8,3,0.0004591941833496094,0.00028574968172345874
1294,pop51,2,0.0004382133483886719,6.4373016357421875e-06
1294,pop50,4,0.0004976987838745117,5.8056392690265614e-05
1294,pop17,3,0.00043781598409016925,2.0950408509178132e-05
1294,pop31,3,0.0004394849141438802,1.1328158546118102e-05
1294,pop30,2,0.0005365610122680664,0.00012552738189697266
1294,pop26,1,0.0006160736083984375,0.0
1294,pop52,1,0.0007927417755126953,0.0
1294,pop55,1,0.00041961669921875,0.0
1294,pop56,1,0.00041031837463378906,0.0
1294,pop48,3,0.0004311402638753255,3.7284038036479244e-05
1294,pop49,2,0.0007188320159912109,8.535385131835938e-05
1295,pop14,2,0.00038504600524902344,8.392333984375e-05
1295,pop50,5,0.00042858123779296873,1.7807553739738034e-05
1295,pop51,3,0.00044600168863932293,1.3404317628420521e-05
1295,pop9,2,0.0005800724029541016,0.0001800060272216797
1295,pop33,2,0.0007750988006591797,2.384185791015625e-07
1296,pop21,2,0.0003838539123535156,8.893013000488281e-05
1296,pop22,4,0.0005081892013549805,0.00013227832552836704
1296,pop51,1,0.0004100799560546875,0.0
1296,pop52,1,0.0004444122314453125,0.0
1296,pop34,1,0.00040268898010253906,0.0
1297,pop50,5,0.00043964385986328125,0.000137101836372783
1297,pop51,2,0.0006091594696044922,0.00017189979553222656
1298,pop4,5,0.0005030632019042969,0.0001512984841645667
1298,pop51,1,0.00044465065002441406,0.0
1298,pop50,1,0.0004124641418457031,0.0
1298,pop17,1,0.0004341602325439453,0.0
1298,pop31,1,0.00043511390686035156,0.0
1298,pop30,1,0.0004088878631591797,0.0
1298,pop48,1,0.00042438507080078125,0.0
1298,pop49,1,0.0004374980926513672,0.0
1299,pop13,2,0.00041878223419189453,5.6862831115722656e-05
1299,pop52,1,0.000423431396484375,0.0
1299,pop50,1,0.0004642009735107422,0.0
1299,pop32,3,0.0005115667978922526,3.737692322017222e-05
1300,pop20,3,0.0003890196482340495,9.854435918712447e-05
1300,pop46,1,0.00046181678771972656,0.0
1300,pop51,3,0.0004393259684244792,1.275384651930219e-05
1300,pop43,3,0.0005081494649251302,0.00011320679425625626
1300,pop40,2,0.0004999637603759766,7.462501525878906e-05
1300,pop50,2,0.0006035566329956055,0.00016248226165771484
1301,pop44,2,0.00039136409759521484,9.047985076904297e-05
1301,pop27,4,0.0005100369453430176,0.00014302614857869683
1301,pop14,1,0.00041937828063964844,0.0
1301,pop50,1,0.000438690185546875,0.0
1301,pop52,1,0.00041484832763671875,0.0
1301,pop12,1,0.0004334449768066406,0.0
1302,pop29,2,0.00041675567626953125,7.104873657226562e-05
1302,pop51,3,0.00046189626057942707,9.55526883773113e-06
1302,pop47,2,0.0005971193313598633,0.00014722347259521484
1302,pop53,3,0.0004302660624186198,9.091917448727347e-06
1302,pop1,4,0.000452578067779541,2.3004227133849305e-05
1302,pop0,2,0.000514984130859375,0.00010728836059570312
1302,pop19,1,0.0008034706115722656,0.0
1302,pop50,2,0.0005867481231689453,0.00014925003051757812
1303,pop25,2,0.00034439563751220703,0.00012671947479248047
1303,pop17,1,0.0004305839538574219,0.0
1303,pop50,1,0.00045299530029296875,0.0
1303,pop32,4,0.0005092620849609375,7.899412364583514e-05
1304,pop22,4,0.00045102834701538086,0.00013639911855556965
1304,pop51,1,0.0004048347473144531,0.0
1304,pop52,1,0.0004482269287109375,0.0
1304,pop12,1,0.00040912628173828125,0.0
1305,pop6,5,0.00046358108520507815,0.00014548336861717012
1305,pop7,1,0.00044846534729003906,0.0
1305,pop53,1,0.00041937828063964844,0.0
1305,pop50,1,0.00043654441833496094,0.0
1305,pop17,1,0.00045752525329589844,0.0
1305,pop31,1,0.00039458274841308594,0.0
1306,pop33,5,0.0005015373229980469,0.00014805825244175954
1306,pop50,1,0.0004324913024902344,0.0
1306,pop17,1,0.0004353523254394531,0.0
1306,pop31,1,0.00040221214294433594,0.0
1306,pop30,1,0.0004315376281738281,0.0
1306,pop48,1,0.00042510032653808594,0.0
1306,pop49,1,0.0004050731658935547,0.0
1307,pop21,2,0.00038826465606689453,7.18832015991211e-05
1307,pop22,4,0.0005025863647460938,0.00011203643939738368
1307,pop51,1,0.0004425048828125,0.0
1307,pop43,1,0.0004191398620605469,0.0
1307,pop42,1,0.00043487548828125,0.0
1308,pop4,5,0.0006822586059570312,0.00021638624358850234
1308,pop51,3,0.00044457117716471356,1.337459992745704e-05
1308,pop52,3,0.0004355907440185547,1.74692120044778e-05
1308,pop54,2,0.0005488395690917969,0.0001373291015625
1309,pop29,4,0.0005262494087219238,0.00017757682221774239
1309,pop51,1,0.00043201446533203125,0.0
1309,pop50,1,0.00041174888610839844,0.0
1309,pop17,1,0.0003848075866699219,0.0
1309,pop31,1,0.0004355907440185547,0.0
1309,pop30,1,0.00041103363037109375,0.0
1309,pop48,1,0.00045299530029296875,0.0
1309,pop49,1,0.00043773651123046875,0.0
1310,pop25,2,0.0004197359085083008,5.7578086853027344e-05
1310,pop17,1,0.0004470348358154297,0.0
1310,pop50,1,0.0004546642303466797,0.0
1310,pop51,1,0.00040984153747558594,0.0
1310,pop43,4,0.00048357248306274414,6.437574817900842e-05
1310,pop40,1,0.0004382133483886719,0.0
1311,pop19,2,0.0003478527069091797,8.320808410644531e-05
1311,pop51,3,0.00041937828063964844,7.481431665905194e-06
1311,pop52,3,0.0004582405090332031,9.285069660781163e-06
1311,pop54,2,0.0005570650100708008,0.00015985965728759766
1311,pop4,4,0.000571131706237793,0.00014749658017764643
1312,pop44,2,0.0002799034118652344,0.00014662742614746094
1312,pop39,3,0.00048033396402994793,6.338716629277738e-05
1312,pop38,1,0.0004038810729980469,0.0
1313,pop4,2,0.0003743171691894531,5.602836608886719e-05
1313,pop51,1,0.00041747093200683594,0.0
1313,pop47,1,0.00044274330139160156,0.0
1313,pop53,3,0.00044353802998860675,1.3134437951702515e-05
1313,pop1,4,0.0004381537437438965,1.9697599183034502e-05
1313,pop0,2,0.0006155967712402344,0.0002124309539794922
1313,pop50,3,0.0004391670227050781,1.526747893209245e-05
1313,pop55,2,0.0004172325134277344,4.0531158447265625e-06
1313,pop56,2,0.0004400014877319336,4.410743713378906e-06
1313,pop2,2,0.0006251335144042969,5.316734313964844e-05
1314,pop25,2,0.00036275386810302734,6.42538070678711e-05
1314,pop17,1,0.0004742145538330078,0.0
1314,pop50,4,0.0005079507827758789,0.00012424015948489316
1314,pop14,1,0.0004436969757080078,0.0
1314,pop27,1,0.00041961669921875,0.0
1314,pop44,1,0.00043845176696777344,0.0
1315,pop57,2,0.00036156177520751953,7.855892181396484e-05
1315,pop56,1,0.0004429817199707031,0.0
1315,pop55,1,0.0004382133483886719,0.0
1315,pop50,5,0.0004427909851074219,3.031401992891804e-05
1315,pop14,3,0.00043710072835286457,3.4895735422929366e-06
1315,pop24,2,0.0006009340286254883,0.00019991397857666016
1315,pop53,2,0.00044083595275878906,7.152557373046875e-06
1315,pop1,2,0.000569462776184082,0.00012218952178955078
1316,pop54,2,0.0003535747528076172,8.845329284667969e-05
1316,pop52,3,0.0004360675811767578,1.563172766767406e-05
1316,pop51,4,0.00044649839401245117,1.7372172255451133e-05
1316,pop9,2,0.0006003379821777344,0.00016427040100097656
1316,pop37,1,0.0007014274597167969,0.0
1316,pop55,2,0.00044786930084228516,5.125999450683594e-06
1316,pop56,1,0.0007607936859130859,0.0
1316,pop50,1,0.0003886222839355469,0.0
1316,pop36,3,0.0005085468292236328,6.19659014623977e-05
1317,pop6,4,0.00043487548828125,0.00016355036639580523
1317,pop7,1,0.0004124641418457031,0.0
1317,pop53,1,0.00043392181396484375,0.0
1317,pop1,1,0.0004482269287109375,0.0
1317,pop15,1,0.0003998279571533203,0.0
1318,pop29,4,0.0005033612251281738,0.00016462318403267988
1318,pop51,1,0.0004363059997558594,0.0
1318,pop8,1,0.0004153251647949219,0.0
1319,pop4,4,0.0005173683166503906,0.0001744398132718307
1319,pop51,1,0.00044655799865722656,0.0
1319,pop50,1,0.0004088878631591797,0.0
1319,pop14,1,0.0004534721374511719,0.0
1319,pop27,1,0.00043773651123046875,0.0
1319,pop44,1,0.0004429817199707031,0.0
1319,pop39,1,0.0004355907440185547,0.0
1320,pop45,2,0.0003871917724609375,5.698204040527344e-05
1320,pop46,4,0.0004960894584655762,0.00010561907735360813
1320,pop51,1,0.0004487037658691406,0.0
1320,pop43,1,0.00043129920959472656,0.0
1320,pop42,1,0.0004074573516845703,0.0
1321,pop8,2,0.0002969503402709961,0.00014579296112060547
1321,pop51,3,0.00044035911560058594,2.7716779360119267e-05
1321,pop9,2,0.0005751848220825195,0.0001462697982788086
1321,pop43,5,0.00046372413635253906,5.635380077938991e-05
1321,pop11,1,0.0007617473602294922,0.0
1322,pop14,2,0.0003352165222167969,0.00010395050048828125
1322,pop27,3,0.0004840691884358724,7.639851291819232e-05
1322,pop44,1,0.00040221214294433594,0.0
1323,pop19,2,0.00034606456756591797,9.238719940185547e-05
1323,pop51,3,0.00046435991923014325,2.4264353871853532e-05
1323,pop52,3,0.00042517979939778644,2.1839569861277282e-05
1323,pop34,2,0.0005763769149780273,0.00017964839935302734
1323,pop36,4,0.0005714297294616699,0.00012534066010697978
1324,pop44,2,0.00032711029052734375,0.00011205673217773438
1324,pop27,4,0.00047534704208374023,7.390733203439352e-05
1324,pop14,1,0.000446319580078125,0.0
1324,pop50,1,0.0004379749298095703,0.0
1324,pop32,1,0.00043320655822753906,0.0
1325,pop0,5,0.00047359466552734377,0.00013691834107307116
1325,pop1,1,0.00040793418884277344,0.0
1325,pop53,1,0.0004448890686035156,0.0
1325,pop47,1,0.00044274330139160156,0.0
1325,pop51,1,0.0004467964172363281,0.0
1325,pop9,1,0.0004432201385498047,0.0
1326,pop13,3,0.00038878122965494793,5.5747591189588874e-05
1326,pop52,1,0.00042366981506347656,0.0
1326,pop50,3,0.0005240440368652344,0.00011687488533273598
1326,pop17,1,0.00044417381286621094,0.0
1326,pop31,1,0.00041484832763671875,0.0
1327,pop57,2,0.0003628730773925781,7.82012939453125e-05
1327,pop56,1,0.0004558563232421875,0.0
1327,pop55,3,0.0004245440165201823,9.834746319015012e-06
1327,pop50,1,0.0004742145538330078,0.0
1327,pop53,1,0.0004458427429199219,0.0
1327,pop42,2,0.0007054805755615234,0.00013828277587890625
1328,pop54,2,0.00038993358612060547,4.184246063232422e-05
1328,pop52,1,0.0004477500915527344,0.0
1328,pop50,3,0.0005479653676350912,0.00016088600820317951
1328,pop14,1,0.00043654441833496094,0.0
1328,pop27,1,0.0004444122314453125,0.0
1328,pop44,1,0.00045013427734375,0.0
1328,pop39,1,0.00042724609375,0.0
1329,pop8,2,0.00034296512603759766,9.310245513916016e-05
1329,pop51,1,0.0004298686981201172,0.0
1329,pop52,3,0.0004398028055826823,1.4828451572044309e-05
1329,pop34,2,0.0006296634674072266,0.00021147727966308594
1329,pop55,2,0.00044667720794677734,3.2186508178710938e-06
1329,pop56,2,0.000423431396484375,4.76837158203125e-07
1329,pop48,4,0.0005018115043640137,0.00010600238233050156
1330,pop44,2,0.0003552436828613281,4.6253204345703125e-05
1330,pop27,4,0.0005456805229187012,0.00017316899399943234
1330,pop14,1,0.0004413127899169922,0.0
1330,pop50,1,0.00042438507080078125,0.0
1330,pop51,1,0.0004410743713378906,0.0
1330,pop8,1,0.0003962516784667969,0.0
1331,pop21,2,0.0003305673599243164,0.00013554096221923828
1331,pop22,2,0.00042688846588134766,2.3245811462402344e-05
1331,pop51,3,0.0004527568817138672,1.1874745234630415e-05
1331,pop9,2,0.0005941390991210938,0.0001614093780517578
1331,pop52,3,0.00042311350504557293,9.640159433432215e-06
1331,pop37,1,0.000621795654296875,0.0
1331,pop13,2,0.0007251501083374023,2.682209014892578e-05
1332,pop14,2,0.0009576082229614258,0.00048410892486572266
1332,pop50,1,0.00046062469482421875,0.0
1332,pop51,1,0.0004119873046875,0.0
1332,pop43,5,0.00045976638793945315,4.8635894154000114e-05
1332,pop40,2,0.0005382299423217773,0.00010335445404052734
1333,pop19,2,0.00043761730194091797,4.3272972106933594e-05
1333,pop18,4,0.000455319881439209,7.261076382058841e-05
1333,pop38,1,0.00040650367736816406,0.0
1333,pop39,1,0.00043582916259765625,0.0
1334,pop0,3,0.00037368138631184894,9.239867525369875e-05
1334,pop1,3,0.0005153020222981771,0.00011369747391881834
1334,pop53,1,0.00043773651123046875,0.0
1334,pop52,1,0.00041222572326660156,0.0
1334,pop34,1,0.0004284381866455078,0.0
1335,pop54,2,0.0003529787063598633,8.26120376586914e-05
1335,pop52,1,0.00045418739318847656,0.0
1335,pop53,1,0.00042319297790527344,0.0
1335,pop1,3,0.00048033396402994793,6.569122938496402e-05
1335,pop0,4,0.0005246400833129883,0.0001744502812951959
1336,pop12,2,0.0003885030746459961,7.426738739013672e-05
1336,pop52,1,0.0004603862762451172,0.0
1336,pop50,3,0.0005238850911458334,0.00010752199190041211
1336,pop14,1,0.0004372596740722656,0.0
1336,pop24,1,0.0004150867462158203,0.0
1337,pop25,2,0.0003839731216430664,8.380413055419922e-05
1337,pop17,1,0.0004487037658691406,0.0
1337,pop50,4,0.0005097389221191406,0.0001106415061831623
1337,pop52,1,0.0004475116729736328,0.0
1337,pop13,1,0.00040459632873535156,0.0
1338,pop8,2,0.00043773651123046875,2.6464462280273438e-05
1338,pop51,1,0.0004260540008544922,0.0
1338,pop19,1,0.0004558563232421875,0.0
1338,pop18,4,0.0004354715347290039,1.6786513579291577e-05
1338,pop38,1,0.0004267692565917969,0.0
1339,pop44,2,0.00035953521728515625,0.00011014938354492188
1339,pop27,4,0.000493168830871582,0.00011548882520497997
1339,pop14,1,0.0004515647888183594,0.0
1339,pop50,1,0.0004048347473144531,0.0
1339,pop51,1,0.0004382133483886719,0.0
1340,pop21,2,0.00038123130798339844,8.821487426757812e-05
1340,pop22,1,0.00043201446533203125,0.0
1340,pop51,3,0.0004311402638753255,2.0834322122209495e-05
1340,pop52,3,0.0004347960154215495,9.160432201015986e-06
1340,pop34,2,0.0005937814712524414,0.00015532970428466797
1340,pop53,2,0.00044524669647216797,2.7060508728027344e-05
1340,pop7,2,0.00043213367462158203,1.8477439880371094e-05
1340,pop6,1,0.0008077621459960938,0.0
1340,pop47,1,0.0004761219024658203,0.0
1340,pop4,3,0.0005123615264892578,0.00015067337417454574
1341,pop54,2,0.00042045116424560547,5.2809715270996094e-05
1341,pop52,1,0.0004544258117675781,0.0
1341,pop51,3,0.0004554589589436849,1.2213507398025278e-05
1341,pop8,2,0.0005848407745361328,0.00018072128295898438
1341,pop43,4,0.0005194544792175293,0.00013561086301175647
1342,pop6,4,0.00045245885848999023,0.00015487185089106732
1342,pop7,1,0.00040602684020996094,0.0
1342,pop53,1,0.0004470348358154297,0.0
1342,pop52,1,0.00043964385986328125,0.0
1342,pop13,1,0.00038051605224609375,0.0
1343,pop29,2,0.0003782510757446289,0.0001119375228881836
1343,pop51,5,0.00044932365417480467,1.327338563268403e-05
1343,pop52,4,0.0004493594169616699,1.4867625647065787e-05
1343,pop34,2,0.0005598068237304688,0.00011277198791503906
1343,pop50,3,0.0005887349446614584,0.0002127255247784298
1343,pop14,1,0.0008544921875,0.0
1343,pop46,5,0.0005493640899658203,0.0001302460774711505
1343,pop45,1,0.0007529258728027344,0.0
1343,pop22,2,0.0004639625549316406,5.0067901611328125e-06
1343,pop21,1,0.0006611347198486328,0.0
1344,pop4,4,0.00043445825576782227,3.8144132016632367e-05
1344,pop51,1,0.00043511390686035156,0.0
1344,pop50,1,0.0004489421844482422,0.0
1344,pop17,1,0.00046253204345703125,0.0
1344,pop31,2,0.0005525350570678711,0.00012028217315673828
1344,pop30,1,0.00043463706970214844,0.0
1344,pop48,1,0.0004086494445800781,0.0
1344,pop49,1,0.00042176246643066406,0.0
1345,pop14,2,0.0004372596740722656,3.600120544433594e-05
1345,pop50,4,0.0005242824554443359,0.00017414367862675904
1345,pop51,1,0.00040841102600097656,0.0
1345,pop46,1,0.00042510032653808594,0.0
1345,pop45,1,0.0004038810729980469,0.0
1346,pop25,2,0.00041544437408447266,4.374980926513672e-05
1346,pop17,1,0.0004305839538574219,0.0
1346,pop50,1,0.00045943260192871094,0.0
1346,pop14,1,0.0004558563232421875,0.0
1346,pop27,1,0.00043845176696777344,0.0
1346,pop44,1,0.0004436969757080078,0.0
1346,pop39,3,0.0005139509836832682,4.654206422373159e-05
1347,pop44,2,0.00037860870361328125,8.058547973632812e-05
1347,pop27,4,0.0005156397819519043,0.00012971256686280044
1347,pop14,1,0.0004162788391113281,0.0
1347,pop50,1,0.0004391670227050781,0.0
1347,pop52,1,0.00040459632873535156,0.0
1347,pop34,1,0.0003871917724609375,0.0
1348,pop21,2,0.00038683414459228516,7.474422454833984e-05
1348,pop22,1,0.00046062469482421875,0.0
1348,pop51,1,0.0004971027374267578,0.0
1348,pop43,2,0.0004317760467529297,2.1219253540039062e-05
1348,pop42,3,0.0005684693654378256,0.00012194876613181937
1349,pop50,4,0.0005436539649963379,0.00016800107064617273
1349,pop51,5,0.00043921470642089845,1.5276213472402343e-05
1349,pop29,4,0.0005185604095458984,0.00013644980856376428
1349,pop52,2,0.00044333934783935547,1.6808509826660156e-05
1349,pop54,1,0.0007250308990478516,0.0
1349,pop22,1,0.0007996559143066406,0.0
1350,pop54,2,0.0004322528839111328,2.5033950805664062e-05
1350,pop52,2,0.00041997432708740234,5.960464477539062e-07
1350,pop51,3,0.0004432996114095052,2.5570755390102297e-05
1350,pop8,2,0.0005648136138916016,0.00013017654418945312
1350,pop55,3,0.0005590915679931641,0.00017161997984712523
1350,pop50,2,0.0006433725357055664,0.00018846988677978516
1351,pop44,2,0.0004200935363769531,4.172325134277344e-05
1351,pop27,3,0.0005619525909423828,0.0001950366958722182
1351,pop14,1,0.00044846534729003906,0.0
1351,pop50,1,0.0004286766052246094,0.0
1351,pop51,1,0.0004417896270751953,0.0
1351,pop43,1,0.0004112720489501953,0.0
1351,pop40,1,0.00043320655822753906,0.0
1352,pop20,4,0.0004953145980834961,0.0001626190804569522
1352,pop46,1,0.0004131793975830078,0.0
1352,pop51,1,0.00044417381286621094,0.0
1352,pop50,1,0.0004017353057861328,0.0
1352,pop32,1,0.0004322528839111328,0.0
1353,pop57,2,0.00038039684295654297,0.00011980533599853516
1353,pop56,1,0.00043082237243652344,0.0
1353,pop55,3,0.0004371802012125651,1.989267750623906e-05
1353,pop52,3,0.0004394054412841797,1.6360217346027466e-05
1353,pop12,2,0.000594019889831543,0.00016486644744873047
1353,pop51,2,0.0004208087921142578,5.4836273193359375e-06
1353,pop19,2,0.00045108795166015625,1.7642974853515625e-05
1353,pop18,2,0.0006986856460571289,4.887580871582031e-06
1354,pop4,2,0.0004191398620605469,5.0067901611328125e-05
1354,pop51,1,0.0008823871612548828,0.0
1354,pop52,1,0.0004665851593017578,0.0
1354,pop50,4,0.0005205273628234863,0.00014515339137601935
1354,pop14,1,0.0004496574401855469,0.0
1354,pop27,1,0.0004413127899169922,0.0
1354,pop44,1,0.0004162788391113281,0.0
1354,pop39,1,0.0004189014434814453,0.0
1355,pop54,2,0.00043010711669921875,4.863739013671875e-05
1355,pop52,1,0.0004372596740722656,0.0
1355,pop50,1,0.0004436969757080078,0.0
1355,pop14,1,0.0004208087921142578,0.0
1355,pop27,3,0.00048613548278808594,9.957242094734218e-05
1355,pop44,1,0.00041604042053222656,0.0
1355,pop39,1,0.0004246234893798828,0.0
1356,pop44,3,0.00039641062418619793,6.018273502296005e-05
1356,pop27,5,0.0005017757415771484,0.00014354300182774037
1356,pop14,1,0.0007739067077636719,0.0
1356,pop50,1,0.0003871917724609375,0.0
1356,pop53,1,0.00042891502380371094,0.0
1356,pop1,1,0.0004241466522216797,0.0
1356,pop0,1,0.0004105567932128906,0.0
1357,pop22,3,0.00039585431416829425,7.537857254383989e-05
1357,pop51,1,0.0004515647888183594,0.0
1357,pop43,1,0.00044918060302734375,0.0
1357,pop42,3,0.0005764961242675781,0.00013045062624154164
1358,pop33,4,0.0004616379737854004,0.00014304969459034321
1358,pop50,1,0.0004336833953857422,0.0
1358,pop52,1,0.0004432201385498047,0.0
1358,pop34,1,0.000415802001953125,0.0
1359,pop19,2,0.0003628730773925781,8.177757263183594e-05
1359,pop51,1,0.0008106231689453125,0.0
1359,pop52,1,0.0004582405090332031,0.0
1359,pop50,1,0.0004100799560546875,0.0
1359,pop32,4,0.0005700588226318359,0.00016987846600701476
1360,pop8,2,0.00036346912384033203,7.76052474975586e-05
1360,pop51,1,0.0004563331604003906,0.0
1360,pop52,3,0.00043765703837076825,1.8365282022836428e-05
1360,pop13,2,0.0005830526351928711,0.0001264810562133789
1360,pop50,4,0.0005114078521728516,0.00012069056031111276
1361,pop57,2,0.00037992000579833984,6.759166717529297e-05
1361,pop56,1,0.0004601478576660156,0.0
1361,pop55,3,0.0005321502685546875,0.000126493583242208
1361,pop50,1,0.0004622936248779297,0.0
1361,pop53,1,0.0004363059997558594,0.0
1361,pop42,1,0.00041103363037109375,0.0
1362,pop54,2,0.0002938508987426758,0.00014150142669677734
1362,pop52,3,0.0004258155822753906,1.2114854827797414e-05
1362,pop12,2,0.0005853176116943359,0.00013375282287597656
1362,pop50,4,0.00044715404510498047,2.041822335023009e-05
1362,pop14,1,0.0007963180541992188,0.0
1362,pop51,2,0.0004233121871948242,5.125999450683594e-06
1362,pop4,1,0.0007081031799316406,0.0
1362,pop32,4,0.0006109476089477539,0.00017422155241907144
1363,pop29,4,0.0004982948303222656,0.00022394771483243207
1364,pop45,2,0.0004124641418457031,3.838539123535156e-05
1364,pop46,1,0.0004506111145019531,0.0
1364,pop51,1,0.00042557716369628906,0.0
1364,pop47,1,0.0004603862762451172,0.0
1364,pop53,1,0.0004317760467529297,0.0
1364,pop1,1,0.0004487037658691406,0.0
1364,pop15,3,0.000549475351969401,9.345792045599853e-05
1365,pop29,2,0.0003637075424194336,7.927417755126953e-05
1365,pop51,1,0.00045752525329589844,0.0
1365,pop50,1,0.00045990943908691406,0.0
1365,pop32,3,0.0005091826121012369,5.080510403003253e-05
1366,pop13,4,0.0005294084548950195,0.00019905484926175163
1366,pop52,1,0.00044155120849609375,0.0
1366,pop50,1,0.0004603862762451172,0.0
1366,pop14,1,0.0004448890686035156,0.0
1366,pop27,1,0.0003998279571533203,0.0
1366,pop44,1,0.0004394054412841797,0.0
1366,pop39,1,0.00040459632873535156,0.0
1367,pop20,2,0.0003007650375366211,0.00016105175018310547
1367,pop46,2,0.0004278421401977539,1.5139579772949219e-05
1367,pop45,2,0.0005950927734375,0.00017523765563964844
1367,pop44,2,0.00043451786041259766,9.894371032714844e-06
1367,pop39,2,0.0006345510482788086,0.00017702579498291016
1367,pop27,2,0.00063323974609375,0.00023674964904785156
1367,pop14,1,0.0004076957702636719,0.0
1367,pop50,1,0.0004119873046875,0.0
1367,pop51,1,0.0004496574401855469,0.0
1368,pop4,4,0.0004222989082336426,4.048884335687189e-05
1368,pop51,1,0.00046324729919433594,0.0
1368,pop47,1,0.0004210472106933594,0.0
1368,pop53,1,0.0004401206970214844,0.0
1368,pop1,2,0.0004881620407104492,5.066394805908203e-05
1368,pop0,1,0.0004374980926513672,0.0
1369,pop45,2,0.00041472911834716797,5.829334259033203e-05
1369,pop46,1,0.00045371055603027344,0.0
1369,pop51,1,0.00041937828063964844,0.0
1369,pop50,3,0.0005283355712890625,0.0001266244343199328
1369,pop17,1,0.0004048347473144531,0.0
1369,pop31,1,0.00043845176696777344,0.0
1370,pop0,3,0.0003916422526041667,0.00010345687622608956
1370,pop1,1,0.0004260540008544922,0.0
1370,pop53,2,0.0004563331604003906,8.344650268554688e-06
1370,pop47,2,0.0006365776062011719,0.00020265579223632812
1370,pop51,3,0.0005853176116943359,0.0002030778678245247
1370,pop19,2,0.0004425048828125,1.6450881958007812e-05
1370,pop18,1,0.0006399154663085938,0.0
1370,pop50,2,0.0005308389663696289,9.882450103759766e-05
1371,pop22,5,0.0004727363586425781,0.00015128393621313221
1371,pop51,1,0.0004374980926513672,0.0
1371,pop52,1,0.00045228004455566406,0.0
1371,pop54,1,0.00043320655822753906,0.0
1372,pop19,2,0.0004150867462158203,4.76837158203125e-05
1372,pop18,3,0.000474850336710612,5.889995229674253e-05
1372,pop38,1,0.000408172607421875,0.0
1373,pop29,2,0.0004055500030517578,5.1021575927734375e-05
1373,pop51,1,0.00042629241943359375,0.0
1373,pop50,4,0.00048172473907470703,8.282300782573392e-05
1373,pop17,1,0.0004444122314453125,0.0
1373,pop31,1,0.0004336833953857422,0.0
1374,pop12,2,0.0004076957702636719,6.794929504394531e-05
1374,pop52,1,0.00043582916259765625,0.0
1374,pop50,2,0.0004382133483886719,7.62939453125e-06
1374,pop17,1,0.0004875659942626953,0.0
1374,pop31,2,0.0005975961685180664,4.1365623474121094e-05
1375,pop6,3,0.00040380160013834637,5.528752696306779e-05
1375,pop7,1,0.00045609474182128906,0.0
1375,pop53,1,0.000469207763671875,0.0
1375,pop50,1,0.0004177093505859375,0.0
1375,pop14,1,0.00045800209045410156,0.0
1375,pop27,2,0.0005061626434326172,6.4849853515625e-05
1375,pop44,1,0.0004150867462158203,0.0
1376,pop14,2,0.00037407875061035156,8.940696716308594e-05
1376,pop50,6,0.000476837158203125,0.00011219749672620387
1376,pop52,4,0.0004347562789916992,2.3194402922976964e-05
1376,pop54,2,0.0005019903182983398,9.906291961669922e-05
1376,pop34,1,0.0007388591766357422,0.0
1376,pop16,1,0.0007047653198242188,0.0
1377,pop25,2,0.00037407875061035156,9.369850158691406e-05
1377,pop17,1,0.00042247772216796875,0.0
1377,pop50,1,0.0004520416259765625,0.0
1377,pop52,3,0.00044075647989908856,1.3349074956460622e-05
1377,pop12,2,0.0006281137466430664,0.00018513202667236328
1377,pop51,2,0.0004200935363769531,3.5762786865234375e-06
1377,pop46,2,0.00045418739318847656,7.152557373046875e-06
1377,pop20,4,0.0005562305450439453,0.00014017684461663354
1378,pop21,2,0.0003758668899536133,8.666515350341797e-05
1378,pop22,2,0.00043642520904541016,1.8477439880371094e-05
1378,pop51,1,0.0004401206970214844,0.0
1378,pop43,1,0.0004551410675048828,0.0
1378,pop42,3,0.0005660851796468099,0.00010884799688110514
1379,pop29,2,0.0003933906555175781,9.369850158691406e-05
1379,pop51,1,0.0009050369262695312,0.0
1379,pop52,1,0.000457763671875,0.0
1379,pop50,2,0.0004407167434692383,8.225440979003906e-06
1379,pop32,3,0.0005749066670735677,0.00014047425390916832
1380,pop50,4,0.0003820657730102539,9.53271154778553e-05
1380,pop51,2,0.0005747079849243164,0.0001348257064819336
1380,pop36,2,0.0005176067352294922,7.05718994140625e-05
1381,pop12,2,0.0003540515899658203,0.00011563301086425781
1381,pop52,1,0.0004305839538574219,0.0
1381,pop53,1,0.0004520416259765625,0.0
1381,pop42,4,0.0005442500114440918,0.00011440817729682427
1382,pop25,2,0.00032269954681396484,0.00012290477752685547
1382,pop17,1,0.00041484832763671875,0.0
1382,pop50,4,0.0004807710647583008,8.21843228768945e-05
1382,pop32,1,0.00043392181396484375,0.0
1383,pop21,2,0.00036513805389404297,8.308887481689453e-05
1383,pop22,1,0.00041937828063964844,0.0
1383,pop51,3,0.0004382928212483724,2.1202131690519415e-05
1383,pop46,4,0.0004342198371887207,1.768591446385039e-05
1383,pop45,2,0.0005928277969360352,0.00015366077423095703
1383,pop50,4,0.0005359649658203125,0.00016015447509377438
1383,pop35,1,0.0008111000061035156,0.0
1384,pop44,2,0.0004162788391113281,5.888938903808594e-05
1384,pop27,3,0.0005443890889485677,0.00015742516373830164
1384,pop14,1,0.0004096031188964844,0.0
1384,pop50,1,0.0004203319549560547,0.0
1384,pop51,1,0.00044155120849609375,0.0
1384,pop9,1,0.0004138946533203125,0.0
1385,pop13,3,0.00043265024820963543,1.2204195560796908e-05
1385,pop52,1,0.0004630088806152344,0.0
1385,pop50,1,0.0004324913024902344,0.0
1385,pop14,1,0.0004551410675048828,0.0
1385,pop27,3,0.000514825185139974,0.00010066598479445476
1385,pop44,1,0.0004565715789794922,0.0
1385,pop39,1,0.0004417896270751953,0.0
1386,pop20,4,0.0003999471664428711,0.00016518317269519322
1386,pop46,1,0.00040984153747558594,0.0
1386,pop45,1,0.000400543212890625,0.0
1387,pop4,2,0.0003559589385986328,0.00011563301086425781
1387,pop51,1,0.000431060791015625,0.0
1387,pop43,4,0.0004918575286865234,5.708419947423875e-05
1387,pop40,2,0.0006003379821777344,0.0001735687255859375
1388,pop33,3,0.0003802776336669922,8.235374846801631e-05
1388,pop50,4,0.0004892945289611816,9.113569677517932e-05
1388,pop17,3,0.000436703364054362,7.505032455335004e-06
1388,pop31,2,0.0006465911865234375,0.0001804828643798828
1389,pop0,2,0.0003707408905029297,6.67572021484375e-05
1389,pop1,1,0.0004096031188964844,0.0
1389,pop53,1,0.00046062469482421875,0.0
1389,pop47,1,0.0004119873046875,0.0
1389,pop51,3,0.00043511390686035156,2.3131107926999493e-05
1389,pop9,2,0.0005948543548583984,0.00019240379333496094
1389,pop52,1,0.00045561790466308594,0.0
1389,pop55,5,0.000489044189453125,0.00010965257960466747
1389,pop56,1,0.0007958412170410156,0.0
1389,pop50,1,0.00043702125549316406,0.0
1390,pop22,2,0.00036132335662841797,7.18832015991211e-05
1390,pop51,1,0.0004124641418457031,0.0
1390,pop50,1,0.0004611015319824219,0.0
1390,pop32,3,0.0005764166514078776,9.891686464707062e-05
1391,pop19,2,0.0004038810729980469,3.457069396972656e-05
1391,pop18,3,0.00047651926676432293,6.657141233243362e-05
1391,pop38,1,0.00041413307189941406,0.0
1391,pop39,1,0.00042891502380371094,0.0
1392,pop25,2,0.00041472911834716797,3.3020973205566406e-05
1392,pop17,1,0.00045228004455566406,0.0
1392,pop50,1,0.00044918060302734375,0.0
1392,pop14,1,0.0004134178161621094,0.0
1392,pop27,4,0.00048488378524780273,7.484053285018877e-05
1392,pop44,1,0.0004489421844482422,0.0
1392,pop39,1,0.0004248619079589844,0.0
1393,pop21,2,0.0003663301467895508,7.617473602294922e-05
1393,pop23,1,0.0004315376281738281,0.0
1393,pop16,1,0.0004527568817138672,0.0
1393,pop50,1,0.0004391670227050781,0.0
1393,pop32,4,0.0005451440811157227,0.0001161867455959413
1394,pop13,4,0.0004132986068725586,4.472001088121136e-05
1394,pop52,2,0.0005537271499633789,9.834766387939453e-05
1394,pop51,3,0.00042629241943359375,1.0295340128869955e-05
1394,pop29,2,0.0005666017532348633,0.00013840198516845703
1394,pop53,2,0.0004582405090332031,1.430511474609375e-06
1394,pop1,2,0.0007897615432739258,9.179115295410156e-06
1394,pop47,1,0.00044226646423339844,0.0
1395,pop8,2,0.00029838085174560547,0.00013816356658935547
1395,pop51,3,0.0004463990529378255,2.265715339129186e-05
1395,pop9,2,0.0006110668182373047,0.00017452239990234375
1395,pop19,2,0.00043582916259765625,2.6464462280273438e-05
1395,pop18,4,0.0005705356597900391,0.000144872298619068
1396,pop57,2,0.00040602684020996094,3.7670135498046875e-05
1396,pop56,1,0.0004534721374511719,0.0
1396,pop55,3,0.0005605220794677734,0.0001806203934638756
1396,pop50,1,0.00041604042053222656,0.0
1396,pop14,1,0.0004496574401855469,0.0
1396,pop27,1,0.0004258155822753906,0.0
1396,pop44,1,0.0004010200500488281,0.0
1396,pop39,1,0.0004229545593261719,0.0
1397,pop54,2,0.0003662109375,7.748603820800781e-05
1397,pop52,1,0.0004515647888183594,0.0
1397,pop50,1,0.00041556358337402344,0.0
1397,pop32,3,0.0005706946055094401,0.0001355387196727634
1398,pop0,4,0.00047403573989868164,0.00014699722339824752
1398,pop1,1,0.0004372596740722656,0.0
1398,pop53,1,0.00044798851013183594,0.0
1398,pop50,1,0.00041365623474121094,0.0
1398,pop17,1,0.0004425048828125,0.0
1398,pop31,1,0.0004317760467529297,0.0
1399,pop13,5,0.0004597187042236328,0.0002184649826653262
1400,pop29,4,0.0005340576171875,0.00016568916265419963
1400,pop51,1,0.00045037269592285156,0.0
1400,pop50,1,0.0004067420959472656,0.0
1400,pop14,1,0.00044417381286621094,0.0
1400,pop27,1,0.0004477500915527344,0.0
1400,pop44,1,0.00041484832763671875,0.0
1400,pop39,1,0.0004401206970214844,0.0
1401,pop22,2,0.0002835988998413086,0.00015747547149658203
1401,pop51,2,0.0005533695220947266,0.00016236305236816406
1401,pop47,1,0.0004210472106933594,0.0
1401,pop53,1,0.0007338523864746094,0.0
1401,pop50,3,0.0005165735880533854,0.0001126403243857587
1402,pop19,2,0.00034487247467041016,8.83340835571289e-05
1402,pop51,1,0.00042629241943359375,0.0
1402,pop52,3,0.0004172325134277344,3.4928118408964743e-05
1402,pop54,2,0.0006021261215209961,0.00016105175018310547
1402,pop55,3,0.0005180040995279948,0.00012127865653689007
1403,pop8,2,0.0003000497817993164,0.00014507770538330078
1403,pop51,4,0.0007563233375549316,0.0005472155516970379
1403,pop9,2,0.0005679130554199219,0.00017309188842773438
1403,pop50,2,0.0004115104675292969,1.430511474609375e-06
1403,pop17,2,0.0004247426986694336,4.649162292480469e-06
1403,pop25,1,0.0008320808410644531,0.0
1403,pop43,5,0.000519418716430664,0.00010523533569366607
1403,pop40,1,0.0005602836608886719,0.0
1404,pop57,2,0.00040137767791748047,4.494190216064453e-05
1404,pop56,1,0.0004565715789794922,0.0
1404,pop55,1,0.00040721893310546875,0.0
1404,pop50,1,0.0004544258117675781,0.0
1404,pop14,1,0.0004572868347167969,0.0
1404,pop27,3,0.0005008379618326823,0.00010058784129018399
1404,pop44,1,0.00041937828063964844,0.0
1404,pop39,1,0.00043773651123046875,0.0
1405,pop50,3,0.0003809928894042969,7.722186024055575e-05
1405,pop53,1,0.0004572868347167969,0.0
1405,pop42,3,0.0005769729614257812,0.00013397738248167415
1406,pop12,2,0.0003973245620727539,4.3511390686035156e-05
1406,pop52,3,0.0004386107126871745,1.0998882998134738e-05
1406,pop51,5,0.0004229545593261719,2.148414674009096e-05
1406,pop43,5,0.00044918060302734375,5.648055122312942e-06
1406,pop40,2,0.0006206035614013672,0.00018095970153808594
1406,pop19,2,0.00044333934783935547,1.4901161193847656e-05
1406,pop18,1,0.0008103847503662109,0.0
1406,pop11,1,0.00074005126953125,0.0
1406,pop54,1,0.0007762908935546875,0.0
1406,pop53,2,0.0004277229309082031,1.4543533325195312e-05
1406,pop7,2,0.0004341602325439453,2.4318695068359375e-05
1406,pop6,1,0.0009465217590332031,0.0
1406,pop50,2,0.000453948974609375,7.62939453125e-06
1406,pop14,2,0.0004267692565917969,8.821487426757812e-06
1406,pop27,4,0.0004315376281738281,1.6603076816225615e-05
1406,pop44,2,0.00045168399810791016,1.4185905456542969e-05
1406,pop39,2,0.0006339550018310547,0.00023031234741210938
1407,pop13,5,0.0004981040954589843,0.0001448744291678184
1407,pop52,1,0.0004241466522216797,0.0
1407,pop50,1,0.00044465065002441406,0.0
1407,pop14,1,0.0004146099090576172,0.0
1407,pop27,1,0.0004444122314453125,0.0
1407,pop44,1,0.00043511390686035156,0.0
1407,pop39,1,0.00045013427734375,0.0
1408,pop29,4,0.00039964914321899414,0.00015751940179815866
1408,pop51,1,0.0004019737243652344,0.0
1409,pop45,2,0.0003688335418701172,0.00010395050048828125
1409,pop44,2,0.0005276203155517578,0.00011587142944335938
1409,pop27,4,0.00045931339263916016,7.356410956886666e-05
1410,pop4,3,0.00039958953857421875,7.810698420391056e-05
1410,pop51,1,0.0004324913024902344,0.0
1410,pop52,3,0.0004413127899169922,1.1488708308369406e-05
1410,pop12,2,0.0005050897598266602,7.11679458618164e-05
1410,pop13,2,0.0006872415542602539,0.00010073184967041016
1411,pop19,2,0.0003851652145385742,7.832050323486328e-05
1411,pop51,1,0.0004570484161376953,0.0
1411,pop52,3,0.00044234593709309894,1.7831343790237573e-05
1411,pop54,2,0.0006066560745239258,0.00022327899932861328
1411,pop50,4,0.00040835142135620117,2.316305824062904e-05
1411,pop14,2,0.0004595518112182617,7.987022399902344e-06
1411,pop27,2,0.0005778074264526367,0.00015246868133544922
1412,pop33,5,0.0004990577697753906,0.00015309869680458043
1412,pop50,1,0.0004074573516845703,0.0
1412,pop14,1,0.00044345855712890625,0.0
1412,pop27,1,0.0004317760467529297,0.0
1412,pop44,1,0.0004429817199707031,0.0
1412,pop39,1,0.00046062469482421875,0.0
1412,pop38,1,0.0004055500030517578,0.0
1413,pop50,2,0.00038945674896240234,7.617473602294922e-05
1413,pop52,3,0.0004259745279947917,7.423803105771857e-06
1413,pop34,2,0.00057220458984375,0.00017404556274414062
1413,pop51,2,0.0004131793975830078,8.106231689453125e-06
1413,pop46,1,0.0006601810455322266,0.0
1413,pop43,2,0.000615239143371582,0.0001779794692993164
1413,pop42,2,0.0005759000778198242,0.00011813640594482422
1413,pop53,1,0.000431060791015625,0.0
1414,pop13,4,0.00042384862899780273,3.53520871408572e-05
1414,pop52,1,0.00042557716369628906,0.0
1414,pop50,2,0.0006142854690551758,0.00016939640045166016
1414,pop14,1,0.0004398822784423828,0.0
1414,pop27,1,0.00043010711669921875,0.0
1414,pop44,1,0.00042700767517089844,0.0
1414,pop39,1,0.0004439353942871094,0.0
1415,pop54,2,0.00039947032928466797,7.474422454833984e-05
1415,pop52,1,0.0004444122314453125,0.0
1415,pop53,1,0.00044798851013183594,0.0
1415,pop1,4,0.000491023063659668,7.572605330368068e-05
1415,pop15,1,0.0004379749298095703,0.0
1416,pop0,5,0.0004957199096679687,0.00013592070683988972
1416,pop1,1,0.00043201446533203125,0.0
1416,pop53,1,0.00040912628173828125,0.0
1416,pop47,1,0.00041222572326660156,0.0
1416,pop51,1,0.0004432201385498047,0.0
1416,pop29,1,0.0004189014434814453,0.0
1417,pop33,5,0.0004765510559082031,0.00013782948157557343
1417,pop50,1,0.0004401206970214844,0.0
1417,pop53,1,0.0004191398620605469,0.0
1417,pop1,1,0.00041937828063964844,0.0
1417,pop15,1,0.00041937828063964844,0.0
1418,pop50,5,0.0005133628845214843,0.00015947144190841452
1418,pop51,1,0.0004413127899169922,0.0
1418,pop29,1,0.0004038810729980469,0.0
1419,pop6,4,0.0005421042442321777,0.00018262726013512756
1419,pop7,1,0.0004169940948486328,0.0
1419,pop53,1,0.00044727325439453125,0.0
1419,pop47,1,0.00045800209045410156,0.0
1419,pop51,1,0.0004220008850097656,0.0
1419,pop8,1,0.0004334449768066406,0.0
1420,pop14,2,0.00042057037353515625,4.744529724121094e-05
1420,pop50,4,0.0005362033843994141,0.00016994019075679568
1420,pop51,1,0.0004506111145019531,0.0
1420,pop43,1,0.0004420280456542969,0.0
1420,pop40,1,0.0004429817199707031,0.0
1421,pop57,2,0.0004363059997558594,4.3392181396484375e-05
1421,pop56,1,0.00044846534729003906,0.0
1421,pop55,3,0.0005598862965901693,0.0001842832532337015
1421,pop50,1,0.0004172325134277344,0.0
1421,pop51,1,0.0004458427429199219,0.0
1421,pop29,1,0.0004355907440185547,0.0
1422,pop29,2,0.0003026723861694336,0.00014722347259521484
1422,pop51,3,0.00044528643290201825,1.8422967678483714e-05
1422,pop9,2,0.0005848407745361328,0.00015497207641601562
1422,pop52,3,0.000455935796101888,1.1294656426581163e-05
1422,pop34,1,0.0006561279296875,0.0
1422,pop54,1,0.0007965564727783203,0.0
1422,pop50,3,0.00043392181396484375,1.509524158159426e-05
1422,pop17,2,0.00044846534729003906,2.2649765014648438e-05
1422,pop31,4,0.0005083084106445312,0.0001471503361807252
1422,pop30,1,0.0008070468902587891,0.0
1423,pop0,2,0.0003648996353149414,0.00011670589447021484
1423,pop1,1,0.00041174888610839844,0.0
1423,pop53,1,0.0004603862762451172,0.0
1423,pop47,1,0.0004591941833496094,0.0
1423,pop51,3,0.0005078315734863281,0.0001128719987224354
1423,pop43,2,0.0005916357040405273,0.00013387203216552734
1423,pop52,2,0.00043392181396484375,9.059906005859375e-06
1423,pop54,1,0.0007796287536621094,0.0
1423,pop50,3,0.0004938443501790365,8.177035101814093e-05
1424,pop6,3,0.0004242261250813802,4.0636828682734394e-05
1424,pop7,1,0.00045680999755859375,0.0
1424,pop53,1,0.0004684925079345703,0.0
1424,pop50,1,0.00042629241943359375,0.0
1424,pop14,1,0.0004525184631347656,0.0
1424,pop27,2,0.0004407167434692383,1.3232231140136719e-05
1424,pop44,1,0.00045943260192871094,0.0
1424,pop39,2,0.0006514787673950195,0.0001119375228881836
1425,pop44,2,0.00043189525604248047,3.8743019104003906e-05
1425,pop27,3,0.0005691051483154297,0.00018137068227903365
1425,pop14,1,0.00043964385986328125,0.0
1425,pop50,1,0.0004253387451171875,0.0
1425,pop51,1,0.0004229545593261719,0.0
1425,pop8,1,0.0004127025604248047,0.0
1426,pop20,3,0.00039696693420410156,7.93689207043117e-05
1426,pop46,2,0.0004508495330810547,1.8358230590820312e-05
1426,pop51,1,0.0008707046508789062,0.0
1426,pop52,1,0.0004589557647705078,0.0
1426,pop50,2,0.0005186796188354492,8.52346420288086e-05
1426,pop32,1,0.0004394054412841797,0.0
1427,pop19,2,0.0003902912139892578,5.602836608886719e-05
1427,pop51,1,0.000453948974609375,0.0
1427,pop47,1,0.0004611015319824219,0.0
1427,pop53,1,0.0004277229309082031,0.0
1427,pop1,4,0.0004709959030151367,5.600616847288308e-05
1427,pop0,3,0.0005358854929606119,0.0001739425804491257
1428,pop14,2,0.00037384033203125,7.772445678710938e-05
1428,pop50,4,0.0005030035972595215,9.983183714985885e-05
1428,pop53,1,0.00040435791015625,0.0
1428,pop1,1,0.0004413127899169922,0.0
1428,pop15,1,0.0004417896270751953,0.0
1429,pop29,5,0.00046596527099609377,0.00013202445555476132
1429,pop51,1,0.0004379749298095703,0.0
1429,pop50,1,0.0004000663757324219,0.0
1429,pop17,1,0.0004191398620605469,0.0
1429,pop31,1,0.00043392181396484375,0.0
1430,pop6,4,0.0005037188529968262,0.00018667096614459315
1430,pop7,1,0.0004057884216308594,0.0
1430,pop53,1,0.0004191398620605469,0.0
1430,pop42,1,0.0004107952117919922,0.0
1430,pop43,1,0.0004324913024902344,0.0
1430,pop40,1,0.00044989585876464844,0.0
1431,pop25,2,0.00042700767517089844,1.6927719116210938e-05
1431,pop17,1,0.0004565715789794922,0.0
1431,pop50,1,0.0004239082336425781,0.0
1431,pop14,1,0.000415802001953125,0.0
1431,pop27,2,0.00042879581451416016,1.0848045349121094e-05
1431,pop44,1,0.00046062469482421875,0.0
1431,pop39,1,0.00045609474182128906,0.0
1431,pop38,3,0.0005573431650797526,0.00017663114382587776
1431,pop18,2,0.0004087686538696289,2.7060508728027344e-05
1431,pop19,2,0.00044214725494384766,5.841255187988281e-06
1431,pop51,2,0.00041866302490234375,1.1444091796875e-05
1431,pop29,2,0.0007455348968505859,4.839897155761719e-05
1432,pop21,2,0.00038123130798339844,5.7697296142578125e-05
1432,pop23,1,0.00046944618225097656,0.0
1432,pop16,1,0.0004343986511230469,0.0
1432,pop50,4,0.00048291683197021484,0.00010228247353126178
1432,pop17,1,0.00045037269592285156,0.0
1432,pop31,1,0.00041556358337402344,0.0
1433,pop13,5,0.00047087669372558594,0.00022030000562443545
1434,pop19,2,0.0004067420959472656,3.814697265625e-05
1434,pop18,3,0.00048224131266276043,6.42086607476557e-05
1434,pop38,1,0.0004353523254394531,0.0
1435,pop33,4,0.0004788041114807129,0.0001544443990766734
1435,pop50,1,0.00045228004455566406,0.0
1435,pop51,1,0.00041747093200683594,0.0
1435,pop9,1,0.0004305839538574219,0.0
1436,pop50,4,0.000522315502166748,0.0001794918541219567
1436,pop51,3,0.00043431917826334637,8.693473606284127e-06
1436,pop46,5,0.0004434108734130859,1.8838628601329085e-05
1436,pop45,2,0.0005728006362915039,0.00015795230865478516
1437,pop44,2,0.00036966800689697266,6.186962127685547e-05
1437,pop27,4,0.0004987716674804688,0.00010897646157288813
1437,pop14,1,0.00046515464782714844,0.0
1437,pop50,1,0.0004298686981201172,0.0
1437,pop52,1,0.00041604042053222656,0.0
1437,pop12,1,0.00039315223693847656,0.0
1438,pop20,3,0.00039847691853841144,4.637280520938753e-05
1438,pop46,3,0.0005583763122558594,0.00016809180541668665
1438,pop51,1,0.00039649009704589844,0.0
1438,pop47,1,0.00043702125549316406,0.0
1438,pop53,1,0.00040721893310546875,0.0
1438,pop1,1,0.00042891502380371094,0.0
1438,pop15,1,0.00044918060302734375,0.0
1439,pop25,2,0.0004029273986816406,3.528594970703125e-05
1439,pop17,1,0.0004601478576660156,0.0
1439,pop50,4,0.0005280971527099609,0.00016730003449829243
1439,pop51,1,0.00046515464782714844,0.0
1439,pop29,1,0.0004074573516845703,0.0
1440,pop13,2,0.00030803680419921875,0.00012373924255371094
1440,pop52,1,0.0004608631134033203,0.0
1440,pop51,2,0.000498652458190918,8.785724639892578e-05
1440,pop36,4,0.0005682110786437988,0.00015074799473108476
1441,pop22,3,0.0003863970438639323,8.056063083958676e-05
1441,pop51,3,0.0004475116729736328,1.6171506496683938e-05
1441,pop52,3,0.0004295508066813151,2.3660232898517614e-05
1441,pop12,2,0.000584721565246582,0.00014603137969970703
1441,pop53,2,0.00043392181396484375,1.3589859008789062e-05
1441,pop7,2,0.000453948974609375,2.86102294921875e-06
1441,pop6,2,0.0006268024444580078,0.0001919269561767578
1441,pop47,1,0.0004398822784423828,0.0
1441,pop19,2,0.00043773651123046875,8.58306884765625e-06
1441,pop18,2,0.000683903694152832,3.2186508178710938e-06
1442,pop8,2,0.0004061460494995117,6.449222564697266e-05
1442,pop51,1,0.000461578369140625,0.0
1442,pop50,3,0.0005253156026204427,0.00011222642760619049
1442,pop14,1,0.000446319580078125,0.0
1442,pop24,1,0.00042939186096191406,0.0
1443,pop57,2,0.0003509521484375,0.00011324882507324219
1443,pop56,1,0.00047397613525390625,0.0
1443,pop55,2,0.00042819976806640625,2.1696090698242188e-05
1443,pop52,3,0.0003986358642578125,1.772761447784559e-05
1443,pop54,2,0.0005815029144287109,0.00015163421630859375
1443,pop50,3,0.0005419254302978516,0.00013673965459792936
1444,pop50,5,0.0004712581634521484,0.00014457366078870498
1444,pop53,4,0.00044727325439453125,2.6021506594929225e-05
1444,pop1,3,0.000432888666788737,1.0033114116118783e-05
1444,pop0,3,0.0004930496215820312,5.9216507143685015e-05
1444,pop7,1,0.0007181167602539062,0.0
1445,pop13,3,0.0003734429677327474,0.00012196041871040052
1445,pop52,1,0.0004138946533203125,0.0
1445,pop51,2,0.0006238222122192383,0.0001882314682006836
1445,pop47,2,0.0004227161407470703,2.1457672119140625e-06
1445,pop53,2,0.0004425048828125,1.9073486328125e-05
1445,pop3,3,0.0006362597147623698,0.00016438107590947669
1446,pop12,2,0.0003510713577270508,0.00011169910430908203
1446,pop52,1,0.0004513263702392578,0.0
1446,pop53,1,0.00041794776916503906,0.0
1446,pop42,4,0.0005575418472290039,0.0001656553236593365
1447,pop33,2,0.0003756284713745117,9.620189666748047e-05
1447,pop50,1,0.0004458427429199219,0.0
1447,pop52,4,0.00042432546615600586,1.5799054096965564e-05
1447,pop54,2,0.0005573034286499023,0.0001405477523803711
1447,pop53,2,0.0004458427429199219,1.9550323486328125e-05
1447,pop3,2,0.0006291866302490234,0.0002033710479736328
1447,pop47,1,0.0004189014434814453,0.0
1447,pop51,2,0.0004431009292602539,1.919269561767578e-05
1447,pop9,1,0.0007135868072509766,0.0
1447,pop13,2,0.0006539821624755859,5.650520324707031e-05
1448,pop57,2,0.00037360191345214844,0.00013709068298339844
1448,pop56,1,0.0004470348358154297,0.0
1448,pop55,3,0.0004347960154215495,1.8255592262249078e-05
1448,pop52,1,0.00039386749267578125,0.0
1448,pop13,2,0.0006837844848632812,0.0001590251922607422
1449,pop45,2,0.0003541707992553711,9.78708267211914e-05
1449,pop44,2,0.0005997419357299805,0.00016176700592041016
1449,pop27,3,0.0004963080088297526,7.471606996726402e-05
1450,pop4,3,0.0003437995910644531,0.00012711221199203967
1450,pop51,3,0.0004455248514811198,1.6805080683274097e-05
1450,pop9,2,0.0005425214767456055,0.00015223026275634766
1450,pop46,2,0.0004388093948364258,2.777576446533203e-05
1450,pop20,2,0.0006204843521118164,2.014636993408203e-05
1451,pop29,2,0.00041747093200683594,5.14984130859375e-05
1451,pop51,5,0.0005434513092041016,0.00017423740683099694
1451,pop8,1,0.0007874965667724609,0.0
1451,pop19,2,0.0004544258117675781,1.2159347534179688e-05
1451,pop18,2,0.0005753040313720703,0.00011563301086425781
1451,pop46,3,0.0005261103312174479,0.00014626344527777054
1451,pop45,1,0.0005700588226318359,0.0
1451,pop50,2,0.000635981559753418,0.00022399425506591797
1452,pop13,2,0.00031554698944091797,0.0001665353775024414
1452,pop52,4,0.0004451274871826172,1.9813143381420833e-05
1452,pop12,2,0.0005148649215698242,6.568431854248047e-05
1452,pop37,1,0.0007715225219726562,0.0
1452,pop50,3,0.0005392233530680338,0.00015470485798028746
1453,pop12,2,0.00041663646697998047,4.9233436584472656e-05
1453,pop52,1,0.0004589557647705078,0.0
1453,pop50,2,0.00043511390686035156,1.33514404296875e-05
1453,pop14,1,0.00044989585876464844,0.0
1453,pop27,3,0.0005171298980712891,8.19614509982903e-05
1453,pop44,1,0.0004553794860839844,0.0
1453,pop39,1,0.0004050731658935547,0.0
1454,pop21,2,0.00043785572052001953,2.968311309814453e-05
1454,pop23,1,0.0004239082336425781,0.0
1454,pop16,1,0.0004353523254394531,0.0
1454,pop50,4,0.000531613826751709,0.0001585439967330828
1454,pop14,1,0.0004475116729736328,0.0
1454,pop27,1,0.00046324729919433594,0.0
1454,pop44,1,0.0004177093505859375,0.0
1454,pop39,1,0.0004279613494873047,0.0
1455,pop19,2,0.0003908872604370117,6.473064422607422e-05
1455,pop51,1,0.00041794776916503906,0.0
1455,pop50,3,0.0005114873250325521,0.0001211176289829101
1455,pop17,1,0.0004410743713378906,0.0
1455,pop31,1,0.00045037269592285156,0.0
1456,pop29,4,0.00042557716369628906,3.714550750383986e-05
1456,pop51,1,0.000415802001953125,0.0
1456,pop50,2,0.0006270408630371094,0.00017905235290527344
1456,pop17,1,0.0004153251647949219,0.0
1456,pop31,1,0.0004069805145263672,0.0
1456,pop30,1,0.0004355907440185547,0.0
1456,pop48,1,0.0004551410675048828,0.0
1456,pop49,1,0.0004150867462158203,0.0
1457,pop54,2,0.000438690185546875,4.57763671875e-05
1457,pop52,1,0.0004336833953857422,0.0
1457,pop51,1,0.00045943260192871094,0.0
1457,pop43,4,0.0004786849021911621,6.137955972217656e-05
1457,pop40,1,0.00043892860412597656,0.0
1458,pop20,2,0.0004137754440307617,4.8041343688964844e-05
1458,pop46,1,0.000423431396484375,0.0
1458,pop51,1,0.0004630088806152344,0.0
1458,pop50,3,0.00043662389119466144,2.0662637855029547e-05
1458,pop17,1,0.0004267692565917969,0.0
1458,pop31,2,0.000563502311706543,2.968311309814453e-05
1459,pop22,4,0.0004779696464538574,0.0001610369145169623
1459,pop51,1,0.0004277229309082031,0.0
1459,pop46,1,0.0004379749298095703,0.0
1459,pop45,1,0.00042557716369628906,0.0
1460,pop50,5,0.00045857429504394533,0.00014045356469281344
1460,pop52,1,0.00044274330139160156,0.0
1460,pop54,1,0.00041031837463378906,0.0
1461,pop54,2,0.0004476308822631836,2.7060508728027344e-05
1461,pop52,1,0.0004162788391113281,0.0
1461,pop51,1,0.0004534721374511719,0.0
1461,pop46,4,0.00046503543853759766,5.442906091072531e-05
1461,pop45,2,0.0006554126739501953,0.000209808349609375
1462,pop0,5,0.0004982948303222656,0.0001495485549992857
1462,pop1,1,0.00046515464782714844,0.0
1462,pop53,1,0.0004360675811767578,0.0
1462,pop50,1,0.0004227161407470703,0.0
1462,pop17,1,0.00044727325439453125,0.0
1462,pop31,1,0.00044417381286621094,0.0
1462,pop30,1,0.000415802001953125,0.0
1462,pop48,1,0.00041103363037109375,0.0
1462,pop49,1,0.0004420280456542969,0.0
1463,pop33,3,0.00039378801981608075,7.632283153995382e-05
1463,pop50,2,0.0004413127899169922,1.7642974853515625e-05
1463,pop52,3,0.00042756398518880207,2.1498546993269127e-05
1463,pop12,2,0.0006183385848999023,0.00017940998077392578
1463,pop51,2,0.00046324729919433594,1.430511474609375e-06
1463,pop46,1,0.0008168220520019531,0.0
1463,pop47,1,0.00046062469482421875,0.0
1463,pop53,2,0.00042319297790527344,2.86102294921875e-06
1463,pop1,2,0.0004520416259765625,1.7404556274414062e-05
1463,pop15,2,0.0007412433624267578,0.00010538101196289062
1464,pop20,4,0.0004642605781555176,0.00016883733976945104
1464,pop46,1,0.00042176246643066406,0.0
1464,pop51,1,0.0004467964172363281,0.0
1464,pop43,1,0.0004551410675048828,0.0
1464,pop40,1,0.0004088878631591797,0.0
1465,pop54,2,0.0004259347915649414,1.5854835510253906e-05
1465,pop52,1,0.0004291534423828125,0.0
1465,pop51,1,0.00046181678771972656,0.0
1465,pop29,4,0.0005583763122558594,0.0001434000053007258
1466,pop14,2,0.00040280818939208984,5.447864532470703e-05
1466,pop27,2,0.00045287609100341797,1.1086463928222656e-05
1466,pop44,1,0.0004467964172363281,0.0
1466,pop39,2,0.0006198883056640625,8.654594421386719e-05
1467,pop6,4,0.0005055069923400879,0.0001562328019457173
1467,pop7,1,0.00044417381286621094,0.0
1467,pop53,1,0.0004329681396484375,0.0
1467,pop50,1,0.00043892860412597656,0.0
1467,pop14,1,0.0004143714904785156,0.0
1467,pop27,1,0.00043272972106933594,0.0
1467,pop44,1,0.0004477500915527344,0.0
1467,pop39,1,0.00041174888610839844,0.0
1467,pop38,1,0.000431060791015625,0.0
1468,pop45,2,0.00035583972930908203,8.738040924072266e-05
1468,pop46,1,0.0004591941833496094,0.0
1468,pop51,1,0.0004489421844482422,0.0
1468,pop52,3,0.00045498212178548175,1.0019885706885328e-05
1468,pop54,2,0.0006082057952880859,0.00018095970153808594
1468,pop50,2,0.0004194974899291992,6.079673767089844e-06
1468,pop33,4,0.0005826950073242188,0.00017089615241826323
1469,pop4,2,0.0002868175506591797,0.0001590251922607422
1469,pop51,2,0.000605463981628418,0.00016939640045166016
1469,pop50,4,0.0004921555519104004,6.937087036702207e-05
1469,pop14,1,0.0007028579711914062,0.0
1470,pop12,2,0.0003631114959716797,7.843971252441406e-05
1470,pop52,1,0.0004756450653076172,0.0
1470,pop50,4,0.00047469139099121094,0.00011485924853862565
1470,pop32,1,0.000400543212890625,0.0
1471,pop50,2,0.00040853023529052734,3.063678741455078e-05
1471,pop17,1,0.0004191398620605469,0.0
1471,pop31,4,0.0005049705505371094,8.809832657960328e-05
1471,pop30,1,0.0004456043243408203,0.0
1471,pop48,1,0.00043702125549316406,0.0
1471,pop49,1,0.0003914833068847656,0.0
1472,pop33,5,0.0004940509796142578,0.00015983168999530585
1472,pop50,1,0.0004470348358154297,0.0
1472,pop17,1,0.00045228004455566406,0.0
1472,pop31,1,0.0004096031188964844,0.0
1472,pop30,1,0.0004394054412841797,0.0
1472,pop48,1,0.00044083595275878906,0.0
1472,pop49,1,0.0004284381866455078,0.0
1473,pop21,2,0.0003857612609863281,0.00011754035949707031
1473,pop22,4,0.0004928112030029297,0.00014593330320646097
1473,pop51,1,0.0004241466522216797,0.0
1473,pop43,1,0.0004367828369140625,0.0
1473,pop40,1,0.0004322528839111328,0.0
1474,pop19,2,0.0003342628479003906,0.00010371208190917969
1474,pop51,1,0.00045752525329589844,0.0
1474,pop46,3,0.0004821618398030599,7.154605713463019e-05
1474,pop45,1,0.00041031837463378906,0.0
1475,pop29,2,0.0003916025161743164,3.5881996154785156e-05
1475,pop51,1,0.00039386749267578125,0.0
1475,pop50,2,0.0004373788833618164,4.649162292480469e-06
1475,pop17,1,0.000423431396484375,0.0
1475,pop31,2,0.0004411935806274414,1.0132789611816406e-05
1475,pop30,1,0.0004534721374511719,0.0
1475,pop48,2,0.0005193948745727539,7.11679458618164e-05
1475,pop49,1,0.0004031658172607422,0.0
1476,pop20,5,0.0005068778991699219,0.00018084937968383823
1476,pop46,1,0.0004563331604003906,0.0
1476,pop51,1,0.00041413307189941406,0.0
1476,pop19,1,0.0004405975341796875,0.0
1476,pop18,1,0.00044608116149902344,0.0
1476,pop38,1,0.00040650367736816406,0.0
1477,pop14,2,0.0003968477249145508,5.3048133850097656e-05
1477,pop27,4,0.0005093216896057129,0.00013787680413765728
1477,pop44,1,0.0004336833953857422,0.0
1477,pop39,1,0.00044035911560058594,0.0
1477,pop38,1,0.0003936290740966797,0.0
1478,pop44,2,0.00040972232818603516,3.0159950256347656e-05
1478,pop27,4,0.0005248785018920898,0.00018496445909914555
1478,pop14,1,0.00043487548828125,0.0
1478,pop50,1,0.0003986358642578125,0.0
1478,pop51,1,0.0004322528839111328,0.0
1478,pop8,1,0.00040984153747558594,0.0
1479,pop25,2,0.00038433074951171875,4.220008850097656e-05
1479,pop17,1,0.00044345855712890625,0.0
1479,pop50,2,0.0003904104232788086,8.463859558105469e-06
1479,pop14,1,0.0004744529724121094,0.0
1479,pop27,3,0.0005474885304768881,0.0001592142697448878
1479,pop44,1,0.0004265308380126953,0.0
1479,pop39,1,0.00044846534729003906,0.0
1479,pop38,1,0.0004119873046875,0.0
1480,pop12,2,0.0003693103790283203,7.200241088867188e-05
1480,pop52,1,0.00045609474182128906,0.0
1480,pop53,1,0.0004401206970214844,0.0
1480,pop1,3,0.00042812029520670575,1.587747608130003e-05
1480,pop15,2,0.0005849599838256836,2.7298927307128906e-05
1481,pop21,2,0.0003528594970703125,7.700920104980469e-05
1481,pop23,1,0.0004756450653076172,0.0
1481,pop24,2,0.0006271600723266602,0.00015342235565185547
1481,pop14,2,0.00043320655822753906,1.9311904907226562e-05
1481,pop50,9,0.0004723866780598958,9.373162627501789e-05
1481,pop52,4,0.00043338537216186523,1.693978265947929e-05
1481,pop54,2,0.0007044076919555664,3.039836883544922e-05
1481,pop17,1,0.00070953369140625,0.0
1481,pop16,1,0.0006415843963623047,0.0
1481,pop35,1,0.00083160400390625,0.0
1482,pop14,2,0.0003542900085449219,8.0108642578125e-05
1482,pop50,6,0.0004911422729492188,9.981550732124088e-05
1482,pop52,3,0.00045180320739746094,3.2330708028515426e-05
1482,pop34,2,0.0005946159362792969,0.0001544952392578125
1482,pop35,1,0.0007004737854003906,0.0
1483,pop8,2,0.0003905296325683594,8.034706115722656e-05
1483,pop51,1,0.0004627704620361328,0.0
1483,pop50,3,0.000511010487874349,0.00010510921909712397
1483,pop32,1,0.0004353523254394531,0.0
1484,pop22,5,0.0005071163177490234,0.00015777611352010287
1484,pop51,1,0.00043487548828125,0.0
1484,pop29,1,0.00039958953857421875,0.0
1485,pop29,5,0.00047192573547363283,0.0001521758088182634
1485,pop51,1,0.0004355907440185547,0.0
1485,pop52,1,0.000461578369140625,0.0
1485,pop13,1,0.0004303455352783203,0.0
1486,pop44,2,0.00031745433807373047,0.00014770030975341797
1486,pop27,4,0.00047838687896728516,9.305924891793682e-05
1486,pop14,1,0.0004127025604248047,0.0
1486,pop24,1,0.00043129920959472656,0.0
1487,pop57,2,0.0003848075866699219,9.584426879882812e-05
1487,pop56,1,0.0004589557647705078,0.0
1487,pop55,4,0.0004969239234924316,0.00010717417349308391
1487,pop50,1,0.00043892860412597656,0.0
1487,pop32,1,0.0004024505615234375,0.0
1488,pop0,4,0.0005404353141784668,0.00018177625497536366
1488,pop1,1,0.0004138946533203125,0.0
1488,pop53,1,0.00042510032653808594,0.0
1488,pop47,1,0.0004305839538574219,0.0
1488,pop51,1,0.0004401206970214844,0.0
1488,pop29,1,0.0004115104675292969,0.0
1489,pop54,2,0.00032532215118408203,0.0001455545425415039
1489,pop52,3,0.0004570484161376953,1.1405947482173614e-05
1489,pop34,2,0.0005898475646972656,0.00015687942504882812
1489,pop50,4,0.0005000829696655273,0.0001014422024394874
1489,pop14,2,0.00044786930084228516,1.9431114196777344e-05
1489,pop24,1,0.000766754150390625,0.0
1490,pop12,2,0.00045359134674072266,1.9431114196777344e-05
1490,pop52,1,0.0004405975341796875,0.0
1490,pop50,1,0.0004210472106933594,0.0
1490,pop14,1,0.00048661231994628906,0.0
1490,pop27,3,0.0005527337392171224,0.0001579848092108864
1490,pop44,1,0.00040721893310546875,0.0
1490,pop39,1,0.00045561790466308594,0.0
1490,pop38,1,0.0003974437713623047,0.0
1491,pop13,4,0.0004196763038635254,5.914712189541098e-05
1491,pop52,1,0.0004343986511230469,0.0
1491,pop53,1,0.0004661083221435547,0.0
1491,pop1,2,0.0004971027374267578,8.487701416015625e-05
1491,pop0,1,0.0004284381866455078,0.0
1492,pop4,4,0.0004037618637084961,3.13212058125887e-05
1492,pop51,1,0.00045418739318847656,0.0
1492,pop47,1,0.00041866302490234375,0.0
1492,pop53,1,0.00046062469482421875,0.0
1492,pop1,2,0.0005078315734863281,6.318092346191406e-05
1492,pop15,1,0.0004379749298095703,0.0
1493,pop50,3,0.0005733966827392578,0.000208178970159409
1493,pop53,1,0.00045108795166015625,0.0
1493,pop42,3,0.000496069590250651,8.485744133962396e-05
1493,pop43,1,0.0003871917724609375,0.0
1493,pop40,1,0.0004048347473144531,0.0
1494,pop57,2,0.000423431396484375,5.078315734863281e-05
1494,pop56,1,0.0004265308380126953,0.0
1494,pop55,1,0.00045561790466308594,0.0
1494,pop50,3,0.00045943260192871094,3.1605228235763344e-05
1494,pop51,3,0.0004478295644124349,1.6119086564607946e-05
1494,pop29,3,0.0005248387654622396,0.0001331125087820876
1494,pop52,4,0.00042873620986938477,2.4481406105450024e-05
1494,pop34,2,0.0007909536361694336,9.02414321899414e-05
1494,pop53,2,0.0004483461380004883,1.8477439880371094e-05
1494,pop47,1,0.0007505416870117188,0.0
1494,pop14,2,0.0004521608352661133,4.649162292480469e-06
1494,pop27,2,0.0006291866302490234,0.00018477439880371094
1495,pop19,2,0.0004254579544067383,4.112720489501953e-05
1495,pop51,1,0.00044345855712890625,0.0
1495,pop50,4,0.0004385709762573242,7.491239234621513e-06
1495,pop14,3,0.0004432201385498047,1.0405179725672802e-05
1495,pop24,2,0.0005954504013061523,0.00015175342559814453
1495,pop53,2,0.0004411935806274414,2.9921531677246094e-05
1495,pop3,3,0.0006533463795979818,0.00014000488081940523
1496,pop54,2,0.00040400028228759766,6.80685043334961e-05
1496,pop52,1,0.000423431396484375,0.0
1496,pop53,1,0.00048279762268066406,0.0
1496,pop1,4,0.0004877448081970215,6.369332929835441e-05
1496,pop15,1,0.0004525184631347656,0.0
1497,pop25,2,0.00036895275115966797,8.33272933959961e-05
1497,pop17,1,0.00041747093200683594,0.0
1497,pop50,3,0.0005307992299397787,0.0001046133948321366
1497,pop53,1,0.0004417896270751953,0.0
1497,pop42,1,0.00040841102600097656,0.0
1498,pop21,2,0.00041472911834716797,5.5670738220214844e-05
1498,pop23,1,0.00044083595275878906,0.0
1498,pop16,1,0.00045752525329589844,0.0
1498,pop50,1,0.0004870891571044922,0.0
1498,pop53,1,0.00042366981506347656,0.0
1498,pop1,4,0.00048023462295532227,7.039656779875805e-05
1498,pop0,1,0.0004458427429199219,0.0
1499,pop50,3,0.00042184193929036457,3.445641127856606e-05
1499,pop51,3,0.00044798851013183594,1.82334365688583e-05
1499,pop8,2,0.0005594491958618164,0.00015866756439208984
1499,pop36,3,0.0005703767140706381,0.00016672686224022574
1500,pop8,2,0.0003641843795776367,0.00011265277862548828
1500,pop51,3,0.00043956438700358075,1.007081382602913e-05
1500,pop46,3,0.00042859713236490887,9.873203502959755e-06
1500,pop45,2,0.0006023645401000977,0.00020778179168701172
1500,pop50,3,0.0005574226379394531,0.00018101858982664168
1501,pop22,5,0.0004530906677246094,0.00013851701694039332
1501,pop51,1,0.00043892860412597656,0.0
1501,pop52,1,0.0004305839538574219,0.0
1501,pop12,1,0.0004105567932128906,0.0
1502,pop44,2,0.0003744363784790039,7.832050323486328e-05
1502,pop27,3,0.0005749861399332682,0.00013877932054268688
1502,pop14,1,0.0004096031188964844,0.0
1502,pop50,1,0.0004291534423828125,0.0
1502,pop51,1,0.00043773651123046875,0.0
1502,pop9,1,0.00040078163146972656,0.0
1503,pop19,2,0.00036716461181640625,7.390975952148438e-05
1503,pop51,1,0.0004241466522216797,0.0
1503,pop52,3,0.00043384234110514325,3.786095710742322e-05
1503,pop54,2,0.0005983114242553711,0.00016891956329345703
1503,pop53,2,0.0004203319549560547,2.6226043701171875e-06
1503,pop1,4,0.0005021095275878906,0.00011996423565051945
1504,pop21,2,0.0003063678741455078,0.00011849403381347656
1504,pop22,4,0.0004895329475402832,8.684073555404004e-05
1504,pop51,1,0.00043320655822753906,0.0
1504,pop9,1,0.0003993511199951172,0.0
1505,pop8,2,0.000385284423828125,6.67572021484375e-05
1505,pop51,1,0.00042939186096191406,0.0
1505,pop50,3,0.0005215009053548177,0.0001208749016585013
1505,pop17,1,0.0004119873046875,0.0
1505,pop31,1,0.0004076957702636719,0.0
1506,pop22,3,0.00042049090067545575,4.8379719375824086e-05
1506,pop51,1,0.00047206878662109375,0.0
1506,pop50,1,0.0004124641418457031,0.0
1506,pop14,1,0.0004360675811767578,0.0
1506,pop27,3,0.0004913806915283203,8.836703022824458e-05
1506,pop44,1,0.0004374980926513672,0.0
1507,pop44,2,0.0003676414489746094,7.939338684082031e-05
1507,pop27,4,0.0005213022232055664,0.00012107891007650211
1507,pop14,1,0.0004382133483886719,0.0
1507,pop50,1,0.00042057037353515625,0.0
1507,pop52,1,0.00044608116149902344,0.0
1507,pop12,1,0.00044274330139160156,0.0
1508,pop6,3,0.0003654956817626953,9.060407925806901e-05
1508,pop7,1,0.00045490264892578125,0.0
1508,pop53,1,0.00047135353088378906,0.0
1508,pop52,4,0.00044077634811401367,7.069372201241539e-06
1508,pop12,2,0.0005843639373779297,0.00015807151794433594
1508,pop51,2,0.0004483461380004883,3.5762786865234375e-07
1508,pop9,1,0.0007991790771484375,0.0
1508,pop55,2,0.0005562305450439453,9.965896606445312e-05
1509,pop45,2,0.0003838539123535156,6.67572021484375e-05
1509,pop46,3,0.00043265024820963543,6.013738127515352e-06
1509,pop51,1,0.0004520416259765625,0.0
1509,pop50,2,0.0005512237548828125,0.0001251697540283203
1509,pop17,1,0.00044465065002441406,0.0
1509,pop31,1,0.0004169940948486328,0.0
1510,pop33,3,0.0003884633382161458,8.520105859258224e-05
1510,pop50,2,0.0005646944046020508,0.00012505054473876953
1510,pop52,1,0.00042748451232910156,0.0
1510,pop13,1,0.0004336833953857422,0.0
1511,pop13,3,0.00040276845296223957,6.41230254071119e-05
1511,pop52,1,0.00045752525329589844,0.0
1511,pop50,4,0.000440061092376709,1.981771528331051e-05
1511,pop17,3,0.00043582916259765625,2.3292734601590376e-05
1511,pop31,2,0.0006000995635986328,0.00020074844360351562
1511,pop51,2,0.0004209280014038086,7.271766662597656e-06
1511,pop10,2,0.0007725954055786133,2.7418136596679688e-06
1512,pop20,5,0.0004535675048828125,0.00013940867458996512
1512,pop46,1,0.0004420280456542969,0.0
1512,pop51,1,0.00043010711669921875,0.0
1512,pop52,1,0.0004153251647949219,0.0
1512,pop34,1,0.0004355907440185547,0.0
1513,pop54,2,0.00030040740966796875,0.00014925003051757812
1513,pop52,4,0.00044971704483032227,1.1661051241465719e-05
1513,pop12,2,0.0005459785461425781,0.0001437664031982422
1513,pop37,1,0.0005745887756347656,0.0
1513,pop13,3,0.0005771319071451823,8.866464664514279e-05
1514,pop8,2,0.0003465414047241211,0.00010097026824951172
1514,pop51,1,0.0004551410675048828,0.0
1514,pop43,5,0.0004696846008300781,7.490275498400714e-05
1514,pop40,2,0.000601649284362793,0.00015866756439208984
1515,pop6,3,0.00040340423583984375,3.206057696694968e-05
1515,pop7,1,0.0004603862762451172,0.0
1515,pop53,1,0.00042057037353515625,0.0
1515,pop47,1,0.00043201446533203125,0.0
1515,pop51,3,0.00046022733052571613,1.5883441842847663e-05
1515,pop8,2,0.0006070137023925781,0.00017070770263671875
1515,pop50,3,0.0005667209625244141,0.00019157384094845093
1516,pop33,5,0.0003943920135498047,0.00013435756592583155
1516,pop32,1,0.00043392181396484375,0.0
1517,pop14,2,0.0003300905227661133,0.0001093149185180664
1517,pop50,2,0.00044667720794677734,1.9431114196777344e-05
1517,pop32,3,0.0006059010823567709,0.00015245997676868094
1518,pop50,3,0.0004291534423828125,6.194938725256766e-05
1518,pop14,1,0.0004515647888183594,0.0
1518,pop27,3,0.00047524770100911457,6.2002991420091e-05
1518,pop44,1,0.00043320655822753906,0.0
1519,pop13,5,0.0004926681518554688,0.0001607793926992009
1519,pop52,1,0.00045490264892578125,0.0
1519,pop50,1,0.00042176246643066406,0.0
1519,pop14,1,0.00043582916259765625,0.0
1519,pop27,1,0.000457763671875,0.0
1519,pop44,1,0.0004420280456542969,0.0
1519,pop39,1,0.00043010711669921875,0.0
1520,pop54,2,0.00032258033752441406,0.0001595020294189453
1520,pop52,3,0.0004431406656901042,3.0681258908425494e-05
1520,pop12,2,0.0006273984909057617,0.0002187490463256836
1520,pop51,4,0.00044548511505126953,1.454988325356476e-05
1520,pop8,1,0.00078582763671875,0.0
1520,pop50,4,0.0004299283027648926,1.1837638515891932e-05
1520,pop17,1,0.0007846355438232422,0.0
1520,pop36,2,0.0007503032684326172,3.218650817871094e-05
1521,pop29,5,0.00046977996826171877,0.00022281287607891934
1522,pop20,2,0.00041866302490234375,5.91278076171875e-05
1522,pop46,1,0.0005137920379638672,0.0
1522,pop51,2,0.0006144046783447266,0.0001678466796875
1522,pop50,6,0.0005534092585245768,0.00017588383917085465
1522,pop16,1,0.0004608631134033203,0.0
1522,pop23,1,0.00042748451232910156,0.0
1522,pop24,2,0.0005896091461181641,0.00013494491577148438
1522,pop14,2,0.0004233121871948242,2.9802322387695312e-06
1522,pop17,2,0.0004712343215942383,1.2278556823730469e-05
1522,pop31,2,0.0005780458450317383,0.00011622905731201172
1522,pop26,1,0.0007786750793457031,0.0
1523,pop6,4,0.0004731416702270508,0.00015074206745451887
1523,pop7,1,0.0004367828369140625,0.0
1523,pop53,1,0.0004260540008544922,0.0
1523,pop50,1,0.0004341602325439453,0.0
1523,pop14,1,0.0004229545593261719,0.0
1523,pop24,1,0.0004525184631347656,0.0
1524,pop33,5,0.000463104248046875,0.00014141205477638736
1524,pop50,1,0.0004305839538574219,0.0
1524,pop52,1,0.0004127025604248047,0.0
1524,pop12,1,0.0004322528839111328,0.0
1525,pop0,4,0.0004247426986694336,1.7422917883392265e-05
1525,pop1,2,0.000645756721496582,0.00018227100372314453
1525,pop53,1,0.0004138946533203125,0.0
1525,pop50,1,0.0004398822784423828,0.0
1525,pop17,1,0.00044345855712890625,0.0
1525,pop31,1,0.0004057884216308594,0.0
1525,pop30,1,0.00041604042053222656,0.0
1525,pop48,1,0.0004482269287109375,0.0
1525,pop49,1,0.0004494190216064453,0.0
1526,pop12,2,0.0003972053527832031,5.221366882324219e-05
1526,pop52,1,0.0004887580871582031,0.0
1526,pop55,1,0.0004563331604003906,0.0
1526,pop56,1,0.00041675567626953125,0.0
1526,pop48,4,0.0004696846008300781,4.735265485791545e-05
1526,pop49,1,0.00043773651123046875,0.0
1527,pop21,2,0.0003153085708618164,0.00013911724090576172
1527,pop22,2,0.0004502534866333008,7.748603820800781e-06
1527,pop51,3,0.0004459222157796224,1.7774936115194028e-05
1527,pop9,2,0.0005804300308227539,0.00016891956329345703
1527,pop50,3,0.0005319913228352865,0.00013501065910189624
1528,pop54,2,0.0003209114074707031,0.00014829635620117188
1528,pop52,3,0.0004486242930094401,2.2298900521160962e-05
1528,pop13,2,0.0005981922149658203,0.000194549560546875
1528,pop51,2,0.00046575069427490234,5.364418029785156e-06
1528,pop46,1,0.000736236572265625,0.0
1528,pop47,1,0.0004456043243408203,0.0
1528,pop53,3,0.0004451274871826172,3.520208134706831e-06
1528,pop7,1,0.0008330345153808594,0.0
1528,pop42,3,0.000518957773844401,0.00011509492108171469
1529,pop20,4,0.0004628896713256836,0.00014572880987474363
1529,pop46,1,0.00042438507080078125,0.0
1529,pop51,1,0.00042629241943359375,0.0
1529,pop52,1,0.00042510032653808594,0.0
1529,pop54,1,0.0004069805145263672,0.0
1530,pop4,4,0.0004279613494873047,7.209156529333842e-05
1530,pop51,4,0.00044929981231689453,1.2136536125397097e-05
1530,pop52,3,0.00042359034220377606,1.4201868961126377e-05
1530,pop54,2,0.0005776882171630859,0.00014257431030273438
1530,pop22,1,0.0005855560302734375,0.0
1530,pop10,2,0.0006963014602661133,2.4437904357910156e-05
1531,pop57,2,0.0004241466522216797,4.315376281738281e-05
1531,pop56,1,0.00045800209045410156,0.0
1531,pop55,4,0.0005280375480651855,0.00015790109658896274
1531,pop50,1,0.00045108795166015625,0.0
1531,pop14,1,0.0004162788391113281,0.0
1531,pop27,1,0.0004229545593261719,0.0
1531,pop44,1,0.0004420280456542969,0.0
1531,pop39,1,0.0004165172576904297,0.0
1531,pop38,1,0.0004303455352783203,0.0
1532,pop29,3,0.00045037269592285156,1.8683053482178312e-05
1532,pop51,3,0.0004238287607828776,2.349306990149925e-05
1532,pop8,2,0.0006555318832397461,0.00022494792938232422
1532,pop50,2,0.00043022632598876953,4.887580871582031e-06
1532,pop17,2,0.0004297494888305664,1.6570091247558594e-05
1532,pop31,3,0.00044981638590494793,1.2250683967166532e-05
1532,pop30,2,0.0004584789276123047,1.0967254638671875e-05
1532,pop48,2,0.00042748451232910156,1.0251998901367188e-05
1532,pop49,2,0.0008058547973632812,8.58306884765625e-06
1533,pop6,2,0.0003827810287475586,3.4928321838378906e-05
1533,pop7,1,0.0004534721374511719,0.0
1533,pop53,1,0.0004634857177734375,0.0
1533,pop50,1,0.0004329681396484375,0.0
1533,pop14,1,0.000446319580078125,0.0
1533,pop27,4,0.00048172473907470703,0.00010349130974438463
1533,pop44,1,0.0004150867462158203,0.0
1533,pop39,1,0.00040531158447265625,0.0
1534,pop21,2,0.0003452301025390625,6.794929504394531e-05
1534,pop23,1,0.00045680999755859375,0.0
1534,pop16,1,0.0004291534423828125,0.0
1534,pop50,1,0.0004680156707763672,0.0
1534,pop32,4,0.0005415678024291992,0.00012971882512683995
1535,pop0,2,0.00048732757568359375,2.7418136596679688e-05
1535,pop1,1,0.0004572868347167969,0.0
1535,pop53,1,0.00041103363037109375,0.0
1535,pop50,1,0.00041675567626953125,0.0
1535,pop14,1,0.0004494190216064453,0.0
1535,pop27,4,0.0004763007164001465,8.407126859226501e-05
1535,pop44,1,0.0004515647888183594,0.0
1535,pop39,1,0.00040912628173828125,0.0
1536,pop6,2,0.0004118680953979492,0.0001016855239868164
1536,pop7,1,0.0004532337188720703,0.0
1536,pop53,1,0.00039696693420410156,0.0
1536,pop50,1,0.00041413307189941406,0.0
1536,pop32,3,0.000557104746500651,0.0001266018868785737
1537,pop25,2,0.000362396240234375,0.00011134147644042969
1537,pop17,1,0.00042366981506347656,0.0
1537,pop50,1,0.00041174888610839844,0.0
1537,pop51,2,0.0005279779434204102,0.0001329183578491211
1537,pop36,3,0.0005826950073242188,0.00012794128323442532
1538,pop13,2,0.0004099607467651367,7.56978988647461e-05
1538,pop52,1,0.000461578369140625,0.0
1538,pop50,4,0.0005011558532714844,0.00011946269757907655
1538,pop17,3,0.0004436969757080078,2.328541227264316e-05
1538,pop31,3,0.0004952748616536459,0.0001089052527730682
1539,pop57,2,0.0003733634948730469,0.00011301040649414062
1539,pop56,1,0.0004515647888183594,0.0
1539,pop55,1,0.000457763671875,0.0
1539,pop50,1,0.00043320655822753906,0.0
1539,pop32,3,0.0005528926849365234,0.00010965958808970575
1540,pop19,2,0.0004012584686279297,7.2479248046875e-05
1540,pop51,3,0.0004649957021077474,9.539391891558111e-06
1540,pop52,3,0.0004425843556722005,1.3638339282457444e-05
1540,pop54,2,0.0005272626876831055,9.381771087646484e-05
1540,pop55,1,0.0007443428039550781,0.0
1540,pop50,1,0.0004482269287109375,0.0
1540,pop10,4,0.0005705356597900391,0.0001280377695102756
1541,pop25,2,0.0003210306167602539,0.0001443624496459961
1541,pop17,3,0.00043193499247233075,1.263443516869697e-05
1541,pop31,3,0.0005480448404947916,0.00015892660502896295
1541,pop50,2,0.00042128562927246094,1.6927719116210938e-05
1541,pop53,2,0.0004438161849975586,1.537799835205078e-05
1541,pop1,2,0.00043487548828125,1.8835067749023438e-05
1541,pop15,2,0.0007467269897460938,9.298324584960938e-06
1542,pop57,2,0.0004210472106933594,4.3392181396484375e-05
1542,pop56,1,0.00046539306640625,0.0
1542,pop55,2,0.0004432201385498047,5.7220458984375e-06
1542,pop50,3,0.0005484422047932943,0.00015617676717274696
1542,pop14,1,0.0004086494445800781,0.0
1542,pop27,1,0.0004367828369140625,0.0
1542,pop44,1,0.0004119873046875,0.0
1542,pop39,1,0.00046062469482421875,0.0
1543,pop22,4,0.00046563148498535156,0.00014362132167900816
1543,pop51,1,0.00043702125549316406,0.0
1543,pop46,1,0.00044989585876464844,0.0
1543,pop45,1,0.0004277229309082031,0.0
1544,pop44,2,0.0003911256790161133,7.49826431274414e-05
1544,pop27,4,0.0005103349685668945,0.00013592049564360113
1544,pop14,1,0.00044536590576171875,0.0
1544,pop50,1,0.0004165172576904297,0.0
1544,pop52,1,0.0004601478576660156,0.0
1544,pop13,1,0.00044083595275878906,0.0
1545,pop12,2,0.00040924549102783203,4.279613494873047e-05
1545,pop52,1,0.0004165172576904297,0.0
1545,pop51,1,0.0004668235778808594,0.0
1545,pop29,4,0.0005647540092468262,0.0001496849463592572
1546,pop54,2,0.0003764629364013672,7.653236389160156e-05
1546,pop52,1,0.0004227161407470703,0.0
1546,pop50,3,0.00043320655822753906,1.1000031406699406e-05
1546,pop32,2,0.0006998777389526367,0.0001710653305053711
1547,pop20,2,0.00041115283966064453,5.7578086853027344e-05
1547,pop46,2,0.0004401206970214844,1.7642974853515625e-05
1547,pop51,1,0.0004646778106689453,0.0
1547,pop47,1,0.0004286766052246094,0.0
1547,pop53,3,0.0004394054412841797,7.587057104023376e-06
1547,pop1,4,0.0004404783248901367,1.1612355505777104e-05
1547,pop15,2,0.000621795654296875,0.0001823902130126953
1547,pop50,2,0.0006024837493896484,0.00014901161193847656
1548,pop57,2,0.0003389120101928711,0.00010597705841064453
1548,pop56,1,0.0003960132598876953,0.0
1548,pop55,3,0.0004352728525797526,2.4020269218059555e-05
1548,pop52,3,0.00044528643290201825,8.530662812038242e-06
1548,pop34,2,0.0005795955657958984,0.00015354156494140625
1548,pop51,2,0.00044035911560058594,1.7881393432617188e-05
1548,pop43,2,0.0007588863372802734,5.7220458984375e-06
1549,pop45,2,0.00037026405334472656,0.00010395050048828125
1549,pop46,2,0.0005658864974975586,0.0001424551010131836
1549,pop51,3,0.00045148531595865887,5.296733443880601e-06
1549,pop52,5,0.00044116973876953127,2.371976106408452e-05
1549,pop13,3,0.0005290508270263672,0.00014345945261956924
1549,pop34,1,0.000751495361328125,0.0
1549,pop55,3,0.0005069573720296224,0.00010585379187032417
1550,pop29,4,0.0004150271415710449,0.0001910492701058624
1550,pop51,2,0.00046646595001220703,2.2530555725097656e-05
1550,pop46,3,0.0006512800852457682,0.00014315526316990517
1551,pop21,2,0.00042235851287841797,4.374980926513672e-05
1551,pop23,1,0.00042557716369628906,0.0
1551,pop16,1,0.00045490264892578125,0.0
1551,pop50,3,0.0005424817403157552,0.0001840630892153244
1551,pop17,1,0.0004131793975830078,0.0
1551,pop31,1,0.00041604042053222656,0.0
1551,pop30,1,0.0004475116729736328,0.0
1551,pop48,1,0.0004413127899169922,0.0
1551,pop49,1,0.0004000663757324219,0.0
1552,pop25,2,0.0004163980484008789,4.6133995056152344e-05
1552,pop17,1,0.00040459632873535156,0.0
1552,pop50,3,0.0005564689636230469,0.00018130485419436688
1552,pop51,1,0.00041174888610839844,0.0
1552,pop43,1,0.0004534721374511719,0.0
1552,pop40,1,0.0004372596740722656,0.0
1553,pop8,2,0.00040328502655029297,6.186962127685547e-05
1553,pop51,1,0.0004239082336425781,0.0
1553,pop47,1,0.0004467964172363281,0.0
1553,pop53,1,0.0004336833953857422,0.0
1553,pop1,5,0.00046839714050292967,7.158064311714155e-05
1553,pop0,2,0.0006296634674072266,0.000194549560546875
1554,pop0,4,0.00038105249404907227,0.00011565996807037369
1554,pop1,1,0.0004203319549560547,0.0
1554,pop15,2,0.0006668567657470703,0.0001366138458251953
1555,pop22,5,0.0004778861999511719,0.0001378105255208384
1555,pop51,1,0.00040268898010253906,0.0
1555,pop52,1,0.00041174888610839844,0.0
1555,pop34,1,0.0004398822784423828,0.0
1556,pop57,2,0.0004099607467651367,5.519390106201172e-05
1556,pop56,1,0.00042319297790527344,0.0
1556,pop55,1,0.00046539306640625,0.0
1556,pop50,4,0.0005211830139160156,0.0001611751035292977
1556,pop14,1,0.0004456043243408203,0.0
1556,pop27,1,0.0004546642303466797,0.0
1556,pop44,1,0.0004372596740722656,0.0
1557,pop21,2,0.0004063844680786133,5.710124969482422e-05
1557,pop23,1,0.0004248619079589844,0.0
1557,pop16,1,0.00045871734619140625,0.0
1557,pop50,3,0.0005493958791097006,0.00015921998203680793
1557,pop53,1,0.0004093647003173828,0.0
1557,pop1,1,0.00043845176696777344,0.0
1557,pop15,1,0.0004286766052246094,0.0
1558,pop14,2,0.0003972053527832031,4.792213439941406e-05
1558,pop27,4,0.0005068182945251465,0.00016011475142808864
1558,pop44,1,0.00041794776916503906,0.0
1558,pop39,1,0.00045037269592285156,0.0
1558,pop38,1,0.00041961669921875,0.0
1559,pop50,2,0.0004067420959472656,3.3855438232421875e-05
1559,pop14,1,0.00040912628173828125,0.0
1559,pop27,4,0.0005393624305725098,0.00015721354144286988
1559,pop44,1,0.0004277229309082031,0.0
1559,pop39,1,0.0004508495330810547,0.0
1559,pop38,1,0.00040531158447265625,0.0
1560,pop45,3,0.0004352728525797526,0.0002607875220362771
1560,pop46,3,0.0004286766052246094,1.4170703970831788e-05
1560,pop51,2,0.0004532337188720703,5.9604644775390625e-06
1560,pop50,6,0.0005090634028116862,0.00014959744160600948
1560,pop17,2,0.00045561790466308594,2.5033950805664062e-05
1560,pop31,1,0.0007317066192626953,0.0
1560,pop53,2,0.0004451274871826172,1.33514404296875e-05
1560,pop47,1,0.0007748603820800781,0.0
1560,pop16,1,0.0006177425384521484,0.0
1561,pop33,5,0.0004989147186279297,0.00016894311579185038
1561,pop50,1,0.00042629241943359375,0.0
1561,pop51,1,0.00040340423583984375,0.0
1561,pop46,1,0.0004353523254394531,0.0
1561,pop45,1,0.0004146099090576172,0.0
1562,pop19,2,0.0003942251205444336,5.447864532470703e-05
1562,pop51,1,0.0004496574401855469,0.0
1562,pop47,1,0.0004611015319824219,0.0
1562,pop53,1,0.00042700767517089844,0.0
1562,pop1,4,0.00048476457595825195,6.814192667664306e-05
1562,pop15,1,0.0004208087921142578,0.0
1563,pop21,2,0.00039017200469970703,5.710124969482422e-05
1563,pop23,1,0.0004572868347167969,0.0
1563,pop16,1,0.0004596710205078125,0.0
1563,pop50,3,0.00044767061869303387,2.1969323012138808e-05
1563,pop17,3,0.0004401206970214844,1.7397478484755076e-05
1563,pop31,3,0.0005259513854980469,0.00014886295532875383
1563,pop51,5,0.00044302940368652345,1.2507684983719466e-05
1563,pop19,1,0.0006725788116455078,0.0
1563,pop47,1,0.0008594989776611328,0.0
1563,pop29,2,0.0005996227264404297,0.00013685226440429688
1563,pop22,2,0.0005831718444824219,0.00015616416931152344
1564,pop50,3,0.0004069805145263672,6.386503485428015e-05
1564,pop53,1,0.00046539306640625,0.0
1564,pop1,1,0.0004401206970214844,0.0
1564,pop0,2,0.0005779266357421875,9.775161743164062e-06
1565,pop45,2,0.00036978721618652344,7.724761962890625e-05
1565,pop46,1,0.0004436969757080078,0.0
1565,pop51,1,0.00044274330139160156,0.0
1565,pop43,4,0.0004749298095703125,7.836050161842785e-05
1565,pop42,1,0.00042247772216796875,0.0
1566,pop4,3,0.000371853510538737,8.779726183385313e-05
1566,pop51,1,0.0004482269287109375,0.0
1566,pop52,3,0.0004410743713378906,1.0621451813778424e-05
1566,pop13,2,0.0005756616592407227,0.00014317035675048828
1566,pop50,2,0.0005860328674316406,0.00016260147094726562
1567,pop29,4,0.0004031062126159668,0.0001571331623602266
1567,pop51,1,0.0004374980926513672,0.0
1567,pop9,1,0.00041604042053222656,0.0
1568,pop19,2,0.0004354715347290039,3.6835670471191406e-05
1568,pop51,5,0.0004329681396484375,2.703082140884413e-05
1568,pop8,2,0.0005930662155151367,0.0001825094223022461
1568,pop43,3,0.00045720736185709637,2.5406467697057373e-06
1568,pop11,1,0.0006334781646728516,0.0
1568,pop9,1,0.0007812976837158203,0.0
1568,pop50,2,0.0004367828369140625,2.1696090698242188e-05
1568,pop17,2,0.0004360675811767578,9.5367431640625e-06
1568,pop31,3,0.0005582173665364584,0.000176132262077238
1569,pop50,2,0.00040733814239501953,4.0411949157714844e-05
1569,pop14,1,0.00045418739318847656,0.0
1569,pop27,4,0.00048160552978515625,7.302753683242765e-05
1569,pop44,1,0.0004324913024902344,0.0
1569,pop39,1,0.00040531158447265625,0.0
1570,pop6,4,0.0004363059997558594,0.00014694951897132588
1570,pop7,1,0.0004494190216064453,0.0
1570,pop53,1,0.00045752525329589844,0.0
1570,pop1,1,0.00041103363037109375,0.0
1570,pop0,1,0.0004265308380126953,0.0
1571,pop8,2,0.0003037452697753906,0.0001475811004638672
1571,pop51,3,0.00043773651123046875,2.038258081419914e-05
1571,pop9,2,0.0005609989166259766,0.00015425682067871094
1571,pop50,4,0.0005064010620117188,0.00012634688864648282
1572,pop57,2,0.00035250186920166016,0.00011932849884033203
1572,pop56,1,0.0004546642303466797,0.0
1572,pop55,4,0.00047463178634643555,8.859381845994176e-05
1572,pop52,1,0.0004410743713378906,0.0
1572,pop12,1,0.0004029273986816406,0.0
1573,pop4,2,0.00036656856536865234,9.429454803466797e-05
1573,pop51,3,0.0004432201385498047,1.6755020081970773e-05
1573,pop52,3,0.00042136510213216144,3.0121576786657463e-05
1573,pop54,2,0.0005507469177246094,0.00014853477478027344
1573,pop19,1,0.0007789134979248047,0.0
1573,pop50,4,0.000513911247253418,0.0001296928588903517
1573,pop17,2,0.0004507303237915039,9.179115295410156e-06
1573,pop31,1,0.0007698535919189453,0.0
1574,pop13,4,0.00042450428009033203,3.671200991561853e-05
1574,pop52,1,0.0004603862762451172,0.0
1574,pop51,1,0.000423431396484375,0.0
1574,pop43,3,0.00043733914693196613,4.82499098353721e-06
1574,pop40,2,0.000622868537902832,0.00019443035125732422
1574,pop42,2,0.0004932880401611328,7.176399230957031e-05
1575,pop14,2,0.0004221200942993164,4.017353057861328e-05
1575,pop50,3,0.00045371055603027344,3.2122572044809256e-05
1575,pop51,3,0.0004399617513020833,1.1589421160379856e-05
1575,pop8,2,0.0005706548690795898,0.00015842914581298828
1575,pop46,2,0.0006031990051269531,0.0001652240753173828
1576,pop29,5,0.0005211830139160156,0.0001655037825680678
1576,pop51,1,0.00039649009704589844,0.0
1576,pop50,1,0.00043773651123046875,0.0
1576,pop17,1,0.00041961669921875,0.0
1576,pop31,1,0.0004429817199707031,0.0
1576,pop30,1,0.00044274330139160156,0.0
1576,pop48,1,0.00044417381286621094,0.0
1576,pop49,1,0.00041556358337402344,0.0
1577,pop4,5,0.0004909515380859375,0.000147844158703196
1577,pop51,1,0.00038695335388183594,0.0
1577,pop47,1,0.0004258155822753906,0.0
1577,pop53,1,0.00041866302490234375,0.0
1577,pop1,1,0.0004260540008544922,0.0
1577,pop15,1,0.0004343986511230469,0.0
1578,pop33,3,0.00043765703837076825,1.8802680701764575e-05
1578,pop50,3,0.0005490779876708984,0.00015473396397243443
1578,pop51,1,0.00045228004455566406,0.0
1578,pop43,1,0.00043392181396484375,0.0
1578,pop40,1,0.00040268898010253906,0.0
1579,pop21,2,0.00031948089599609375,0.000152587890625
1579,pop22,3,0.00048049290974934894,6.449074438904634e-05
1579,pop51,1,0.00039887428283691406,0.0
1580,pop57,2,0.0003744363784790039,9.453296661376953e-05
1580,pop56,1,0.00044798851013183594,0.0
1580,pop55,1,0.00042319297790527344,0.0
1580,pop50,3,0.0004329681396484375,2.259154952952338e-05
1580,pop51,3,0.0005211035410563151,0.00012802542441048284
1580,pop47,1,0.00048422813415527344,0.0
1580,pop53,2,0.0004382133483886719,1.52587890625e-05
1580,pop1,1,0.0006554126739501953,0.0
1580,pop14,1,0.0008103847503662109,0.0
1580,pop43,5,0.0004607200622558594,8.158147282577096e-05
1580,pop11,1,0.0007331371307373047,0.0
1581,pop44,2,0.00038754940032958984,7.49826431274414e-05
1581,pop27,1,0.00043964385986328125,0.0
1581,pop14,1,0.00040721893310546875,0.0
1581,pop50,3,0.0005230108896891276,0.00010531632301626924
1581,pop52,3,0.0004563331604003906,2.8226853426580494e-05
1581,pop13,2,0.0005674362182617188,0.00017261505126953125
1581,pop51,2,0.0004315376281738281,4.5299530029296875e-06
1581,pop22,2,0.0006278753280639648,0.0001977682113647461
1582,pop12,4,0.000497281551361084,0.00026237595652846003
1582,pop52,4,0.000436246395111084,1.6759295651437407e-05
1582,pop55,2,0.00041985511779785156,9.5367431640625e-07
1582,pop56,2,0.0004526376724243164,9.179115295410156e-06
1582,pop2,2,0.0006487369537353516,0.00019288063049316406
1582,pop50,1,0.00044465065002441406,0.0
1582,pop51,2,0.00041604042053222656,1.1205673217773438e-05
1582,pop46,3,0.00044306119283040363,2.088065263666956e-05
1582,pop20,1,0.0007328987121582031,0.0
1582,pop53,2,0.00043511390686035156,1.3113021850585938e-05
1582,pop42,2,0.0006879568099975586,1.1920928955078125e-07
1583,pop54,2,0.0003870725631713867,7.045269012451172e-05
1583,pop52,1,0.0004363059997558594,0.0
1583,pop50,3,0.0005211035410563151,0.00011660177158795322
1583,pop17,4,0.00042122602462768555,2.267946943169213e-05
1583,pop31,4,0.0004857778549194336,7.353280832208502e-05
1583,pop25,1,0.0008440017700195312,0.0
1584,pop20,5,0.00048828125,0.0001514429109211896
1584,pop46,1,0.00040841102600097656,0.0
1584,pop51,1,0.0004317760467529297,0.0
1584,pop8,1,0.0004146099090576172,0.0
1585,pop29,3,0.00038933753967285156,8.383817939691443e-05
1585,pop51,1,0.0004203319549560547,0.0
1585,pop52,1,0.000453948974609375,0.0
1585,pop13,2,0.0006791353225708008,0.00011432170867919922
1586,pop21,2,0.0004099607467651367,6.0439109802246094e-05
1586,pop22,4,0.0005218982696533203,0.00015627596762665758
1586,pop51,1,0.00044226646423339844,0.0
1586,pop29,1,0.0004165172576904297,0.0
1587,pop25,2,0.0004260540008544922,3.910064697265625e-05
1587,pop17,1,0.00042510032653808594,0.0
1587,pop50,4,0.0005270242691040039,0.0001704371445376012
1587,pop14,1,0.0004220008850097656,0.0
1587,pop27,1,0.0004162788391113281,0.0
1587,pop44,1,0.00043702125549316406,0.0
1587,pop39,1,0.00040602684020996094,0.0
1588,pop50,5,0.0004980564117431641,0.00014516970343461368
1588,pop14,1,0.00043702125549316406,0.0
1588,pop27,1,0.0004436969757080078,0.0
1588,pop44,1,0.00041413307189941406,0.0
1588,pop39,1,0.00043582916259765625,0.0
1588,pop38,1,0.0004298686981201172,0.0
1589,pop33,4,0.0003960728645324707,5.715818170180492e-05
1589,pop50,2,0.0005756616592407227,0.00012886524200439453
1589,pop51,1,0.00045490264892578125,0.0
1589,pop9,1,0.000415802001953125,0.0
1590,pop57,2,0.0003540515899658203,0.00011467933654785156
1590,pop56,1,0.00043010711669921875,0.0
1590,pop55,3,0.0005136330922444662,9.52824240215294e-05
1590,pop50,1,0.0004448890686035156,0.0
1590,pop32,1,0.00040030479431152344,0.0
1591,pop0,3,0.00038774808247884113,9.267182924606608e-05
1591,pop1,2,0.0005459785461425781,8.940696716308594e-05
1591,pop53,1,0.00043582916259765625,0.0
1591,pop52,1,0.0004496574401855469,0.0
1591,pop54,1,0.00041031837463378906,0.0
1592,pop22,5,0.00041217803955078124,0.0001346264576064923
1592,pop51,1,0.000438690185546875,0.0
1592,pop9,1,0.0004239082336425781,0.0
1593,pop44,2,0.00031554698944091797,0.00014579296112060547
1593,pop39,3,0.00042708714803059894,9.67351535460341e-06
1593,pop38,2,0.0005840063095092773,3.826618194580078e-05
1594,pop20,5,0.0005025863647460938,0.00014876180690816403
1594,pop46,1,0.0004303455352783203,0.0
1594,pop51,1,0.0004088878631591797,0.0
1594,pop8,1,0.0004329681396484375,0.0
1595,pop33,2,0.00043082237243652344,3.647804260253906e-05
1595,pop50,2,0.000431060791015625,1.5497207641601562e-05
1595,pop14,1,0.0004379749298095703,0.0
1595,pop27,2,0.0006135702133178711,0.00018131732940673828
1595,pop44,1,0.00041174888610839844,0.0
1595,pop39,1,0.0004467964172363281,0.0
1595,pop38,1,0.0004029273986816406,0.0
1596,pop45,2,0.0003160238265991211,0.00012218952178955078
1596,pop46,2,0.00044405460357666016,2.3484230041503906e-05
1596,pop51,3,0.00043853123982747394,1.4769555776869705e-05
1596,pop9,2,0.0006282329559326172,0.0001919269561767578
1596,pop50,2,0.0005786418914794922,0.00016736984252929688
1597,pop44,2,0.0003718137741088867,7.56978988647461e-05
1597,pop27,4,0.0005133152008056641,0.00014935454009320435
1597,pop14,1,0.0004069805145263672,0.0
1597,pop50,1,0.0004553794860839844,0.0
1597,pop51,1,0.00041222572326660156,0.0
1597,pop9,1,0.0004012584686279297,0.0
1598,pop20,5,0.0004807949066162109,0.00014604142018269692
1598,pop46,1,0.00042510032653808594,0.0
1598,pop51,1,0.00038623809814453125,0.0
1598,pop50,1,0.00041937828063964844,0.0
1598,pop17,1,0.0004107952117919922,0.0
1598,pop31,1,0.00044345855712890625,0.0
1599,pop12,2,0.00030601024627685547,0.00013816356658935547
1599,pop52,3,0.000440677007039388,1.5699862930972406e-05
1599,pop34,2,0.0005648136138916016,0.0001366138458251953
1599,pop50,5,0.0005002021789550781,0.00010295520488987055
1599,pop14,1,0.0007574558258056641,0.0
1600,pop54,2,0.0003610849380493164,8.404254913330078e-05
1600,pop52,1,0.00041675567626953125,0.0
1600,pop51,3,0.00044266382853190106,1.9107562989757246e-05
1600,pop9,2,0.0005500316619873047,0.00011491775512695312
1600,pop4,3,0.0004412333170572917,1.920548434828849e-06
1600,pop5,3,0.0005892117818196615,0.00014141877734332708
1601,pop19,2,0.00040531158447265625,4.029273986816406e-05
1601,pop51,1,0.0004062652587890625,0.0
1601,pop50,3,0.0005246798197428385,0.00012837939588422544
1601,pop14,1,0.0003962516784667969,0.0
1601,pop24,1,0.00040268898010253906,0.0
1602,pop45,2,0.0003483295440673828,9.679794311523438e-05
1602,pop46,3,0.00044035911560058594,1.924064030208339e-05
1602,pop51,2,0.0004401206970214844,4.76837158203125e-06
1602,pop52,3,0.0004360675811767578,1.5014692777475156e-05
1602,pop12,2,0.0005973577499389648,0.00018465518951416016
1602,pop53,1,0.0004627704620361328,0.0
1602,pop41,1,0.0008909702301025391,0.0
1602,pop40,1,0.00046181678771972656,0.0
1602,pop43,2,0.0005767345428466797,0.00011539459228515625
1603,pop44,2,0.0002906322479248047,0.0001494884490966797
1603,pop39,4,0.0005584955215454102,0.00017176370915054662
1604,pop6,5,0.00046896934509277344,0.00015208818150109552
1604,pop7,1,0.00041365623474121094,0.0
1604,pop53,1,0.00041222572326660156,0.0
1604,pop50,1,0.0004267692565917969,0.0
1604,pop14,1,0.00043582916259765625,0.0
1604,pop24,1,0.00043463706970214844,0.0
1605,pop8,2,0.00040972232818603516,6.520748138427734e-05
1605,pop51,1,0.0004544258117675781,0.0
1605,pop50,3,0.0004280408223470052,1.2535064483365505e-05
1605,pop14,1,0.0004544258117675781,0.0
1605,pop27,2,0.000510096549987793,5.7578086853027344e-05
1605,pop44,1,0.0004589557647705078,0.0
1606,pop22,3,0.0003860791524251302,6.931555213414804e-05
1606,pop51,1,0.0004165172576904297,0.0
1606,pop50,1,0.00046133995056152344,0.0
1606,pop32,3,0.0005710919698079427,0.00012671707612984547
1607,pop33,5,0.00045337677001953123,0.0001464716618951832
1607,pop50,1,0.00040721893310546875,0.0
1607,pop53,1,0.0004210472106933594,0.0
1607,pop42,1,0.0004303455352783203,0.0
1608,pop12,2,0.00040149688720703125,4.172325134277344e-05
1608,pop52,1,0.00044989585876464844,0.0
1608,pop50,2,0.0004284381866455078,2.193450927734375e-05
1608,pop14,1,0.00046062469482421875,0.0
1608,pop27,3,0.0005094210306803385,0.00014150583992703105
1608,pop44,1,0.00043964385986328125,0.0
1608,pop39,1,0.0004413127899169922,0.0
1608,pop38,1,0.0003807544708251953,0.0
1609,pop44,2,0.0003285408020019531,0.00011396408081054688
1609,pop45,2,0.0005334615707397461,0.0001207590103149414
1609,pop46,4,0.0004445314407348633,8.089560307180188e-06
1609,pop51,2,0.0004526376724243164,4.887580871582031e-06
1609,pop36,2,0.0007344484329223633,4.8995018005371094e-05
1610,pop13,2,0.00033664703369140625,9.870529174804688e-05
1610,pop52,1,0.00045943260192871094,0.0
1610,pop53,1,0.00044274330139160156,0.0
1610,pop42,4,0.0005571246147155762,0.00017257152574696457
1611,pop14,4,0.0003719329833984375,0.0001236428499087351
1611,pop24,2,0.0005872249603271484,0.0001373291015625
1611,pop50,6,0.0004883209864298502,0.00012028427351130276
1611,pop17,2,0.0004614591598510742,1.9431114196777344e-05
1611,pop31,2,0.000552058219909668,9.834766387939453e-05
1611,pop52,1,0.0007314682006835938,0.0
1611,pop26,1,0.0007340908050537109,0.0
1611,pop53,3,0.00043280919392903644,1.0629179317029627e-05
1611,pop3,2,0.0004876852035522461,7.11679458618164e-05
1611,pop7,1,0.0007252693176269531,0.0
1612,pop4,4,0.0005223751068115234,0.00017592052159013264
1612,pop51,1,0.00042366981506347656,0.0
1612,pop50,1,0.00044608116149902344,0.0
1612,pop14,1,0.0004107952117919922,0.0
1612,pop27,1,0.0004467964172363281,0.0
1612,pop44,1,0.0004215240478515625,0.0
1612,pop39,1,0.00043702125549316406,0.0
1613,pop22,2,0.0004436969757080078,1.5020370483398438e-05
1613,pop51,1,0.0004622936248779297,0.0
1613,pop50,2,0.0004392862319946289,2.1338462829589844e-05
1613,pop14,1,0.00046515464782714844,0.0
1613,pop27,2,0.0005202293395996094,0.00010728836059570312
1613,pop44,1,0.0004062652587890625,0.0
1613,pop39,1,0.00044608116149902344,0.0
1614,pop33,3,0.00038687388102213543,7.163789548189493e-05
1614,pop50,3,0.0005207061767578125,0.00011648547180909745
1614,pop52,1,0.00044155120849609375,0.0
1614,pop12,1,0.0004012584686279297,0.0
1615,pop13,4,0.00041747093200683594,8.132153326134374e-05
1615,pop52,1,0.00046443939208984375,0.0
1615,pop51,3,0.00043964385986328125,1.2367161855015378e-05
1615,pop9,2,0.000527501106262207,9.381771087646484e-05
1615,pop36,2,0.0006697177886962891,4.6253204345703125e-05
1616,pop14,2,0.0003695487976074219,8.845329284667969e-05
1616,pop50,4,0.0004995465278625488,0.00010908143431024216
1616,pop52,1,0.0004341602325439453,0.0
1616,pop54,1,0.000408172607421875,0.0
1617,pop29,5,0.00046029090881347654,0.00014649851489864055
1617,pop51,1,0.0004475116729736328,0.0
1617,pop43,1,0.0004467964172363281,0.0
1617,pop40,1,0.0004177093505859375,0.0
1618,pop21,2,0.000301361083984375,0.00015783309936523438
1618,pop22,1,0.0004107952117919922,0.0
1618,pop51,2,0.00055694580078125,0.00015163421630859375
1618,pop52,2,0.0004614591598510742,4.172325134277344e-06
1618,pop37,1,0.0006732940673828125,0.0
1618,pop53,1,0.0004379749298095703,0.0
1618,pop42,4,0.0005865693092346191,0.00016191442400809752
1618,pop43,1,0.00044465065002441406,0.0
1619,pop25,2,0.00035309791564941406,0.00011539459228515625
1619,pop17,1,0.0004220008850097656,0.0
1619,pop50,3,0.0004974206288655599,7.801409868533378e-05
1619,pop32,1,0.0004215240478515625,0.0
1620,pop50,5,0.00047602653503417967,0.0001228102964666599
1620,pop52,1,0.00043892860412597656,0.0
1620,pop54,1,0.00042510032653808594,0.0
1621,pop57,2,0.0003437995910644531,0.00010538101196289062
1621,pop56,1,0.00045800209045410156,0.0
1621,pop55,2,0.0004636049270629883,8.702278137207031e-06
1621,pop52,3,0.00043384234110514325,9.991480140121223e-06
1621,pop13,3,0.0004943211873372396,0.00010323282811148373
1621,pop53,1,0.0007765293121337891,0.0
1621,pop47,1,0.00045561790466308594,0.0
1621,pop51,2,0.00044333934783935547,2.014636993408203e-05
1621,pop36,2,0.0007488727569580078,5.435943603515625e-05
1622,pop19,2,0.00040590763092041016,5.710124969482422e-05
1622,pop51,1,0.0004551410675048828,0.0
1622,pop47,1,0.00044727325439453125,0.0
1622,pop53,3,0.0004470348358154297,1.6301043996259583e-05
1622,pop1,5,0.0004492282867431641,1.3361143945691897e-05
1622,pop15,2,0.0005466938018798828,0.00011706352233886719
1622,pop52,2,0.0004063844680786133,4.780292510986328e-05
1622,pop13,2,0.0007145404815673828,2.5510787963867188e-05
1623,pop45,2,0.00036966800689697266,8.83340835571289e-05
1623,pop46,3,0.0005248387654622396,0.00010430394270234217
1623,pop51,1,0.00042700767517089844,0.0
1623,pop52,1,0.00042247772216796875,0.0
1623,pop12,1,0.00039696693420410156,0.0
1624,pop22,3,0.0003898143768310547,7.443268684833543e-05
1624,pop51,1,0.0004622936248779297,0.0
1624,pop52,3,0.0004448095957438151,1.413098066386723e-05
1624,pop54,2,0.0006139278411865234,0.00017142295837402344
1624,pop50,3,0.00042859713236490887,3.014044220796566e-05
1624,pop32,2,0.000773310661315918,3.731250762939453e-05
1625,pop13,2,0.0004335641860961914,4.1604042053222656e-05
1625,pop52,1,0.00043201446533203125,0.0
1625,pop50,1,0.0004425048828125,0.0
1625,pop14,1,0.00046324729919433594,0.0
1625,pop27,4,0.000493168830871582,0.00010793918989061095
1625,pop44,1,0.0004467964172363281,0.0
1625,pop39,1,0.0004038810729980469,0.0
1626,pop14,2,0.00040662288665771484,5.161762237548828e-05
1626,pop50,3,0.0005470116933186849,0.0001533688652710715
1626,pop51,1,0.0004303455352783203,0.0
1626,pop43,1,0.00041294097900390625,0.0
1626,pop40,1,0.0004000663757324219,0.0
1627,pop0,3,0.00040213267008463543,6.492470569581189e-05
1627,pop1,2,0.0004335641860961914,2.110004425048828e-05
1627,pop53,1,0.0004203319549560547,0.0
1627,pop47,1,0.00046563148498535156,0.0
1627,pop51,3,0.00042859713236490887,3.139308733570137e-05
1627,pop9,2,0.0006545782089233398,0.00022780895233154297
1627,pop50,2,0.0005838871002197266,0.0001685619354248047
1628,pop6,5,0.000487518310546875,0.00013734668380718134
1628,pop7,1,0.00041675567626953125,0.0
1628,pop53,1,0.00043845176696777344,0.0
1628,pop50,1,0.00040793418884277344,0.0
1628,pop14,1,0.00044465065002441406,0.0
1628,pop27,1,0.00043845176696777344,0.0
1628,pop44,1,0.0004191398620605469,0.0
1629,pop8,2,0.0003952980041503906,6.0558319091796875e-05
1629,pop51,1,0.0004229545593261719,0.0
1629,pop47,1,0.0004470348358154297,0.0
1629,pop53,1,0.00041961669921875,0.0
1629,pop1,3,0.00047278404235839844,5.3079422642203466e-05
1629,pop0,1,0.00043511390686035156,0.0
1630,pop44,2,0.0003788471221923828,8.082389831542969e-05
1630,pop27,4,0.0005035996437072754,0.00013305491063934991
1630,pop14,1,0.0004093647003173828,0.0
1630,pop50,1,0.00041103363037109375,0.0
1630,pop52,1,0.000461578369140625,0.0
1630,pop12,1,0.0004363059997558594,0.0
1631,pop45,2,0.00035750865936279297,0.00010955333709716797
1631,pop44,2,0.0005998611450195312,0.0001583099365234375
1631,pop27,3,0.0004937648773193359,7.634632974544244e-05
1632,pop14,2,0.0003254413604736328,0.0001270771026611328
1632,pop27,3,0.00047628084818522137,7.522508142286633e-05
1632,pop44,1,0.0004019737243652344,0.0
1633,pop4,5,0.0004645347595214844,0.000150012591046863
1633,pop51,1,0.00043582916259765625,0.0
1633,pop52,1,0.0004258155822753906,0.0
1633,pop34,1,0.0004420280456542969,0.0
1634,pop50,4,0.00043320655822753906,3.633439696819346e-05
1634,pop51,1,0.00043463706970214844,0.0
1634,pop46,3,0.000492095947265625,7.579086257300475e-05
1634,pop45,2,0.0005629062652587891,0.00014972686767578125
1635,pop8,2,0.00038444995880126953,8.857250213623047e-05
1635,pop51,1,0.0004189014434814453,0.0
1635,pop50,2,0.000438690185546875,1.3589859008789062e-05
1635,pop32,3,0.0005490779876708984,9.665357067834175e-05
1636,pop44,2,0.0003839731216430664,8.64267349243164e-05
1636,pop27,3,0.0005181630452473959,0.0001274528627805163
1636,pop14,1,0.0004317760467529297,0.0
1636,pop50,1,0.00043892860412597656,0.0
1636,pop52,1,0.0004591941833496094,0.0
1636,pop34,1,0.0004315376281738281,0.0
1637,pop20,4,0.0003997683525085449,0.00016020835973296678
1637,pop46,1,0.00041294097900390625,0.0
1637,pop45,1,0.0004253387451171875,0.0
1638,pop33,3,0.0004092852274576823,7.650830368320438e-05
1638,pop50,4,0.0004437565803527832,1.7002584061185393e-05
1638,pop52,5,0.00043621063232421873,2.2221634804410626e-05
1638,pop34,2,0.000525355339050293,0.00010788440704345703
1638,pop53,1,0.000652313232421875,0.0
1638,pop12,1,0.0008382797241210938,0.0
1638,pop14,2,0.0004391670227050781,2.2172927856445312e-05
1638,pop27,2,0.0005584955215454102,0.00012695789337158203
1639,pop0,5,0.0004395484924316406,0.00013989638351254413
1639,pop1,1,0.0004467964172363281,0.0
1639,pop53,1,0.0004184246063232422,0.0
1639,pop42,1,0.0004334449768066406,0.0
1640,pop50,5,0.00046854019165039064,0.00014038343466075845
1640,pop52,1,0.0004520416259765625,0.0
1640,pop54,1,0.00039196014404296875,0.0
1641,pop8,2,0.0003870725631713867,6.377696990966797e-05
1641,pop51,1,0.0004363059997558594,0.0
1641,pop29,4,0.0005027055740356445,7.873347171236901e-05
1642,pop44,2,0.0003178119659423828,9.274482727050781e-05
1642,pop27,3,0.0005294481913248698,0.00010980935018465568
1642,pop14,1,0.0004432201385498047,0.0
1642,pop50,1,0.0004153251647949219,0.0
1642,pop51,1,0.0004372596740722656,0.0
1643,pop54,2,0.00036907196044921875,5.0067901611328125e-05
1643,pop52,1,0.00040793418884277344,0.0
1643,pop51,1,0.0004534721374511719,0.0
1643,pop46,4,0.0004761219024658203,6.27808680943497e-05
1643,pop45,1,0.0004112720489501953,0.0
1644,pop29,4,0.0004992485046386719,0.0001777142246068448
1644,pop51,1,0.0004394054412841797,0.0
1644,pop8,1,0.00038743019104003906,0.0
1645,pop20,3,0.0003906091054280599,8.300125073831928e-05
1645,pop46,2,0.00044333934783935547,9.655952453613281e-06
1645,pop51,1,0.0004496574401855469,0.0
1645,pop52,3,0.00043511390686035156,1.1884315212195484e-05
1645,pop12,2,0.0005254745483398438,0.00010013580322265625
1645,pop53,1,0.0006947517395019531,0.0
1645,pop50,2,0.0005555152893066406,0.00014901161193847656
1646,pop44,2,0.0002963542938232422,0.00014710426330566406
1646,pop39,4,0.0004863142967224121,5.6211288358637635e-05
1646,pop38,1,0.0004405975341796875,0.0
1647,pop25,2,0.00035774707794189453,8.761882781982422e-05
1647,pop17,1,0.0004506111145019531,0.0
1647,pop50,4,0.0004957318305969238,9.046192440800461e-05
1647,pop52,1,0.0004432201385498047,0.0
1647,pop13,1,0.0004036426544189453,0.0
1648,pop57,2,0.0003693103790283203,8.511543273925781e-05
1648,pop56,1,0.00044417381286621094,0.0
1648,pop55,1,0.0004699230194091797,0.0
1648,pop50,1,0.00042748451232910156,0.0
1648,pop53,1,0.00045561790466308594,0.0
1648,pop42,4,0.0005377531051635742,0.00011080008083246152
1649,pop22,2,0.0003879070281982422,5.507469177246094e-05
1649,pop51,1,0.0004811286926269531,0.0
1649,pop50,5,0.0004345893859863281,2.392249775149093e-05
1649,pop14,3,0.0004284381866455078,1.2884901190390762e-05
1649,pop24,2,0.0006095170974731445,0.00020134449005126953
1649,pop55,2,0.0005884170532226562,0.00014781951904296875
1650,pop13,3,0.0003421306610107422,0.0001421791893512147
1650,pop52,3,0.0004467169443766276,1.4805433293157404e-05
1650,pop12,2,0.000561833381652832,0.00014960765838623047
1650,pop50,3,0.0004420280456542969,1.821680211533839e-05
1650,pop17,2,0.0006335973739624023,0.0002180337905883789
1650,pop31,2,0.0005718469619750977,0.00014770030975341797
1651,pop50,4,0.00038188695907592773,7.81760987466846e-05
1651,pop53,1,0.00045680999755859375,0.0
1651,pop42,2,0.0005840063095092773,3.421306610107422e-05
1652,pop8,2,0.00039124488830566406,5.3882598876953125e-05
1652,pop51,1,0.00045871734619140625,0.0
1652,pop29,4,0.0005158185958862305,9.454559323623825e-05
1653,pop20,2,0.0003437995910644531,9.369850158691406e-05
1653,pop46,1,0.000446319580078125,0.0
1653,pop51,1,0.0004642009735107422,0.0
1653,pop52,3,0.00043884913126627606,2.6545124826781924e-05
1653,pop13,2,0.0005747079849243164,0.0001500844955444336
1653,pop50,4,0.0005143284797668457,0.00011524022815354967
1653,pop35,1,0.0006761550903320312,0.0
1654,pop12,2,0.00041866302490234375,3.1948089599609375e-05
1654,pop52,1,0.0004482269287109375,0.0
1654,pop51,3,0.0004413127899169922,9.13695980620688e-06
1654,pop8,2,0.0005620718002319336,0.0001691579818725586
1654,pop36,4,0.0005391836166381836,0.00017141197385597847
1655,pop6,5,0.0004262447357177734,0.00013942374409135977
1655,pop7,1,0.00044083595275878906,0.0
1655,pop53,1,0.0004150867462158203,0.0
1655,pop42,1,0.0004379749298095703,0.0
1656,pop54,2,0.00040268898010253906,4.57763671875e-05
1656,pop52,1,0.00045800209045410156,0.0
1656,pop55,1,0.0004265308380126953,0.0
1656,pop56,1,0.00042366981506347656,0.0
1656,pop48,4,0.00046765804290771484,5.6118208298031046e-05
1656,pop49,1,0.00041174888610839844,0.0
1657,pop44,2,0.0004107952117919922,4.9114227294921875e-05
1657,pop27,4,0.0005187392234802246,0.00013277232643597398
1657,pop14,1,0.0004029273986816406,0.0
1657,pop50,1,0.0004394054412841797,0.0
1657,pop51,1,0.00042438507080078125,0.0
1657,pop43,1,0.0004253387451171875,0.0
1657,pop40,1,0.00043654441833496094,0.0
1658,pop25,2,0.0003502368927001953,8.082389831542969e-05
1658,pop17,1,0.00045371055603027344,0.0
1658,pop50,3,0.0005182425181070963,0.00012011570186052158
1658,pop14,1,0.0004391670227050781,0.0
1658,pop24,1,0.0004334449768066406,0.0
1659,pop57,2,0.0003628730773925781,6.985664367675781e-05
1659,pop56,1,0.0004513263702392578,0.0
1659,pop55,4,0.0005069375038146973,0.00014486654784475625
1659,pop50,1,0.0004398822784423828,0.0
1659,pop53,1,0.00042557716369628906,0.0
1659,pop1,1,0.00045037269592285156,0.0
1659,pop0,1,0.0004475116729736328,0.0
1660,pop20,2,0.00038170814514160156,5.650520324707031e-05
1660,pop46,1,0.00043392181396484375,0.0
1660,pop51,1,0.0004189014434814453,0.0
1660,pop47,1,0.00045418739318847656,0.0
1660,pop53,4,0.0004565715789794922,1.051882668421544e-05
1660,pop1,3,0.00042064984639485675,2.575386656676558e-05
1660,pop0,3,0.0005075931549072266,0.00013776894725195447
1660,pop7,2,0.0004379749298095703,1.430511474609375e-05
1660,pop6,1,0.0007941722869873047,0.0
1660,pop50,3,0.0004405975341796875,2.4659904601861787e-05
1660,pop17,2,0.0004246234893798828,1.430511474609375e-05
1660,pop31,2,0.0005877017974853516,0.00015974044799804688
1661,pop44,2,0.00030052661895751953,0.0001360177993774414
1661,pop27,3,0.000488440195719401,9.745641136245386e-05
1661,pop14,1,0.0003991127014160156,0.0
1661,pop24,1,0.0004420280456542969,0.0
1662,pop33,5,0.0005121231079101562,0.0001482185239249378
1662,pop50,1,0.00042128562927246094,0.0
1662,pop51,1,0.0004470348358154297,0.0
1662,pop43,1,0.00042510032653808594,0.0
1662,pop40,1,0.00039696693420410156,0.0
1663,pop0,5,0.0004985332489013672,0.00014267578150192243
1663,pop1,1,0.000446319580078125,0.0
1663,pop53,1,0.00044465065002441406,0.0
1663,pop50,1,0.00041675567626953125,0.0
1663,pop14,1,0.00044798851013183594,0.0
1663,pop27,1,0.0004432201385498047,0.0
1663,pop44,1,0.0004162788391113281,0.0
1663,pop39,1,0.00044989585876464844,0.0
1663,pop38,1,0.0003962516784667969,0.0
1664,pop12,2,0.00041103363037109375,6.437301635742188e-05
1664,pop52,1,0.00046181678771972656,0.0
1664,pop50,4,0.0004316568374633789,1.0680380648597057e-05
1664,pop14,3,0.0004318555196126302,2.9736021254650284e-07
1664,pop24,2,0.0006222724914550781,0.00020265579223632812
1664,pop17,2,0.0004363059997558594,2.5033950805664062e-05
1664,pop31,3,0.0004088083902994792,1.991171842455359e-05
1664,pop30,2,0.0004558563232421875,7.152557373046875e-07
1664,pop48,2,0.0006723403930664062,8.726119995117188e-05
1665,pop25,2,0.0003770589828491211,8.928775787353516e-05
1665,pop17,1,0.00045037269592285156,0.0
1665,pop50,6,0.00048331419626871747,8.664510988673892e-05
1665,pop52,3,0.0004410743713378906,2.179672670009498e-05
1665,pop13,2,0.0006227493286132812,0.00021910667419433594
1665,pop16,2,0.00042724609375,9.059906005859375e-06
1665,pop23,1,0.0007653236389160156,0.0
1666,pop57,2,0.0004030466079711914,6.282329559326172e-05
1666,pop56,1,0.00045299530029296875,0.0
1666,pop55,3,0.0005462964375813802,0.00016469303971819742
1666,pop50,1,0.0004436969757080078,0.0
1666,pop51,1,0.0004627704620361328,0.0
1666,pop43,1,0.0004496574401855469,0.0
1666,pop40,1,0.0004341602325439453,0.0
1667,pop44,2,0.0003973245620727539,7.164478302001953e-05
1667,pop27,3,0.0005441506703694662,0.00014877552828084048
1667,pop14,1,0.00040912628173828125,0.0
1667,pop50,1,0.00041174888610839844,0.0
1667,pop53,1,0.0004458427429199219,0.0
1667,pop1,1,0.0004336833953857422,0.0
1667,pop0,1,0.00041937828063964844,0.0
1668,pop21,2,0.00042176246643066406,4.696846008300781e-05
1668,pop23,1,0.0004525184631347656,0.0
1668,pop16,1,0.0004324913024902344,0.0
1668,pop50,4,0.0005269646644592285,0.000166075900947608
1668,pop17,1,0.0004482269287109375,0.0
1668,pop31,1,0.0004429817199707031,0.0
1668,pop30,1,0.0004401206970214844,0.0
1668,pop48,1,0.0004134178161621094,0.0
1668,pop49,1,0.0004191398620605469,0.0
1669,pop29,2,0.0003758668899536133,9.47713851928711e-05
1669,pop51,1,0.00043320655822753906,0.0
1669,pop43,1,0.00045299530029296875,0.0
1669,pop42,4,0.0005383491516113281,0.00017030931850145213
1670,pop19,2,0.0003788471221923828,0.00010442733764648438
1670,pop51,2,0.00044083595275878906,4.291534423828125e-06
1670,pop46,2,0.00041484832763671875,2.384185791015625e-07
1670,pop45,2,0.0006099939346313477,0.00018775463104248047
1670,pop44,2,0.00042819976806640625,3.0517578125e-05
1670,pop39,2,0.0006023645401000977,0.00017440319061279297
1670,pop27,2,0.0006259679794311523,0.00019729137420654297
1670,pop14,1,0.00041222572326660156,0.0
1670,pop50,1,0.0004227161407470703,0.0
1671,pop22,4,0.0004717707633972168,0.0001434702867160144
1671,pop51,1,0.0004525184631347656,0.0
1671,pop52,1,0.0004277229309082031,0.0
1671,pop13,1,0.0004417896270751953,0.0
1672,pop13,2,0.0003491640090942383,0.00011217594146728516
1672,pop52,1,0.0004813671112060547,0.0
1672,pop53,1,0.0004177093505859375,0.0
1672,pop42,3,0.0005803902943929037,0.00014132415321806943
1673,pop50,4,0.0005037188529968262,0.00014118058127702036
1673,pop17,1,0.00043129920959472656,0.0
1673,pop31,1,0.00041747093200683594,0.0
1673,pop30,1,0.0004127025604248047,0.0
1673,pop48,1,0.00043845176696777344,0.0
1673,pop49,1,0.0004379749298095703,0.0
1674,pop8,2,0.0009232759475708008,0.00044286251068115234
1674,pop51,1,0.0004208087921142578,0.0
1674,pop19,1,0.0004513263702392578,0.0
1674,pop18,1,0.00044226646423339844,0.0
1674,pop38,3,0.0005694230397542318,0.0001728038972531968
1674,pop39,3,0.00048160552978515625,4.090251219560116e-05
1675,pop0,2,0.0003104209899902344,0.0001494884490966797
1675,pop1,1,0.0004601478576660156,0.0
1675,pop15,4,0.000541388988494873,0.00010398103313156769
1676,pop12,2,0.00035452842712402344,0.00011110305786132812
1676,pop52,1,0.00045680999755859375,0.0
1676,pop53,1,0.00043511390686035156,0.0
1676,pop42,4,0.0005258917808532715,0.00010635865573730032
1677,pop44,2,0.0003904104232788086,8.213520050048828e-05
1677,pop27,3,0.0005153814951578776,0.0001190273698200895
1677,pop14,1,0.00040411949157714844,0.0
1677,pop50,1,0.0004267692565917969,0.0
1677,pop52,1,0.0004336833953857422,0.0
1677,pop13,1,0.0004165172576904297,0.0
1678,pop45,2,0.0004191398620605469,4.4345855712890625e-05
1678,pop44,1,0.0004382133483886719,0.0
1678,pop39,3,0.00045180320739746094,1.1922518306322448e-05
1678,pop38,2,0.0006510019302368164,0.00010192394256591797
1679,pop14,2,0.0003739595413208008,8.45193862915039e-05
1679,pop50,3,0.0005176862080891927,0.00012773605271859426
1679,pop51,1,0.00044727325439453125,0.0
1679,pop9,1,0.0004398822784423828,0.0
1680,pop6,5,0.00043654441833496094,0.00013642568595826753
1680,pop7,1,0.0005066394805908203,0.0
1680,pop53,1,0.00043392181396484375,0.0
1680,pop1,1,0.0004317760467529297,0.0
1680,pop15,1,0.0004265308380126953,0.0
1681,pop54,2,0.00040733814239501953,5.042552947998047e-05
1681,pop52,1,0.00041365623474121094,0.0
1681,pop50,2,0.0004544258117675781,1.1920928955078125e-06
1681,pop14,1,0.0004291534423828125,0.0
1681,pop27,2,0.000535130500793457,8.118152618408203e-05
1681,pop44,1,0.00040078163146972656,0.0
1682,pop21,2,0.0003859996795654297,7.534027099609375e-05
1682,pop22,4,0.0004984140396118164,0.00011791775347772992
1682,pop51,1,0.0004405975341796875,0.0
1682,pop52,1,0.00044655799865722656,0.0
1682,pop13,1,0.00043463706970214844,0.0
1683,pop29,4,0.0005106925964355469,0.00017264625032898057
1683,pop51,1,0.0004189014434814453,0.0
1683,pop8,1,0.00044083595275878906,0.0
1684,pop19,2,0.0003535747528076172,0.00010037422180175781
1684,pop51,3,0.00042374928792317707,2.6040674401169486e-05
1684,pop52,3,0.00044417381286621094,2.083674718517388e-05
1684,pop54,2,0.0005292892456054688,9.72747802734375e-05
1684,pop53,1,0.0006694793701171875,0.0
1684,pop50,3,0.0004512468973795573,5.969464606670991e-06
1684,pop17,1,0.0007724761962890625,0.0
1684,pop4,2,0.0005576610565185547,0.00013375282287597656
1685,pop22,4,0.0004913210868835449,0.00016433495641036863
1685,pop51,1,0.0004456043243408203,0.0
1685,pop47,1,0.00043487548828125,0.0
1685,pop53,1,0.0004382133483886719,0.0
1685,pop1,1,0.00044727325439453125,0.0
1685,pop0,1,0.0003986358642578125,0.0
1686,pop8,2,0.0004197359085083008,5.447864532470703e-05
1686,pop51,1,0.0004200935363769531,0.0
1686,pop19,1,0.0004410743713378906,0.0
1686,pop18,3,0.00043900807698567707,1.520696089942448e-05
1686,pop38,2,0.0006766319274902344,9.989738464355469e-05
1687,pop4,4,0.0004690885543823242,0.0001524681221039801
1687,pop51,1,0.00042057037353515625,0.0
1687,pop52,1,0.0004341602325439453,0.0
1687,pop34,1,0.0004379749298095703,0.0
1688,pop45,2,0.00042629241943359375,3.528594970703125e-05
1688,pop46,1,0.00042247772216796875,0.0
1688,pop51,3,0.0004309813181559245,1.417783343683636e-05
1688,pop8,2,0.0006250143051147461,0.00018489360809326172
1688,pop47,3,0.0005104541778564453,8.569901574269504e-05
1688,pop53,5,0.00043964385986328125,2.9213816778643827e-05
1688,pop1,5,0.0005061149597167969,0.0001331733195582042
1688,pop0,1,0.0007288455963134766,0.0
1688,pop50,2,0.0004305839538574219,2.6464462280273438e-05
1688,pop55,3,0.00044790903727213543,1.706021501734943e-05
1688,pop56,1,0.0007331371307373047,0.0
1689,pop29,5,0.0005214214324951172,0.00015452533299318386
1689,pop51,1,0.00039315223693847656,0.0
1689,pop19,1,0.00041222572326660156,0.0
1689,pop18,1,0.00044226646423339844,0.0
1689,pop38,1,0.000431060791015625,0.0
1690,pop22,3,0.0003944238026936849,6.761239655479005e-05
1690,pop51,1,0.00045609474182128906,0.0
1690,pop50,2,0.0005300045013427734,0.00011301040649414062
1690,pop32,1,0.0004177093505859375,0.0
1691,pop57,2,0.00040471553802490234,5.900859832763672e-05
1691,pop56,1,0.0004391670227050781,0.0
1691,pop55,2,0.0004400014877319336,9.179115295410156e-06
1691,pop50,4,0.0005100369453430176,0.0001295855286708614
1691,pop51,3,0.000557104746500651,0.0001504703120164217
1691,pop9,2,0.0005018711090087891,5.888938903808594e-05
1692,pop8,2,0.0004349946975708008,3.2067298889160156e-05
1692,pop51,1,0.00046324729919433594,0.0
1692,pop50,2,0.00043892860412597656,1.1444091796875e-05
1692,pop14,1,0.00047087669372558594,0.0
1692,pop27,3,0.00046571095784505207,7.939740413599469e-05
1692,pop44,1,0.0004038810729980469,0.0
1693,pop4,2,0.0004347562789916992,3.540515899658203e-05
1693,pop51,1,0.0004239082336425781,0.0
1693,pop19,1,0.0004601478576660156,0.0
1693,pop18,4,0.00046187639236450195,4.939276192438144e-05
1693,pop38,1,0.00039839744567871094,0.0
1694,pop45,2,0.0004087686538696289,5.4001808166503906e-05
1694,pop46,2,0.0004532337188720703,9.775161743164062e-06
1694,pop51,1,0.0004317760467529297,0.0
1694,pop29,3,0.0006047089894612631,0.000178658134968973
1695,pop29,2,0.0003949403762817383,6.663799285888672e-05
1695,pop51,3,0.0004399617513020833,1.4755437171014374e-05
1695,pop47,3,0.0004494190216064453,1.3449005867166952e-05
1695,pop53,3,0.00044155120849609375,1.4503742461777358e-05
1695,pop1,3,0.0004439353942871094,1.4214760154286303e-05
1695,pop0,3,0.0005686283111572266,0.00017132007702018518
1695,pop19,2,0.0004417896270751953,1.2874603271484375e-05
1695,pop18,3,0.0005905628204345703,0.0001259203762408863
1696,pop22,2,0.0003565549850463867,8.475780487060547e-05
1696,pop51,1,0.00044226646423339844,0.0
1696,pop43,5,0.00046863555908203123,5.663464604310707e-05
1696,pop40,2,0.000504612922668457,0.00010097026824951172
1697,pop4,2,0.0003783702850341797,4.0531158447265625e-05
1697,pop51,1,0.00042176246643066406,0.0
1697,pop50,1,0.0004673004150390625,0.0
1697,pop14,3,0.00043733914693196613,1.3425504283720341e-05
1697,pop24,2,0.0006258487701416016,0.00019788742065429688
1697,pop27,3,0.0004913012186686198,7.611749364167313e-05
1698,pop12,2,0.00031244754791259766,0.00012624263763427734
1698,pop52,3,0.00042017300923665363,5.285990762175207e-06
1698,pop54,2,0.0005688667297363281,0.00016427040100097656
1698,pop51,2,0.0004335641860961914,2.2292137145996094e-05
1698,pop4,4,0.0005917549133300781,0.00015490025910309957
1699,pop8,2,0.0004106760025024414,6.592273712158203e-05
1699,pop51,1,0.0004749298095703125,0.0
1699,pop50,3,0.0005083878835042318,8.137524112801035e-05
1699,pop14,1,0.0003993511199951172,0.0
1699,pop24,1,0.00044035911560058594,0.0
1700,pop29,2,0.00036072731018066406,8.0108642578125e-05
1700,pop51,1,0.00044989585876464844,0.0
1700,pop43,2,0.00045013427734375,1.33514404296875e-05
1700,pop42,3,0.0005786418914794922,0.00016318087020372494
1701,pop4,2,0.0003380775451660156,0.00010466575622558594
1701,pop51,3,0.0004161993662516276,9.51552680148809e-06
1701,pop46,4,0.0004508495330810547,1.4762712078488083e-05
1701,pop45,2,0.0006102323532104492,0.00019991397857666016
1701,pop50,3,0.00045148531595865887,3.5381045801722316e-06
1701,pop17,2,0.00044083595275878906,9.5367431640625e-06
1701,pop25,1,0.0008585453033447266,0.0
1701,pop14,2,0.00045609474182128906,2.6702880859375e-05
1701,pop27,3,0.0005626678466796875,0.00016018357660277027
1702,pop14,2,0.00036656856536865234,7.522106170654297e-05
1702,pop50,3,0.0005385080973307291,0.00013549817269205338
1702,pop51,1,0.0004773139953613281,0.0
1702,pop9,1,0.00041675567626953125,0.0
1703,pop21,2,0.00040078163146972656,4.601478576660156e-05
1703,pop22,2,0.00043904781341552734,8.463859558105469e-06
1703,pop51,3,0.00044115384419759113,1.6450689993458572e-05
1703,pop8,2,0.0006077289581298828,0.00017571449279785156
1703,pop52,2,0.0004616975784301758,3.933906555175781e-06
1703,pop37,1,0.0006883144378662109,0.0
1703,pop53,2,0.0004413127899169922,9.298324584960938e-06
1703,pop3,2,0.000731348991394043,4.2319297790527344e-05
1703,pop47,1,0.0004138946533203125,0.0
1704,pop19,2,0.0004038810729980469,4.506111145019531e-05
1704,pop18,4,0.00048160552978515625,5.902701870638392e-05
1704,pop38,1,0.0004055500030517578,0.0
1705,pop20,4,0.0004889965057373047,0.00015408583469907474
1705,pop46,1,0.0004458427429199219,0.0
1705,pop51,1,0.0004379749298095703,0.0
1705,pop50,1,0.0004515647888183594,0.0
1705,pop17,1,0.0004391670227050781,0.0
1705,pop31,1,0.00048542022705078125,0.0
1706,pop14,2,0.0003358125686645508,0.00010669231414794922
1706,pop50,4,0.0004904270172119141,8.931123058285572e-05
1706,pop51,1,0.0004341602325439453,0.0
1707,pop33,5,0.00044693946838378904,0.00014047072348656044
1707,pop50,1,0.0004127025604248047,0.0
1707,pop17,1,0.0004203319549560547,0.0
1707,pop31,1,0.0004367828369140625,0.0
1708,pop25,2,0.00037217140197753906,6.29425048828125e-05
1708,pop17,1,0.0004482269287109375,0.0
1708,pop31,4,0.0004731416702270508,9.648878249445748e-05
1708,pop30,1,0.0004215240478515625,0.0
1708,pop48,1,0.0004181861877441406,0.0
1708,pop49,1,0.0004329681396484375,0.0
1709,pop57,2,0.00036704540252685547,8.90493392944336e-05
1709,pop56,1,0.0004467964172363281,0.0
1709,pop55,1,0.0004253387451171875,0.0
1709,pop50,4,0.0004495978355407715,4.96796758510229e-06
1709,pop14,3,0.0004421075185139974,8.4548067503155e-06
1709,pop24,2,0.0005501508712768555,0.00014984607696533203
1709,pop51,1,0.0006368160247802734,0.0
1709,pop19,1,0.0008563995361328125,0.0
1709,pop18,2,0.0005601644515991211,0.00013458728790283203
1709,pop38,1,0.00043082237243652344,0.0
1709,pop39,1,0.000438690185546875,0.0
1709,pop44,1,0.00038623809814453125,0.0
1709,pop27,1,0.0004448890686035156,0.0
1710,pop45,2,0.0003496408462524414,8.666515350341797e-05
1710,pop46,1,0.00045418739318847656,0.0
1710,pop51,1,0.0004284381866455078,0.0
1710,pop52,3,0.0004436969757080078,1.4028254206996584e-05
1710,pop54,2,0.0005363225936889648,9.500980377197266e-05
1710,pop13,4,0.0005730390548706055,0.00014463781543634391
1711,pop21,2,0.0003725290298461914,7.450580596923828e-05
1711,pop22,1,0.00045943260192871094,0.0
1711,pop51,1,0.00043845176696777344,0.0
1711,pop43,2,0.0004334449768066406,9.5367431640625e-06
1711,pop42,3,0.0005852381388346354,0.00014556807486255458
1712,pop19,2,0.00040030479431152344,9.679794311523438e-05
1712,pop51,1,0.00045228004455566406,0.0
1712,pop50,3,0.0005021890004475912,9.689778731025638e-05
1712,pop17,1,0.00045561790466308594,0.0
1712,pop31,1,0.00043511390686035156,0.0
1713,pop33,2,0.0004152059555053711,6.186962127685547e-05
1713,pop50,1,0.0004496574401855469,0.0
1713,pop53,1,0.0004444122314453125,0.0
1713,pop1,4,0.0004646182060241699,5.383335638999468e-05
1713,pop15,1,0.0003948211669921875,0.0
1714,pop13,3,0.00044115384419759113,3.2158140546357016e-05
1714,pop52,1,0.0004260540008544922,0.0
1714,pop51,1,0.0004553794860839844,0.0
1714,pop43,2,0.0004990100860595703,7.748603820800781e-05
1714,pop40,1,0.00042629241943359375,0.0
1715,pop50,4,0.0004906654357910156,0.0001571354798243525
1715,pop53,1,0.00045228004455566406,0.0
1715,pop1,1,0.00042700767517089844,0.0
1715,pop0,1,0.00043964385986328125,0.0
1716,pop0,5,0.00046620368957519533,0.00013284623323238395
1716,pop1,1,0.0004010200500488281,0.0
1716,pop53,1,0.0004382133483886719,0.0
1716,pop50,1,0.0003871917724609375,0.0
1716,pop14,1,0.0004203319549560547,0.0
1716,pop24,1,0.0004401206970214844,0.0
1717,pop44,2,0.0003409385681152344,0.00012302398681640625
1717,pop27,4,0.0004875063896179199,9.583275862870422e-05
1717,pop14,1,0.0004553794860839844,0.0
1717,pop50,1,0.0004189014434814453,0.0
1717,pop32,1,0.0004303455352783203,0.0
1718,pop29,4,0.00041371583938598633,7.718621991990191e-05
1718,pop51,1,0.00045752525329589844,0.0
1718,pop52,1,0.0004343986511230469,0.0
1718,pop13,2,0.0006432533264160156,9.608268737792969e-05
1719,pop19,2,0.0003681182861328125,9.226799011230469e-05
1719,pop51,3,0.00043837229410807293,8.775905458752725e-06
1719,pop52,3,0.0004581610361735026,1.4497644608885684e-05
1719,pop12,2,0.0006223917007446289,0.00021207332611083984
1719,pop29,3,0.0006601810455322266,0.00017977656756134794
1720,pop6,3,0.0003807544708251953,7.764201482316945e-05
1720,pop7,1,0.00046539306640625,0.0
1720,pop53,1,0.0004658699035644531,0.0
1720,pop52,4,0.00045800209045410156,8.890487833969155e-06
1720,pop12,2,0.0005513429641723633,9.930133819580078e-05
1720,pop37,1,0.0008044242858886719,0.0
1720,pop51,2,0.00045239925384521484,2.7298927307128906e-05
1720,pop46,3,0.0005296866099039713,0.00012268442372683866
1721,pop54,2,0.0004093647003173828,5.2928924560546875e-05
1721,pop52,1,0.00039887428283691406,0.0
1721,pop51,1,0.00040912628173828125,0.0
1721,pop46,3,0.00048772493998209637,8.20511765869001e-05
1721,pop45,1,0.00039839744567871094,0.0
1722,pop13,5,0.00046095848083496096,0.00013543170905788674
1722,pop52,1,0.0004506111145019531,0.0
1722,pop51,1,0.00042057037353515625,0.0
1722,pop9,1,0.0003943443298339844,0.0
1723,pop50,2,0.00040924549102783203,3.9458274841308594e-05
1723,pop17,1,0.0004394054412841797,0.0
1723,pop31,1,0.00039839744567871094,0.0
1723,pop30,1,0.00045371055603027344,0.0
1723,pop48,3,0.0005009174346923828,7.140175380479616e-05
1723,pop49,3,0.0005411307017008463,0.00010444263837753198
1724,pop14,2,0.00042366981506347656,2.6702880859375e-05
1724,pop50,4,0.0005246400833129883,0.00015337492395608892
1724,pop17,1,0.00042366981506347656,0.0
1724,pop31,1,0.00038433074951171875,0.0
1724,pop30,1,0.0004241466522216797,0.0
1724,pop48,1,0.0004398822784423828,0.0
1724,pop49,1,0.00045108795166015625,0.0
1725,pop44,2,0.00039637088775634766,5.6862831115722656e-05
1725,pop27,4,0.0005061626434326172,0.00010504049958396451
1725,pop14,1,0.0004017353057861328,0.0
1725,pop50,1,0.00042247772216796875,0.0
1725,pop53,1,0.00045108795166015625,0.0
1725,pop1,1,0.0004267692565917969,0.0
1725,pop0,1,0.00041556358337402344,0.0
1726,pop19,2,0.00037217140197753906,0.00010204315185546875
1726,pop51,1,0.00042319297790527344,0.0
1726,pop52,3,0.0004436969757080078,8.980081489452066e-06
1726,pop34,2,0.0005223751068115234,0.00012564659118652344
1726,pop53,2,0.0005543231964111328,0.000118255615234375
1726,pop1,4,0.000496983528137207,9.729910118734761e-05
1727,pop13,5,0.00044651031494140624,0.00013297272541073037
1727,pop52,1,0.0004405975341796875,0.0
1727,pop53,1,0.0004475116729736328,0.0
1727,pop42,1,0.0004029273986816406,0.0
1728,pop57,2,0.00040340423583984375,5.936622619628906e-05
1728,pop56,1,0.00042629241943359375,0.0
1728,pop55,2,0.000446319580078125,1.6927719116210938e-05
1728,pop50,1,0.00045680999755859375,0.0
1728,pop53,1,0.0004703998565673828,0.0
1728,pop1,1,0.0004088878631591797,0.0
1728,pop15,3,0.0005947748819986979,0.0001553975077495441
1729,pop6,4,0.00043189525604248047,0.00015042951239311128
1729,pop7,1,0.0004317760467529297,0.0
1729,pop53,1,0.0004124641418457031,0.0
1729,pop42,1,0.0004482269287109375,0.0
1730,pop22,2,0.00038433074951171875,5.364418029785156e-05
1730,pop51,1,0.00044345855712890625,0.0
1730,pop50,2,0.0004369020462036133,1.3709068298339844e-05
1730,pop32,2,0.0005918741226196289,7.259845733642578e-05
1731,pop57,2,0.00038170814514160156,6.437301635742188e-05
1731,pop56,1,0.00044655799865722656,0.0
1731,pop55,2,0.00044536590576171875,1.239776611328125e-05
1731,pop50,1,0.00045800209045410156,0.0
1731,pop53,1,0.0004532337188720703,0.0
1731,pop1,2,0.0004926919937133789,3.445148468017578e-05
1731,pop0,2,0.0006468296051025391,0.00013589859008789062
1732,pop12,2,0.00042760372161865234,2.396106719970703e-05
1732,pop52,1,0.0004582405090332031,0.0
1732,pop50,1,0.00045013427734375,0.0
1732,pop14,1,0.0004210472106933594,0.0
1732,pop27,4,0.0004836916923522949,0.00011159407887722997
1732,pop44,1,0.00044226646423339844,0.0
1732,pop39,1,0.00044655799865722656,0.0
1733,pop8,2,0.0003638267517089844,7.653236389160156e-05
1733,pop51,1,0.0004687309265136719,0.0
1733,pop43,2,0.00041878223419189453,4.2557716369628906e-05
1733,pop42,3,0.0005660851796468099,0.00011621046460978299
1734,pop4,5,0.0005017757415771484,0.00015942803478368492
1734,pop51,1,0.00042319297790527344,0.0
1734,pop8,1,0.0004074573516845703,0.0
1735,pop57,2,0.00034487247467041016,9.953975677490234e-05
1735,pop56,1,0.0004620552062988281,0.0
1735,pop55,1,0.00047659873962402344,0.0
1735,pop52,3,0.000429232915242513,2.1300209050740646e-05
1735,pop13,2,0.0006308555603027344,0.0001926422119140625
1735,pop50,3,0.00042208035786946613,2.5838336606383184e-05
1735,pop14,2,0.00043761730194091797,2.372264862060547e-05
1735,pop27,3,0.0005368391672770182,0.0001508376872092899
1736,pop54,2,0.0004202127456665039,2.849102020263672e-05
1736,pop52,1,0.00044798851013183594,0.0
1736,pop50,3,0.00044989585876464844,1.8382469293357102e-05
1736,pop14,1,0.00043272972106933594,0.0
1736,pop27,2,0.0005049705505371094,7.557868957519531e-05
1736,pop44,1,0.0004050731658935547,0.0
1737,pop57,2,0.0004152059555053711,3.230571746826172e-05
1737,pop56,1,0.0004630088806152344,0.0
1737,pop55,1,0.0004589557647705078,0.0
1737,pop50,4,0.0005257129669189453,0.0001473400777753311
1737,pop14,1,0.0003991127014160156,0.0
1737,pop27,1,0.00041794776916503906,0.0
1737,pop44,1,0.00041103363037109375,0.0
1737,pop39,1,0.0004360675811767578,0.0
1737,pop38,1,0.00045609474182128906,0.0
1738,pop20,4,0.0004559755325317383,0.00014917293399177375
1738,pop46,1,0.00043892860412597656,0.0
1738,pop51,1,0.00041365623474121094,0.0
1738,pop52,1,0.0004470348358154297,0.0
1738,pop34,1,0.0004394054412841797,0.0
1739,pop14,2,0.00036787986755371094,8.225440979003906e-05
1739,pop50,1,0.00045680999755859375,0.0
1739,pop52,3,0.0004494190216064453,1.4605286822870872e-05
1739,pop34,2,0.0005971193313598633,0.00016033649444580078
1739,pop51,2,0.00043272972106933594,2.6702880859375e-05
1739,pop4,3,0.00044194857279459637,2.0561519538812645e-05
1739,pop5,3,0.0006221135457356771,0.00012149250808432245
1740,pop44,2,0.0003668069839477539,7.736682891845703e-05
1740,pop27,3,0.0005023479461669922,9.329267514362399e-05
1740,pop14,1,0.00040602684020996094,0.0
1740,pop50,1,0.00044727325439453125,0.0
1740,pop52,1,0.0004401206970214844,0.0
1740,pop54,1,0.00041103363037109375,0.0
1741,pop19,2,0.0003503561019897461,9.85860824584961e-05
1741,pop51,1,0.0004544258117675781,0.0
1741,pop52,3,0.0004475911458333333,4.979594611428751e-06
1741,pop12,2,0.0005899667739868164,0.00017535686492919922
1741,pop50,3,0.00044337908426920575,2.001422635968438e-05
1741,pop17,2,0.00044167041778564453,1.5854835510253906e-05
1741,pop31,2,0.0005925893783569336,0.00017249584197998047
1742,pop4,4,0.00043255090713500977,1.4147661854523575e-05
1742,pop51,1,0.00041985511779785156,0.0
1742,pop50,1,0.0004458427429199219,0.0
1742,pop17,1,0.0004267692565917969,0.0
1742,pop31,2,0.0005235671997070312,0.00011157989501953125
1742,pop30,1,0.0004131793975830078,0.0
1742,pop48,1,0.0004496574401855469,0.0
1742,pop49,1,0.0004153251647949219,0.0
1743,pop54,2,0.00038826465606689453,4.017353057861328e-05
1743,pop52,1,0.0004391670227050781,0.0
1743,pop55,1,0.0004885196685791016,0.0
1743,pop56,1,0.00042366981506347656,0.0
1743,pop48,4,0.000508427619934082,7.275898728728429e-05
1743,pop49,3,0.0004937648773193359,8.387749496245737e-05
1744,pop57,2,0.0003936290740966797,5.459785461425781e-05
1744,pop56,1,0.00045013427734375,0.0
1744,pop55,1,0.0004544258117675781,0.0
1744,pop50,1,0.0004355907440185547,0.0
1744,pop14,1,0.00046443939208984375,0.0
1744,pop27,4,0.0004886388778686523,8.294234223281342e-05
1744,pop44,1,0.0004482269287109375,0.0
1744,pop39,1,0.00040912628173828125,0.0
1745,pop25,2,0.000400543212890625,6.389617919921875e-05
1745,pop17,1,0.00045752525329589844,0.0
1745,pop50,2,0.00041925907135009766,2.5033950805664062e-06
1745,pop53,1,0.00045490264892578125,0.0
1745,pop1,1,0.000446319580078125,0.0
1745,pop15,3,0.0005435148874918619,8.63626852976598e-05
1746,pop45,2,0.00040221214294433594,6.771087646484375e-05
1746,pop44,3,0.0005817413330078125,0.0002020425493805389
1746,pop39,2,0.0004956722259521484,6.389617919921875e-05
1746,pop27,4,0.0004968643188476562,0.0001086974331982793
1747,pop21,2,0.00041162967681884766,5.519390106201172e-05
1747,pop23,1,0.00045371055603027344,0.0
1747,pop16,1,0.0003960132598876953,0.0
1747,pop50,4,0.000521540641784668,0.0001265001552230474
1747,pop14,1,0.0004420280456542969,0.0
1747,pop27,1,0.0004394054412841797,0.0
1747,pop44,1,0.0004029273986816406,0.0
1748,pop6,4,0.0004603862762451172,0.00017024655897532085
1748,pop7,3,0.00042557716369628906,1.4464497122967924e-05
1748,pop53,3,0.00046555201212565106,1.034735412518806e-05
1748,pop52,3,0.00043018658955891925,2.2192431432380242e-05
1748,pop54,2,0.0005865097045898438,0.0001704692840576172
1748,pop50,6,0.0004980961481730143,0.00011681183725619693
1748,pop16,2,0.0005518198013305664,9.09566879272461e-05
1748,pop23,2,0.00041687488555908203,3.349781036376953e-05
1748,pop21,1,0.0007748603820800781,0.0
1748,pop17,2,0.00044095516204833984,3.254413604736328e-05
1748,pop31,1,0.0006771087646484375,0.0
1749,pop19,2,0.00040352344512939453,6.377696990966797e-05
1749,pop51,1,0.0004611015319824219,0.0
1749,pop50,2,0.000431060791015625,3.528594970703125e-05
1749,pop17,1,0.0004069805145263672,0.0
1749,pop31,2,0.0006279945373535156,8.440017700195312e-05
1750,pop54,2,0.00041353702545166016,3.540515899658203e-05
1750,pop52,1,0.0004436969757080078,0.0
1750,pop50,2,0.00043082237243652344,2.9802322387695312e-05
1750,pop14,1,0.0004050731658935547,0.0
1750,pop27,3,0.0005005995432535807,9.785997644492604e-05
1750,pop44,1,0.0004265308380126953,0.0
1750,pop39,1,0.0004131793975830078,0.0
1751,pop33,4,0.0004817843437194824,0.00015077580150582893
1751,pop50,1,0.0004858970642089844,0.0
1751,pop53,1,0.0004496574401855469,0.0
1751,pop1,1,0.0004057884216308594,0.0
1751,pop15,1,0.0004067420959472656,0.0
1752,pop22,4,0.00047791004180908203,0.0001472551296345467
1752,pop51,1,0.00044727325439453125,0.0
1752,pop50,1,0.0003960132598876953,0.0
1752,pop32,1,0.0004088878631591797,0.0
1753,pop14,2,0.00039458274841308594,8.749961853027344e-05
1753,pop50,4,0.0005010366439819336,0.00011566833811806412
1753,pop52,1,0.00043654441833496094,0.0
1753,pop13,1,0.0004162788391113281,0.0
1754,pop4,4,0.0004971027374267578,0.00016253031435008706
1754,pop51,1,0.00044345855712890625,0.0
1754,pop50,1,0.0004260540008544922,0.0
1754,pop14,1,0.0004162788391113281,0.0
1754,pop27,1,0.0004513263702392578,0.0
1754,pop44,1,0.0004088878631591797,0.0
1755,pop0,2,0.00032639503479003906,0.00014448165893554688
1755,pop1,2,0.0004290342330932617,5.960464477539062e-07
1755,pop15,3,0.0005767345428466797,0.00014906380057366276
1756,pop29,2,0.00042307376861572266,5.900859832763672e-05
1756,pop51,1,0.00037407875061035156,0.0
1756,pop47,1,0.00044226646423339844,0.0
1756,pop53,3,0.0004496574401855469,9.448918627231502e-06
1756,pop1,3,0.0004304250081380208,1.4631641989218467e-05
1756,pop15,2,0.0005981922149658203,0.00016069412231445312
1756,pop50,2,0.00043010711669921875,3.5762786865234375e-06
1756,pop14,2,0.00043976306915283203,2.396106719970703e-05
1756,pop27,3,0.0005416075388590494,0.00012582423648916974
1757,pop12,2,0.00036323070526123047,8.857250213623047e-05
1757,pop52,1,0.0004639625549316406,0.0
1757,pop51,3,0.00043201446533203125,4.378384808664564e-05
1757,pop9,2,0.000622868537902832,0.0002168416976928711
1757,pop50,2,0.00042808055877685547,2.0623207092285156e-05
1757,pop17,2,0.0004423856735229492,2.086162567138672e-05
1757,pop31,2,0.0004385709762573242,1.1563301086425781e-05
1757,pop30,2,0.00043022632598876953,7.748603820800781e-06
1757,pop48,3,0.0005307992299397787,0.00011899552783098017
1757,pop49,2,0.0006282329559326172,0.0002071857452392578
1758,pop8,2,0.00038504600524902344,7.43865966796875e-05
1758,pop51,2,0.00042045116424560547,4.017353057861328e-05
1758,pop50,4,0.0004296302795410156,1.4512231629880143e-05
1758,pop17,3,0.00043853123982747394,2.203649271986025e-05
1758,pop31,3,0.0005573431650797526,0.00016140900631712632
1758,pop22,1,0.0004341602325439453,0.0
1758,pop21,1,0.0007827281951904297,0.0
1758,pop23,1,0.0004227161407470703,0.0
1758,pop16,1,0.00042629241943359375,0.0
1758,pop32,3,0.0006009737650553385,0.00013517868550548914
1759,pop21,2,0.0004335641860961914,3.039836883544922e-05
1759,pop23,1,0.00044274330139160156,0.0
1759,pop16,1,0.0004239082336425781,0.0
1759,pop50,1,0.00043845176696777344,0.0
1759,pop14,1,0.00044846534729003906,0.0
1759,pop27,3,0.0004336039225260417,9.521498681802135e-06
1759,pop44,1,0.0004413127899169922,0.0
1759,pop39,2,0.0006986856460571289,0.00011861324310302734
1760,pop6,2,0.0003529787063598633,0.00013577938079833984
1760,pop7,1,0.00045490264892578125,0.0
1760,pop53,3,0.00044043858846028644,2.0002862530792902e-05
1760,pop1,3,0.00044576327006022137,7.652539009863995e-06
1760,pop0,3,0.0005525747934977213,0.00018723417822117487
1760,pop50,3,0.0005506674448649088,0.00018136037427340135
1761,pop19,2,0.0004354715347290039,7.832050323486328e-05
1761,pop51,1,0.0004630088806152344,0.0
1761,pop29,4,0.0005580782890319824,0.000152380005872781
1762,pop54,2,0.00040459632873535156,7.081031799316406e-05
1762,pop52,1,0.0004439353942871094,0.0
1762,pop50,5,0.0005583763122558594,0.00015411410886425014
1762,pop14,3,0.0004604657491048177,6.670988010226349e-06
1762,pop24,2,0.0005143880844116211,8.475780487060547e-05
1763,pop50,4,0.0005384087562561035,0.00017757650211138286
1763,pop51,1,0.00043082237243652344,0.0
1763,pop29,1,0.0004105567932128906,0.0
1764,pop22,5,0.0004734992980957031,0.00013451575387753875
1764,pop51,1,0.00043082237243652344,0.0
1764,pop52,1,0.0004456043243408203,0.0
1764,pop54,1,0.0004382133483886719,0.0
1765,pop0,3,0.00038743019104003906,0.00010233814909506271
1765,pop1,3,0.0005156199137369791,0.00011288212641611048
1765,pop53,1,0.0004062652587890625,0.0
1765,pop52,1,0.0004444122314453125,0.0
1765,pop13,1,0.0004315376281738281,0.0
1766,pop8,2,0.0004134178161621094,5.793571472167969e-05
1766,pop51,1,0.00044989585876464844,0.0
1766,pop47,1,0.0004372596740722656,0.0
1766,pop53,1,0.00045990943908691406,0.0
1766,pop1,1,0.0004324913024902344,0.0
1766,pop15,4,0.0005463361740112305,0.00010446686247094045
1767,pop21,2,0.0003924369812011719,5.7220458984375e-05
1767,pop23,1,0.00044226646423339844,0.0
1767,pop16,1,0.0004315376281738281,0.0
1767,pop50,4,0.0004521608352661133,2.819268194187923e-05
1767,pop53,3,0.0004238287607828776,8.87893608629501e-06
1767,pop1,3,0.0004309813181559245,1.721720399552973e-05
1767,pop0,2,0.0006008148193359375,0.000179290771484375
1767,pop47,1,0.00044989585876464844,0.0
1767,pop51,2,0.00043213367462158203,1.895427703857422e-05
1767,pop19,1,0.000812530517578125,0.0
1767,pop17,2,0.0004172325134277344,8.344650268554688e-06
1767,pop31,2,0.0006058216094970703,0.00014901161193847656
1768,pop19,2,0.00041306018829345703,6.0439109802246094e-05
1768,pop18,5,0.0004657268524169922,4.446454725398722e-05
1768,pop38,2,0.0005794763565063477,0.00014340877532958984
1769,pop13,5,0.0005072116851806641,0.0001578803870364066
1769,pop52,1,0.00040721893310546875,0.0
1769,pop51,1,0.0004410743713378906,0.0
1769,pop46,1,0.00044608116149902344,0.0
1769,pop45,1,0.00042819976806640625,0.0
1770,pop20,4,0.00039499998092651367,0.00014206330387393014
1770,pop46,1,0.0003979206085205078,0.0
1770,pop51,1,0.0004475116729736328,0.0
1770,pop9,1,0.0004405975341796875,0.0
1771,pop44,2,0.00034689903259277344,0.000125885009765625
1771,pop45,2,0.0004984140396118164,0.00010406970977783203
1771,pop46,2,0.00042510032653808594,3.814697265625e-06
1771,pop51,2,0.00045609474182128906,9.059906005859375e-06
1771,pop43,4,0.0005501508712768555,0.00011506092731154866
1772,pop12,3,0.0004535516103108724,0.0002661469302660691
1772,pop52,2,0.0004317760467529297,2.1457672119140625e-06
1772,pop50,4,0.0005052685737609863,9.791102074786074e-05
1773,pop54,2,0.0004374980926513672,6.079673767089844e-05
1773,pop52,3,0.0004360675811767578,1.744316122024957e-05
1773,pop51,3,0.0005466143290201823,0.00015713699714820306
1773,pop8,2,0.0005297660827636719,7.772445678710938e-05
1773,pop13,3,0.000686486562093099,0.00016093923217300665
1774,pop21,2,0.0004163980484008789,6.878376007080078e-05
1774,pop22,2,0.0005599260330200195,0.00013005733489990234
1774,pop51,5,0.0004491329193115234,9.636830599218484e-06
1774,pop8,2,0.0005750656127929688,0.000164031982421875
1774,pop50,5,0.0005202770233154296,0.0001485220611299124
1774,pop17,1,0.0007297992706298828,0.0
1775,pop25,2,0.00040721893310546875,5.555152893066406e-05
1775,pop17,1,0.00042557716369628906,0.0
1775,pop50,2,0.00041937828063964844,1.5974044799804688e-05
1775,pop14,1,0.0004131793975830078,0.0
1775,pop27,3,0.0004928906758626302,6.428828766114778e-05
1775,pop44,1,0.0004494190216064453,0.0
1776,pop50,2,0.00034987926483154297,0.00010716915130615234
1776,pop32,3,0.0005534489949544271,8.879128145805949e-05
1777,pop22,5,0.0004169940948486328,0.00013179135548385096
1777,pop51,1,0.000415802001953125,0.0
1777,pop9,1,0.0004334449768066406,0.0
1778,pop19,2,0.000370025634765625,0.00010442733764648438
1778,pop51,1,0.00042366981506347656,0.0
1778,pop46,4,0.00046813488006591797,7.024017303124819e-05
1778,pop45,1,0.0004146099090576172,0.0
1779,pop21,2,0.00041353702545166016,3.1828880310058594e-05
1779,pop22,4,0.0005458593368530273,0.00018973105004307039
1779,pop51,1,0.000423431396484375,0.0
1779,pop19,1,0.00040721893310546875,0.0
1779,pop18,1,0.0004315376281738281,0.0
1779,pop38,1,0.0004036426544189453,0.0
1780,pop14,2,0.0003943443298339844,7.748603820800781e-05
1780,pop50,4,0.0004985332489013672,0.0001249394113900605
1780,pop52,1,0.0004050731658935547,0.0
1780,pop34,1,0.00043654441833496094,0.0
1781,pop13,4,0.000424802303314209,3.8545868005855524e-05
1781,pop52,1,0.0004284381866455078,0.0
1781,pop51,1,0.00046825408935546875,0.0
1781,pop46,3,0.00048160552978515625,7.210601947920326e-05
1781,pop45,2,0.0005782842636108398,0.0001634359359741211
1782,pop12,3,0.0004584789276123047,0.000280885487185321
1782,pop52,2,0.0004172325134277344,1.6689300537109375e-06
1782,pop50,2,0.00045418739318847656,8.821487426757812e-06
1782,pop17,2,0.0004647970199584961,2.3484230041503906e-05
1782,pop31,4,0.0005216002464294434,0.00014193860946770732
1783,pop22,5,0.0004970073699951172,0.00015022176300972766
1783,pop51,1,0.0004489421844482422,0.0
1783,pop50,1,0.0004143714904785156,0.0
1783,pop14,1,0.0004584789276123047,0.0
1783,pop27,1,0.00044035911560058594,0.0
1783,pop44,1,0.0004298686981201172,0.0
1784,pop6,4,0.00045561790466308594,0.00015344259303490336
1784,pop7,1,0.00041365623474121094,0.0
1784,pop53,1,0.00043511390686035156,0.0
1784,pop1,1,0.00043892860412597656,0.0
1784,pop0,1,0.00040411949157714844,0.0
1785,pop22,3,0.0004024505615234375,5.720290603558639e-05
1785,pop51,1,0.0004649162292480469,0.0
1785,pop43,3,0.0004799365997314453,6.0768526051617426e-05
1785,pop42,1,0.00043201446533203125,0.0
1786,pop0,5,0.0004909992218017578,0.0001467574791113054
1786,pop1,1,0.0004398822784423828,0.0
1786,pop53,1,0.0004489421844482422,0.0
1786,pop50,1,0.0004143714904785156,0.0
1786,pop17,1,0.0004265308380126953,0.0
1786,pop31,1,0.0004487037658691406,0.0
1786,pop30,1,0.0004138946533203125,0.0
1786,pop48,1,0.0004565715789794922,0.0
1786,pop49,1,0.00041794776916503906,0.0
1787,pop14,2,0.0004328489303588867,2.6345252990722656e-05
1787,pop50,2,0.00041234493255615234,1.633167266845703e-05
1787,pop51,1,0.0004324913024902344,0.0
1787,pop29,3,0.000591119130452474,0.00014310363407105006
1788,pop12,2,0.0002974271774291992,0.00014579296112060547
1788,pop52,3,0.00046253204345703125,4.421020255238146e-05
1788,pop34,2,0.0005849599838256836,0.00014531612396240234
1788,pop51,2,0.00044715404510498047,3.4570693969726562e-06
1788,pop10,4,0.0005678534507751465,0.00012221195143015062
1789,pop6,5,0.00044121742248535154,0.0001404929782334776
1789,pop7,1,0.0004451274871826172,0.0
1789,pop53,1,0.0004189014434814453,0.0
1789,pop52,1,0.00041675567626953125,0.0
1789,pop12,1,0.00041985511779785156,0.0
1790,pop57,2,0.0003829002380371094,6.723403930664062e-05
1790,pop56,1,0.00045418739318847656,0.0
1790,pop55,2,0.00046193599700927734,1.0848045349121094e-05
1790,pop50,1,0.0004596710205078125,0.0
1790,pop53,3,0.0004514058430989583,2.4540776411817778e-05
1790,pop1,3,0.00045688947041829425,1.3616092265486446e-05
1790,pop0,3,0.0005139509836832682,0.00012129896521004435
1790,pop52,1,0.0008034706115722656,0.0
1790,pop51,2,0.0004558563232421875,1.0251998901367188e-05
1790,pop46,2,0.00043141841888427734,8.702278137207031e-06
1790,pop20,2,0.0007635354995727539,7.271766662597656e-06
1790,pop47,1,0.00042724609375,0.0
1791,pop44,4,0.0003514885902404785,0.0001227768153015142
1791,pop39,2,0.0005340576171875,0.00011849403381347656
1791,pop27,4,0.00048410892486572266,7.580764204586576e-05
1792,pop54,2,0.00035774707794189453,7.545948028564453e-05
1792,pop52,1,0.000461578369140625,0.0
1792,pop53,3,0.00042939186096191406,2.4279706530334196e-05
1792,pop1,3,0.0004490216573079427,1.1108588857788608e-05
1792,pop15,2,0.0006039142608642578,0.0001647472381591797
1792,pop47,2,0.00041031837463378906,7.152557373046875e-06
1792,pop51,2,0.00044548511505126953,4.410743713378906e-06
1792,pop46,4,0.0005863308906555176,0.00013919974104048408
1793,pop45,2,0.00039458274841308594,5.555152893066406e-05
1793,pop46,4,0.0005169510841369629,0.00014431754230023047
1793,pop51,1,0.00042128562927246094,0.0
1793,pop50,1,0.00044989585876464844,0.0
1793,pop17,1,0.0004456043243408203,0.0
1793,pop31,1,0.0004076957702636719,0.0
1794,pop25,2,0.0003699064254760742,7.426738739013672e-05
1794,pop17,1,0.0004458427429199219,0.0
1794,pop50,3,0.00044727325439453125,2.0113071973870222e-05
1794,pop52,3,0.00044091542561848957,1.233392154760116e-05
1794,pop34,2,0.0005984306335449219,0.0001876354217529297
1794,pop14,2,0.0004385709762573242,2.9921531677246094e-05
1794,pop27,4,0.0005986690521240234,0.00013681082563350334
1795,pop50,4,0.0004628896713256836,0.0001487859447681633
1795,pop51,1,0.00045990943908691406,0.0
1795,pop9,1,0.0004317760467529297,0.0
1796,pop19,2,0.00040531158447265625,3.552436828613281e-05
1796,pop18,1,0.0004429817199707031,0.0
1796,pop38,2,0.00044143199920654297,2.1576881408691406e-05
1796,pop39,3,0.0005799134572347006,0.00021086865001150611
1796,pop44,2,0.00043261051177978516,7.987022399902344e-06
1796,pop27,2,0.0005348920822143555,6.80685043334961e-05
1797,pop21,2,0.00036072731018066406,8.249282836914062e-05
1797,pop22,4,0.0005081295967102051,0.00010897937930037805
1797,pop51,1,0.0004456043243408203,0.0
1797,pop52,1,0.00042319297790527344,0.0
1797,pop13,1,0.0004343986511230469,0.0
1798,pop14,2,0.0003216266632080078,0.00011968612670898438
1798,pop50,1,0.0004572868347167969,0.0
1798,pop32,3,0.0005552768707275391,0.00013075877090244195
1799,pop12,2,0.0004000663757324219,4.0531158447265625e-05
1799,pop52,1,0.00045561790466308594,0.0
1799,pop55,3,0.0005402565002441406,0.00012805852287462146
1799,pop56,1,0.0004363059997558594,0.0
1799,pop48,1,0.00044083595275878906,0.0
1799,pop49,1,0.00040411949157714844,0.0
1800,pop54,2,0.0003597736358642578,8.296966552734375e-05
1800,pop52,1,0.00045800209045410156,0.0
1800,pop53,1,0.00047707557678222656,0.0
1800,pop1,4,0.00046390295028686523,7.26827504410755e-05
1800,pop0,1,0.0004322528839111328,0.0
1801,pop33,5,0.0004844188690185547,0.00015140112169171073
1801,pop50,1,0.00040984153747558594,0.0
1801,pop51,1,0.00045371055603027344,0.0
1801,pop43,1,0.0004398822784423828,0.0
1801,pop40,1,0.0004363059997558594,0.0
1802,pop4,5,0.0004612922668457031,0.0001489248328247122
1802,pop51,1,0.00040984153747558594,0.0
1802,pop50,1,0.000476837158203125,0.0
1802,pop32,1,0.0004105567932128906,0.0
1803,pop29,3,0.000433047612508138,1.7837718324973273e-05
1803,pop51,1,0.00047516822814941406,0.0
1803,pop50,3,0.0005859533945719401,0.0001503956206146409
1803,pop14,1,0.00041556358337402344,0.0
1803,pop27,1,0.0004382133483886719,0.0
1803,pop44,1,0.00042057037353515625,0.0
1803,pop39,1,0.0004248619079589844,0.0
1804,pop22,2,0.0004457235336303711,4.661083221435547e-05
1804,pop51,1,0.00045871734619140625,0.0
1804,pop50,2,0.00043380260467529297,1.4662742614746094e-05
1804,pop14,1,0.000461578369140625,0.0
1804,pop27,3,0.0004889965057373047,8.446682706776345e-05
1804,pop44,1,0.000438690185546875,0.0
1804,pop39,1,0.00040531158447265625,0.0
1805,pop45,2,0.00042116641998291016,5.0187110900878906e-05
1805,pop44,1,0.0004591941833496094,0.0
1805,pop39,4,0.000479280948638916,5.043225745144699e-05
1805,pop38,1,0.0004067420959472656,0.0
1806,pop25,2,0.000335693359375,0.0001347064971923828
1806,pop17,1,0.0004730224609375,0.0
1806,pop50,4,0.0004904270172119141,9.73134863739071e-05
1806,pop32,1,0.0004050731658935547,0.0
1807,pop14,2,0.00039184093475341797,8.428096771240234e-05
1807,pop50,3,0.00044687589009602863,6.013738127515352e-06
1807,pop53,3,0.0004471143086751302,2.8444401212242548e-05
1807,pop1,3,0.0004260540008544922,1.1797905957577043e-05
1807,pop0,3,0.0005674362182617188,0.00019996597038195692
1807,pop47,1,0.00046181678771972656,0.0
1807,pop51,5,0.0004333019256591797,2.3875022709709934e-05
1807,pop8,1,0.0006186962127685547,0.0
1807,pop46,2,0.0007467269897460938,0.0001010894775390625
1807,pop22,2,0.0004266500473022461,2.0384788513183594e-05
1807,pop21,1,0.0006852149963378906,0.0
1807,pop17,2,0.0004482269287109375,7.152557373046875e-06
1807,pop31,3,0.0004431406656901042,2.1337537846090777e-05
1807,pop30,2,0.0004558563232421875,1.5735626220703125e-05
1807,pop48,2,0.00046122074127197266,1.1920928955078125e-07
1807,pop49,2,0.0007041692733764648,8.356571197509766e-05
1808,pop8,2,0.00040721893310546875,5.8650970458984375e-05
1808,pop51,1,0.0004315376281738281,0.0
1808,pop47,1,0.0004589557647705078,0.0
1808,pop53,1,0.0004639625549316406,0.0
1808,pop1,2,0.00043952465057373047,1.7881393432617188e-06
1808,pop0,3,0.0006210009256998698,0.00016572707737296817
1809,pop6,3,0.0003973642985026042,9.099770840734195e-05
1809,pop7,1,0.0004360675811767578,0.0
1809,pop53,1,0.0004353523254394531,0.0
1809,pop50,1,0.00046539306640625,0.0
1809,pop32,3,0.0006022453308105469,0.00013986658857978584
1810,pop25,2,0.0003954172134399414,6.520748138427734e-05
1810,pop17,1,0.00045680999755859375,0.0
1810,pop50,1,0.00041985511779785156,0.0
1810,pop52,3,0.00044647852579752606,1.1860908301857445e-05
1810,pop54,2,0.0005974769592285156,0.00019359588623046875
1810,pop55,2,0.0004601478576660156,3.814697265625e-06
1810,pop56,2,0.00043261051177978516,7.748603820800781e-06
1810,pop48,2,0.00045228004455566406,7.62939453125e-06
1810,pop49,4,0.000563502311706543,0.00011947869614616781
1811,pop20,4,0.0004927515983581543,0.00018127005295881453
1811,pop46,1,0.00040793418884277344,0.0
1811,pop51,1,0.00044918060302734375,0.0
1811,pop43,1,0.0004439353942871094,0.0
1811,pop42,1,0.0004246234893798828,0.0
1812,pop57,2,0.0003936290740966797,8.153915405273438e-05
1812,pop56,1,0.00046539306640625,0.0
1812,pop55,2,0.0004483461380004883,1.5139579772949219e-05
1812,pop50,1,0.0004203319549560547,0.0
1812,pop51,3,0.00044655799865722656,7.417845337917349e-06
1812,pop9,2,0.0005575418472290039,0.0001443624496459961
1812,pop4,3,0.0005020300547281901,9.145092214966353e-05
1813,pop44,2,0.00030815601348876953,0.00016224384307861328
1813,pop39,3,0.0004755655924479167,8.266728512396843e-05
1813,pop38,1,0.0004191398620605469,0.0
1814,pop45,2,0.0003834962844848633,8.881092071533203e-05
1814,pop46,4,0.0005165934562683105,0.0001321542780207749
1814,pop51,1,0.00045228004455566406,0.0
1814,pop43,1,0.0004172325134277344,0.0
1814,pop42,1,0.0004162788391113281,0.0
1815,pop8,2,0.0002951622009277344,0.0001678466796875
1815,pop51,3,0.0004800160725911458,0.00010181531049627825
1815,pop43,1,0.0007574558258056641,0.0
1815,pop52,1,0.000453948974609375,0.0
1815,pop55,5,0.00048041343688964844,9.134151511816246e-05
1815,pop56,1,0.00083160400390625,0.0
1815,pop50,1,0.0004475116729736328,0.0
1816,pop6,4,0.00039881467819213867,6.181490206562988e-05
1816,pop7,1,0.0004391670227050781,0.0
1816,pop53,1,0.0004305839538574219,0.0
1816,pop47,1,0.00044345855712890625,0.0
1816,pop51,3,0.0004401206970214844,2.2809402995841184e-05
1816,pop9,2,0.000598907470703125,0.00014829635620117188
1816,pop43,2,0.0005146265029907227,8.213520050048828e-05
1817,pop50,5,0.0005078315734863281,0.00012684549585852348
1817,pop51,1,0.0004448890686035156,0.0
1817,pop8,1,0.00038814544677734375,0.0
1818,pop19,2,0.0003914833068847656,8.678436279296875e-05
1818,pop51,1,0.0004596710205078125,0.0
1818,pop50,3,0.0004456043243408203,5.299117748950212e-06
1818,pop32,2,0.0007094144821166992,0.0001405477523803711
1819,pop25,2,0.0004140138626098633,3.254413604736328e-05
1819,pop17,1,0.00042724609375,0.0
1819,pop50,1,0.0004487037658691406,0.0
1819,pop51,1,0.00041866302490234375,0.0
1819,pop43,5,0.00046672821044921873,4.94844868631212e-05
1819,pop40,2,0.0006101131439208984,0.0001571178436279297
1820,pop57,2,0.0004239082336425781,4.839897155761719e-05
1820,pop56,1,0.0004558563232421875,0.0
1820,pop55,1,0.0004703998565673828,0.0
1820,pop50,1,0.00045490264892578125,0.0
1820,pop51,4,0.00042438507080078125,7.524363440541982e-06
1820,pop8,2,0.00061798095703125,0.0001823902130126953
1820,pop43,4,0.0004448890686035156,2.2223502081628145e-05
1820,pop40,2,0.0004292726516723633,1.0728836059570312e-06
1820,pop41,1,0.0007269382476806641,0.0
1820,pop46,2,0.00043904781341552734,1.0848045349121094e-05
1820,pop20,2,0.0006960630416870117,6.592273712158203e-05
1821,pop6,2,0.00041997432708740234,4.9233436584472656e-05
1821,pop7,1,0.0004475116729736328,0.0
1821,pop53,1,0.00042557716369628906,0.0
1821,pop47,1,0.0004775524139404297,0.0
1821,pop51,4,0.0005403757095336914,0.0002010164502109491
1821,pop8,2,0.0005877017974853516,0.00014662742614746094
1821,pop46,4,0.0004330873489379883,2.586182277355914e-05
1821,pop45,1,0.0008242130279541016,0.0
1821,pop52,1,0.00045800209045410156,0.0
1821,pop50,2,0.0004553794860839844,4.76837158203125e-07
1821,pop17,1,0.0004489421844482422,0.0
1821,pop31,1,0.00043773651123046875,0.0
1821,pop30,1,0.0006191730499267578,0.0
1821,pop48,1,0.00047016143798828125,0.0
1821,pop56,1,0.0007233619689941406,0.0
1821,pop55,2,0.0006184577941894531,0.0001685619354248047
1822,pop13,5,0.0005047798156738281,0.00015190907824086267
1822,pop52,1,0.0003879070281982422,0.0
1822,pop50,1,0.0004191398620605469,0.0
1822,pop14,1,0.00041103363037109375,0.0
1822,pop27,1,0.00046753883361816406,0.0
1822,pop44,1,0.0004131793975830078,0.0
1822,pop39,1,0.0004382133483886719,0.0
1822,pop38,1,0.00041747093200683594,0.0
1823,pop33,3,0.00036334991455078125,9.027368274958906e-05
1823,pop50,2,0.00054168701171875,9.846687316894531e-05
1823,pop51,1,0.00042939186096191406,0.0
1824,pop4,4,0.00041371583938598633,5.866075231616886e-05
1824,pop51,3,0.00044345855712890625,5.804239793303876e-06
1824,pop8,2,0.0005692243576049805,0.00015461444854736328
1824,pop43,2,0.0006129741668701172,0.0001575946807861328
1825,pop8,2,0.00034165382385253906,6.461143493652344e-05
1825,pop51,3,0.000431060791015625,1.4917206073316022e-05
1825,pop43,3,0.0004497369130452474,6.160043835664145e-06
1825,pop40,2,0.0005840063095092773,0.00016367435455322266
1825,pop52,2,0.000453948974609375,3.5762786865234375e-06
1825,pop37,1,0.000797271728515625,0.0
1825,pop50,4,0.0005265474319458008,0.0001672432409108829
1826,pop57,2,0.0003012418746948242,9.453296661376953e-05
1826,pop56,1,0.00041556358337402344,0.0
1826,pop55,3,0.0005199114481608073,0.00012122271198950923
1826,pop52,1,0.00044727325439453125,0.0
1826,pop12,1,0.0004093647003173828,0.0
1827,pop29,2,0.0003173351287841797,8.058547973632812e-05
1827,pop51,3,0.00043312708536783856,1.230623824391721e-05
1827,pop43,3,0.00041985511779785156,3.2076530002373995e-05
1827,pop40,2,0.0005800724029541016,0.00017595291137695312
1827,pop50,4,0.0005270838737487793,0.00015046898325122508
1828,pop25,2,0.0011861324310302734,0.0006277561187744141
1828,pop17,1,0.0004177093505859375,0.0
1828,pop31,2,0.0004334449768066406,1.3589859008789062e-05
1828,pop30,1,0.0004563331604003906,0.0
1828,pop48,3,0.0005068778991699219,8.902180678855271e-05
1828,pop49,1,0.0003955364227294922,0.0
1829,pop13,5,0.0005357742309570312,0.000150515172848842
1829,pop52,1,0.0004432201385498047,0.0
1829,pop50,1,0.0004191398620605469,0.0
1829,pop14,1,0.00044989585876464844,0.0
1829,pop27,1,0.0004096031188964844,0.0
1829,pop44,1,0.0004336833953857422,0.0
1829,pop39,1,0.0004296302795410156,0.0
1830,pop0,2,0.0003986358642578125,6.031990051269531e-05
1830,pop1,4,0.0005196928977966309,0.00015648782610948187
1830,pop53,1,0.00045180320739746094,0.0
1830,pop50,1,0.00041961669921875,0.0
1830,pop14,1,0.00043964385986328125,0.0
1830,pop27,1,0.0004253387451171875,0.0
1830,pop44,1,0.00040459632873535156,0.0
1831,pop25,2,0.00041234493255615234,3.254413604736328e-05
1831,pop17,3,0.000448147455851237,1.0396678264308313e-05
1831,pop50,5,0.0005135059356689454,0.00014363633308665298
1831,pop51,3,0.0004374186197916667,1.2219711347323786e-05
1831,pop43,4,0.0004424452781677246,1.7900754460620122e-05
1831,pop40,2,0.0004985332489013672,6.389617919921875e-05
1831,pop11,1,0.0006830692291259766,0.0
1831,pop22,1,0.0004496574401855469,0.0
1831,pop21,1,0.0005779266357421875,0.0
1831,pop23,1,0.0004284381866455078,0.0
1831,pop16,1,0.0007016658782958984,0.0
1831,pop31,2,0.0006089210510253906,0.00010800361633300781
1832,pop0,3,0.00040904680887858075,6.157059469674398e-05
1832,pop1,2,0.0006275177001953125,0.00017547607421875
1832,pop53,1,0.00043392181396484375,0.0
1832,pop50,1,0.00039958953857421875,0.0
1832,pop14,1,0.0004506111145019531,0.0
1832,pop27,1,0.0004401206970214844,0.0
1832,pop44,1,0.0004138946533203125,0.0
1833,pop21,2,0.0003641843795776367,8.64267349243164e-05
1833,pop22,1,0.00045752525329589844,0.0
1833,pop51,4,0.0004450082778930664,1.4678241323032455e-05
1833,pop52,3,0.0005320707956949869,0.00014179543975275426
1833,pop54,2,0.0005261898040771484,0.00010514259338378906
1833,pop46,1,0.0006651878356933594,0.0
1833,pop36,4,0.0005217790603637695,0.00012000397209562383
1834,pop12,2,0.0003656148910522461,8.14199447631836e-05
1834,pop52,1,0.0004630088806152344,0.0
1834,pop50,4,0.00048232078552246094,9.304909330828217e-05
1834,pop32,1,0.0004374980926513672,0.0
1835,pop54,2,0.00040841102600097656,4.8160552978515625e-05
1835,pop52,2,0.0004372596740722656,1.049041748046875e-05
1835,pop51,4,0.0004391670227050781,2.6176687961955963e-05
1835,pop8,2,0.0005249977111816406,0.00010967254638671875
1835,pop9,1,0.0007319450378417969,0.0
1835,pop55,3,0.0005702177683512369,0.00015165749823642415
1835,pop50,1,0.0004420280456542969,0.0
1836,pop19,2,0.0002956390380859375,0.0001430511474609375
1836,pop51,3,0.0004387696584065755,1.0521678392687076e-05
1836,pop9,2,0.0005985498428344727,0.0001951456069946289
1836,pop47,2,0.00044167041778564453,1.823902130126953e-05
1836,pop53,2,0.0004595518112182617,1.3113021850585938e-06
1836,pop3,3,0.0006706714630126953,0.00014890393499320074
1837,pop6,2,0.00036716461181640625,7.796287536621094e-05
1837,pop7,1,0.0004658699035644531,0.0
1837,pop53,1,0.00045037269592285156,0.0
1837,pop50,4,0.0004969239234924316,0.0001334573818738991
1837,pop14,2,0.00045180320739746094,1.4066696166992188e-05
1837,pop24,2,0.0005662441253662109,0.00013589859008789062
1837,pop23,1,0.0007684230804443359,0.0
1837,pop16,1,0.0004589557647705078,0.0
1838,pop33,5,0.0004706382751464844,0.00014445041721591737
1838,pop50,1,0.0004184246063232422,0.0
1838,pop52,1,0.0004420280456542969,0.0
1838,pop34,1,0.0004096031188964844,0.0
1839,pop6,2,0.00035750865936279297,0.0001004934310913086
1839,pop7,1,0.0004570484161376953,0.0
1839,pop53,1,0.0004754066467285156,0.0
1839,pop47,1,0.00041222572326660156,0.0
1839,pop51,2,0.0005829334259033203,0.0001468658447265625
1839,pop50,6,0.00046332677205403644,7.015392134626885e-05
1839,pop26,1,0.0006263256072998047,0.0
1839,pop17,1,0.0007877349853515625,0.0
1840,pop22,2,0.0004175901412963867,5.829334259033203e-05
1840,pop51,1,0.00046253204345703125,0.0
1840,pop50,1,0.00043487548828125,0.0
1840,pop32,3,0.0005848407745361328,0.00015060293537013582
1841,pop14,2,0.0004175901412963867,3.0159950256347656e-05
1841,pop50,3,0.0005713303883870443,0.00018526226500731148
1841,pop51,1,0.00040912628173828125,0.0
1841,pop8,1,0.0004229545593261719,0.0
1842,pop29,5,0.0004688739776611328,0.00015460076966434486
1842,pop51,1,0.0004093647003173828,0.0
1842,pop50,1,0.00044417381286621094,0.0
1842,pop32,1,0.00041031837463378906,0.0
1843,pop13,2,0.0003063678741455078,0.0001342296600341797
1843,pop52,3,0.0004324913024902344,1.960935442045656e-05
1843,pop54,2,0.0005950927734375,0.0001513957977294922
1843,pop55,3,0.0004342397054036458,2.1750895596344444e-05
1843,pop56,2,0.00044989585876464844,2.0265579223632812e-05
1843,pop57,1,0.0008070468902587891,0.0
1843,pop50,2,0.0005675554275512695,0.00014698505401611328
1844,pop54,2,0.0003069639205932617,0.00014984607696533203
1844,pop52,3,0.0004380544026692708,1.3091088263773457e-05
1844,pop12,2,0.0006043910980224609,0.00019240379333496094
1844,pop51,2,0.00043022632598876953,2.658367156982422e-05
1844,pop43,5,0.0004896163940429687,0.0001013247657741135
1844,pop11,1,0.0008189678192138672,0.0
1845,pop19,2,0.00036263465881347656,9.369850158691406e-05
1845,pop51,1,0.0004553794860839844,0.0
1845,pop52,1,0.0004246234893798828,0.0
1845,pop13,4,0.0005586147308349609,0.0001371902643179073
1846,pop6,4,0.0005028247833251953,0.00017683676539732024
1846,pop7,1,0.0004506111145019531,0.0
1846,pop53,1,0.00041747093200683594,0.0
1846,pop50,1,0.00045752525329589844,0.0
1846,pop14,1,0.0004477500915527344,0.0
1846,pop27,1,0.00040411949157714844,0.0
1846,pop44,1,0.0004279613494873047,0.0
1847,pop33,2,0.00036787986755371094,0.00010919570922851562
1847,pop50,5,0.000488901138305664,9.58894035004358e-05
1847,pop51,2,0.0005967617034912109,0.00015425682067871094
1848,pop29,2,0.0003986358642578125,7.05718994140625e-05
1848,pop51,1,0.00041174888610839844,0.0
1848,pop43,3,0.0004344781239827474,1.5214435036243319e-05
1848,pop42,2,0.0006774663925170898,0.0001100301742553711
1849,pop20,5,0.0005133628845214843,0.0001359488076569638
1849,pop46,1,0.00043892860412597656,0.0
1849,pop45,1,0.0004317760467529297,0.0
1849,pop44,1,0.0004076957702636719,0.0
1849,pop39,1,0.00040030479431152344,0.0
1850,pop44,3,0.00043463706970214844,0.00025522772923887666
1850,pop27,4,0.0004673600196838379,5.070933244628062e-05
1851,pop45,2,0.0003885030746459961,5.3763389587402344e-05
1851,pop46,1,0.00045943260192871094,0.0
1851,pop51,1,0.00046181678771972656,0.0
1851,pop47,1,0.00043773651123046875,0.0
1851,pop53,1,0.0004329681396484375,0.0
1851,pop1,1,0.0004382133483886719,0.0
1851,pop15,4,0.0005106925964355469,9.070393490422352e-05
1852,pop22,4,0.0005199909210205078,0.000168943832460445
1852,pop51,1,0.000438690185546875,0.0
1852,pop50,1,0.0004494190216064453,0.0
1852,pop17,1,0.0004439353942871094,0.0
1852,pop31,1,0.0004138946533203125,0.0
1852,pop30,1,0.0004124641418457031,0.0
1852,pop48,1,0.0004379749298095703,0.0
1852,pop49,1,0.00042510032653808594,0.0
1853,pop54,2,0.00035202503204345703,0.00011456012725830078
1853,pop52,1,0.0004391670227050781,0.0
1853,pop53,1,0.0004191398620605469,0.0
1853,pop42,3,0.0006053447723388672,0.00017472107753301074
1854,pop19,2,0.0004096031188964844,5.221366882324219e-05
1854,pop51,1,0.0004513263702392578,0.0
1854,pop8,1,0.0009846687316894531,0.0
1855,pop50,6,0.0005052884419759115,0.00014501447356665543
1855,pop17,3,0.0004241466522216797,7.757463036799386e-06
1855,pop31,4,0.00042706727981567383,2.274141778642369e-05
1855,pop30,3,0.0004505316416422526,7.479743045713071e-06
1855,pop48,3,0.0004420280456542969,2.311307964019234e-05
1855,pop49,2,0.0005685091018676758,0.00016248226165771484
1855,pop53,3,0.0005788008371988932,0.00015271726891730286
1855,pop1,3,0.0004429022471110026,1.0733838739958267e-05
1855,pop15,2,0.0005162954330444336,4.851818084716797e-05
1855,pop0,1,0.000705718994140625,0.0
1855,pop52,2,0.00043022632598876953,2.2649765014648438e-06
1855,pop37,1,0.0006461143493652344,0.0
1855,pop47,1,0.0004520416259765625,0.0
1855,pop51,3,0.0004382928212483724,1.713999476497918e-05
1855,pop9,1,0.000782012939453125,0.0
1855,pop43,2,0.00044858455657958984,2.372264862060547e-05
1855,pop40,2,0.00045740604400634766,2.9802322387695312e-06
1855,pop41,1,0.0007758140563964844,0.0
1855,pop16,1,0.0007910728454589844,0.0
1856,pop33,4,0.0005130171775817871,0.0001675250122556672
1856,pop50,1,0.0004055500030517578,0.0
1856,pop51,1,0.000438690185546875,0.0
1856,pop46,1,0.0004165172576904297,0.0
1856,pop45,1,0.0003936290740966797,0.0
1857,pop29,2,0.0002918243408203125,0.0001513957977294922
1857,pop51,2,0.0006043910980224609,0.00017023086547851562
1857,pop50,4,0.0004871487617492676,7.897637925026013e-05
1858,pop44,2,0.00039196014404296875,8.106231689453125e-05
1858,pop27,4,0.0005130767822265625,0.0001318531266969972
1858,pop14,1,0.0004127025604248047,0.0
1858,pop50,1,0.0004303455352783203,0.0
1858,pop52,1,0.00042891502380371094,0.0
1858,pop54,1,0.0004017353057861328,0.0
1859,pop22,2,0.00037658214569091797,9.882450103759766e-05
1859,pop51,1,0.0004611015319824219,0.0
1859,pop52,3,0.0004425048828125,7.34339544710891e-06
1859,pop54,2,0.0006575584411621094,0.00015783309936523438
1859,pop55,3,0.00044838587443033856,1.0420343655321605e-05
1859,pop56,2,0.0004420280456542969,2.384185791015625e-07
1859,pop48,2,0.0007857084274291992,7.712841033935547e-05
1860,pop19,2,0.0003833770751953125,8.630752563476562e-05
1860,pop51,1,0.0004329681396484375,0.0
1860,pop50,3,0.0005096594492594401,0.00011049362938556777
1860,pop32,1,0.00041031837463378906,0.0
1861,pop4,5,0.0004548072814941406,0.00012547973215681454
1861,pop51,1,0.00044417381286621094,0.0
1861,pop43,1,0.00041174888610839844,0.0
1861,pop40,1,0.00044846534729003906,0.0
1862,pop8,2,0.0004254579544067383,4.8279762268066406e-05
1862,pop51,1,0.00042748451232910156,0.0
1862,pop50,3,0.0004470348358154297,2.1569525622262227e-05
1862,pop17,1,0.0004215240478515625,0.0
1862,pop31,2,0.0005421638488769531,7.939338684082031e-05
1862,pop30,1,0.0004298686981201172,0.0
1862,pop48,1,0.00043654441833496094,0.0
1862,pop49,1,0.0004420280456542969,0.0
1863,pop57,2,0.0003151893615722656,0.00015783309936523438
1863,pop48,4,0.00046437978744506836,6.172678999163626e-05
1863,pop49,1,0.000415802001953125,0.0
1864,pop45,2,0.0003895759582519531,6.532669067382812e-05
1864,pop46,1,0.0004220008850097656,0.0
1864,pop51,1,0.00045490264892578125,0.0
1864,pop50,4,0.0004247426986694336,2.4074669458987673e-05
1864,pop17,3,0.0004324913024902344,2.4806992010058526e-05
1864,pop31,3,0.0005458196004231771,0.00013797898374316123
1864,pop52,2,0.00045549869537353516,5.841255187988281e-06
1864,pop37,1,0.0007541179656982422,0.0
1864,pop53,2,0.0004349946975708008,1.2755393981933594e-05
1864,pop1,2,0.00044167041778564453,6.556510925292969e-06
1864,pop0,2,0.0007077455520629883,2.5391578674316406e-05
1865,pop54,2,0.0003656148910522461,9.882450103759766e-05
1865,pop52,1,0.0004203319549560547,0.0
1865,pop51,3,0.0004391670227050781,1.3283146168884391e-05
1865,pop9,2,0.0005420446395874023,0.00014078617095947266
1865,pop22,3,0.0006173451741536459,0.00016549951601493084
1866,pop29,2,0.00030410289764404297,0.00017440319061279297
1866,pop51,3,0.0005584557851155599,0.0001604839044785384
1866,pop52,1,0.0004646778106689453,0.0
1866,pop55,3,0.00044091542561848957,1.0790178575806462e-05
1866,pop56,1,0.0007312297821044922,0.0
1866,pop50,4,0.00045013427734375,2.2037280890284837e-05
1866,pop53,2,0.0004533529281616211,2.6345252990722656e-05
1866,pop7,1,0.0005822181701660156,0.0
1866,pop17,2,0.0005257129669189453,5.984306335449219e-05
1866,pop31,1,0.00078582763671875,0.0
1866,pop46,3,0.0004775524139404297,4.987794171637522e-05
1866,pop20,1,0.0005946159362792969,0.0
1867,pop14,2,0.00042998790740966797,2.6345252990722656e-05
1867,pop50,2,0.00043785572052001953,2.3245811462402344e-05
1867,pop51,1,0.0004374980926513672,0.0
1867,pop29,2,0.0006847381591796875,0.00014352798461914062
1868,pop13,2,0.00035452842712402344,0.00010609626770019531
1868,pop52,1,0.0004229545593261719,0.0
1868,pop53,1,0.00044918060302734375,0.0
1868,pop42,4,0.0005428194999694824,0.00010853590111520186
1869,pop6,5,0.00045065879821777345,0.00012876946624552687
1869,pop7,1,0.000446319580078125,0.0
1869,pop53,1,0.0004470348358154297,0.0
1869,pop52,1,0.000415802001953125,0.0
1869,pop12,1,0.00044274330139160156,0.0
1870,pop4,2,0.0004132986068725586,5.5909156799316406e-05
1870,pop51,1,0.0004210472106933594,0.0
1870,pop43,1,0.00047278404235839844,0.0
1870,pop42,3,0.0005331834157307943,8.357862578935976e-05
1871,pop8,2,0.00043010711669921875,4.601478576660156e-05
1871,pop51,1,0.0004596710205078125,0.0
1871,pop50,1,0.0004401206970214844,0.0
1871,pop14,1,0.000431060791015625,0.0
1871,pop27,4,0.0004680752754211426,5.4711836885185885e-05
1871,pop44,1,0.0004291534423828125,0.0
1872,pop54,2,0.0003916025161743164,5.352497100830078e-05
1872,pop52,1,0.0004105567932128906,0.0
1872,pop50,5,0.000504302978515625,0.00012403600493674283
1872,pop14,3,0.0005059242248535156,9.89378693783081e-05
1872,pop24,2,0.0005050897598266602,7.045269012451172e-05
1873,pop25,2,0.0003719329833984375,7.486343383789062e-05
1873,pop17,1,0.00045180320739746094,0.0
1873,pop50,3,0.0005389054616292318,0.00012858291190104005
1873,pop52,1,0.00041747093200683594,0.0
1873,pop54,1,0.0004355907440185547,0.0
1874,pop0,2,0.000408172607421875,4.1484832763671875e-05
1874,pop1,4,0.000525355339050293,0.00015206419400864686
1874,pop53,1,0.00043702125549316406,0.0
1874,pop50,1,0.0004467964172363281,0.0
1874,pop14,1,0.00041484832763671875,0.0
1874,pop27,1,0.00040912628173828125,0.0
1874,pop44,1,0.00044989585876464844,0.0
1874,pop39,1,0.0004258155822753906,0.0
1875,pop14,2,0.00037217140197753906,7.104873657226562e-05
1875,pop50,3,0.0005549589792887369,0.0001448728980706768
1875,pop52,1,0.0004177093505859375,0.0
1875,pop54,1,0.0004169940948486328,0.0
1876,pop4,5,0.00048131942749023436,0.0001488660406501743
1876,pop51,1,0.0004627704620361328,0.0
1876,pop47,1,0.0004527568817138672,0.0
1876,pop53,1,0.0004317760467529297,0.0
1876,pop1,1,0.00041961669921875,0.0
1876,pop0,1,0.0004429817199707031,0.0
1877,pop21,2,0.0003719329833984375,7.653236389160156e-05
1877,pop22,2,0.00043904781341552734,9.655952453613281e-06
1877,pop51,2,0.0006688833236694336,0.00021731853485107422
1877,pop52,2,0.00044286251068115234,1.537799835205078e-05
1877,pop12,1,0.0008742809295654297,0.0
1878,pop12,2,0.0003069639205932617,0.0001360177993774414
1878,pop52,3,0.00043272972106933594,1.1389323151107966e-05
1878,pop54,2,0.0006068944931030273,0.00020396709442138672
1878,pop50,4,0.0004981756210327148,0.00011391774686123082
1879,pop50,3,0.0003688335418701172,9.9279130060469e-05
1879,pop17,1,0.0004680156707763672,0.0
1879,pop31,3,0.0005196730295817057,0.00013130109423359798
1879,pop30,2,0.0004260540008544922,4.5299530029296875e-06
1879,pop48,2,0.0005128383636474609,9.918212890625e-05
1880,pop33,4,0.0005156993865966797,0.00016638183649506362
1880,pop50,1,0.0004279613494873047,0.0
1880,pop51,1,0.00046563148498535156,0.0
1880,pop29,1,0.00044608116149902344,0.0
1881,pop44,2,0.0003592967987060547,8.153915405273438e-05
1881,pop27,3,0.0005222956339518229,0.00013499718549777752
1881,pop14,1,0.0004162788391113281,0.0
1881,pop50,1,0.0004208087921142578,0.0
1881,pop53,1,0.0004394054412841797,0.0
1881,pop42,1,0.00041294097900390625,0.0
1882,pop19,2,0.00037169456481933594,6.747245788574219e-05
1882,pop51,3,0.000452121098836263,7.469603308047728e-06
1882,pop50,4,0.00043708086013793945,1.9376093982205053e-05
1882,pop17,3,0.00042136510213216144,7.193062145859248e-06
1882,pop31,2,0.0006351470947265625,0.00019097328186035156
1882,pop4,3,0.0005584557851155599,0.00016647016608056827
1883,pop54,2,0.00030732154846191406,0.00013828277587890625
1883,pop52,3,0.00044655799865722656,8.099216342669978e-06
1883,pop12,2,0.0006040334701538086,0.0001806020736694336
1883,pop51,1,0.0004723072052001953,0.0
1883,pop46,2,0.0004286766052246094,9.5367431640625e-07
1883,pop20,2,0.0006530284881591797,0.0001919269561767578
1883,pop45,1,0.0004239082336425781,0.0
1883,pop44,2,0.0004367828369140625,2.193450927734375e-05
1883,pop39,3,0.000686804453531901,0.00016766803408788813
1883,pop27,1,0.00044655799865722656,0.0
1883,pop14,1,0.0004413127899169922,0.0
1883,pop50,1,0.0004210472106933594,0.0
1884,pop57,2,0.0003459453582763672,9.226799011230469e-05
1884,pop56,1,0.0004603862762451172,0.0
1884,pop55,4,0.0004870295524597168,9.988847555683907e-05
1884,pop52,1,0.0004343986511230469,0.0
1884,pop13,1,0.0004115104675292969,0.0
1885,pop45,2,0.00033593177795410156,9.34600830078125e-05
1885,pop46,2,0.00044608116149902344,3.337860107421875e-06
1885,pop51,1,0.0004658699035644531,0.0
1885,pop52,3,0.00044282277425130207,1.3913425922403014e-05
1885,pop12,2,0.0006238222122192383,0.0001844167709350586
1885,pop53,2,0.00042068958282470703,1.0848045349121094e-05
1885,pop1,2,0.0005491971969604492,9.310245513916016e-05
1886,pop29,5,0.0005070209503173828,0.00017009822101374836
1886,pop51,1,0.0004169940948486328,0.0
1886,pop19,1,0.00042438507080078125,0.0
1886,pop18,1,0.0004889965057373047,0.0
1886,pop38,1,0.0004181861877441406,0.0
1887,pop14,2,0.0004118680953979492,3.2782554626464844e-05
1887,pop50,3,0.000560919443766276,0.00018725249424249212
1887,pop51,1,0.0009188652038574219,0.0
1888,pop50,5,0.00046982765197753904,0.0001311153576839774
1888,pop53,1,0.0004036426544189453,0.0
1888,pop1,1,0.0004394054412841797,0.0
1888,pop0,1,0.00043272972106933594,0.0
1889,pop33,2,0.00034999847412109375,8.606910705566406e-05
1889,pop50,1,0.00045561790466308594,0.0
1889,pop52,1,0.00043773651123046875,0.0
1889,pop13,4,0.0005044341087341309,7.928132530485185e-05
1890,pop44,2,0.0003914833068847656,4.315376281738281e-05
1890,pop27,4,0.0005204677581787109,0.00013763433962464246
1890,pop14,1,0.0004374980926513672,0.0
1890,pop50,1,0.00045228004455566406,0.0
1890,pop51,1,0.0004620552062988281,0.0
1890,pop43,1,0.0004494190216064453,0.0
1890,pop40,1,0.00041866302490234375,0.0
1891,pop13,3,0.00040841102600097656,5.326970400841467e-05
1891,pop52,3,0.000448306401570638,1.1185081536457813e-05
1891,pop50,5,0.0004828453063964844,8.720260487204767e-05
1891,pop17,3,0.00043082237243652344,2.1157102252496117e-05
1891,pop31,2,0.0006225109100341797,0.00017571449279785156
1891,pop37,1,0.0007441043853759766,0.0
1892,pop6,4,0.0004687309265136719,0.00016099654796855955
1892,pop7,1,0.00044465065002441406,0.0
1892,pop53,1,0.00041961669921875,0.0
1892,pop50,1,0.00041747093200683594,0.0
1892,pop17,1,0.00041937828063964844,0.0
1892,pop31,1,0.00042939186096191406,0.0
1893,pop54,2,0.0003916025161743164,7.95125961303711e-05
1893,pop52,1,0.00046133995056152344,0.0
1893,pop50,3,0.0004271666208902995,1.925179791196984e-05
1893,pop32,2,0.0006524324417114258,9.143352508544922e-05
1894,pop45,2,0.0003813505172729492,8.761882781982422e-05
1894,pop46,2,0.00043523311614990234,9.179115295410156e-06
1894,pop51,1,0.0004582405090332031,0.0
1894,pop43,3,0.00047206878662109375,7.155920933233963e-05
1894,pop42,1,0.0004134178161621094,0.0
1895,pop50,4,0.00042879581451416016,3.999484988842754e-05
1895,pop51,3,0.0004509290059407552,2.570231410318135e-05
1895,pop43,3,0.0004432996114095052,4.000240953261662e-05
1895,pop40,2,0.0005705356597900391,0.00012493133544921875
1895,pop46,1,0.0004801750183105469,0.0
1895,pop45,1,0.0008139610290527344,0.0
1895,pop44,2,0.00044226646423339844,2.384185791015625e-06
1895,pop39,2,0.0006134510040283203,0.00015807151794433594
1895,pop27,1,0.00042724609375,0.0
1895,pop14,1,0.0004420280456542969,0.0
1896,pop44,2,0.0004138946533203125,3.886222839355469e-05
1896,pop27,2,0.00044608116149902344,1.1205673217773438e-05
1896,pop14,1,0.0005064010620117188,0.0
1896,pop50,1,0.0004494190216064453,0.0
1896,pop51,1,0.00041484832763671875,0.0
1896,pop29,2,0.0006246566772460938,8.034706115722656e-05
1897,pop57,2,0.00037360191345214844,9.179115295410156e-05
1897,pop56,1,0.0004589557647705078,0.0
1897,pop55,2,0.00041472911834716797,3.5762786865234375e-07
1897,pop52,3,0.0004223187764485677,1.6209346496559095e-06
1897,pop34,2,0.0005918741226196289,0.0001703500747680664
1897,pop51,3,0.0004486242930094401,1.8564356509657157e-05
1897,pop19,1,0.0006566047668457031,0.0
1897,pop4,2,0.0005748271942138672,0.00010967254638671875
1897,pop50,2,0.0005846023559570312,0.0001659393310546875
1898,pop13,4,0.0004184842109680176,2.5533825619461606e-05
1898,pop52,1,0.0004565715789794922,0.0
1898,pop50,2,0.0005910396575927734,0.0001919269561767578
1898,pop14,1,0.00041675567626953125,0.0
1898,pop27,1,0.00045180320739746094,0.0
1898,pop44,1,0.0004146099090576172,0.0
1899,pop20,3,0.00039688746134440106,6.916312537370002e-05
1899,pop46,1,0.00043654441833496094,0.0
1899,pop51,1,0.0004532337188720703,0.0
1899,pop50,2,0.00044858455657958984,9.179115295410156e-06
1899,pop32,2,0.0006711483001708984,0.000148773193359375
1900,pop0,3,0.000379641850789388,0.00010204785574809232
1900,pop1,1,0.0004639625549316406,0.0
1900,pop53,1,0.0004596710205078125,0.0
1900,pop52,3,0.0004371802012125651,1.4492415835714095e-05
1900,pop34,2,0.0005545616149902344,0.00014495849609375
1900,pop51,2,0.000523686408996582,7.355213165283203e-05
1900,pop19,1,0.000751495361328125,0.0
1900,pop50,3,0.0005419254302978516,0.00010027875233643656
1900,pop14,1,0.0006999969482421875,0.0
1901,pop4,2,0.0004253387451171875,6.103515625e-05
1901,pop51,1,0.0004642009735107422,0.0
1901,pop47,1,0.00046181678771972656,0.0
1901,pop53,1,0.00046634674072265625,0.0
1901,pop1,3,0.0004849433898925781,5.443885088543922e-05
1901,pop0,1,0.00040793418884277344,0.0
1902,pop54,2,0.0003491640090942383,0.0001131296157836914
1902,pop52,3,0.0004467964172363281,7.018852922382233e-06
1902,pop51,2,0.0005742311477661133,0.0001569986343383789
1902,pop12,1,0.0007042884826660156,0.0
1902,pop53,2,0.0004203319549560547,2.7418136596679688e-05
1902,pop7,2,0.0004477500915527344,8.106231689453125e-06
1902,pop6,3,0.0006091594696044922,0.00012077840625438212
1902,pop47,1,0.0004229545593261719,0.0
1903,pop45,2,0.0003790855407714844,9.036064147949219e-05
1903,pop46,1,0.0004582405090332031,0.0
1903,pop51,3,0.00042319297790527344,3.007730146411863e-05
1903,pop52,3,0.0004432996114095052,5.25723629269321e-06
1903,pop12,2,0.0005644559860229492,0.00012934207916259766
1903,pop10,4,0.0005630850791931152,0.00012324757539810278
1904,pop44,2,0.0003851652145385742,7.426738739013672e-05
1904,pop27,4,0.0005205273628234863,0.00014723079630361648
1904,pop14,1,0.00040912628173828125,0.0
1904,pop50,1,0.0004515647888183594,0.0
1904,pop52,1,0.00043201446533203125,0.0
1904,pop54,1,0.0004000663757324219,0.0
1905,pop22,4,0.0005210041999816895,0.00018863922776337237
1905,pop51,1,0.00041484832763671875,0.0
1905,pop8,1,0.0004363059997558594,0.0
1906,pop21,2,0.0003783702850341797,9.655952453613281e-05
1906,pop22,1,0.00042629241943359375,0.0
1906,pop51,3,0.0004360675811767578,1.0791349194586777e-05
1906,pop43,3,0.0004315376281738281,1.4053893863802335e-05
1906,pop40,2,0.0005409717559814453,0.00012993812561035156
1906,pop50,4,0.0005589127540588379,0.00020688217532614306
1906,pop26,1,0.0007371902465820312,0.0
1907,pop13,3,0.00035834312438964844,0.0001242355269220514
1907,pop52,5,0.00047760009765625,6.653021642406457e-05
1907,pop12,3,0.0006252924601236979,0.000155602947971975
1907,pop54,1,0.000606536865234375,0.0
1907,pop50,3,0.0004538695017496745,4.038284942599138e-06
1907,pop14,2,0.00045359134674072266,4.649162292480469e-06
1907,pop27,2,0.0005744695663452148,0.00012195110321044922
1908,pop20,4,0.00040918588638305664,0.00015847621931308931
1908,pop46,1,0.0004143714904785156,0.0
1908,pop51,1,0.0004265308380126953,0.0
1909,pop0,5,0.0005062103271484375,0.00015498171556279375
1909,pop1,1,0.0004477500915527344,0.0
1909,pop53,1,0.00041675567626953125,0.0
1909,pop47,1,0.0004169940948486328,0.0
1909,pop51,1,0.0004429817199707031,0.0
1909,pop29,1,0.0004076957702636719,0.0
1910,pop45,2,0.0004063844680786133,5.9485435485839844e-05
1910,pop46,3,0.0005439122517903646,0.00015072886346734858
1910,pop51,1,0.0004379749298095703,0.0
1910,pop47,1,0.00040984153747558594,0.0
1910,pop53,1,0.0004138946533203125,0.0
1910,pop1,1,0.0004482269287109375,0.0
1910,pop0,1,0.0004096031188964844,0.0
1911,pop22,3,0.0003790855407714844,9.186760084546612e-05
1911,pop51,1,0.0004584789276123047,0.0
1911,pop46,2,0.0004831552505493164,9.834766387939453e-05
1911,pop45,1,0.0004405975341796875,0.0
1912,pop21,2,0.00038254261016845703,9.953975677490234e-05
1912,pop22,1,0.00041604042053222656,0.0
1912,pop51,1,0.0004487037658691406,0.0
1912,pop52,1,0.0004229545593261719,0.0
1912,pop13,4,0.0005635619163513184,0.00015414829421805484
1913,pop8,2,0.0004494190216064453,2.9087066650390625e-05
1913,pop51,1,0.00046372413635253906,0.0
1913,pop19,1,0.00045228004455566406,0.0
1913,pop18,4,0.0004775524139404297,6.636585752705542e-05
1913,pop38,1,0.0004112720489501953,0.0
1914,pop50,4,0.00043642520904541016,0.00013894071550501471
1914,pop32,1,0.00043201446533203125,0.0
1915,pop57,2,0.0003870725631713867,7.855892181396484e-05
1915,pop56,1,0.00041675567626953125,0.0
1915,pop55,4,0.0005075931549072266,0.00012064533729816942
1915,pop50,1,0.00044655799865722656,0.0
1915,pop53,1,0.00042724609375,0.0
1915,pop42,1,0.0004374980926513672,0.0
1916,pop45,2,0.0003743171691894531,6.985664367675781e-05
1916,pop46,3,0.0005202293395996094,0.00012523081970179612
1916,pop51,1,0.0004444122314453125,0.0
1916,pop43,1,0.00041675567626953125,0.0
1916,pop42,1,0.0004303455352783203,0.0
1917,pop21,2,0.00038993358612060547,4.7326087951660156e-05
1917,pop22,3,0.0005556742350260416,0.00017471406454933703
1917,pop51,1,0.0004489421844482422,0.0
1917,pop29,1,0.00043892860412597656,0.0
1918,pop50,2,0.00034058094024658203,9.953975677490234e-05
1918,pop53,1,0.0004267692565917969,0.0
1918,pop42,4,0.0005494952201843262,0.0001534304949202753
1919,pop25,2,0.00036835670471191406,8.20159912109375e-05
1919,pop17,1,0.000457763671875,0.0
1919,pop50,3,0.0005201498667399088,0.00010531632301626924
1919,pop51,3,0.0004882017771402995,8.939357939904602e-05
1919,pop4,2,0.0006394386291503906,0.00020933151245117188
1920,pop4,2,0.00037086009979248047,6.42538070678711e-05
1920,pop51,1,0.0004546642303466797,0.0
1920,pop43,1,0.0004394054412841797,0.0
1920,pop42,4,0.000556647777557373,0.0001678982649145082
1921,pop54,2,0.00040411949157714844,3.743171691894531e-05
1921,pop52,1,0.0004642009735107422,0.0
1921,pop51,1,0.00043702125549316406,0.0
1921,pop43,3,0.0005003611246744791,6.516503119051838e-05
1921,pop40,1,0.00043773651123046875,0.0
1922,pop8,2,0.00039970874786376953,4.780292510986328e-05
1922,pop51,1,0.00045371055603027344,0.0
1922,pop47,1,0.0004303455352783203,0.0
1922,pop53,1,0.00045990943908691406,0.0
1922,pop1,3,0.00044806798299153644,1.7197383300879092e-05
1922,pop15,2,0.0005877017974853516,6.604194641113281e-05
1923,pop45,2,0.00038254261016845703,6.377696990966797e-05
1923,pop44,1,0.00047087669372558594,0.0
1923,pop39,3,0.0006069342295328776,0.00013416878291143842
1924,pop12,2,0.00039947032928466797,4.565715789794922e-05
1924,pop52,1,0.00046515464782714844,0.0
1924,pop51,1,0.0004277229309082031,0.0
1924,pop29,4,0.0005081295967102051,0.00011336764263863582
1925,pop19,2,0.0003439188003540039,0.0001119375228881836
1925,pop51,1,0.000453948974609375,0.0
1925,pop46,5,0.0004714012145996094,6.729072859288465e-05
1925,pop45,2,0.0005346536636352539,0.00011050701141357422
1926,pop13,3,0.000413815180460612,4.941742301411839e-05
1926,pop52,1,0.0004475116729736328,0.0
1926,pop51,3,0.00045450528462727863,7.242938607574747e-06
1926,pop46,4,0.00044339895248413086,1.4005315952175248e-05
1926,pop45,2,0.0005780458450317383,0.00016987323760986328
1926,pop47,1,0.0004324913024902344,0.0
1926,pop53,2,0.0004451274871826172,1.4543533325195312e-05
1926,pop1,1,0.0007290840148925781,0.0
1926,pop50,2,0.0005964040756225586,0.00018298625946044922
1927,pop20,2,0.0003867149353027344,6.747245788574219e-05
1927,pop46,1,0.0004646778106689453,0.0
1927,pop45,1,0.0004432201385498047,0.0
1927,pop44,2,0.0005739927291870117,0.00016009807586669922
1927,pop27,4,0.0004744529724121094,8.836440352373496e-05
1928,pop50,3,0.00042247772216796875,3.2995500505898816e-05
1928,pop14,1,0.000446319580078125,0.0
1928,pop27,3,0.0005286534627278646,0.00013806135347134573
1928,pop44,1,0.00045609474182128906,0.0
1928,pop39,1,0.0004153251647949219,0.0
1928,pop38,1,0.00042557716369628906,0.0
1929,pop25,2,0.00036203861236572266,8.45193862915039e-05
1929,pop17,1,0.00046515464782714844,0.0
1929,pop50,2,0.00043332576751708984,1.728534698486328e-05
1929,pop52,5,0.0004385471343994141,1.907861163895456e-05
1929,pop54,2,0.0005170106887817383,0.00012242794036865234
1929,pop34,1,0.0005719661712646484,0.0
1929,pop12,1,0.0008256435394287109,0.0
1929,pop51,2,0.0004121065139770508,1.537799835205078e-05
1929,pop36,3,0.0005199909210205078,0.00012523006318420867
1930,pop8,2,0.00046062469482421875,0.0001621246337890625
1931,pop29,5,0.0004061222076416016,0.00015034885054174922
1931,pop51,1,0.00044417381286621094,0.0
1932,pop14,2,0.0004197359085083008,4.8041343688964844e-05
1932,pop50,1,0.000453948974609375,0.0
1932,pop51,4,0.0004456043243408203,7.636841477416499e-06
1932,pop43,4,0.00042754411697387695,2.3851616173752313e-05
1932,pop40,2,0.0006444454193115234,0.00022125244140625
1932,pop19,2,0.0004343986511230469,1.9311904907226562e-05
1932,pop18,2,0.0005502700805664062,9.703636169433594e-05
1932,pop4,2,0.0004525184631347656,6.9141387939453125e-06
1932,pop5,2,0.0007606744766235352,4.4226646423339844e-05
1933,pop33,4,0.0004615187644958496,0.0001506419991703621
1933,pop50,1,0.00044989585876464844,0.0
1933,pop52,1,0.0004284381866455078,0.0
1933,pop54,1,0.0004062652587890625,0.0
1934,pop0,3,0.0003859996795654297,0.00021733585209501226
1934,pop1,4,0.0004736185073852539,5.783911390789963e-05
1935,pop22,2,0.0003541707992553711,0.00010097026824951172
1935,pop51,3,0.0005093415578206381,7.833718430761965e-05
1935,pop52,3,0.0004398028055826823,1.6942077839077606e-05
1935,pop34,2,0.0005347728729248047,0.00010418891906738281
1935,pop43,4,0.0005944371223449707,0.00017621829717930578
1936,pop54,2,0.0004127025604248047,2.3603439331054688e-05
1936,pop52,1,0.00046539306640625,0.0
1936,pop55,1,0.0004298686981201172,0.0
1936,pop56,1,0.0004608631134033203,0.0
1936,pop48,3,0.000486294428507487,7.113624506051949e-05
1936,pop49,3,0.00048120816548665363,4.7520650091806314e-05
1937,pop45,2,0.0003489255905151367,8.738040924072266e-05
1937,pop46,2,0.0004417896270751953,5.0067901611328125e-06
1937,pop51,1,0.00046062469482421875,0.0
1937,pop52,1,0.0004315376281738281,0.0
1937,pop13,2,0.0006834268569946289,0.00014460086822509766
1938,pop13,2,0.0003923177719116211,5.519390106201172e-05
1938,pop52,1,0.0004487037658691406,0.0
1938,pop51,1,0.0004215240478515625,0.0
1938,pop43,3,0.00043050448099772137,1.5977405238913477e-05
1938,pop40,2,0.0005564689636230469,0.000152587890625
1938,pop42,4,0.00047963857650756836,7.30943256367226e-05
1939,pop6,3,0.0004283587137858073,3.242804319078215e-05
1939,pop7,1,0.0004229545593261719,0.0
1939,pop53,1,0.00045418739318847656,0.0
1939,pop47,1,0.0004329681396484375,0.0
1939,pop51,3,0.0005747477213541666,0.0002158617758433706
1939,pop29,1,0.0007331371307373047,0.0
1939,pop46,3,0.0005505879720052084,0.00013847725627878958
1939,pop45,1,0.0008382797241210938,0.0
1940,pop19,2,0.0003777742385864258,8.976459503173828e-05
1940,pop51,1,0.0004317760467529297,0.0
1940,pop52,4,0.0004349946975708008,2.115721419927841e-05
1940,pop54,2,0.0005334615707397461,0.00010216236114501953
1940,pop34,1,0.0008020401000976562,0.0
1940,pop50,2,0.00043511390686035156,9.5367431640625e-06
1940,pop17,2,0.00041747093200683594,6.198883056640625e-06
1940,pop31,4,0.0004906654357910156,0.0001017635460918609
1940,pop30,1,0.0006201267242431641,0.0
1941,pop20,3,0.0004475116729736328,3.15440184401442e-05
1941,pop46,1,0.0004303455352783203,0.0
1941,pop51,1,0.0004589557647705078,0.0
1941,pop19,1,0.0004398822784423828,0.0
1941,pop18,2,0.0004957914352416992,4.7326087951660156e-05
1941,pop38,1,0.00043511390686035156,0.0
1942,pop33,5,0.0004467487335205078,0.00013820015971532302
1942,pop50,1,0.0004074573516845703,0.0
1942,pop17,1,0.00044918060302734375,0.0
1942,pop31,1,0.00042176246643066406,0.0
1943,pop57,2,0.0004086494445800781,7.534027099609375e-05
1943,pop56,1,0.0004603862762451172,0.0
1943,pop55,3,0.0005219777425130209,0.00013431416451323283
1943,pop50,1,0.0004379749298095703,0.0
1943,pop53,1,0.0004298686981201172,0.0
1943,pop1,1,0.00041365623474121094,0.0
1943,pop0,1,0.00043010711669921875,0.0
1944,pop14,2,0.00038313865661621094,9.369850158691406e-05
1944,pop50,4,0.0005083084106445312,0.0001119808690987577
1944,pop52,1,0.0004115104675292969,0.0
1944,pop12,1,0.0004050731658935547,0.0
1945,pop54,2,0.00042319297790527344,4.9114227294921875e-05
1945,pop52,1,0.0004496574401855469,0.0
1945,pop50,4,0.0005052089691162109,0.00013192790336437208
1945,pop14,1,0.00042057037353515625,0.0
1945,pop27,1,0.00043463706970214844,0.0
1945,pop44,1,0.0004115104675292969,0.0
1946,pop6,5,0.00043420791625976564,0.0001313853296519801
1946,pop7,1,0.0004220008850097656,0.0
1946,pop53,1,0.0004558563232421875,0.0
1946,pop52,1,0.00041866302490234375,0.0
1946,pop34,1,0.00039696693420410156,0.0
1947,pop44,2,0.00039458274841308594,8.058547973632812e-05
1947,pop27,4,0.0005158782005310059,0.00015754484080701952
1947,pop14,1,0.0004532337188720703,0.0
1947,pop50,1,0.00041222572326660156,0.0
1947,pop52,1,0.0004534721374511719,0.0
1947,pop34,1,0.0003826618194580078,0.0
1948,pop20,4,0.0003877878189086914,0.00011142294035523417
1948,pop46,1,0.0004401206970214844,0.0
1948,pop51,3,0.0004325707753499349,2.272895999551852e-05
1948,pop9,2,0.0006039142608642578,0.00016236305236816406
1948,pop50,2,0.0005952119827270508,0.00014603137969970703
1949,pop57,2,0.00036132335662841797,0.00010311603546142578
1949,pop56,1,0.0004520416259765625,0.0
1949,pop55,1,0.0004527568817138672,0.0
1949,pop50,1,0.00046062469482421875,0.0
1949,pop51,2,0.0005234479904174805,8.094310760498047e-05
1949,pop43,4,0.0005586147308349609,0.00015224795175240851
1950,pop14,2,0.0003540515899658203,0.00011754035949707031
1950,pop27,4,0.0004836916923522949,6.470053303502955e-05
1950,pop44,1,0.0004055500030517578,0.0
1951,pop12,2,0.0004197359085083008,4.4465065002441406e-05
1951,pop52,3,0.00043193499247233075,2.209402673653907e-05
1951,pop50,5,0.0005518913269042969,0.00014121372836098375
1951,pop14,3,0.00045228004455566406,1.8376283727831738e-05
1951,pop24,2,0.0005074739456176758,9.620189666748047e-05
1951,pop13,2,0.0006014108657836914,0.00014507770538330078
1952,pop25,2,0.00042068958282470703,4.470348358154297e-05
1952,pop17,1,0.0004355907440185547,0.0
1952,pop50,1,0.0004661083221435547,0.0
1952,pop14,1,0.00046443939208984375,0.0
1952,pop27,4,0.00048160552978515625,6.902886969330675e-05
1952,pop44,1,0.0004374980926513672,0.0
1952,pop39,1,0.0004100799560546875,0.0
1953,pop8,2,0.00042760372161865234,4.6133995056152344e-05
1953,pop51,1,0.00044608116149902344,0.0
1953,pop19,1,0.0004630088806152344,0.0
1953,pop18,2,0.00041031837463378906,8.821487426757812e-06
1953,pop38,2,0.0006750822067260742,0.0001627206802368164
1954,pop6,4,0.0004305839538574219,5.021584315815382e-05
1954,pop7,1,0.00042366981506347656,0.0
1954,pop53,1,0.0004642009735107422,0.0
1954,pop50,2,0.0005903244018554688,0.00013828277587890625
1954,pop14,1,0.00044465065002441406,0.0
1954,pop27,1,0.00042057037353515625,0.0
1954,pop44,1,0.0004153251647949219,0.0
1955,pop13,4,0.0004951357841491699,0.00016726617093485504
1955,pop52,1,0.0004360675811767578,0.0
1955,pop50,1,0.00044417381286621094,0.0
1955,pop32,1,0.00041222572326660156,0.0
1956,pop12,2,0.0004181861877441406,4.696846008300781e-05
1956,pop52,1,0.0004220008850097656,0.0
1956,pop50,3,0.000533898671468099,0.00014624867631773616
1956,pop14,1,0.00045418739318847656,0.0
1956,pop24,1,0.0004343986511230469,0.0
1957,pop8,2,0.0003668069839477539,0.00010669231414794922
1957,pop51,3,0.0004227161407470703,9.490936259826729e-06
1957,pop46,3,0.00043312708536783856,1.4183178184489209e-05
1957,pop45,2,0.0006252527236938477,0.0001913309097290039
1957,pop47,1,0.0004203319549560547,0.0
1957,pop53,2,0.0004483461380004883,1.633167266845703e-05
1957,pop1,3,0.0004337628682454427,2.3306830383060226e-05
1957,pop15,2,0.0005325078964233398,0.00010979175567626953
1957,pop52,2,0.0004410743713378906,1.7642974853515625e-05
1957,pop54,1,0.0007123947143554688,0.0
1957,pop55,2,0.0005959272384643555,0.00013768672943115234
1957,pop50,1,0.00041747093200683594,0.0
1958,pop19,2,0.0003993511199951172,5.316734313964844e-05
1958,pop51,1,0.0004360675811767578,0.0
1958,pop50,2,0.0004602670669555664,3.4570693969726562e-06
1958,pop17,2,0.0005891323089599609,0.00019288063049316406
1958,pop31,3,0.00048152605692545575,7.188529931812638e-05
1958,pop55,2,0.0004317760467529297,5.7220458984375e-06
1958,pop56,2,0.0004353523254394531,3.0040740966796875e-05
1958,pop2,2,0.0007015466690063477,3.7550926208496094e-05
1958,pop48,1,0.00044345855712890625,0.0
1958,pop30,1,0.00042724609375,0.0
1959,pop33,2,0.00037276744842529297,6.282329559326172e-05
1959,pop50,2,0.00044023990631103516,2.205371856689453e-05
1959,pop53,1,0.0004303455352783203,0.0
1959,pop1,2,0.0005134344100952148,5.900859832763672e-05
1959,pop15,1,0.0004341602325439453,0.0
1960,pop21,2,0.0003701448440551758,7.975101470947266e-05
1960,pop23,1,0.0004239082336425781,0.0
1960,pop16,1,0.00047397613525390625,0.0
1960,pop50,1,0.00042366981506347656,0.0
1960,pop32,4,0.0005035996437072754,7.43589623102698e-05
1961,pop54,3,0.0004374186197916667,0.0002196840015354413
1961,pop52,3,0.00043074289957682293,1.0998882998134738e-05
1961,pop51,4,0.0005254149436950684,0.0001252291600853545
1961,pop22,1,0.0007703304290771484,0.0
1961,pop47,1,0.0004563331604003906,0.0
1961,pop53,2,0.00045669078826904297,3.6954879760742188e-06
1961,pop7,1,0.0007855892181396484,0.0
1961,pop50,3,0.00042502085367838543,1.266738550406642e-05
1961,pop17,2,0.0004458427429199219,4.0531158447265625e-06
1961,pop31,2,0.0005753040313720703,0.00012803077697753906
1962,pop13,4,0.0004035830497741699,0.00016844094389210847
1962,pop52,1,0.0004112720489501953,0.0
1962,pop12,1,0.00042557716369628906,0.0
1963,pop8,2,0.00038564205169677734,5.805492401123047e-05
1963,pop51,1,0.00046324729919433594,0.0
1963,pop50,3,0.00043892860412597656,1.1177738351565401e-05
1963,pop14,3,0.00043352444966634113,2.163997958516122e-05
1963,pop24,2,0.0005397796630859375,0.00010442733764648438
1963,pop52,1,0.00075531005859375,0.0
1963,pop55,2,0.00046062469482421875,4.291534423828125e-06
1963,pop56,2,0.0004042387008666992,4.887580871582031e-06
1963,pop2,4,0.0006187558174133301,0.00016768195584324845
1964,pop19,2,0.0003873109817504883,5.710124969482422e-05
1964,pop51,1,0.0004305839538574219,0.0
1964,pop47,1,0.00044727325439453125,0.0
1964,pop53,1,0.0004420280456542969,0.0
1964,pop1,1,0.00045371055603027344,0.0
1964,pop0,4,0.0005112886428833008,8.610187511710356e-05
1965,pop33,2,0.00035560131072998047,8.189678192138672e-05
1965,pop50,4,0.0005238652229309082,0.00014584245674011166
1965,pop52,1,0.0004131793975830078,0.0
1965,pop54,1,0.00042700767517089844,0.0
1966,pop4,2,0.00028324127197265625,0.00015282630920410156
1966,pop51,5,0.0005605697631835937,0.00016185776400103144
1966,pop50,2,0.0005818605422973633,0.00010907649993896484
1966,pop52,1,0.0004286766052246094,0.0
1966,pop55,2,0.0004197359085083008,5.125999450683594e-06
1966,pop56,2,0.0004564523696899414,1.7881393432617188e-06
1966,pop2,2,0.0006726980209350586,0.0002104043960571289
1966,pop46,2,0.00044155120849609375,1.049041748046875e-05
1966,pop20,1,0.0007274150848388672,0.0
1966,pop22,4,0.000476837158203125,6.714245632462021e-05
1966,pop21,2,0.0004451274871826172,8.106231689453125e-06
1966,pop23,1,0.0007510185241699219,0.0
1967,pop57,2,0.0003427267074584961,0.00010120868682861328
1967,pop56,1,0.0004723072052001953,0.0
1967,pop55,4,0.0004926919937133789,9.251508782660426e-05
1967,pop52,1,0.0004458427429199219,0.0
1967,pop13,1,0.0004038810729980469,0.0
1968,pop21,2,0.00040268898010253906,4.172325134277344e-05
1968,pop23,1,0.00040411949157714844,0.0
1968,pop16,1,0.0004627704620361328,0.0
1968,pop50,1,0.0004639625549316406,0.0
1968,pop53,1,0.00044536590576171875,0.0
1968,pop1,5,0.00045642852783203127,7.78150323252628e-05
1968,pop15,2,0.0005441904067993164,0.00014913082122802734
1969,pop50,4,0.00039571523666381836,7.123976965762661e-05
1969,pop14,3,0.0004514058430989583,1.9955443588081548e-05
1969,pop24,2,0.0004973411560058594,6.318092346191406e-05
1969,pop27,2,0.0006639957427978516,8.463859558105469e-05
1970,pop25,2,0.0003991127014160156,4.649162292480469e-05
1970,pop17,1,0.00044918060302734375,0.0
1970,pop50,4,0.0005139708518981934,0.00016745747534987755
1970,pop51,1,0.0003771781921386719,0.0
1970,pop43,1,0.0004458427429199219,0.0
1970,pop40,1,0.0004324913024902344,0.0
1971,pop6,5,0.0004912376403808594,0.00015999493326387194
1971,pop7,1,0.00040149688720703125,0.0
1971,pop53,1,0.00041031837463378906,0.0
1971,pop42,1,0.00045418739318847656,0.0
1971,pop43,1,0.0004153251647949219,0.0
1971,pop40,1,0.0004315376281738281,0.0
1972,pop54,2,0.0003933906555175781,5.14984130859375e-05
1972,pop52,1,0.0004417896270751953,0.0
1972,pop50,4,0.0004944801330566406,0.0001224767402886188
1972,pop14,1,0.0004096031188964844,0.0
1972,pop24,1,0.0004258155822753906,0.0
1973,pop13,4,0.0005093216896057129,0.00016032691088471748
1973,pop52,1,0.00044798851013183594,0.0
1973,pop51,1,0.00042366981506347656,0.0
1973,pop29,1,0.0004277229309082031,0.0
1974,pop33,3,0.00038941701253255207,7.148591460880597e-05
1974,pop50,3,0.0005343755086263021,0.00014380736388702278
1974,pop53,1,0.00040459632873535156,0.0
1974,pop1,1,0.00044846534729003906,0.0
1974,pop15,1,0.0003902912139892578,0.0
1975,pop29,5,0.00048384666442871096,0.00013968607406402117
1975,pop51,1,0.00042057037353515625,0.0
1975,pop50,1,0.00043654441833496094,0.0
1975,pop17,1,0.0004143714904785156,0.0
1975,pop31,1,0.00040602684020996094,0.0
1976,pop0,3,0.0003857612609863281,8.712625230956525e-05
1976,pop1,2,0.0004347562789916992,1.2755393981933594e-05
1976,pop53,1,0.00044846534729003906,0.0
1976,pop50,2,0.0005080699920654297,9.822845458984375e-05
1976,pop32,1,0.0004038810729980469,0.0
1977,pop22,4,0.0005099773406982422,0.00018184704089830916
1977,pop51,1,0.0004477500915527344,0.0
1977,pop47,1,0.0004146099090576172,0.0
1977,pop53,1,0.0004715919494628906,0.0
1977,pop1,1,0.0004360675811767578,0.0
1977,pop0,1,0.00040650367736816406,0.0
1978,pop45,2,0.00034809112548828125,9.632110595703125e-05
1978,pop46,4,0.0005159378051757812,9.747019824629914e-05
1978,pop51,1,0.00045800209045410156,0.0
1978,pop52,1,0.00042629241943359375,0.0
1978,pop13,1,0.00043487548828125,0.0
1979,pop12,2,0.0002874135971069336,0.00013959407806396484
1979,pop52,1,0.0004584789276123047,0.0
1979,pop13,4,0.0005701780319213867,0.0001472733679480764
1980,pop21,2,0.00030231475830078125,0.00011229515075683594
1980,pop22,2,0.0004354715347290039,2.396106719970703e-05
1980,pop51,3,0.0004494190216064453,9.901310505615249e-06
1980,pop9,2,0.0006173849105834961,0.00023257732391357422
1980,pop19,2,0.0004431009292602539,1.7881393432617188e-06
1980,pop18,3,0.00044457117716471356,1.251691232897494e-05
1980,pop38,2,0.0007839202880859375,0.00012063980102539062
1981,pop13,2,0.0004410743713378906,2.193450927734375e-05
1981,pop52,1,0.0004608631134033203,0.0
1981,pop51,1,0.0009109973907470703,0.0
1982,pop54,2,0.00036895275115966797,9.572505950927734e-05
1982,pop52,1,0.0004532337188720703,0.0
1982,pop53,1,0.0004134178161621094,0.0
1982,pop1,2,0.00045037269592285156,7.62939453125e-06
1982,pop0,3,0.0005769729614257812,0.0001255015109283692
1983,pop33,5,0.0004759788513183594,0.0001447108939837631
1983,pop50,1,0.000438690185546875,0.0
1983,pop53,1,0.00045418739318847656,0.0
1983,pop1,1,0.00040721893310546875,0.0
1983,pop0,1,0.0004076957702636719,0.0
1984,pop45,2,0.0004298686981201172,4.7206878662109375e-05
1984,pop46,2,0.0004353523254394531,1.6927719116210938e-05
1984,pop51,1,0.0004642009735107422,0.0
1984,pop50,1,0.00045561790466308594,0.0
1984,pop17,1,0.00044918060302734375,0.0
1984,pop31,1,0.00044608116149902344,0.0
1984,pop30,1,0.0004277229309082031,0.0
1984,pop48,2,0.0004407167434692383,1.0848045349121094e-05
1984,pop49,2,0.0006470680236816406,0.0001049041748046875
1985,pop12,2,0.00042068958282470703,5.6624412536621094e-05
1985,pop52,1,0.0004513263702392578,0.0
1985,pop51,3,0.00041937828063964844,1.1680077279964342e-05
1985,pop8,2,0.0005992650985717773,0.0001577138900756836
1985,pop43,3,0.000448306401570638,2.4802663380825098e-06
1985,pop42,3,0.0006813208262125651,0.00016224850958463928
1986,pop13,2,0.00031185150146484375,0.0001583099365234375
1986,pop52,3,0.0004412333170572917,2.2230819045791427e-05
1986,pop12,2,0.00054931640625,0.00015091896057128906
1986,pop51,2,0.00045609474182128906,7.152557373046875e-06
1986,pop10,3,0.0005958875020345052,0.00010829459560641669
1987,pop8,2,0.00042557716369628906,5.412101745605469e-05
1987,pop51,1,0.0004222393035888672,0.0
1987,pop47,1,0.0004489421844482422,0.0
1987,pop53,1,0.00044274330139160156,0.0
1987,pop1,4,0.0004661083221435547,6.605571644584959e-05
1987,pop0,2,0.0005203485488891602,0.00011169910430908203
1988,pop0,5,0.0004627227783203125,0.00013061625586649497
1988,pop1,1,0.0004181861877441406,0.0
1988,pop53,1,0.0003542900085449219,0.0
1988,pop52,1,0.0004229545593261719,0.0
1988,pop54,1,0.0004527568817138672,0.0
1989,pop21,2,0.00038695335388183594,8.296966552734375e-05
1989,pop22,3,0.0004990895589192709,0.00011175048409325668
1989,pop51,1,0.0004525184631347656,0.0
1989,pop46,1,0.0004477500915527344,0.0
1989,pop45,1,0.0004105567932128906,0.0
1990,pop44,2,0.00041556358337402344,5.7697296142578125e-05
1990,pop27,4,0.0005259513854980469,0.0001364732396541892
1990,pop14,1,0.0004420280456542969,0.0
1990,pop50,1,0.00044226646423339844,0.0
1990,pop53,1,0.00042510032653808594,0.0
1990,pop1,1,0.00042891502380371094,0.0
1990,pop0,1,0.0004436969757080078,0.0
1991,pop20,2,0.00042808055877685547,4.494190216064453e-05
1991,pop46,1,0.00046634674072265625,0.0
1991,pop51,5,0.000548410415649414,0.0001347377116404167
1991,pop19,3,0.00045935312906901043,1.3577072270197702e-05
1991,pop18,3,0.00041715304056803387,3.7157280373767092e-06
1991,pop38,3,0.0005222161610921224,0.00010169501898190896
1991,pop43,6,0.0005354483922322592,0.00013606784669519385
1991,pop40,2,0.0005238056182861328,9.250640869140625e-05
1991,pop41,1,0.0007584095001220703,0.0
1991,pop53,2,0.0004839897155761719,2.0265579223632812e-05
1991,pop7,1,0.0007050037384033203,0.0
1991,pop52,2,0.0004487037658691406,2.5987625122070312e-05
1991,pop34,1,0.0007681846618652344,0.0
1992,pop14,2,0.0003567934036254883,0.0001271963119506836
1992,pop50,3,0.00043646494547526043,1.8441471175282772e-05
1992,pop51,2,0.0005238056182861328,0.00010371208190917969
1992,pop10,2,0.0006464719772338867,9.40561294555664e-05
1993,pop57,2,0.0003345012664794922,0.00013494491577148438
1993,pop48,4,0.0004805922508239746,7.221414506764187e-05
1993,pop30,1,0.00043129920959472656,0.0
1993,pop31,1,0.0005006790161132812,0.0
1994,pop45,2,0.0003701448440551758,8.618831634521484e-05
1994,pop46,2,0.000628352165222168,0.00016891956329345703
1994,pop51,5,0.0004491329193115234,1.541106417310218e-05
1994,pop43,4,0.0004209280014038086,1.1536232244882501e-05
1994,pop40,2,0.0005835294723510742,0.00013720989227294922
1994,pop52,5,0.0004372596740722656,1.8711833764092528e-05
1994,pop37,1,0.0008075237274169922,0.0
1994,pop53,4,0.00043445825576782227,1.5129133623049268e-05
1994,pop1,4,0.0005443692207336426,0.00015310235903409988
1994,pop0,2,0.0005322694778442383,0.00012362003326416016
1994,pop34,1,0.000782012939453125,0.0
1994,pop50,2,0.0006577968597412109,0.0001881122589111328
1994,pop17,2,0.0004494190216064453,2.6226043701171875e-06
1994,pop31,1,0.0008108615875244141,0.0
1994,pop9,1,0.0006549358367919922,0.0
1994,pop47,1,0.00044846534729003906,0.0
1994,pop42,1,0.0004513263702392578,0.0
1995,pop12,2,0.0004309415817260742,3.0875205993652344e-05
1995,pop52,3,0.00042756398518880207,9.181093302823433e-06
1995,pop51,3,0.0004375775655110677,3.1540013664153637e-05
1995,pop8,2,0.000596165657043457,0.00016009807586669922
1995,pop37,1,0.0007312297821044922,0.0
1995,pop50,3,0.0005678335825602213,0.0001759538087646794
1996,pop8,2,0.0003007650375366211,0.00016295909881591797
1996,pop51,2,0.0005943775177001953,0.0001556873321533203
1996,pop52,2,0.0004532337188720703,2.6226043701171875e-06
1996,pop37,1,0.0006735324859619141,0.0
1996,pop50,5,0.0004816532135009766,7.321032933927467e-05
1996,pop26,1,0.0007410049438476562,0.0
1997,pop0,2,0.00039064884185791016,7.808208465576172e-05
1997,pop1,4,0.0005607008934020996,0.00012090835616493617
1997,pop53,3,0.00043511390686035156,1.8007574983729007e-05
1997,pop47,3,0.0004451274871826172,9.719761424369578e-06
1997,pop51,3,0.00043312708536783856,1.7350947471469596e-05
1997,pop9,2,0.0006188154220581055,0.00020039081573486328
1998,pop6,3,0.00038552284240722656,8.245032470532986e-05
1998,pop7,1,0.00045752525329589844,0.0
1998,pop53,1,0.0004341602325439453,0.0
1998,pop52,3,0.0004488627115885417,2.0357776179600815e-05
1998,pop54,2,0.0005724430084228516,0.00012803077697753906
1998,pop50,3,0.0005429585774739584,0.0001438102625392611
1999,pop44,2,0.0004380941390991211,7.18832015991211e-05
1999,pop27,4,0.0005147457122802734,0.00016348761994106276
1999,pop14,1,0.0003616809844970703,0.0
1999,pop50,1,0.0004067420959472656,0.0
1999,pop53,1,0.00043773651123046875,0.0
1999,pop1,1,0.0004394054412841797,0.0
1999,pop15,1,0.0004031658172607422,0.0
2000,pop29,3,0.00034046173095703125,0.00012973753877597923
2000,pop51,3,0.0004630088806152344,1.6122220896768165e-05
2000,pop9,2,0.0006499290466308594,0.0002002716064453125
2000,pop50,2,0.0004366636276245117,2.658367156982422e-05
2000,pop17,2,0.0004265308380126953,1.9073486328125e-06
2000,pop31,2,0.00045478343963623047,7.987022399902344e-06
2000,pop30,2,0.0004178285598754883,1.3113021850585938e-06
2000,pop48,3,0.0004258155822753906,1.2981594244005965e-05
2000,pop49,2,0.0006787776947021484,4.6253204345703125e-05
2001,pop22,3,0.0003421306610107422,0.00015008268072431394
2001,pop51,2,0.0005730390548706055,0.0002263784408569336
2001,pop50,2,0.000554203987121582,0.00012624263763427734
2002,pop14,2,0.0004369020462036133,3.0875205993652344e-05
2002,pop50,4,0.0005331635475158691,0.00016834524454456787
2002,pop51,1,0.0004096031188964844,0.0
2002,pop8,1,0.0004420280456542969,0.0
2003,pop45,2,0.0004369020462036133,2.7060508728027344e-05
2003,pop46,1,0.00042557716369628906,0.0
2003,pop51,1,0.00045609474182128906,0.0
2003,pop50,4,0.0005311369895935059,0.00016709514493196435
2003,pop17,1,0.0004143714904785156,0.0
2003,pop31,1,0.00043654441833496094,0.0
2003,pop30,1,0.0004341602325439453,0.0
2003,pop48,1,0.0004062652587890625,0.0
2003,pop49,1,0.0004253387451171875,0.0
2004,pop8,2,0.00035881996154785156,0.00010895729064941406
2004,pop51,1,0.0004544258117675781,0.0
2004,pop46,5,0.00047054290771484373,4.514582809472621e-05
2004,pop45,2,0.0006036758422851562,0.00019502639770507812
2005,pop54,2,0.0003905296325683594,8.7738037109375e-05
2005,pop52,1,0.00041985511779785156,0.0
2005,pop53,1,0.0004360675811767578,0.0
2005,pop1,1,0.0004513263702392578,0.0
2005,pop15,3,0.0005563100179036459,9.818028325400364e-05
2006,pop33,5,0.000463104248046875,0.000144631918272551
2006,pop50,1,0.0004429817199707031,0.0
2006,pop52,1,0.00041103363037109375,0.0
2006,pop13,1,0.00043702125549316406,0.0
2007,pop44,2,0.00037610530853271484,0.00010669231414794922
2007,pop27,4,0.0004921555519104004,0.00010404005685110957
2007,pop14,1,0.0004532337188720703,0.0
2007,pop50,1,0.0004544258117675781,0.0
2007,pop17,1,0.00041365623474121094,0.0
2007,pop31,1,0.0004146099090576172,0.0
2008,pop29,5,0.00044755935668945314,0.00014992335056127906
2008,pop51,1,0.0004291534423828125,0.0
2008,pop43,1,0.00044465065002441406,0.0
2008,pop40,1,0.0004353523254394531,0.0
2009,pop22,2,0.0003902912139892578,6.985664367675781e-05
2009,pop51,1,0.0004115104675292969,0.0
2009,pop50,4,0.0004989504814147949,0.000116644736500389
2009,pop14,1,0.0004124641418457031,0.0
2009,pop24,1,0.0004401206970214844,0.0
2010,pop8,2,0.0003663301467895508,0.00010454654693603516
2010,pop51,3,0.0004448890686035156,2.0905743225593917e-05
2010,pop52,4,0.0005255341529846191,0.00013562301827155782
2010,pop34,2,0.0005218982696533203,8.058547973632812e-05
2010,pop37,1,0.0005490779876708984,0.0
2010,pop4,2,0.0006462335586547852,0.0001856088638305664
2010,pop50,3,0.0005271434783935547,0.0001428376034454316
2011,pop19,2,0.00031185150146484375,0.0001404285430908203
2011,pop51,3,0.0004452069600423177,3.399859712692719e-05
2011,pop9,2,0.0005396604537963867,0.0001627206802368164
2011,pop4,3,0.0004359881083170573,1.5230616416794447e-05
2011,pop5,3,0.0005320707956949869,6.350602573325316e-05
2012,pop29,5,0.0004460334777832031,0.00013845362467933977
2012,pop51,1,0.0004107952117919922,0.0
2012,pop52,1,0.00044536590576171875,0.0
2012,pop54,1,0.00039124488830566406,0.0
2013,pop4,4,0.0005025863647460938,0.0002111474161076638
2013,pop51,3,0.0004505316416422526,1.442426930216624e-05
2013,pop52,3,0.000440677007039388,2.5143333924286788e-05
2013,pop13,2,0.0005986690521240234,0.00018835067749023438
2013,pop50,2,0.0005623102188110352,0.0001283884048461914
2014,pop54,2,0.0003046989440917969,0.0001399517059326172
2014,pop52,3,0.0004502137502034505,9.425494562303557e-06
2014,pop12,2,0.0006091594696044922,0.0001621246337890625
2014,pop51,2,0.0004404783248901367,1.704692840576172e-05
2014,pop36,3,0.000621954600016276,0.000132923341143545
2015,pop33,3,0.0008217493693033854,0.0005120562595218492
2015,pop50,3,0.0005292892456054688,0.00015112653953201527
2015,pop14,1,0.0004172325134277344,0.0
2015,pop27,1,0.0004267692565917969,0.0
2015,pop44,1,0.0004024505615234375,0.0
2015,pop39,1,0.0004506111145019531,0.0
2016,pop44,2,0.00029408931732177734,0.00014793872833251953
2016,pop39,4,0.00045996904373168945,3.624839700053802e-05
2016,pop38,1,0.0004291534423828125,0.0
2017,pop22,5,0.00046133995056152344,0.00015352401573873734
2017,pop51,1,0.00043702125549316406,0.0
2017,pop52,1,0.0004372596740722656,0.0
2017,pop34,1,0.0004303455352783203,0.0
2018,pop8,2,0.0004572868347167969,0.0001678466796875
2019,pop50,3,0.00039203961690266925,8.542360206111453e-05
2019,pop52,3,0.00043201446533203125,1.832672404556329e-05
2019,pop12,2,0.0006109476089477539,0.00017774105072021484
2019,pop55,3,0.0005179246266682943,0.00011098059762039688
2019,pop56,2,0.00044715404510498047,2.086162567138672e-05
2019,pop57,1,0.0006642341613769531,0.0
2020,pop25,2,0.00035262107849121094,8.106231689453125e-05
2020,pop17,1,0.00046372413635253906,0.0
2020,pop50,4,0.00043261051177978516,2.3695076681515846e-05
2020,pop52,4,0.00044161081314086914,1.1557000941183004e-05
2020,pop34,2,0.0005005598068237305,0.0001062154769897461
2020,pop13,1,0.0008747577667236328,0.0
2020,pop14,2,0.0004159212112426758,7.987022399902344e-06
2020,pop27,3,0.0005347728729248047,0.00012594324628878513
2021,pop19,2,0.0003567934036254883,7.37905502319336e-05
2021,pop51,1,0.0004451274871826172,0.0
2021,pop52,3,0.00042247772216796875,3.0987689926958784e-05
2021,pop54,2,0.0006078481674194336,0.00017154216766357422
2021,pop55,4,0.0004951357841491699,7.781552449407901e-05
2022,pop22,2,0.00035583972930908203,9.047985076904297e-05
2022,pop51,4,0.0006070733070373535,0.0001636937042983124
2022,pop52,3,0.0004258155822753906,1.436195736101404e-05
2022,pop54,2,0.0005813837051391602,0.00015556812286376953
2022,pop53,2,0.0004831552505493164,1.4662742614746094e-05
2022,pop1,2,0.0004246234893798828,1.430511474609375e-06
2022,pop0,2,0.0006732940673828125,0.00021839141845703125
2022,pop47,1,0.00042939186096191406,0.0
2022,pop8,1,0.0005774497985839844,0.0
2022,pop36,3,0.0006353855133056641,0.0001256831554459169
2022,pop50,1,0.00045371055603027344,0.0
2023,pop33,5,0.0005115985870361329,0.00016987663566804626
2023,pop50,1,0.0004115104675292969,0.0
2023,pop51,1,0.00044345855712890625,0.0
2023,pop8,1,0.0003998279571533203,0.0
2024,pop25,2,0.0004184246063232422,4.029273986816406e-05
2024,pop17,1,0.00045490264892578125,0.0
2024,pop50,1,0.00043201446533203125,0.0
2024,pop51,4,0.0005366802215576172,0.0001364964584995257
2024,pop29,2,0.0005227327346801758,8.308887481689453e-05
2024,pop43,1,0.0005724430084228516,0.0
2024,pop47,2,0.00043952465057373047,3.933906555175781e-06
2024,pop53,2,0.00044476985931396484,1.7762184143066406e-05
2024,pop3,3,0.0007044474283854166,0.00019949641265052328
2025,pop13,2,0.00038826465606689453,7.11679458618164e-05
2025,pop52,1,0.0004391670227050781,0.0
2025,pop50,4,0.0004857182502746582,9.456751671295688e-05
2025,pop32,1,0.00044417381286621094,0.0
2026,pop33,3,0.00042812029520670575,3.671766529613407e-05
2026,pop50,1,0.00044918060302734375,0.0
2026,pop17,1,0.0004544258117675781,0.0
2026,pop31,1,0.0004627704620361328,0.0
2026,pop30,1,0.0004305839538574219,0.0
2026,pop48,3,0.0005081494649251302,9.315798986768735e-05
2026,pop49,1,0.0004134178161621094,0.0
2027,pop21,2,0.000423431396484375,5.817413330078125e-05
2027,pop22,2,0.00044465065002441406,2.9087066650390625e-05
2027,pop51,3,0.0004546642303466797,1.180111758305033e-05
2027,pop29,2,0.0005737543106079102,0.0001672506332397461
2027,pop47,2,0.0004124641418457031,4.9114227294921875e-05
2027,pop53,2,0.0004458427429199219,1.811981201171875e-05
2027,pop3,3,0.0006839434305826823,0.00016668969592377193
2028,pop20,3,0.00039378801981608075,6.597645163365992e-05
2028,pop46,1,0.0005030632019042969,0.0
2028,pop51,1,0.0004601478576660156,0.0
2028,pop52,4,0.00043970346450805664,2.6697758093830802e-05
2028,pop54,2,0.000510096549987793,0.00011050701141357422
2028,pop12,1,0.0006892681121826172,0.0
2028,pop53,2,0.0004369020462036133,6.318092346191406e-06
2028,pop3,2,0.0006587505340576172,2.0742416381835938e-05
2029,pop57,2,0.0003534555435180664,0.00011360645294189453
2029,pop56,1,0.0004153251647949219,0.0
2029,pop55,3,0.0004915396372477213,0.00011741565690420294
2029,pop52,1,0.00045037269592285156,0.0
2029,pop13,1,0.00038933753967285156,0.0
2030,pop12,2,0.0004233121871948242,4.0411949157714844e-05
2030,pop52,2,0.00043892860412597656,1.3589859008789062e-05
2030,pop51,3,0.00044997533162434894,8.3510813076381e-06
2030,pop29,3,0.0005811055501302084,0.00019155725698782812
2030,pop55,2,0.00045371055603027344,4.0531158447265625e-06
2030,pop56,2,0.00043332576751708984,2.658367156982422e-05
2030,pop2,3,0.0006823539733886719,0.00018710588211266025
2030,pop50,1,0.0004210472106933594,0.0
2031,pop0,2,0.000335693359375,0.00012755393981933594
2031,pop1,3,0.0005046526590983073,0.00010541450990320305
2031,pop53,1,0.0004086494445800781,0.0
2031,pop42,1,0.00043010711669921875,0.0
2032,pop44,2,0.0003981590270996094,7.152557373046875e-05
2032,pop27,4,0.0005116462707519531,0.00014122220951139558
2032,pop14,1,0.00041604042053222656,0.0
2032,pop50,1,0.0004546642303466797,0.0
2032,pop52,1,0.0004291534423828125,0.0
2032,pop13,1,0.00043392181396484375,0.0
2033,pop8,2,0.00042629241943359375,4.38690185546875e-05
2033,pop51,1,0.0004131793975830078,0.0
2033,pop50,1,0.0004515647888183594,0.0
2033,pop14,1,0.0004470348358154297,0.0
2033,pop27,4,0.0004819631576538086,7.616298208757245e-05
2033,pop44,1,0.0004425048828125,0.0
2033,pop39,1,0.00041794776916503906,0.0
2034,pop33,5,0.0004619598388671875,0.00013443278464993048
2034,pop50,1,0.00044536590576171875,0.0
2034,pop52,1,0.0004298686981201172,0.0
2034,pop54,1,0.0004584789276123047,0.0
2035,pop21,2,0.00030553340911865234,0.00013124942779541016
2035,pop22,2,0.00043773651123046875,9.298324584960938e-06
2035,pop51,3,0.00044282277425130207,1.973968896298546e-05
2035,pop9,2,0.0005507469177246094,0.00011563301086425781
2035,pop46,4,0.0005375146865844727,0.00010408186213448284
2035,pop45,1,0.0005977153778076172,0.0
2036,pop6,4,0.0004425048828125,0.0001612100151808636
2036,pop7,1,0.0004024505615234375,0.0
2036,pop53,1,0.00040984153747558594,0.0
2036,pop1,1,0.00042700767517089844,0.0
2036,pop0,1,0.00045990943908691406,0.0
2037,pop50,3,0.00042939186096191406,3.48520884572262e-05
2037,pop14,1,0.0004553794860839844,0.0
2037,pop27,3,0.0005040168762207031,0.00010864721831447464
2037,pop44,1,0.0004265308380126953,0.0
2037,pop39,1,0.0004334449768066406,0.0
2038,pop44,2,0.0003815889358520508,8.07046890258789e-05
2038,pop27,3,0.0005114078521728516,0.00011001529899578176
2038,pop14,1,0.00043582916259765625,0.0
2038,pop50,1,0.000438690185546875,0.0
2038,pop17,1,0.0004172325134277344,0.0
2038,pop31,1,0.000438690185546875,0.0
2039,pop14,2,0.00036835670471191406,7.343292236328125e-05
2039,pop50,1,0.0004222393035888672,0.0
2039,pop52,1,0.00043773651123046875,0.0
2039,pop13,4,0.0005338191986083984,0.00011954677018404638
2040,pop45,2,0.000324249267578125,0.00014138221740722656
2040,pop46,3,0.00048065185546875,6.780008474956648e-05
2040,pop51,1,0.00044608116149902344,0.0
2040,pop9,1,0.0004019737243652344,0.0
2041,pop25,2,0.0004082918167114258,6.711483001708984e-05
2041,pop17,1,0.0004513263702392578,0.0
2041,pop31,3,0.0005078315734863281,9.684980190311297e-05
2041,pop30,1,0.0004286766052246094,0.0
2041,pop48,1,0.0003986358642578125,0.0
2041,pop49,1,0.0003902912139892578,0.0
2042,pop12,2,0.00035834312438964844,0.00010752677917480469
2042,pop52,1,0.0004343986511230469,0.0
2042,pop53,1,0.00046324729919433594,0.0
2042,pop42,4,0.0005198121070861816,7.701037744828198e-05
2043,pop8,2,0.00035834312438964844,0.0001068115234375
2043,pop51,1,0.00043702125549316406,0.0
2043,pop46,3,0.00048740704854329425,3.654023466928052e-05
2043,pop45,1,0.00038695335388183594,0.0
2044,pop13,3,0.0004493395487467448,3.258251559525919e-05
2044,pop52,1,0.0004582405090332031,0.0
2044,pop50,3,0.0005522569020589193,0.00016238835489745034
2044,pop14,1,0.00044345855712890625,0.0
2044,pop27,1,0.0004391670227050781,0.0
2044,pop44,1,0.00041675567626953125,0.0
2044,pop39,1,0.00044608116149902344,0.0
2044,pop38,1,0.0004115104675292969,0.0
2045,pop29,2,0.00037026405334472656,7.62939453125e-05
2045,pop51,1,0.00045752525329589844,0.0
2045,pop52,3,0.0004375775655110677,1.6345540692086502e-05
2045,pop13,2,0.0005837678909301758,0.00015842914581298828
2045,pop55,3,0.0004964669545491537,0.00013465019801276365
2046,pop13,3,0.000431060791015625,3.186316614002138e-05
2046,pop52,1,0.0004031658172607422,0.0
2046,pop51,1,0.0004227161407470703,0.0
2046,pop43,2,0.0005013942718505859,5.507469177246094e-05
2046,pop40,1,0.0004467964172363281,0.0
2047,pop4,3,0.00035508473714192707,0.0001424597507092181
2047,pop51,3,0.0004564921061197917,1.2483564826387519e-05
2047,pop9,2,0.000611424446105957,0.0001882314682006836
2047,pop50,3,0.0005454222361246744,0.00012759371956201114
2048,pop54,2,0.0003243684768676758,0.0001245737075805664
2048,pop52,1,0.0004470348358154297,0.0
2048,pop51,2,0.0005865097045898438,0.00018334388732910156
2048,pop50,5,0.0004872322082519531,8.51928802031225e-05
2048,pop17,2,0.0004426240921020508,1.4662742614746094e-05
2048,pop25,1,0.0006315708160400391,0.0
2049,pop20,4,0.0005129575729370117,0.00021557525915795965
2049,pop46,1,0.00042247772216796875,0.0
2049,pop51,1,0.00041961669921875,0.0
2049,pop50,1,0.0004062652587890625,0.0
2049,pop32,1,0.0004329681396484375,0.0
2050,pop57,2,0.0003179311752319336,0.00012767314910888672
2050,pop48,3,0.000496069590250651,8.071782582604724e-05
2050,pop30,1,0.0004391670227050781,0.0
2050,pop31,1,0.0004055500030517578,0.0
2051,pop0,2,0.0003714561462402344,7.510185241699219e-05
2051,pop1,1,0.00044345855712890625,0.0
2051,pop53,3,0.0004343986511230469,2.7344438770892128e-05
2051,pop47,2,0.0004496574401855469,1.5974044799804688e-05
2051,pop51,3,0.0004347960154215495,1.7692664913207416e-05
2051,pop9,2,0.0005954504013061523,0.00016105175018310547
2051,pop50,3,0.00047135353088378906,3.2090703820498735e-05
2051,pop35,1,0.0007534027099609375,0.0
2051,pop3,3,0.0006074905395507812,0.00010965302196805215
2052,pop19,2,0.0003972053527832031,4.673004150390625e-05
2052,pop51,1,0.0004475116729736328,0.0
2052,pop47,1,0.0003857612609863281,0.0
2052,pop53,1,0.0004286766052246094,0.0
2052,pop1,3,0.0005048116048177084,8.521506796857459e-05
2052,pop15,3,0.0004937648773193359,8.766544490265959e-05
2053,pop22,4,0.0004967451095581055,0.00016429812476986488
2053,pop51,1,0.0004353523254394531,0.0
2053,pop29,1,0.0004038810729980469,0.0
2054,pop6,5,0.0004917621612548828,0.00017013631326539977
2054,pop7,1,0.0004076957702636719,0.0
2054,pop53,1,0.00044536590576171875,0.0
2054,pop47,1,0.0004508495330810547,0.0
2054,pop51,1,0.0004131793975830078,0.0
2054,pop29,1,0.00040459632873535156,0.0
2055,pop50,4,0.0005109906196594238,0.0001762851379382049
2055,pop51,1,0.00044155120849609375,0.0
2055,pop29,1,0.00044536590576171875,0.0
2056,pop44,2,0.00040280818939208984,3.7550926208496094e-05
2056,pop27,4,0.0005311965942382812,0.00015785371654381631
2056,pop14,1,0.0004494190216064453,0.0
2056,pop50,1,0.0004496574401855469,0.0
2056,pop51,1,0.000431060791015625,0.0
2056,pop8,1,0.00040602684020996094,0.0
2057,pop29,4,0.00045740604400634766,0.00012951753292034815
2057,pop51,1,0.00044536590576171875,0.0
2057,pop50,1,0.0004038810729980469,0.0
2057,pop32,1,0.00043201446533203125,0.0
2058,pop13,4,0.0004481673240661621,0.00023701489269624753
2058,pop52,2,0.00041365623474121094,3.719329833984375e-05
2058,pop53,1,0.0004284381866455078,0.0
2058,pop41,1,0.0008568763732910156,0.0
2058,pop40,1,0.00045609474182128906,0.0
2058,pop43,2,0.00044989585876464844,1.621246337890625e-05
2058,pop51,1,0.0004630088806152344,0.0
2058,pop50,2,0.0005658864974975586,0.00011622905731201172
2059,pop4,4,0.00046938657760620117,0.00016099463916021013
2059,pop51,1,0.000438690185546875,0.0
2059,pop47,1,0.00042366981506347656,0.0
2059,pop53,1,0.00043582916259765625,0.0
2059,pop1,1,0.0004482269287109375,0.0
2059,pop0,1,0.00040411949157714844,0.0
2060,pop57,2,0.00035822391510009766,8.90493392944336e-05
2060,pop56,1,0.00043773651123046875,0.0
2060,pop55,1,0.0003974437713623047,0.0
2060,pop50,2,0.00043904781341552734,1.7762184143066406e-05
2060,pop53,1,0.00044417381286621094,0.0
2060,pop42,3,0.0005519390106201172,0.00013627799650765463
2061,pop14,2,0.00037467479705810547,9.906291961669922e-05
2061,pop50,4,0.000499725341796875,0.00010938035354353955
2061,pop52,1,0.0004131793975830078,0.0
2061,pop12,1,0.000400543212890625,0.0
2062,pop45,2,0.0004106760025024414,6.783008575439453e-05
2062,pop46,1,0.0004608631134033203,0.0
2062,pop51,1,0.00042700767517089844,0.0
2062,pop50,5,0.0004919528961181641,0.00010399102374809129
2062,pop14,3,0.0004413922627766927,1.343396959009646e-05
2062,pop24,2,0.0005928277969360352,0.00014531612396240234
2063,pop25,2,0.0003414154052734375,0.0001266002655029297
2063,pop17,1,0.0004649162292480469,0.0
2063,pop50,3,0.0004916985829671224,8.803734944856902e-05
2063,pop51,1,0.00043964385986328125,0.0
2064,pop12,2,0.0004228353500366211,4.9233436584472656e-05
2064,pop52,1,0.00047278404235839844,0.0
2064,pop51,3,0.0005835692087809244,0.00023085365148156335
2064,pop8,1,0.0006422996520996094,0.0
2064,pop43,3,0.0006047884623209635,0.00012043707437121016
2065,pop54,2,0.00038039684295654297,8.785724639892578e-05
2065,pop52,1,0.0004570484161376953,0.0
2065,pop50,2,0.0004417896270751953,1.6689300537109375e-05
2065,pop32,3,0.0005565484364827474,0.00010379916100431016
2066,pop20,4,0.0004264712333679199,4.899411160032058e-05
2066,pop46,2,0.0006080865859985352,0.00015819072723388672
2066,pop51,1,0.00045609474182128906,0.0
2066,pop29,1,0.0004093647003173828,0.0
2067,pop22,3,0.0004107952117919922,7.118887596197212e-05
2067,pop51,1,0.0004088878631591797,0.0
2067,pop50,2,0.00044167041778564453,1.5616416931152344e-05
2067,pop32,2,0.0006546974182128906,0.00010609626770019531
2068,pop29,2,0.00039887428283691406,8.249282836914062e-05
2068,pop51,3,0.00043837229410807293,2.1807445381345743e-05
2068,pop52,3,0.00044353802998860675,1.9937394818737016e-05
2068,pop13,2,0.0006070137023925781,0.00019311904907226562
2068,pop22,3,0.0005347728729248047,0.0001043970319531787
2069,pop14,2,0.00045287609100341797,1.9431114196777344e-05
2069,pop50,4,0.00043505430221557617,2.1075025774835005e-05
2069,pop51,7,0.00044267518179757256,2.076050101756634e-05
2069,pop8,2,0.0006159543991088867,0.00017559528350830078
2069,pop17,2,0.00043892860412597656,5.0067901611328125e-06
2069,pop25,1,0.0008745193481445312,0.0
2069,pop43,2,0.00042068958282470703,1.1801719665527344e-05
2069,pop11,1,0.0006783008575439453,0.0
2069,pop22,1,0.0007863044738769531,0.0
2069,pop47,2,0.0004457235336303711,1.800060272216797e-05
2069,pop53,2,0.00043451786041259766,1.5616416931152344e-05
2069,pop1,1,0.0007774829864501953,0.0
2069,pop10,3,0.0006431738535563151,0.00015581249520632602
2070,pop45,2,0.00037491321563720703,9.691715240478516e-05
2070,pop46,1,0.00043392181396484375,0.0
2070,pop51,1,0.00042128562927246094,0.0
2070,pop52,3,0.0004506111145019531,8.742737017747923e-06
2070,pop13,2,0.0005303621292114258,0.00014650821685791016
2070,pop50,5,0.00048055648803710935,0.00010162512997071783
2070,pop35,1,0.0006103515625,0.0
2070,pop17,1,0.0007233619689941406,0.0
2071,pop54,2,0.0003142356872558594,0.0001533031463623047
2071,pop52,3,0.00043201446533203125,2.0377002403982675e-05
2071,pop34,2,0.0006021261215209961,0.00021541118621826172
2071,pop51,2,0.0004285573959350586,3.230571746826172e-05
2071,pop43,4,0.0005028247833251953,0.00011920511715262872
2072,pop29,3,0.0003608862559000651,7.735187784111601e-05
2072,pop51,1,0.0004620552062988281,0.0
2072,pop52,3,0.0004239082336425781,1.2256353790700913e-05
2072,pop54,2,0.0006355047225952148,0.00019299983978271484
2072,pop50,3,0.0005333423614501953,0.00015814695720544792
2073,pop33,5,0.0005016326904296875,0.000127177932058413
2073,pop50,1,0.00044846534729003906,0.0
2073,pop14,1,0.0004475116729736328,0.0
2073,pop27,1,0.00041294097900390625,0.0
2073,pop44,1,0.0004372596740722656,0.0
2073,pop39,1,0.00040721893310546875,0.0
2074,pop21,2,0.000385284423828125,8.606910705566406e-05
2074,pop22,3,0.0005156199137369791,0.00013418276332518087
2074,pop51,1,0.0004210472106933594,0.0
2074,pop52,1,0.00045180320739746094,0.0
2074,pop13,1,0.00040340423583984375,0.0
2075,pop0,3,0.00042692820231119793,2.833761920682833e-05
2075,pop1,1,0.0004725456237792969,0.0
2075,pop53,1,0.00046634674072265625,0.0
2075,pop50,1,0.0004420280456542969,0.0
2075,pop17,1,0.00044989585876464844,0.0
2075,pop31,1,0.0004642009735107422,0.0
2075,pop30,1,0.000438690185546875,0.0
2075,pop48,2,0.0004912614822387695,8.594989776611328e-05
2075,pop49,1,0.0004017353057861328,0.0
2076,pop45,2,0.00041556358337402344,4.76837158203125e-05
2076,pop46,1,0.00047898292541503906,0.0
2076,pop51,1,0.00043463706970214844,0.0
2076,pop50,1,0.00045228004455566406,0.0
2076,pop17,1,0.00043082237243652344,0.0
2076,pop31,4,0.0005053877830505371,8.781564674227631e-05
2077,pop19,2,0.0003960132598876953,7.867813110351562e-05
2077,pop51,1,0.0004718303680419922,0.0
2077,pop50,3,0.0005279382069905599,9.081428740194256e-05
2077,pop17,3,0.00044417381286621094,8.598508017768216e-06
2077,pop31,4,0.000493466854095459,0.00012110037194586055
2078,pop6,5,0.0004904270172119141,0.00015897002828994393
2078,pop7,1,0.0004146099090576172,0.0
2078,pop53,1,0.0004394054412841797,0.0
2078,pop50,1,0.0004150867462158203,0.0
2078,pop14,1,0.0004208087921142578,0.0
2078,pop27,1,0.0004863739013671875,0.0
2078,pop44,1,0.0004515647888183594,0.0
2079,pop44,2,0.00039207935333251953,6.663799285888672e-05
2079,pop27,4,0.0005217790603637695,0.00015809565463417578
2079,pop14,1,0.0004334449768066406,0.0
2079,pop50,1,0.0004000663757324219,0.0
2079,pop53,1,0.00044155120849609375,0.0
2079,pop1,1,0.00043702125549316406,0.0
2079,pop15,1,0.0003986358642578125,0.0
2080,pop13,3,0.0004196961720784505,3.699527774715064e-05
2080,pop52,1,0.0004551410675048828,0.0
2080,pop55,3,0.0005646546681722006,0.00017198297757504706
2080,pop56,1,0.0004239082336425781,0.0
2080,pop48,1,0.0004305839538574219,0.0
2080,pop49,1,0.0004124641418457031,0.0
2081,pop14,4,0.0004799365997314453,0.0002187936396971357
2081,pop24,2,0.0004762411117553711,7.712841033935547e-05
2081,pop50,4,0.0005012154579162598,0.00012335015266672387
2082,pop54,3,0.000375668207804362,0.00019180556947984175
2082,pop52,4,0.0005480647087097168,0.00018195082020077826
2082,pop50,5,0.0004535675048828125,2.0872508343985856e-05
2082,pop16,1,0.0007448196411132812,0.0
2082,pop34,1,0.0007524490356445312,0.0
2082,pop33,1,0.0008189678192138672,0.0
2082,pop53,1,0.0004627704620361328,0.0
2082,pop41,1,0.0007865428924560547,0.0
2082,pop40,1,0.00046253204345703125,0.0
2082,pop43,2,0.0005974769592285156,0.00017523765563964844
2082,pop51,1,0.0004112720489501953,0.0
2083,pop8,2,0.00043976306915283203,3.612041473388672e-05
2083,pop51,1,0.00042366981506347656,0.0
2083,pop29,3,0.0005163351694742838,5.74598118841063e-05
2084,pop12,2,0.0004273653030395508,4.208087921142578e-05
2084,pop52,1,0.0004265308380126953,0.0
2084,pop55,3,0.0005598068237304688,0.0001828346675531655
2084,pop56,1,0.0004112720489501953,0.0
2084,pop48,1,0.0004496574401855469,0.0
2084,pop49,1,0.00044035911560058594,0.0
2085,pop20,3,0.0004230340321858724,3.221877172541436e-05
2085,pop46,2,0.0004400014877319336,7.510185241699219e-06
2085,pop51,1,0.00043320655822753906,0.0
2085,pop50,1,0.0004277229309082031,0.0
2085,pop17,1,0.00044846534729003906,0.0
2085,pop31,2,0.0005249977111816406,6.866455078125e-05
2085,pop30,1,0.0004451274871826172,0.0
2085,pop48,1,0.00040340423583984375,0.0
2085,pop49,1,0.0004341602325439453,0.0
2086,pop54,3,0.00039323170979817707,0.0002050437052089808
2086,pop52,2,0.00041604042053222656,1.9311904907226562e-05
2086,pop55,4,0.000546872615814209,8.393271604499204e-05
2087,pop19,2,0.00033164024353027344,0.0001480579376220703
2087,pop51,3,0.0004321734110514323,3.0480509669818583e-05
2087,pop9,2,0.0005806684494018555,0.00013506412506103516
2087,pop43,2,0.00043272972106933594,8.344650268554688e-06
2087,pop42,4,0.0005952119827270508,0.00015982427283662163
2088,pop13,4,0.0004591941833496094,0.00014096456904682655
2088,pop52,1,0.0004134178161621094,0.0
2088,pop53,1,0.0004107952117919922,0.0
2088,pop42,1,0.0004112720489501953,0.0
2089,pop13,2,0.0004391670227050781,0.00010657310485839844
2089,pop52,1,0.00043129920959472656,0.0
2089,pop50,2,0.0004591941833496094,2.6226043701171875e-06
2089,pop32,3,0.0005313555399576823,6.431598648846514e-05
2090,pop0,4,0.00041991472244262695,4.21560776602367e-05
2090,pop1,1,0.0004305839538574219,0.0
2090,pop53,1,0.00046443939208984375,0.0
2090,pop47,1,0.00042700767517089844,0.0
2090,pop51,1,0.0004711151123046875,0.0
2090,pop46,2,0.0005277395248413086,0.00010907649993896484
2090,pop45,1,0.0004096031188964844,0.0
2091,pop50,4,0.00040417909622192383,7.031920963103393e-05
2091,pop14,3,0.0004516442616780599,2.0029368102310844e-05
2091,pop24,2,0.0006678104400634766,0.00023365020751953125
2091,pop27,2,0.0005277395248413086,9.548664093017578e-05
2092,pop4,3,0.0003827412923177083,9.436685133353258e-05
2092,pop51,3,0.000413974126180013,2.1855180913274104e-05
2092,pop46,4,0.0004445314407348633,1.1646570665075756e-05
2092,pop45,2,0.0006464719772338867,0.0002187490463256836
2092,pop52,1,0.0004220008850097656,0.0
2092,pop55,2,0.00042688846588134766,2.276897430419922e-05
2092,pop56,2,0.0004559755325317383,1.3113021850585938e-06
2092,pop57,1,0.0007846355438232422,0.0
2092,pop50,2,0.0006309747695922852,0.00020205974578857422
2093,pop57,2,0.00040137767791748047,4.2319297790527344e-05
2093,pop56,1,0.0004725456237792969,0.0
2093,pop55,1,0.00046443939208984375,0.0
2093,pop50,2,0.00044345855712890625,2.002716064453125e-05
2093,pop14,1,0.00043272972106933594,0.0
2093,pop27,2,0.0006139278411865234,0.00015282630920410156
2093,pop44,1,0.0004558563232421875,0.0
2093,pop39,1,0.0004096031188964844,0.0
2093,pop38,1,0.0004413127899169922,0.0
2094,pop6,2,0.00035119056701660156,9.107589721679688e-05
2094,pop7,1,0.00044274330139160156,0.0
2094,pop53,1,0.00045800209045410156,0.0
2094,pop50,4,0.0004970431327819824,0.00010612859327262032
2094,pop17,1,0.00042510032653808594,0.0
2094,pop31,1,0.0004296302795410156,0.0
2095,pop14,2,0.0003777742385864258,6.639957427978516e-05
2095,pop27,4,0.0004864335060119629,9.656208161512151e-05
2095,pop44,1,0.000431060791015625,0.0
2095,pop39,1,0.00040602684020996094,0.0
2096,pop25,2,0.00037026405334472656,7.033348083496094e-05
2096,pop17,1,0.00045371055603027344,0.0
2096,pop50,4,0.0004966855049133301,0.00013398958428722434
2096,pop52,1,0.0004069805145263672,0.0
2096,pop54,1,0.0004394054412841797,0.0
2097,pop22,5,0.000496673583984375,0.0001695430306899207
2097,pop51,1,0.00040650367736816406,0.0
2097,pop29,1,0.0004286766052246094,0.0
2098,pop8,2,0.0002802610397338867,0.0001569986343383789
2098,pop51,2,0.0006232261657714844,0.00018906593322753906
2098,pop47,2,0.0004374980926513672,1.3828277587890625e-05
2098,pop53,2,0.00044727325439453125,1.7642974853515625e-05
2098,pop1,3,0.0005226929982503256,0.00010466988969817228
2099,pop12,2,0.0003687143325805664,9.000301361083984e-05
2099,pop52,1,0.0004620552062988281,0.0
2099,pop53,1,0.00046634674072265625,0.0
2099,pop1,1,0.00042557716369628906,0.0
2099,pop15,4,0.0005342364311218262,0.00012236430007738676
2100,pop20,3,0.0003383954366048177,0.000145641989574203
2100,pop46,2,0.0004572868347167969,9.298324584960938e-06
2100,pop45,2,0.0005668401718139648,0.00013005733489990234
2100,pop44,1,0.0007967948913574219,0.0
2100,pop27,2,0.0005855560302734375,0.00015401840209960938
2100,pop14,1,0.0004253387451171875,0.0
2100,pop50,1,0.0004451274871826172,0.0
2100,pop51,1,0.00040721893310546875,0.0
2101,pop54,2,0.00041043758392333984,2.968311309814453e-05
2101,pop52,1,0.00046062469482421875,0.0
2101,pop50,2,0.0004495382308959961,2.3484230041503906e-05
2101,pop14,1,0.00041031837463378906,0.0
2101,pop27,3,0.0005297660827636719,0.0001297879152848473
2101,pop44,1,0.00043272972106933594,0.0
2101,pop39,1,0.00040459632873535156,0.0
2101,pop38,1,0.0004534721374511719,0.0
2102,pop4,5,0.0004766941070556641,0.0001412407921975026
2102,pop51,1,0.0004134178161621094,0.0
2102,pop50,1,0.000431060791015625,0.0
2102,pop32,1,0.0004343986511230469,0.0
2103,pop14,4,0.0004150867462158203,7.978709007947452e-05
2103,pop50,3,0.0004420280456542969,2.0774819652738946e-05
2103,pop52,3,0.0004450480143229167,1.3729727193695341e-05
2103,pop12,2,0.0005773305892944336,0.00016748905181884766
2103,pop51,2,0.0004385709762573242,1.4424324035644531e-05
2103,pop9,1,0.0007758140563964844,0.0
2103,pop27,4,0.000595390796661377,0.00015446721655449578
2104,pop54,2,0.0003116130828857422,0.00015211105346679688
2104,pop52,3,0.00044004122416178387,1.1267783011459227e-05
2104,pop34,2,0.0006303787231445312,0.0002269744873046875
2104,pop51,2,0.00043404102325439453,2.9206275939941406e-05
2104,pop19,2,0.00042450428009033203,2.9802322387695312e-06
2104,pop18,4,0.0005483031272888184,0.00011671695946578377
2105,pop29,3,0.0004439353942871094,1.8220962152413706e-05
2105,pop51,1,0.0004608631134033203,0.0
2105,pop50,2,0.0006208419799804688,0.00020551681518554688
2105,pop17,1,0.0004112720489501953,0.0
2105,pop31,1,0.0004184246063232422,0.0
2105,pop30,1,0.0004394054412841797,0.0
2105,pop48,1,0.00042128562927246094,0.0
2105,pop49,1,0.00042939186096191406,0.0
2106,pop12,2,0.0003733634948730469,5.0067901611328125e-05
2106,pop52,1,0.0004334449768066406,0.0
2106,pop50,4,0.0005213618278503418,0.00016495795160302644
2106,pop14,1,0.00043010711669921875,0.0
2106,pop27,1,0.0004284381866455078,0.0
2106,pop44,1,0.0004069805145263672,0.0
2106,pop39,1,0.0004246234893798828,0.0
2107,pop20,2,0.00038814544677734375,8.940696716308594e-05
2107,pop46,2,0.00042808055877685547,7.510185241699219e-06
2107,pop51,1,0.0004343986511230469,0.0
2107,pop43,1,0.0004506111145019531,0.0
2107,pop42,2,0.0006881952285766602,0.00014698505401611328
2108,pop4,5,0.0004930973052978515,0.0001431299945973655
2108,pop51,1,0.0004439353942871094,0.0
2108,pop47,1,0.0004208087921142578,0.0
2108,pop53,1,0.00045108795166015625,0.0
2108,pop1,1,0.00044608116149902344,0.0
2108,pop0,1,0.00040149688720703125,0.0
2109,pop14,2,0.0003752708435058594,9.34600830078125e-05
2109,pop50,3,0.0005343755086263021,0.00014566917762574275
2109,pop52,1,0.00045680999755859375,0.0
2109,pop54,1,0.0004222393035888672,0.0
2110,pop33,4,0.0005360841751098633,0.00018923110800125596
2110,pop50,1,0.00042176246643066406,0.0
2110,pop51,1,0.00045371055603027344,0.0
2110,pop46,1,0.0004146099090576172,0.0
2110,pop45,1,0.0004661083221435547,0.0
2111,pop21,2,0.00043845176696777344,3.62396240234375e-05
2111,pop22,4,0.0005134940147399902,0.0001590183447281505
2111,pop51,1,0.0004420280456542969,0.0
2111,pop19,1,0.00043201446533203125,0.0
2111,pop18,1,0.0004343986511230469,0.0
2111,pop38,1,0.00043487548828125,0.0
2112,pop45,2,0.00037229061126708984,8.952617645263672e-05
2112,pop46,1,0.0004413127899169922,0.0
2112,pop51,1,0.0004563331604003906,0.0
2112,pop43,2,0.0004121065139770508,2.491474151611328e-05
2112,pop42,3,0.0005807876586914062,0.00015590545588326768
2113,pop0,2,0.0004298686981201172,5.5789947509765625e-05
2113,pop1,2,0.00045931339263916016,1.5854835510253906e-05
2113,pop53,1,0.0004711151123046875,0.0
2113,pop50,3,0.0005548795064290365,0.00015389561720802541
2113,pop17,1,0.00041413307189941406,0.0
2113,pop31,1,0.00044035911560058594,0.0
2113,pop30,1,0.00041484832763671875,0.0
2113,pop48,1,0.0004417896270751953,0.0
2113,pop49,1,0.0004363059997558594,0.0
2114,pop12,2,0.0003815889358520508,6.973743438720703e-05
2114,pop52,1,0.00046181678771972656,0.0
2114,pop53,3,0.0004482269287109375,1.159704828931361e-05
2114,pop1,3,0.00045037269592285156,2.0932915902751867e-05
2114,pop0,3,0.0005300045013427734,0.00014352336402966655
2114,pop50,2,0.00041472911834716797,1.2040138244628906e-05
2114,pop17,3,0.00043463706970214844,2.845350359847099e-05
2114,pop25,1,0.0006186962127685547,0.0
2114,pop31,3,0.0005430380503336588,0.00016017001232965063
2115,pop44,2,0.0003954172134399414,7.68899917602539e-05
2115,pop27,4,0.0005022883415222168,0.000144011865117549
2115,pop14,1,0.0004241466522216797,0.0
2115,pop50,1,0.00043773651123046875,0.0
2115,pop52,1,0.00041794776916503906,0.0
2115,pop34,1,0.00043654441833496094,0.0
2116,pop50,6,0.0004486242930094401,3.7287341200296936e-05
2116,pop51,3,0.00044616063435872394,1.8340504057319305e-05
2116,pop29,2,0.0006420612335205078,0.00020766258239746094
2116,pop14,2,0.0004119873046875,1.9073486328125e-06
2116,pop27,2,0.00045502185821533203,5.841255187988281e-06
2116,pop44,2,0.00042700767517089844,1.7881393432617188e-05
2116,pop39,2,0.0007500648498535156,8.678436279296875e-05
2117,pop6,2,0.00034797191619873047,0.00011718273162841797
2117,pop7,1,0.00041103363037109375,0.0
2117,pop53,1,0.00041675567626953125,0.0
2117,pop52,5,0.00044155120849609375,1.614570899327947e-05
2117,pop12,2,0.0005519390106201172,0.00013637542724609375
2117,pop50,6,0.00043845176696777344,2.2243742166523147e-05
2117,pop14,3,0.0005483627319335938,0.00011923455924186263
2117,pop54,1,0.0008792877197265625,0.0
2117,pop27,2,0.0005761384963989258,0.00011622905731201172
2118,pop29,5,0.0007660388946533203,0.000455319939959278
2118,pop51,1,0.0004076957702636719,0.0
2118,pop19,1,0.0004298686981201172,0.0
2118,pop18,1,0.0004487037658691406,0.0
2118,pop38,1,0.0004000663757324219,0.0
2119,pop20,5,0.0005061149597167969,0.00014774685273369527
2119,pop46,1,0.0004379749298095703,0.0
2119,pop51,1,0.00041675567626953125,0.0
2119,pop47,1,0.00043201446533203125,0.0
2119,pop53,1,0.0004124641418457031,0.0
2119,pop1,1,0.00039768218994140625,0.0
2119,pop15,1,0.0004715919494628906,0.0
2120,pop4,2,0.00040352344512939453,8.094310760498047e-05
2120,pop51,2,0.0004315376281738281,6.9141387939453125e-06
2120,pop50,2,0.00045228004455566406,6.198883056640625e-06
2120,pop17,2,0.0004601478576660156,4.0531158447265625e-06
2120,pop31,1,0.0006012916564941406,0.0
2120,pop53,1,0.0008146762847900391,0.0
2120,pop47,1,0.0004687309265136719,0.0
2120,pop8,1,0.0010464191436767578,0.0
2121,pop14,2,0.00037980079650878906,9.989738464355469e-05
2121,pop50,1,0.00040793418884277344,0.0
2121,pop52,5,0.0004490852355957031,1.588275788259861e-05
2121,pop12,2,0.0005550384521484375,0.0001392364501953125
2121,pop53,2,0.0004373788833618164,1.5854835510253906e-05
2121,pop3,2,0.0005677938461303711,0.00011742115020751953
2121,pop13,1,0.0007598400115966797,0.0
2121,pop51,2,0.00043785572052001953,2.5391578674316406e-05
2121,pop10,3,0.0006186167399088541,0.00012247837757590324
2122,pop0,2,0.0004068613052368164,4.971027374267578e-05
2122,pop1,1,0.0003979206085205078,0.0
2122,pop53,1,0.00041985511779785156,0.0
2122,pop47,1,0.0004487037658691406,0.0
2122,pop51,4,0.0004190802574157715,1.5942320529575017e-05
2122,pop46,4,0.00044268369674682617,1.2466778465445093e-05
2122,pop45,2,0.0005096197128295898,8.499622344970703e-05
2122,pop9,1,0.0007328987121582031,0.0
2122,pop50,3,0.0005466938018798828,0.00015984408494531876
2123,pop25,2,0.00039970874786376953,8.118152618408203e-05
2123,pop17,1,0.00042724609375,0.0
2123,pop31,1,0.0004649162292480469,0.0
2123,pop30,1,0.00042557716369628906,0.0
2123,pop48,3,0.0005008379618326823,7.979637103407821e-05
2123,pop49,1,0.0004458427429199219,0.0
2124,pop8,2,0.00036895275115966797,0.00010526180267333984
2124,pop51,3,0.0004475911458333333,2.655939691184481e-05
2124,pop52,5,0.0004360675811767578,1.3955126406347176e-05
2124,pop13,4,0.00060272216796875,0.00019217742841888855
2124,pop53,2,0.00046122074127197266,6.318092346191406e-06
2124,pop3,1,0.0006921291351318359,0.0
2124,pop36,3,0.0005432764689127604,0.00014973500878243703
2125,pop21,2,0.0003993511199951172,7.963180541992188e-05
2125,pop22,4,0.0004845261573791504,0.0001044309267914399
2125,pop51,1,0.00045180320739746094,0.0
2125,pop46,1,0.000415802001953125,0.0
2125,pop45,1,0.0004477500915527344,0.0
2126,pop45,2,0.00042700767517089844,3.9577484130859375e-05
2126,pop44,1,0.0004470348358154297,0.0
2126,pop39,3,0.0004744529724121094,4.182915643601057e-05
2126,pop38,1,0.0004343986511230469,0.0
2127,pop50,4,0.00043773651123046875,3.981982857086164e-05
2127,pop14,1,0.0004570484161376953,0.0
2127,pop27,2,0.0006005764007568359,0.0001747608184814453
2127,pop44,1,0.00042366981506347656,0.0
2127,pop39,1,0.0004405975341796875,0.0
2127,pop38,1,0.0004131793975830078,0.0
2128,pop20,3,0.00038703282674153644,0.00010090981668869343
2128,pop46,1,0.0004622936248779297,0.0
2128,pop51,3,0.00043082237243652344,1.7410542926009005e-05
2128,pop43,4,0.0004521012306213379,1.9643415827401332e-05
2128,pop40,2,0.0006444454193115234,0.00022673606872558594
2128,pop50,2,0.0004309415817260742,1.0848045349121094e-05
2128,pop14,2,0.00042235851287841797,8.463859558105469e-06
2128,pop27,2,0.0005898475646972656,0.00013828277587890625
2129,pop19,2,0.00042307376861572266,4.9233436584472656e-05
2129,pop18,4,0.0004798769950866699,3.9944318521475074e-05
2129,pop38,1,0.00040149688720703125,0.0
2130,pop54,3,0.0004516442616780599,0.0002814466668999805
2130,pop52,2,0.00043451786041259766,6.318092346191406e-06
2130,pop50,4,0.0004283785820007324,2.3267121817318564e-05
2130,pop17,2,0.00043785572052001953,5.960464477539062e-07
2130,pop25,1,0.0008676052093505859,0.0
2130,pop51,3,0.0005695819854736328,0.0001905616331222024
2130,pop43,2,0.00046074390411376953,4.649162292480469e-06
2130,pop40,1,0.0006620883941650391,0.0
2130,pop36,3,0.0006132920583089193,0.0001381106145350671
2131,pop29,3,0.00041937828063964844,7.243400759632974e-05
2131,pop51,1,0.0004420280456542969,0.0
2131,pop43,2,0.0005058050155639648,6.16312026977539e-05
2131,pop42,1,0.0004394054412841797,0.0
2132,pop14,2,0.0004284381866455078,4.315376281738281e-05
2132,pop50,3,0.0005465348561604818,0.00015979551596562982
2132,pop51,1,0.0004432201385498047,0.0
2132,pop29,1,0.00042057037353515625,0.0
2133,pop21,2,0.0003694295883178711,9.262561798095703e-05
2133,pop22,1,0.00044727325439453125,0.0
2133,pop51,4,0.0005475282669067383,0.00017045982207868288
2133,pop52,3,0.0004227161407470703,2.2599096677922173e-05
2133,pop34,2,0.000619053840637207,0.00018775463104248047
2133,pop46,3,0.00043710072835286457,2.0314917002053544e-05
2133,pop45,1,0.0006220340728759766,0.0
2133,pop36,3,0.0004993279774983724,0.00013246726400964993
2133,pop50,1,0.00043201446533203125,0.0
2134,pop45,2,0.0003241300582885742,0.00015366077423095703
2134,pop46,3,0.00048669179280598957,7.139149213583646e-05
2134,pop51,1,0.00045418739318847656,0.0
2134,pop9,1,0.0004017353057861328,0.0
2135,pop50,4,0.0005360841751098633,0.00019757762898342234
2135,pop51,3,0.00044147173563639325,1.8709740917920637e-05
2135,pop29,3,0.0005702177683512369,0.00016463688612423311
2135,pop52,3,0.00045228004455566406,2.020518335126715e-05
2135,pop55,2,0.0004553794860839844,4.291534423828125e-06
2135,pop56,2,0.00044929981231689453,1.537799835205078e-05
2135,pop2,2,0.0005583763122558594,0.00013303756713867188
2135,pop13,1,0.0008692741394042969,0.0
2136,pop13,5,0.0005258560180664062,0.00017564473909209522
2136,pop52,3,0.0004409948984781901,2.5202797349134218e-05
2136,pop51,3,0.00044163068135579425,2.749324499343992e-05
2136,pop8,2,0.0005675554275512695,0.00013244152069091797
2136,pop50,2,0.00044226646423339844,2.1457672119140625e-06
2136,pop14,2,0.00042831897735595703,5.602836608886719e-06
2136,pop27,2,0.0005997419357299805,0.00018489360809326172
2137,pop20,4,0.00046569108963012695,0.000136547710790381
2137,pop46,1,0.0004417896270751953,0.0
2137,pop51,1,0.00042724609375,0.0
2137,pop52,1,0.00046706199645996094,0.0
2137,pop12,1,0.00043702125549316406,0.0
2138,pop45,2,0.0003851652145385742,6.783008575439453e-05
2138,pop44,1,0.0004646778106689453,0.0
2138,pop39,4,0.0005112886428833008,6.54793308248403e-05
2139,pop33,3,0.00038965543111165363,8.841961936307433e-05
2139,pop50,1,0.0004432201385498047,0.0
2139,pop52,4,0.0004547238349914551,1.3565131956360467e-05
2139,pop54,2,0.000605463981628418,0.00020611286163330078
2139,pop51,3,0.0004616578420003255,1.034735412518806e-05
2139,pop46,1,0.0007312297821044922,0.0
2139,pop43,3,0.00042589505513509113,2.816054368423493e-05
2139,pop11,1,0.0008330345153808594,0.0
2139,pop55,3,0.0004990100860595703,0.00011396923479159912
2139,pop56,1,0.0007925033569335938,0.0
2140,pop12,2,0.0003663301467895508,7.641315460205078e-05
2140,pop52,1,0.00044918060302734375,0.0
2140,pop53,1,0.0004496574401855469,0.0
2140,pop1,4,0.0004755258560180664,5.901148817904473e-05
2140,pop15,3,0.0005303223927815756,0.00012056004003038971
2141,pop29,4,0.0004736185073852539,0.00016583606127787412
2141,pop51,1,0.0004432201385498047,0.0
2141,pop43,1,0.00045037269592285156,0.0
2141,pop42,1,0.0004200935363769531,0.0
2142,pop57,2,0.0003502368927001953,9.441375732421875e-05
2142,pop56,1,0.0004680156707763672,0.0
2142,pop55,4,0.00048279762268066406,9.57426497994608e-05
2142,pop52,1,0.0004127025604248047,0.0
2142,pop12,1,0.00040221214294433594,0.0
2143,pop44,2,0.00037920475006103516,6.783008575439453e-05
2143,pop27,3,0.0005412896474202474,0.00012877757270881172
2143,pop14,1,0.0004410743713378906,0.0
2143,pop50,1,0.0004448890686035156,0.0
2143,pop52,1,0.0004286766052246094,0.0
2143,pop54,1,0.0004284381866455078,0.0
2144,pop6,5,0.0005124092102050781,0.00016475896200153497
2144,pop7,1,0.0004096031188964844,0.0
2144,pop53,1,0.0004448890686035156,0.0
2144,pop50,1,0.00041985511779785156,0.0
2144,pop17,1,0.0004260540008544922,0.0
2144,pop31,1,0.0004324913024902344,0.0
2144,pop30,1,0.0004458427429199219,0.0
2144,pop48,1,0.0004131793975830078,0.0
2144,pop49,1,0.0004448890686035156,0.0
2145,pop4,4,0.00042450428009033203,5.038775162946552e-05
2145,pop51,1,0.0004432201385498047,0.0
2145,pop47,1,0.0004382133483886719,0.0
2145,pop53,1,0.00045680999755859375,0.0
2145,pop1,2,0.0005133152008056641,8.225440979003906e-05
2145,pop0,1,0.0004448890686035156,0.0
2146,pop0,4,0.00047194957733154297,0.0001500780567790836
2146,pop1,1,0.00043964385986328125,0.0
2146,pop53,1,0.0004322528839111328,0.0
2146,pop50,1,0.00041794776916503906,0.0
2146,pop17,1,0.00043582916259765625,0.0
2146,pop31,1,0.0004100799560546875,0.0
2147,pop13,3,0.00042549769083658856,2.8901035078549884e-05
2147,pop52,1,0.00042057037353515625,0.0
2147,pop50,2,0.0004469156265258789,4.172325134277344e-06
2147,pop14,1,0.000457763671875,0.0
2147,pop27,2,0.0004971027374267578,4.7206878662109375e-05
2147,pop44,1,0.00043964385986328125,0.0
2148,pop12,2,0.0003160238265991211,0.00013959407806396484
2148,pop52,3,0.0004298686981201172,1.760211715686433e-05
2148,pop54,2,0.0006222724914550781,0.00018525123596191406
2148,pop51,2,0.00045943260192871094,8.106231689453125e-06
2148,pop46,5,0.0004873752593994141,0.00010815970192593253
2148,pop45,1,0.0006515979766845703,0.0
2149,pop22,2,0.00039649009704589844,5.7220458984375e-05
2149,pop51,1,0.00045871734619140625,0.0
2149,pop47,1,0.00042748451232910156,0.0
2149,pop53,1,0.00045800209045410156,0.0
2149,pop1,1,0.00043773651123046875,0.0
2149,pop0,4,0.0005107522010803223,8.600177783076809e-05
2150,pop33,5,0.00046930313110351565,0.0001514499372264166
2150,pop50,1,0.00041222572326660156,0.0
2150,pop51,1,0.0004425048828125,0.0
2150,pop9,1,0.0004010200500488281,0.0
2151,pop6,3,0.0003585020701090495,0.00011345724257804787
2151,pop7,1,0.00042891502380371094,0.0
2151,pop53,1,0.00045800209045410156,0.0
2151,pop1,1,0.0004532337188720703,0.0
2151,pop15,2,0.0006670951843261719,0.00011992454528808594
2152,pop19,2,0.00030791759490966797,0.00016486644744873047
2152,pop51,2,0.0005766153335571289,0.00017392635345458984
2152,pop43,4,0.0004578232765197754,8.138815086614178e-05
2152,pop11,1,0.0008096694946289062,0.0
2153,pop54,2,0.0003198385238647461,0.00015151500701904297
2153,pop52,4,0.0004439353942871094,1.9645314768551202e-05
2153,pop13,3,0.0004932085673014323,7.474066487376706e-05
2153,pop34,1,0.0007030963897705078,0.0
2153,pop51,2,0.00043761730194091797,3.6954879760742188e-06
2153,pop10,3,0.0006482601165771484,0.00014070857774042277
2154,pop0,3,0.0003876686096191406,6.381784448364872e-05
2154,pop1,1,0.00041794776916503906,0.0
2154,pop53,1,0.00044155120849609375,0.0
2154,pop50,3,0.0005358854929606119,0.0001159306646443037
2154,pop17,3,0.00044083595275878906,9.866804381474135e-06
2154,pop31,3,0.0005243619283040365,0.00013269621247626335
2155,pop13,2,0.000293731689453125,0.00013113021850585938
2155,pop52,3,0.00045029322306315106,1.379855751308777e-05
2155,pop54,2,0.0005626678466796875,0.000152587890625
2155,pop50,3,0.0005404949188232422,0.00012532398772992052
2156,pop20,4,0.0005350708961486816,0.000189915429778782
2156,pop46,1,0.0004374980926513672,0.0
2156,pop51,1,0.0004413127899169922,0.0
2156,pop19,1,0.0004475116729736328,0.0
2156,pop18,1,0.0004425048828125,0.0
2156,pop38,1,0.0004305839538574219,0.0
2157,pop33,2,0.0004050731658935547,7.176399230957031e-05
2157,pop50,2,0.0004464387893676758,7.987022399902344e-06
2157,pop14,1,0.0004322528839111328,0.0
2157,pop27,4,0.00047641992568969727,6.423829582376383e-05
2157,pop44,2,0.0006459951400756836,0.00018537044525146484
2158,pop19,2,0.00039064884185791016,7.712841033935547e-05
2158,pop51,1,0.0004658699035644531,0.0
2158,pop50,2,0.0004291534423828125,1.5974044799804688e-05
2158,pop17,1,0.0004665851593017578,0.0
2158,pop31,2,0.0006166696548461914,4.756450653076172e-05
2159,pop0,5,0.0005031585693359375,0.0001368071152647405
2159,pop1,1,0.00044465065002441406,0.0
2159,pop53,1,0.00043463706970214844,0.0
2159,pop47,1,0.00040268898010253906,0.0
2159,pop51,1,0.0004642009735107422,0.0
2159,pop29,1,0.0003962516784667969,0.0
2160,pop20,3,0.00041476885477701825,4.49098310426289e-05
2160,pop46,1,0.0004601478576660156,0.0
2160,pop51,3,0.0004230340321858724,2.264878901113235e-05
2160,pop29,2,0.000513911247253418,9.834766387939453e-05
2160,pop10,3,0.0006472269694010416,0.00015931931934420453
2161,pop33,5,0.0005008220672607422,0.00015533160540046048
2161,pop50,1,0.00043773651123046875,0.0
2161,pop14,1,0.00042939186096191406,0.0
2161,pop27,1,0.00040221214294433594,0.0
2161,pop44,1,0.00043702125549316406,0.0
2161,pop39,1,0.00042700767517089844,0.0
2161,pop38,1,0.00043892860412597656,0.0
2162,pop57,2,0.0003581047058105469,9.608268737792969e-05
2162,pop56,1,0.0004336833953857422,0.0
2162,pop55,4,0.0004903078079223633,9.138191014648675e-05
2162,pop52,1,0.00042557716369628906,0.0
2162,pop13,1,0.0004062652587890625,0.0
2163,pop44,2,0.00039017200469970703,7.474422454833984e-05
2163,pop27,3,0.000514825185139974,0.00012545263528001513
2163,pop14,1,0.0004489421844482422,0.0
2163,pop50,1,0.00042748451232910156,0.0
2163,pop52,1,0.00044345855712890625,0.0
2163,pop34,1,0.0004093647003173828,0.0
2164,pop12,2,0.00042879581451416016,4.208087921142578e-05
2164,pop52,1,0.0004222393035888672,0.0
2164,pop51,1,0.0004634857177734375,0.0
2164,pop29,4,0.0005448460578918457,0.0001341214572840402
2165,pop25,2,0.0003833770751953125,7.176399230957031e-05
2165,pop17,1,0.0004551410675048828,0.0
2165,pop31,4,0.0004935264587402344,8.642106202021995e-05
2165,pop30,1,0.00041794776916503906,0.0
2165,pop48,1,0.0004222393035888672,0.0
2165,pop49,1,0.0004127025604248047,0.0
2166,pop8,2,0.0003554821014404297,0.00010657310485839844
2166,pop51,1,0.00044345855712890625,0.0
2166,pop52,1,0.0004150867462158203,0.0
2166,pop13,3,0.0005771319071451823,0.00011941039817616966
2167,pop6,5,0.0004603862762451172,0.00014163909817457626
2167,pop7,1,0.0003979206085205078,0.0
2167,pop53,1,0.00040793418884277344,0.0
2167,pop47,1,0.0004456043243408203,0.0
2167,pop51,1,0.00040793418884277344,0.0
2168,pop33,5,0.0004150390625,0.00015581863702232083
2168,pop32,1,0.0003960132598876953,0.0
2169,pop12,2,0.0003961324691772461,5.233287811279297e-05
2169,pop52,1,0.0004558563232421875,0.0
2169,pop50,3,0.00044083595275878906,1.7397478484755076e-05
2169,pop14,1,0.00042724609375,0.0
2169,pop27,2,0.0005269050598144531,6.151199340820312e-05
2169,pop44,1,0.00043129920959472656,0.0
2170,pop14,2,0.00042307376861572266,3.421306610107422e-05
2170,pop50,1,0.00045561790466308594,0.0
2170,pop51,5,0.00045223236083984374,2.1436150672409573e-05
2170,pop29,3,0.0005096594492594401,0.00011186284229454252
2170,pop47,1,0.0007481575012207031,0.0
2170,pop43,2,0.0005372762680053711,6.115436553955078e-05
2170,pop10,2,0.0007234811782836914,4.374980926513672e-05
2171,pop21,2,0.0003955364227294922,5.340576171875e-05
2171,pop22,3,0.0004382133483886719,2.2136579821479627e-05
2171,pop51,1,0.0004563331604003906,0.0
2171,pop29,2,0.0006279945373535156,0.00013256072998046875
2172,pop50,5,0.0004984855651855469,0.00017132423991093456
2172,pop51,1,0.00041031837463378906,0.0
2172,pop8,1,0.0004513263702392578,0.0
2173,pop54,2,0.0002976655960083008,0.00014293193817138672
2173,pop52,3,0.00043924649556477863,1.536808671992803e-05
2173,pop34,2,0.0006239414215087891,0.00018739700317382812
2173,pop51,2,0.00044345855712890625,1.049041748046875e-05
2173,pop46,5,0.00048470497131347656,0.00010991153385900533
2173,pop45,1,0.0006527900695800781,0.0
2174,pop13,3,0.000413974126180013,4.3236157374671845e-05
2174,pop52,1,0.0004353523254394531,0.0
2174,pop50,2,0.0005964040756225586,0.00014317035675048828
2174,pop14,1,0.00044798851013183594,0.0
2174,pop27,1,0.0004520416259765625,0.0
2174,pop44,1,0.00039696693420410156,0.0
2175,pop45,2,0.00037491321563720703,7.402896881103516e-05
2175,pop46,1,0.0004456043243408203,0.0
2175,pop51,6,0.0004375775655110677,2.2234228070635112e-05
2175,pop52,4,0.0004477500915527344,1.6313825029903415e-05
2175,pop54,2,0.0005909204483032227,0.00016987323760986328
2175,pop19,1,0.0008237361907958984,0.0
2175,pop55,2,0.0004184246063232422,2.3126602172851562e-05
2175,pop56,3,0.0005675951639811198,0.00016698861032853104
2175,pop2,2,0.0005422830581665039,7.37905502319336e-05
2175,pop48,2,0.00043845176696777344,1.71661376953125e-05
2175,pop30,2,0.000461578369140625,7.152557373046875e-07
2175,pop31,2,0.0005710124969482422,0.00015020370483398438
2175,pop50,1,0.0004336833953857422,0.0
2175,pop43,2,0.00041306018829345703,2.777576446533203e-05
2175,pop40,1,0.0006117820739746094,0.0
2175,pop10,2,0.0007600784301757812,4.7206878662109375e-05
2176,pop19,2,0.00043380260467529297,4.6133995056152344e-05
2176,pop51,1,0.0004668235778808594,0.0
2176,pop50,1,0.0004558563232421875,0.0
2176,pop14,1,0.00043654441833496094,0.0
2176,pop27,3,0.0004889965057373047,8.669851584450616e-05
2176,pop44,1,0.00041794776916503906,0.0
2177,pop8,3,0.0004192193349202474,0.00025007296809061885
2177,pop51,2,0.00044417381286621094,1.430511474609375e-06
2177,pop50,4,0.0005327463150024414,0.00016951523249620398
2178,pop6,4,0.00047272443771362305,0.0001274969266545176
2178,pop7,1,0.0004184246063232422,0.0
2178,pop53,1,0.0004382133483886719,0.0
2178,pop50,1,0.0003993511199951172,0.0
2178,pop14,1,0.00040459632873535156,0.0
2178,pop27,1,0.0004477500915527344,0.0
2178,pop44,1,0.00040268898010253906,0.0
2179,pop12,2,0.0003777742385864258,7.975101470947266e-05
2179,pop52,1,0.00041985511779785156,0.0
2179,pop50,1,0.00045943260192871094,0.0
2179,pop32,4,0.0005639195442199707,0.00017015750214761675
2180,pop50,5,0.0004961013793945313,0.00017090833584185413
2180,pop51,1,0.0004291534423828125,0.0
2180,pop43,1,0.00045800209045410156,0.0
2180,pop40,1,0.00039505958557128906,0.0
2181,pop13,2,0.0003813505172729492,6.42538070678711e-05
2181,pop52,1,0.0004432201385498047,0.0
2181,pop50,4,0.0005142688751220703,0.00012070162794634048
2181,pop14,3,0.0004315376281738281,8.961071534366568e-06
2181,pop24,2,0.0005761384963989258,0.00015795230865478516
2182,pop29,3,0.0004189014434814453,3.5816787640025945e-05
2182,pop51,1,0.0004703998565673828,0.0
2182,pop50,2,0.0006299018859863281,0.0001785755157470703
2182,pop17,1,0.0004584789276123047,0.0
2182,pop31,1,0.0005087852478027344,0.0
2182,pop30,1,0.00044274330139160156,0.0
2182,pop48,1,0.00045299530029296875,0.0
2182,pop49,1,0.00041294097900390625,0.0
2183,pop0,2,0.00032079219818115234,0.00011837482452392578
2183,pop1,3,0.00044194857279459637,7.645107354365181e-06
2183,pop53,1,0.00041794776916503906,0.0
2183,pop42,2,0.0006293058395385742,9.620189666748047e-05
2184,pop14,2,0.00035071372985839844,8.344650268554688e-05
2184,pop50,2,0.0004382133483886719,1.1205673217773438e-05
2184,pop53,1,0.00046253204345703125,0.0
2184,pop42,2,0.0005954504013061523,6.711483001708984e-05
2185,pop54,2,0.0003542900085449219,8.654594421386719e-05
2185,pop52,3,0.0004436175028483073,2.835566687367272e-05
2185,pop51,5,0.0004384040832519531,1.5511066402201416e-05
2185,pop9,2,0.0005811452865600586,0.00017511844635009766
2185,pop47,2,0.0004496574401855469,1.5735626220703125e-05
2185,pop53,4,0.00044840574264526367,6.240865329478749e-06
2185,pop7,2,0.0004649162292480469,1.8596649169921875e-05
2185,pop6,1,0.0006349086761474609,0.0
2185,pop50,6,0.00047973791758219403,8.758310280248059e-05
2185,pop17,1,0.0007135868072509766,0.0
2185,pop12,1,0.0007193088531494141,0.0
2185,pop35,1,0.0006825923919677734,0.0
2185,pop1,2,0.0006176233291625977,0.00019109249114990234
2185,pop4,2,0.0004292726516723633,3.2067298889160156e-05
2185,pop5,2,0.0005772113800048828,0.00015735626220703125
2186,pop50,4,0.00047647953033447266,0.0001641173386693008
2186,pop52,1,0.00046253204345703125,0.0
2186,pop54,1,0.00040149688720703125,0.0
2187,pop4,4,0.0004964470863342285,0.000139636510020292
2187,pop51,1,0.0004303455352783203,0.0
2187,pop50,1,0.00040435791015625,0.0
2187,pop14,1,0.0004048347473144531,0.0
2187,pop24,1,0.00039124488830566406,0.0
2188,pop44,2,0.00037229061126708984,5.4001808166503906e-05
2188,pop27,4,0.0005153417587280273,0.00012112326725893079
2188,pop14,1,0.00045752525329589844,0.0
2188,pop50,1,0.0008559226989746094,0.0
2188,pop52,1,0.0004565715789794922,0.0
2188,pop51,1,0.00045228004455566406,0.0
2188,pop9,1,0.0004191398620605469,0.0
2189,pop45,2,0.0004184246063232422,2.1219253540039062e-05
2189,pop46,2,0.0004342794418334961,1.633167266845703e-05
2189,pop51,1,0.0004589557647705078,0.0
2189,pop50,2,0.0004360675811767578,2.09808349609375e-05
2189,pop17,1,0.0004642009735107422,0.0
2189,pop31,1,0.0004322528839111328,0.0
2189,pop30,1,0.00046944618225097656,0.0
2189,pop48,2,0.0005086660385131836,4.947185516357422e-05
2189,pop49,1,0.00043487548828125,0.0
2190,pop19,2,0.00035059452056884766,7.641315460205078e-05
2190,pop51,1,0.00046133995056152344,0.0
2190,pop43,3,0.00048009554545084637,5.558454753813008e-05
2190,pop42,1,0.000446319580078125,0.0
2191,pop8,2,0.0003796815872192383,5.8531761169433594e-05
2191,pop51,1,0.00042748451232910156,0.0
2191,pop47,1,0.0004189014434814453,0.0
2191,pop53,3,0.00044918060302734375,6.183580927507689e-06
2191,pop1,3,0.0004515647888183594,5.699450863214574e-05
2191,pop0,3,0.0005412101745605469,0.00016533017708186641
2191,pop50,2,0.0004380941390991211,3.3020973205566406e-05
2191,pop14,3,0.0004336039225260417,1.8718853216179633e-05
2191,pop24,1,0.0006070137023925781,0.0
2191,pop27,2,0.0006963014602661133,7.68899917602539e-05
2192,pop0,2,0.0003647804260253906,7.486343383789062e-05
2192,pop1,1,0.00044608116149902344,0.0
2192,pop53,1,0.0004563331604003906,0.0
2192,pop47,1,0.0004258155822753906,0.0
2192,pop51,5,0.0004601478576660156,1.1919975242611694e-05
2192,pop9,2,0.0005321502685546875,8.821487426757812e-05
2192,pop43,2,0.0005239248275756836,5.7816505432128906e-05
2192,pop19,1,0.0007777214050292969,0.0
2192,pop50,4,0.0005193352699279785,0.0001417144646591537
2192,pop17,2,0.00044333934783935547,2.2530555725097656e-05
2192,pop25,1,0.0006403923034667969,0.0
2193,pop22,5,0.0004492759704589844,0.00011661711492669441
2193,pop51,1,0.0004451274871826172,0.0
2193,pop43,1,0.00041675567626953125,0.0
2193,pop40,1,0.0004432201385498047,0.0
2194,pop44,2,0.0004336833953857422,3.2901763916015625e-05
2194,pop27,3,0.00043813387552897137,1.9373455520440496e-05
2194,pop14,1,0.0004553794860839844,0.0
2194,pop50,1,0.0004782676696777344,0.0
2194,pop51,1,0.0004267692565917969,0.0
2194,pop29,2,0.0006519556045532227,9.97781753540039e-05
2195,pop8,2,0.00037384033203125,0.00010609626770019531
2195,pop51,6,0.00044286251068115234,1.6040184681565616e-05
2195,pop52,5,0.00044465065002441406,1.724740501009878e-05
2195,pop54,3,0.0006132920583089193,0.00016144914871185412
2195,pop53,1,0.0007867813110351562,0.0
2195,pop47,1,0.00045871734619140625,0.0
2195,pop9,1,0.0006740093231201172,0.0
2195,pop46,1,0.0007486343383789062,0.0
2195,pop43,1,0.0008199214935302734,0.0
2195,pop50,3,0.00042708714803059894,1.3771066668581396e-05
2195,pop14,2,0.0004353523254394531,3.147125244140625e-05
2195,pop27,3,0.0005174477895100912,0.00010922699646173875
2196,pop21,2,0.00033867359161376953,0.00014698505401611328
2196,pop22,1,0.0004322528839111328,0.0
2196,pop51,5,0.0004458904266357422,1.809369262616626e-05
2196,pop9,2,0.0005737543106079102,0.00013458728790283203
2196,pop52,1,0.0004627704620361328,0.0
2196,pop55,1,0.0006990432739257812,0.0
2196,pop50,2,0.0004309415817260742,6.556510925292969e-06
2196,pop16,1,0.0007832050323486328,0.0
2196,pop46,3,0.0004837512969970703,5.598624655058308e-05
2196,pop45,1,0.0008301734924316406,0.0
2196,pop47,2,0.0004266500473022461,5.960464477539062e-07
2196,pop53,2,0.0004464387893676758,1.3709068298339844e-05
2196,pop1,2,0.00046265125274658203,1.2993812561035156e-05
2196,pop15,3,0.0006576379140218099,0.00014699716566219168
2197,pop8,2,0.0003790855407714844,7.987022399902344e-05
2197,pop51,1,0.0004134178161621094,0.0
2197,pop52,3,0.00043384234110514325,2.6498687462818462e-05
2197,pop54,2,0.0005707740783691406,0.00013208389282226562
2197,pop50,3,0.0005404949188232422,0.00014909849812690058
2198,pop12,2,0.0003343820571899414,0.00011813640594482422
2198,pop52,3,0.000429232915242513,1.846816571930483e-05
2198,pop51,2,0.0006073713302612305,0.00021708011627197266
2198,pop55,2,0.00044405460357666016,1.4662742614746094e-05
2198,pop56,2,0.0004426240921020508,1.5854835510253906e-05
2198,pop2,3,0.0005666414896647135,7.18565629312039e-05
2198,pop50,1,0.0007529258728027344,0.0
2199,pop44,2,0.0003502368927001953,0.00012040138244628906
2199,pop45,2,0.000514984130859375,8.96453857421875e-05
2199,pop46,2,0.00043010711669921875,1.1205673217773438e-05
2199,pop51,4,0.00042998790740966797,1.7499420226335727e-05
2199,pop9,1,0.0006716251373291016,0.0
2199,pop22,1,0.0005936622619628906,0.0
2199,pop10,3,0.0006683667500813802,0.00019463742184737927
2200,pop20,3,0.00043018658955891925,2.8253914963053736e-05
2200,pop46,1,0.0004532337188720703,0.0
2200,pop51,1,0.0004532337188720703,0.0
2200,pop29,2,0.0006176233291625977,8.571147918701172e-05
2201,pop29,5,0.00047764778137207033,0.00014121970184886209
2201,pop51,1,0.0004467964172363281,0.0
2201,pop50,1,0.0004067420959472656,0.0
2201,pop17,1,0.0004334449768066406,0.0
2201,pop31,1,0.00040411949157714844,0.0
2202,pop14,2,0.0003833770751953125,9.250640869140625e-05
2202,pop50,3,0.0005065600077311198,0.00012629515209332644
2202,pop52,1,0.0004284381866455078,0.0
2202,pop34,1,0.0003910064697265625,0.0
2203,pop50,4,0.0005187392234802246,0.00017303279708434004
2203,pop14,1,0.0003998279571533203,0.0
2203,pop27,1,0.0004038810729980469,0.0
2203,pop44,1,0.0004444122314453125,0.0
2203,pop39,1,0.0004000663757324219,0.0
2204,pop21,2,0.00037658214569091797,8.761882781982422e-05
2204,pop22,3,0.0005258719126383463,0.00012545626008056461
2204,pop51,1,0.0004436969757080078,0.0
2204,pop52,1,0.00040793418884277344,0.0
2204,pop34,1,0.0004374980926513672,0.0
2205,pop8,2,0.0004221200942993164,4.2557716369628906e-05
2205,pop51,1,0.0004382133483886719,0.0
2205,pop50,2,0.0004736185073852539,2.2530555725097656e-05
2205,pop17,1,0.0004558563232421875,0.0
2205,pop31,2,0.0005270242691040039,0.00013840198516845703
2205,pop30,1,0.0004112720489501953,0.0
2205,pop48,1,0.0004134178161621094,0.0
2205,pop49,1,0.0004336833953857422,0.0
2206,pop57,2,0.0003515481948852539,0.00012481212615966797
2206,pop56,1,0.00042557716369628906,0.0
2206,pop55,2,0.0004570484161376953,4.291534423828125e-06
2206,pop52,3,0.00041945775349934894,1.2349274345811536e-05
2206,pop12,2,0.0005719661712646484,0.0001342296600341797
2206,pop51,2,0.0004565715789794922,4.0531158447265625e-06
2206,pop43,1,0.0007250308990478516,0.0
2206,pop50,2,0.0005799531936645508,0.00011336803436279297
2207,pop45,2,0.0003641843795776367,0.00010144710540771484
2207,pop46,1,0.0004303455352783203,0.0
2207,pop51,1,0.0004646778106689453,0.0
2207,pop52,3,0.0004342397054036458,1.8359090666557414e-05
2207,pop34,2,0.0006079673767089844,0.00017976760864257812
2207,pop53,2,0.0004240274429321289,3.6954879760742188e-06
2207,pop1,4,0.0004956722259521484,0.00012998875235418553
2207,pop15,2,0.0006248950958251953,0.00016236305236816406
2208,pop8,2,0.00042438507080078125,5.8650970458984375e-05
2208,pop51,1,0.0004711151123046875,0.0
2208,pop50,1,0.00042057037353515625,0.0
2208,pop14,1,0.00041747093200683594,0.0
2208,pop27,4,0.0004769563674926758,4.559922838562306e-05
2208,pop44,1,0.0004436969757080078,0.0
2209,pop25,2,0.0003867149353027344,7.534027099609375e-05
2209,pop17,1,0.00046062469482421875,0.0
2209,pop50,3,0.00045951207478841144,8.846867911069071e-06
2209,pop53,3,0.00043137868245442707,1.7520476412450127e-05
2209,pop1,3,0.00044997533162434894,4.13106009749318e-06
2209,pop15,3,0.0005353291829427084,0.0001392046483473893
2209,pop14,2,0.00044083595275878906,4.0531158447265625e-06
2209,pop27,2,0.0007148981094360352,5.137920379638672e-05
2210,pop33,3,0.0004115899403889974,4.2675519691574924e-05
2210,pop50,3,0.0006949106852213541,0.0003793725507367447
2210,pop52,1,0.00043964385986328125,0.0
2210,pop51,1,0.00044035911560058594,0.0
2210,pop46,1,0.00041413307189941406,0.0
2210,pop45,1,0.0004296302795410156,0.0
2211,pop20,2,0.0004521608352661133,2.3245811462402344e-05
2211,pop46,1,0.00042748451232910156,0.0
2211,pop51,1,0.0004515647888183594,0.0
2211,pop50,3,0.00044417381286621094,1.2814120698767724e-05
2211,pop17,1,0.0004477500915527344,0.0
2211,pop31,2,0.0005296468734741211,8.14199447631836e-05
2211,pop30,1,0.00044655799865722656,0.0
2211,pop48,1,0.00042366981506347656,0.0
2211,pop49,1,0.0003981590270996094,0.0
2212,pop29,3,0.00041524569193522137,4.8789993147275624e-05
2212,pop51,1,0.00040531158447265625,0.0
2212,pop47,1,0.00047135353088378906,0.0
2212,pop53,1,0.00046133995056152344,0.0
2212,pop1,1,0.0004932880401611328,0.0
2212,pop15,2,0.0006639957427978516,9.250640869140625e-05
2213,pop14,2,0.0003389120101928711,0.00013768672943115234
2213,pop27,5,0.0004566192626953125,7.628044366577337e-05
2213,pop44,2,0.0005929470062255859,0.00018286705017089844
2214,pop50,6,0.0005013545354207357,0.00015850881790259544
2214,pop51,4,0.0004532933235168457,1.485232456655866e-05
2214,pop29,3,0.000557104746500651,0.0001571125172078975
2214,pop8,1,0.0007421970367431641,0.0
2214,pop52,2,0.0004647970199584961,5.125999450683594e-06
2214,pop54,1,0.0008020401000976562,0.0
2214,pop17,2,0.0004347562789916992,2.396106719970703e-05
2214,pop31,1,0.0007860660552978516,0.0
2215,pop21,2,0.0004248619079589844,4.458427429199219e-05
2215,pop23,1,0.0004279613494873047,0.0
2215,pop16,1,0.0004477500915527344,0.0
2215,pop50,1,0.00045752525329589844,0.0
2215,pop17,1,0.0004565715789794922,0.0
2215,pop31,1,0.00043129920959472656,0.0
2215,pop30,1,0.0004131793975830078,0.0
2215,pop48,5,0.0004711627960205078,6.251104177460858e-05
2215,pop49,2,0.0006134510040283203,0.0001575946807861328
2216,pop57,2,0.0003434419631958008,9.810924530029297e-05
2216,pop56,1,0.00042748451232910156,0.0
2216,pop55,1,0.00043511390686035156,0.0
2216,pop50,3,0.0004242261250813802,1.2501765400354707e-05
2216,pop32,2,0.0006799697875976562,6.866455078125e-05
2217,pop45,2,0.0003999471664428711,4.0650367736816406e-05
2217,pop44,1,0.0004673004150390625,0.0
2217,pop39,3,0.0004382928212483724,1.3464963513662473e-05
2217,pop38,2,0.000597834587097168,8.189678192138672e-05
2218,pop25,2,0.00040090084075927734,4.398822784423828e-05
2218,pop17,1,0.00044345855712890625,0.0
2218,pop50,3,0.0005486806233723959,0.00019079369723717742
2218,pop14,1,0.00039124488830566406,0.0
2218,pop27,1,0.0004429817199707031,0.0
2218,pop44,1,0.0004489421844482422,0.0
2218,pop39,1,0.00040030479431152344,0.0
2219,pop6,4,0.0004405379295349121,0.00014620759365290923
2219,pop7,1,0.0004391670227050781,0.0
2219,pop53,1,0.0004315376281738281,0.0
2219,pop52,1,0.00039887428283691406,0.0
2219,pop34,1,0.0004341602325439453,0.0
2220,pop13,5,0.00046796798706054686,0.00014899207177791383
2220,pop52,1,0.0004203319549560547,0.0
2220,pop53,1,0.0004343986511230469,0.0
2220,pop1,1,0.00044035911560058594,0.0
2220,pop0,1,0.00048732757568359375,0.0
2221,pop44,2,0.0008380413055419922,0.0003883838653564453
2221,pop27,4,0.0004763603210449219,8.120821697503851e-05
2221,pop14,1,0.0004489421844482422,0.0
2221,pop24,1,0.00043964385986328125,0.0
2222,pop33,4,0.00045937299728393555,0.0001471186928148436
2222,pop50,1,0.0004489421844482422,0.0
2222,pop14,1,0.00044345855712890625,0.0
2222,pop24,1,0.0003948211669921875,0.0
2223,pop20,3,0.00034491221110026043,0.0001481648652990215
2223,pop46,1,0.0004298686981201172,0.0
2223,pop45,2,0.0006126165390014648,0.00020778179168701172
2223,pop44,2,0.0004526376724243164,1.609325408935547e-05
2223,pop39,3,0.0006000995635986328,0.00010357268235084394
2224,pop29,2,0.0003871917724609375,9.012222290039062e-05
2224,pop51,1,0.0004665851593017578,0.0
2224,pop50,3,0.00041755040486653644,2.4269038763288024e-05
2224,pop32,2,0.0005869865417480469,1.1444091796875e-05
2225,pop50,2,0.00031447410583496094,0.0001270771026611328
2225,pop32,4,0.0005296468734741211,0.00012478935248894752
2226,pop57,2,0.00039827823638916016,4.589557647705078e-05
2226,pop56,1,0.00044608116149902344,0.0
2226,pop55,1,0.0004229545593261719,0.0
2226,pop50,3,0.0004493395487467448,9.056419683336069e-06
2226,pop51,5,0.00043582916259765625,2.3422365467847826e-05
2226,pop8,3,0.0006534258524576823,0.00016586421829217543
2226,pop19,2,0.00042235851287841797,6.556510925292969e-06
2226,pop18,1,0.0008635520935058594,0.0
2226,pop14,2,0.00043392181396484375,8.106231689453125e-06
2226,pop27,4,0.0005401968955993652,0.0001613411638621333
2226,pop44,2,0.0004658699035644531,8.106231689453125e-06
2226,pop39,2,0.0005524158477783203,0.00012826919555664062
2227,pop54,2,0.00036084651947021484,8.71419906616211e-05
2227,pop52,1,0.0004634857177734375,0.0
2227,pop51,5,0.00043272972106933594,2.2173184219026836e-05
2227,pop9,2,0.0005488395690917969,0.0001010894775390625
2227,pop47,1,0.0006437301635742188,0.0
2227,pop19,1,0.000606536865234375,0.0
2227,pop43,5,0.0004859447479248047,9.246085215143518e-05
2227,pop40,1,0.0007228851318359375,0.0
2228,pop45,2,0.0003465414047241211,9.524822235107422e-05
2228,pop44,2,0.0005946159362792969,0.00015234947204589844
2228,pop27,4,0.0004805922508239746,7.396153493878738e-05
2229,pop33,2,0.00040924549102783203,4.3272972106933594e-05
2229,pop50,1,0.0004620552062988281,0.0
2229,pop17,1,0.00042057037353515625,0.0
2229,pop31,2,0.0004324913024902344,4.291534423828125e-06
2229,pop30,1,0.0004220008850097656,0.0
2229,pop48,2,0.0004483461380004883,6.318092346191406e-06
2229,pop49,2,0.0005681514739990234,2.2649765014648438e-05
2230,pop29,2,0.0004037618637084961,3.612041473388672e-05
2230,pop51,1,0.0009140968322753906,0.0
2230,pop52,1,0.00045990943908691406,0.0
2230,pop55,3,0.00044282277425130207,1.928031886686443e-05
2230,pop56,1,0.00046133995056152344,0.0
2230,pop48,2,0.0005089044570922852,5.6624412536621094e-05
2230,pop49,1,0.00041604042053222656,0.0
2231,pop50,2,0.0003898143768310547,4.935264587402344e-05
2231,pop51,1,0.00045752525329589844,0.0
2231,pop46,5,0.00047192573547363283,4.176195257097414e-05
2231,pop45,2,0.0005692243576049805,0.00014507770538330078
2232,pop4,4,0.0004011988639831543,0.00015842572602125284
2232,pop51,1,0.0004000663757324219,0.0
2233,pop19,2,0.00041115283966064453,2.3484230041503906e-05
2233,pop51,1,0.0004570484161376953,0.0
2233,pop50,2,0.0004405975341796875,1.9073486328125e-05
2233,pop17,1,0.0004112720489501953,0.0
2233,pop31,2,0.0005372762680053711,0.0001226663589477539
2233,pop30,1,0.0004830360412597656,0.0
2233,pop48,1,0.0004050731658935547,0.0
2233,pop49,1,0.000431060791015625,0.0
2234,pop0,5,0.0004949092864990235,0.00015202054706397284
2234,pop1,1,0.0004253387451171875,0.0
2234,pop53,1,0.0004494190216064453,0.0
2234,pop47,1,0.0004527568817138672,0.0
2234,pop51,1,0.00044798851013183594,0.0
2234,pop46,1,0.0004138946533203125,0.0
2234,pop45,1,0.0004246234893798828,0.0
2235,pop6,4,0.00037091970443725586,9.825512477110405e-05
2235,pop7,1,0.0004200935363769531,0.0
2235,pop53,1,0.0004394054412841797,0.0
2235,pop1,1,0.0004413127899169922,0.0
2235,pop15,2,0.0006552934646606445,0.0001271963119506836
2236,pop20,3,0.0003948211669921875,6.420620155589406e-05
2236,pop46,1,0.00043702125549316406,0.0
2236,pop51,1,0.0008528232574462891,0.0
2236,pop52,1,0.000438690185546875,0.0
2236,pop50,3,0.00051116943359375,0.00010473841518145188
2236,pop17,3,0.000436703364054362,3.099095088801036e-05
2236,pop31,2,0.000552058219909668,0.00018274784088134766
2237,pop33,4,0.0005131959915161133,0.00019624792859659868
2237,pop50,1,0.0009272098541259766,0.0
2237,pop52,1,0.0004048347473144531,0.0
2237,pop51,1,0.0004570484161376953,0.0
2237,pop29,1,0.0004355907440185547,0.0
2238,pop29,4,0.00039762258529663086,8.982692871301943e-05
2238,pop51,1,0.0003981590270996094,0.0
2238,pop52,3,0.0004417896270751953,1.5768104327951862e-05
2238,pop12,2,0.0006023645401000977,0.00015938282012939453
2238,pop55,2,0.0005601644515991211,8.857250213623047e-05
2239,pop22,4,0.0004171133041381836,7.320430780041931e-05
2239,pop51,1,0.0004420280456542969,0.0
2239,pop46,3,0.0004931290944417318,7.771649284101253e-05
2239,pop45,2,0.0006356239318847656,0.00018644332885742188
2240,pop14,2,0.0003923177719116211,7.522106170654297e-05
2240,pop27,4,0.0004974007606506348,9.191745500001354e-05
2240,pop44,1,0.00038552284240722656,0.0
2240,pop39,1,0.0004382133483886719,0.0
2241,pop21,2,0.0003867149353027344,5.0067901611328125e-05
2241,pop23,1,0.0004665851593017578,0.0
2241,pop16,1,0.0004608631134033203,0.0
2241,pop50,4,0.0005172491073608398,0.00013786135577279453
2241,pop53,1,0.0004458427429199219,0.0
2241,pop1,1,0.0004036426544189453,0.0
2241,pop15,1,0.00040531158447265625,0.0
2242,pop29,2,0.0003743171691894531,8.630752563476562e-05
2242,pop51,1,0.0004239082336425781,0.0
2242,pop52,4,0.0004420280456542969,1.8343517054985748e-05
2242,pop34,2,0.0005156993865966797,0.00011897087097167969
2242,pop37,1,0.0007767677307128906,0.0
2242,pop50,3,0.0004266103108723958,1.5061731930228203e-05
2242,pop14,2,0.00044286251068115234,2.2530555725097656e-05
2242,pop27,3,0.0006729761759440104,0.00017588573788585214
2243,pop25,2,0.0004011392593383789,6.902217864990234e-05
2243,pop17,1,0.0004153251647949219,0.0
2243,pop50,2,0.0004388093948364258,1.1801719665527344e-05
2243,pop52,1,0.00044083595275878906,0.0
2243,pop13,3,0.0005997816721598307,0.00016308508562079595
2244,pop19,2,0.0004394054412841797,3.266334533691406e-05
2244,pop51,1,0.0004279613494873047,0.0
2244,pop50,2,0.00042700767517089844,8.821487426757812e-06
2244,pop14,1,0.00047016143798828125,0.0
2244,pop27,2,0.0005099773406982422,5.507469177246094e-05
2244,pop44,1,0.0004336833953857422,0.0
2245,pop0,3,0.00034999847412109375,0.00013277196520331957
2245,pop1,3,0.0004817644755045573,8.948891028184324e-05
2245,pop15,1,0.00043129920959472656,0.0
2246,pop20,3,0.00039315223693847656,8.124653136368463e-05
2246,pop46,1,0.0004649162292480469,0.0
2246,pop51,3,0.00042398770650227863,2.634090739678268e-05
2246,pop52,3,0.0004375775655110677,2.278308226064206e-05
2246,pop34,2,0.0006378889083862305,0.00020039081573486328
2246,pop4,3,0.0005506674448649088,0.0001626625595737201
2247,pop12,2,0.00043523311614990234,3.707408905029297e-05
2247,pop52,1,0.000431060791015625,0.0
2247,pop50,1,0.0004558563232421875,0.0
2247,pop14,1,0.0004534721374511719,0.0
2247,pop27,4,0.0005206465721130371,0.00014968637042902456
2247,pop44,1,0.0004353523254394531,0.0
2247,pop39,1,0.00043773651123046875,0.0
2247,pop38,1,0.00040340423583984375,0.0
2248,pop57,2,0.00034987926483154297,0.00011599063873291016
2248,pop56,1,0.00041413307189941406,0.0
2248,pop55,3,0.0005223751068115234,0.00011469296673768949
2248,pop52,1,0.00044083595275878906,0.0
2248,pop34,1,0.0004107952117919922,0.0
2249,pop20,2,0.00036895275115966797,9.119510650634766e-05
2249,pop46,3,0.0005307197570800781,0.00013503264438805782
2249,pop51,1,0.0004382133483886719,0.0
2249,pop52,1,0.0004413127899169922,0.0
2249,pop54,1,0.00041294097900390625,0.0
2250,pop54,2,0.0004146099090576172,5.125999450683594e-05
2250,pop52,1,0.0004165172576904297,0.0
2250,pop51,6,0.0004537502924601237,1.8945611349669214e-05
2250,pop43,6,0.00042768319447835285,1.0846880849113807e-05
2250,pop40,2,0.000553131103515625,0.0001552104949951172
2250,pop50,3,0.00042939186096191406,5.920594702462888e-06
2250,pop35,1,0.0008301734924316406,0.0
2250,pop29,1,0.0007009506225585938,0.0
2250,pop11,1,0.0006706714630126953,0.0
2250,pop22,1,0.0008072853088378906,0.0
2250,pop47,1,0.0004451274871826172,0.0
2250,pop53,2,0.0004366636276245117,9.417533874511719e-06
2250,pop1,2,0.0004458427429199219,4.5299530029296875e-06
2250,pop15,2,0.0007841587066650391,3.8623809814453125e-05
2250,pop42,1,0.00044918060302734375,0.0
2251,pop45,3,0.0004151662190755208,0.0002447972815147001
2251,pop46,2,0.00043022632598876953,4.887580871582031e-06
2251,pop51,3,0.0004505316416422526,2.139783687638495e-05
2251,pop43,4,0.00042045116424560547,1.7991126641990935e-05
2251,pop40,1,0.0006000995635986328,0.0
2251,pop11,1,0.0008130073547363281,0.0
2251,pop50,4,0.0005421042442321777,0.00017562133078895468
2251,pop17,2,0.0004584789276123047,5.9604644775390625e-06
2251,pop31,2,0.00043320655822753906,9.5367431640625e-07
2251,pop30,1,0.0008001327514648438,0.0
2252,pop50,8,0.0004094541072845459,6.044039563827662e-05
2252,pop14,5,0.00043616294860839846,9.906973339109455e-06
2252,pop24,3,0.0006781419118245443,0.00019310377528905404
2252,pop53,4,0.0004469752311706543,1.7505814154721636e-05
2252,pop41,1,0.0008382797241210938,0.0
2252,pop40,1,0.00045871734619140625,0.0
2252,pop43,1,0.00046563148498535156,0.0
2252,pop51,1,0.0004284381866455078,0.0
2252,pop7,1,0.0006430149078369141,0.0
2252,pop1,2,0.0004292726516723633,2.1576881408691406e-05
2252,pop15,2,0.0006480216979980469,4.8160552978515625e-05
2253,pop19,2,0.00042557716369628906,6.461143493652344e-05
2253,pop51,1,0.000431060791015625,0.0
2253,pop8,1,0.001001119613647461,0.0
2254,pop57,2,0.00034439563751220703,0.00011217594146728516
2254,pop56,1,0.00042128562927246094,0.0
2254,pop55,3,0.00043924649556477863,1.8375596314243995e-05
2254,pop52,3,0.00044846534729003906,3.138141621975037e-05
2254,pop13,2,0.0006060600280761719,0.0001461505889892578
2254,pop50,2,0.0005718469619750977,0.00015628337860107422
2255,pop8,2,0.00041091442108154297,3.635883331298828e-05
2255,pop51,1,0.0004658699035644531,0.0
2255,pop47,1,0.00043320655822753906,0.0
2255,pop53,1,0.0004329681396484375,0.0
2255,pop1,3,0.0004904270172119141,6.346533596579875e-05
2255,pop0,1,0.00044465065002441406,0.0
2256,pop33,5,0.0004367351531982422,0.00013771222237735783
2256,pop50,1,0.00043272972106933594,0.0
2256,pop51,1,0.0004146099090576172,0.0
2257,pop20,5,0.00045223236083984374,0.00014214502089531354
2257,pop46,1,0.0004410743713378906,0.0
2257,pop51,1,0.0004050731658935547,0.0
2257,pop52,1,0.00043392181396484375,0.0
2257,pop12,1,0.0004124641418457031,0.0
2258,pop50,3,0.00040992101033528644,3.883239430437393e-05
2258,pop14,1,0.00044465065002441406,0.0
2258,pop27,3,0.0004769166310628255,6.154781763783547e-05
2258,pop44,1,0.00044345855712890625,0.0
2259,pop19,2,0.0003921985626220703,8.988380432128906e-05
2259,pop51,1,0.00043463706970214844,0.0
2259,pop47,1,0.00045228004455566406,0.0
2259,pop53,1,0.0004134178161621094,0.0
2259,pop1,4,0.0004788041114807129,4.7554309906469694e-05
2259,pop15,1,0.000396728515625,0.0
2260,pop29,3,0.00033847490946451825,0.00012959116557744417
2260,pop51,2,0.0007028579711914062,0.0002570152282714844
2260,pop50,2,0.0004315376281738281,2.5033950805664062e-05
2260,pop17,2,0.0004181861877441406,1.049041748046875e-05
2260,pop31,3,0.0004398822784423828,2.272451347211099e-05
2260,pop30,2,0.0004169940948486328,3.337860107421875e-06
2260,pop48,2,0.0005494356155395508,0.00013053417205810547
2261,pop33,5,0.0005061149597167969,0.00015658524941972705
2261,pop50,1,0.00042891502380371094,0.0
2261,pop14,1,0.00044918060302734375,0.0
2261,pop27,1,0.0004165172576904297,0.0
2261,pop44,1,0.00046706199645996094,0.0
2261,pop39,1,0.00042176246643066406,0.0
2262,pop20,4,0.0005130767822265625,0.00015747001177891071
2262,pop46,1,0.00043773651123046875,0.0
2262,pop51,1,0.00038433074951171875,0.0
2262,pop50,1,0.00043272972106933594,0.0
2262,pop14,1,0.00042724609375,0.0
2262,pop24,1,0.0004456043243408203,0.0
2263,pop13,3,0.00040149688720703125,4.1363161345394934e-05
2263,pop52,1,0.00042557716369628906,0.0
2263,pop50,1,0.0004584789276123047,0.0
2263,pop14,1,0.0004792213439941406,0.0
2263,pop27,3,0.0004979769388834635,6.946055238722567e-05
2263,pop44,1,0.0004551410675048828,0.0
2264,pop44,2,0.00038492679595947266,6.42538070678711e-05
2264,pop27,4,0.0005284547805786133,0.00012952016620897225
2264,pop14,1,0.00044536590576171875,0.0
2264,pop50,1,0.0004324913024902344,0.0
2264,pop53,1,0.00043892860412597656,0.0
2264,pop1,1,0.00043511390686035156,0.0
2264,pop0,1,0.0004360675811767578,0.0
2265,pop12,2,0.0003947019577026367,6.35385513305664e-05
2265,pop52,1,0.0004630088806152344,0.0
2265,pop51,1,0.00041937828063964844,0.0
2265,pop43,7,0.0004512582506452288,4.697921522696067e-05
2265,pop40,3,0.0006078879038492838,0.0001469279305263831
2265,pop11,1,0.0006096363067626953,0.0
2266,pop54,2,0.00042748451232910156,4.100799560546875e-05
2266,pop52,1,0.0004532337188720703,0.0
2266,pop50,2,0.0004394054412841797,1.8358230590820312e-05
2266,pop14,1,0.00047135353088378906,0.0
2266,pop27,3,0.0004764397939046224,5.7269887415001146e-05
2266,pop44,1,0.0004432201385498047,0.0
2267,pop45,2,0.00030982494354248047,0.00015294551849365234
2267,pop46,1,0.000453948974609375,0.0
2267,pop51,2,0.0005698204040527344,0.00013780593872070312
2267,pop50,4,0.0004909634590148926,9.320129220100198e-05
2267,pop17,1,0.0006997585296630859,0.0
2268,pop4,5,0.00046596527099609377,0.00014603223411154405
2268,pop51,1,0.00042438507080078125,0.0
2268,pop46,1,0.00045108795166015625,0.0
2268,pop45,1,0.0004296302795410156,0.0
2269,pop6,3,0.00035881996154785156,9.170555070022424e-05
2269,pop7,1,0.0004611015319824219,0.0
2269,pop53,1,0.0004591941833496094,0.0
2269,pop52,3,0.00046054522196451825,8.908762237288968e-06
2269,pop34,2,0.0006102323532104492,0.00018537044525146484
2269,pop50,4,0.0005204677581787109,0.00012052088651611622
2269,pop16,2,0.00043702125549316406,7.152557373046875e-07
2269,pop23,1,0.0008270740509033203,0.0
2270,pop8,2,0.0004099607467651367,4.4226646423339844e-05
2270,pop51,1,0.00044989585876464844,0.0
2270,pop50,1,0.00046539306640625,0.0
2270,pop14,1,0.00046181678771972656,0.0
2270,pop27,4,0.0004634261131286621,5.760889902280621e-05
2270,pop44,1,0.0004382133483886719,0.0
2271,pop13,2,0.00038909912109375,7.367134094238281e-05
2271,pop52,1,0.00045037269592285156,0.0
2271,pop50,1,0.000423431396484375,0.0
2271,pop32,4,0.0005267858505249023,0.00010549820073666012
2272,pop22,4,0.00042510032653808594,4.7833386606802305e-05
2272,pop51,1,0.0003757476806640625,0.0
2272,pop50,2,0.0005850791931152344,0.00014901161193847656
2272,pop17,1,0.0004055500030517578,0.0
2272,pop31,1,0.0004220008850097656,0.0
2273,pop14,2,0.0004010200500488281,7.557868957519531e-05
2273,pop50,2,0.00044333934783935547,1.1086463928222656e-05
2273,pop53,1,0.00047135353088378906,0.0
2273,pop1,2,0.00043404102325439453,2.5153160095214844e-05
2273,pop15,2,0.000580906867980957,4.565715789794922e-05
2274,pop21,2,0.00042378902435302734,4.6133995056152344e-05
2274,pop22,3,0.0005482037862141927,0.0001623888216249831
2274,pop51,1,0.0004177093505859375,0.0
2274,pop19,1,0.0004420280456542969,0.0
2274,pop18,1,0.00043129920959472656,0.0
2274,pop38,1,0.0004031658172607422,0.0
2275,pop33,2,0.0003781318664550781,8.463859558105469e-05
2275,pop50,4,0.0004981160163879395,0.00011648393158932471
2275,pop14,1,0.00044989585876464844,0.0
2275,pop24,1,0.00040602684020996094,0.0
2276,pop45,2,0.0003217458724975586,0.00014007091522216797
2276,pop46,2,0.0004515647888183594,1.71661376953125e-05
2276,pop51,3,0.0004630088806152344,9.44290084594352e-06
2276,pop9,2,0.0005462169647216797,0.00012826919555664062
2276,pop36,3,0.0005167325337727865,9.132237339353386e-05
2277,pop4,5,0.000521993637084961,0.00019123492254478515
2277,pop51,1,0.0004112720489501953,0.0
2277,pop8,1,0.00042629241943359375,0.0
2278,pop8,2,0.0003800392150878906,8.106231689453125e-05
2278,pop51,1,0.0003910064697265625,0.0
2278,pop50,3,0.0005060036977132162,9.61471183298865e-05
2278,pop32,1,0.00040435791015625,0.0
2279,pop25,2,0.0004379749298095703,3.4332275390625e-05
2279,pop17,1,0.00042510032653808594,0.0
2279,pop50,3,0.0005660057067871094,0.00018387251370543655
2279,pop51,1,0.00040984153747558594,0.0
2279,pop29,1,0.00043845176696777344,0.0
2280,pop0,4,0.00040793418884277344,6.073523196501224e-05
2280,pop1,1,0.00046062469482421875,0.0
2280,pop53,3,0.00044075647989908856,2.365863118582619e-05
2280,pop47,3,0.0004283587137858073,3.514893309037501e-05
2280,pop51,3,0.00043845176696777344,1.4356679169964407e-05
2280,pop9,2,0.0005970001220703125,0.00019407272338867188
2280,pop3,2,0.0007416009902954102,5.161762237548828e-05
2281,pop20,5,0.0004919528961181641,0.00014024830603455077
2281,pop46,1,0.00045013427734375,0.0
2281,pop51,1,0.0004191398620605469,0.0
2281,pop47,1,0.0004520416259765625,0.0
2281,pop53,1,0.0004222393035888672,0.0
2281,pop1,1,0.00038361549377441406,0.0
2281,pop15,1,0.0003974437713623047,0.0
2282,pop21,2,0.00040411949157714844,6.937980651855469e-05
2282,pop22,4,0.0005108118057250977,0.00013445301808570067
2282,pop51,1,0.0004267692565917969,0.0
2282,pop43,1,0.0004496574401855469,0.0
2282,pop42,1,0.0004363059997558594,0.0
2283,pop45,3,0.0004215240478515625,0.000245104117264882
2283,pop46,4,0.0004641413688659668,7.492194785672506e-05
2284,pop4,2,0.0004334449768066406,4.124641418457031e-05
2284,pop51,1,0.00042128562927246094,0.0
2284,pop19,1,0.0004107952117919922,0.0
2284,pop18,4,0.00046753883361816406,3.514834909083741e-05
2284,pop38,1,0.0004105567932128906,0.0
2285,pop8,2,0.0004042387008666992,5.829334259033203e-05
2285,pop51,1,0.00042724609375,0.0
2285,pop29,3,0.0006127357482910156,0.00017093365117003547
2286,pop12,2,0.0004494190216064453,3.0040740966796875e-05
2286,pop52,1,0.0004048347473144531,0.0
2286,pop50,2,0.00044167041778564453,8.463859558105469e-06
2286,pop14,1,0.000423431396484375,0.0
2286,pop27,2,0.0005898475646972656,0.00013971328735351562
2286,pop44,1,0.00044226646423339844,0.0
2286,pop39,1,0.0004191398620605469,0.0
2286,pop38,1,0.0004508495330810547,0.0
2287,pop22,2,0.0003056526184082031,0.00016355514526367188
2287,pop51,2,0.0005779266357421875,0.00017380714416503906
2287,pop52,2,0.00046324729919433594,2.384185791015625e-07
2287,pop37,1,0.0007786750793457031,0.0
2287,pop50,3,0.0004467964172363281,2.1593230816830565e-05
2287,pop14,2,0.00044083595275878906,9.059906005859375e-06
2287,pop27,3,0.0005100568135579427,0.0001047308771607731
2288,pop25,2,0.0004526376724243164,4.6133995056152344e-05
2288,pop17,3,0.00044544537862141925,1.868947545984735e-05
2288,pop50,4,0.0004375576972961426,2.561328864502998e-05
2288,pop51,3,0.00043590863545735675,2.8333607053034435e-05
2288,pop29,3,0.0005516211191813151,0.00017032949159254772
2288,pop22,1,0.00044918060302734375,0.0
2288,pop21,1,0.00044798851013183594,0.0
2288,pop23,1,0.0007479190826416016,0.0
2288,pop16,1,0.0004222393035888672,0.0
2288,pop31,1,0.0006883144378662109,0.0
2288,pop53,2,0.00044906139373779297,6.079673767089844e-06
2288,pop1,2,0.0008274316787719727,3.3736228942871094e-05
2288,pop47,1,0.0004477500915527344,0.0
2289,pop0,5,0.0004935264587402344,0.00016552823489418368
2289,pop1,1,0.00040459632873535156,0.0
2289,pop53,1,0.00042629241943359375,0.0
2289,pop42,1,0.00045228004455566406,0.0
2289,pop43,1,0.00041937828063964844,0.0
2289,pop40,1,0.0004334449768066406,0.0
2290,pop57,2,0.0004138946533203125,6.103515625e-05
2290,pop56,1,0.0004153251647949219,0.0
2290,pop55,3,0.0005634625752766927,0.00017111527296883466
2290,pop50,1,0.0004107952117919922,0.0
2290,pop51,1,0.00044465065002441406,0.0
2290,pop46,1,0.0003993511199951172,0.0
2290,pop45,1,0.000396728515625,0.0
2291,pop54,2,0.0003421306610107422,0.00011038780212402344
2291,pop52,1,0.0004134178161621094,0.0
2291,pop53,1,0.00046133995056152344,0.0
2291,pop42,3,0.0005501111348470052,0.00011423382520813913
2292,pop22,2,0.0003641843795776367,9.85860824584961e-05
2292,pop51,5,0.00045566558837890626,1.5924076670291127e-05
2292,pop43,3,0.0004374980926513672,2.0810359451345603e-05
2292,pop40,2,0.0006046295166015625,0.00016880035400390625
2292,pop52,2,0.00043976306915283203,2.0265579223632812e-06
2292,pop55,2,0.00042831897735595703,1.7523765563964844e-05
2292,pop56,2,0.00044155120849609375,7.152557373046875e-06
2292,pop57,1,0.0007684230804443359,0.0
2292,pop50,6,0.0005162954330444336,0.00015577510179916033
2292,pop46,2,0.0005797147750854492,0.00015866756439208984
2292,pop26,1,0.0006470680236816406,0.0
2292,pop53,1,0.0006344318389892578,0.0
2292,pop33,2,0.0006314516067504883,0.00019490718841552734
2292,pop14,2,0.0004373788833618164,5.602836608886719e-06
2292,pop27,2,0.0006105899810791016,0.00019931793212890625
2293,pop50,5,0.00046749114990234374,0.00014336959045089785
2293,pop52,1,0.00041103363037109375,0.0
2293,pop13,1,0.00043010711669921875,0.0
2294,pop19,2,0.00039899349212646484,4.589557647705078e-05
2294,pop51,1,0.0008606910705566406,0.0
2295,pop6,5,0.0004156589508056641,0.0001145375956032399
2295,pop7,1,0.0004012584686279297,0.0
2295,pop53,1,0.0004451274871826172,0.0
2295,pop1,1,0.0004436969757080078,0.0
2295,pop0,1,0.00039887428283691406,0.0
2296,pop22,5,0.000489044189453125,0.00016400324492114914
2296,pop51,1,0.0004355907440185547,0.0
2296,pop29,1,0.0003998279571533203,0.0
2297,pop29,2,0.0003745555877685547,6.556510925292969e-05
2297,pop51,1,0.00045609474182128906,0.0
2297,pop50,5,0.00043315887451171874,1.9539504430352083e-05
2297,pop17,3,0.0005542437235514323,0.00016954554448338915
2297,pop31,2,0.0005065202713012695,6.830692291259766e-05
2297,pop53,2,0.0004328489303588867,4.649162292480469e-06
2297,pop1,2,0.0005903244018554688,0.00013399124145507812
2298,pop14,2,0.0003333091735839844,9.775161743164062e-05
2298,pop50,3,0.0005293687184651693,0.0001044128815367041
2298,pop17,1,0.0004496574401855469,0.0
2298,pop31,1,0.00043272972106933594,0.0
2299,pop33,5,0.0005029678344726562,0.0001739725586879453
2299,pop50,1,0.0004165172576904297,0.0
2299,pop51,1,0.00044155120849609375,0.0
2299,pop8,1,0.00043773651123046875,0.0
2300,pop20,2,0.0004163980484008789,2.753734588623047e-05
2300,pop46,1,0.00046944618225097656,0.0
2300,pop51,1,0.00041675567626953125,0.0
2300,pop47,1,0.00046515464782714844,0.0
2300,pop53,4,0.00044220685958862305,2.6317121300421922e-05
2300,pop1,3,0.00043352444966634113,8.667279618904208e-06
2300,pop15,4,0.0004824995994567871,7.57117662343278e-05
2300,pop7,1,0.0008463859558105469,0.0
2300,pop50,2,0.0006099939346313477,0.0001569986343383789
2301,pop4,2,0.00039756298065185547,5.733966827392578e-05
2301,pop51,3,0.0004497369130452474,2.4677826604727193e-05
2301,pop8,2,0.0005904436111450195,0.00015223026275634766
2301,pop52,2,0.0004515647888183594,1.9550323486328125e-05
2301,pop37,1,0.0007882118225097656,0.0
2301,pop55,1,0.0004475116729736328,0.0
2301,pop56,1,0.0004582405090332031,0.0
2301,pop48,3,0.0006814797719319662,0.00015014217435081162
2301,pop30,1,0.00043845176696777344,0.0
2301,pop31,1,0.0004448890686035156,0.0
2301,pop17,1,0.00039505958557128906,0.0
2301,pop50,1,0.0004010200500488281,0.0
2302,pop8,2,0.00035560131072998047,0.0001112222671508789
2302,pop51,4,0.0004475116729736328,2.5732644370712323e-05
2302,pop52,3,0.000431060791015625,2.5342747323484538e-05
2302,pop12,2,0.0005687475204467773,0.00015056133270263672
2302,pop50,2,0.0004324913024902344,1.3828277587890625e-05
2302,pop26,1,0.0007290840148925781,0.0
2302,pop22,2,0.0006349086761474609,0.0001823902130126953
2302,pop19,2,0.0004229545593261719,8.106231689453125e-06
2302,pop18,3,0.00045792261759440106,3.182647420557111e-05
2302,pop38,2,0.0006898641586303711,0.00011527538299560547
2303,pop19,2,0.0003694295883178711,7.641315460205078e-05
2303,pop51,3,0.0004398028055826823,1.4390075016291423e-05
2303,pop52,3,0.00044266382853190106,1.922816237037625e-05
2303,pop13,2,0.0006029605865478516,0.00018715858459472656
2303,pop46,3,0.00045291582743326825,1.5345877896194098e-05
2303,pop45,1,0.0008234977722167969,0.0
2303,pop50,3,0.0004249413808186849,5.202893353568049e-06
2303,pop17,2,0.0004343986511230469,1.1682510375976562e-05
2303,pop31,1,0.0008420944213867188,0.0
2303,pop14,2,0.0004265308380126953,6.4373016357421875e-06
2303,pop27,3,0.0005370775858561198,0.00014936428720643146
2304,pop22,2,0.0002847909927368164,0.00015723705291748047
2304,pop51,2,0.000624537467956543,0.0001894235610961914
2304,pop50,4,0.00048726797103881836,0.00011236730803937984
2305,pop29,2,0.0009722709655761719,0.0005147457122802734
2305,pop51,3,0.000461578369140625,6.078504936209661e-06
2305,pop52,3,0.000594933827718099,0.0002422292348986787
2305,pop54,2,0.000645756721496582,0.00019347667694091797
2305,pop50,5,0.0004997730255126953,0.00012362948457864502
2305,pop8,1,0.0008418560028076172,0.0
2306,pop14,2,0.0003565549850463867,8.666515350341797e-05
2306,pop50,5,0.0004985332489013672,0.00012263728882604637
2306,pop52,3,0.0004195372263590495,2.6932037734541517e-05
2306,pop34,2,0.0005593299865722656,0.00013399124145507812
2306,pop51,2,0.0004398822784423828,1.9073486328125e-05
2306,pop19,1,0.0007076263427734375,0.0
2307,pop44,3,0.0004336039225260417,0.0002531891810492873
2307,pop27,3,0.0004660288492838542,5.291687099762616e-05
2308,pop12,2,0.0003809928894042969,6.031990051269531e-05
2308,pop52,1,0.00044846534729003906,0.0
2308,pop50,4,0.0004969239234924316,0.00012900244986967628
2308,pop14,3,0.00043392181396484375,1.9159718134750787e-05
2308,pop24,2,0.0005697011947631836,0.0001462697982788086
2309,pop25,2,0.00037598609924316406,5.793571472167969e-05
2309,pop17,1,0.00046539306640625,0.0
2309,pop50,1,0.00039958953857421875,0.0
2309,pop14,1,0.0004177093505859375,0.0
2309,pop27,4,0.0005010366439819336,6.171185254286465e-05
2309,pop44,1,0.00040268898010253906,0.0
2310,pop14,2,0.00041353702545166016,3.445148468017578e-05
2310,pop50,3,0.00044544537862141925,1.027200161976806e-05
2310,pop17,1,0.00044155120849609375,0.0
2310,pop31,2,0.0005366802215576172,8.7738037109375e-05
2310,pop30,1,0.0004222393035888672,0.0
2310,pop48,1,0.000408172607421875,0.0
2310,pop49,1,0.0004334449768066406,0.0
2311,pop20,4,0.00039774179458618164,8.490536767353486e-05
2311,pop46,2,0.0005511045455932617,0.0001081228256225586
2311,pop51,1,0.00044155120849609375,0.0
2311,pop43,1,0.00044345855712890625,0.0
2311,pop40,1,0.0004398822784423828,0.0
2312,pop19,2,0.00036728382110595703,0.00010192394256591797
2312,pop51,1,0.00045108795166015625,0.0
2312,pop52,1,0.0004267692565917969,0.0
2312,pop13,3,0.0006122589111328125,0.00017839265576719704
2313,pop29,5,0.0005174160003662109,0.00017867231482977523
2313,pop51,1,0.0003972053527832031,0.0
2313,pop50,1,0.0004436969757080078,0.0
2313,pop17,1,0.00045108795166015625,0.0
2313,pop31,1,0.00041747093200683594,0.0
2313,pop30,1,0.00044727325439453125,0.0
2313,pop48,1,0.0004372596740722656,0.0
2313,pop49,1,0.0004031658172607422,0.0
2314,pop12,2,0.00041413307189941406,4.744529724121094e-05
2314,pop52,1,0.0004706382751464844,0.0
2314,pop50,3,0.0004257361094156901,6.656771212060269e-06
2314,pop14,1,0.00044417381286621094,0.0
2314,pop27,2,0.0005428791046142578,9.1552734375e-05
2314,pop44,1,0.0004467964172363281,0.0
2314,pop39,1,0.0004417896270751953,0.0
2315,pop13,5,0.0004963397979736329,0.0001366407973648348
2315,pop52,1,0.0004367828369140625,0.0
2315,pop51,1,0.0004353523254394531,0.0
2315,pop43,1,0.0004284381866455078,0.0
2315,pop40,1,0.0004372596740722656,0.0
2316,pop50,4,0.00047409534454345703,0.00014771589561784926
2316,pop53,1,0.0004458427429199219,0.0
2316,pop1,1,0.000415802001953125,0.0
2316,pop15,1,0.00045180320739746094,0.0
2317,pop44,2,0.00037217140197753906,0.00012040138244628906
2317,pop27,3,0.0004924933115641276,9.983455160877388e-05
2317,pop14,1,0.0003936290740966797,0.0
2317,pop50,1,0.0004417896270751953,0.0
2317,pop51,1,0.0004291534423828125,0.0
2318,pop33,3,0.00038234392801920575,7.92002771659356e-05
2318,pop50,2,0.0004445314407348633,1.6808509826660156e-05
2318,pop52,1,0.0004642009735107422,0.0
2318,pop13,2,0.0006469488143920898,0.0001176595687866211
2319,pop50,2,0.0003453493118286133,0.00011670589447021484
2319,pop32,4,0.0005176663398742676,8.722021213160957e-05
2320,pop21,2,0.0003319978713989258,0.00015246868133544922
2320,pop22,2,0.000588536262512207,0.0001672506332397461
2320,pop51,7,0.0004954338073730469,0.00014100772418005315
2320,pop9,3,0.0006001790364583334,0.00011943990864250578
2320,pop43,2,0.00043404102325439453,1.7523765563964844e-05
2320,pop40,1,0.0007474422454833984,0.0
2320,pop52,3,0.00044147173563639325,2.137302846665187e-05
2320,pop13,1,0.0007309913635253906,0.0
2320,pop50,5,0.0004935264587402344,0.0001361953273061393
2320,pop16,1,0.0005805492401123047,0.0
2321,pop45,2,0.0004055500030517578,4.9591064453125e-05
2321,pop46,1,0.0004477500915527344,0.0
2321,pop51,3,0.0004329681396484375,2.450111015408703e-05
2321,pop47,3,0.00043010711669921875,1.3321604771327012e-05
2321,pop53,3,0.00042827924092610675,1.986885069783561e-05
2321,pop1,3,0.0004496574401855469,1.9652788182670254e-05
2321,pop15,3,0.0005476474761962891,0.00015532831670551694
2321,pop36,3,0.0006346702575683594,0.00013137592069323493
2322,pop4,5,0.0005020618438720704,0.00016577862214089232
2322,pop51,1,0.00043702125549316406,0.0
2322,pop50,1,0.00040912628173828125,0.0
2322,pop17,1,0.0004444122314453125,0.0
2322,pop31,1,0.0004534721374511719,0.0
2322,pop30,1,0.00039839744567871094,0.0
2322,pop48,1,0.0004456043243408203,0.0
2322,pop49,1,0.0004425048828125,0.0
2323,pop8,2,0.0005183219909667969,0.0001270771026611328
2324,pop22,3,0.00041254361470540363,3.217698965101638e-05
2324,pop51,1,0.00044989585876464844,0.0
2324,pop50,1,0.0004277229309082031,0.0
2324,pop17,1,0.0004482269287109375,0.0
2324,pop31,1,0.00045371055603027344,0.0
2324,pop30,1,0.00045752525329589844,0.0
2324,pop48,2,0.0004450082778930664,2.1576881408691406e-05
2324,pop49,2,0.0005958080291748047,8.034706115722656e-05
2325,pop13,3,0.00042724609375,3.058703783016185e-05
2325,pop52,1,0.00046372413635253906,0.0
2325,pop51,1,0.0004291534423828125,0.0
2325,pop29,2,0.0006127357482910156,0.00011086463928222656
2326,pop44,2,0.00031447410583496094,0.00016117095947265625
2326,pop39,3,0.00048240025838216144,5.5777493107417696e-05
2326,pop38,1,0.00044536590576171875,0.0
2327,pop33,2,0.0004162788391113281,5.8650970458984375e-05
2327,pop50,3,0.0005756219228108724,0.00018901750503694533
2327,pop52,1,0.00046133995056152344,0.0
2327,pop51,1,0.00042819976806640625,0.0
2327,pop46,2,0.0005252361297607422,6.937980651855469e-05
2327,pop45,1,0.0003933906555175781,0.0
2328,pop0,5,0.0005014419555664062,0.00016478035120657435
2328,pop1,1,0.0004334449768066406,0.0
2328,pop53,1,0.0004394054412841797,0.0
2328,pop50,1,0.00041174888610839844,0.0
2328,pop14,1,0.0004279613494873047,0.0
2328,pop27,1,0.0004489421844482422,0.0
2328,pop44,1,0.00041604042053222656,0.0
2328,pop39,1,0.0004515647888183594,0.0
2328,pop38,1,0.00043272972106933594,0.0
2329,pop14,2,0.0004267692565917969,4.7206878662109375e-05
2329,pop27,4,0.0005022287368774414,0.00014011514249533282
2329,pop44,1,0.0003972053527832031,0.0
2329,pop39,1,0.00043845176696777344,0.0
2329,pop38,1,0.00040030479431152344,0.0
2330,pop33,4,0.00046944618225097656,0.00014925479119602667
2330,pop50,1,0.00041103363037109375,0.0
2330,pop52,1,0.00043582916259765625,0.0
2330,pop13,1,0.0004343986511230469,0.0
2331,pop57,2,0.0003848075866699219,8.463859558105469e-05
2331,pop56,1,0.0004220008850097656,0.0
2331,pop55,2,0.0004445314407348633,8.463859558105469e-06
2331,pop50,1,0.00045871734619140625,0.0
2331,pop51,3,0.00043519337972005207,7.1693153453470304e-06
2331,pop9,2,0.0006004571914672852,0.00016033649444580078
2331,pop22,3,0.0005081494649251302,8.990042111539684e-05
2332,pop54,2,0.00043272972106933594,5.626678466796875e-05
2332,pop52,1,0.00042557716369628906,0.0
2332,pop50,1,0.00046253204345703125,0.0
2332,pop14,1,0.000423431396484375,0.0
2332,pop27,4,0.0004988312721252441,9.902272674305843e-05
2332,pop44,1,0.0004220008850097656,0.0
2332,pop39,1,0.0004208087921142578,0.0
2333,pop20,4,0.0005220174789428711,0.000158264194122044
2333,pop46,1,0.00041031837463378906,0.0
2333,pop51,1,0.00045680999755859375,0.0
2333,pop50,1,0.0004119873046875,0.0
2333,pop17,1,0.0004410743713378906,0.0
2333,pop31,1,0.0004246234893798828,0.0
2333,pop30,1,0.0004088878631591797,0.0
2333,pop48,1,0.0004210472106933594,0.0
2333,pop49,1,0.0004353523254394531,0.0
2334,pop19,2,0.00036144256591796875,0.00010013580322265625
2334,pop51,3,0.00044878323872884113,1.1257688942135768e-05
2334,pop52,3,0.00044838587443033856,1.6716903989393196e-05
2334,pop13,2,0.0005980730056762695,0.0001577138900756836
2334,pop43,2,0.0004271268844604492,4.649162292480469e-06
2334,pop11,1,0.0008378028869628906,0.0
2334,pop50,2,0.0004309415817260742,9.655952453613281e-06
2334,pop55,3,0.00043090184529622394,1.2878036826089676e-05
2334,pop56,2,0.00045609474182128906,8.106231689453125e-06
2334,pop2,2,0.000732421875,2.002716064453125e-05
2335,pop12,2,0.00038313865661621094,9.512901306152344e-05
2335,pop52,1,0.00042438507080078125,0.0
2335,pop53,1,0.00046515464782714844,0.0
2335,pop1,4,0.0004711151123046875,2.5424857114349902e-05
2335,pop0,3,0.0005462964375813802,0.00017375751650835176
2336,pop44,2,0.00033342838287353516,0.00012123584747314453
2336,pop27,3,0.0004903475443522135,0.00010846645022640615
2336,pop14,1,0.0004336833953857422,0.0
2336,pop50,1,0.0004482269287109375,0.0
2336,pop32,1,0.0003974437713623047,0.0
2337,pop14,2,0.0003732442855834961,9.500980377197266e-05
2337,pop50,1,0.00042128562927246094,0.0
2337,pop53,1,0.0004506111145019531,0.0
2337,pop42,4,0.0005374550819396973,0.00011740903198817434
2338,pop6,4,0.0005235671997070312,0.00018220429200714472
2338,pop7,1,0.0004296302795410156,0.0
2338,pop53,1,0.00045490264892578125,0.0
2338,pop50,1,0.0004520416259765625,0.0
2338,pop17,1,0.00040459632873535156,0.0
2338,pop31,1,0.00041484832763671875,0.0
2338,pop30,1,0.00044035911560058594,0.0
2338,pop48,1,0.0004324913024902344,0.0
2338,pop49,1,0.00041794776916503906,0.0
2339,pop57,2,0.0003616809844970703,7.891654968261719e-05
2339,pop56,1,0.0004189014434814453,0.0
2339,pop55,1,0.00046062469482421875,0.0
2339,pop50,4,0.0005090236663818359,0.00011882385887169571
2339,pop14,1,0.0004076957702636719,0.0
2339,pop24,1,0.00044155120849609375,0.0
2340,pop54,2,0.0003666877746582031,6.628036499023438e-05
2340,pop52,1,0.0004086494445800781,0.0
2340,pop50,4,0.0004953742027282715,7.516226060938436e-05
2340,pop17,1,0.0004482269287109375,0.0
2340,pop31,1,0.0004374980926513672,0.0
2341,pop20,2,0.00038433074951171875,5.459785461425781e-05
2341,pop46,1,0.0004291534423828125,0.0
2341,pop51,1,0.0004582405090332031,0.0
2341,pop29,1,0.0009913444519042969,0.0
2342,pop44,2,0.0003756284713745117,6.115436553955078e-05
2342,pop27,4,0.000539243221282959,0.00012816460936306267
2342,pop14,1,0.0004401206970214844,0.0
2342,pop50,1,0.00045013427734375,0.0
2342,pop53,1,0.000446319580078125,0.0
2342,pop1,1,0.0004057884216308594,0.0
2342,pop0,1,0.0004220008850097656,0.0
2343,pop50,3,0.00038997332255045575,5.97203509169885e-05
2343,pop53,1,0.00042819976806640625,0.0
2343,pop1,3,0.0004876454671223958,6.566468778385506e-05
2343,pop15,1,0.00044226646423339844,0.0
2344,pop14,2,0.0003210306167602539,7.522106170654297e-05
2344,pop50,2,0.00043070316314697266,2.2530555725097656e-05
2344,pop17,1,0.00043773651123046875,0.0
2344,pop31,3,0.0005243619283040365,6.244756632085618e-05
2344,pop30,1,0.0007815361022949219,0.0
2345,pop20,4,0.0004819035530090332,0.0001730416666917216
2345,pop46,1,0.0004563331604003906,0.0
2345,pop51,1,0.00040650367736816406,0.0
2345,pop29,1,0.0004100799560546875,0.0
2346,pop45,2,0.00040662288665771484,4.112720489501953e-05
2346,pop46,2,0.00042247772216796875,3.5762786865234375e-06
2346,pop51,1,0.00047278404235839844,0.0
2346,pop47,1,0.0004379749298095703,0.0
2346,pop53,1,0.0004227161407470703,0.0
2346,pop1,1,0.0004382133483886719,0.0
2346,pop15,3,0.0005698998769124349,0.00012780693747577944
2347,pop4,3,0.0003800392150878906,9.740150368978466e-05
2347,pop51,4,0.0004367232322692871,3.362351846779597e-05
2347,pop43,3,0.00042510032653808594,1.3672565846501183e-05
2347,pop40,2,0.0006040334701538086,0.00015342235565185547
2347,pop46,3,0.0004220008850097656,3.4440276908907016e-06
2347,pop45,1,0.0008182525634765625,0.0
2347,pop52,1,0.0004265308380126953,0.0
2347,pop55,2,0.0005973577499389648,0.00017750263214111328
2347,pop50,1,0.000423431396484375,0.0
2348,pop8,2,0.00036072731018066406,7.939338684082031e-05
2348,pop51,1,0.0004668235778808594,0.0
2348,pop43,1,0.00043010711669921875,0.0
2348,pop42,4,0.0005189776420593262,0.00011124588609792465
2349,pop22,2,0.0002912282943725586,0.0001360177993774414
2349,pop51,3,0.0004317760467529297,1.5430428827535476e-05
2349,pop9,2,0.0006445646286010742,0.0002104043960571289
2349,pop50,3,0.00044083595275878906,2.1122145886064587e-05
2349,pop14,2,0.000614166259765625,0.00016188621520996094
2349,pop27,3,0.0005350112915039062,0.0001346557797404499
2349,pop44,1,0.00041365623474121094,0.0
2350,pop50,5,0.0004916667938232421,0.00015444286659662914
2350,pop53,1,0.00043654441833496094,0.0
2350,pop1,1,0.00043582916259765625,0.0
2350,pop15,1,0.0004444122314453125,0.0
2351,pop20,5,0.0005054950714111328,0.00017930899436139453
2351,pop46,1,0.0004291534423828125,0.0
2351,pop45,1,0.00041413307189941406,0.0
2351,pop44,1,0.0004429817199707031,0.0
2351,pop39,1,0.0004010200500488281,0.0
2352,pop25,2,0.00031828880310058594,0.0001308917999267578
2352,pop17,1,0.0004532337188720703,0.0
2352,pop31,4,0.0005531907081604004,0.00013303771401383554
2353,pop33,2,0.00038254261016845703,5.4955482482910156e-05
2353,pop50,4,0.00043767690658569336,1.5060408340933535e-05
2353,pop53,3,0.0004409948984781901,2.1153818216651543e-05
2353,pop1,4,0.0004406571388244629,9.999911595469118e-06
2353,pop0,2,0.0006412267684936523,0.0001970529556274414
2353,pop14,2,0.0004391670227050781,9.059906005859375e-06
2353,pop27,2,0.0005544424057006836,0.00015485286712646484
2354,pop4,3,0.00040380160013834637,7.608662025830159e-05
2354,pop51,1,0.00042557716369628906,0.0
2354,pop52,1,0.00046372413635253906,0.0
2354,pop13,2,0.0006425380706787109,0.00011801719665527344
2355,pop29,5,0.0004661083221435547,0.00016478039260234368
2355,pop51,1,0.00042748451232910156,0.0
2355,pop52,1,0.000396728515625,0.0
2355,pop54,1,0.0004382133483886719,0.0
2356,pop12,2,0.0002980232238769531,0.00014781951904296875
2356,pop52,5,0.00043554306030273436,2.0725363814100525e-05
2356,pop34,3,0.0005899270375569662,0.0001174356655458837
2356,pop51,3,0.0005550384521484375,0.00019431518870315315
2356,pop9,1,0.00067901611328125,0.0
2356,pop47,2,0.0004570484161376953,5.245208740234375e-06
2356,pop53,3,0.0005197525024414062,0.00012479354695218878
2356,pop7,2,0.0004482269287109375,9.5367431640625e-07
2356,pop6,4,0.0005725622177124023,0.00014450413187647106
2357,pop45,2,0.00039446353912353516,4.088878631591797e-05
2357,pop46,3,0.0005627473195393881,0.00017142835595893366
2357,pop51,1,0.0004513263702392578,0.0
2357,pop8,1,0.0004127025604248047,0.0
2358,pop8,2,0.00033295154571533203,8.83340835571289e-05
2358,pop51,1,0.0004572868347167969,0.0
2358,pop52,3,0.00042931238810221356,1.5229372305612424e-05
2358,pop34,2,0.0006411075592041016,0.00020170211791992188
2358,pop53,4,0.0004366636276245117,2.3963439406449937e-05
2358,pop41,1,0.0007832050323486328,0.0
2358,pop1,2,0.00045740604400634766,1.7881393432617188e-06
2358,pop0,1,0.0006158351898193359,0.0
2358,pop47,1,0.0007529258728027344,0.0
2358,pop50,2,0.00043785572052001953,9.179115295410156e-06
2358,pop32,4,0.0006110668182373047,0.00017691566271771288
2359,pop33,2,0.0003421306610107422,9.775161743164062e-05
2359,pop50,1,0.00045490264892578125,0.0
2359,pop53,1,0.0004341602325439453,0.0
2359,pop42,4,0.0005267858505249023,0.00011181926676053157
2360,pop4,5,0.0004741668701171875,0.00015550751254442643
2360,pop51,1,0.00042247772216796875,0.0
2360,pop50,1,0.0004405975341796875,0.0
2360,pop14,1,0.00044155120849609375,0.0
2360,pop24,1,0.0004017353057861328,0.0
2361,pop6,3,0.0003791650136311849,0.00010010823622200925
2361,pop7,1,0.00043201446533203125,0.0
2361,pop53,1,0.0004711151123046875,0.0
2361,pop52,3,0.00046706199645996094,2.1123939927422225e-05
2361,pop12,2,0.0005884170532226562,0.0001666545867919922
2361,pop51,2,0.00046062469482421875,9.5367431640625e-07
2361,pop46,1,0.0007336139678955078,0.0
2361,pop50,2,0.0005759000778198242,0.00014960765838623047
2362,pop57,2,0.0004096031188964844,6.866455078125e-05
2362,pop56,1,0.00046324729919433594,0.0
2362,pop55,1,0.0004584789276123047,0.0
2362,pop50,1,0.00045609474182128906,0.0
2362,pop53,3,0.00043241182963053387,2.016419249997209e-05
2362,pop1,3,0.0004497369130452474,1.9074810829798632e-05
2362,pop0,4,0.0005161762237548828,0.0001547708488699035
2362,pop47,2,0.0004469156265258789,1.0371208190917969e-05
2362,pop51,3,0.00045116742451985675,8.5617023183901e-06
2362,pop19,1,0.0006778240203857422,0.0
2362,pop46,3,0.0005571842193603516,0.00014071234816775914
2362,pop20,1,0.0008242130279541016,0.0
2363,pop54,2,0.0004229545593261719,5.364418029785156e-05
2363,pop52,1,0.00044727325439453125,0.0
2363,pop55,2,0.0004432201385498047,2.2172927856445312e-05
2363,pop56,1,0.0004162788391113281,0.0
2363,pop48,3,0.0004429022471110026,3.8498182290011986e-05
2363,pop49,3,0.0005664030710856119,0.00016865283071680967
2363,pop30,2,0.00040924549102783203,1.0728836059570312e-06
2363,pop31,2,0.0005421638488769531,9.393692016601562e-05
2364,pop44,2,0.00038170814514160156,6.985664367675781e-05
2364,pop27,4,0.0005146265029907227,0.00012133005302444077
2364,pop14,1,0.00044608116149902344,0.0
2364,pop50,1,0.00043272972106933594,0.0
2364,pop51,1,0.0004172325134277344,0.0
2364,pop9,1,0.0004215240478515625,0.0
2365,pop8,2,0.00043761730194091797,3.1113624572753906e-05
2365,pop51,1,0.00042748451232910156,0.0
2365,pop50,2,0.0004391670227050781,1.2874603271484375e-05
2365,pop14,1,0.00041675567626953125,0.0
2365,pop27,3,0.0004981358846028646,0.00010242759868779178
2365,pop44,1,0.00041556358337402344,0.0
2365,pop39,1,0.00042247772216796875,0.0
2366,pop6,2,0.00038552284240722656,7.176399230957031e-05
2366,pop7,1,0.00041413307189941406,0.0
2366,pop53,1,0.0004239082336425781,0.0
2366,pop50,4,0.0004540085792541504,6.3782540193962595e-06
2366,pop14,3,0.00045673052469889325,4.867996480024196e-06
2366,pop24,2,0.000597834587097168,0.00019180774688720703
2366,pop51,2,0.00043392181396484375,9.775161743164062e-06
2366,pop36,3,0.0006377696990966797,0.00016284157671596586
2367,pop21,2,0.0003947019577026367,7.87973403930664e-05
2367,pop22,4,0.0004953742027282715,8.721874574251856e-05
2367,pop51,1,0.00043845176696777344,0.0
2367,pop46,1,0.00041222572326660156,0.0
2367,pop45,1,0.0004410743713378906,0.0
2368,pop13,2,0.00043785572052001953,3.1113624572753906e-05
2368,pop52,1,0.00043892860412597656,0.0
2368,pop50,1,0.00045871734619140625,0.0
2368,pop14,1,0.0004601478576660156,0.0
2368,pop27,3,0.0005465348561604818,0.00014894341921759452
2368,pop44,1,0.00045108795166015625,0.0
2368,pop39,1,0.0004379749298095703,0.0
2368,pop38,1,0.0004467964172363281,0.0
2369,pop22,2,0.0003496408462524414,0.0001074075698852539
2369,pop51,3,0.00042692820231119793,1.799424201521199e-05
2369,pop43,5,0.00043354034423828127,1.2441338484855021e-05
2369,pop40,2,0.0005799531936645508,0.00016891956329345703
2369,pop50,2,0.0006089210510253906,0.00019550323486328125
2370,pop50,5,0.0005116462707519531,0.0001569897544886955
2370,pop51,3,0.0005808671315511068,0.00021408008865302102
2370,pop29,2,0.0006582736968994141,0.0002300739288330078
2370,pop52,1,0.0004668235778808594,0.0
2371,pop8,2,0.00043332576751708984,3.731250762939453e-05
2371,pop51,1,0.00042819976806640625,0.0
2371,pop19,1,0.000453948974609375,0.0
2371,pop18,4,0.00048166513442993164,5.3413577604148754e-05
2371,pop38,1,0.000438690185546875,0.0
2372,pop0,5,0.00046977996826171877,0.00022667519487290966
2373,pop22,4,0.0005205273628234863,0.00017566866120085343
2373,pop51,1,0.0004191398620605469,0.0
2373,pop47,1,0.00043272972106933594,0.0
2373,pop53,1,0.00044226646423339844,0.0
2373,pop1,1,0.0003952980041503906,0.0
2373,pop15,1,0.0004477500915527344,0.0
2374,pop8,2,0.00036513805389404297,0.00010216236114501953
2374,pop51,3,0.0006022453308105469,0.00021396452498347846
2374,pop52,4,0.00043904781341552734,2.3174788720754918e-05
2374,pop34,2,0.0005794763565063477,0.00014674663543701172
2374,pop9,1,0.0007853507995605469,0.0
2374,pop55,4,0.0004795193672180176,8.489482252813786e-05
2374,pop56,2,0.0004582405090332031,1.1205673217773438e-05
2374,pop48,1,0.0006704330444335938,0.0
2375,pop19,2,0.0003598928451538086,0.00011074542999267578
2375,pop51,3,0.00043241182963053387,1.2741955742244817e-05
2375,pop52,3,0.000433047612508138,2.0879745183327345e-05
2375,pop54,2,0.0006173849105834961,0.00020563602447509766
2375,pop36,3,0.0005312760670979818,0.00011618682034120056
2376,pop12,2,0.0002982616424560547,0.0001385211944580078
2376,pop52,3,0.00045220057169596356,4.314490719786085e-05
2376,pop54,2,0.0005931854248046875,0.00015997886657714844
2376,pop53,3,0.0005447864532470703,0.0001753309978741282
2376,pop1,2,0.0004373788833618164,2.3245811462402344e-05
2376,pop0,1,0.0007507801055908203,0.0
2376,pop47,2,0.00046181678771972656,3.5762786865234375e-06
2376,pop51,3,0.00044926007588704425,1.9628026627678106e-05
2376,pop22,2,0.0005478858947753906,7.224082946777344e-05
2376,pop46,2,0.0005568265914916992,0.00012767314910888672
2376,pop50,1,0.0004489421844482422,0.0
2376,pop55,3,0.0005252361297607422,0.00010758412179127553
2376,pop56,2,0.0004576444625854492,1.8477439880371094e-05
2376,pop57,1,0.0008399486541748047,0.0
2377,pop57,2,0.00040209293365478516,4.8279762268066406e-05
2377,pop56,1,0.00044918060302734375,0.0
2377,pop55,2,0.00044345855712890625,7.152557373046875e-06
2377,pop50,2,0.00044918060302734375,9.298324584960938e-06
2377,pop51,1,0.00045561790466308594,0.0
2377,pop43,3,0.0004870096842447917,7.370729642358158e-05
2377,pop40,2,0.0005552768707275391,0.00011944770812988281
2378,pop54,3,0.0004123846689860026,0.0002400553732415305
2378,pop52,2,0.00045430660247802734,2.2649765014648438e-06
2378,pop51,3,0.00042621294657389325,2.467475518587136e-05
2378,pop9,1,0.0005860328674316406,0.0
2378,pop10,4,0.0005720853805541992,0.00015636937476401147
2379,pop0,3,0.00038512547810872394,6.635217565284191e-05
2379,pop1,1,0.000461578369140625,0.0
2379,pop53,1,0.00043201446533203125,0.0
2379,pop47,1,0.00043463706970214844,0.0
2379,pop51,3,0.0004496574401855469,1.1153981176244732e-05
2379,pop9,2,0.0005875825881958008,0.00015223026275634766
2379,pop43,3,0.0004814465840657552,8.690508921234606e-05
2380,pop22,4,0.0004730224609375,0.00017241257310011637
2380,pop51,1,0.000408172607421875,0.0
2380,pop52,1,0.0004470348358154297,0.0
2380,pop12,1,0.0004353523254394531,0.0
2381,pop8,2,0.0004048347473144531,4.267692565917969e-05
2381,pop51,1,0.00044727325439453125,0.0
2381,pop50,2,0.0004590749740600586,1.704692840576172e-05
2381,pop14,1,0.00045418739318847656,0.0
2381,pop27,2,0.0005539655685424805,0.00010120868682861328
2381,pop44,1,0.0004506111145019531,0.0
2381,pop39,1,0.00040984153747558594,0.0
2382,pop19,2,0.0003453493118286133,9.66787338256836e-05
2382,pop51,4,0.0005548000335693359,0.0002029115101334701
2382,pop50,4,0.0005079507827758789,0.00011519892562405552
2382,pop52,4,0.0005316734313964844,0.00013992560742811212
2382,pop13,3,0.000556786855061849,0.00016305719918152835
2382,pop8,1,0.0006911754608154297,0.0
2382,pop22,2,0.0004514455795288086,1.2516975402832031e-05
2382,pop21,1,0.0006432533264160156,0.0
2383,pop12,2,0.00034165382385253906,0.00011110305786132812
2383,pop52,1,0.00046706199645996094,0.0
2383,pop53,1,0.0004634857177734375,0.0
2383,pop42,4,0.0005578398704528809,0.00016105659216047758
2384,pop14,2,0.0003898143768310547,9.179115295410156e-05
2384,pop50,3,0.0005470911661783854,0.00010089460619640293
2384,pop52,1,0.00044083595275878906,0.0
2384,pop13,1,0.000392913818359375,0.0
2385,pop0,3,0.0004115899403889974,4.019095816016524e-05
2385,pop1,1,0.00046324729919433594,0.0
2385,pop53,1,0.00043654441833496094,0.0
2385,pop50,1,0.0004355907440185547,0.0
2385,pop14,1,0.000457763671875,0.0
2385,pop27,3,0.0004913012186686198,4.89745009458633e-05
2385,pop44,1,0.0004782676696777344,0.0
2386,pop20,4,0.00048172473907470703,0.0001498327992883399
2386,pop46,1,0.0004425048828125,0.0
2386,pop51,1,0.00044846534729003906,0.0
2386,pop50,1,0.0004475116729736328,0.0
2386,pop17,1,0.0004215240478515625,0.0
2386,pop31,1,0.00039196014404296875,0.0
2387,pop13,5,0.0004634380340576172,0.00015265242880684003
2387,pop52,1,0.0004291534423828125,0.0
2387,pop51,1,0.0004363059997558594,0.0
2387,pop9,1,0.0004241466522216797,0.0
2388,pop50,8,0.00044527649879455566,0.00011763250730968371
2388,pop14,4,0.0004961490631103516,9.783633561770266e-05
2388,pop24,2,0.0006182193756103516,0.00018835067749023438
2388,pop51,3,0.0004356702168782552,2.002936810231084e-05
2388,pop46,1,0.0006263256072998047,0.0
2388,pop9,1,0.0007524490356445312,0.0
2388,pop17,1,0.0008466243743896484,0.0
2389,pop54,2,0.001024484634399414,0.0005583763122558594
2389,pop52,1,0.00043964385986328125,0.0
2389,pop51,1,0.00044918060302734375,0.0
2389,pop43,4,0.0004767775535583496,3.8788429570542076e-05
2389,pop40,1,0.00043463706970214844,0.0
2390,pop8,2,0.0003566741943359375,0.0001010894775390625
2390,pop51,1,0.0004413127899169922,0.0
2390,pop52,3,0.00042970975240071613,2.1713404797553045e-05
2390,pop12,2,0.0005769729614257812,0.0001361370086669922
2390,pop55,4,0.0004755258560180664,7.219409453828064e-05
2390,pop56,1,0.0008864402770996094,0.0
2391,pop25,2,0.0003871917724609375,8.296966552734375e-05
2391,pop17,1,0.0004608631134033203,0.0
2391,pop50,3,0.0005122025807698568,0.00010553127994251522
2391,pop53,1,0.0004048347473144531,0.0
2391,pop42,1,0.0004341602325439453,0.0
2392,pop0,5,0.0004779815673828125,0.00012574751888302232
2392,pop1,4,0.0004343390464782715,2.1910767949343777e-05
2392,pop53,3,0.00043662389119466144,1.683887184904524e-05
2392,pop52,3,0.0004361470540364583,1.8159852766162288e-05
2392,pop12,2,0.0006045103073120117,0.00018703937530517578
2392,pop50,2,0.00044023990631103516,1.3709068298339844e-05
2392,pop14,2,0.00045549869537353516,9.179115295410156e-06
2392,pop24,1,0.0007488727569580078,0.0
2393,pop50,4,0.0005267858505249023,0.00014571886292840495
2393,pop51,3,0.000440677007039388,1.1098350000605585e-05
2393,pop29,3,0.0005320707956949869,0.0001271408786621922
2394,pop54,2,0.00043201446533203125,4.863739013671875e-05
2394,pop52,1,0.00045108795166015625,0.0
2394,pop55,2,0.00044536590576171875,1.9550323486328125e-05
2394,pop56,1,0.00045609474182128906,0.0
2394,pop48,1,0.00041961669921875,0.0
2394,pop49,2,0.000651240348815918,0.00011241436004638672
2395,pop29,2,0.0003974437713623047,3.0994415283203125e-05
2395,pop51,1,0.0004582405090332031,0.0
2395,pop50,2,0.0004316568374633789,1.5139579772949219e-05
2395,pop14,1,0.0004203319549560547,0.0
2395,pop27,2,0.0005480051040649414,9.524822235107422e-05
2395,pop44,1,0.0004253387451171875,0.0
2395,pop39,1,0.0004329681396484375,0.0
2396,pop45,2,0.00041306018829345703,5.5909156799316406e-05
2396,pop46,1,0.0004405975341796875,0.0
2396,pop51,1,0.0004150867462158203,0.0
2396,pop50,5,0.0004916667938232421,0.00010515079985271353
2396,pop17,3,0.0004470348358154297,1.7127461485414096e-05
2396,pop31,2,0.0005366802215576172,0.00013208389282226562
2396,pop55,1,0.0006961822509765625,0.0
2397,pop33,4,0.00047767162322998047,0.0001516869235203747
2397,pop50,1,0.0004451274871826172,0.0
2397,pop51,1,0.0004456043243408203,0.0
2397,pop9,1,0.0003998279571533203,0.0
2398,pop4,2,0.00040411949157714844,6.651878356933594e-05
2398,pop51,1,0.0004603862762451172,0.0
2398,pop47,1,0.0004241466522216797,0.0
2398,pop53,3,0.00042970975240071613,1.9383233345554736e-05
2398,pop1,4,0.00044715404510498047,1.4257849652067616e-05
2398,pop0,2,0.0006252527236938477,0.00019872188568115234
2398,pop50,2,0.00044035911560058594,1.2874603271484375e-05
2398,pop17,2,0.0004456043243408203,1.430511474609375e-05
2398,pop31,2,0.0006140470504760742,0.00016701221466064453
2399,pop8,2,0.00042128562927246094,5.841255187988281e-05
2399,pop51,1,0.00045561790466308594,0.0
2399,pop50,2,0.00045371055603027344,3.981590270996094e-05
2399,pop14,1,0.00042700767517089844,0.0
2399,pop27,3,0.0005096594492594401,8.266407618301592e-05
2399,pop44,1,0.00044155120849609375,0.0
2399,pop39,1,0.0004057884216308594,0.0
2400,pop44,2,0.00039649009704589844,8.225440979003906e-05
2400,pop27,4,0.0005147457122802734,0.0001397087101300476
2400,pop14,1,0.0004410743713378906,0.0
2400,pop50,1,0.0004086494445800781,0.0
2400,pop53,1,0.000446319580078125,0.0
2400,pop42,1,0.0004360675811767578,0.0
2401,pop57,2,0.0004273653030395508,5.424022674560547e-05
2401,pop56,1,0.0004508495330810547,0.0
2401,pop55,1,0.0004222393035888672,0.0
2401,pop50,2,0.00044786930084228516,3.4570693969726562e-06
2401,pop14,1,0.0004181861877441406,0.0
2401,pop27,2,0.0005949735641479492,0.00013911724090576172
2401,pop44,1,0.0004544258117675781,0.0
2401,pop39,1,0.00041556358337402344,0.0
2401,pop38,1,0.0004458427429199219,0.0
2402,pop12,2,0.00041222572326660156,6.532669067382812e-05
2402,pop52,1,0.00046253204345703125,0.0
2402,pop51,1,0.00042366981506347656,0.0
2402,pop46,4,0.0004756450653076172,4.4060695212896333e-05
2402,pop45,2,0.000569462776184082,0.00014531612396240234
2403,pop0,5,0.0004940032958984375,0.00014783520769111005
2403,pop1,1,0.0004086494445800781,0.0
2403,pop53,1,0.0004475116729736328,0.0
2403,pop50,1,0.0004467964172363281,0.0
2403,pop14,1,0.0004162788391113281,0.0
2403,pop27,1,0.0004470348358154297,0.0
2403,pop44,1,0.000423431396484375,0.0
2404,pop50,7,0.0004918575286865234,0.0001475792571515478
2404,pop51,3,0.00043010711669921875,2.3268317877382313e-05
2404,pop8,2,0.000553131103515625,0.000125885009765625
2404,pop52,1,0.00067901611328125,0.0
2404,pop53,2,0.00043904781341552734,2.2292137145996094e-05
2404,pop1,1,0.0006368160247802734,0.0
2404,pop33,1,0.0009286403656005859,0.0
2405,pop54,2,0.0004156827926635742,5.424022674560547e-05
2405,pop52,1,0.0004687309265136719,0.0
2405,pop55,3,0.0005285739898681641,0.00013351454621262049
2405,pop56,1,0.00044465065002441406,0.0
2405,pop48,1,0.00042939186096191406,0.0
2405,pop49,1,0.00043773651123046875,0.0
2406,pop6,5,0.00046224594116210936,0.00015467471423954174
2406,pop7,1,0.00041484832763671875,0.0
2406,pop53,1,0.000457763671875,0.0
2406,pop50,1,0.0004591941833496094,0.0
2406,pop17,1,0.0004115104675292969,0.0
2406,pop31,1,0.00043773651123046875,0.0
2407,pop14,2,0.00042176246643066406,5.459785461425781e-05
2407,pop50,2,0.00042724609375,1.4066696166992188e-05
2407,pop51,1,0.0004382133483886719,0.0
2407,pop43,3,0.0004661083221435547,6.541741236956445e-05
2407,pop40,1,0.0004267692565917969,0.0
2408,pop45,2,0.00043976306915283203,2.3484230041503906e-05
2408,pop46,3,0.0005527337392171224,0.00018735486905858438
2408,pop51,1,0.00041794776916503906,0.0
2408,pop50,1,0.0004439353942871094,0.0
2408,pop17,1,0.00042366981506347656,0.0
2408,pop31,1,0.00040721893310546875,0.0
2408,pop30,1,0.00043582916259765625,0.0
2408,pop48,1,0.00044918060302734375,0.0
2408,pop49,1,0.0003924369812011719,0.0
2409,pop44,2,0.00033867359161376953,0.0001207590103149414
2409,pop45,2,0.0005754232406616211,0.00017893314361572266
2409,pop46,3,0.00042756398518880207,4.000572506158581e-06
2409,pop51,2,0.0004363059997558594,2.288818359375e-05
2409,pop47,1,0.00045990943908691406,0.0
2409,pop53,2,0.0004342794418334961,2.2292137145996094e-05
2409,pop7,1,0.0007193088531494141,0.0
2409,pop42,2,0.0006134510040283203,0.0001957416534423828
2409,pop43,1,0.00046372413635253906,0.0
2410,pop57,2,0.00036263465881347656,0.00011467933654785156
2410,pop56,1,0.00046181678771972656,0.0
2410,pop55,3,0.0005042552947998047,0.0001096545771376612
2410,pop50,1,0.0004417896270751953,0.0
2410,pop32,1,0.0004200935363769531,0.0
2411,pop0,5,0.00044422149658203126,0.00014162588591429696
2411,pop1,1,0.0004420280456542969,0.0
2411,pop53,1,0.00042557716369628906,0.0
2411,pop52,1,0.0004239082336425781,0.0
2411,pop34,1,0.00043892860412597656,0.0
2412,pop21,2,0.00040900707244873047,8.571147918701172e-05
2412,pop22,3,0.0005248387654622396,0.00011802471556510961
2412,pop51,1,0.00045371055603027344,0.0
2412,pop52,1,0.0004317760467529297,0.0
2412,pop54,1,0.00040149688720703125,0.0
2413,pop14,2,0.00038504600524902344,8.368492126464844e-05
2413,pop50,4,0.0005075335502624512,0.0001119866272336948
2413,pop17,1,0.0004436969757080078,0.0
2413,pop31,1,0.00039076805114746094,0.0
2414,pop0,2,0.0003916025161743164,8.33272933959961e-05
2414,pop1,2,0.0004379749298095703,2.002716064453125e-05
2414,pop53,1,0.0004603862762451172,0.0
2414,pop50,2,0.0005272626876831055,0.00012218952178955078
2414,pop32,1,0.0004181861877441406,0.0
2415,pop21,2,0.0003857612609863281,9.036064147949219e-05
2415,pop22,4,0.0005034804344177246,0.00012334012921261125
2415,pop51,1,0.00043582916259765625,0.0
2415,pop52,1,0.0004200935363769531,0.0
2415,pop54,1,0.0004055500030517578,0.0
2416,pop29,2,0.0004349946975708008,3.3020973205566406e-05
2416,pop51,1,0.0008862018585205078,0.0
2416,pop52,1,0.0004634857177734375,0.0
2416,pop50,2,0.00042557716369628906,8.58306884765625e-06
2416,pop14,1,0.0004391670227050781,0.0
2416,pop27,3,0.0005109310150146484,0.00011533760076876191
2416,pop44,1,0.00042939186096191406,0.0
2416,pop39,1,0.0004382133483886719,0.0
2417,pop4,3,0.0003532568613688151,0.00012840418899129067
2417,pop51,3,0.0004226366678873698,2.3074791191552734e-05
2417,pop9,2,0.0005615949630737305,0.0001729726791381836
2417,pop52,2,0.0004328489303588867,2.276897430419922e-05
2417,pop34,1,0.0007150173187255859,0.0
2417,pop50,2,0.0004246234893798828,2.3603439331054688e-05
2417,pop17,2,0.0005347728729248047,0.00012731552124023438
2417,pop31,2,0.0007468461990356445,1.990795135498047e-05
2418,pop8,2,0.00043642520904541016,3.421306610107422e-05
2418,pop51,1,0.0004429817199707031,0.0
2418,pop50,3,0.00044274330139160156,6.072267371779462e-06
2418,pop14,1,0.0004169940948486328,0.0
2418,pop27,2,0.0005266666412353516,8.559226989746094e-05
2418,pop44,1,0.0004372596740722656,0.0
2418,pop39,1,0.0004353523254394531,0.0
2419,pop22,2,0.0004080533981323242,6.186962127685547e-05
2419,pop51,1,0.0004184246063232422,0.0
2419,pop50,1,0.0004591941833496094,0.0
2419,pop17,1,0.0004534721374511719,0.0
2419,pop31,2,0.0005886554718017578,0.00015473365783691406
2419,pop30,2,0.00044786930084228516,2.777576446533203e-05
2419,pop48,3,0.0004375775655110677,1.2275405796330038e-05
2419,pop56,2,0.00042939186096191406,2.2649765014648438e-05
2419,pop2,3,0.0005889733632405599,9.772143893133768e-05
2420,pop19,2,0.0004285573959350586,4.6133995056152344e-05
2420,pop18,2,0.00043964385986328125,3.814697265625e-06
2420,pop38,2,0.0006840229034423828,0.00012350082397460938
2421,pop0,2,0.0003641843795776367,8.83340835571289e-05
2421,pop1,1,0.0004200935363769531,0.0
2421,pop53,1,0.000446319580078125,0.0
2421,pop50,4,0.0004468560218811035,1.070944703020266e-05
2421,pop17,3,0.00042756398518880207,3.095302099898312e-05
2421,pop31,4,0.0004737377166748047,9.723839710524529e-05
2421,pop35,1,0.0007450580596923828,0.0
2421,pop55,2,0.0005633831024169922,0.0001220703125
2422,pop4,5,0.00047793388366699217,0.00013331957634794695
2422,pop51,1,0.0004444122314453125,0.0
2422,pop50,1,0.0004248619079589844,0.0
2422,pop17,1,0.0004489421844482422,0.0
2422,pop31,1,0.0004341602325439453,0.0
2423,pop6,5,0.0004897594451904296,0.0001482799036399398
2423,pop7,1,0.000408172607421875,0.0
2423,pop53,1,0.0003921985626220703,0.0
2423,pop47,1,0.0004360675811767578,0.0
2423,pop51,1,0.0004115104675292969,0.0
2423,pop9,1,0.0004105567932128906,0.0
2424,pop57,2,0.0003236532211303711,0.00013053417205810547
2424,pop48,1,0.00046825408935546875,0.0
2424,pop30,1,0.0004391670227050781,0.0
2424,pop31,3,0.0005588531494140625,0.00016643905209051286
2424,pop17,2,0.0004233121871948242,2.2649765014648438e-06
2424,pop50,2,0.00044536590576171875,2.384185791015625e-06
2424,pop51,2,0.00044977664947509766,2.0265579223632812e-06
2424,pop19,2,0.0004178285598754883,1.4662742614746094e-05
2424,pop18,3,0.0006893475850423177,0.0001745572834091453
2425,pop29,4,0.00038808584213256836,0.00015714030682282106
2425,pop51,1,0.0004336833953857422,0.0
2426,pop22,3,0.0003445943196614583,0.00014627614020938488
2426,pop51,2,0.0005700588226318359,0.0001671314239501953
2426,pop50,3,0.00043209393819173175,1.7769605393377748e-05
2426,pop33,2,0.0007244348526000977,6.23464584350586e-05
2427,pop19,2,0.00040161609649658203,4.184246063232422e-05
2427,pop18,2,0.0004335641860961914,1.4185905456542969e-05
2427,pop38,2,0.0005761384963989258,3.5881996154785156e-05
2428,pop0,2,0.000377655029296875,5.8650970458984375e-05
2428,pop1,1,0.0004105567932128906,0.0
2428,pop53,1,0.0004451274871826172,0.0
2428,pop50,1,0.0004544258117675781,0.0
2428,pop14,1,0.0004107952117919922,0.0
2428,pop27,3,0.0004851023356119792,6.432659139140741e-05
2428,pop44,1,0.0004634857177734375,0.0
2429,pop20,5,0.0004782676696777344,0.00012941899847092694
2429,pop46,1,0.00044083595275878906,0.0
2429,pop51,1,0.00042128562927246094,0.0
2429,pop52,1,0.0004360675811767578,0.0
2429,pop12,1,0.00043654441833496094,0.0
2430,pop13,5,0.0004956245422363282,0.00015349375531326825
2430,pop52,1,0.00045418739318847656,0.0
2430,pop50,1,0.0004134178161621094,0.0
2430,pop14,1,0.00044536590576171875,0.0
2430,pop24,1,0.0003998279571533203,0.0
2431,pop29,2,0.0004423856735229492,2.2649765014648438e-06
2431,pop51,1,0.0004601478576660156,0.0
2431,pop19,1,0.0004200935363769531,0.0
2431,pop18,4,0.0004646778106689453,7.002954762460472e-05
2431,pop38,1,0.00040435791015625,0.0
2432,pop25,2,0.00040972232818603516,3.6835670471191406e-05
2432,pop17,1,0.00045990943908691406,0.0
2432,pop50,2,0.0004475116729736328,3.0994415283203125e-06
2432,pop51,1,0.0004475116729736328,0.0
2432,pop29,3,0.0005731582641601562,0.00013365496888185677
2433,pop57,2,0.0003465414047241211,9.715557098388672e-05
2433,pop56,1,0.0004897117614746094,0.0
2433,pop55,3,0.0004962285359700521,9.465794768566612e-05
2433,pop52,1,0.0004191398620605469,0.0
2433,pop12,1,0.0004374980926513672,0.0
2434,pop0,2,0.00033795833587646484,0.0001024007797241211
2434,pop1,1,0.00045943260192871094,0.0
2434,pop53,1,0.00045680999755859375,0.0
2434,pop52,3,0.0004436175028483073,1.4180506062472623e-05
2434,pop34,2,0.0005875825881958008,0.00019538402557373047
2434,pop55,2,0.00043022632598876953,2.5153160095214844e-05
2434,pop56,2,0.0004456043243408203,1.8358230590820312e-05
2434,pop48,4,0.0005705952644348145,0.00015374794846285378
2435,pop13,5,0.0004759788513183594,0.00015756063483097208
2435,pop52,1,0.0004181861877441406,0.0
2435,pop50,1,0.0004608631134033203,0.0
2435,pop17,1,0.00042176246643066406,0.0
2435,pop31,1,0.00039696693420410156,0.0
2436,pop29,2,0.00028765201568603516,0.0001615285873413086
2436,pop51,2,0.0006513595581054688,0.00023865699768066406
2436,pop50,3,0.000421444574991862,2.2680557245107462e-05
2436,pop14,2,0.0004436969757080078,5.7220458984375e-06
2436,pop27,3,0.0004987716674804688,9.671236430077267e-05
2437,pop33,3,0.00041906038920084637,4.5729293947340395e-05
2437,pop50,1,0.000415802001953125,0.0
2437,pop14,1,0.0004563331604003906,0.0
2437,pop27,2,0.0005372762680053711,9.548664093017578e-05
2437,pop44,1,0.0004286766052246094,0.0
2437,pop39,1,0.0004031658172607422,0.0
2438,pop25,2,0.00036025047302246094,7.557868957519531e-05
2438,pop17,1,0.0004391670227050781,0.0
2438,pop50,2,0.0004401206970214844,1.5735626220703125e-05
2438,pop53,1,0.0004405975341796875,0.0
2438,pop42,3,0.000576019287109375,0.00011229304158470077
2439,pop57,2,0.00032007694244384766,0.00011861324310302734
2439,pop48,4,0.0004717111587524414,4.527866359774819e-05
2439,pop30,1,0.0004425048828125,0.0
2439,pop31,1,0.00042819976806640625,0.0
2440,pop12,2,0.0003788471221923828,7.653236389160156e-05
2440,pop52,1,0.0004229545593261719,0.0
2440,pop51,5,0.00043950080871582033,1.7558747362895935e-05
2440,pop9,2,0.0006126165390014648,0.00018846988677978516
2440,pop47,3,0.00042064984639485675,1.3746277902188061e-05
2440,pop53,4,0.0004532337188720703,1.4926412168533235e-05
2440,pop1,2,0.00044548511505126953,1.1324882507324219e-05
2440,pop15,3,0.0005550384521484375,0.00014975622419825512
2440,pop46,1,0.0007658004760742188,0.0
2440,pop7,1,0.0008368492126464844,0.0
2440,pop50,2,0.00045096874237060547,5.364418029785156e-06
2440,pop17,2,0.0004267692565917969,1.7881393432617188e-05
2440,pop31,2,0.00045096874237060547,2.586841583251953e-05
2440,pop30,2,0.00045418739318847656,1.1444091796875e-05
2440,pop48,2,0.0005854368209838867,0.00013458728790283203
2441,pop50,5,0.0004447460174560547,3.2492035252827696e-05
2441,pop51,3,0.00044337908426920575,1.720289134012723e-05
2441,pop46,3,0.000448147455851237,9.70675665346071e-06
2441,pop45,2,0.0006139278411865234,0.00019550323486328125
2441,pop17,2,0.0004633665084838867,7.748603820800781e-06
2441,pop31,2,0.0005908012390136719,0.0001735687255859375
2442,pop54,3,0.00045744578043619793,0.00029528455179020266
2442,pop52,2,0.00044727325439453125,0.0
2442,pop50,4,0.0004912018775939941,0.0001082899935543328
2442,pop16,2,0.0004514455795288086,7.033348083496094e-06
2442,pop23,1,0.0007390975952148438,0.0
2443,pop29,5,0.00046844482421875,0.00013249719936116167
2443,pop51,1,0.00042247772216796875,0.0
2443,pop52,1,0.00045013427734375,0.0
2443,pop34,1,0.00039076805114746094,0.0
2444,pop33,4,0.0004786849021911621,0.0001604952323334058
2444,pop50,1,0.00044655799865722656,0.0
2444,pop52,1,0.0004153251647949219,0.0
2444,pop54,1,0.0004410743713378906,0.0
2445,pop25,2,0.00040078163146972656,6.628036499023438e-05
2445,pop17,1,0.0004558563232421875,0.0
2445,pop50,1,0.00043487548828125,0.0
2445,pop14,1,0.0004513263702392578,0.0
2445,pop27,4,0.00048732757568359375,7.831115826577055e-05
2445,pop44,1,0.0004200935363769531,0.0
2446,pop45,2,0.00039374828338623047,6.878376007080078e-05
2446,pop46,1,0.0004425048828125,0.0
2446,pop51,1,0.0004134178161621094,0.0
2446,pop52,4,0.0004616379737854004,1.8418028129876126e-05
2446,pop12,2,0.0005123615264892578,7.152557373046875e-05
2446,pop34,1,0.0007040500640869141,0.0
2446,pop50,4,0.0005143284797668457,0.0001248254326000377
2446,pop35,1,0.0006341934204101562,0.0
2447,pop44,2,0.0003056526184082031,0.00014591217041015625
2447,pop39,3,0.0004781087239583333,5.8984818574596354e-05
2447,pop38,1,0.0004038810729980469,0.0
2448,pop22,3,0.0004215240478515625,2.9464395267081826e-05
2448,pop51,1,0.00046944618225097656,0.0
2448,pop50,1,0.0004184246063232422,0.0
2448,pop14,1,0.0004303455352783203,0.0
2448,pop27,2,0.0005372762680053711,3.921985626220703e-05
2448,pop44,1,0.00044465065002441406,0.0
2449,pop19,2,0.00037920475006103516,8.976459503173828e-05
2449,pop51,3,0.0004462401072184245,7.359718896732474e-06
2449,pop52,3,0.0004185040791829427,1.825351630838126e-05
2449,pop13,2,0.0005792379379272461,0.00015294551849365234
2449,pop50,6,0.0005356470743815104,0.00012198535148875179
2449,pop26,1,0.0006487369537353516,0.0
2449,pop16,1,0.0008318424224853516,0.0
2449,pop43,2,0.0004450082778930664,6.318092346191406e-06
2449,pop40,1,0.0007040500640869141,0.0
2450,pop14,2,0.00043082237243652344,4.172325134277344e-05
2450,pop50,1,0.0004570484161376953,0.0
2450,pop51,3,0.0004493395487467448,1.1393204331370941e-05
2450,pop46,4,0.0004316568374633789,1.6011809076958147e-05
2450,pop45,2,0.0006229877471923828,0.00021600723266601562
2450,pop43,3,0.0005271434783935547,0.00012124844760365113
2450,pop40,2,0.00041937828063964844,8.106231689453125e-06
2450,pop41,1,0.0007731914520263672,0.0
2451,pop44,2,0.00034046173095703125,0.00012302398681640625
2451,pop27,3,0.0004986127217610677,9.027417249839214e-05
2451,pop14,1,0.0003993511199951172,0.0
2451,pop50,1,0.0004394054412841797,0.0
2451,pop32,1,0.00040459632873535156,0.0
2452,pop22,3,0.00038774808247884113,7.104029096775778e-05
2452,pop51,1,0.00045013427734375,0.0
2452,pop52,3,0.00042168299357096356,1.5031509373189469e-05
2452,pop54,2,0.0005222558975219727,0.00013697147369384766
2452,pop53,2,0.0004532337188720703,7.152557373046875e-06
2452,pop1,2,0.0007674694061279297,4.935264587402344e-05
2453,pop19,2,0.0004200935363769531,4.8160552978515625e-05
2453,pop51,1,0.0009028911590576172,0.0
2453,pop52,1,0.00045299530029296875,0.0
2453,pop50,2,0.00045120716094970703,1.3947486877441406e-05
2453,pop14,1,0.000457763671875,0.0
2453,pop27,2,0.0005125999450683594,9.036064147949219e-05
2453,pop44,1,0.00044345855712890625,0.0
2454,pop21,2,0.0004304647445678711,3.1828880310058594e-05
2454,pop22,4,0.0005371570587158203,0.0001850185780513222
2454,pop51,1,0.0004451274871826172,0.0
2454,pop19,1,0.000415802001953125,0.0
2454,pop18,1,0.00044536590576171875,0.0
2454,pop38,1,0.0003650188446044922,0.0
2455,pop14,2,0.0004608631134033203,2.193450927734375e-05
2455,pop50,1,0.00046443939208984375,0.0
2455,pop51,3,0.00046745936075846356,2.060754391900373e-05
2455,pop8,2,0.0005506277084350586,0.00014483928680419922
2455,pop4,3,0.000560919443766276,0.0001688793967746419
2456,pop44,2,0.0004024505615234375,7.43865966796875e-05
2456,pop27,3,0.00052642822265625,0.0001274739219450933
2456,pop14,1,0.0004544258117675781,0.0
2456,pop50,1,0.00044655799865722656,0.0
2456,pop52,1,0.0004134178161621094,0.0
2456,pop34,1,0.0004425048828125,0.0
2457,pop8,2,0.00039398670196533203,8.809566497802734e-05
2457,pop51,1,0.0004208087921142578,0.0
2457,pop52,1,0.00045371055603027344,0.0
2457,pop13,4,0.0005295276641845703,9.567226923383901e-05
2458,pop57,2,0.000423431396484375,3.528594970703125e-05
2458,pop56,1,0.0004296302795410156,0.0
2458,pop55,4,0.0005339384078979492,0.0001465836610841102
2458,pop50,1,0.0004398822784423828,0.0
2458,pop14,1,0.00044226646423339844,0.0
2458,pop27,1,0.0004150867462158203,0.0
2458,pop44,1,0.00044155120849609375,0.0
2458,pop39,1,0.0004379749298095703,0.0
2458,pop38,1,0.0004405975341796875,0.0
2459,pop22,2,0.0004671812057495117,4.303455352783203e-05
2459,pop51,1,0.0008587837219238281,0.0
2459,pop52,1,0.0004591941833496094,0.0
2459,pop55,2,0.00044524669647216797,2.2530555725097656e-05
2459,pop56,1,0.0004601478576660156,0.0
2459,pop48,1,0.0004687309265136719,0.0
2459,pop49,2,0.0005769729614257812,5.1975250244140625e-05
2460,pop21,2,0.0003885030746459961,8.761882781982422e-05
2460,pop22,1,0.00043010711669921875,0.0
2460,pop51,1,0.0004429817199707031,0.0
2460,pop52,3,0.0004378954569498698,1.1394867289659123e-05
2460,pop12,2,0.0005700588226318359,0.00018596649169921875
2460,pop50,5,0.0004344940185546875,1.8039071742951076e-05
2460,pop26,1,0.00079345703125,0.0
2460,pop14,2,0.0004069805145263672,5.245208740234375e-06
2460,pop27,2,0.0005762577056884766,0.00015091896057128906
2461,pop14,2,0.0003826618194580078,9.131431579589844e-05
2461,pop50,4,0.0005048513412475586,0.0001153642317934066
2461,pop52,1,0.00044798851013183594,0.0
2461,pop34,1,0.0004341602325439453,0.0
2462,pop4,5,0.00048041343688964844,0.00014774320539872766
2462,pop51,1,0.00043511390686035156,0.0
2462,pop8,1,0.00041222572326660156,0.0
2463,pop12,2,0.0003293752670288086,0.00014674663543701172
2463,pop52,3,0.00041985511779785156,2.872391472202808e-05
2463,pop54,2,0.0005599260330200195,0.00014221668243408203
2463,pop53,2,0.00041735172271728516,1.0371208190917969e-05
2463,pop42,4,0.0005976557731628418,0.00016620617058046375
2464,pop50,5,0.0004043102264404297,8.851739200907548e-05
2464,pop17,3,0.0004318555196126302,2.031025294617117e-05
2464,pop31,2,0.0006197690963745117,0.00019609928131103516
2464,pop14,2,0.00045478343963623047,6.079673767089844e-06
2464,pop27,3,0.0005037784576416016,0.00010646735526669206
2465,pop29,3,0.0004069010416666667,4.4392119536437434e-05
2465,pop51,1,0.00046944618225097656,0.0
2465,pop47,1,0.00043201446533203125,0.0
2465,pop53,1,0.0004622936248779297,0.0
2465,pop1,2,0.0005358457565307617,9.429454803466797e-05
2465,pop15,1,0.0004394054412841797,0.0
2466,pop33,2,0.00041556358337402344,4.410743713378906e-05
2466,pop50,4,0.000671684741973877,0.0002415245149775792
2466,pop52,2,0.0004533529281616211,7.987022399902344e-06
2466,pop51,3,0.0004367828369140625,1.5386159096700466e-05
2466,pop29,3,0.000556786855061849,0.0001988608510311213
2466,pop14,2,0.0004532337188720703,7.152557373046875e-06
2466,pop27,2,0.0006670951843261719,0.0001838207244873047
2467,pop25,2,0.0004220008850097656,4.649162292480469e-05
2467,pop17,1,0.00045680999755859375,0.0
2467,pop50,3,0.0004382133483886719,1.563172766767406e-05
2467,pop14,1,0.00045752525329589844,0.0
2467,pop27,2,0.0005676746368408203,0.00011372566223144531
2467,pop44,1,0.00040984153747558594,0.0
2467,pop39,1,0.00043702125549316406,0.0
2468,pop6,4,0.000475466251373291,0.00016153051183405738
2468,pop7,1,0.0004069805145263672,0.0
2468,pop53,1,0.0004372596740722656,0.0
2468,pop50,1,0.0004432201385498047,0.0
2468,pop17,1,0.00042128562927246094,0.0
2468,pop31,1,0.0004036426544189453,0.0
2469,pop45,2,0.00041544437408447266,3.3736228942871094e-05
2469,pop46,1,0.00042891502380371094,0.0
2469,pop51,1,0.0004527568817138672,0.0
2469,pop50,2,0.0004303455352783203,1.9073486328125e-05
2469,pop17,1,0.0004363059997558594,0.0
2469,pop31,3,0.0005168914794921875,9.838476829726442e-05
2469,pop30,1,0.00044226646423339844,0.0
2469,pop48,1,0.0004439353942871094,0.0
2469,pop49,1,0.0004324913024902344,0.0
2470,pop22,2,0.0003695487976074219,7.987022399902344e-05
2470,pop51,3,0.0004235108693440755,5.510627690429598e-06
2470,pop52,3,0.00045498212178548175,5.867013557844719e-06
2470,pop34,2,0.0005074739456176758,9.85860824584961e-05
2470,pop50,1,0.0008103847503662109,0.0
2470,pop43,5,0.0005101203918457031,0.00010979258146607097
2470,pop40,1,0.0007717609405517578,0.0
2471,pop14,2,0.0003777742385864258,6.23464584350586e-05
2471,pop50,1,0.00043892860412597656,0.0
2471,pop53,1,0.0004477500915527344,0.0
2471,pop1,5,0.00047397613525390625,4.0451139110378825e-05
2471,pop0,2,0.0005781650543212891,0.0001430511474609375
2472,pop50,3,0.0004024505615234375,6.985623681792949e-05
2472,pop53,1,0.0004622936248779297,0.0
2472,pop1,1,0.00042510032653808594,0.0
2472,pop0,3,0.0005929470062255859,0.00016901270930449701
2473,pop29,5,0.0004636287689208984,0.00015161124241330464
2473,pop51,1,0.0004131793975830078,0.0
2473,pop50,1,0.00044918060302734375,0.0
2473,pop32,1,0.00040602684020996094,0.0
2474,pop20,3,0.00034435590108235675,0.00014500663366570434
2474,pop46,1,0.0004189014434814453,0.0
2474,pop51,2,0.0005701780319213867,0.00017821788787841797
2474,pop43,4,0.0004818439483642578,7.942184161712428e-05
2474,pop40,1,0.0007994174957275391,0.0
2475,pop19,2,0.00040280818939208984,4.208087921142578e-05
2475,pop51,1,0.0004544258117675781,0.0
2475,pop47,1,0.00043392181396484375,0.0
2475,pop53,1,0.00042128562927246094,0.0
2475,pop1,3,0.0004952748616536459,8.980383915048875e-05
2475,pop15,1,0.0004367828369140625,0.0
2476,pop6,4,0.0005168914794921875,0.0001960319110547794
2476,pop7,1,0.0004093647003173828,0.0
2476,pop53,1,0.0004506111145019531,0.0
2476,pop47,1,0.0004589557647705078,0.0
2476,pop51,1,0.0004222393035888672,0.0
2476,pop29,1,0.00043272972106933594,0.0
2477,pop45,2,0.00039947032928466797,4.756450653076172e-05
2477,pop46,3,0.0005648136138916016,0.0001558471086678674
2477,pop51,1,0.00045800209045410156,0.0
2477,pop29,1,0.0004096031188964844,0.0
2478,pop22,2,0.0004004240036010742,7.76052474975586e-05
2478,pop51,1,0.0005006790161132812,0.0
2478,pop47,1,0.0004265308380126953,0.0
2478,pop53,1,0.00041985511779785156,0.0
2478,pop1,3,0.0004896322886149088,7.337957704211546e-05
2478,pop0,1,0.0004513263702392578,0.0
2479,pop0,5,0.000481414794921875,0.00015999769023323916
2479,pop1,1,0.0004425048828125,0.0
2479,pop53,1,0.00040841102600097656,0.0
2479,pop50,1,0.0004482269287109375,0.0
2479,pop14,1,0.0004677772521972656,0.0
2479,pop27,1,0.00042510032653808594,0.0
2479,pop44,1,0.0004458427429199219,0.0
2480,pop13,4,0.0004032254219055176,0.000157879585493005
2480,pop52,1,0.00040149688720703125,0.0
2480,pop34,1,0.0004286766052246094,0.0
2481,pop44,2,0.00029599666595458984,0.0001386404037475586
2481,pop39,4,0.0005113482475280762,9.093744913796965e-05
2482,pop50,4,0.0004070401191711426,6.819946160350382e-05
2482,pop14,3,0.00045188268025716144,2.8720176447120867e-05
2482,pop24,2,0.0005813837051391602,0.0001646280288696289
2482,pop55,5,0.0004933357238769531,0.00012177233537270695
2482,pop56,2,0.0004439353942871094,1.0728836059570312e-05
2482,pop57,1,0.0006890296936035156,0.0
2483,pop29,3,0.0004096031188964844,3.973277393053415e-05
2483,pop51,1,0.0004107952117919922,0.0
2483,pop50,2,0.0005908012390136719,0.00013899803161621094
2483,pop14,1,0.0004429817199707031,0.0
2483,pop27,1,0.0003821849822998047,0.0
2483,pop44,1,0.00040912628173828125,0.0
2484,pop57,2,0.0004061460494995117,3.230571746826172e-05
2484,pop56,1,0.0004756450653076172,0.0
2484,pop55,1,0.0004298686981201172,0.0
2484,pop50,3,0.0005609989166259766,0.0001616194277225631
2484,pop51,3,0.00044727325439453125,1.2445053980976334e-05
2484,pop46,5,0.00043430328369140623,1.8165305398581796e-05
2484,pop45,2,0.0005099773406982422,0.00011658668518066406
2484,pop52,1,0.0008695125579833984,0.0
2485,pop21,2,0.0004138946533203125,3.24249267578125e-05
2485,pop23,1,0.00044608116149902344,0.0
2485,pop16,1,0.00042700767517089844,0.0
2485,pop50,4,0.0005147457122802734,0.00013903585446089229
2485,pop17,1,0.00044417381286621094,0.0
2485,pop31,1,0.0004456043243408203,0.0
2485,pop30,1,0.00041484832763671875,0.0
2485,pop48,1,0.0004124641418457031,0.0
2485,pop49,1,0.0004334449768066406,0.0
2486,pop20,4,0.0003940463066101074,7.389002486529122e-05
2486,pop46,1,0.0004775524139404297,0.0
2486,pop51,1,0.00044155120849609375,0.0
2486,pop52,3,0.00042859713236490887,1.0627396545767761e-05
2486,pop54,2,0.0006591081619262695,0.0002206563949584961
2486,pop50,2,0.0005877017974853516,0.00013566017150878906
2487,pop0,4,0.00042682886123657227,3.53231326772665e-05
2487,pop1,1,0.00045800209045410156,0.0
2487,pop53,1,0.00045871734619140625,0.0
2487,pop47,1,0.00043702125549316406,0.0
2487,pop51,3,0.00045450528462727863,1.6438015376637332e-05
2487,pop8,2,0.0005548000335693359,0.00014591217041015625
2487,pop36,2,0.0006184577941894531,0.00016427040100097656
2488,pop54,2,0.0004004240036010742,7.49826431274414e-05
2488,pop52,1,0.00045871734619140625,0.0
2488,pop50,4,0.0004963874816894531,0.00011319598420791972
2488,pop17,3,0.0004334449768066406,5.665472959080256e-06
2488,pop31,2,0.0005191564559936523,0.00010907649993896484
2489,pop13,4,0.0004888176918029785,0.00024730755799599126
2490,pop50,2,0.0006425380706787109,0.00026988983154296875
2490,pop52,1,0.00043463706970214844,0.0
2490,pop51,4,0.0004399418830871582,1.9760265744567472e-05
2490,pop8,2,0.0006252527236938477,0.00022208690643310547
2490,pop47,2,0.00046384334564208984,2.2649765014648438e-06
2490,pop53,2,0.0004392862319946289,2.0265579223632812e-06
2490,pop1,2,0.00042819976806640625,1.6689300537109375e-05
2490,pop0,1,0.0007619857788085938,0.0
2490,pop36,3,0.000678857167561849,0.00015402410205992507
2491,pop57,2,0.00041174888610839844,6.151199340820312e-05
2491,pop56,1,0.0004432201385498047,0.0
2491,pop55,3,0.0005327860514322916,0.00014888743418668885
2491,pop50,1,0.00044536590576171875,0.0
2491,pop51,1,0.0004115104675292969,0.0
2491,pop46,1,0.00044417381286621094,0.0
2491,pop45,1,0.0004334449768066406,0.0
2492,pop14,2,0.0003979206085205078,7.486343383789062e-05
2492,pop50,2,0.00044906139373779297,1.2993812561035156e-05
2492,pop51,4,0.0004919767379760742,8.676086162595642e-05
2492,pop9,2,0.000555872917175293,0.00011932849884033203
2492,pop47,2,0.0004636049270629883,1.1801719665527344e-05
2492,pop53,1,0.0006840229034423828,0.0
2492,pop36,3,0.0005917549133300781,0.00010284457462540667
2493,pop20,2,0.00042378902435302734,4.0411949157714844e-05
2493,pop46,1,0.0004999637603759766,0.0
2493,pop51,3,0.0004520416259765625,2.2784468320535212e-05
2493,pop50,3,0.00044417381286621094,1.0906618535063204e-05
2493,pop14,3,0.00041826566060384113,3.017876552907233e-06
2493,pop24,2,0.0006029605865478516,0.00014781951904296875
2493,pop53,2,0.00045359134674072266,5.125999450683594e-06
2493,pop7,1,0.0008602142333984375,0.0
2493,pop47,1,0.00045418739318847656,0.0
2493,pop4,4,0.000525355339050293,0.0001699510195492435
2494,pop13,5,0.00042595863342285154,0.00013783716884079733
2494,pop52,1,0.0004470348358154297,0.0
2494,pop54,1,0.0004000663757324219,0.0
2495,pop57,2,0.0004297494888305664,4.017353057861328e-05
2495,pop56,3,0.00043773651123046875,1.763115736256336e-05
2495,pop55,3,0.00040849049886067707,1.2010134609029778e-05
2495,pop50,6,0.0005255937576293945,0.00016780816649161913
2495,pop52,1,0.00046825408935546875,0.0
2495,pop51,3,0.0004329681396484375,1.4427771826178806e-05
2495,pop29,2,0.0005730390548706055,0.00013625621795654297
2495,pop16,1,0.0007555484771728516,0.0
2495,pop2,2,0.0007671117782592773,3.826618194580078e-05
2496,pop45,3,0.0004412333170572917,0.00024050769521130554
2496,pop46,3,0.00043352444966634113,2.6635622667141008e-05
2496,pop51,2,0.00043785572052001953,2.562999725341797e-05
2496,pop4,3,0.0005074342091878256,0.00010379733555864026
2497,pop50,5,0.0004391670227050781,0.00013186508950257142
2497,pop32,1,0.00042891502380371094,0.0
2498,pop57,2,0.00042819976806640625,3.933906555175781e-05
2498,pop56,1,0.0004296302795410156,0.0
2498,pop55,1,0.00045418739318847656,0.0
2498,pop50,4,0.0005373954772949219,0.00016624409679705403
2498,pop14,1,0.00043964385986328125,0.0
2498,pop27,1,0.00045108795166015625,0.0
2498,pop44,1,0.0004143714904785156,0.0
2498,pop39,1,0.00044465065002441406,0.0
2499,pop45,2,0.00032389163970947266,0.00014674663543701172
2499,pop46,1,0.00040602684020996094,0.0
2499,pop51,3,0.0004363059997558594,2.090211753301972e-05
2499,pop9,2,0.0006005764007568359,0.00018787384033203125
2499,pop50,3,0.0005458196004231771,0.00014050041907473734
2500,pop8,2,0.0004063844680786133,6.16312026977539e-05
2500,pop51,1,0.0004210472106933594,0.0
2500,pop50,5,0.0004947185516357422,9.465487834233816e-05
2500,pop14,3,0.00043400128682454425,1.0875883353268942e-05
2500,pop24,2,0.0006117820739746094,0.000171661376953125
2501,pop0,3,0.00040078163146972656,5.727837863088453e-05
2501,pop1,1,0.0004715919494628906,0.0
2501,pop53,1,0.0004496574401855469,0.0
2501,pop50,2,0.0005508661270141602,0.00014793872833251953
2501,pop14,1,0.00044846534729003906,0.0
2501,pop24,1,0.0003962516784667969,0.0
2502,pop50,2,0.00043451786041259766,3.3020973205566406e-05
2502,pop14,1,0.0004220008850097656,0.0
2502,pop27,4,0.0004706382751464844,4.589573129404882e-05
2502,pop44,1,0.0004343986511230469,0.0
2503,pop45,2,0.0004349946975708008,3.898143768310547e-05
2503,pop46,1,0.00041985511779785156,0.0
2503,pop51,1,0.0004658699035644531,0.0
2503,pop47,1,0.0004220008850097656,0.0
2503,pop53,1,0.00042366981506347656,0.0
2503,pop1,3,0.0004916985829671224,7.095168495116352e-05
2503,pop0,1,0.0004367828369140625,0.0
2504,pop4,4,0.0004207491874694824,0.00015689902406015432
2504,pop51,1,0.0004374980926513672,0.0
2504,pop9,1,0.0004124641418457031,0.0
2505,pop12,2,0.0003218650817871094,0.00013780593872070312
2505,pop52,5,0.00044507980346679686,1.4810688020720161e-05
2505,pop54,2,0.000500798225402832,8.952617645263672e-05
2505,pop53,1,0.000667572021484375,0.0
2505,pop13,1,0.0008673667907714844,0.0
2505,pop51,2,0.0004652738571166992,6.318092346191406e-06
2505,pop8,1,0.0007975101470947266,0.0
2505,pop50,3,0.0004475911458333333,2.5128257571441627e-05
2505,pop17,2,0.00043511390686035156,1.9073486328125e-06
2505,pop25,1,0.0006818771362304688,0.0
2505,pop32,4,0.0005929470062255859,0.00017076995982361867
2506,pop33,3,0.00040419896443684894,0.00010711202140672986
2506,pop50,2,0.000544428825378418,0.0001004934310913086
2506,pop17,1,0.00044274330139160156,0.0
2506,pop31,1,0.00044465065002441406,0.0
2507,pop25,2,0.00043320655822753906,4.458427429199219e-05
2507,pop17,1,0.00045609474182128906,0.0
2507,pop50,1,0.0004494190216064453,0.0
2507,pop51,1,0.0004143714904785156,0.0
2507,pop29,4,0.0005374550819396973,0.0001142523094241681
2508,pop14,2,0.00035965442657470703,8.83340835571289e-05
2508,pop50,4,0.0005102753639221191,0.00012034121688477765
2508,pop52,4,0.0004334449768066406,1.6673966584115852e-05
2508,pop54,2,0.0006271600723266602,0.0002130270004272461
2508,pop51,3,0.0004534721374511719,7.075316544868147e-06
2508,pop43,2,0.0004417896270751953,2.1457672119140625e-06
2508,pop40,1,0.0006327629089355469,0.0
2508,pop9,1,0.0006878376007080078,0.0
2508,pop55,1,0.0008699893951416016,0.0
2509,pop20,4,0.0004054903984069824,0.00016685428979245972
2509,pop46,1,0.000438690185546875,0.0
2509,pop51,1,0.00042724609375,0.0
2510,pop25,2,0.00041031837463378906,3.8623809814453125e-05
2510,pop17,1,0.0004589557647705078,0.0
2510,pop50,1,0.0004513263702392578,0.0
2510,pop14,1,0.0004222393035888672,0.0
2510,pop27,3,0.0004831949869791667,7.0021046740808e-05
2510,pop44,1,0.0003762245178222656,0.0
2510,pop39,1,0.00041413307189941406,0.0
2511,pop19,2,0.0003914833068847656,5.984306335449219e-05
2511,pop51,1,0.00044608116149902344,0.0
2511,pop47,1,0.0004658699035644531,0.0
2511,pop53,3,0.00042589505513509113,2.8882016131962267e-05
2511,pop1,3,0.00043193499247233075,1.9178828105827e-05
2511,pop0,3,0.0005555947621663412,0.00014308694991911977
2511,pop50,2,0.0005871057510375977,0.00017249584197998047
2512,pop6,3,0.0004188219706217448,3.5179108170841916e-05
2512,pop7,1,0.00044655799865722656,0.0
2512,pop53,1,0.0004246234893798828,0.0
2512,pop50,1,0.00041413307189941406,0.0
2512,pop17,1,0.0004601478576660156,0.0
2512,pop31,2,0.0005441904067993164,0.00010526180267333984
2512,pop30,1,0.000438690185546875,0.0
2512,pop48,1,0.00039768218994140625,0.0
2512,pop49,1,0.00040078163146972656,0.0
2513,pop22,4,0.0004884004592895508,0.00016668975749562328
2513,pop51,1,0.0004432201385498047,0.0
2513,pop47,1,0.0004382133483886719,0.0
2513,pop53,1,0.0004191398620605469,0.0
2513,pop1,1,0.0004482269287109375,0.0
2513,pop15,1,0.0003561973571777344,0.0
2514,pop33,3,0.00041993459065755207,3.871168597600248e-05
2514,pop50,2,0.0006480216979980469,0.0001723766326904297
2514,pop51,1,0.00044655799865722656,0.0
2514,pop43,1,0.00042176246643066406,0.0
2514,pop40,1,0.00042247772216796875,0.0
2515,pop44,2,0.00038564205169677734,6.711483001708984e-05
2515,pop27,4,0.0005129575729370117,0.00012075665670287298
2515,pop14,1,0.00043010711669921875,0.0
2515,pop50,1,0.0003879070281982422,0.0
2515,pop53,1,0.00045680999755859375,0.0
2515,pop1,1,0.0004124641418457031,0.0
2515,pop0,1,0.00044465065002441406,0.0
2516,pop29,4,0.00045424699783325195,0.000148029656308322
2516,pop51,1,0.00043845176696777344,0.0
2516,pop52,1,0.00041937828063964844,0.0
2516,pop34,1,0.0004291534423828125,0.0
2517,pop57,2,0.00041735172271728516,3.039836883544922e-05
2517,pop56,4,0.0005230307579040527,0.00015167313942513372
2517,pop55,6,0.0004497369130452474,1.4143713191451578e-05
2517,pop50,8,0.0005336999893188477,0.00015384257876058485
2517,pop51,7,0.0004889965057373047,9.31317676803789e-05
2517,pop29,2,0.0005750656127929688,0.00011992454528808594
2517,pop46,2,0.0004462003707885742,1.2040138244628906e-05
2517,pop45,1,0.0008039474487304688,0.0
2517,pop14,1,0.0005779266357421875,0.0
2517,pop2,1,0.0007009506225585938,0.0
2517,pop47,1,0.00042819976806640625,0.0
2517,pop53,1,0.0007908344268798828,0.0
2517,pop17,1,0.00043201446533203125,0.0
2517,pop31,1,0.0004127025604248047,0.0
2517,pop30,1,0.0006244182586669922,0.0
2517,pop48,1,0.0004258155822753906,0.0
2517,pop9,1,0.0007677078247070312,0.0
2518,pop21,2,0.000377655029296875,6.079673767089844e-05
2518,pop23,1,0.0004601478576660156,0.0
2518,pop16,1,0.00041985511779785156,0.0
2518,pop50,2,0.00043201446533203125,3.337860107421875e-06
2518,pop17,1,0.00045609474182128906,0.0
2518,pop31,3,0.0005766550699869791,0.0001446657106597561
2519,pop0,2,0.00033092498779296875,0.00011157989501953125
2519,pop1,1,0.0004303455352783203,0.0
2519,pop53,1,0.0004379749298095703,0.0
2519,pop42,4,0.000522911548614502,0.00010383291645617515
2520,pop45,2,0.0004019737243652344,6.341934204101562e-05
2520,pop46,2,0.00045561790466308594,1.5735626220703125e-05
2520,pop51,1,0.0004260540008544922,0.0
2520,pop50,2,0.0005991458892822266,0.00011682510375976562
2520,pop17,1,0.0003654956817626953,0.0
2520,pop31,1,0.00043082237243652344,0.0
2521,pop6,3,0.0004100799560546875,3.310729070894618e-05
2521,pop7,1,0.00045180320739746094,0.0
2521,pop53,1,0.00040650367736816406,0.0
2521,pop50,1,0.000469207763671875,0.0
2521,pop14,1,0.00044727325439453125,0.0
2521,pop27,1,0.0004279613494873047,0.0
2521,pop44,1,0.00046753883361816406,0.0
2521,pop39,2,0.00044286251068115234,9.179115295410156e-06
2521,pop38,2,0.0006850957870483398,0.00013005733489990234
2522,pop22,2,0.0003942251205444336,7.092952728271484e-05
2522,pop51,1,0.0004551410675048828,0.0
2522,pop50,4,0.0004856586456298828,9.828326978170354e-05
2522,pop17,1,0.0004291534423828125,0.0
2522,pop31,1,0.00043272972106933594,0.0
2523,pop33,5,0.0004947185516357422,0.0001629940730043539
2523,pop50,1,0.0004203319549560547,0.0
2523,pop14,1,0.0004451274871826172,0.0
2523,pop27,1,0.00044155120849609375,0.0
2523,pop44,1,0.0004029273986816406,0.0
2523,pop39,1,0.0004277229309082031,0.0
2524,pop54,2,0.00041747093200683594,6.0558319091796875e-05
2524,pop52,1,0.00045180320739746094,0.0
2524,pop51,1,0.00044655799865722656,0.0
2524,pop46,5,0.00046367645263671874,4.491679479351081e-05
2524,pop45,2,0.0006158351898193359,0.00016617774963378906
2525,pop13,4,0.00047779083251953125,0.00016217923296838214
2525,pop52,1,0.00042939186096191406,0.0
2525,pop51,1,0.0004439353942871094,0.0
2525,pop9,1,0.0004258155822753906,0.0
2526,pop20,5,0.0005163669586181641,0.0001567816647117277
2526,pop46,1,0.0004096031188964844,0.0
2526,pop51,1,0.00044918060302734375,0.0
2526,pop29,1,0.0004112720489501953,0.0
2527,pop25,2,0.00039839744567871094,7.557868957519531e-05
2527,pop17,3,0.0004564921061197917,1.949921313347069e-06
2527,pop50,4,0.000513613224029541,0.00013172042572663742
2527,pop52,3,0.00044767061869303387,7.132218725263142e-06
2527,pop54,2,0.0005620718002319336,0.0001436471939086914
2527,pop51,2,0.0004140138626098633,3.6597251892089844e-05
2527,pop22,2,0.0005990266799926758,0.00013887882232666016
2527,pop31,2,0.0005879402160644531,0.0001316070556640625
2528,pop21,2,0.00039124488830566406,7.176399230957031e-05
2528,pop22,1,0.00045490264892578125,0.0
2528,pop51,1,0.0004124641418457031,0.0
2528,pop43,2,0.00047016143798828125,2.3126602172851562e-05
2528,pop42,2,0.0006668567657470703,0.0001461505889892578
2529,pop19,2,0.00045120716094970703,1.823902130126953e-05
2529,pop51,1,0.0004730224609375,0.0
2529,pop50,3,0.0004248619079589844,1.2808204668582241e-05
2529,pop14,1,0.00044989585876464844,0.0
2529,pop27,2,0.0005042552947998047,6.103515625e-05
2529,pop44,1,0.0004394054412841797,0.0
2530,pop21,2,0.0003857612609863281,6.890296936035156e-05
2530,pop22,4,0.0004820823669433594,9.612956098752561e-05
2530,pop51,1,0.00047779083251953125,0.0
2530,pop43,1,0.0004169940948486328,0.0
2530,pop40,1,0.0004379749298095703,0.0
2531,pop57,2,0.0003851652145385742,7.998943328857422e-05
2531,pop56,1,0.0004467964172363281,0.0
2531,pop55,1,0.00045680999755859375,0.0
2531,pop50,3,0.0004477500915527344,1.6692706169332786e-05
2531,pop51,3,0.0004353523254394531,2.5436033367522475e-05
2531,pop9,2,0.0005518198013305664,0.00015747547149658203
2531,pop22,1,0.0004496574401855469,0.0
2531,pop21,1,0.0007548332214355469,0.0
2531,pop23,1,0.00041985511779785156,0.0
2531,pop16,1,0.00043654441833496094,0.0
2531,pop53,2,0.00045287609100341797,1.728534698486328e-05
2531,pop3,3,0.0006368160247802734,0.00013097884370778963
2531,pop47,1,0.00042629241943359375,0.0
2532,pop13,4,0.00040435791015625,0.0001575766450658124
2532,pop52,1,0.0004405975341796875,0.0
2532,pop34,1,0.0004162788391113281,0.0
2533,pop8,2,0.00032401084899902344,0.00014519691467285156
2533,pop51,3,0.0004352728525797526,2.1357952158916252e-05
2533,pop9,2,0.0006237030029296875,0.00017571449279785156
2533,pop47,1,0.0004684925079345703,0.0
2533,pop53,2,0.0004506111145019531,1.6689300537109375e-05
2533,pop7,1,0.0007414817810058594,0.0
2533,pop42,4,0.000504612922668457,0.00010418994202537198
2533,pop43,1,0.0004360675811767578,0.0
2534,pop50,2,0.0003647804260253906,8.344650268554688e-05
2534,pop52,3,0.00043455759684244793,1.6396466310455615e-05
2534,pop13,2,0.0006275177001953125,0.00021886825561523438
2534,pop55,2,0.00044155120849609375,5.4836273193359375e-06
2534,pop56,2,0.0004534721374511719,1.1920928955078125e-06
2534,pop48,4,0.000508725643157959,0.00011663169993760756
2534,pop49,2,0.0006293058395385742,0.00018775463104248047
2535,pop0,5,0.0004459381103515625,0.00014624235716558328
2535,pop1,1,0.00040984153747558594,0.0
2535,pop53,1,0.0004382133483886719,0.0
2535,pop52,1,0.0003840923309326172,0.0
2535,pop12,1,0.0004286766052246094,0.0
2536,pop6,2,0.00034296512603759766,0.0001214742660522461
2536,pop7,1,0.0004029273986816406,0.0
2536,pop53,3,0.0004391670227050781,1.684524701371736e-05
2536,pop1,3,0.00047524770100911457,2.0796090078759646e-05
2536,pop15,3,0.0004742145538330078,6.0976765438140666e-05
2536,pop50,3,0.00067901611328125,0.0001606645236125772
2536,pop51,2,0.0004754066467285156,5.9604644775390625e-06
2536,pop8,1,0.0008206367492675781,0.0
2537,pop22,3,0.00043129920959472656,2.985282433706647e-05
2537,pop51,1,0.00044536590576171875,0.0
2537,pop19,1,0.00046372413635253906,0.0
2537,pop18,3,0.00047588348388671875,5.3125451923270186e-05
2537,pop38,1,0.00040841102600097656,0.0
2538,pop33,5,0.00042819976806640625,0.00012818079955011214
2538,pop50,1,0.0004038810729980469,0.0
2538,pop51,1,0.0004031658172607422,0.0
2539,pop21,2,0.00042366981506347656,3.838539123535156e-05
2539,pop22,2,0.00042617321014404297,1.990795135498047e-05
2539,pop51,3,0.0004334449768066406,6.581389304085856e-06
2539,pop8,2,0.0005643367767333984,0.00014519691467285156
2539,pop43,4,0.0005257725715637207,0.00015116549936002922
2539,pop40,1,0.00066375732421875,0.0
2540,pop57,2,0.0003527402877807617,0.0001081228256225586
2540,pop56,1,0.0004165172576904297,0.0
2540,pop55,1,0.0004558563232421875,0.0
2540,pop52,3,0.0004382133483886719,1.3846079012168698e-05
2540,pop13,3,0.0004930496215820312,8.921464792567929e-05
2540,pop51,2,0.000603795051574707,0.0001920461654663086
2540,pop19,2,0.0004203319549560547,2.09808349609375e-05
2540,pop18,3,0.0005695819854736328,0.00010008375389436948
2541,pop4,3,0.0003954569498697917,6.806487390902784e-05
2541,pop51,2,0.0004495382308959961,1.1086463928222656e-05
2541,pop52,4,0.00045120716094970703,9.393359192892031e-06
2541,pop34,2,0.0006362199783325195,0.0001996755599975586
2541,pop53,1,0.0004546642303466797,0.0
2541,pop41,1,0.00077056884765625,0.0
2541,pop40,1,0.0004527568817138672,0.0
2541,pop43,2,0.0004591941833496094,4.38690185546875e-05
2541,pop55,3,0.00048152605692545575,9.735272853981009e-05
2541,pop56,2,0.0004559755325317383,2.0265579223632812e-06
2541,pop57,1,0.0006539821624755859,0.0
2542,pop12,2,0.0003845691680908203,8.368492126464844e-05
2542,pop52,1,0.0004127025604248047,0.0
2542,pop53,3,0.00045108795166015625,1.2361031910720559e-05
2542,pop1,3,0.00042899449666341144,2.3303578267176995e-05
2542,pop15,1,0.0006451606750488281,0.0
2542,pop7,2,0.0004385709762573242,8.463859558105469e-06
2542,pop6,1,0.0008349418640136719,0.0
2542,pop47,1,0.00046181678771972656,0.0
2542,pop51,1,0.0004169940948486328,0.0
2542,pop29,1,0.0010046958923339844,0.0
2543,pop50,7,0.00046178272792271206,0.00015514633466176837
2543,pop52,3,0.00044345855712890625,9.514863027862263e-06
2543,pop51,3,0.0004584789276123047,4.335461202299072e-06
2543,pop9,2,0.0005373954772949219,0.00014710426330566406
2543,pop12,1,0.0007121562957763672,0.0
2543,pop16,1,0.0006630420684814453,0.0
2543,pop55,2,0.0007731914520263672,9.298324584960938e-06
2544,pop14,2,0.0003733634948730469,9.322166442871094e-05
2544,pop50,4,0.0004968643188476562,0.0001297018983599727
2544,pop52,1,0.0004410743713378906,0.0
2544,pop34,1,0.0004069805145263672,0.0
2545,pop20,4,0.00047832727432250977,0.00014035499203803015
2545,pop46,1,0.0004067420959472656,0.0
2545,pop45,1,0.00044989585876464844,0.0
2545,pop44,1,0.0004105567932128906,0.0
2546,pop22,2,0.0004175901412963867,6.115436553955078e-05
2546,pop51,1,0.0004146099090576172,0.0
2546,pop43,2,0.00043511390686035156,1.430511474609375e-05
2546,pop42,3,0.0005994637807210287,0.00016669356069742787
2547,pop50,2,0.0003960132598876953,5.459785461425781e-05
2547,pop14,1,0.0004127025604248047,0.0
2547,pop27,3,0.00047016143798828125,5.520098107327871e-05
2547,pop44,1,0.00038552284240722656,0.0
2548,pop4,3,0.0004221598307291667,4.826914836764428e-05
2548,pop51,1,0.0004496574401855469,0.0
2548,pop47,1,0.00044465065002441406,0.0
2548,pop53,1,0.0004630088806152344,0.0
2548,pop1,2,0.00043714046478271484,1.7762184143066406e-05
2548,pop15,2,0.0005723237991333008,4.684925079345703e-05
2549,pop20,3,0.0004086494445800781,5.6137661487238406e-05
2549,pop46,1,0.0004363059997558594,0.0
2549,pop51,1,0.0004513263702392578,0.0
2549,pop50,4,0.0005041956901550293,0.00011523788514374517
2549,pop14,3,0.0004246234893798828,2.2754510642877232e-05
2549,pop24,2,0.0006099939346313477,0.00020396709442138672
2550,pop44,2,0.0003788471221923828,5.7697296142578125e-05
2550,pop27,4,0.0004960298538208008,0.00011933254783841564
2550,pop14,1,0.0004165172576904297,0.0
2550,pop50,1,0.0004425048828125,0.0
2550,pop52,1,0.00040793418884277344,0.0
2550,pop34,1,0.00042438507080078125,0.0
2551,pop29,5,0.00046253204345703125,0.00014432758828610505
2551,pop51,1,0.0004372596740722656,0.0
2551,pop52,1,0.0004012584686279297,0.0
2551,pop12,1,0.0004482269287109375,0.0
2552,pop50,6,0.0004140933354695638,5.084550651252401e-05
2552,pop53,4,0.0005270242691040039,0.00015697745221562647
2552,pop1,3,0.0004524389902750651,8.342000752606474e-06
2552,pop0,2,0.0005491971969604492,0.00014150142669677734
2552,pop52,2,0.0004597902297973633,3.933906555175781e-06
2552,pop37,1,0.0006372928619384766,0.0
2552,pop17,2,0.00045883655548095703,1.0728836059570312e-06
2552,pop31,2,0.0006077289581298828,0.000171661376953125
2553,pop4,5,0.0004947185516357422,0.00015500955861980428
2553,pop51,1,0.0004432201385498047,0.0
2553,pop8,1,0.0004372596740722656,0.0
2554,pop45,2,0.00035500526428222656,7.963180541992188e-05
2554,pop46,2,0.0004385709762573242,1.9669532775878906e-05
2554,pop51,1,0.0004711151123046875,0.0
2554,pop52,1,0.0004444122314453125,0.0
2554,pop13,3,0.0005841255187988281,0.000139541623586728
2555,pop21,2,0.00036537647247314453,7.474422454833984e-05
2555,pop22,2,0.0004353523254394531,1.0251998901367188e-05
2555,pop51,3,0.0005311965942382812,0.00010438614153171187
2555,pop52,3,0.00046062469482421875,5.227115520606152e-06
2555,pop12,2,0.0005241632461547852,0.0001112222671508789
2555,pop46,2,0.000476837158203125,2.2172927856445312e-05
2555,pop20,2,0.000588536262512207,0.00013053417205810547
2555,pop50,2,0.00045180320739746094,7.62939453125e-06
2555,pop26,1,0.0006196498870849609,0.0
2555,pop55,2,0.0007387399673461914,7.450580596923828e-05
2556,pop29,3,0.00039498011271158856,6.076644732966496e-05
2556,pop51,1,0.0004074573516845703,0.0
2556,pop52,3,0.0004467169443766276,9.667637378285677e-06
2556,pop54,2,0.0005470514297485352,0.00014126300811767578
2556,pop53,2,0.000453948974609375,1.3828277587890625e-05
2556,pop7,1,0.0006866455078125,0.0
2556,pop50,4,0.0005140304565429688,0.00013361792723293225
2556,pop14,1,0.0008299350738525391,0.0
2557,pop4,2,0.00040590763092041016,3.1113624572753906e-05
2557,pop51,1,0.00045490264892578125,0.0
2557,pop50,4,0.0005363225936889648,0.0001697475403312007
2557,pop14,1,0.0004477500915527344,0.0
2557,pop27,1,0.00041675567626953125,0.0
2557,pop44,1,0.00043964385986328125,0.0
2557,pop39,1,0.00043272972106933594,0.0
2558,pop54,2,0.00034177303314208984,0.0001100301742553711
2558,pop52,1,0.0004448890686035156,0.0
2558,pop53,1,0.0004267692565917969,0.0
2558,pop42,4,0.0005254745483398438,0.00013065620927465055
2559,pop12,2,0.0003826618194580078,5.9604644775390625e-05
2559,pop52,1,0.0004572868347167969,0.0
2559,pop51,1,0.00043487548828125,0.0
2559,pop43,4,0.0004649162292480469,4.64130005802104e-05
2559,pop40,1,0.00041675567626953125,0.0
2560,pop25,2,0.000400543212890625,6.914138793945312e-05
2560,pop17,1,0.0004189014434814453,0.0
2560,pop50,3,0.00043455759684244793,2.0357776179600812e-05
2560,pop53,1,0.0004265308380126953,0.0
2560,pop1,1,0.0004336833953857422,0.0
2560,pop0,2,0.0007208585739135742,0.00015175342559814453
2561,pop22,2,0.0003927946090698242,0.00011169910430908203
2561,pop51,1,0.0004589557647705078,0.0
2561,pop52,3,0.00044353802998860675,1.2213507398025278e-05
2561,pop13,2,0.0005697011947631836,0.00015223026275634766
2561,pop53,2,0.00043833255767822266,7.748603820800781e-06
2561,pop42,4,0.0005853772163391113,0.00014936018942626584
2562,pop19,2,0.00042068958282470703,4.851818084716797e-05
2562,pop51,1,0.0004525184631347656,0.0
2562,pop50,3,0.0005203882853190104,0.0001226139772858413
2562,pop14,1,0.00044083595275878906,0.0
2562,pop24,1,0.0004138946533203125,0.0
2563,pop20,2,0.00043463706970214844,2.4080276489257812e-05
2563,pop46,1,0.0004494190216064453,0.0
2563,pop51,1,0.00042128562927246094,0.0
2563,pop50,1,0.00037169456481933594,0.0
2563,pop17,1,0.0004189014434814453,0.0
2563,pop31,3,0.0005114873250325521,0.00010453040795742486
2563,pop30,1,0.0004119873046875,0.0
2563,pop48,1,0.0004298686981201172,0.0
2563,pop49,1,0.0004429817199707031,0.0
2564,pop54,2,0.00036084651947021484,0.0001443624496459961
2564,pop52,1,0.0004525184631347656,0.0
2564,pop51,2,0.00058746337890625,0.00014662742614746094
2564,pop50,4,0.00046879053115844727,9.036761998603979e-05
2565,pop13,3,0.00035500526428222656,0.00012469147328209138
2565,pop52,3,0.0004451274871826172,1.2729557705037387e-05
2565,pop54,2,0.0005717277526855469,0.00016117095947265625
2565,pop51,4,0.0004483461380004883,1.1861773583036183e-05
2565,pop22,1,0.0008375644683837891,0.0
2565,pop50,4,0.0005040168762207031,0.00011172384672009553
2565,pop14,2,0.00044333934783935547,1.6570091247558594e-05
2565,pop24,1,0.0008058547973632812,0.0
2565,pop46,1,0.0008120536804199219,0.0
2566,pop8,3,0.0003914038340250651,0.00020840769136122033
2566,pop51,2,0.0004153251647949219,1.0013580322265625e-05
2566,pop10,4,0.0005905032157897949,0.00015483413343268045
2567,pop0,3,0.00042374928792317707,3.264758231666752e-05
2567,pop1,1,0.00045180320739746094,0.0
2567,pop53,1,0.0004527568817138672,0.0
2567,pop47,1,0.0004334449768066406,0.0
2567,pop51,1,0.0004715919494628906,0.0
2567,pop46,2,0.0005191564559936523,9.09566879272461e-05
2567,pop45,1,0.0004162788391113281,0.0
2568,pop6,5,0.0005075931549072266,0.00017463942028405485
2568,pop7,1,0.0004239082336425781,0.0
2568,pop53,1,0.00044536590576171875,0.0
2568,pop50,1,0.0004487037658691406,0.0
2568,pop17,1,0.00041604042053222656,0.0
2568,pop31,1,0.00044655799865722656,0.0
2568,pop30,1,0.0004322528839111328,0.0
2568,pop48,1,0.0004134178161621094,0.0
2568,pop49,1,0.00042319297790527344,0.0
2569,pop33,4,0.00048661231994628906,0.00016766336303113697
2569,pop50,1,0.0004119873046875,0.0
2569,pop53,1,0.0004019737243652344,0.0
2569,pop1,1,0.0004317760467529297,0.0
2569,pop0,1,0.00044155120849609375,0.0
2570,pop57,2,0.0003966093063354492,7.903575897216797e-05
2570,pop56,1,0.0004277229309082031,0.0
2570,pop55,3,0.0005537668863932291,0.00015010430984824304
2570,pop50,1,0.0004444122314453125,0.0
2570,pop53,1,0.0004436969757080078,0.0
2570,pop1,1,0.0004127025604248047,0.0
2570,pop15,1,0.0004353523254394531,0.0
2571,pop45,2,0.00040459632873535156,5.221366882324219e-05
2571,pop46,1,0.0004191398620605469,0.0
2571,pop51,1,0.00045609474182128906,0.0
2571,pop47,1,0.0004546642303466797,0.0
2571,pop53,1,0.0004131793975830078,0.0
2571,pop1,2,0.0004401206970214844,2.384185791015625e-05
2571,pop15,3,0.0005709330240885416,0.00012259141351015176
2572,pop21,2,0.0003725290298461914,9.429454803466797e-05
2572,pop22,3,0.00043384234110514325,1.3089640801692509e-05
2572,pop51,1,0.0004229545593261719,0.0
2572,pop43,2,0.0005071163177490234,5.364418029785156e-05
2572,pop42,1,0.00043320655822753906,0.0
2573,pop29,5,0.0004940032958984375,0.00014725477256565323
2573,pop51,1,0.0008943080902099609,0.0
2573,pop52,1,0.0004222393035888672,0.0
2573,pop50,1,0.0004372596740722656,0.0
2573,pop14,1,0.0004379749298095703,0.0
2573,pop24,1,0.00039887428283691406,0.0
2574,pop20,3,0.00035079320271809894,0.00012461126456982273
2574,pop46,1,0.0004782676696777344,0.0
2574,pop51,7,0.00044792039053780694,1.7662623910558733e-05
2574,pop9,2,0.0005743503570556641,0.0001571178436279297
2574,pop50,4,0.0005421042442321777,0.00021382533913076525
2574,pop26,1,0.0007719993591308594,0.0
2574,pop52,3,0.00042780240376790363,1.2587858755253684e-05
2574,pop4,2,0.0004429817199707031,1.430511474609375e-05
2574,pop5,2,0.0006253719329833984,0.0001995563507080078
2574,pop8,1,0.000823974609375,0.0
2574,pop43,2,0.00044143199920654297,1.5616416931152344e-05
2574,pop40,2,0.0004584789276123047,1.2636184692382812e-05
2574,pop41,1,0.0007212162017822266,0.0
2574,pop37,1,0.0008304119110107422,0.0
2574,pop14,2,0.00041294097900390625,1.4781951904296875e-05
2574,pop27,2,0.0005669593811035156,0.00015687942504882812
2575,pop13,4,0.0004788041114807129,0.00017294670541917625
2575,pop52,1,0.00044918060302734375,0.0
2575,pop51,1,0.0004382133483886719,0.0
2575,pop9,1,0.0004305839538574219,0.0
2576,pop33,2,0.00043070316314697266,3.6597251892089844e-05
2576,pop50,1,0.00042176246643066406,0.0
2576,pop14,1,0.00045943260192871094,0.0
2576,pop27,4,0.00048607587814331055,8.39465985187164e-05
2576,pop44,1,0.0004429817199707031,0.0
2576,pop39,1,0.00040149688720703125,0.0
2577,pop14,2,0.0003821849822998047,6.890296936035156e-05
2577,pop50,4,0.0005118250846862793,0.00015070509625640508
2577,pop53,1,0.0004558563232421875,0.0
2577,pop1,1,0.00041866302490234375,0.0
2577,pop0,1,0.00041961669921875,0.0
2578,pop25,2,0.0003660917282104492,8.213520050048828e-05
2578,pop17,1,0.0004584789276123047,0.0
2578,pop50,4,0.0005242228507995605,0.00014215050488197335
2578,pop52,4,0.00044411420822143555,2.4171796352399042e-05
2578,pop12,2,0.0005081892013549805,7.092952728271484e-05
2578,pop54,1,0.0006282329559326172,0.0
2578,pop51,2,0.00043261051177978516,1.0371208190917969e-05
2578,pop10,2,0.0007715225219726562,9.465217590332031e-05
2579,pop8,2,0.0004019737243652344,6.389617919921875e-05
2579,pop51,3,0.00046141942342122394,3.064665550923464e-05
2579,pop29,3,0.0005697409311930338,0.00016244796848322092
2579,pop43,3,0.0005633036295572916,0.00017340559128301475
2580,pop21,2,0.00032639503479003906,8.916854858398438e-05
2580,pop22,3,0.0005400975545247396,0.00011134978646147215
2580,pop51,1,0.0004432201385498047,0.0
2580,pop52,1,0.0004324913024902344,0.0
2580,pop54,1,0.00039505958557128906,0.0
2581,pop19,2,0.0003993511199951172,4.5299530029296875e-05
2581,pop51,1,0.00049591064453125,0.0
2581,pop47,1,0.0003840923309326172,0.0
2581,pop53,3,0.00043702125549316406,4.400529289216083e-06
2581,pop1,3,0.00042939186096191406,1.905659086236086e-05
2581,pop0,2,0.0006318092346191406,0.00019741058349609375
2581,pop50,2,0.00044274330139160156,1.430511474609375e-06
2581,pop14,2,0.00043404102325439453,3.063678741455078e-05
2581,pop27,4,0.0005265474319458008,0.00016240737781927792
2582,pop54,2,0.0004177093505859375,3.719329833984375e-05
2582,pop52,2,0.00045430660247802734,6.794929504394531e-06
2582,pop51,3,0.00041103363037109375,2.2679443323529014e-05
2582,pop29,3,0.0005276997884114584,0.00012164758795442742
2582,pop55,2,0.0005434751510620117,7.736682891845703e-05
2582,pop50,2,0.000620722770690918,0.00020301342010498047
2583,pop33,4,0.0004572868347167969,0.00016164287345838533
2583,pop50,1,0.0004189014434814453,0.0
2583,pop53,1,0.00042819976806640625,0.0
2583,pop42,1,0.00039839744567871094,0.0
2584,pop44,2,0.00038444995880126953,6.16312026977539e-05
2584,pop27,4,0.0005024075508117676,0.00010007239999656339
2584,pop14,1,0.0004241466522216797,0.0
2584,pop50,1,0.0004527568817138672,0.0
2584,pop53,1,0.0004246234893798828,0.0
2584,pop42,1,0.00041794776916503906,0.0
2585,pop50,4,0.0004590153694152832,0.00015144379063470806
2585,pop53,1,0.0004456043243408203,0.0
2585,pop42,1,0.0004353523254394531,0.0
2586,pop14,2,0.000362396240234375,8.20159912109375e-05
2586,pop50,5,0.0005767822265625,0.00014808104053792623
2586,pop52,3,0.00042947133382161457,1.7061325624076485e-05
2586,pop54,2,0.000510096549987793,0.0001016855239868164
2587,pop25,2,0.0003579854965209961,8.475780487060547e-05
2587,pop17,1,0.00046133995056152344,0.0
2587,pop50,1,0.00044727325439453125,0.0
2587,pop52,3,0.00044345855712890625,1.2972833747511203e-05
2587,pop34,2,0.0005751848220825195,0.0001474618911743164
2587,pop51,2,0.0004316568374633789,2.491474151611328e-05
2587,pop10,4,0.0005592703819274902,0.00012637515886381625
2588,pop4,4,0.00038367509841918945,6.923184048170587e-05
2588,pop51,3,0.00043241182963053387,1.868846161008611e-05
2588,pop52,3,0.00043733914693196613,1.3091088263773459e-05
2588,pop12,2,0.0005998611450195312,0.0001652240753173828
2588,pop46,2,0.0006411075592041016,2.7418136596679688e-05
2589,pop0,2,0.0004068613052368164,3.8743019104003906e-05
2589,pop1,4,0.0005448460578918457,0.00016134424661641274
2589,pop53,1,0.0004086494445800781,0.0
2589,pop50,1,0.00045609474182128906,0.0
2589,pop17,1,0.00043582916259765625,0.0
2589,pop31,1,0.0004267692565917969,0.0
2589,pop30,1,0.00047016143798828125,0.0
2589,pop48,1,0.0004458427429199219,0.0
2589,pop49,1,0.0004477500915527344,0.0
2590,pop6,5,0.0004268169403076172,0.00012934742094690633
2590,pop7,1,0.0004601478576660156,0.0
2590,pop53,1,0.0004367828369140625,0.0
2590,pop1,1,0.0004267692565917969,0.0
2590,pop0,1,0.0004513263702392578,0.0
2591,pop29,5,0.0004568576812744141,0.00015347308948028836
2591,pop51,1,0.00044655799865722656,0.0
2591,pop50,1,0.0004000663757324219,0.0
2591,pop32,1,0.0004398822784423828,0.0
2592,pop13,2,0.0003638267517089844,8.320808410644531e-05
2592,pop52,1,0.00044536590576171875,0.0
2592,pop53,3,0.00043312708536783856,2.7621821080816218e-05
2592,pop1,4,0.000437319278717041,1.452923583952876e-05
2592,pop0,2,0.0006281137466430664,0.00019085407257080078
2592,pop50,3,0.0005409717559814453,0.00015079756811820825
2593,pop54,2,0.00030922889709472656,0.00013399124145507812
2593,pop52,3,0.0004534721374511719,7.0107495682210755e-06
2593,pop13,3,0.000614166259765625,0.00025682148622966044
2593,pop50,2,0.00042700767517089844,2.86102294921875e-06
2593,pop14,2,0.00045228004455566406,4.0531158447265625e-06
2593,pop27,2,0.0006022453308105469,0.0001537799835205078
2594,pop50,5,0.0005038261413574218,0.000160047776379712
2594,pop51,1,0.00042366981506347656,0.0
2594,pop43,1,0.00041985511779785156,0.0
2594,pop40,1,0.00039386749267578125,0.0
2595,pop12,2,0.00040030479431152344,3.814697265625e-05
2595,pop52,1,0.000457763671875,0.0
2595,pop50,2,0.0004385709762573242,2.0265579223632812e-06
2595,pop14,1,0.0004458427429199219,0.0
2595,pop27,3,0.0004904270172119141,7.44759499811847e-05
2595,pop44,1,0.00043511390686035156,0.0
2596,pop44,2,0.00042426586151123047,4.6133995056152344e-05
2596,pop27,3,0.0005347728729248047,0.00016743175651100226
2596,pop14,1,0.00045013427734375,0.0
2596,pop50,1,0.00040459632873535156,0.0
2596,pop53,1,0.0004475116729736328,0.0
2596,pop1,1,0.0004162788391113281,0.0
2596,pop0,1,0.0004444122314453125,0.0
2597,pop29,2,0.0004067420959472656,5.626678466796875e-05
2597,pop51,1,0.0004525184631347656,0.0
2597,pop47,1,0.0004334449768066406,0.0
2597,pop53,1,0.0004520416259765625,0.0
2597,pop1,4,0.00048679113388061523,7.182463569997975e-05
2597,pop0,1,0.0004374980926513672,0.0
2598,pop13,2,0.00042426586151123047,3.9458274841308594e-05
2598,pop52,1,0.0004515647888183594,0.0
2598,pop50,4,0.000530540943145752,0.00015801202571869214
2598,pop14,1,0.0004470348358154297,0.0
2598,pop27,1,0.0004107952117919922,0.0
2598,pop44,1,0.0004546642303466797,0.0
2598,pop39,1,0.0004115104675292969,0.0
2598,pop38,1,0.00042176246643066406,0.0
2599,pop22,5,0.0005055427551269531,0.00015592032606855357
2599,pop51,1,0.00041747093200683594,0.0
2599,pop29,1,0.00043702125549316406,0.0
2600,pop21,2,0.00038826465606689453,8.64267349243164e-05
2600,pop23,1,0.00045037269592285156,0.0
2600,pop24,2,0.0005608797073364258,0.0001329183578491211
2600,pop14,2,0.00044226646423339844,1.2636184692382812e-05
2600,pop50,4,0.0004987120628356934,0.00010302281369188762
2601,pop50,5,0.0004542827606201172,0.0001441445367611916
2601,pop53,1,0.0004298686981201172,0.0
2601,pop42,1,0.0004055500030517578,0.0
2602,pop33,3,0.00041476885477701825,6.3820318639996e-05
2602,pop50,1,0.0004401206970214844,0.0
2602,pop51,3,0.0004363854726155599,1.2601398674567109e-05
2602,pop9,2,0.0005623102188110352,9.739398956298828e-05
2602,pop4,2,0.00043570995330810547,1.633167266845703e-05
2602,pop5,2,0.0006576776504516602,5.8531761169433594e-05
2603,pop12,2,0.0004380941390991211,3.254413604736328e-05
2603,pop52,1,0.00047969818115234375,0.0
2603,pop50,1,0.0004241466522216797,0.0
2603,pop14,1,0.000446319580078125,0.0
2603,pop27,4,0.0004884004592895508,0.00011695901581929285
2603,pop44,1,0.0004062652587890625,0.0
2603,pop39,1,0.00045371055603027344,0.0
2604,pop44,2,0.00041234493255615234,4.184246063232422e-05
2604,pop27,4,0.0005314350128173828,0.00014275450546536171
2604,pop14,1,0.000415802001953125,0.0
2604,pop50,1,0.0004444122314453125,0.0
2604,pop51,1,0.0004515647888183594,0.0
2604,pop43,1,0.00044655799865722656,0.0
2604,pop40,1,0.00041031837463378906,0.0
2605,pop13,5,0.000518035888671875,0.00016051675986729038
2605,pop52,1,0.0004184246063232422,0.0
2605,pop50,1,0.0004436969757080078,0.0
2605,pop14,1,0.00042438507080078125,0.0
2605,pop27,1,0.00045752525329589844,0.0
2605,pop44,1,0.00044536590576171875,0.0
2605,pop39,1,0.00043654441833496094,0.0
2606,pop14,2,0.000392913818359375,7.05718994140625e-05
2606,pop50,2,0.0004502534866333008,7.271766662597656e-06
2606,pop51,3,0.0008610089619954427,0.0005996850322426887
2606,pop9,2,0.0005593299865722656,0.00013828277587890625
2606,pop52,1,0.0004687309265136719,0.0
2606,pop55,3,0.000644524892171224,0.00016279180697145368
2607,pop21,2,0.0004431009292602539,3.4689903259277344e-05
2607,pop23,1,0.0004532337188720703,0.0
2607,pop16,1,0.0004210472106933594,0.0
2607,pop50,3,0.0005632241566975912,0.00018219603311431606
2607,pop14,1,0.0004088878631591797,0.0
2607,pop27,1,0.00044608116149902344,0.0
2607,pop44,1,0.0004169940948486328,0.0
2607,pop39,1,0.00042510032653808594,0.0
2608,pop57,2,0.00034046173095703125,0.0001354217529296875
2608,pop48,3,0.00048613548278808594,5.564337547384293e-05
2608,pop30,1,0.0003991127014160156,0.0
2608,pop31,1,0.0004317760467529297,0.0
2609,pop45,2,0.00043201446533203125,4.57763671875e-05
2609,pop44,1,0.00042176246643066406,0.0
2609,pop39,2,0.00045013427734375,1.6927719116210938e-05
2609,pop38,2,0.0006124973297119141,7.486343383789062e-05
2610,pop20,4,0.0005106329917907715,0.0001695577196774291
2610,pop46,1,0.0004413127899169922,0.0
2610,pop51,1,0.00042438507080078125,0.0
2610,pop47,1,0.00041866302490234375,0.0
2610,pop53,1,0.000408172607421875,0.0
2610,pop1,1,0.0004496574401855469,0.0
2610,pop15,1,0.00043010711669921875,0.0
2611,pop54,2,0.0003966093063354492,6.99758529663086e-05
2611,pop52,1,0.0004630088806152344,0.0
2611,pop50,5,0.0004924774169921875,9.660591376925769e-05
2611,pop17,3,0.0004311402638753255,1.8172369131172153e-05
2611,pop31,3,0.0005467732747395834,0.0001621930283534536
2611,pop51,2,0.0004296302795410156,5.245208740234375e-06
2611,pop19,1,0.0006759166717529297,0.0
2611,pop47,1,0.0007658004760742188,0.0
2611,pop53,1,0.0004677772521972656,0.0
2612,pop44,2,0.00043487548828125,6.341934204101562e-05
2612,pop27,4,0.0005231499671936035,0.00015919554840381322
2612,pop14,1,0.0004010200500488281,0.0
2612,pop50,1,0.0004401206970214844,0.0
2612,pop53,1,0.0004515647888183594,0.0
2612,pop1,1,0.0004534721374511719,0.0
2612,pop0,1,0.0004169940948486328,0.0
2613,pop21,2,0.0004202127456665039,9.21487808227539e-05
2613,pop23,1,0.0004596710205078125,0.0
2613,pop16,1,0.000469207763671875,0.0
2613,pop50,3,0.0004382133483886719,1.4226751799235495e-05
2613,pop17,1,0.0004286766052246094,0.0
2613,pop31,2,0.0006496906280517578,9.012222290039062e-05
2614,pop54,3,0.00047659873962402344,0.00028921074498112467
2614,pop52,2,0.0004096031188964844,5.4836273193359375e-06
2614,pop53,3,0.00043312708536783856,1.570951498143442e-05
2614,pop1,2,0.00043570995330810547,1.800060272216797e-05
2614,pop0,1,0.0008087158203125,0.0
2614,pop42,4,0.000511467456817627,0.00013060414113398225
2615,pop44,2,0.000476837158203125,5.054473876953125e-05
2615,pop27,3,0.0005816618601481119,0.00019472190265891712
2615,pop14,1,0.0004520416259765625,0.0
2615,pop50,1,0.0004210472106933594,0.0
2615,pop17,1,0.0004189014434814453,0.0
2615,pop31,1,0.00042700767517089844,0.0
2615,pop30,1,0.00041794776916503906,0.0
2615,pop48,1,0.0004086494445800781,0.0
2615,pop49,1,0.0004432201385498047,0.0
2616,pop21,2,0.0004229545593261719,9.1552734375e-05
2616,pop22,3,0.0005139509836832682,0.00011399256333907861
2616,pop51,1,0.0004413127899169922,0.0
2616,pop52,1,0.0004208087921142578,0.0
2616,pop54,1,0.00043511390686035156,0.0
2617,pop8,2,0.0003795623779296875,7.724761962890625e-05
2617,pop51,3,0.00043710072835286457,1.4996172741210155e-05
2617,pop52,3,0.00044918060302734375,1.5525913550654593e-05
2617,pop13,2,0.000597834587097168,0.0001634359359741211
2617,pop36,4,0.0005095005035400391,0.00010577149455964257
2618,pop57,2,0.0003647804260253906,0.00011420249938964844
2618,pop56,2,0.0006136894226074219,0.00018596649169921875
2618,pop55,5,0.0004875659942626953,8.217150891924069e-05
2618,pop52,3,0.000440677007039388,2.116814481583874e-05
2618,pop54,2,0.0005612373352050781,0.00011467933654785156
2618,pop50,5,0.00042934417724609374,1.1051311959562888e-05
2618,pop51,2,0.0004464387893676758,7.271766662597656e-06
2618,pop46,2,0.0004171133041381836,3.6954879760742188e-06
2618,pop45,1,0.0007619857788085938,0.0
2618,pop14,2,0.0004438161849975586,1.823902130126953e-05
2618,pop27,1,0.0007817745208740234,0.0
2619,pop19,2,0.0004222393035888672,5.245208740234375e-05
2619,pop51,1,0.00042748451232910156,0.0
2619,pop47,2,0.000548243522644043,9.167194366455078e-05
2619,pop53,5,0.00042891502380371094,8.823420338608076e-06
2619,pop1,3,0.000410000483194987,6.480815581599908e-06
2619,pop0,2,0.0005178451538085938,9.703636169433594e-05
2619,pop50,1,0.0007545948028564453,0.0
2619,pop52,2,0.00046193599700927734,4.887580871582031e-06
2619,pop37,1,0.0006792545318603516,0.0
2619,pop42,3,0.0005877017974853516,0.00011922136881347076
2620,pop33,4,0.00043070316314697266,4.320921549088752e-05
2620,pop50,2,0.0008347034454345703,0.0003914833068847656
2620,pop52,1,0.0004074573516845703,0.0
2620,pop51,1,0.000457763671875,0.0
2620,pop46,1,0.00039696693420410156,0.0
2620,pop45,1,0.00044417381286621094,0.0
2621,pop13,3,0.0003485679626464844,0.00012494331646998393
2621,pop52,3,0.0004374186197916667,1.2653916192051661e-05
2621,pop54,2,0.0005636215209960938,0.00012803077697753906
2621,pop50,2,0.0004793405532836914,1.5854835510253906e-05
2621,pop33,1,0.0006797313690185547,0.0
2621,pop53,2,0.00046050548553466797,3.2186508178710938e-06
2621,pop7,1,0.0008609294891357422,0.0
2621,pop47,1,0.0004417896270751953,0.0
2621,pop51,3,0.00044226646423339844,2.3458094342575986e-05
2621,pop22,3,0.0004393259684244792,2.306082745956883e-06
2621,pop21,1,0.0007350444793701172,0.0
2621,pop46,2,0.0006102323532104492,0.0001405477523803711
2622,pop21,2,0.0003896951675415039,8.618831634521484e-05
2622,pop22,1,0.00045371055603027344,0.0
2622,pop51,1,0.0004425048828125,0.0
2622,pop52,4,0.00044333934783935547,1.3396599725239464e-05
2622,pop12,2,0.0005341768264770508,0.0001016855239868164
2622,pop34,1,0.0008063316345214844,0.0
2622,pop55,3,0.0005029837290445963,8.032084105431153e-05
2623,pop25,2,0.0003648996353149414,7.164478302001953e-05
2623,pop17,1,0.0004551410675048828,0.0
2623,pop50,2,0.00043654441833496094,1.2874603271484375e-05
2623,pop53,1,0.00046706199645996094,0.0
2623,pop42,3,0.0005677541097005209,0.00012141294312471995
2624,pop14,2,0.0003514289855957031,9.703636169433594e-05
2624,pop50,4,0.0004833340644836426,0.00010714168257552801
2624,pop17,1,0.0004124641418457031,0.0
2624,pop31,1,0.0004401206970214844,0.0
2625,pop4,2,0.00039756298065185547,5.0187110900878906e-05
2625,pop51,1,0.00047206878662109375,0.0
2625,pop50,2,0.0004494190216064453,4.76837158203125e-06
2625,pop14,1,0.0004355907440185547,0.0
2625,pop27,4,0.0004634261131286621,5.2013890040178336e-05
2625,pop44,2,0.0006330013275146484,0.00020194053649902344
2626,pop0,4,0.0004779696464538574,0.0001589617658998901
2626,pop1,1,0.00045013427734375,0.0
2626,pop53,1,0.00043702125549316406,0.0
2626,pop50,1,0.00040602684020996094,0.0
2626,pop14,1,0.00044608116149902344,0.0
2626,pop24,1,0.00043964385986328125,0.0
2627,pop6,4,0.00046575069427490234,0.00014464764023357218
2627,pop7,1,0.0003952980041503906,0.0
2627,pop53,1,0.00044345855712890625,0.0
2627,pop47,1,0.0004115104675292969,0.0
2627,pop51,1,0.00044083595275878906,0.0
2627,pop9,1,0.0004379749298095703,0.0
2628,pop20,5,0.00046095848083496096,0.00014696200121173277
2628,pop46,1,0.0004057884216308594,0.0
2628,pop51,1,0.0004374980926513672,0.0
2628,pop52,1,0.0004105567932128906,0.0
2628,pop54,1,0.0004131793975830078,0.0
2629,pop13,2,0.00035822391510009766,9.143352508544922e-05
2629,pop52,2,0.00043392181396484375,2.2649765014648438e-05
2629,pop51,3,0.000433047612508138,1.8375596314243995e-05
2629,pop9,2,0.0006147623062133789,0.00018227100372314453
2629,pop55,2,0.00045931339263916016,2.0265579223632812e-06
2629,pop56,1,0.0007982254028320312,0.0
2629,pop50,3,0.0005423227945963541,0.00015206250665350017
2630,pop14,2,0.0003412961959838867,0.00010716915130615234
2630,pop50,5,0.0004402637481689453,1.4573285672232785e-05
2630,pop17,3,0.0004285176595052083,1.4790067871624091e-05
2630,pop31,2,0.0005242824554443359,0.00012421607971191406
2630,pop16,1,0.0008003711700439453,0.0
2630,pop55,2,0.0005538463592529297,0.00011730194091796875
2631,pop29,5,0.0003949642181396484,0.00013914436731259468
2631,pop51,1,0.0004019737243652344,0.0
2632,pop54,2,0.0003063678741455078,0.0001380443572998047
2632,pop52,3,0.0004287560780843099,2.503079692208548e-06
2632,pop12,2,0.0005736351013183594,0.00013446807861328125
2632,pop50,3,0.0004192193349202474,2.1851712754419167e-05
2632,pop14,1,0.0007641315460205078,0.0
2632,pop17,2,0.00044035911560058594,1.3828277587890625e-05
2632,pop31,4,0.0005132555961608887,0.00011722830546386816
2632,pop30,2,0.0004451274871826172,2.193450927734375e-05
2632,pop48,1,0.0007762908935546875,0.0
2633,pop25,2,0.0003896951675415039,7.212162017822266e-05
2633,pop17,1,0.0004551410675048828,0.0
2633,pop50,4,0.0004933476448059082,0.00010065548092630914
2633,pop52,3,0.00044846534729003906,1.1225101861815081e-05
2633,pop13,3,0.0005191961924235026,0.0001373073459835548
2634,pop22,3,0.00038886070251464844,7.485508112870689e-05
2634,pop51,1,0.0003993511199951172,0.0
2634,pop52,3,0.00043384234110514325,2.4028944734348444e-05
2634,pop12,2,0.0005768537521362305,0.0001424551010131836
2634,pop53,2,0.00045096874237060547,7.271766662597656e-06
2634,pop1,3,0.00042947133382161457,3.4071526702604324e-06
2634,pop15,2,0.000621795654296875,2.765655517578125e-05
2635,pop50,3,0.00039505958557128906,7.991896039137465e-05
2635,pop51,3,0.0004280408223470052,3.4623179293937627e-06
2635,pop9,2,0.0005413293838500977,0.00014722347259521484
2635,pop36,3,0.0005036195119222006,6.43748805086208e-05
2636,pop8,2,0.0003762245178222656,7.104873657226562e-05
2636,pop51,1,0.0004661083221435547,0.0
2636,pop50,3,0.0005232493082682291,0.0001030770649583723
2636,pop17,1,0.0003826618194580078,0.0
2636,pop31,1,0.00040531158447265625,0.0
2637,pop4,5,0.0004897594451904296,0.00013515540243135249
2637,pop51,1,0.0004496574401855469,0.0
2637,pop8,1,0.0004100799560546875,0.0
2638,pop0,3,0.0003810723622639974,0.00010598849300558072
2638,pop1,3,0.0005001227060953776,9.439375319739087e-05
2638,pop53,1,0.00042939186096191406,0.0
2638,pop47,1,0.0004432201385498047,0.0
2638,pop51,1,0.0004055500030517578,0.0
2639,pop14,2,0.00036394596099853516,7.975101470947266e-05
2639,pop50,3,0.00044083595275878906,2.2741183451958504e-05
2639,pop52,3,0.0004361470540364583,1.6194143104284717e-05
2639,pop54,2,0.0005608797073364258,0.00015223026275634766
2639,pop53,2,0.0004401206970214844,9.298324584960938e-06
2639,pop42,2,0.0006735324859619141,7.3909759521484375e-06
2640,pop54,2,0.0004000663757324219,3.6716461181640625e-05
2640,pop52,1,0.0004527568817138672,0.0
2640,pop50,3,0.0005698998769124349,0.00019942459621952858
2640,pop14,1,0.0004436969757080078,0.0
2640,pop27,1,0.0004329681396484375,0.0
2640,pop44,1,0.0004138946533203125,0.0
2640,pop39,1,0.00044417381286621094,0.0
2640,pop38,1,0.00041031837463378906,0.0
2641,pop12,2,0.0004150867462158203,6.723403930664062e-05
2641,pop52,1,0.0004622936248779297,0.0
2641,pop51,1,0.0004220008850097656,0.0
2641,pop46,1,0.0004563331604003906,0.0
2641,pop45,2,0.0005995035171508789,0.00018465518951416016
2641,pop44,2,0.0004532337188720703,1.049041748046875e-05
2641,pop39,4,0.0005740523338317871,0.0001600659291813592
2642,pop33,3,0.0003752708435058594,0.0001148644860718795
2642,pop50,5,0.00043597221374511717,7.882393706966024e-06
2642,pop51,4,0.0005138516426086426,0.00014210171091157874
2642,pop52,2,0.00043201446533203125,1.1205673217773438e-05
2642,pop54,1,0.0008089542388916016,0.0
2642,pop17,3,0.0005106925964355469,6.693492801050261e-05
2642,pop31,1,0.0005810260772705078,0.0
2642,pop25,1,0.000789642333984375,0.0
2642,pop9,1,0.0008330345153808594,0.0
2642,pop14,2,0.00045037269592285156,5.9604644775390625e-06
2642,pop27,3,0.000503698984781901,0.00010160274876944402
2643,pop0,5,0.0005073070526123047,0.00014332184610448088
2643,pop1,1,0.0004410743713378906,0.0
2643,pop53,1,0.0004551410675048828,0.0
2643,pop47,1,0.00041937828063964844,0.0
2643,pop51,1,0.0004374980926513672,0.0
2643,pop29,1,0.00039505958557128906,0.0
2644,pop50,2,0.00036716461181640625,9.298324584960938e-05
2644,pop52,1,0.0004413127899169922,0.0
2644,pop13,3,0.0005578994750976562,8.239285248655285e-05
2645,pop4,4,0.0004226565361022949,5.713555250365905e-05
2645,pop51,1,0.0004220008850097656,0.0
2645,pop50,2,0.0005674362182617188,0.00010967254638671875
2645,pop14,1,0.0004417896270751953,0.0
2645,pop24,1,0.00040149688720703125,0.0
2646,pop54,2,0.00035202503204345703,0.00011718273162841797
2646,pop52,1,0.0004487037658691406,0.0
2646,pop53,1,0.0004222393035888672,0.0
2646,pop42,4,0.0005044341087341309,8.606751785898146e-05
2647,pop45,2,0.0003095865249633789,0.00016224384307861328
2647,pop46,4,0.0004925727844238281,7.105733672197897e-05
2647,pop51,1,0.00042939186096191406,0.0
2648,pop12,2,0.00033855438232421875,0.0001266002655029297
2648,pop52,1,0.00044465065002441406,0.0
2648,pop51,2,0.0006297826766967773,0.00023233890533447266
2648,pop50,3,0.0004387696584065755,1.888212262871539e-05
2648,pop17,2,0.00043582916259765625,2.7179718017578125e-05
2648,pop31,2,0.0004513263702392578,1.3113021850585938e-05
2648,pop30,2,0.0004413127899169922,3.0994415283203125e-06
2648,pop48,2,0.0007581710815429688,6.842613220214844e-05
2649,pop50,4,0.0004342198371887207,3.404938483316029e-05
2649,pop17,1,0.00042438507080078125,0.0
2649,pop31,1,0.0004239082336425781,0.0
2649,pop30,1,0.0004620552062988281,0.0
2649,pop48,2,0.0005195140838623047,7.462501525878906e-05
2649,pop49,1,0.0004382133483886719,0.0
2650,pop44,2,0.0004143714904785156,5.364418029785156e-05
2650,pop27,4,0.000521540641784668,0.00014973166064773057
2650,pop14,1,0.0004298686981201172,0.0
2650,pop50,1,0.0004448890686035156,0.0
2650,pop53,1,0.00043272972106933594,0.0
2650,pop1,1,0.00041675567626953125,0.0
2650,pop15,1,0.00043845176696777344,0.0
2651,pop25,2,0.00038754940032958984,8.428096771240234e-05
2651,pop17,1,0.00042510032653808594,0.0
2651,pop50,7,0.0004763943808419364,8.782115071784646e-05
2651,pop52,3,0.00043733914693196613,9.354870458960317e-06
2651,pop34,2,0.0006353855133056641,0.0001971721649169922
2651,pop16,2,0.00045502185821533203,6.318092346191406e-06
2651,pop23,1,0.0006260871887207031,0.0
2651,pop35,1,0.0006945133209228516,0.0
2651,pop53,2,0.00044023990631103516,2.1576881408691406e-05
2651,pop7,1,0.0007345676422119141,0.0
2652,pop54,2,0.0004273653030395508,3.4928321838378906e-05
2652,pop52,1,0.00043892860412597656,0.0
2652,pop50,1,0.0004525184631347656,0.0
2652,pop14,1,0.0004687309265136719,0.0
2652,pop27,3,0.0005007584889729818,8.450121617758005e-05
2652,pop44,1,0.00044727325439453125,0.0
2652,pop39,1,0.0004124641418457031,0.0
2653,pop57,2,0.0004153251647949219,5.316734313964844e-05
2653,pop56,1,0.00043463706970214844,0.0
2653,pop55,3,0.00044274330139160156,1.5923553112662313e-05
2653,pop50,1,0.0004642009735107422,0.0
2653,pop14,1,0.0004343986511230469,0.0
2653,pop27,2,0.0005180835723876953,9.584426879882812e-05
2653,pop44,1,0.0004520416259765625,0.0
2653,pop39,1,0.00040650367736816406,0.0
2654,pop22,2,0.0004278421401977539,4.5180320739746094e-05
2654,pop51,1,0.0004253387451171875,0.0
2654,pop50,1,0.00045680999755859375,0.0
2654,pop14,1,0.00042366981506347656,0.0
2654,pop27,1,0.0004494190216064453,0.0
2654,pop44,1,0.00045609474182128906,0.0
2654,pop39,4,0.0005109310150146484,7.027688416343816e-05
2655,pop14,4,0.0004436373710632324,0.0002093924235415294
2655,pop24,2,0.0005114078521728516,8.940696716308594e-05
2655,pop27,4,0.00047135353088378906,8.026406702180152e-05
2656,pop45,2,0.00032722949981689453,0.0001512765884399414
2656,pop46,2,0.00043785572052001953,1.990795135498047e-05
2656,pop51,3,0.00042883555094401043,2.662921955959564e-05
2656,pop9,2,0.0005555152893066406,0.00013947486877441406
2656,pop52,2,0.00041937828063964844,3.0994415283203125e-06
2656,pop34,1,0.0006794929504394531,0.0
2656,pop53,2,0.00042188167572021484,6.556510925292969e-06
2656,pop7,1,0.0008697509765625,0.0
2656,pop50,2,0.0004391670227050781,4.76837158203125e-06
2656,pop55,2,0.0005754232406616211,0.00012671947479248047
2657,pop50,4,0.0005035400390625,0.0001524778617588457
2657,pop51,1,0.0004229545593261719,0.0
2657,pop46,1,0.0004432201385498047,0.0
2657,pop45,1,0.00042366981506347656,0.0
2658,pop25,2,0.00037550926208496094,8.463859558105469e-05
2658,pop17,1,0.00041985511779785156,0.0
2658,pop50,1,0.0004572868347167969,0.0
2658,pop52,1,0.00041556358337402344,0.0
2658,pop13,3,0.0005711714426676432,0.00011756563871275992
2659,pop54,2,0.00036072731018066406,0.00010466575622558594
2659,pop52,1,0.00042700767517089844,0.0
2659,pop51,4,0.00044357776641845703,1.612677438742515e-05
2659,pop9,2,0.0005022287368774414,8.14199447631836e-05
2659,pop4,1,0.000835418701171875,0.0
2659,pop50,2,0.00045871734619140625,1.9073486328125e-06
2659,pop17,2,0.00043845176696777344,2.002716064453125e-05
2659,pop31,2,0.00043582916259765625,1.0251998901367188e-05
2659,pop30,2,0.0005390644073486328,0.00011467933654785156
2659,pop48,4,0.0005111098289489746,0.00012185106562866274
2660,pop19,2,0.0004235506057739258,5.3763389587402344e-05
2660,pop51,4,0.0005691051483154297,0.0002471473946885268
2660,pop29,2,0.0006140470504760742,0.0001977682113647461
2660,pop8,1,0.000835418701171875,0.0
2660,pop47,2,0.00044846534729003906,3.337860107421875e-06
2660,pop53,2,0.00042879581451416016,1.919269561767578e-05
2660,pop3,3,0.0006950696309407552,0.00018557179916712984
2661,pop21,2,0.0004159212112426758,6.186962127685547e-05
2661,pop22,3,0.00043733914693196613,2.2298050785664176e-05
2661,pop51,3,0.00043312708536783856,1.3600776332398354e-05
2661,pop8,2,0.0005772113800048828,0.0001366138458251953
2661,pop36,2,0.0006424188613891602,0.00016939640045166016
2662,pop33,2,0.00031566619873046875,0.00016260147094726562
2662,pop32,4,0.0005217790603637695,8.370741856950276e-05
2663,pop0,2,0.0004367828369140625,2.6226043701171875e-05
2663,pop1,1,0.0004398822784423828,0.0
2663,pop53,1,0.00044655799865722656,0.0
2663,pop47,1,0.0004544258117675781,0.0
2663,pop51,3,0.0004410743713378906,1.4993224262586375e-05
2663,pop29,3,0.0005592505137125651,0.00019444496458625177
2663,pop19,1,0.000453948974609375,0.0
2663,pop18,1,0.0004563331604003906,0.0
2663,pop38,2,0.0005866289138793945,0.00014030933380126953
2663,pop39,2,0.0006296634674072266,0.0002143383026123047
2663,pop44,1,0.00042438507080078125,0.0
2663,pop27,1,0.0004475116729736328,0.0
2663,pop14,1,0.0004119873046875,0.0
2663,pop50,1,0.0004444122314453125,0.0
2664,pop44,2,0.00039947032928466797,5.9485435485839844e-05
2664,pop27,4,0.0005264878273010254,0.00013950587757312558
2664,pop14,1,0.00043201446533203125,0.0
2664,pop50,1,0.0004181861877441406,0.0
2664,pop53,1,0.0004475116729736328,0.0
2664,pop1,1,0.0004508495330810547,0.0
2664,pop15,1,0.0004067420959472656,0.0
2665,pop14,2,0.0003886222839355469,6.699562072753906e-05
2665,pop50,1,0.0004239082336425781,0.0
2665,pop53,1,0.0004417896270751953,0.0
2665,pop1,3,0.000432888666788737,3.343097422899146e-05
2665,pop0,2,0.000583648681640625,5.245208740234375e-05
2666,pop22,5,0.0005007743835449219,0.00016719869138799505
2666,pop51,1,0.00043892860412597656,0.0
2666,pop50,1,0.00040602684020996094,0.0
2666,pop14,1,0.00042319297790527344,0.0
2666,pop27,1,0.00042176246643066406,0.0
2666,pop44,1,0.00043010711669921875,0.0
2667,pop50,3,0.00041143099466959637,2.8060110019709413e-05
2667,pop51,1,0.0004630088806152344,0.0
2667,pop29,3,0.0005282560984293619,7.810439655718799e-05
2668,pop25,2,0.00036346912384033203,8.666515350341797e-05
2668,pop17,1,0.00046324729919433594,0.0
2668,pop50,3,0.0005486806233723959,0.00013296153821663255
2668,pop52,3,0.00044155120849609375,1.597345170775184e-05
2668,pop54,2,0.0006240606307983398,0.0001970529556274414
2668,pop51,4,0.00043082237243652344,2.173600873807346e-05
2668,pop43,2,0.0004419088363647461,1.0132789611816406e-05
2668,pop40,1,0.0007083415985107422,0.0
2668,pop53,2,0.0004442930221557617,1.800060272216797e-05
2668,pop7,2,0.0005185604095458984,7.43865966796875e-05
2668,pop6,2,0.0006252527236938477,0.00016415119171142578
2668,pop47,1,0.0004608631134033203,0.0
2668,pop29,2,0.0006997585296630859,2.574920654296875e-05
2669,pop19,2,0.0003660917282104492,6.878376007080078e-05
2669,pop51,1,0.00041556358337402344,0.0
2669,pop50,5,0.000493001937866211,9.765287389730891e-05
2669,pop17,3,0.0004337628682454427,2.032797066547368e-05
2669,pop31,2,0.0005538463592529297,9.059906005859375e-05
2670,pop6,3,0.000379482905069987,0.00010033095230831624
2670,pop7,1,0.0004444122314453125,0.0
2670,pop53,1,0.00045680999755859375,0.0
2670,pop52,3,0.0004371802012125651,1.6275839878857965e-05
2670,pop34,2,0.0006232261657714844,0.00018739700317382812
2670,pop50,2,0.0004525184631347656,1.5974044799804688e-05
2670,pop14,2,0.00043761730194091797,1.5854835510253906e-05
2670,pop27,2,0.0007524490356445312,6.246566772460938e-05
2671,pop20,3,0.0004158814748128255,5.548901831441929e-05
2671,pop46,2,0.0006188154220581055,0.0002046823501586914
2671,pop51,1,0.0004169940948486328,0.0
2671,pop47,1,0.0004258155822753906,0.0
2671,pop53,1,0.0003876686096191406,0.0
2671,pop1,1,0.0004036426544189453,0.0
2671,pop15,1,0.000438690185546875,0.0
2672,pop13,4,0.0004004836082458496,7.061827410959988e-05
2672,pop52,1,0.0004050731658935547,0.0
2672,pop53,1,0.00046324729919433594,0.0
2672,pop1,1,0.0004570484161376953,0.0
2672,pop15,2,0.0006684064865112305,0.00011718273162841797
2673,pop21,2,0.0003706216812133789,7.212162017822266e-05
2673,pop22,1,0.0004642009735107422,0.0
2673,pop51,3,0.00044147173563639325,1.8767377417540907e-05
2673,pop46,3,0.00044655799865722656,1.976526928792134e-05
2673,pop45,2,0.0005973577499389648,0.00016701221466064453
2673,pop50,4,0.0005393624305725098,0.00018347486031613353
2673,pop16,1,0.0007638931274414062,0.0
2674,pop33,3,0.0003841718037923177,8.146111556860479e-05
2674,pop50,2,0.0004309415817260742,1.633167266845703e-05
2674,pop52,3,0.00044115384419759113,1.2655413490204146e-05
2674,pop12,2,0.0006181001663208008,0.00018084049224853516
2674,pop51,1,0.000461578369140625,0.0
2674,pop46,1,0.00041604042053222656,0.0
2674,pop45,1,0.0007150173187255859,0.0
2674,pop44,1,0.0007534027099609375,0.0
2674,pop27,3,0.0005417664845784506,0.00014978270761679014
2674,pop14,1,0.0004372596740722656,0.0
2675,pop0,5,0.0004796028137207031,0.00014773478694431207
2675,pop1,1,0.0004405975341796875,0.0
2675,pop53,1,0.0004038810729980469,0.0
2675,pop42,1,0.0004458427429199219,0.0
2675,pop43,1,0.00041794776916503906,0.0
2675,pop40,1,0.00043702125549316406,0.0
2676,pop14,2,0.0004169940948486328,4.029273986816406e-05
2676,pop50,1,0.0004582405090332031,0.0
2676,pop51,1,0.00045037269592285156,0.0
2676,pop29,1,0.0009565353393554688,0.0
2677,pop19,2,0.0003947019577026367,4.9233436584472656e-05
2677,pop51,3,0.00044147173563639325,1.6413791203086328e-05
2677,pop29,3,0.0005714893341064453,0.00020338553518293502
2677,pop52,1,0.0004489421844482422,0.0
2677,pop55,3,0.0005753040313720703,0.00019180840133941
2677,pop50,1,0.0004131793975830078,0.0
2678,pop29,5,0.00041027069091796874,0.00015113807879916653
2678,pop51,1,0.00043702125549316406,0.0
2679,pop22,3,0.00038234392801920575,8.74668776709749e-05
2679,pop51,1,0.0004277229309082031,0.0
2679,pop43,4,0.0004693269729614258,4.786650075864439e-05
2679,pop40,2,0.0006067752838134766,0.0001690387725830078
2680,pop20,3,0.00041667620340983075,4.1838818911187656e-05
2680,pop46,3,0.0005574226379394531,0.00015828420150271292
2680,pop51,1,0.0004525184631347656,0.0
2680,pop8,1,0.00040531158447265625,0.0
2681,pop8,2,0.0003631114959716797,7.939338684082031e-05
2681,pop51,3,0.0004526774088541667,5.346580566264521e-06
2681,pop46,5,0.00043687820434570315,2.228804413046052e-05
2681,pop45,2,0.0005785226821899414,0.00013315677642822266
2681,pop43,2,0.0005797147750854492,0.00014603137969970703
2682,pop6,4,0.00046813488006591797,0.00016938608152891214
2682,pop7,1,0.00044846534729003906,0.0
2682,pop53,1,0.000408172607421875,0.0
2682,pop52,1,0.00040268898010253906,0.0
2682,pop54,1,0.00041937828063964844,0.0
2683,pop0,3,0.0003685951232910156,0.00010016361486136017
2683,pop1,1,0.0004329681396484375,0.0
2683,pop53,1,0.0004611015319824219,0.0
2683,pop52,5,0.00043992996215820314,1.8205815050159582e-05
2683,pop34,2,0.0005922317504882812,0.00015735626220703125
2683,pop51,2,0.0004316568374633789,2.682209014892578e-05
2683,pop46,1,0.0007259845733642578,0.0
2683,pop12,1,0.0007448196411132812,0.0
2683,pop50,4,0.0005286931991577148,0.00015246131795680425
2683,pop16,1,0.0007894039154052734,0.0
2684,pop14,4,0.00036782026290893555,0.0001258041986496491
2684,pop24,2,0.0005873441696166992,0.00014030933380126953
2684,pop50,3,0.0005394617716471354,0.00012802601641047242
2685,pop19,2,0.00039315223693847656,2.765655517578125e-05
2685,pop51,1,0.00045990943908691406,0.0
2685,pop50,4,0.0005452632904052734,0.0001748696667384941
2685,pop17,1,0.0004150867462158203,0.0
2685,pop31,1,0.00045990943908691406,0.0
2685,pop30,1,0.0004448890686035156,0.0
2685,pop48,1,0.0004124641418457031,0.0
2685,pop49,1,0.00044608116149902344,0.0
2686,pop29,5,0.0004149436950683594,0.00014899422353379938
2686,pop51,1,0.0004444122314453125,0.0
2686,pop9,1,0.0004298686981201172,0.0
2687,pop44,2,0.0003910064697265625,8.702278137207031e-05
2687,pop27,4,0.0005019307136535645,0.0001392697569410067
2687,pop14,1,0.0004439353942871094,0.0
2687,pop50,1,0.0004448890686035156,0.0
2687,pop52,1,0.0004467964172363281,0.0
2687,pop12,1,0.0004038810729980469,0.0
2688,pop14,2,0.00034987926483154297,0.00012052059173583984
2688,pop27,4,0.00048488378524780273,6.004821120106828e-05
2688,pop44,1,0.00040721893310546875,0.0
2689,pop19,2,0.00033211708068847656,0.00014257431030273438
2689,pop51,3,0.00045911471048990887,2.154081038924364e-05
2689,pop9,2,0.000613093376159668,0.00016558170318603516
2689,pop50,3,0.00044306119283040363,1.9762712745399676e-05
2689,pop14,2,0.0004330873489379883,8.702278137207031e-06
2689,pop24,1,0.0008590221405029297,0.0
2689,pop17,2,0.0004265308380126953,1.3113021850585938e-05
2689,pop31,3,0.0005308787027994791,0.0001553311630083591
2689,pop30,2,0.0004552602767944336,9.179115295410156e-06
2689,pop48,2,0.0005568265914916992,0.00014078617095947266
2690,pop29,4,0.0005013942718505859,0.00016332125135405074
2690,pop51,1,0.00042557716369628906,0.0
2690,pop50,1,0.0004317760467529297,0.0
2690,pop17,1,0.00040078163146972656,0.0
2690,pop31,1,0.0003952980041503906,0.0
2691,pop4,3,0.0004316965738932292,3.411432095197657e-05
2691,pop51,1,0.0004532337188720703,0.0
2691,pop50,2,0.0006046295166015625,0.00015854835510253906
2691,pop14,1,0.00044155120849609375,0.0
2691,pop27,1,0.0004107952117919922,0.0
2691,pop44,1,0.00044536590576171875,0.0
2692,pop50,4,0.00043123960494995117,2.6325759645108206e-05
2692,pop51,1,0.00042247772216796875,0.0
2692,pop29,2,0.0005697011947631836,2.8014183044433594e-05
2693,pop25,2,0.00041925907135009766,3.4689903259277344e-05
2693,pop17,1,0.00043392181396484375,0.0
2693,pop50,1,0.0004177093505859375,0.0
2693,pop51,3,0.0004687309265136719,1.4498515887747547e-05
2693,pop29,3,0.0005191961924235026,0.00015222316272488258
2693,pop43,3,0.0005581378936767578,0.0001699766742046417
2694,pop6,5,0.0005198478698730469,0.00015473902859058762
2694,pop7,1,0.0004241466522216797,0.0
2694,pop53,1,0.000453948974609375,0.0
2694,pop50,1,0.00044846534729003906,0.0
2694,pop14,1,0.0004012584686279297,0.0
2694,pop27,1,0.00044918060302734375,0.0
2694,pop44,1,0.000415802001953125,0.0
2694,pop39,1,0.0004520416259765625,0.0
2694,pop38,1,0.00040602684020996094,0.0
2695,pop44,2,0.0003679990768432617,0.00011670589447021484
2695,pop27,2,0.0004413127899169922,1.8358230590820312e-05
2695,pop14,1,0.0004665851593017578,0.0
2695,pop50,1,0.00046753883361816406,0.0
2695,pop51,2,0.0006196498870849609,0.00017380714416503906
2695,pop47,2,0.0004284381866455078,2.384185791015625e-06
2695,pop53,2,0.0004538297653198242,2.0623207092285156e-05
2695,pop1,3,0.0005969206492106119,0.00012122583806409828
2696,pop12,3,0.00040141741434733075,0.0002051283340422407
2696,pop52,3,0.00042502085367838543,1.9674308595231158e-05
2696,pop34,1,0.0007908344268798828,0.0
2696,pop51,2,0.00045180320739746094,2.6226043701171875e-05
2696,pop4,3,0.00044163068135579425,1.494808227186375e-05
2696,pop5,2,0.0006864070892333984,8.106231689453125e-06
2697,pop21,2,0.00039827823638916016,9.953975677490234e-05
2697,pop22,3,0.0005234877268473307,0.00011347093607459602
2697,pop51,1,0.0004413127899169922,0.0
2697,pop52,1,0.00040841102600097656,0.0
2697,pop13,1,0.00039458274841308594,0.0
2698,pop33,5,0.000469970703125,0.00013493307014478059
2698,pop50,1,0.000453948974609375,0.0
2698,pop51,1,0.0004153251647949219,0.0
2698,pop9,1,0.00044846534729003906,0.0
2699,pop14,2,0.00033986568450927734,0.0001360177993774414
2699,pop27,4,0.00046896934509277344,6.64103814238628e-05
2699,pop44,1,0.0004112720489501953,0.0
2700,pop44,3,0.0005184014638264974,0.00011571488535138888
2700,pop27,6,0.0004944006601969401,0.00013708713545332614
2700,pop14,3,0.00042359034220377606,7.520165279505166e-06
2700,pop50,3,0.0005788008371988932,0.00020918105131409063
2700,pop52,1,0.0004658699035644531,0.0
2700,pop51,3,0.0005812644958496094,0.00018025495777727768
2700,pop29,1,0.0007793903350830078,0.0
2701,pop22,2,0.0004851818084716797,1.33514404296875e-05
2701,pop51,1,0.00043702125549316406,0.0
2701,pop50,3,0.000583807627360026,0.00019199455379242608
2701,pop14,1,0.0004189014434814453,0.0
2701,pop27,1,0.00043702125549316406,0.0
2701,pop44,1,0.0004210472106933594,0.0
2701,pop39,1,0.0004436969757080078,0.0
2702,pop20,4,0.0005173683166503906,0.00018127002356029635
2702,pop46,1,0.0004353523254394531,0.0
2702,pop51,1,0.0004019737243652344,0.0
2702,pop29,1,0.00040602684020996094,0.0
2703,pop50,5,0.00047249794006347655,0.00014651052730777766
2703,pop52,1,0.00044035911560058594,0.0
2703,pop34,1,0.00040721893310546875,0.0
2704,pop21,2,0.00031685829162597656,0.00014519691467285156
2704,pop22,2,0.0004462003707885742,2.658367156982422e-05
2704,pop51,3,0.00045220057169596356,5.444905959116821e-06
2704,pop9,2,0.0005888938903808594,0.0001270771026611328
2704,pop50,3,0.0005142688751220703,0.00012003722373549645
2705,pop33,2,0.0004258155822753906,4.839897155761719e-05
2705,pop50,2,0.0004502534866333008,7.510185241699219e-06
2705,pop14,1,0.0004172325134277344,0.0
2705,pop27,3,0.0005321502685546875,0.0001343062172898663
2705,pop44,1,0.0004291534423828125,0.0
2705,pop39,1,0.0004341602325439453,0.0
2705,pop38,1,0.0004138946533203125,0.0
2706,pop14,3,0.0005250771840413412,0.00021214827005582734
2706,pop27,3,0.0005332628885904948,0.00013465906300159903
2706,pop50,1,0.0004591941833496094,0.0
2706,pop53,1,0.00041294097900390625,0.0
2706,pop1,1,0.0004432201385498047,0.0
2706,pop0,1,0.00044035911560058594,0.0
2707,pop44,2,0.0003654956817626953,0.00010442733764648438
2707,pop27,1,0.00045299530029296875,0.0
2707,pop14,1,0.0004496574401855469,0.0
2707,pop50,1,0.00045371055603027344,0.0
2707,pop17,1,0.00042748451232910156,0.0
2707,pop31,3,0.0005684693654378256,8.984349671139666e-05
2708,pop57,2,0.00036728382110595703,0.0001062154769897461
2708,pop56,1,0.0004265308380126953,0.0
2708,pop55,1,0.00044798851013183594,0.0
2708,pop50,2,0.00044345855712890625,1.4543533325195312e-05
2708,pop32,3,0.0005752245585123698,0.00011594635390419615
2709,pop45,2,0.00036156177520751953,0.0001207590103149414
2709,pop44,2,0.0005134344100952148,0.00010192394256591797
2709,pop39,4,0.0004639625549316406,6.123436701268145e-05
2710,pop54,2,0.00037109851837158203,8.594989776611328e-05
2710,pop52,1,0.00042128562927246094,0.0
2710,pop53,3,0.0004374186197916667,1.3296453080726863e-05
2710,pop1,4,0.00043255090713500977,1.7627966625327025e-05
2710,pop0,2,0.000599980354309082,0.00017654895782470703
2710,pop47,2,0.0004513263702392578,3.337860107421875e-06
2710,pop51,2,0.00041806697845458984,6.556510925292969e-06
2710,pop4,2,0.0007836818695068359,0.00015616416931152344
2711,pop8,3,0.0005139509836832682,0.00022571011316904
2711,pop51,5,0.00043625831604003905,1.9067763423662088e-05
2711,pop52,3,0.0004436175028483073,6.374694388756904e-06
2711,pop34,2,0.0005695819854736328,0.00013780593872070312
2711,pop53,4,0.0004342794418334961,1.5173333755012036e-05
2711,pop1,5,0.0004211902618408203,2.3784855411023378e-05
2711,pop0,2,0.0007537603378295898,7.331371307373047e-05
2711,pop47,3,0.00045720736185709637,6.032613027683368e-06
2711,pop10,3,0.0006014506022135416,0.0001339531022527995
2712,pop33,3,0.00044806798299153644,1.9393006240755036e-05
2712,pop50,2,0.0006045103073120117,0.00016033649444580078
2712,pop17,1,0.0004410743713378906,0.0
2712,pop31,1,0.00042176246643066406,0.0
2712,pop30,1,0.0004119873046875,0.0
2712,pop48,1,0.0004372596740722656,0.0
2712,pop49,1,0.0004169940948486328,0.0
2713,pop19,2,0.00036215782165527344,8.96453857421875e-05
2713,pop51,3,0.0004500548044840495,2.1226247189779503e-05
2713,pop46,4,0.00044608116149902344,1.4593281631011485e-05
2713,pop45,2,0.0005605220794677734,0.00015282630920410156
2713,pop47,1,0.0004420280456542969,0.0
2713,pop53,1,0.0008220672607421875,0.0
2713,pop50,2,0.0004591941833496094,3.314018249511719e-05
2713,pop14,2,0.00044143199920654297,1.2278556823730469e-05
2713,pop27,3,0.0005640188852945963,0.00015550257693301513
2714,pop29,4,0.0005369782447814941,0.00018212482796712895
2714,pop51,1,0.00042724609375,0.0
2714,pop50,1,0.0004076957702636719,0.0
2714,pop17,1,0.00044155120849609375,0.0
2714,pop31,1,0.0004987716674804688,0.0
2714,pop30,1,0.0004172325134277344,0.0
2714,pop48,1,0.0004451274871826172,0.0
2714,pop49,1,0.00043582916259765625,0.0
2715,pop20,5,0.00045523643493652346,0.00014501311816519604
2715,pop46,1,0.0004189014434814453,0.0
2715,pop51,1,0.00044465065002441406,0.0
2715,pop43,1,0.0004050731658935547,0.0
2715,pop40,1,0.00043892860412597656,0.0
2716,pop14,2,0.00040280818939208984,4.2557716369628906e-05
2716,pop50,2,0.0004451274871826172,1.2159347534179688e-05
2716,pop17,1,0.0004382133483886719,0.0
2716,pop31,2,0.0005328655242919922,8.344650268554688e-05
2716,pop30,1,0.0004131793975830078,0.0
2716,pop48,1,0.0004787445068359375,0.0
2716,pop49,1,0.0004019737243652344,0.0
2717,pop54,2,0.00035452842712402344,8.845329284667969e-05
2717,pop52,1,0.00046539306640625,0.0
2717,pop51,4,0.00044608116149902344,1.925663633500101e-05
2717,pop9,2,0.0005552768707275391,0.0001239776611328125
2717,pop46,3,0.0004543463389078776,6.474965588909365e-06
2717,pop20,2,0.0005664825439453125,0.00011539459228515625
2717,pop50,2,0.0005828142166137695,0.00013577938079833984
2718,pop33,5,0.0004950523376464844,0.000150343859844582
2718,pop50,1,0.0004410743713378906,0.0
2718,pop51,1,0.0004215240478515625,0.0
2718,pop46,1,0.0004458427429199219,0.0
2718,pop45,1,0.00041675567626953125,0.0
2719,pop4,2,0.00036656856536865234,8.14199447631836e-05
2719,pop51,6,0.0004322528839111328,7.8882568319178e-06
2719,pop52,3,0.000440518061319987,1.0742661316373062e-05
2719,pop54,2,0.0006110668182373047,0.00020003318786621094
2719,pop8,2,0.0007621049880981445,1.4424324035644531e-05
2719,pop22,3,0.00044496854146321613,1.4424269302166238e-05
2719,pop21,2,0.00043392181396484375,1.4066696166992188e-05
2719,pop23,1,0.0007884502410888672,0.0
2719,pop43,2,0.0005615949630737305,0.00011479854583740234
2720,pop33,3,0.000392913818359375,6.0004166907441966e-05
2720,pop50,1,0.0004298686981201172,0.0
2720,pop53,1,0.0004458427429199219,0.0
2720,pop1,2,0.0005155801773071289,3.731250762939453e-05
2720,pop0,1,0.0003895759582519531,0.0
2721,pop13,3,0.000421603520711263,3.889187720005792e-05
2721,pop52,1,0.0004818439483642578,0.0
2721,pop50,2,0.0006214380264282227,0.00017917156219482422
2721,pop14,1,0.00040459632873535156,0.0
2721,pop27,1,0.0004405975341796875,0.0
2721,pop44,1,0.0004119873046875,0.0
2721,pop39,1,0.0004372596740722656,0.0
2722,pop12,2,0.0003199577331542969,0.00012636184692382812
2722,pop52,1,0.0004684925079345703,0.0
2722,pop51,2,0.0005483627319335938,0.00015783309936523438
2722,pop50,4,0.0005028843879699707,9.458374470210968e-05
2723,pop19,2,0.00040018558502197266,4.3511390686035156e-05
2723,pop51,3,0.0004448890686035156,1.3010753297464612e-05
2723,pop29,2,0.0005867481231689453,0.00014901161193847656
2723,pop52,2,0.0004481077194213867,2.4437904357910156e-05
2723,pop54,1,0.0008687973022460938,0.0
2723,pop50,4,0.0005241632461547852,0.00016003877090980132
2724,pop14,2,0.00040268898010253906,4.7206878662109375e-05
2724,pop27,3,0.0005622704823811849,0.00017594433211925545
2724,pop44,1,0.0004248619079589844,0.0
2724,pop39,1,0.00044155120849609375,0.0
2724,pop38,1,0.0004069805145263672,0.0
2725,pop33,5,0.000690460205078125,0.0003411000876197755
2725,pop50,1,0.00042724609375,0.0
2725,pop51,1,0.0004482269287109375,0.0
2725,pop8,1,0.0004029273986816406,0.0
2726,pop50,2,0.0004189014434814453,2.288818359375e-05
2726,pop14,1,0.0004372596740722656,0.0
2726,pop27,4,0.0005077719688415527,8.951377449409334e-05
2726,pop44,1,0.0004010200500488281,0.0
2726,pop39,1,0.00043511390686035156,0.0
2727,pop21,2,0.00043714046478271484,3.0159950256347656e-05
2727,pop23,1,0.00044918060302734375,0.0
2727,pop16,1,0.0004057884216308594,0.0
2727,pop50,3,0.0005768140157063802,0.0001904079828385488
2727,pop14,1,0.00044536590576171875,0.0
2727,pop27,1,0.000423431396484375,0.0
2727,pop44,1,0.0004367828369140625,0.0
2727,pop39,1,0.00039505958557128906,0.0
2728,pop12,2,0.0004429817199707031,2.5272369384765625e-05
2728,pop52,1,0.0004754066467285156,0.0
2728,pop51,3,0.00044616063435872394,1.8737064518093762e-05
2728,pop29,3,0.0005305608113606771,0.0001613540584354715
2728,pop50,3,0.0005598862965901693,0.00017376405922947522
2729,pop33,2,0.0003966093063354492,8.237361907958984e-05
2729,pop50,1,0.00045800209045410156,0.0
2729,pop53,1,0.00048232078552246094,0.0
2729,pop1,2,0.0004400014877319336,2.181529998779297e-05
2729,pop0,2,0.0006499290466308594,9.751319885253906e-05
2730,pop0,4,0.00042939186096191406,4.8391630527388484e-05
2730,pop1,1,0.0004658699035644531,0.0
2730,pop53,1,0.0004210472106933594,0.0
2730,pop50,2,0.0005621910095214844,0.00011038780212402344
2730,pop14,1,0.0004355907440185547,0.0
2730,pop24,1,0.0004761219024658203,0.0
2731,pop57,2,0.0003527402877807617,0.00012981891632080078
2731,pop48,3,0.0004488627115885417,1.8722901702972595e-05
2731,pop30,1,0.00048089027404785156,0.0
2731,pop31,2,0.0007054805755615234,0.00016880035400390625
2732,pop45,2,0.000408172607421875,6.604194641113281e-05
2732,pop46,2,0.0004411935806274414,1.895427703857422e-05
2732,pop51,1,0.0004658699035644531,0.0
2732,pop50,1,0.00041174888610839844,0.0
2732,pop17,1,0.0004525184631347656,0.0
2732,pop31,2,0.0005886554718017578,4.673004150390625e-05
2733,pop8,2,0.0003725290298461914,0.00010979175567626953
2733,pop51,3,0.0004456043243408203,1.4150633089736293e-05
2733,pop52,3,0.00043733914693196613,1.4964551666183243e-05
2733,pop13,2,0.0005782842636108398,0.00016701221466064453
2733,pop4,1,0.0006511211395263672,0.0
2733,pop22,2,0.0004667043685913086,5.602836608886719e-06
2733,pop21,1,0.0008542537689208984,0.0
2733,pop23,1,0.00048160552978515625,0.0
2733,pop16,1,0.00043010711669921875,0.0
2733,pop50,3,0.0005440711975097656,0.0001289608717006133
2733,pop55,3,0.0004402001698811849,1.8817790405919555e-05
2733,pop56,2,0.00044333934783935547,1.7523765563964844e-05
2733,pop57,1,0.0007910728454589844,0.0
2734,pop54,2,0.0004360675811767578,4.124641418457031e-05
2734,pop52,1,0.00045418739318847656,0.0
2734,pop51,3,0.0004475911458333333,1.4044902823368404e-05
2734,pop43,4,0.00045615434646606445,2.8300784969499015e-05
2734,pop40,2,0.0006309747695922852,0.00020825862884521484
2734,pop19,2,0.0004305839538574219,2.1457672119140625e-05
2734,pop18,2,0.000561833381652832,0.00013458728790283203
2735,pop0,4,0.00046825408935546875,0.0001588477985433103
2735,pop1,1,0.0004467964172363281,0.0
2735,pop53,1,0.0004191398620605469,0.0
2735,pop52,1,0.0004448890686035156,0.0
2735,pop13,1,0.00042724609375,0.0
2736,pop8,2,0.00041735172271728516,6.0439109802246094e-05
2736,pop51,1,0.00043582916259765625,0.0
2736,pop47,1,0.0004601478576660156,0.0
2736,pop53,1,0.00042510032653808594,0.0
2736,pop1,3,0.00045911471048990887,8.472962327495305e-05
2736,pop15,1,0.00043392181396484375,0.0
2737,pop25,2,0.00039446353912353516,7.903575897216797e-05
2737,pop17,1,0.0004189014434814453,0.0
2737,pop50,3,0.00043654441833496094,2.647698882055998e-05
2737,pop53,3,0.00043384234110514325,2.482404455230031e-05
2737,pop1,3,0.0004311402638753255,1.6463354852495605e-05
2737,pop0,2,0.0006209611892700195,0.00019037723541259766
2737,pop14,2,0.00044786930084228516,6.556510925292969e-06
2737,pop27,4,0.0005106329917907715,0.00013777648128740307
2738,pop6,4,0.0004609227180480957,0.00016643165573354443
2738,pop7,1,0.0004475116729736328,0.0
2738,pop53,1,0.00041103363037109375,0.0
2738,pop47,1,0.00043702125549316406,0.0
2738,pop51,1,0.00040912628173828125,0.0
2739,pop4,3,0.0004296302795410156,3.8857596263708287e-05
2739,pop51,1,0.0004520416259765625,0.0
2739,pop50,2,0.0006425380706787109,0.0002086162567138672
2739,pop14,1,0.0004074573516845703,0.0
2739,pop27,1,0.00040030479431152344,0.0
2739,pop44,1,0.0004811286926269531,0.0
2739,pop39,1,0.00040912628173828125,0.0
2740,pop45,2,0.0003819465637207031,5.936622619628906e-05
2740,pop46,3,0.00044496854146321613,1.8465087549155686e-05
2740,pop51,1,0.00045561790466308594,0.0
2740,pop50,2,0.0005414485931396484,0.00011420249938964844
2740,pop17,1,0.00047397613525390625,0.0
2740,pop31,1,0.000423431396484375,0.0
2741,pop13,2,0.0003998279571533203,7.724761962890625e-05
2741,pop52,1,0.0004334449768066406,0.0
2741,pop50,4,0.000493168830871582,8.941833105983024e-05
2741,pop17,1,0.00044727325439453125,0.0
2741,pop31,1,0.0004787445068359375,0.0
2742,pop19,2,0.0003883838653564453,8.20159912109375e-05
2742,pop51,1,0.000453948974609375,0.0
2742,pop50,1,0.0004458427429199219,0.0
2742,pop32,4,0.0005206465721130371,0.00010618454965091286
2743,pop25,2,0.00042438507080078125,4.7206878662109375e-05
2743,pop17,3,0.00041874249776204425,3.4293252643571566e-06
2743,pop50,4,0.00044029951095581055,1.3397527876217975e-05
2743,pop51,3,0.0004436969757080078,1.2142974451300472e-05
2743,pop8,2,0.0006438493728637695,0.00020229816436767578
2743,pop31,2,0.0004533529281616211,7.271766662597656e-06
2743,pop30,2,0.0004734992980957031,2.5272369384765625e-05
2743,pop48,3,0.0006595452626546224,0.000156689243221513
2744,pop22,3,0.0003763834635416667,8.006542543744847e-05
2744,pop51,1,0.0004620552062988281,0.0
2744,pop52,3,0.00044576327006022137,7.63270518210282e-06
2744,pop54,2,0.0006552934646606445,0.0002161264419555664
2744,pop55,2,0.0004190206527709961,7.033348083496094e-06
2744,pop56,2,0.0004481077194213867,7.510185241699219e-06
2744,pop48,3,0.0005244414011637369,0.00011973350553053021
2745,pop44,2,0.00039207935333251953,7.37905502319336e-05
2745,pop27,3,0.0005476474761962891,0.00014617256229620604
2745,pop14,1,0.00043487548828125,0.0
2745,pop50,1,0.0004470348358154297,0.0
2745,pop53,1,0.0004229545593261719,0.0
2745,pop1,1,0.00044417381286621094,0.0
2745,pop0,1,0.0003769397735595703,0.0
2746,pop50,4,0.0005216002464294434,0.00017450899444945126
2746,pop17,1,0.00042366981506347656,0.0
2746,pop31,1,0.0004477500915527344,0.0
2746,pop30,1,0.000461578369140625,0.0
2746,pop48,1,0.0004329681396484375,0.0
2746,pop49,1,0.000438690185546875,0.0
2747,pop12,2,0.00038444995880126953,8.952617645263672e-05
2747,pop52,1,0.0004494190216064453,0.0
2747,pop53,1,0.0004258155822753906,0.0
2747,pop1,3,0.0004899501800537109,6.540350794663921e-05
2747,pop0,1,0.0004138946533203125,0.0
2748,pop6,5,0.0004807949066162109,0.0001421745462501164
2748,pop7,1,0.00042748451232910156,0.0
2748,pop53,1,0.0004277229309082031,0.0
2748,pop50,1,0.0004532337188720703,0.0
2748,pop14,1,0.0004458427429199219,0.0
2748,pop24,1,0.0004134178161621094,0.0
2749,pop45,2,0.00038444995880126953,0.00010025501251220703
2749,pop46,4,0.0005510449409484863,0.00011250722087206818
2749,pop51,9,0.0004463460710313585,1.6143535605168515e-05
2749,pop52,5,0.00043435096740722655,2.171122892671859e-05
2749,pop12,2,0.0006006956100463867,0.00019800662994384766
2749,pop54,1,0.000804901123046875,0.0
2749,pop29,1,0.0006444454193115234,0.0
2749,pop19,1,0.0007534027099609375,0.0
2749,pop50,2,0.00043463706970214844,1.7642974853515625e-05
2749,pop14,1,0.0008082389831542969,0.0
2749,pop22,3,0.0004500548044840495,1.6815225163063295e-05
2749,pop21,1,0.000720977783203125,0.0
2750,pop13,4,0.0005052089691162109,0.00017146083919925234
2750,pop52,1,0.00040984153747558594,0.0
2750,pop55,1,0.0004420280456542969,0.0
2750,pop56,1,0.0004146099090576172,0.0
2750,pop48,1,0.00044274330139160156,0.0
2750,pop49,1,0.00041747093200683594,0.0
2751,pop25,2,0.00039076805114746094,8.893013000488281e-05
2751,pop17,1,0.0004317760467529297,0.0
2751,pop31,1,0.0004811286926269531,0.0
2751,pop30,1,0.00042891502380371094,0.0
2751,pop48,2,0.00043582916259765625,9.775161743164062e-06
2751,pop49,3,0.0005936622619628906,0.00013018367617379978
2752,pop57,2,0.00036084651947021484,0.00010645389556884766
2752,pop56,1,0.0004246234893798828,0.0
2752,pop55,1,0.00045943260192871094,0.0
2752,pop52,3,0.000440677007039388,1.3047594550440744e-05
2752,pop13,2,0.0006093978881835938,0.0001723766326904297
2752,pop50,2,0.000423431396484375,2.1457672119140625e-06
2752,pop14,2,0.0004507303237915039,2.0265579223632812e-06
2752,pop27,4,0.0005961060523986816,0.0001621304517115803
2753,pop22,4,0.0004254579544067383,4.890443963490791e-05
2753,pop51,1,0.0004591941833496094,0.0
2753,pop43,1,0.00041604042053222656,0.0
2753,pop42,2,0.0005677938461303711,3.9458274841308594e-05
2754,pop29,3,0.00044616063435872394,0.00030166061403775514
2754,pop51,2,0.00043773651123046875,8.344650268554688e-06
2754,pop50,3,0.0004268487294514974,1.2796857966022711e-05
2754,pop14,2,0.00042617321014404297,8.344650268554688e-07
2754,pop27,2,0.0006334781646728516,0.00020956993103027344
2755,pop20,3,0.00041373570760091144,6.9367743437879e-05
2755,pop46,3,0.0005451043446858724,0.00016434660729384572
2755,pop45,1,0.00041484832763671875,0.0
2755,pop44,1,0.0004229545593261719,0.0
2756,pop0,4,0.0004597902297973633,0.0001831036449008747
2756,pop1,1,0.00041675567626953125,0.0
2756,pop53,1,0.0004336833953857422,0.0
2756,pop47,1,0.0004267692565917969,0.0
2756,pop51,1,0.0004115104675292969,0.0
2756,pop9,1,0.0004253387451171875,0.0
2757,pop8,2,0.0003628730773925781,8.869171142578125e-05
2757,pop51,1,0.00044727325439453125,0.0
2757,pop52,3,0.0004322528839111328,6.134357609876922e-06
2757,pop13,3,0.0005374749501546224,0.00013672085418151041
2757,pop50,2,0.0005801916122436523,0.00012362003326416016
2758,pop6,2,0.0003331899642944336,9.262561798095703e-05
2758,pop7,1,0.000431060791015625,0.0
2758,pop53,1,0.0004572868347167969,0.0
2758,pop52,3,0.0004347960154215495,2.027664007385828e-05
2758,pop34,2,0.0005615949630737305,0.00011813640594482422
2758,pop50,4,0.0005035996437072754,0.00012129512993022296
2758,pop14,1,0.0006892681121826172,0.0
2759,pop57,2,0.0003781318664550781,8.726119995117188e-05
2759,pop56,1,0.0004258155822753906,0.0
2759,pop55,1,0.0004591941833496094,0.0
2759,pop50,1,0.0004210472106933594,0.0
2759,pop14,3,0.00044846534729003906,6.152862501413317e-06
2759,pop24,2,0.0005908012390136719,0.00016236305236816406
2759,pop27,4,0.00045818090438842773,7.987260370125549e-05
2760,pop29,3,0.0003795623779296875,7.128463004923043e-05
2760,pop51,2,0.0004323720932006836,5.602836608886719e-06
2760,pop52,3,0.00043090184529622394,4.728321257358695e-05
2760,pop13,3,0.0005218187967936198,0.0001258239353098502
2760,pop50,2,0.0004410743713378906,2.09808349609375e-05
2760,pop26,1,0.0008740425109863281,0.0
2760,pop53,1,0.0004246234893798828,0.0
2760,pop41,1,0.0006148815155029297,0.0
2760,pop40,1,0.0004036426544189453,0.0
2760,pop43,2,0.0007396936416625977,8.26120376586914e-05
2761,pop20,3,0.00040570894877115887,6.182304040441914e-05
2761,pop46,1,0.00047397613525390625,0.0
2761,pop51,1,0.0004525184631347656,0.0
2761,pop50,2,0.0005497932434082031,0.00013327598571777344
2761,pop17,1,0.00047278404235839844,0.0
2761,pop31,1,0.0004115104675292969,0.0
2762,pop8,2,0.0003584623336791992,8.881092071533203e-05
2762,pop51,3,0.00044226646423339844,8.509906910693525e-06
2762,pop52,3,0.0005218187967936198,0.00013606403460089138
2762,pop34,2,0.0005131959915161133,7.975101470947266e-05
2762,pop22,5,0.00048770904541015623,8.753587403016543e-05
2762,pop21,1,0.0006601810455322266,0.0
2763,pop14,2,0.0004304647445678711,2.3245811462402344e-05
2763,pop50,1,0.0009341239929199219,0.0
2763,pop52,1,0.0004239082336425781,0.0
2763,pop51,1,0.000911712646484375,0.0
2764,pop19,2,0.00035309791564941406,9.131431579589844e-05
2764,pop51,1,0.0004603862762451172,0.0
2764,pop52,3,0.00042883555094401043,2.586179224622928e-05
2764,pop34,2,0.0006053447723388672,0.0001747608184814453
2764,pop50,2,0.00043523311614990234,1.4901161193847656e-05
2764,pop17,2,0.0004538297653198242,8.344650268554688e-07
2764,pop31,4,0.000561058521270752,9.829373398240166e-05
2765,pop0,4,0.00046181678771972656,0.00017177831124116932
2765,pop1,1,0.0004165172576904297,0.0
2765,pop53,1,0.00041794776916503906,0.0
2765,pop52,1,0.0004382133483886719,0.0
2765,pop12,1,0.0004336833953857422,0.0
2766,pop29,4,0.0003885030746459961,8.940291395536642e-05
2766,pop51,1,0.00044465065002441406,0.0
2766,pop43,2,0.000514984130859375,7.605552673339844e-05
2766,pop40,1,0.0004687309265136719,0.0
2767,pop21,2,0.0003694295883178711,7.37905502319336e-05
2767,pop22,4,0.0005131363868713379,0.0001319671468453145
2767,pop51,1,0.0004343986511230469,0.0
2767,pop52,1,0.00040721893310546875,0.0
2767,pop34,1,0.00044274330139160156,0.0
2768,pop33,3,0.00042517979939778644,4.073648863710167e-05
2768,pop50,1,0.0004291534423828125,0.0
2768,pop14,1,0.00047779083251953125,0.0
2768,pop27,3,0.0005207856496175131,0.00014704459288986116
2768,pop44,1,0.0004372596740722656,0.0
2768,pop39,1,0.00045871734619140625,0.0
2768,pop38,1,0.0004413127899169922,0.0
2769,pop12,2,0.0004017353057861328,4.649162292480469e-05
2769,pop52,1,0.00045108795166015625,0.0
2769,pop51,3,0.0004298686981201172,8.028725738755577e-06
2769,pop8,2,0.000628352165222168,0.00021660327911376953
2769,pop47,2,0.0004278421401977539,9.179115295410156e-06
2769,pop53,2,0.00043714046478271484,1.1086463928222656e-05
2769,pop1,4,0.00044167041778564453,1.4653047597410822e-05
2769,pop15,2,0.0007888078689575195,6.318092346191406e-06
2770,pop45,2,0.0003714561462402344,7.915496826171875e-05
2770,pop46,2,0.0004400014877319336,1.2755393981933594e-05
2770,pop51,1,0.0004673004150390625,0.0
2770,pop43,2,0.00043785572052001953,1.704692840576172e-05
2770,pop42,2,0.00069427490234375,0.0001537799835205078
2771,pop13,4,0.000500798225402832,0.00017244854722255372
2771,pop52,1,0.0004439353942871094,0.0
2771,pop50,1,0.0004031658172607422,0.0
2771,pop14,1,0.0004227161407470703,0.0
2771,pop27,1,0.0004630088806152344,0.0
2771,pop44,1,0.0004451274871826172,0.0
2771,pop39,1,0.0004429817199707031,0.0
2771,pop38,1,0.0004010200500488281,0.0
2772,pop20,5,0.00047931671142578127,0.0001562358677049738
2772,pop46,1,0.0004258155822753906,0.0
2772,pop51,1,0.0004506111145019531,0.0
2772,pop43,1,0.0004246234893798828,0.0
2772,pop42,1,0.00045180320739746094,0.0
2773,pop19,2,0.0004044771194458008,4.7326087951660156e-05
2773,pop51,1,0.0004506111145019531,0.0
2773,pop8,1,0.0008194446563720703,0.0
2774,pop22,3,0.0003814697265625,8.749214732940078e-05
2774,pop51,1,0.00041747093200683594,0.0
2774,pop46,4,0.0004611015319824219,7.127379767518538e-05
2774,pop45,2,0.0006226301193237305,0.00016701221466064453
2775,pop12,2,0.0004286766052246094,5.316734313964844e-05
2775,pop52,1,0.0004611015319824219,0.0
2775,pop51,1,0.0004336833953857422,0.0
2775,pop46,3,0.0004459222157796224,6.992708494650185e-06
2775,pop45,2,0.000614166259765625,0.00020766258239746094
2775,pop44,2,0.0004260540008544922,6.9141387939453125e-06
2775,pop39,2,0.0007202625274658203,9.250640869140625e-05
2776,pop54,2,0.0003217458724975586,0.00015842914581298828
2776,pop52,3,0.00044727325439453125,4.335461202299072e-06
2776,pop13,3,0.0005447069803873698,0.0001339058492693627
2776,pop51,3,0.0004352728525797526,1.1411483543986828e-05
2776,pop4,1,0.0007393360137939453,0.0
2776,pop43,4,0.0005296468734741211,0.0001546912675256398
2776,pop11,1,0.0006475448608398438,0.0
2777,pop6,5,0.0005042552947998047,0.00014356932567470812
2777,pop7,1,0.0004382133483886719,0.0
2777,pop53,1,0.0003867149353027344,0.0
2777,pop50,1,0.0004076957702636719,0.0
2777,pop14,1,0.0004391670227050781,0.0
2777,pop27,1,0.0004487037658691406,0.0
2777,pop44,1,0.00040221214294433594,0.0
2777,pop39,1,0.0004343986511230469,0.0
2778,pop45,3,0.0005366802215576172,0.00019429295499599354
2778,pop46,3,0.000453948974609375,3.3941517677406665e-06
2778,pop51,5,0.0004423618316650391,1.9234100248430267e-05
2778,pop50,4,0.0004520416259765625,8.944669476654086e-06
2778,pop17,3,0.0004355112711588542,1.3466370633427387e-05
2778,pop31,3,0.0005495548248291016,0.00018677089206190582
2778,pop43,2,0.0004305839538574219,1.9073486328125e-06
2778,pop40,1,0.0007770061492919922,0.0
2778,pop19,2,0.00045311450958251953,3.933906555175781e-06
2778,pop18,2,0.0008062124252319336,2.0623207092285156e-05
2779,pop20,5,0.0004959583282470703,0.00014813983728333813
2779,pop46,1,0.00043272972106933594,0.0
2779,pop51,1,0.0004744529724121094,0.0
2779,pop47,1,0.00045228004455566406,0.0
2779,pop53,1,0.0004515647888183594,0.0
2779,pop1,1,0.0004477500915527344,0.0
2779,pop15,1,0.00041103363037109375,0.0
2780,pop4,3,0.00040976206461588543,2.3783240846202427e-05
2780,pop51,1,0.0004489421844482422,0.0
2780,pop29,3,0.0005598068237304688,9.329511232001731e-05
2781,pop8,2,0.0003714561462402344,0.00010347366333007812
2781,pop51,1,0.00042891502380371094,0.0
2781,pop43,4,0.0004616379737854004,4.419928569377401e-05
2781,pop40,1,0.0004334449768066406,0.0
2782,pop54,2,0.00043082237243652344,2.6226043701171875e-05
2782,pop52,1,0.00041365623474121094,0.0
2782,pop51,3,0.0005397001902262369,0.0001377262136387703
2782,pop29,2,0.0004955530166625977,5.900859832763672e-05
2782,pop46,4,0.0005594491958618164,0.0001932286243049221
2783,pop45,2,0.0003936290740966797,5.817413330078125e-05
2783,pop46,1,0.00042891502380371094,0.0
2783,pop51,1,0.00045418739318847656,0.0
2783,pop43,2,0.00043392181396484375,1.5735626220703125e-05
2783,pop42,3,0.0005705356597900391,0.00012657713993162283
2784,pop8,2,0.0003762245178222656,7.796287536621094e-05
2784,pop51,1,0.00047135353088378906,0.0
2784,pop43,1,0.0003733634948730469,0.0
2784,pop42,4,0.0005700588226318359,0.00015820640243391403
2785,pop44,2,0.0004067420959472656,7.343292236328125e-05
2785,pop27,3,0.0005401770273844401,0.00014063817787580767
2785,pop14,1,0.00044083595275878906,0.0
2785,pop50,1,0.00041675567626953125,0.0
2785,pop51,1,0.0004494190216064453,0.0
2785,pop9,1,0.0004317760467529297,0.0
2786,pop50,4,0.00043702125549316406,0.0001556236982645808
2786,pop32,1,0.00043463706970214844,0.0
2787,pop25,2,0.00042450428009033203,4.947185516357422e-05
2787,pop17,1,0.00042557716369628906,0.0
2787,pop50,3,0.0005686283111572266,0.00016745959336225772
2787,pop51,1,0.00044846534729003906,0.0
2787,pop29,1,0.0004134178161621094,0.0
2788,pop21,2,0.00040590763092041016,6.306171417236328e-05
2788,pop23,1,0.00041675567626953125,0.0
2788,pop16,1,0.0004930496215820312,0.0
2788,pop50,1,0.0004303455352783203,0.0
2788,pop53,1,0.0004591941833496094,0.0
2788,pop1,1,0.0004088878631591797,0.0
2788,pop15,3,0.0005967617034912109,0.0001498093549929345
2789,pop33,4,0.00044208765029907227,0.00014498656784957655
2789,pop50,1,0.00041604042053222656,0.0
2789,pop17,1,0.0004582405090332031,0.0
2789,pop31,1,0.00041484832763671875,0.0
2790,pop4,3,0.0003809928894042969,7.354147224325396e-05
2790,pop51,1,0.00044655799865722656,0.0
2790,pop52,5,0.00044345855712890625,3.0250423041485414e-05
2790,pop12,2,0.0005391836166381836,0.0001264810562133789
2790,pop37,1,0.0006299018859863281,0.0
2790,pop13,2,0.0006406307220458984,0.0001850128173828125
2790,pop50,2,0.0004360675811767578,1.3828277587890625e-05
2790,pop14,2,0.0004439353942871094,2.3365020751953125e-05
2790,pop27,2,0.0005797147750854492,0.0001493692398071289
2791,pop54,2,0.0003477334976196289,0.0001310110092163086
2791,pop52,3,0.000421444574991862,1.8218188899910688e-05
2791,pop51,2,0.000529170036315918,0.00010192394256591797
2791,pop12,1,0.0007984638214111328,0.0
2791,pop50,4,0.0004944801330566406,0.00011043735425979408
2791,pop14,2,0.0004181861877441406,9.5367431640625e-06
2791,pop24,1,0.0007755756378173828,0.0
2792,pop45,2,0.0004290342330932617,4.851818084716797e-05
2792,pop44,1,0.0004513263702392578,0.0
2792,pop39,3,0.0004883607228597006,6.99647389708777e-05
2792,pop38,1,0.00041937828063964844,0.0
2793,pop22,5,0.0004527568817138672,0.00014886585736553982
2793,pop51,1,0.00045871734619140625,0.0
2793,pop52,1,0.00042128562927246094,0.0
2793,pop13,1,0.00041866302490234375,0.0
2794,pop12,2,0.00030493736267089844,0.0001583099365234375
2794,pop52,3,0.0004222393035888672,9.122431979040619e-06
2794,pop34,2,0.0006031990051269531,0.0001990795135498047
2794,pop50,3,0.0005518595377604166,0.00014222493702425133
2795,pop50,5,0.00046486854553222655,0.00015000878659846107
2795,pop52,1,0.00041556358337402344,0.0
2795,pop54,1,0.0004420280456542969,0.0
2796,pop21,2,0.00036084651947021484,9.000301361083984e-05
2796,pop22,2,0.0004464387893676758,1.0848045349121094e-05
2796,pop51,1,0.00042438507080078125,0.0
2796,pop43,2,0.0005095005035400391,5.1021575927734375e-05
2796,pop40,1,0.0004177093505859375,0.0
2797,pop57,2,0.0003510713577270508,0.00010669231414794922
2797,pop56,1,0.00045680999755859375,0.0
2797,pop55,2,0.00045621395111083984,9.417533874511719e-06
2797,pop50,1,0.00045943260192871094,0.0
2797,pop32,3,0.0005205472310384115,8.429197366636559e-05
2798,pop25,2,0.0003352165222167969,0.00011301040649414062
2798,pop17,1,0.00045943260192871094,0.0
2798,pop50,1,0.00041747093200683594,0.0
2798,pop32,4,0.000581204891204834,0.00013169949408398313
2799,pop45,2,0.0004094839096069336,4.208087921142578e-05
2799,pop46,4,0.0005205273628234863,0.00014921949905730107
2799,pop51,1,0.00043201446533203125,0.0
2799,pop29,1,0.0004055500030517578,0.0
2800,pop50,4,0.00039768218994140625,7.272216126356233e-05
2800,pop52,3,0.00046404202779134113,3.282065537558886e-05
2800,pop34,2,0.0005743503570556641,0.00013113021850585938
2800,pop51,2,0.00043964385986328125,2.86102294921875e-06
2800,pop10,2,0.0007261037826538086,1.2755393981933594e-05
2801,pop14,4,0.0003911256790161133,7.98546541040597e-05
2801,pop50,4,0.00043708086013793945,2.5384791792472045e-05
2801,pop17,3,0.0004513263702392578,1.9340827069096364e-05
2801,pop31,2,0.0006139278411865234,0.00019478797912597656
2801,pop27,3,0.0005196730295817057,0.00011180828725530546
2802,pop0,3,0.00036986668904622394,0.000118065967393896
2802,pop1,2,0.0005402565002441406,0.00011992454528808594
2802,pop53,1,0.00040340423583984375,0.0
2802,pop42,1,0.0004444122314453125,0.0
2803,pop29,2,0.0003012418746948242,0.00014507770538330078
2803,pop51,3,0.00044004122416178387,1.8441471175282772e-05
2803,pop9,2,0.0005742311477661133,0.00013053417205810547
2803,pop50,2,0.0004564523696899414,6.794929504394531e-06
2803,pop16,1,0.0007612705230712891,0.0
2803,pop53,1,0.00042438507080078125,0.0
2803,pop42,4,0.000586092472076416,0.00014899982167329866
2803,pop43,1,0.0004093647003173828,0.0
2804,pop13,4,0.000521242618560791,0.0001909658683422545
2804,pop52,1,0.0004246234893798828,0.0
2804,pop50,1,0.00044465065002441406,0.0
2804,pop14,1,0.0004432201385498047,0.0
2804,pop27,1,0.0004487037658691406,0.0
2804,pop44,1,0.00041222572326660156,0.0
2804,pop39,1,0.00044274330139160156,0.0
2805,pop19,2,0.0004279613494873047,1.1682510375976562e-05
2805,pop51,1,0.00045371055603027344,0.0
2805,pop50,1,0.0004277229309082031,0.0
2805,pop17,1,0.00045180320739746094,0.0
2805,pop31,3,0.0004944801330566406,0.0001154922500349651
2805,pop30,1,0.0004062652587890625,0.0
2805,pop48,1,0.0004436969757080078,0.0
2805,pop49,1,0.0004203319549560547,0.0
2806,pop44,2,0.0003552436828613281,8.630752563476562e-05
2806,pop27,3,0.0005384286244710287,0.00011644029712330418
2806,pop14,1,0.0004429817199707031,0.0
2806,pop50,1,0.00043964385986328125,0.0
2806,pop53,1,0.0004169940948486328,0.0
2806,pop42,1,0.00043487548828125,0.0
2807,pop33,3,0.00039307276407877606,9.504508802263517e-05
2807,pop50,2,0.0004400014877319336,1.5854835510253906e-05
2807,pop52,3,0.0004475911458333333,2.466169738823607e-05
2807,pop12,2,0.0005952119827270508,0.00019466876983642578
2807,pop55,2,0.00043022632598876953,1.1920928955078125e-07
2807,pop56,2,0.00045168399810791016,1.0132789611816406e-05
2807,pop48,2,0.0006759166717529297,5.9604644775390625e-06
2808,pop4,5,0.000473785400390625,0.00013203614883449029
2808,pop51,1,0.0004200935363769531,0.0
2808,pop50,1,0.0004534721374511719,0.0
2808,pop17,1,0.0004239082336425781,0.0
2808,pop31,1,0.0003898143768310547,0.0
2809,pop21,2,0.0003097057342529297,0.00015854835510253906
2809,pop22,1,0.0004248619079589844,0.0
2809,pop51,3,0.0005591710408528646,0.00018681596400054715
2809,pop50,4,0.00043487548828125,3.312688670577616e-05
2809,pop16,1,0.0006902217864990234,0.0
2809,pop53,1,0.0004355907440185547,0.0
2809,pop47,1,0.0008099079132080078,0.0
2809,pop19,2,0.00043332576751708984,8.702278137207031e-06
2809,pop18,2,0.0005306005477905273,5.733966827392578e-05
2810,pop14,2,0.00037217140197753906,8.702278137207031e-05
2810,pop50,4,0.0005168914794921875,0.00015439927172882913
2810,pop51,1,0.0004153251647949219,0.0
2810,pop9,1,0.0004811286926269531,0.0
2811,pop0,5,0.0007722854614257812,0.0004709796285991693
2811,pop1,1,0.00041365623474121094,0.0
2811,pop53,1,0.0004565715789794922,0.0
2811,pop50,1,0.00043320655822753906,0.0
2811,pop14,1,0.0004150867462158203,0.0
2811,pop27,1,0.0004138946533203125,0.0
2811,pop44,1,0.00042819976806640625,0.0
2811,pop39,1,0.00040078163146972656,0.0
2812,pop6,2,0.00038993358612060547,9.620189666748047e-05
2812,pop7,1,0.0004405975341796875,0.0
2812,pop53,1,0.0004189014434814453,0.0
2812,pop50,4,0.0005022883415222168,0.00012269414523541383
2812,pop17,1,0.0003986358642578125,0.0
2812,pop31,1,0.00044345855712890625,0.0
2813,pop20,5,0.0004867076873779297,0.00013627799094613856
2813,pop46,1,0.0004436969757080078,0.0
2813,pop51,1,0.0004401206970214844,0.0
2813,pop47,1,0.00045371055603027344,0.0
2813,pop53,1,0.00043487548828125,0.0
2813,pop1,1,0.00039196014404296875,0.0
2813,pop15,1,0.0004010200500488281,0.0
2814,pop57,2,0.00039899349212646484,6.973743438720703e-05
2814,pop56,1,0.0004153251647949219,0.0
2814,pop55,1,0.00044798851013183594,0.0
2814,pop50,1,0.00043272972106933594,0.0
2814,pop53,1,0.0004239082336425781,0.0
2814,pop1,2,0.0004476308822631836,3.4570693969726562e-06
2814,pop15,3,0.0005714893341064453,0.00011035939078253185
2815,pop25,2,0.00037658214569091797,7.903575897216797e-05
2815,pop17,1,0.0004277229309082031,0.0
2815,pop50,3,0.0005461374918619791,0.00015164750285555343
2815,pop51,1,0.0004112720489501953,0.0
2815,pop9,1,0.00045180320739746094,0.0
2816,pop50,5,0.0004720211029052734,0.00013442481812787365
2816,pop52,3,0.00044385592142740887,3.497329585991505e-05
2816,pop13,3,0.0005589326222737631,0.00013566168460400654
2816,pop53,3,0.0005905628204345703,0.00010891859075411876
2816,pop7,2,0.0004496574401855469,6.9141387939453125e-06
2816,pop6,1,0.0006227493286132812,0.0
2816,pop47,1,0.0005977153778076172,0.0
2817,pop13,4,0.0003936886787414551,9.069114557153504e-05
2817,pop52,1,0.00045490264892578125,0.0
2817,pop53,1,0.00042819976806640625,0.0
2817,pop42,2,0.0006535053253173828,0.000152587890625
2818,pop44,2,0.00042438507080078125,4.57763671875e-05
2818,pop27,4,0.000535428524017334,0.00016246921851842367
2818,pop14,1,0.00041294097900390625,0.0
2818,pop50,1,0.0004336833953857422,0.0
2818,pop17,1,0.0004374980926513672,0.0
2818,pop31,1,0.00040531158447265625,0.0
2818,pop30,1,0.0004527568817138672,0.0
2818,pop48,1,0.0004436969757080078,0.0
2818,pop49,1,0.0004096031188964844,0.0
2819,pop44,2,0.0003998279571533203,6.771087646484375e-05
2819,pop27,4,0.0005131363868713379,0.00013667368441735138
2819,pop14,1,0.00040268898010253906,0.0
2819,pop50,1,0.0004076957702636719,0.0
2819,pop52,1,0.0004425048828125,0.0
2819,pop13,1,0.0004115104675292969,0.0
2820,pop8,2,0.0004361867904663086,3.0875205993652344e-05
2820,pop51,1,0.0004551410675048828,0.0
2820,pop19,1,0.0004570484161376953,0.0
2820,pop18,4,0.00047332048416137695,7.468067152663543e-05
2820,pop38,1,0.0004050731658935547,0.0
2821,pop29,3,0.0003825823465983073,7.811240181160362e-05
2821,pop51,1,0.0004665851593017578,0.0
2821,pop52,3,0.00042637189229329425,2.5548515863807617e-05
2821,pop54,2,0.0006154775619506836,0.00018513202667236328
2821,pop50,3,0.0005448659261067709,0.00013350849100672268
2821,pop17,2,0.0004373788833618164,1.2278556823730469e-05
2821,pop31,2,0.0006293058395385742,0.00017178058624267578
2822,pop57,2,0.00041985511779785156,4.38690185546875e-05
2822,pop56,1,0.00042510032653808594,0.0
2822,pop55,2,0.00044274330139160156,2.6226043701171875e-06
2822,pop50,2,0.0006659030914306641,0.0002262592315673828
2822,pop52,1,0.0004661083221435547,0.0
2822,pop51,1,0.00046324729919433594,0.0
2822,pop46,2,0.0005067586898803711,5.233287811279297e-05
2822,pop45,1,0.0004010200500488281,0.0
2823,pop50,2,0.00040781497955322266,3.8743019104003906e-05
2823,pop14,1,0.00041604042053222656,0.0
2823,pop27,4,0.0004852414131164551,7.813009485957052e-05
2823,pop44,1,0.0004410743713378906,0.0
2823,pop39,1,0.0004057884216308594,0.0
2824,pop54,2,0.00040090084075927734,6.73532485961914e-05
2824,pop52,1,0.00044345855712890625,0.0
2824,pop50,4,0.0004898905754089355,9.783987605402573e-05
2824,pop17,1,0.0004239082336425781,0.0
2824,pop31,1,0.00043320655822753906,0.0
2825,pop29,3,0.0003975232442220052,6.818558319842193e-05
2825,pop51,1,0.0004649162292480469,0.0
2825,pop52,3,0.0004563331604003906,2.1292794763342007e-05
2825,pop12,2,0.0006144046783447266,0.00020384788513183594
2825,pop50,3,0.0005433559417724609,0.00012425535231624577
2826,pop22,5,0.0004624366760253906,0.00013910841280491545
2826,pop51,1,0.00043892860412597656,0.0
2826,pop52,1,0.0004127025604248047,0.0
2826,pop34,1,0.0004591941833496094,0.0
2827,pop12,2,0.00041282176971435547,3.7789344787597656e-05
2827,pop52,1,0.00045490264892578125,0.0
2827,pop51,1,0.0003879070281982422,0.0
2827,pop29,3,0.0005629062652587891,9.112040778516828e-05
2828,pop14,2,0.00041306018829345703,3.9458274841308594e-05
2828,pop50,1,0.0004684925079345703,0.0
2828,pop51,3,0.00042478243509928387,3.2858159323073346e-05
2828,pop8,2,0.0006377696990966797,0.0002033710479736328
2828,pop19,2,0.0004181861877441406,7.62939453125e-06
2828,pop18,4,0.0005972981452941895,0.00019581927473535395
2829,pop0,3,0.0003743171691894531,0.00010508518064343813
2829,pop1,1,0.00041604042053222656,0.0
2829,pop53,1,0.00042366981506347656,0.0
2829,pop52,3,0.00044226646423339844,3.4436425544387976e-05
2829,pop34,2,0.0005942583084106445,0.00017750263214111328
2829,pop50,2,0.00045287609100341797,7.987022399902344e-06
2829,pop32,3,0.0005861123402913412,0.00012414205077637003
2830,pop8,2,0.0002835988998413086,0.00015723705291748047
2830,pop51,2,0.0005218982696533203,0.00010943412780761719
2830,pop4,4,0.0005260705947875977,7.553966384090499e-05
2831,pop50,4,0.000502467155456543,0.0001579852339778248
2831,pop17,1,0.0004391670227050781,0.0
2831,pop31,1,0.00044727325439453125,0.0
2831,pop30,1,0.0004181861877441406,0.0
2831,pop48,1,0.00044083595275878906,0.0
2831,pop49,1,0.00044608116149902344,0.0
2832,pop29,2,0.00038444995880126953,6.020069122314453e-05
2832,pop51,1,0.0004456043243408203,0.0
2832,pop47,1,0.00042724609375,0.0
2832,pop53,1,0.0004639625549316406,0.0
2832,pop1,4,0.00046962499618530273,5.290512433723025e-05
2832,pop0,3,0.0004802544911702474,0.00010184880294690186
2833,pop45,2,0.0003954172134399414,6.16312026977539e-05
2833,pop46,1,0.0004680156707763672,0.0
2833,pop51,1,0.0004143714904785156,0.0
2833,pop50,1,0.0004475116729736328,0.0
2833,pop32,3,0.0006059010823567709,0.00013678971484571144
2834,pop6,4,0.000489652156829834,0.00014174594847963615
2834,pop7,1,0.000461578369140625,0.0
2834,pop53,1,0.0004372596740722656,0.0
2834,pop50,1,0.00041103363037109375,0.0
2834,pop14,1,0.0004413127899169922,0.0
2834,pop27,1,0.00045752525329589844,0.0
2834,pop44,1,0.0004124641418457031,0.0
2835,pop20,4,0.00045680999755859375,0.00014792974653804851
2835,pop46,1,0.0004589557647705078,0.0
2835,pop51,1,0.0004405975341796875,0.0
2835,pop52,1,0.0003981590270996094,0.0
2835,pop54,1,0.00043582916259765625,0.0
2836,pop13,3,0.00036636988321940106,0.00012110041921091246
2836,pop52,1,0.0004639625549316406,0.0
2836,pop51,2,0.0005269050598144531,7.724761962890625e-05
2836,pop10,3,0.0006179014841715494,0.00014759918082280656
2837,pop54,2,0.00041365623474121094,3.075599670410156e-05
2837,pop52,3,0.00044234593709309894,1.3856110751942391e-05
2837,pop51,5,0.0004967212677001953,0.0001338265040964982
2837,pop46,3,0.0004380544026692708,1.0281220517982628e-05
2837,pop45,2,0.0005786418914794922,0.0001437664031982422
2837,pop13,2,0.0005964040756225586,0.0001512765884399414
2837,pop53,2,0.0004709959030151367,1.5497207641601562e-06
2837,pop1,2,0.0004647970199584961,5.125999450683594e-06
2837,pop0,1,0.000759124755859375,0.0
2837,pop47,1,0.0004258155822753906,0.0
2837,pop19,1,0.0005066394805908203,0.0
2837,pop50,2,0.00044476985931396484,2.0265579223632812e-06
2837,pop32,3,0.0006854534149169922,0.0001927009223949101
2838,pop0,2,0.00041306018829345703,3.993511199951172e-05
2838,pop1,1,0.0004558563232421875,0.0
2838,pop53,1,0.00044989585876464844,0.0
2838,pop47,1,0.0004253387451171875,0.0
2838,pop51,3,0.00045498212178548175,1.0051981645068833e-05
2838,pop46,4,0.00043147802352905273,1.1228951917891027e-05
2838,pop45,2,0.0006077289581298828,0.00020003318786621094
2838,pop52,2,0.0004208087921142578,4.0531158447265625e-06
2838,pop37,1,0.0008616447448730469,0.0
2838,pop50,3,0.00042970975240071613,2.8584610100124022e-05
2838,pop14,2,0.00044715404510498047,7.510185241699219e-06
2838,pop27,2,0.0006326436996459961,0.00016224384307861328
2839,pop22,5,0.00045180320739746094,0.00013205290337878905
2839,pop51,1,0.00040984153747558594,0.0
2839,pop52,1,0.0004467964172363281,0.0
2839,pop13,1,0.00039577484130859375,0.0
2840,pop14,2,0.00039768218994140625,4.506111145019531e-05
2840,pop50,3,0.0004494190216064453,2.307615973007748e-05
2840,pop51,1,0.0004210472106933594,0.0
2840,pop43,2,0.0004987716674804688,5.650520324707031e-05
2840,pop40,1,0.00043082237243652344,0.0
2841,pop8,2,0.000385284423828125,5.269050598144531e-05
2841,pop51,1,0.00044226646423339844,0.0
2841,pop29,4,0.0005400776863098145,0.00011494908348501648
2842,pop50,5,0.00041570663452148435,7.79224868590211e-05
2842,pop52,3,0.00044544537862141925,1.9491437810585573e-05
2842,pop13,2,0.0005916357040405273,0.00018918514251708984
2842,pop14,2,0.0004336833953857422,2.3126602172851562e-05
2842,pop27,3,0.0005319118499755859,0.00011513831972308253
2843,pop29,2,0.0003966093063354492,4.0650367736816406e-05
2843,pop51,1,0.0004425048828125,0.0
2843,pop50,1,0.0004076957702636719,0.0
2843,pop14,1,0.0004448890686035156,0.0
2843,pop27,4,0.0004811286926269531,6.652839652711107e-05
2843,pop44,1,0.00044465065002441406,0.0
2843,pop39,1,0.0003914833068847656,0.0
2844,pop0,5,0.000504159927368164,0.0001685437984502051
2844,pop1,1,0.00040459632873535156,0.0
2844,pop53,1,0.0004031658172607422,0.0
2844,pop47,1,0.0004477500915527344,0.0
2844,pop51,1,0.00042247772216796875,0.0
2844,pop8,1,0.000438690185546875,0.0
2845,pop45,2,0.0004360675811767578,3.886222839355469e-05
2845,pop44,1,0.00045180320739746094,0.0
2845,pop39,4,0.00046324729919433594,7.31748918110565e-05
2845,pop38,1,0.00041365623474121094,0.0
2846,pop20,4,0.00048667192459106445,0.0001553440558529012
2846,pop46,1,0.0004372596740722656,0.0
2846,pop51,1,0.0004115104675292969,0.0
2846,pop52,1,0.0004303455352783203,0.0
2846,pop54,1,0.00043082237243652344,0.0
2847,pop54,2,0.0003211498260498047,0.00015115737915039062
2847,pop52,3,0.00044989585876464844,1.0979341674139068e-05
2847,pop13,2,0.0005910396575927734,0.00015854835510253906
2847,pop53,4,0.00044161081314086914,2.1139659304616966e-05
2847,pop1,2,0.00046050548553466797,2.9802322387695312e-06
2847,pop0,2,0.0005890130996704102,0.00013434886932373047
2847,pop50,2,0.0004354715347290039,1.6570091247558594e-05
2847,pop55,2,0.00045669078826904297,1.2040138244628906e-05
2847,pop56,1,0.0007135868072509766,0.0
2847,pop42,3,0.0006124178568522135,0.00011972100314162161
2848,pop14,2,0.00036787986755371094,8.368492126464844e-05
2848,pop50,3,0.000444491704305013,1.573361920231292e-05
2848,pop52,3,0.00044266382853190106,1.416446274438026e-05
2848,pop34,2,0.0005745887756347656,0.0001468658447265625
2848,pop35,1,0.0007636547088623047,0.0
2848,pop51,2,0.00042629241943359375,2.5272369384765625e-05
2848,pop36,4,0.0005737543106079102,0.00014220569037320268
2849,pop19,2,0.00041854381561279297,5.9485435485839844e-05
2849,pop51,1,0.00045680999755859375,0.0
2849,pop47,1,0.0004322528839111328,0.0
2849,pop53,3,0.0004467169443766276,1.698117628273878e-05
2849,pop1,5,0.00044465065002441406,1.1898018756539103e-05
2849,pop0,2,0.0005677938461303711,0.0001550912857055664
2849,pop7,2,0.0004470348358154297,1.5020370483398438e-05
2849,pop6,2,0.000680088996887207,2.5033950805664062e-06
2850,pop33,5,0.00046224594116210936,0.00013732615441232912
2850,pop50,1,0.0004410743713378906,0.0
2850,pop53,1,0.00044345855712890625,0.0
2850,pop42,1,0.0004184246063232422,0.0
2851,pop4,4,0.0004019737243652344,6.931361583704938e-05
2851,pop51,1,0.00043702125549316406,0.0
2851,pop43,2,0.0005137920379638672,4.649162292480469e-05
2851,pop42,1,0.0004429817199707031,0.0
2852,pop8,2,0.00043904781341552734,4.184246063232422e-05
2852,pop51,1,0.0009067058563232422,0.0
2852,pop52,1,0.000469207763671875,0.0
2852,pop50,1,0.0004696846008300781,0.0
2852,pop14,1,0.0004220008850097656,0.0
2852,pop27,1,0.00045561790466308594,0.0
2852,pop44,1,0.0004253387451171875,0.0
2852,pop39,3,0.0005408128102620443,8.97261608492176e-05
2853,pop50,4,0.0004118680953979492,7.929102639716971e-05
2853,pop52,3,0.0004566510518391927,4.26648624308602e-05
2853,pop34,2,0.0005623102188110352,0.00012290477752685547
2853,pop53,2,0.0004379749298095703,1.5020370483398438e-05
2853,pop1,2,0.0004419088363647461,1.1324882507324219e-05
2853,pop0,1,0.0008394718170166016,0.0
2853,pop55,2,0.0005440711975097656,0.00012731552124023438
2854,pop21,2,0.00041878223419189453,5.638599395751953e-05
2854,pop23,1,0.0003921985626220703,0.0
2854,pop16,1,0.0004553794860839844,0.0
2854,pop50,2,0.0004565715789794922,5.0067901611328125e-06
2854,pop53,2,0.00043463706970214844,2.1696090698242188e-05
2854,pop1,2,0.000438690185546875,1.3113021850585938e-05
2854,pop15,1,0.0008890628814697266,0.0
2854,pop47,1,0.0004928112030029297,0.0
2854,pop51,1,0.00046539306640625,0.0
2854,pop29,2,0.0006231069564819336,3.5762786865234375e-07
2855,pop45,2,0.0003662109375,9.036064147949219e-05
2855,pop46,2,0.0004260540008544922,3.62396240234375e-05
2855,pop51,4,0.0004360675811767578,1.5999823025260276e-05
2855,pop52,3,0.0004462401072184245,1.0832241153130118e-05
2855,pop54,2,0.0006140470504760742,0.00021255016326904297
2855,pop22,2,0.0004477500915527344,1.3113021850585938e-05
2855,pop21,1,0.0008227825164794922,0.0
2855,pop8,1,0.000698089599609375,0.0
2855,pop47,1,0.0004508495330810547,0.0
2855,pop53,1,0.0007083415985107422,0.0
2855,pop50,1,0.00044727325439453125,0.0
2855,pop17,1,0.0004913806915283203,0.0
2855,pop31,2,0.0005731582641601562,0.0001125335693359375
2855,pop30,1,0.00046634674072265625,0.0
2855,pop48,2,0.0005949735641479492,0.00014770030975341797
2855,pop56,1,0.00043654441833496094,0.0
2855,pop55,1,0.00044655799865722656,0.0
2856,pop54,3,0.00043137868245442707,0.00025481985694068984
2856,pop52,2,0.000408172607421875,2.956390380859375e-05
2856,pop50,2,0.00044143199920654297,4.410743713378906e-06
2856,pop35,1,0.0007307529449462891,0.0
2856,pop53,2,0.0004233121871948242,1.0371208190917969e-05
2856,pop3,3,0.0005705356597900391,0.00011004836196302715
2857,pop14,2,0.0003895759582519531,0.00010180473327636719
2857,pop50,3,0.0006484190622965494,0.0003361988468752247
2857,pop52,1,0.00042819976806640625,0.0
2857,pop51,1,0.0004315376281738281,0.0
2857,pop9,1,0.00040602684020996094,0.0
2858,pop25,2,0.00037550926208496094,0.00010037422180175781
2858,pop17,1,0.0004239082336425781,0.0
2858,pop50,4,0.0005134344100952148,0.00010988775419888707
2858,pop52,1,0.0004405975341796875,0.0
2858,pop34,1,0.000400543212890625,0.0
2859,pop6,5,0.0004792213439941406,0.0001343628627289641
2859,pop7,1,0.0004410743713378906,0.0
2859,pop53,1,0.0004296302795410156,0.0
2859,pop50,1,0.0004069805145263672,0.0
2859,pop14,1,0.00041604042053222656,0.0
2859,pop24,1,0.0004317760467529297,0.0
2860,pop13,3,0.00038361549377441406,7.682432159864836e-05
2860,pop52,1,0.0004467964172363281,0.0
2860,pop53,3,0.00045299530029296875,7.42805572862493e-06
2860,pop1,3,0.0004287560780843099,1.546150561836856e-05
2860,pop15,2,0.0005977153778076172,0.0001735687255859375
2860,pop50,2,0.000571131706237793,0.0001405477523803711
2861,pop19,2,0.00041997432708740234,4.3511390686035156e-05
2861,pop18,4,0.00047129392623901367,5.3627057786685125e-05
2861,pop38,1,0.000392913818359375,0.0
2862,pop33,5,0.000496816635131836,0.00014002462596189217
2862,pop50,1,0.00044989585876464844,0.0
2862,pop51,1,0.00042176246643066406,0.0
2862,pop43,1,0.0004355907440185547,0.0
2862,pop40,1,0.0004410743713378906,0.0
2863,pop50,4,0.0005338788032531738,0.0001604591024040279
2863,pop51,1,0.00044798851013183594,0.0
2863,pop29,1,0.0004138946533203125,0.0
2864,pop54,2,0.0003033876419067383,0.00014913082122802734
2864,pop52,3,0.0004420280456542969,1.1730258703699985e-05
2864,pop13,2,0.0005927085876464844,0.00018143653869628906
2864,pop51,2,0.0004253387451171875,4.291534423828125e-06
2864,pop4,3,0.0004569689432779948,2.8230433299887312e-05
2864,pop5,3,0.0006496111551920573,0.00014358333211891825
2865,pop44,2,0.00030684471130371094,0.00016117095947265625
2865,pop39,4,0.0004963278770446777,6.741164111085639e-05
2866,pop29,4,0.00041538476943969727,0.0002049803213866518
2866,pop51,2,0.0004481077194213867,4.172325134277344e-06
2866,pop36,3,0.0005520979563395182,0.00014393748216971693
2867,pop21,2,0.0003031492233276367,0.00014388561248779297
2867,pop22,2,0.00044083595275878906,3.314018249511719e-05
2867,pop51,3,0.0004600683848063151,7.580394483986169e-06
2867,pop9,2,0.0005247592926025391,0.00011396408081054688
2867,pop43,3,0.0005599657694498698,8.095995043151217e-05
2868,pop45,2,0.0003432035446166992,0.00010144710540771484
2868,pop46,3,0.0005162556966145834,0.00010688677144830314
2868,pop51,1,0.00044918060302734375,0.0
2868,pop43,1,0.0004134178161621094,0.0
2868,pop40,1,0.00043487548828125,0.0
2869,pop33,5,0.00045828819274902345,0.00013092904698731354
2869,pop50,1,0.0004374980926513672,0.0
2869,pop52,1,0.0004100799560546875,0.0
2869,pop54,1,0.00042629241943359375,0.0
2870,pop57,2,0.00037860870361328125,3.814697265625e-05
2870,pop56,1,0.0004374980926513672,0.0
2870,pop55,4,0.00051116943359375,0.00012269201696173243
2870,pop50,1,0.0004410743713378906,0.0
2870,pop53,1,0.0004394054412841797,0.0
2870,pop1,1,0.00039505958557128906,0.0
2870,pop15,1,0.0004355907440185547,0.0
2871,pop20,5,0.00038843154907226564,0.00013750402912605564
2871,pop46,1,0.0004477500915527344,0.0
2871,pop45,1,0.00043511390686035156,0.0
2872,pop6,3,0.0003562768300374349,9.624796577995308e-05
2872,pop7,1,0.00046515464782714844,0.0
2872,pop53,1,0.000431060791015625,0.0
2872,pop52,3,0.0004343986511230469,1.7034280304084997e-05
2872,pop54,2,0.000621795654296875,0.00022935867309570312
2872,pop51,3,0.0004564921061197917,1.3060657872628617e-05
2872,pop8,1,0.0007433891296386719,0.0
2872,pop43,3,0.0005208651224772135,0.00012306592367789814
2873,pop45,2,0.00038611888885498047,0.00010383129119873047
2873,pop46,4,0.0005036592483520508,0.000119821703917209
2873,pop51,1,0.0004172325134277344,0.0
2873,pop43,1,0.0004432201385498047,0.0
2873,pop40,1,0.00043654441833496094,0.0
2874,pop4,2,0.0002930164337158203,0.00016117095947265625
2874,pop51,2,0.0005638599395751953,0.00016069412231445312
2874,pop50,2,0.00045299530029296875,1.2874603271484375e-05
2874,pop17,2,0.0004227161407470703,9.059906005859375e-06
2874,pop31,4,0.0005857944488525391,0.00015225719215208628
2875,pop8,2,0.0004286766052246094,0.0003108978271484375
2875,pop51,2,0.0006860494613647461,0.0002225637435913086
2875,pop50,4,0.0005438327789306641,0.00017007276462036104
2875,pop17,2,0.0004494190216064453,2.384185791015625e-07
2875,pop31,2,0.0006110668182373047,0.00015163421630859375
2876,pop44,2,0.0002949237823486328,0.0001442432403564453
2876,pop39,3,0.0004285176595052083,2.0119037496172245e-05
2876,pop38,2,0.0005702972412109375,2.288818359375e-05
2877,pop29,4,0.00046139955520629883,0.00016576388203738698
2877,pop51,1,0.0004162788391113281,0.0
2877,pop52,1,0.0004343986511230469,0.0
2877,pop54,1,0.0004069805145263672,0.0
2878,pop33,3,0.00040086110432942707,9.165126357555211e-05
2878,pop50,3,0.0005473295847574869,0.00015255924459289008
2878,pop51,1,0.00042247772216796875,0.0
2878,pop9,1,0.00045680999755859375,0.0
2879,pop20,4,0.0005841851234436035,0.0002033997215162822
2879,pop46,4,0.00044226646423339844,9.773707863220994e-06
2879,pop51,3,0.0004494190216064453,1.013208835643567e-05
2879,pop47,2,0.0004197359085083008,1.3470649719238281e-05
2879,pop53,3,0.0004349549611409505,2.5163672672479377e-05
2879,pop1,3,0.00044608116149902344,1.4421203895840651e-05
2879,pop15,3,0.0005082289377848307,9.561592417867762e-05
2879,pop52,1,0.0008244514465332031,0.0
2880,pop6,4,0.0004837512969970703,0.00015646699489307907
2880,pop7,1,0.0003902912139892578,0.0
2880,pop53,1,0.0004417896270751953,0.0
2880,pop42,1,0.00041675567626953125,0.0
2880,pop43,1,0.00043773651123046875,0.0
2880,pop40,1,0.00042939186096191406,0.0
2881,pop12,2,0.0004075765609741211,4.279613494873047e-05
2881,pop52,1,0.00045037269592285156,0.0
2881,pop51,1,0.0004639625549316406,0.0
2881,pop29,3,0.0006039937337239584,0.0001666753727458716
2882,pop14,2,0.0003647804260253906,7.843971252441406e-05
2882,pop50,1,0.00045371055603027344,0.0
2882,pop52,3,0.00044234593709309894,1.2032201457050536e-05
2882,pop54,2,0.0006183385848999023,0.00015270709991455078
2882,pop51,2,0.0004483461380004883,1.3947486877441406e-05
2882,pop43,3,0.0005362828572591146,0.0001205484092669775
2883,pop57,2,0.0003445148468017578,0.00010156631469726562
2883,pop56,1,0.00045299530029296875,0.0
2883,pop55,1,0.00043964385986328125,0.0
2883,pop50,4,0.0004951953887939453,8.967724320283884e-05
2883,pop32,1,0.000400543212890625,0.0
2884,pop8,2,0.00044918060302734375,0.00016307830810546875
2885,pop33,2,0.0003815889358520508,5.4955482482910156e-05
2885,pop50,7,0.0004436629159109933,1.9851398487647963e-05
2885,pop51,4,0.00043272972106933594,1.817775546754541e-05
2885,pop43,5,0.0004390716552734375,1.2140727278167054e-05
2885,pop40,3,0.0005126794179280599,0.00011235837940394248
2885,pop52,2,0.0006021261215209961,0.00015151500701904297
2885,pop14,3,0.0005683104197184244,0.00016723522038375216
2885,pop24,1,0.0007293224334716797,0.0
2885,pop53,3,0.00044846534729003906,3.143028521308223e-05
2885,pop47,1,0.0007665157318115234,0.0
2885,pop41,1,0.0007586479187011719,0.0
2885,pop55,3,0.0005857149759928385,0.0001837465795318692
2885,pop56,2,0.0004413127899169922,1.1682510375976562e-05
2885,pop57,1,0.0007307529449462891,0.0
2886,pop20,2,0.0004107952117919922,3.5762786865234375e-05
2886,pop46,1,0.00046563148498535156,0.0
2886,pop51,1,0.0009512901306152344,0.0
2886,pop52,1,0.0004534721374511719,0.0
2886,pop55,2,0.0004309415817260742,3.421306610107422e-05
2886,pop56,1,0.0004551410675048828,0.0
2886,pop48,3,0.0004661083221435547,7.066768512267419e-05
2886,pop49,1,0.00042748451232910156,0.0
2887,pop13,2,0.0004087686538696289,3.6835670471191406e-05
2887,pop52,1,0.0004589557647705078,0.0
2887,pop50,4,0.000514686107635498,0.00011611454470004336
2887,pop14,1,0.00041675567626953125,0.0
2887,pop24,1,0.00040984153747558594,0.0
2888,pop19,2,0.0003503561019897461,9.524822235107422e-05
2888,pop51,3,0.0004309813181559245,2.535271418874715e-05
2888,pop43,3,0.00044981638590494793,1.2944077219328772e-05
2888,pop40,2,0.0005117654800415039,0.00010454654693603516
2888,pop10,4,0.0005846023559570312,0.00016578639521849767
2889,pop4,4,0.00047397613525390625,0.00014428549927790005
2889,pop51,1,0.00040078163146972656,0.0
2889,pop50,1,0.00043964385986328125,0.0
2889,pop32,1,0.0004067420959472656,0.0
2890,pop6,2,0.0003342628479003906,0.0001125335693359375
2890,pop7,1,0.00045418739318847656,0.0
2890,pop53,1,0.0004611015319824219,0.0
2890,pop52,3,0.00043813387552897137,8.461527286660617e-06
2890,pop13,2,0.00061798095703125,0.0001823902130126953
2890,pop55,2,0.00048029422760009766,2.658367156982422e-05
2890,pop56,2,0.0004379749298095703,1.8835067749023438e-05
2890,pop57,1,0.0006377696990966797,0.0
2890,pop50,5,0.0004448413848876953,1.7016740893131498e-05
2890,pop17,1,0.0006237030029296875,0.0
2890,pop33,2,0.0007655620574951172,6.9141387939453125e-06
2891,pop22,3,0.0003864765167236328,9.31499893474331e-05
2891,pop51,1,0.0004210472106933594,0.0
2891,pop52,3,0.0004440148671468099,9.5849672273787e-06
2891,pop54,2,0.0005451440811157227,9.572505950927734e-05
2891,pop55,2,0.0006569623947143555,1.7762184143066406e-05
2892,pop0,3,0.0004127025604248047,4.811371202994131e-05
2892,pop1,3,0.0005430380503336588,0.0001579304696026204
2892,pop53,1,0.0004417896270751953,0.0
2892,pop47,1,0.0004265308380126953,0.0
2892,pop51,1,0.00043702125549316406,0.0
2892,pop46,1,0.0004143714904785156,0.0
2892,pop45,1,0.0003952980041503906,0.0
2893,pop21,2,0.0003864765167236328,5.1021575927734375e-05
2893,pop23,1,0.0004520416259765625,0.0
2893,pop16,1,0.00042819976806640625,0.0
2893,pop50,1,0.0004634857177734375,0.0
2893,pop14,1,0.0004448890686035156,0.0
2893,pop27,4,0.00046050548553466797,5.690430182561459e-05
2893,pop44,1,0.0004374980926513672,0.0
2894,pop57,2,0.0003682374954223633,8.07046890258789e-05
2894,pop56,1,0.0004508495330810547,0.0
2894,pop55,3,0.0005172888437906901,0.00012683425224739163
2894,pop50,1,0.0004162788391113281,0.0
2894,pop14,1,0.0004372596740722656,0.0
2894,pop24,1,0.0004076957702636719,0.0
2895,pop13,2,0.00041604042053222656,4.6253204345703125e-05
2895,pop52,1,0.0004372596740722656,0.0
2895,pop51,1,0.0004322528839111328,0.0
2895,pop29,1,0.0010197162628173828,0.0
2896,pop45,2,0.0004190206527709961,4.470348358154297e-05
2896,pop46,1,0.0004527568817138672,0.0
2896,pop51,3,0.00043050448099772137,1.884596277490716e-05
2896,pop47,2,0.0004639625549316406,3.5762786865234375e-06
2896,pop53,3,0.00042557716369628906,5.564235389777595e-06
2896,pop1,3,0.0004394054412841797,1.0674835221661884e-05
2896,pop15,2,0.0006203651428222656,0.00018739700317382812
2896,pop9,1,0.0006260871887207031,0.0
2896,pop22,1,0.0004496574401855469,0.0
2896,pop21,1,0.0007314682006835938,0.0
2896,pop23,1,0.0004506111145019531,0.0
2896,pop16,1,0.0004279613494873047,0.0
2896,pop50,6,0.0005095799763997396,0.00012820622715709176
2896,pop33,2,0.000565648078918457,0.00012290477752685547
2896,pop52,2,0.00045311450958251953,8.225440979003906e-06
2896,pop12,1,0.000762939453125,0.0
2896,pop14,1,0.0007922649383544922,0.0
2897,pop4,3,0.00042366981506347656,3.0713150085734e-05
2897,pop51,2,0.0006288290023803711,0.0001939535140991211
2897,pop47,2,0.00046324729919433594,4.76837158203125e-07
2897,pop53,3,0.00043392181396484375,5.492258880351701e-06
2897,pop1,3,0.0004374980926513672,1.962287744860864e-05
2897,pop0,2,0.000576019287109375,0.0001437664031982422
2897,pop50,2,0.00043272972106933594,3.0279159545898438e-05
2897,pop17,2,0.00044596195220947266,3.0159950256347656e-05
2897,pop31,2,0.0005838871002197266,0.000171661376953125
2898,pop13,5,0.0005104541778564453,0.00015126271293198647
2898,pop52,1,0.00038433074951171875,0.0
2898,pop51,1,0.00043702125549316406,0.0
2898,pop8,1,0.0004088878631591797,0.0
2899,pop29,4,0.00044459104537963867,1.7483069563311846e-05
2899,pop51,1,0.0004513263702392578,0.0
2899,pop50,2,0.0006080865859985352,0.00016200542449951172
2899,pop14,1,0.0004367828369140625,0.0
2899,pop27,1,0.00043702125549316406,0.0
2899,pop44,1,0.0004062652587890625,0.0
2899,pop39,1,0.0004436969757080078,0.0
2900,pop22,3,0.00032019615173339844,9.992270274017276e-05
2900,pop51,1,0.00043082237243652344,0.0
2900,pop50,3,0.0005427201588948568,0.00016505160296964775
2900,pop14,1,0.0004146099090576172,0.0
2900,pop27,1,0.00040340423583984375,0.0
2900,pop44,1,0.0004825592041015625,0.0
2901,pop0,5,0.0004555225372314453,0.00013465585853965508
2901,pop1,1,0.0004432201385498047,0.0
2901,pop53,1,0.0004534721374511719,0.0
2901,pop50,1,0.0004131793975830078,0.0
2901,pop32,1,0.00044155120849609375,0.0
2902,pop21,2,0.00037407875061035156,7.867813110351562e-05
2902,pop23,1,0.0004305839538574219,0.0
2902,pop16,1,0.00042819976806640625,0.0
2902,pop50,4,0.00048106908798217773,7.744519826374585e-05
2902,pop32,1,0.00043392181396484375,0.0
2903,pop13,4,0.0004247426986694336,4.086027736341871e-05
2903,pop52,1,0.00045037269592285156,0.0
2903,pop55,2,0.0005992650985717773,0.0001691579818725586
2903,pop56,1,0.00040721893310546875,0.0
2903,pop48,1,0.00044536590576171875,0.0
2903,pop49,1,0.00040435791015625,0.0
2904,pop14,2,0.0004311800003051758,3.707408905029297e-05
2904,pop50,2,0.00044465065002441406,8.58306884765625e-06
2904,pop17,1,0.0004527568817138672,0.0
2904,pop31,2,0.0005376338958740234,0.00011491775512695312
2904,pop30,1,0.0004050731658935547,0.0
2904,pop48,1,0.0003981590270996094,0.0
2904,pop49,1,0.0004394054412841797,0.0
2905,pop8,2,0.00040602684020996094,5.340576171875e-05
2905,pop51,1,0.00043487548828125,0.0
2905,pop47,1,0.00045752525329589844,0.0
2905,pop53,3,0.00043900807698567707,1.494808227186375e-05
2905,pop1,3,0.00043694178263346356,9.419461816170408e-06
2905,pop15,3,0.0005317529042561849,0.0001574080715879767
2905,pop50,3,0.0005578994750976562,0.00014820829661487057
2906,pop33,2,0.00036847591400146484,0.00010120868682861328
2906,pop50,4,0.0005202293395996094,0.0001395460705091042
2906,pop52,3,0.00042510032653808594,1.1030993245157165e-05
2906,pop34,2,0.0006352663040161133,0.00019419193267822266
2907,pop20,5,0.0004592418670654297,0.00013620053594520537
2907,pop46,1,0.0004401206970214844,0.0
2907,pop51,1,0.00044035911560058594,0.0
2907,pop52,1,0.0004260540008544922,0.0
2907,pop34,1,0.00044155120849609375,0.0
2908,pop29,4,0.000398099422454834,7.405658239933514e-05
2908,pop51,1,0.00040030479431152344,0.0
2908,pop46,2,0.0005165338516235352,5.996227264404297e-05
2908,pop45,1,0.0004329681396484375,0.0
2909,pop22,2,0.00043964385986328125,3.0040740966796875e-05
2909,pop51,1,0.0009014606475830078,0.0
2909,pop52,1,0.0004324913024902344,0.0
2909,pop50,1,0.0004534721374511719,0.0
2909,pop14,1,0.00042748451232910156,0.0
2909,pop27,3,0.0005159378051757812,8.841719066279915e-05
2909,pop44,1,0.00041031837463378906,0.0
2909,pop39,1,0.0004374980926513672,0.0
2910,pop25,2,0.0003489255905151367,0.00010693073272705078
2910,pop17,1,0.0004267692565917969,0.0
2910,pop50,3,0.0004379749298095703,1.6178535040223325e-05
2910,pop51,2,0.0005388259887695312,0.0001277923583984375
2910,pop43,2,0.0005270242691040039,7.11679458618164e-05
2911,pop50,3,0.00039084752400716144,5.623489668833671e-05
2911,pop53,1,0.0004284381866455078,0.0
2911,pop1,4,0.00047838687896728516,5.7288591234391405e-05
2911,pop15,2,0.0006083250045776367,0.00018346309661865234
2912,pop54,2,0.00043463706970214844,3.814697265625e-05
2912,pop52,1,0.0004470348358154297,0.0
2912,pop50,2,0.0004373788833618164,1.537799835205078e-05
2912,pop14,1,0.00042510032653808594,0.0
2912,pop27,1,0.00043320655822753906,0.0
2912,pop44,1,0.00042510032653808594,0.0
2912,pop39,1,0.0004668235778808594,0.0
2912,pop38,3,0.0005921522776285807,0.00014423165830942014
2913,pop21,2,0.00031960010528564453,0.00014150142669677734
2913,pop22,2,0.0004382133483886719,1.9550323486328125e-05
2913,pop51,3,0.00043241182963053387,1.6843372215766765e-05
2913,pop9,2,0.000567317008972168,0.00013887882232666016
2913,pop43,2,0.0004411935806274414,7.033348083496094e-06
2913,pop42,2,0.0007086992263793945,5.960464477539062e-07
2914,pop33,4,0.0005211830139160156,0.00018033840112319897
2914,pop50,1,0.0004336833953857422,0.0
2914,pop51,1,0.00044727325439453125,0.0
2914,pop8,1,0.00040841102600097656,0.0
2915,pop20,5,0.00048456192016601565,0.00014361948917457717
2915,pop46,1,0.0004448890686035156,0.0
2915,pop51,1,0.00041675567626953125,0.0
2915,pop8,1,0.00041294097900390625,0.0
2916,pop22,2,0.00035309791564941406,0.00011348724365234375
2916,pop51,1,0.0004374980926513672,0.0
2916,pop46,4,0.0004705190658569336,4.8513494260541676e-05
2916,pop45,1,0.00040411949157714844,0.0
2917,pop57,2,0.0003179311752319336,0.00014722347259521484
2917,pop48,3,0.00044600168863932293,1.8531666763010987e-05
2917,pop49,2,0.0005986690521240234,8.630752563476562e-05
2918,pop50,2,0.0006271600723266602,0.0002511739730834961
2918,pop53,1,0.0004227161407470703,0.0
2918,pop42,4,0.0004757046699523926,6.225541795392653e-05
2918,pop43,1,0.0004477500915527344,0.0
2918,pop40,1,0.00043582916259765625,0.0
2919,pop21,2,0.0003800392150878906,9.1552734375e-05
2919,pop23,1,0.0004343986511230469,0.0
2919,pop24,2,0.0005949735641479492,0.00016963481903076172
2919,pop14,2,0.00042247772216796875,5.7220458984375e-06
2919,pop50,4,0.0004940629005432129,0.00011986034646280618
2920,pop25,2,0.0004200935363769531,5.745887756347656e-05
2920,pop17,1,0.00045990943908691406,0.0
2920,pop50,5,0.0005096435546875,0.00014773540256966724
2920,pop51,3,0.00044926007588704425,4.3976578179222495e-06
2920,pop8,2,0.0005587339401245117,0.00014793872833251953
2921,pop57,2,0.0004138946533203125,5.817413330078125e-05
2921,pop56,1,0.000438690185546875,0.0
2921,pop55,1,0.0004467964172363281,0.0
2921,pop50,4,0.0004341006278991699,1.7132473593407886e-05
2921,pop51,3,0.0004374186197916667,1.950989914281538e-05
2921,pop43,3,0.00044194857279459637,2.5406467697057373e-06
2921,pop40,2,0.0005980730056762695,0.0001691579818725586
2921,pop17,2,0.0004285573959350586,1.4185905456542969e-05
2921,pop31,2,0.0006096363067626953,0.00014281272888183594
2921,pop14,2,0.00044929981231689453,1.704692840576172e-05
2921,pop27,3,0.0005518595377604166,0.0001628385901845313
2922,pop44,2,0.00038826465606689453,4.279613494873047e-05
2922,pop27,4,0.0005300641059875488,0.00016014803079000072
2922,pop14,1,0.0004067420959472656,0.0
2922,pop50,1,0.00043702125549316406,0.0
2922,pop51,1,0.00041222572326660156,0.0
2922,pop43,1,0.0004482269287109375,0.0
2922,pop40,1,0.00041866302490234375,0.0
2923,pop0,3,0.00040419896443684894,9.71707736513503e-05
2923,pop1,1,0.0004534721374511719,0.0
2923,pop53,1,0.0004265308380126953,0.0
2923,pop47,1,0.0004189014434814453,0.0
2923,pop51,2,0.0005059242248535156,0.00011920928955078125
2923,pop22,2,0.0006183385848999023,7.855892181396484e-05
2924,pop12,2,0.00039649009704589844,5.316734313964844e-05
2924,pop52,1,0.0004444122314453125,0.0
2924,pop50,1,0.00043773651123046875,0.0
2924,pop14,1,0.0004341602325439453,0.0
2924,pop27,4,0.0004799962043762207,6.561285686177924e-05
2924,pop44,1,0.0004248619079589844,0.0
2925,pop8,2,0.00033795833587646484,0.00010716915130615234
2925,pop51,1,0.0004611015319824219,0.0
2925,pop43,5,0.0004651069641113281,5.267127795233874e-05
2925,pop40,2,0.0006424188613891602,0.00020301342010498047
2926,pop29,3,0.0003848075866699219,9.78661076038737e-05
2926,pop51,4,0.0004500150680541992,1.0371208190917969e-05
2926,pop46,3,0.00043352444966634113,1.0940154312400979e-05
2926,pop45,2,0.0005272626876831055,0.00010025501251220703
2926,pop19,1,0.0006802082061767578,0.0
2926,pop43,2,0.0005720853805541992,0.0001367330551147461
2927,pop19,2,0.0003533363342285156,9.226799011230469e-05
2927,pop51,6,0.0004432996114095052,1.6864732557552386e-05
2927,pop43,3,0.0004506111145019531,4.215808617234181e-06
2927,pop40,2,0.0005526542663574219,0.000148773193359375
2927,pop46,2,0.0004532337188720703,1.5497207641601562e-05
2927,pop20,1,0.0007588863372802734,0.0
2927,pop52,1,0.0004317760467529297,0.0
2927,pop55,1,0.0008420944213867188,0.0
2927,pop50,4,0.000504612922668457,0.00014805827355769035
2927,pop29,2,0.0005971193313598633,0.00013554096221923828
2928,pop6,3,0.0004036426544189453,7.338439692228726e-05
2928,pop7,1,0.0004057884216308594,0.0
2928,pop53,1,0.00041866302490234375,0.0
2928,pop47,1,0.00046253204345703125,0.0
2928,pop51,3,0.00044735272725423175,1.751398641211583e-05
2928,pop9,2,0.0006095170974731445,0.0001901388168334961
2928,pop43,4,0.0004245638847351074,2.122084405381552e-05
2928,pop11,1,0.0007498264312744141,0.0
2928,pop42,2,0.0005841255187988281,0.00016927719116210938
2929,pop54,2,0.0003662109375,7.724761962890625e-05
2929,pop52,1,0.0004372596740722656,0.0
2929,pop53,1,0.00045752525329589844,0.0
2929,pop1,1,0.0004210472106933594,0.0
2929,pop15,4,0.0005395412445068359,0.00011719516123592495
2930,pop50,6,0.0004939635594685873,0.00012181053987460784
2930,pop51,3,0.0004622936248779297,6.503191803448608e-06
2930,pop43,3,0.0004352728525797526,2.030745399846404e-05
2930,pop40,2,0.0006079673767089844,0.00016379356384277344
2930,pop52,3,0.0004402001698811849,1.89662275221524e-05
2930,pop34,1,0.0006248950958251953,0.0
2930,pop54,1,0.0008113384246826172,0.0
2931,pop12,2,0.00032389163970947266,0.0001226663589477539
2931,pop52,1,0.0004572868347167969,0.0
2931,pop51,2,0.0005687475204467773,0.00016582012176513672
2931,pop50,3,0.0005211830139160156,0.00012233281843371068
2932,pop8,2,0.0003509521484375,9.274482727050781e-05
2932,pop51,1,0.000446319580078125,0.0
2932,pop52,3,0.00043265024820963543,2.6026117862951557e-05
2932,pop34,2,0.0006252527236938477,0.00018894672393798828
2932,pop50,5,0.00050811767578125,0.00010908158347785832
2932,pop16,2,0.0004189014434814453,2.2411346435546875e-05
2932,pop23,1,0.0007941722869873047,0.0
2933,pop29,2,0.00033926963806152344,0.00010156631469726562
2933,pop51,3,0.0004306634267171224,9.859760550989037e-06
2933,pop46,4,0.0004424452781677246,2.0787840876841897e-05
2933,pop45,2,0.0005615949630737305,0.00015819072723388672
2933,pop36,2,0.0006142854690551758,0.00016033649444580078
2934,pop45,2,0.0003561973571777344,0.00012159347534179688
2934,pop44,2,0.0005817413330078125,0.00014472007751464844
2934,pop27,4,0.00048655271530151367,6.894366484001538e-05
2935,pop4,3,0.0003867944081624349,9.06681193558183e-05
2935,pop51,4,0.000441133975982666,2.3796739205874528e-05
2935,pop52,3,0.0004405975341796875,6.238492936067697e-06
2935,pop54,2,0.000558018684387207,0.00014770030975341797
2935,pop9,1,0.0006334781646728516,0.0
2935,pop22,3,0.0006263256072998047,0.0001433180597149305
2936,pop25,2,0.0003598928451538086,0.00010454654693603516
2936,pop17,1,0.00045871734619140625,0.0
2936,pop50,2,0.000461578369140625,2.86102294921875e-06
2936,pop51,2,0.0006210803985595703,0.00019884109497070312
2936,pop29,2,0.0007226467132568359,0.00017881393432617188
2937,pop8,2,0.00041496753692626953,6.830692291259766e-05
2937,pop51,1,0.0004508495330810547,0.0
2937,pop50,4,0.0005047917366027832,0.00010555945568138265
2937,pop14,1,0.0004222393035888672,0.0
2937,pop24,1,0.00046753883361816406,0.0
2938,pop29,2,0.0003097057342529297,0.00014853477478027344
2938,pop51,3,0.00045561790466308594,5.849763940041207e-06
2938,pop9,2,0.0005395412445068359,0.000133514404296875
2938,pop43,4,0.0004851222038269043,9.812877962887587e-05
2939,pop13,2,0.00043904781341552734,3.349781036376953e-05
2939,pop52,1,0.0004444122314453125,0.0
2939,pop50,3,0.0005640983581542969,0.0001751284680832522
2939,pop14,1,0.00044608116149902344,0.0
2939,pop27,1,0.0004482269287109375,0.0
2939,pop44,1,0.00040268898010253906,0.0
2939,pop39,1,0.00044465065002441406,0.0
2939,pop38,1,0.00044417381286621094,0.0
2940,pop50,4,0.0005034208297729492,0.00015777478948925827
2940,pop53,3,0.00043050448099772137,1.6779128037003386e-05
2940,pop1,5,0.00045404434204101565,2.501127942149195e-05
2940,pop0,2,0.0006315708160400391,0.00019025802612304688
2941,pop4,5,0.00040307044982910154,0.00013507018324016574
2941,pop51,1,0.00044608116149902344,0.0
2942,pop14,2,0.00034427642822265625,0.00013971328735351562
2942,pop27,4,0.00047576427459716797,5.929257236061789e-05
2942,pop44,1,0.0004115104675292969,0.0
2943,pop45,2,0.00042057037353515625,4.982948303222656e-05
2943,pop46,2,0.00042951107025146484,1.0609626770019531e-05
2943,pop51,1,0.0004267692565917969,0.0
2943,pop50,3,0.0005340576171875,0.00012146828009319694
2943,pop14,1,0.0004429817199707031,0.0
2943,pop24,1,0.00040531158447265625,0.0
2944,pop25,2,0.00034999847412109375,0.00012183189392089844
2944,pop17,1,0.0004382133483886719,0.0
2944,pop50,3,0.0005009969075520834,8.038450922327586e-05
2944,pop51,1,0.0004374980926513672,0.0
2945,pop33,5,0.0004768848419189453,0.00012318388210463875
2945,pop50,1,0.0004487037658691406,0.0
2945,pop53,1,0.0004456043243408203,0.0
2945,pop42,1,0.0004413127899169922,0.0
2946,pop20,3,0.0004278818766276042,3.926425782567549e-05
2946,pop46,4,0.00044912099838256836,1.8041509763266018e-05
2946,pop51,6,0.00042827924092610675,1.1736449027307867e-05
2946,pop29,2,0.000567317008972168,0.00015294551849365234
2946,pop52,3,0.00046674410502115887,8.915140573107501e-06
2946,pop54,1,0.000759124755859375,0.0
2946,pop45,1,0.0008444786071777344,0.0
2946,pop8,1,0.000812530517578125,0.0
2946,pop55,2,0.0006119012832641602,0.00016057491302490234
2946,pop50,1,0.0004482269287109375,0.0
2947,pop22,5,0.0004888534545898438,0.00013424846964573954
2947,pop51,1,0.0004382133483886719,0.0
2947,pop50,1,0.0004229545593261719,0.0
2947,pop14,1,0.00044655799865722656,0.0
2947,pop27,1,0.00047469139099121094,0.0
2947,pop44,1,0.00041604042053222656,0.0
2948,pop19,3,0.0005222161610921224,0.0001585290932168635
2948,pop51,3,0.0004436175028483073,5.629685957725791e-06
2948,pop47,2,0.0004515647888183594,3.0994415283203125e-06
2948,pop53,3,0.00043694178263346356,1.5927519029665518e-05
2948,pop1,3,0.0004247029622395833,1.4761856393103886e-05
2948,pop15,2,0.0006145238876342773,0.00017011165618896484
2948,pop50,2,0.0004144906997680664,2.276897430419922e-05
2948,pop32,4,0.0005785822868347168,0.00013458072806439054
2949,pop6,5,0.00043392181396484375,0.00013849694011769308
2949,pop7,1,0.0004489421844482422,0.0
2949,pop53,1,0.0004534721374511719,0.0
2949,pop42,1,0.0004315376281738281,0.0
2950,pop14,2,0.00041663646697998047,3.707408905029297e-05
2950,pop50,1,0.00038886070251464844,0.0
2950,pop51,3,0.0004374186197916667,6.839284888569566e-06
2950,pop46,3,0.0004409948984781901,9.79807218387759e-07
2950,pop45,2,0.0005036592483520508,0.00010502338409423828
2950,pop36,4,0.0006158351898193359,0.00016226070317850542
2951,pop21,2,0.00039184093475341797,7.450580596923828e-05
2951,pop23,1,0.0004410743713378906,0.0
2951,pop16,1,0.0004515647888183594,0.0
2951,pop50,2,0.00043070316314697266,2.8252601623535156e-05
2951,pop17,1,0.0004181861877441406,0.0
2951,pop31,2,0.0006213188171386719,4.982948303222656e-05
2952,pop12,2,0.0004106760025024414,6.80685043334961e-05
2952,pop52,1,0.0004169940948486328,0.0
2952,pop51,1,0.0004520416259765625,0.0
2952,pop43,5,0.0004395484924316406,1.8642198581925967e-05
2952,pop40,2,0.0005741119384765625,0.00014328956604003906
2952,pop42,2,0.0005134344100952148,0.00010335445404052734
2953,pop45,2,0.00040340423583984375,8.034706115722656e-05
2953,pop46,4,0.0005148649215698242,0.0001337409757953443
2953,pop51,1,0.0004105567932128906,0.0
2953,pop50,1,0.00045180320739746094,0.0
2953,pop32,1,0.0004050731658935547,0.0
2954,pop25,2,0.00042176246643066406,4.4345855712890625e-05
2954,pop17,1,0.0004382133483886719,0.0
2954,pop50,3,0.00043050448099772137,1.9115494456281582e-05
2954,pop14,1,0.0004589557647705078,0.0
2954,pop27,2,0.0006259679794311523,0.00020301342010498047
2954,pop44,1,0.00041413307189941406,0.0
2954,pop39,1,0.00043392181396484375,0.0
2954,pop38,1,0.0004029273986816406,0.0
2955,pop22,2,0.00029599666595458984,0.00017368793487548828
2955,pop51,2,0.0006098747253417969,0.00023102760314941406
2955,pop47,2,0.0004500150680541992,9.179115295410156e-06
2955,pop53,2,0.0004285573959350586,1.5854835510253906e-05
2955,pop1,2,0.0004354715347290039,1.1086463928222656e-05
2955,pop15,3,0.0006393591562906901,0.00016003805560447357
2956,pop57,2,0.00039780139923095703,6.020069122314453e-05
2956,pop56,1,0.0004305839538574219,0.0
2956,pop55,2,0.0006124973297119141,0.000171661376953125
2956,pop50,5,0.0004309177398681641,2.8046214276597895e-05
2956,pop14,3,0.00043161710103352863,2.1337537846090777e-05
2956,pop24,2,0.0005471706390380859,0.0001049041748046875
2956,pop51,2,0.00041353702545166016,1.609325408935547e-05
2956,pop22,1,0.0008015632629394531,0.0
2956,pop47,1,0.00046133995056152344,0.0
2956,pop53,2,0.0004508495330810547,1.0728836059570312e-05
2956,pop1,2,0.000438690185546875,8.106231689453125e-06
2956,pop0,3,0.0006152788798014323,0.00010980348326509877
2957,pop20,3,0.0003980000813802083,7.19935507863342e-05
2957,pop46,1,0.0004572868347167969,0.0
2957,pop51,1,0.0004391670227050781,0.0
2957,pop52,1,0.0004639625549316406,0.0
2957,pop13,3,0.0005965232849121094,0.00015517698093137967
2958,pop14,2,0.00039780139923095703,5.733966827392578e-05
2958,pop27,4,0.0004965066909790039,7.583107084983644e-05
2958,pop44,3,0.0004324913024902344,7.909845533223939e-06
2958,pop39,2,0.0005750656127929688,0.00017547607421875
2959,pop44,2,0.00045561790466308594,3.62396240234375e-05
2959,pop27,2,0.00045239925384521484,7.510185241699219e-06
2959,pop14,1,0.0004305839538574219,0.0
2959,pop50,2,0.0006263256072998047,0.0001747608184814453
2959,pop51,1,0.000446319580078125,0.0
2959,pop8,1,0.00040149688720703125,0.0
2960,pop0,3,0.00043280919392903644,3.442064879371672e-05
2960,pop1,1,0.0004954338073730469,0.0
2960,pop53,1,0.0004379749298095703,0.0
2960,pop50,2,0.0006459951400756836,0.0001767873764038086
2960,pop14,1,0.0004189014434814453,0.0
2960,pop27,1,0.00044345855712890625,0.0
2960,pop44,1,0.0004112720489501953,0.0
2960,pop39,1,0.00043082237243652344,0.0
2961,pop13,4,0.0005478858947753906,0.00018884414602017717
2961,pop52,1,0.00041174888610839844,0.0
2961,pop50,1,0.0004379749298095703,0.0
2961,pop14,1,0.0004127025604248047,0.0
2961,pop27,1,0.0004360675811767578,0.0
2961,pop44,1,0.0004131793975830078,0.0
2961,pop39,1,0.0004260540008544922,0.0
2962,pop50,2,0.0003902912139892578,6.67572021484375e-05
2962,pop52,2,0.0004481077194213867,1.633167266845703e-05
2962,pop13,2,0.0006299018859863281,0.00017833709716796875
2962,pop51,1,0.0004398822784423828,0.0
2962,pop8,1,0.0010030269622802734,0.0
2963,pop4,3,0.0004146893819173177,4.9019359787281334e-05
2963,pop51,2,0.00043976306915283203,1.2516975402832031e-05
2963,pop47,1,0.0004343986511230469,0.0
2963,pop53,3,0.0005730787913004557,0.00016305754779145408
2963,pop1,4,0.00044351816177368164,1.3289964655391936e-05
2963,pop0,2,0.0004950761795043945,9.453296661376953e-05
2963,pop41,1,0.0007550716400146484,0.0
2963,pop40,1,0.000461578369140625,0.0
2963,pop43,1,0.00045228004455566406,0.0
2963,pop50,2,0.0006039142608642578,0.00014281272888183594
2964,pop21,2,0.0002824068069458008,0.00014388561248779297
2964,pop22,4,0.0004634857177734375,5.020763561960295e-05
2964,pop51,1,0.0003993511199951172,0.0
2965,pop20,5,0.0004879951477050781,0.00015141666448773028
2965,pop46,1,0.00041103363037109375,0.0
2965,pop51,1,0.00042128562927246094,0.0
2965,pop8,1,0.0004718303680419922,0.0
2966,pop14,2,0.0004115104675292969,4.6253204345703125e-05
2966,pop27,3,0.0005404949188232422,0.00014055821692843202
2966,pop44,1,0.00044155120849609375,0.0
2966,pop39,1,0.0004718303680419922,0.0
2966,pop38,1,0.0004432201385498047,0.0
2967,pop0,3,0.00043272972106933594,4.0788859739280564e-05
2967,pop1,1,0.0004620552062988281,0.0
2967,pop53,1,0.0004642009735107422,0.0
2967,pop47,1,0.0004551410675048828,0.0
2967,pop51,1,0.000423431396484375,0.0
2967,pop8,1,0.0009913444519042969,0.0
2968,pop4,2,0.000392913818359375,6.389617919921875e-05
2968,pop51,1,0.00048828125,0.0
2968,pop47,1,0.0004444122314453125,0.0
2968,pop53,1,0.00044345855712890625,0.0
2968,pop1,3,0.0004961490631103516,7.131093988232422e-05
2968,pop0,1,0.00040721893310546875,0.0
2969,pop54,2,0.0003371238708496094,0.00010848045349121094
2969,pop52,7,0.00044856752668108257,1.3659804629468949e-05
2969,pop51,6,0.00047906239827473957,9.350342486231498e-05
2969,pop43,4,0.00044596195220947266,7.1614924888017605e-06
2969,pop40,2,0.0006111860275268555,0.00015342235565185547
2969,pop34,2,0.0007245540618896484,5.888938903808594e-05
2969,pop46,1,0.0006558895111083984,0.0
2969,pop19,1,0.0007967948913574219,0.0
2969,pop41,1,0.0007212162017822266,0.0
2969,pop53,3,0.0005091031392415365,9.205496091358898e-05
2969,pop7,1,0.0005733966827392578,0.0
2969,pop12,1,0.0007421970367431641,0.0
2969,pop55,2,0.0004858970642089844,2.5987625122070312e-05
2969,pop56,2,0.00045502185821533203,5.960464477539062e-07
2969,pop57,1,0.0006835460662841797,0.0
2969,pop42,4,0.0005365610122680664,7.80653389598863e-05
2970,pop44,2,0.00043141841888427734,1.895427703857422e-05
2970,pop27,3,0.0005779266357421875,0.00019779040168237008
2970,pop14,1,0.00041961669921875,0.0
2970,pop50,1,0.0004222393035888672,0.0
2970,pop51,1,0.0009253025054931641,0.0
2971,pop21,2,0.00040733814239501953,3.6835670471191406e-05
2971,pop23,1,0.0004622936248779297,0.0
2971,pop16,1,0.00044465065002441406,0.0
2971,pop50,4,0.0005260705947875977,0.00014899210802228624
2971,pop14,1,0.0004515647888183594,0.0
2971,pop27,1,0.00042176246643066406,0.0
2971,pop44,1,0.000423431396484375,0.0
2971,pop39,1,0.0004553794860839844,0.0
2972,pop14,2,0.0003572702407836914,9.000301361083984e-05
2972,pop50,2,0.0004583597183227539,5.602836608886719e-06
2972,pop52,3,0.0004271666208902995,2.7447721396127466e-05
2972,pop12,2,0.0006135702133178711,0.0002065896987915039
2972,pop51,2,0.00044977664947509766,1.4424324035644531e-05
2972,pop46,2,0.0003993511199951172,2.4318695068359375e-05
2972,pop20,2,0.0007146596908569336,9.655952453613281e-06
2973,pop0,4,0.0004852414131164551,0.00014842436230108892
2973,pop1,1,0.0004496574401855469,0.0
2973,pop53,1,0.0004105567932128906,0.0
2973,pop42,1,0.0004448890686035156,0.0
2973,pop43,1,0.00041413307189941406,0.0
2973,pop40,1,0.0004515647888183594,0.0
2974,pop4,2,0.00035452842712402344,9.822845458984375e-05
2974,pop51,3,0.0004524389902750651,8.418873284709696e-06
2974,pop52,3,0.0004417896270751953,1.4346116962045824e-05
2974,pop34,2,0.0005009174346923828,8.58306884765625e-05
2974,pop55,1,0.0006692409515380859,0.0
2974,pop50,2,0.00043463706970214844,1.4543533325195312e-05
2974,pop35,1,0.0009253025054931641,0.0
2974,pop53,2,0.00043714046478271484,1.1801719665527344e-05
2974,pop3,2,0.0006663799285888672,0.00022840499877929688
2974,pop47,1,0.00041484832763671875,0.0
2974,pop19,2,0.00042259693145751953,6.079673767089844e-06
2974,pop18,2,0.0007162094116210938,2.5272369384765625e-05
2975,pop12,2,0.00036275386810302734,8.404254913330078e-05
2975,pop52,1,0.00045561790466308594,0.0
2975,pop53,3,0.00044417381286621094,1.1142083592937396e-05
2975,pop1,3,0.00043582916259765625,5.965230943296816e-06
2975,pop0,3,0.0005215803782145182,0.00015340604751417337
2975,pop50,3,0.0005431175231933594,0.00015117104184791974
2975,pop17,2,0.00042319297790527344,7.152557373046875e-07
2975,pop25,1,0.0008120536804199219,0.0
2976,pop45,2,0.0003458261489868164,0.00010192394256591797
2976,pop46,3,0.0005364418029785156,0.00012876192630575855
2976,pop51,1,0.0004000663757324219,0.0
2976,pop43,1,0.0004477500915527344,0.0
2976,pop40,1,0.00041747093200683594,0.0
2977,pop0,4,0.0004228353500366211,0.00014209682309238825
2977,pop1,1,0.00042700767517089844,0.0
2977,pop53,1,0.0004055500030517578,0.0
2977,pop42,1,0.0004398822784423828,0.0
2978,pop8,2,0.0004246234893798828,4.124641418457031e-05
2978,pop51,1,0.0004420280456542969,0.0
2978,pop50,3,0.0005699793497721354,0.00018414521853776824
2978,pop17,1,0.0004432201385498047,0.0
2978,pop31,1,0.00039505958557128906,0.0
2978,pop30,1,0.00040984153747558594,0.0
2978,pop48,1,0.00044608116149902344,0.0
2978,pop49,1,0.0004413127899169922,0.0
2979,pop29,2,0.00031435489654541016,0.0001531839370727539
2979,pop51,3,0.00044854482014973957,2.1130516775891162e-05
2979,pop9,2,0.0005788803100585938,0.00014138221740722656
2979,pop50,4,0.0004305839538574219,1.001641823654175e-05
2979,pop32,2,0.0007259845733642578,4.1961669921875e-05
2980,pop57,2,0.0003554821014404297,0.00011420249938964844
2980,pop56,1,0.00044989585876464844,0.0
2980,pop55,1,0.0004291534423828125,0.0
2980,pop50,4,0.0004458427429199219,8.845618466896605e-06
2980,pop51,3,0.000474850336710612,7.489287181654643e-05
2980,pop19,1,0.0006258487701416016,0.0
2980,pop47,1,0.0007982254028320312,0.0
2980,pop53,1,0.00045490264892578125,0.0
2980,pop14,2,0.0004266500473022461,2.658367156982422e-05
2980,pop27,3,0.0005060831705729166,9.446919811778713e-05
2981,pop54,2,0.0004305839538574219,4.744529724121094e-05
2981,pop52,1,0.00048065185546875,0.0
2981,pop50,4,0.0005390644073486328,0.00018816913535394205
2981,pop14,1,0.00040411949157714844,0.0
2981,pop27,1,0.0004146099090576172,0.0
2981,pop44,1,0.0004448890686035156,0.0
2981,pop39,1,0.00041031837463378906,0.0
2981,pop38,1,0.00044226646423339844,0.0
2982,pop14,4,0.0003750324249267578,0.00012566163282461197
2982,pop24,2,0.0006566047668457031,0.0002148151397705078
2982,pop50,2,0.0004202127456665039,2.753734588623047e-05
2982,pop55,4,0.0005241036415100098,0.00012567863732036242
2983,pop4,4,0.0005107522010803223,0.00018023485637251553
2983,pop51,1,0.0004456043243408203,0.0
2983,pop29,1,0.00043773651123046875,0.0
2984,pop0,2,0.00038170814514160156,8.416175842285156e-05
2984,pop1,4,0.0005203485488891602,0.0001399935853837232
2984,pop53,1,0.0004489421844482422,0.0
2984,pop50,1,0.00042057037353515625,0.0
2984,pop14,1,0.00043320655822753906,0.0
2984,pop24,1,0.00043845176696777344,0.0
2985,pop20,5,0.00041351318359375,0.000130568654370061
2985,pop46,1,0.0004253387451171875,0.0
2985,pop45,1,0.0004315376281738281,0.0
2986,pop12,3,0.00043241182963053387,0.00025635976118661466
2986,pop52,2,0.00043594837188720703,1.9431114196777344e-05
2986,pop50,3,0.0005416075388590494,0.00013927541003371243
2987,pop29,2,0.00037550926208496094,8.177757263183594e-05
2987,pop51,1,0.0003986358642578125,0.0
2987,pop50,1,0.0004470348358154297,0.0
2987,pop32,3,0.0005273818969726562,5.5711778397843424e-05
2988,pop8,3,0.00046173731486002606,0.00028575699773463457
2988,pop51,2,0.0004209280014038086,6.556510925292969e-06
2988,pop50,3,0.0005764166514078776,0.00019954532041845384
2989,pop57,2,0.0003485679626464844,0.00011086463928222656
2989,pop56,2,0.0005911588668823242,0.00014650821685791016
2989,pop55,6,0.0004826784133911133,7.87693215291075e-05
2989,pop52,3,0.0004317760467529297,1.4009331801341674e-05
2989,pop54,2,0.00054931640625,0.00011491775512695312
2990,pop54,2,0.0003936290740966797,7.724761962890625e-05
2990,pop52,1,0.00044608116149902344,0.0
2990,pop50,4,0.0005040764808654785,9.638074746305178e-05
2990,pop17,1,0.0004367828369140625,0.0
2990,pop31,1,0.0004458427429199219,0.0
2991,pop33,3,0.00042970975240071613,2.3497102192815166e-05
2991,pop50,1,0.00046324729919433594,0.0
2991,pop14,1,0.0004630088806152344,0.0
2991,pop27,3,0.0004918575286865234,8.015191521611196e-05
2991,pop44,1,0.000446319580078125,0.0
2991,pop39,1,0.0003962516784667969,0.0
2992,pop19,2,0.0003541707992553711,0.00010144710540771484
2992,pop51,3,0.00043471654256184894,1.321210896814405e-05
2992,pop46,3,0.00043892860412597656,1.485611145724986e-05
2992,pop45,2,0.0005899667739868164,0.00018846988677978516
2992,pop50,5,0.0004306793212890625,1.196338721869759e-05
2992,pop16,1,0.0008490085601806641,0.0
2992,pop14,2,0.0004620552062988281,1.6927719116210938e-05
2992,pop27,2,0.0006273984909057617,0.00021326541900634766
2993,pop6,5,0.00044946670532226564,0.00014089496367497282
2993,pop7,1,0.00045871734619140625,0.0
2993,pop53,1,0.0004107952117919922,0.0
2993,pop47,1,0.0004374980926513672,0.0
2993,pop51,1,0.000370025634765625,0.0
2994,pop44,3,0.00044536590576171875,0.00028076032581191127
2994,pop27,3,0.00048430760701497394,6.970752942504147e-05
2995,pop21,2,0.0003879070281982422,8.416175842285156e-05
2995,pop22,4,0.0005083680152893066,0.0001399472761306052
2995,pop51,1,0.0004582405090332031,0.0
2995,pop46,1,0.000446319580078125,0.0
2995,pop45,1,0.00043129920959472656,0.0
2996,pop8,2,0.00042569637298583984,5.3048133850097656e-05
2996,pop51,3,0.0004317760467529297,6.328954296768362e-06
2996,pop47,1,0.00045108795166015625,0.0
2996,pop53,3,0.00043312708536783856,1.4894749003534928e-05
2996,pop1,3,0.0004204114278157552,2.6042857180145297e-05
2996,pop0,2,0.0006222724914550781,0.00019598007202148438
2996,pop50,6,0.0004937251408894857,0.00011248434404719476
2996,pop17,2,0.00045168399810791016,1.823902130126953e-05
2996,pop31,2,0.0004559755325317383,2.7418136596679688e-06
2996,pop30,1,0.0008294582366943359,0.0
2996,pop43,2,0.0004380941390991211,2.586841583251953e-05
2996,pop40,1,0.0007789134979248047,0.0
2997,pop25,2,0.00040340423583984375,7.295608520507812e-05
2997,pop17,1,0.0004303455352783203,0.0
2997,pop50,3,0.0005399386088053385,0.00014073299395479132
2997,pop52,1,0.00041866302490234375,0.0
2997,pop12,1,0.0004417896270751953,0.0
2998,pop22,2,0.00042176246643066406,6.008148193359375e-05
2998,pop51,1,0.0004360675811767578,0.0
2998,pop47,1,0.00044655799865722656,0.0
2998,pop53,1,0.00044846534729003906,0.0
2998,pop1,2,0.0004354715347290039,1.2040138244628906e-05
2998,pop15,3,0.0005745093027750651,0.00011474389351785288
2999,pop45,2,0.00038611888885498047,7.87973403930664e-05
2999,pop46,1,0.00042057037353515625,0.0
2999,pop51,1,0.0004475116729736328,0.0
2999,pop50,2,0.00044727325439453125,1.9311904907226562e-05
2999,pop32,2,0.0006402730941772461,8.428096771240234e-05
3000,pop33,5,0.0004730224609375,0.00013497886298118449
3000,pop50,1,0.00045871734619140625,0.0
3000,pop53,1,0.00044798851013183594,0.0
3000,pop1,1,0.00042748451232910156,0.0
3000,pop15,1,0.00044035911560058594,0.0
3001,pop6,5,0.0004489898681640625,0.0001520109744281113
3001,pop7,1,0.0004506111145019531,0.0
3001,pop53,1,0.00042510032653808594,0.0
3001,pop52,1,0.00045800209045410156,0.0
3001,pop12,1,0.0004508495330810547,0.0
3002,pop0,4,0.0004494786262512207,0.0001545788631907416
3002,pop1,1,0.00042128562927246094,0.0
3002,pop53,1,0.00038743019104003906,0.0
3002,pop52,1,0.0004477500915527344,0.0
3002,pop12,1,0.00043845176696777344,0.0
3003,pop19,2,0.0004388093948364258,4.4226646423339844e-05
3003,pop18,4,0.0004755854606628418,4.108221765602834e-05
3003,pop38,1,0.00041174888610839844,0.0
3004,pop44,2,0.0003917217254638672,7.033348083496094e-05
3004,pop27,4,0.0005238056182861328,0.00015517652303886247
3004,pop14,1,0.0004055500030517578,0.0
3004,pop50,1,0.0004565715789794922,0.0
3004,pop51,1,0.0004451274871826172,0.0
3004,pop9,1,0.00040268898010253906,0.0
3005,pop33,2,0.0003840923309326172,7.748603820800781e-05
3005,pop50,2,0.0004450082778930664,1.5854835510253906e-05
3005,pop53,1,0.0004258155822753906,0.0
3005,pop1,1,0.0004143714904785156,0.0
3005,pop15,2,0.0006560087203979492,0.00013267993927001953
3006,pop13,5,0.0004773139953613281,0.00015194593933120053
3006,pop52,1,0.0004329681396484375,0.0
3006,pop53,1,0.00042057037353515625,0.0
3006,pop1,1,0.0004508495330810547,0.0
3006,pop15,1,0.0004382133483886719,0.0
3007,pop50,3,0.000423431396484375,3.282392665553217e-05
3007,pop14,1,0.00046539306640625,0.0
3007,pop27,2,0.0005882978439331055,0.0001729726791381836
3007,pop44,1,0.0004115104675292969,0.0
3007,pop39,1,0.0004487037658691406,0.0
3007,pop38,1,0.00040411949157714844,0.0
3008,pop0,5,0.00044465065002441406,0.00015402334754491745
3008,pop1,1,0.00041484832763671875,0.0
3008,pop53,1,0.0004067420959472656,0.0
3008,pop42,1,0.00044345855712890625,0.0
3009,pop57,2,0.00038635730743408203,5.424022674560547e-05
3009,pop56,1,0.0004544258117675781,0.0
3009,pop55,2,0.00045669078826904297,1.5497207641601562e-06
3009,pop50,2,0.0005913972854614258,0.00014293193817138672
3009,pop51,1,0.00044035911560058594,0.0
3009,pop9,1,0.0004124641418457031,0.0
3010,pop54,2,0.0003820657730102539,5.805492401123047e-05
3010,pop52,1,0.00045490264892578125,0.0
3010,pop50,4,0.0004989504814147949,8.296304966183767e-05
3010,pop17,1,0.00044989585876464844,0.0
3010,pop31,1,0.00044035911560058594,0.0
3011,pop50,3,0.00036867459615071613,0.00011095840039648119
3011,pop32,3,0.000564734141031901,0.00010533862990198002
3012,pop21,2,0.0003674030303955078,7.748603820800781e-05
3012,pop22,3,0.0005394617716471354,0.00014543589781215578
3012,pop51,1,0.0004265308380126953,0.0
3012,pop52,1,0.00044465065002441406,0.0
3012,pop54,1,0.0003712177276611328,0.0
3013,pop22,5,0.0004921913146972656,0.00016783683108566273
3013,pop51,1,0.00040984153747558594,0.0
3013,pop47,1,0.0004544258117675781,0.0
3013,pop53,1,0.0004951953887939453,0.0
3013,pop1,1,0.0004127025604248047,0.0
3013,pop0,1,0.0004322528839111328,0.0
3014,pop45,2,0.0003949403762817383,5.2809715270996094e-05
3014,pop46,3,0.0005701382954915365,0.00017558146648484062
3014,pop51,1,0.0004208087921142578,0.0
3014,pop47,1,0.0004470348358154297,0.0
3014,pop53,1,0.0004086494445800781,0.0
3014,pop1,1,0.0004172325134277344,0.0
3014,pop15,1,0.0004458427429199219,0.0
3015,pop21,2,0.00036513805389404297,8.022785186767578e-05
3015,pop23,1,0.0004475116729736328,0.0
3015,pop16,1,0.0004107952117919922,0.0
3015,pop50,1,0.00046443939208984375,0.0
3015,pop32,4,0.0005396604537963867,0.0001156227485782799
3016,pop14,2,0.0004025697708129883,5.8531761169433594e-05
3016,pop27,4,0.0004820823669433594,0.00010757249718757175
3016,pop44,1,0.00036144256591796875,0.0
3016,pop39,1,0.0004277229309082031,0.0
3017,pop4,2,0.0004107952117919922,5.5789947509765625e-05
3017,pop51,3,0.0004477500915527344,3.186316614002138e-05
3017,pop29,2,0.0005414485931396484,0.00012111663818359375
3017,pop50,4,0.0005651116371154785,0.00015653195415395098
3018,pop19,2,0.00043904781341552734,3.230571746826172e-05
3018,pop18,1,0.0004410743713378906,0.0
3018,pop38,4,0.00045984983444213867,5.822379282091192e-05
3018,pop39,1,0.0003905296325683594,0.0
3019,pop44,2,0.0003854036331176758,8.356571197509766e-05
3019,pop27,3,0.0005389054616292318,0.0001209983619461874
3019,pop14,1,0.00042891502380371094,0.0
3019,pop50,1,0.00044798851013183594,0.0
3019,pop52,1,0.00040078163146972656,0.0
3019,pop12,1,0.0003848075866699219,0.0
3020,pop45,2,0.0003815889358520508,0.00010526180267333984
3020,pop46,2,0.00043451786041259766,1.4424324035644531e-05
3020,pop51,1,0.0004723072052001953,0.0
3020,pop52,3,0.00043193499247233075,1.7192975598978194e-05
3020,pop12,2,0.0006108283996582031,0.0001983642578125
3020,pop50,2,0.0005705356597900391,0.00015497207641601562
3021,pop20,2,0.00037217140197753906,9.226799011230469e-05
3021,pop46,1,0.0004611015319824219,0.0
3021,pop51,1,0.0004200935363769531,0.0
3021,pop52,3,0.0005424817403157552,0.000132685074321737
3021,pop54,2,0.0005078315734863281,6.723403930664062e-05
3021,pop50,4,0.000491797924041748,0.00013082114283772422
3022,pop12,2,0.0003777742385864258,8.094310760498047e-05
3022,pop52,1,0.0004558563232421875,0.0
3022,pop50,3,0.00048653284708658856,0.0001089734332839653
3022,pop32,1,0.00048470497131347656,0.0
3023,pop29,4,0.0005078315734863281,0.00018606527162587087
3023,pop51,1,0.0004246234893798828,0.0
3023,pop50,1,0.0004367828369140625,0.0
3023,pop17,1,0.000415802001953125,0.0
3023,pop31,1,0.00043010711669921875,0.0
3024,pop13,3,0.00035564104715983075,0.00014276334279801614
3024,pop52,3,0.00044767061869303387,4.146122778508664e-05
3024,pop34,2,0.0006238222122192383,0.00019371509552001953
3024,pop50,2,0.0005948543548583984,0.00013303756713867188
3025,pop14,2,0.00041115283966064453,5.328655242919922e-05
3025,pop50,2,0.0004432201385498047,1.1920928955078125e-05
3025,pop51,1,0.0004532337188720703,0.0
3025,pop46,2,0.0005068778991699219,7.724761962890625e-05
3025,pop45,1,0.00040340423583984375,0.0
3026,pop57,2,0.00041103363037109375,7.462501525878906e-05
3026,pop56,1,0.00045680999755859375,0.0
3026,pop55,2,0.00044226646423339844,1.52587890625e-05
3026,pop50,1,0.0004210472106933594,0.0
3026,pop53,1,0.0004754066467285156,0.0
3026,pop1,2,0.00047147274017333984,2.014636993408203e-05
3026,pop0,2,0.0006924867630004883,0.0001569986343383789
3027,pop54,2,0.0004156827926635742,5.5909156799316406e-05
3027,pop52,1,0.00045037269592285156,0.0
3027,pop51,1,0.0004749298095703125,0.0
3027,pop46,5,0.00045595169067382815,5.285446841108809e-05
3027,pop45,2,0.0006160736083984375,0.00019025802612304688
3028,pop50,5,0.0004984378814697265,0.00014954685214119817
3028,pop14,1,0.000457763671875,0.0
3028,pop27,1,0.0004138946533203125,0.0
3028,pop44,1,0.0003991127014160156,0.0
3028,pop39,1,0.00042629241943359375,0.0
3029,pop19,2,0.00037407875061035156,9.989738464355469e-05
3029,pop51,1,0.00045561790466308594,0.0
3029,pop43,4,0.0004813671112060547,7.957217845130636e-05
3029,pop40,1,0.0005042552947998047,0.0
3030,pop45,2,0.0004353523254394531,5.3882598876953125e-05
3030,pop46,2,0.0004436969757080078,1.0251998901367188e-05
3030,pop51,1,0.0004506111145019531,0.0
3030,pop50,2,0.0005739927291870117,0.0001646280288696289
3030,pop14,1,0.0004367828369140625,0.0
3030,pop24,1,0.00043272972106933594,0.0
3031,pop14,2,0.0003745555877685547,9.1552734375e-05
3031,pop50,3,0.0005544026692708334,0.00013321381936726363
3031,pop52,3,0.0004361470540364583,1.637102330318056e-05
3031,pop12,2,0.0006375312805175781,0.00019931793212890625
3031,pop51,2,0.0006122589111328125,0.0001571178436279297
3031,pop29,2,0.000510096549987793,5.7578086853027344e-05
3032,pop8,2,0.00038945674896240234,7.450580596923828e-05
3032,pop51,1,0.0004248619079589844,0.0
3032,pop50,3,0.0005382696787516276,0.00011269952055512457
3032,pop17,1,0.0004203319549560547,0.0
3032,pop31,1,0.00043511390686035156,0.0
3033,pop20,3,0.00035492579142252606,0.00010910185158551125
3033,pop46,1,0.0004649162292480469,0.0
3033,pop51,6,0.00044496854146321613,1.2584095081124513e-05
3033,pop9,2,0.0006482601165771484,0.0002048015594482422
3033,pop8,1,0.0006203651428222656,0.0
3033,pop22,1,0.00069427490234375,0.0
3033,pop47,2,0.00044727325439453125,2.1219253540039062e-05
3033,pop53,4,0.0004507899284362793,1.7828366013217377e-05
3033,pop1,1,0.0007987022399902344,0.0
3033,pop41,1,0.0007796287536621094,0.0
3033,pop7,2,0.00046074390411376953,1.990795135498047e-05
3033,pop6,2,0.0006119012832641602,0.0001722574234008789
3033,pop36,2,0.0006793737411499023,8.761882781982422e-05
3034,pop13,5,0.0004901409149169922,0.00014491515076228828
3034,pop52,1,0.0004525184631347656,0.0
3034,pop51,1,0.0003745555877685547,0.0
3034,pop46,1,0.00041413307189941406,0.0
3034,pop45,1,0.0004258155822753906,0.0
3035,pop14,2,0.0004118680953979492,5.066394805908203e-05
3035,pop50,4,0.0005273222923278809,0.00016356960048898844
3035,pop51,1,0.00043702125549316406,0.0
3035,pop43,1,0.0004112720489501953,0.0
3035,pop40,1,0.00043201446533203125,0.0
3036,pop25,2,0.00039768218994140625,6.985664367675781e-05
3036,pop17,1,0.0004162788391113281,0.0
3036,pop50,1,0.0004513263702392578,0.0
3036,pop53,1,0.0004324913024902344,0.0
3036,pop1,1,0.00040531158447265625,0.0
3036,pop15,4,0.0004943013191223145,8.769014190863019e-05
3037,pop6,3,0.0004409948984781901,0.00016287744959903258
3037,pop7,3,0.0004280408223470052,3.2375998450459525e-05
3037,pop53,3,0.00046181678771972656,4.862803948967728e-06
3037,pop52,3,0.0004502137502034505,4.887419338710085e-06
3037,pop12,2,0.0005865097045898438,0.00015497207641601562
3037,pop50,5,0.0004300117492675781,1.9638861237539635e-05
3037,pop14,1,0.0006268024444580078,0.0
3037,pop32,2,0.0006840229034423828,1.239776611328125e-05
3038,pop22,4,0.0004850625991821289,0.00016361148193444868
3038,pop51,1,0.00041365623474121094,0.0
3038,pop52,1,0.0004572868347167969,0.0
3038,pop54,1,0.00045871734619140625,0.0
3039,pop21,2,0.00037932395935058594,8.797645568847656e-05
3039,pop22,2,0.0005718469619750977,0.00015723705291748047
3039,pop51,8,0.00048342347145080566,9.126885691154989e-05
3039,pop52,6,0.000436703364054362,1.8895163347515843e-05
3039,pop54,2,0.0005484819412231445,0.00011861324310302734
3039,pop47,2,0.0004385709762573242,2.586841583251953e-05
3039,pop53,2,0.0004419088363647461,7.271766662597656e-06
3039,pop1,1,0.0008640289306640625,0.0
3039,pop46,2,0.0004404783248901367,4.172325134277344e-06
3039,pop45,1,0.0007448196411132812,0.0
3039,pop43,2,0.0004329681396484375,7.152557373046875e-07
3039,pop11,1,0.0006787776947021484,0.0
3039,pop55,2,0.00043487548828125,1.8596649169921875e-05
3039,pop56,2,0.00042724609375,2.384185791015625e-07
3039,pop57,1,0.0006973743438720703,0.0
3039,pop13,1,0.0006849765777587891,0.0
3039,pop36,4,0.0005689263343811035,0.0001313247511083591
3040,pop19,4,0.00040912628173828125,8.650718430537568e-05
3040,pop51,6,0.00044659773508707684,9.445325135652078e-06
3040,pop52,3,0.0004285176595052083,1.2315472926018462e-05
3040,pop12,2,0.0005851984024047852,0.00015842914581298828
3040,pop9,1,0.0006527900695800781,0.0
3040,pop22,2,0.0006401538848876953,0.00020623207092285156
3040,pop21,1,0.0006086826324462891,0.0
3040,pop23,1,0.00046133995056152344,0.0
3040,pop16,1,0.0004241466522216797,0.0
3040,pop50,2,0.0005745887756347656,0.00015234947204589844
3040,pop18,3,0.0005196730295817057,0.00011987379094273498
3041,pop14,2,0.0003859996795654297,7.081031799316406e-05
3041,pop27,4,0.0004773139953613281,9.570464478283177e-05
3041,pop44,1,0.0004239082336425781,0.0
3041,pop39,1,0.00039458274841308594,0.0
3042,pop33,5,0.00046515464782714844,0.00013641451895576547
3042,pop50,1,0.00045490264892578125,0.0
3042,pop53,1,0.000423431396484375,0.0
3042,pop42,1,0.000431060791015625,0.0
3043,pop8,3,0.0003968079884847005,0.00021447747490259278
3043,pop51,2,0.00044667720794677734,2.7060508728027344e-05
3043,pop36,4,0.000614166259765625,0.00017557533323045676
3044,pop6,5,0.00044226646423339844,0.0001428332258363559
3044,pop7,1,0.0004374980926513672,0.0
3044,pop53,1,0.0003688335418701172,0.0
3044,pop42,1,0.0004622936248779297,0.0
3045,pop21,2,0.00036025047302246094,8.034706115722656e-05
3045,pop22,4,0.0004982948303222656,9.527783357298595e-05
3045,pop51,1,0.0004203319549560547,0.0
3045,pop52,1,0.0004413127899169922,0.0
3045,pop54,1,0.0004017353057861328,0.0
3046,pop0,3,0.000408172607421875,6.60211424761745e-05
3046,pop1,2,0.0004385709762573242,1.8715858459472656e-05
3046,pop53,1,0.0004661083221435547,0.0
3046,pop42,2,0.0004954338073730469,7.367134094238281e-05
3046,pop43,1,0.0004458427429199219,0.0
3046,pop40,1,0.0004343986511230469,0.0
3047,pop25,2,0.0004165172576904297,3.886222839355469e-05
3047,pop17,1,0.0004620552062988281,0.0
3047,pop50,1,0.00044035911560058594,0.0
3047,pop51,1,0.0009412765502929688,0.0
3048,pop6,2,0.00033724308013916016,0.00010502338409423828
3048,pop7,1,0.0004253387451171875,0.0
3048,pop53,1,0.0004706382751464844,0.0
3048,pop47,1,0.0004215240478515625,0.0
3048,pop51,2,0.0006062984466552734,0.00020599365234375
3048,pop43,2,0.00042188167572021484,2.467632293701172e-05
3048,pop42,4,0.000568389892578125,0.0001550495430923938
3049,pop57,2,0.0003916025161743164,5.4955482482910156e-05
3049,pop56,1,0.0004646778106689453,0.0
3049,pop55,1,0.00042700767517089844,0.0
3049,pop50,1,0.000423431396484375,0.0
3049,pop14,1,0.00045752525329589844,0.0
3049,pop27,3,0.000476837158203125,4.900415363205139e-05
3049,pop44,1,0.00043392181396484375,0.0
3050,pop50,5,0.00047016143798828125,0.000164233059507614
3050,pop52,1,0.0004017353057861328,0.0
3050,pop54,1,0.00040149688720703125,0.0
3051,pop8,2,0.0003731250762939453,6.246566772460938e-05
3051,pop51,3,0.0004417896270751953,2.5838092164745893e-05
3051,pop52,3,0.0004440148671468099,1.685236934378827e-05
3051,pop54,2,0.0005810260772705078,0.00017833709716796875
3051,pop43,3,0.0006802876790364584,0.00016495353524466257
3052,pop6,4,0.0004559159278869629,0.0001479530284334676
3052,pop7,1,0.0004391670227050781,0.0
3052,pop53,1,0.00042057037353515625,0.0
3052,pop52,1,0.0004775524139404297,0.0
3052,pop13,1,0.0004019737243652344,0.0
3053,pop20,3,0.00039839744567871094,6.438655475432198e-05
3053,pop46,1,0.00042700767517089844,0.0
3053,pop45,1,0.0004591941833496094,0.0
3053,pop44,2,0.0006095170974731445,0.00020611286163330078
3053,pop27,3,0.0004913012186686198,6.951726854065748e-05
3054,pop8,2,0.00038754940032958984,4.565715789794922e-05
3054,pop51,1,0.00045752525329589844,0.0
3054,pop29,3,0.0005589326222737631,0.00010968590622767366
3055,pop50,2,0.0004069805145263672,4.935264587402344e-05
3055,pop14,1,0.0004570484161376953,0.0
3055,pop27,4,0.00046324729919433594,6.672803207419939e-05
3055,pop44,1,0.000431060791015625,0.0
3056,pop4,5,0.0005189418792724609,0.00015933644747847536
3056,pop51,1,0.0004405975341796875,0.0
3056,pop19,1,0.0004546642303466797,0.0
3056,pop18,1,0.0004172325134277344,0.0
3056,pop38,1,0.0004317760467529297,0.0
3057,pop44,2,0.0004134178161621094,6.222724914550781e-05
3057,pop27,3,0.0005333423614501953,0.00013049593602075676
3057,pop14,1,0.0004470348358154297,0.0
3057,pop50,1,0.0004725456237792969,0.0
3057,pop53,1,0.0004229545593261719,0.0
3057,pop1,1,0.0004334449768066406,0.0
3057,pop15,1,0.00043845176696777344,0.0
3058,pop21,2,0.00043201446533203125,4.839897155761719e-05
3058,pop23,1,0.00046253204345703125,0.0
3058,pop16,1,0.0004305839538574219,0.0
3058,pop50,4,0.0005147457122802734,0.00013151599750415847
3058,pop53,1,0.0004444122314453125,0.0
3058,pop1,1,0.0004343986511230469,0.0
3058,pop15,1,0.00039958953857421875,0.0
3059,pop20,3,0.00034928321838378906,0.00011997027691221818
3059,pop46,2,0.00044274330139160156,3.266334533691406e-05
3059,pop51,3,0.00044035911560058594,1.1841189404925775e-05
3059,pop9,2,0.0005838871002197266,0.00015091896057128906
3059,pop52,1,0.0004634857177734375,0.0
3059,pop55,2,0.0007785558700561523,6.020069122314453e-05
3059,pop50,1,0.0004315376281738281,0.0
3060,pop12,2,0.0004322528839111328,4.100799560546875e-05
3060,pop52,1,0.00046062469482421875,0.0
3060,pop50,2,0.0004258155822753906,2.4318695068359375e-05
3060,pop14,1,0.00043082237243652344,0.0
3060,pop27,3,0.0005238850911458334,0.00012059005478948412
3060,pop44,1,0.00041103363037109375,0.0
3060,pop39,1,0.00043201446533203125,0.0
3061,pop29,3,0.00040380160013834637,5.733634992440881e-05
3061,pop51,1,0.00045561790466308594,0.0
3061,pop47,1,0.00043845176696777344,0.0
3061,pop53,1,0.00046372413635253906,0.0
3061,pop1,2,0.0004972219467163086,4.875659942626953e-05
3061,pop0,1,0.0004127025604248047,0.0
3062,pop0,3,0.00037781397501627606,8.95557930957296e-05
3062,pop1,1,0.00045180320739746094,0.0
3062,pop53,1,0.00046181678771972656,0.0
3062,pop52,3,0.00047008196512858075,2.6786716117220316e-05
3062,pop34,2,0.0006091594696044922,0.0001780986785888672
3062,pop50,3,0.00042374928792317707,8.80608058088274e-06
3062,pop14,2,0.0006250143051147461,0.0001958608627319336
3062,pop24,1,0.0005664825439453125,0.0
3062,pop51,4,0.00044864416122436523,1.711338517394847e-05
3062,pop43,2,0.0004514455795288086,3.4570693969726562e-06
3062,pop11,1,0.0007407665252685547,0.0
3062,pop46,2,0.0004265308380126953,9.5367431640625e-06
3062,pop45,1,0.0007832050323486328,0.0
3062,pop29,2,0.000661015510559082,3.4928321838378906e-05
3063,pop25,2,0.0003948211669921875,6.365776062011719e-05
3063,pop17,1,0.0004265308380126953,0.0
3063,pop31,1,0.0004572868347167969,0.0
3063,pop30,1,0.00045299530029296875,0.0
3063,pop48,2,0.00041091442108154297,1.0132789611816406e-05
3063,pop49,3,0.0005699793497721354,0.00011704326121086721
3064,pop44,2,0.00035190582275390625,0.00011324882507324219
3064,pop27,4,0.0004944205284118652,0.00010846491259562973
3064,pop14,1,0.00043010711669921875,0.0
3064,pop50,1,0.0004172325134277344,0.0
3064,pop51,1,0.0004363059997558594,0.0
3065,pop20,2,0.0003948211669921875,6.4849853515625e-05
3065,pop46,1,0.0004761219024658203,0.0
3065,pop51,1,0.00046253204345703125,0.0
3065,pop47,2,0.0006231069564819336,0.00016415119171142578
3065,pop53,4,0.00043952465057373047,1.8906984168843702e-05
3065,pop1,4,0.00044608116149902344,1.853158155818255e-05
3065,pop0,2,0.0005394220352172852,9.191036224365234e-05
3065,pop41,1,0.0008502006530761719,0.0
3065,pop40,1,0.00043582916259765625,0.0
3065,pop43,3,0.0005309581756591797,0.00011500428531154674
3065,pop42,1,0.00045609474182128906,0.0
3066,pop54,2,0.00043261051177978516,4.9233436584472656e-05
3066,pop52,1,0.00043201446533203125,0.0
3066,pop51,3,0.00044417381286621094,1.6457215531962363e-05
3066,pop46,4,0.00042766332626342773,1.1374808986010949e-05
3066,pop45,2,0.0006023645401000977,0.00016891956329345703
3066,pop50,4,0.0005357861518859863,0.0001715993914185611
3066,pop14,1,0.0007729530334472656,0.0
3067,pop45,2,0.00042998790740966797,2.9921531677246094e-05
3067,pop46,2,0.0004526376724243164,1.9431114196777344e-05
3067,pop51,1,0.0004017353057861328,0.0
3067,pop50,3,0.0005551973978678385,0.00016775751243999692
3067,pop17,1,0.0004096031188964844,0.0
3067,pop31,1,0.0004200935363769531,0.0
3067,pop30,1,0.00043511390686035156,0.0
3067,pop48,1,0.00040459632873535156,0.0
3067,pop49,1,0.00041675567626953125,0.0
3068,pop6,5,0.00044574737548828123,0.00011388370840103803
3068,pop7,1,0.0004329681396484375,0.0
3068,pop53,1,0.0004012584686279297,0.0
3068,pop42,1,0.00042510032653808594,0.0
3069,pop21,2,0.00039124488830566406,5.817413330078125e-05
3069,pop22,2,0.0004417896270751953,1.430511474609375e-05
3069,pop51,1,0.0004067420959472656,0.0
3069,pop46,3,0.0004931290944417318,7.235531431036199e-05
3069,pop45,2,0.0005227327346801758,8.928775787353516e-05
3070,pop44,2,0.0004100799560546875,8.249282836914062e-05
3070,pop27,4,0.0005204677581787109,0.0001261472003578248
3070,pop14,1,0.0004315376281738281,0.0
3070,pop50,1,0.0004138946533203125,0.0
3070,pop52,1,0.00044274330139160156,0.0
3070,pop13,1,0.00041604042053222656,0.0
3071,pop20,4,0.0004665255546569824,0.00016396425262421308
3071,pop46,1,0.0004162788391113281,0.0
3071,pop51,1,0.00044727325439453125,0.0
3071,pop52,1,0.0004200935363769531,0.0
3071,pop13,1,0.00043320655822753906,0.0
3072,pop13,4,0.0004622340202331543,0.00016405029380065481
3072,pop52,1,0.00040268898010253906,0.0
3072,pop53,1,0.0004067420959472656,0.0
3072,pop42,1,0.00042748451232910156,0.0
3073,pop8,2,0.0003628730773925781,0.00010752677917480469
3073,pop51,4,0.0004407167434692383,2.8632324349680177e-05
3073,pop46,3,0.00046253204345703125,1.2958219758702462e-05
3073,pop45,2,0.000624537467956543,0.0001863241195678711
3073,pop29,2,0.0006289482116699219,0.0001735687255859375
3073,pop50,2,0.0006308555603027344,0.0001811981201171875
3074,pop29,2,0.0003603696823120117,0.00011360645294189453
3074,pop51,1,0.0004222393035888672,0.0
3074,pop43,4,0.0004520416259765625,1.919306582929018e-05
3074,pop40,2,0.0005258321762084961,9.429454803466797e-05
3074,pop42,3,0.000549157460530599,7.89748322678118e-05
3075,pop22,2,0.00036537647247314453,0.00010144710540771484
3075,pop51,4,0.00044101476669311523,1.2779741802092006e-05
3075,pop52,3,0.0004336039225260417,7.372580301481321e-06
3075,pop54,2,0.0005564689636230469,0.00010895729064941406
3075,pop50,2,0.0004506111145019531,3.337860107421875e-06
3075,pop35,1,0.0006515979766845703,0.0
3075,pop53,3,0.0004429817199707031,1.0646397381671003e-05
3075,pop7,1,0.0006382465362548828,0.0
3075,pop1,1,0.0007693767547607422,0.0
3075,pop47,1,0.0004355907440185547,0.0
3075,pop4,2,0.0005736351013183594,0.0001494884490966797
3075,pop43,3,0.0005216598510742188,0.00012903754468969721
3075,pop40,1,0.0007777214050292969,0.0
3076,pop19,2,0.00036454200744628906,0.0001125335693359375
3076,pop51,3,0.00044306119283040363,1.9142238893285874e-05
3076,pop52,3,0.0004527568817138672,3.755981854705282e-05
3076,pop12,2,0.0005431175231933594,0.00013017654418945312
3076,pop22,3,0.0006164709726969401,0.00011574059055948855
3077,pop14,2,0.000396728515625,7.557868957519531e-05
3077,pop50,2,0.0004363059997558594,2.384185791015625e-05
3077,pop53,1,0.000446319580078125,0.0
3077,pop1,2,0.00046503543853759766,2.7060508728027344e-05
3077,pop15,2,0.0005671977996826172,3.886222839355469e-05
3078,pop50,3,0.00037058194478352863,0.00011734495390913977
3078,pop32,3,0.0005841255187988281,0.00014677653962178578
3079,pop6,4,0.0004048347473144531,8.883883850321659e-05
3079,pop7,1,0.00042939186096191406,0.0
3079,pop53,1,0.00044846534729003906,0.0
3079,pop52,3,0.00045530001322428387,1.4040854976821751e-05
3079,pop12,2,0.0005708932876586914,0.00015103816986083984
3079,pop50,2,0.0005706548690795898,0.00012743473052978516
3080,pop20,2,0.0003662109375,0.00010943412780761719
3080,pop46,1,0.00042247772216796875,0.0
3080,pop51,2,0.0005815029144287109,0.0001163482666015625
3080,pop43,4,0.00043451786041259766,2.4421616685680595e-05
3080,pop40,2,0.0004973411560058594,9.655952453613281e-05
3080,pop42,4,0.0005099177360534668,8.931701824347113e-05
3081,pop29,3,0.00034316380818684894,0.00015452789980500037
3081,pop51,2,0.0006123781204223633,0.00017940998077392578
3081,pop43,3,0.0004830360412597656,5.818227544202283e-05
3082,pop33,5,0.0005013942718505859,0.00014353202421263706
3082,pop50,1,0.0004494190216064453,0.0
3082,pop17,1,0.0004210472106933594,0.0
3082,pop31,1,0.0004296302795410156,0.0
3082,pop30,1,0.00043201446533203125,0.0
3082,pop48,1,0.00041604042053222656,0.0
3082,pop49,1,0.0004143714904785156,0.0
3083,pop19,2,0.0003628730773925781,7.581710815429688e-05
3083,pop51,1,0.00040030479431152344,0.0
3083,pop52,3,0.0004405975341796875,2.512121884369249e-05
3083,pop34,2,0.0005099773406982422,6.985664367675781e-05
3083,pop50,3,0.0006318887074788412,0.00013366366361523976
3084,pop6,2,0.00041854381561279297,4.112720489501953e-05
3084,pop7,1,0.0004105567932128906,0.0
3084,pop53,1,0.0004603862762451172,0.0
3084,pop50,1,0.00042939186096191406,0.0
3084,pop17,1,0.0004229545593261719,0.0
3084,pop31,3,0.000440518061319987,2.2627027152144155e-05
3084,pop30,1,0.0004169940948486328,0.0
3084,pop48,2,0.0005120038986206055,8.380413055419922e-05
3084,pop49,1,0.00042629241943359375,0.0
3085,pop12,2,0.0003839731216430664,6.401538848876953e-05
3085,pop52,1,0.00046062469482421875,0.0
3085,pop50,3,0.0005068778991699219,9.626049866956273e-05
3085,pop32,1,0.0004291534423828125,0.0
3086,pop0,4,0.0005429983139038086,0.00021534533726539585
3086,pop1,1,0.00041604042053222656,0.0
3086,pop53,1,0.0004258155822753906,0.0
3086,pop50,1,0.00042748451232910156,0.0
3086,pop14,1,0.0004169940948486328,0.0
3086,pop27,1,0.0004391670227050781,0.0
3086,pop44,1,0.00041413307189941406,0.0
3086,pop39,1,0.0004444122314453125,0.0
3087,pop25,2,0.00037550926208496094,7.414817810058594e-05
3087,pop17,1,0.00044345855712890625,0.0
3087,pop50,3,0.0004227956136067708,7.893859571990343e-06
3087,pop53,1,0.00042176246643066406,0.0
3087,pop1,1,0.00046896934509277344,0.0
3087,pop15,2,0.0006918907165527344,0.00016617774963378906
3088,pop50,5,0.00046215057373046877,0.00012908542897067314
3088,pop52,1,0.0004134178161621094,0.0
3088,pop34,1,0.0004138946533203125,0.0
3089,pop33,2,0.0004048347473144531,4.076957702636719e-05
3089,pop50,4,0.0005331039428710938,0.0001711499191117738
3089,pop51,1,0.00044608116149902344,0.0
3089,pop29,1,0.00041794776916503906,0.0
3090,pop57,2,0.0003243684768676758,0.0001112222671508789
3090,pop48,4,0.000476837158203125,5.496776406337981e-05
3090,pop30,1,0.0004429817199707031,0.0
3090,pop31,1,0.00043392181396484375,0.0
3091,pop54,2,0.0003418922424316406,0.00010514259338378906
3091,pop52,1,0.00047326087951660156,0.0
3091,pop53,1,0.00046372413635253906,0.0
3091,pop42,4,0.0005312561988830566,0.00013041947117724097
3092,pop45,2,0.00040078163146972656,4.649162292480469e-05
3092,pop46,4,0.000517427921295166,0.0001663955337354942
3092,pop51,1,0.00043129920959472656,0.0
3092,pop29,1,0.0004374980926513672,0.0
3093,pop44,2,0.00040435791015625,4.1961669921875e-05
3093,pop27,4,0.0005241632461547852,0.00015426681587877927
3093,pop14,1,0.00043582916259765625,0.0
3093,pop50,1,0.0004467964172363281,0.0
3093,pop17,1,0.00040984153747558594,0.0
3093,pop31,1,0.00041937828063964844,0.0
3093,pop30,1,0.00044274330139160156,0.0
3093,pop48,1,0.0004527568817138672,0.0
3093,pop49,1,0.00040793418884277344,0.0
3094,pop8,2,0.0004903078079223633,0.00014340877532958984
3095,pop50,2,0.00038063526153564453,5.805492401123047e-05
3095,pop53,1,0.0004584789276123047,0.0
3095,pop1,2,0.0004153251647949219,1.6689300537109375e-06
3095,pop15,2,0.000659942626953125,8.0108642578125e-05
3096,pop54,2,0.0003916025161743164,4.7326087951660156e-05
3096,pop52,1,0.0004534721374511719,0.0
3096,pop50,3,0.00044687589009602863,1.548354859239872e-05
3096,pop17,1,0.00042891502380371094,0.0
3096,pop31,2,0.0005933046340942383,7.975101470947266e-05
3097,pop45,2,0.0003464221954345703,8.893013000488281e-05
3097,pop46,1,0.00045752525329589844,0.0
3097,pop51,1,0.0004303455352783203,0.0
3097,pop52,1,0.00046324729919433594,0.0
3097,pop13,4,0.0005480051040649414,0.00013841677002707358
3098,pop44,2,0.00036704540252685547,7.30752944946289e-05
3098,pop27,4,0.0005089640617370605,0.00015323744434940533
3098,pop14,1,0.00045108795166015625,0.0
3098,pop50,1,0.00041556358337402344,0.0
3098,pop51,1,0.0004608631134033203,0.0
3098,pop9,1,0.0004153251647949219,0.0
3099,pop14,2,0.00036907196044921875,0.00010156631469726562
3099,pop50,4,0.0005069375038146973,8.2010857946803e-05
3099,pop17,1,0.00046634674072265625,0.0
3099,pop31,1,0.0004363059997558594,0.0
3100,pop29,3,0.000410000483194987,7.687889145495161e-05
3100,pop51,1,0.00041961669921875,0.0
3100,pop43,1,0.0004646778106689453,0.0
3100,pop42,3,0.0005022684733072916,3.834975176256369e-05
3101,pop57,2,0.00043261051177978516,3.993511199951172e-05
3101,pop56,1,0.00046372413635253906,0.0
3101,pop55,4,0.0005323886871337891,0.00018253017179267324
3101,pop50,1,0.0004036426544189453,0.0
3101,pop51,1,0.0004410743713378906,0.0
3101,pop8,1,0.0004432201385498047,0.0
3102,pop54,2,0.00031626224517822266,0.00015294551849365234
3102,pop52,1,0.0004596710205078125,0.0
3102,pop13,4,0.0005109906196594238,8.876256378306865e-05
3103,pop44,2,0.0003063678741455078,0.00016236305236816406
3103,pop39,3,0.0005493958791097006,8.103247012013647e-05
3104,pop4,3,0.0004082520802815755,4.8962892832421056e-05
3104,pop51,1,0.00042176246643066406,0.0
3104,pop50,3,0.0005308787027994791,0.00012831119013784244
3104,pop14,1,0.00040531158447265625,0.0
3104,pop24,1,0.000438690185546875,0.0
3105,pop19,2,0.00040149688720703125,6.031990051269531e-05
3105,pop51,1,0.0004673004150390625,0.0
3105,pop29,4,0.0005168914794921875,9.683390475525914e-05
3106,pop6,4,0.00041431188583374023,7.40187700513304e-05
3106,pop7,1,0.000461578369140625,0.0
3106,pop53,1,0.0004189014434814453,0.0
3106,pop50,2,0.0005642175674438477,0.00011980533599853516
3106,pop14,1,0.0004360675811767578,0.0
3106,pop24,1,0.00044274330139160156,0.0
3107,pop50,5,0.0004395961761474609,0.0001434298430083219
3107,pop51,1,0.00042724609375,0.0
3108,pop12,2,0.00041413307189941406,5.5789947509765625e-05
3108,pop52,1,0.0004458427429199219,0.0
3108,pop50,4,0.00048065185546875,0.00011292046073997468
3108,pop14,1,0.000415802001953125,0.0
3108,pop24,1,0.00041413307189941406,0.0
3109,pop0,3,0.0003781318664550781,9.212052918509859e-05
3109,pop1,1,0.0004239082336425781,0.0
3109,pop53,3,0.0004456043243408203,1.3227397448234747e-05
3109,pop52,3,0.0004412333170572917,1.579131921680186e-05
3109,pop54,2,0.0005534887313842773,0.00015056133270263672
3109,pop7,2,0.00042951107025146484,7.987022399902344e-06
3109,pop6,3,0.0006076494852701823,0.00010796164955050921
3110,pop25,2,0.00037980079650878906,7.534027099609375e-05
3110,pop17,1,0.0004258155822753906,0.0
3110,pop50,1,0.00041937828063964844,0.0
3110,pop53,1,0.0004558563232421875,0.0
3110,pop1,4,0.00048351287841796875,6.0782711430621596e-05
3110,pop0,3,0.0004885991414388021,9.634241439166074e-05
3111,pop57,2,0.0003572702407836914,8.857250213623047e-05
3111,pop56,1,0.0004131793975830078,0.0
3111,pop55,3,0.0005100568135579427,9.936961717645083e-05
3111,pop52,1,0.0004317760467529297,0.0
3111,pop54,1,0.00041174888610839844,0.0
3112,pop6,5,0.00042233467102050783,0.00012789965509223892
3112,pop7,1,0.00044274330139160156,0.0
3112,pop53,1,0.0004458427429199219,0.0
3112,pop42,1,0.000385284423828125,0.0
3113,pop21,2,0.00031197071075439453,0.00013911724090576172
3113,pop22,3,0.00047715504964192707,4.741047348505921e-05
3113,pop51,1,0.0004355907440185547,0.0
3114,pop12,2,0.0004317760467529297,3.0279159545898438e-05
3114,pop52,1,0.0004062652587890625,0.0
3114,pop51,3,0.0005820592244466146,0.0001907762177988093
3114,pop8,2,0.0004839897155761719,0.00011277198791503906
3114,pop50,2,0.00044417381286621094,3.5762786865234375e-06
3114,pop14,2,0.00043570995330810547,3.5762786865234375e-07
3114,pop27,3,0.0005583763122558594,0.00016615294814602437
3115,pop13,4,0.00042641162872314453,0.00014837994205425098
3115,pop52,1,0.00040841102600097656,0.0
3115,pop54,1,0.0004088878631591797,0.0
3116,pop8,2,0.0004152059555053711,3.5881996154785156e-05
3116,pop51,1,0.00042748451232910156,0.0
3116,pop29,4,0.0005300045013427734,8.423888830009642e-05
3117,pop0,4,0.0005298852920532227,0.0001699406506809303
3117,pop1,1,0.000438690185546875,0.0
3117,pop53,1,0.00044536590576171875,0.0
3117,pop47,1,0.0004208087921142578,0.0
3117,pop51,1,0.0004487037658691406,0.0
3117,pop29,1,0.00043082237243652344,0.0
3118,pop6,4,0.00046747922897338867,0.00015057708251243037
3118,pop7,1,0.00042510032653808594,0.0
3118,pop53,1,0.0004398822784423828,0.0
3118,pop50,1,0.0004398822784423828,0.0
3118,pop14,1,0.0004088878631591797,0.0
3118,pop24,1,0.00042510032653808594,0.0
3119,pop22,3,0.0004146099090576172,4.6266720949947474e-05
3119,pop51,1,0.0004620552062988281,0.0
3119,pop47,1,0.0004296302795410156,0.0
3119,pop53,2,0.0006622076034545898,0.00024378299713134766
3119,pop7,2,0.0004544258117675781,1.5735626220703125e-05
3119,pop6,2,0.0005713701248168945,0.00014150142669677734
3119,pop1,1,0.0004436969757080078,0.0
3119,pop15,1,0.0004405975341796875,0.0
3120,pop20,2,0.00037670135498046875,8.630752563476562e-05
3120,pop46,4,0.0005205273628234863,0.0001482728167270252
3120,pop51,1,0.0004200935363769531,0.0
3120,pop50,1,0.0004413127899169922,0.0
3120,pop32,1,0.0004088878631591797,0.0
3121,pop29,2,0.00032806396484375,0.00010275840759277344
3121,pop51,3,0.0004374980926513672,9.780006448691788e-06
3121,pop43,5,0.00043048858642578123,2.8208293454835534e-05
3121,pop40,2,0.0005793571472167969,0.0001976490020751953
3121,pop8,1,0.0007226467132568359,0.0
3121,pop42,3,0.000602563222249349,0.000149920657730464
3122,pop8,2,0.000293731689453125,0.00015115737915039062
3122,pop51,3,0.0004858970642089844,0.00013271544025233932
3122,pop4,1,0.0006792545318603516,0.0
3122,pop52,1,0.0006771087646484375,0.0
3122,pop53,2,0.00044226646423339844,2.2172927856445312e-05
3122,pop7,1,0.0007321834564208984,0.0
3122,pop50,3,0.00044647852579752606,5.0775632365427935e-06
3122,pop17,2,0.0004194974899291992,7.271766662597656e-06
3122,pop31,2,0.0005495548248291016,7.653236389160156e-05
3123,pop0,4,0.0003854036331176758,8.022608053624098e-05
3123,pop1,1,0.00047326087951660156,0.0
3123,pop53,1,0.00046443939208984375,0.0
3123,pop47,1,0.00043773651123046875,0.0
3123,pop51,3,0.0005008379618326823,0.0001027522917498787
3123,pop22,1,0.0008063316345214844,0.0
3123,pop52,1,0.00046896934509277344,0.0
3123,pop55,2,0.000576019287109375,0.0001227855682373047
3123,pop50,1,0.00041866302490234375,0.0
3124,pop6,5,0.00042438507080078125,0.0001450244383401174
3124,pop7,1,0.0004413127899169922,0.0
3124,pop53,1,0.00041556358337402344,0.0
3124,pop47,1,0.00045180320739746094,0.0
3124,pop51,1,0.0004165172576904297,0.0
3125,pop33,3,0.0003906091054280599,7.641116052221996e-05
3125,pop50,3,0.0005225340525309244,0.00014326904620349203
3125,pop52,1,0.00042510032653808594,0.0
3125,pop13,1,0.0004444122314453125,0.0
3126,pop57,2,0.00038945674896240234,5.233287811279297e-05
3126,pop56,1,0.0004172325134277344,0.0
3126,pop55,2,0.0004385709762573242,1.633167266845703e-05
3126,pop50,2,0.0005829334259033203,0.0001392364501953125
3126,pop53,1,0.0003933906555175781,0.0
3126,pop1,1,0.0004391670227050781,0.0
3126,pop15,1,0.00042891502380371094,0.0
3127,pop22,3,0.00036907196044921875,0.00010721009543388811
3127,pop51,1,0.0004601478576660156,0.0
3127,pop46,2,0.0004811286926269531,6.437301635742188e-05
3127,pop45,1,0.0004153251647949219,0.0
3128,pop8,2,0.00038373470306396484,4.780292510986328e-05
3128,pop51,1,0.00046443939208984375,0.0
3128,pop50,3,0.0005359649658203125,0.0001344952713636221
3128,pop14,1,0.000415802001953125,0.0
3128,pop27,1,0.00044226646423339844,0.0
3128,pop44,1,0.0004436969757080078,0.0
3129,pop6,6,0.0004745324452718099,0.00016425204086003607
3129,pop7,3,0.00045498212178548175,1.4442648077047697e-05
3129,pop53,3,0.0004170735677083333,1.2040072672783932e-05
3129,pop52,3,0.00043845176696777344,3.0177300504894707e-05
3129,pop34,2,0.0006079673767089844,0.0001761913299560547
3130,pop21,2,0.00039958953857421875,6.175041198730469e-05
3130,pop23,1,0.0004596710205078125,0.0
3130,pop16,1,0.00042700767517089844,0.0
3130,pop50,5,0.0004979610443115234,0.00010980759474315861
3130,pop17,3,0.0004456043243408203,1.1569239543328504e-05
3130,pop31,2,0.000597834587097168,0.00015723705291748047
3131,pop8,2,0.0003515481948852539,8.571147918701172e-05
3131,pop51,3,0.0004474322001139323,3.8262695049319976e-06
3131,pop43,4,0.0004240274429321289,1.9290921502794905e-05
3131,pop40,2,0.0005433559417724609,0.00014519691467285156
3131,pop47,1,0.0007827281951904297,0.0
3131,pop53,1,0.00042176246643066406,0.0
3131,pop50,2,0.00060272216796875,0.00014925003051757812
3132,pop45,2,0.000362396240234375,8.20159912109375e-05
3132,pop46,3,0.0005271434783935547,0.00013192643122623388
3132,pop51,1,0.00040841102600097656,0.0
3132,pop52,1,0.0004360675811767578,0.0
3132,pop12,1,0.0004124641418457031,0.0
3133,pop33,2,0.0003038644790649414,0.00015819072723388672
3133,pop32,3,0.000568230946858724,0.00011970881601230539
3134,pop57,2,0.0003972053527832031,4.6253204345703125e-05
3134,pop56,1,0.00044846534729003906,0.0
3134,pop55,1,0.00043511390686035156,0.0
3134,pop50,1,0.00045943260192871094,0.0
3134,pop51,3,0.00045339266459147137,8.900250679068003e-06
3134,pop46,3,0.0004259745279947917,1.4740019632173703e-06
3134,pop45,2,0.0005450248718261719,0.00012564659118652344
3134,pop36,4,0.0005813241004943848,0.00015205296755293552
3135,pop14,2,0.00035750865936279297,9.143352508544922e-05
3135,pop50,4,0.0005140900611877441,9.827913078345104e-05
3135,pop17,3,0.0004298686981201172,8.261355714744614e-06
3135,pop31,2,0.0005662441253662109,0.00012874603271484375
3136,pop54,2,0.00037086009979248047,7.76052474975586e-05
3136,pop52,1,0.0004744529724121094,0.0
3136,pop53,1,0.0004322528839111328,0.0
3136,pop1,1,0.00043201446533203125,0.0
3136,pop15,3,0.0005513827006022135,0.0001021089247780049
3137,pop44,2,0.00038230419158935547,6.258487701416016e-05
3137,pop27,3,0.0005377928415934244,0.0001315806100446449
3137,pop14,1,0.0004076957702636719,0.0
3137,pop50,1,0.0004487037658691406,0.0
3137,pop53,1,0.0004286766052246094,0.0
3137,pop1,1,0.00041937828063964844,0.0
3137,pop0,1,0.00043845176696777344,0.0
3138,pop20,4,0.0005068778991699219,0.00016126492402128063
3138,pop46,1,0.00044035911560058594,0.0
3138,pop45,1,0.0004374980926513672,0.0
3138,pop44,1,0.00042891502380371094,0.0
3138,pop39,1,0.0004150867462158203,0.0
3139,pop29,3,0.0003674825032552083,8.86127018595674e-05
3139,pop51,3,0.0004432996114095052,2.2136009180767498e-05
3139,pop46,3,0.0005167325337727865,8.010824836654146e-05
3139,pop45,2,0.00047528743743896484,9.381771087646484e-05
3139,pop10,3,0.0005915164947509766,9.459200162621913e-05
3140,pop4,5,0.00046253204345703125,0.00011719023805638237
3140,pop51,1,0.0004024505615234375,0.0
3140,pop52,1,0.00042366981506347656,0.0
3140,pop12,1,0.0004138946533203125,0.0
3141,pop19,2,0.0003771781921386719,9.703636169433594e-05
3141,pop51,1,0.00046443939208984375,0.0
3141,pop52,3,0.0004277229309082031,1.163619455519908e-05
3141,pop34,2,0.0005925893783569336,0.00013244152069091797
3141,pop50,3,0.0005316734313964844,0.00011111448362918343
3142,pop50,5,0.0004644870758056641,0.00013721045362223477
3142,pop52,1,0.0004177093505859375,0.0
3142,pop34,1,0.00043845176696777344,0.0
3143,pop33,2,0.0003724098205566406,9.512901306152344e-05
3143,pop50,1,0.00045609474182128906,0.0
3143,pop52,5,0.00044112205505371095,2.9604407221610697e-05
3143,pop34,2,0.0006450414657592773,0.00023806095123291016
3143,pop51,2,0.00044727325439453125,8.58306884765625e-06
3143,pop8,1,0.0007171630859375,0.0
3143,pop13,2,0.0005942583084106445,0.00017750263214111328
3143,pop53,2,0.0004475116729736328,3.0994415283203125e-06
3143,pop1,2,0.0004366636276245117,2.181529998779297e-05
3143,pop0,3,0.0005566279093424479,7.811409979040553e-05
3144,pop54,2,0.0003565549850463867,0.00011336803436279297
3144,pop52,1,0.00044918060302734375,0.0
3144,pop53,1,0.0004258155822753906,0.0
3144,pop42,3,0.0005751450856526693,0.0001357457396324703
3145,pop20,4,0.00047582387924194336,0.00016251810576535432
3145,pop46,1,0.0004432201385498047,0.0
3145,pop51,1,0.0004227161407470703,0.0
3145,pop52,1,0.0004432201385498047,0.0
3145,pop54,1,0.0004298686981201172,0.0
3146,pop25,2,0.00031387805938720703,0.00014197826385498047
3146,pop17,1,0.00042629241943359375,0.0
3146,pop31,3,0.0005774497985839844,0.00012551298463449583
3147,pop22,5,0.0004131317138671875,0.00012553741409555217
3147,pop51,1,0.0004100799560546875,0.0
3147,pop9,1,0.0004382133483886719,0.0
3148,pop19,2,0.0004311800003051758,2.3245811462402344e-05
3148,pop51,1,0.0017848014831542969,0.0
3148,pop50,1,0.0004284381866455078,0.0
3148,pop14,1,0.0004582405090332031,0.0
3148,pop27,4,0.0004596114158630371,6.389559538240035e-05
3148,pop44,1,0.00042891502380371094,0.0
3149,pop33,2,0.00036835670471191406,8.177757263183594e-05
3149,pop50,6,0.0005188783009847006,0.00016989269572723645
3149,pop52,3,0.0004349549611409505,2.073038539098023e-05
3149,pop34,2,0.0005601644515991211,0.0001569986343383789
3149,pop14,1,0.0007255077362060547,0.0
3149,pop55,2,0.0004132986068725586,2.5033950805664062e-06
3149,pop56,1,0.0008006095886230469,0.0
3149,pop16,1,0.00044655799865722656,0.0
3149,pop23,1,0.0006268024444580078,0.0
3149,pop21,1,0.0007050037384033203,0.0
3149,pop22,1,0.0004792213439941406,0.0
3149,pop51,1,0.0004150867462158203,0.0
3149,pop47,1,0.0006635189056396484,0.0
3149,pop53,4,0.00044333934783935547,2.1710823108499024e-05
3149,pop1,1,0.0007941722869873047,0.0
3149,pop17,2,0.0004184246063232422,2.7894973754882812e-05
3149,pop31,2,0.0004401206970214844,1.9311904907226562e-05
3149,pop30,2,0.0004487037658691406,6.4373016357421875e-06
3149,pop48,2,0.0005959272384643555,0.00015628337860107422
3149,pop42,3,0.0005167325337727865,0.00011754532980410105
3150,pop12,2,0.0004197359085083008,4.208087921142578e-05
3150,pop52,1,0.000415802001953125,0.0
3150,pop50,5,0.0004930496215820312,0.0001078156125457937
3150,pop14,3,0.00044957796732584637,1.9106571324938627e-06
3150,pop24,2,0.0005483627319335938,0.0001361370086669922
3151,pop8,2,0.0004069805145263672,5.53131103515625e-05
3151,pop51,1,0.00043010711669921875,0.0
3151,pop47,1,0.00045871734619140625,0.0
3151,pop53,1,0.0004146099090576172,0.0
3151,pop1,3,0.0004887580871582031,7.677991390220004e-05
3151,pop0,1,0.0004169940948486328,0.0
3152,pop4,5,0.0004451274871826172,0.00012072976342828918
3152,pop51,1,0.00044035911560058594,0.0
3152,pop43,1,0.0004513263702392578,0.0
3152,pop40,1,0.0004093647003173828,0.0
3153,pop54,2,0.00042700767517089844,5.14984130859375e-05
3153,pop52,1,0.0004227161407470703,0.0
3153,pop50,1,0.0004813671112060547,0.0
3153,pop14,1,0.00045418739318847656,0.0
3153,pop27,4,0.00046712160110473633,4.0709710574111113e-05
3153,pop44,1,0.00043320655822753906,0.0
3154,pop13,5,0.0004294395446777344,0.0001238855973787712
3154,pop52,1,0.00045180320739746094,0.0
3154,pop54,1,0.0004563331604003906,0.0
3155,pop12,2,0.0004115104675292969,6.771087646484375e-05
3155,pop52,1,0.0004215240478515625,0.0
3155,pop50,1,0.00046181678771972656,0.0
3155,pop17,1,0.00045299530029296875,0.0
3155,pop31,4,0.0005601048469543457,0.00013383443562206234
3156,pop54,2,0.00041103363037109375,6.318092346191406e-05
3156,pop52,1,0.00042057037353515625,0.0
3156,pop50,5,0.0004963874816894531,0.00010188214800378059
3156,pop14,3,0.00044306119283040363,2.2393866862623484e-06
3156,pop24,2,0.000607609748840332,0.00017464160919189453
3157,pop0,4,0.00040972232818603516,0.0001549699214638756
3157,pop1,1,0.0004165172576904297,0.0
3157,pop15,1,0.000396728515625,0.0
3158,pop14,2,0.00038170814514160156,8.130073547363281e-05
3158,pop50,2,0.00043642520904541016,2.2649765014648438e-06
3158,pop52,1,0.00042700767517089844,0.0
3158,pop13,3,0.0005594889322916666,0.00011072078267908044
3159,pop29,2,0.00042378902435302734,3.635883331298828e-05
3159,pop51,1,0.0004496574401855469,0.0
3159,pop50,2,0.00044524669647216797,6.079673767089844e-06
3159,pop17,1,0.00045561790466308594,0.0
3159,pop31,2,0.0004353523254394531,1.811981201171875e-05
3159,pop30,1,0.0004229545593261719,0.0
3159,pop48,1,0.0004508495330810547,0.0
3159,pop49,2,0.0006998777389526367,0.00014221668243408203
3160,pop8,2,0.0003941059112548828,9.584426879882812e-05
3160,pop51,4,0.00044721364974975586,2.0251812887289036e-05
3160,pop52,3,0.0004448890686035156,2.4715164961582656e-05
3160,pop34,2,0.0005682706832885742,0.00013315677642822266
3160,pop9,1,0.0007412433624267578,0.0
3160,pop43,5,0.0004901885986328125,0.00011521623162892354
3160,pop40,2,0.0004544258117675781,0.0
3160,pop41,1,0.0006489753723144531,0.0
3161,pop54,3,0.00046594937642415363,0.0002958070583478663
3161,pop52,2,0.00041878223419189453,4.649162292480469e-06
3161,pop53,1,0.0004494190216064453,0.0
3161,pop41,1,0.0007624626159667969,0.0
3161,pop40,1,0.0004603862762451172,0.0
3161,pop43,3,0.0005290508270263672,0.00011465645070694419
3161,pop51,1,0.00043892860412597656,0.0
3162,pop12,2,0.00035309791564941406,9.322166442871094e-05
3162,pop52,1,0.00041866302490234375,0.0
3162,pop53,1,0.00047516822814941406,0.0
3162,pop42,4,0.0005328059196472168,0.00010997628763111241
3163,pop54,2,0.0004107952117919922,4.2438507080078125e-05
3163,pop52,1,0.0004191398620605469,0.0
3163,pop50,4,0.0005025863647460938,0.00013296694145630006
3163,pop14,1,0.00043964385986328125,0.0
3163,pop27,1,0.0004343986511230469,0.0
3163,pop44,1,0.0003986358642578125,0.0
3164,pop6,5,0.0004426479339599609,0.00014365653051211154
3164,pop7,1,0.0004074573516845703,0.0
3164,pop53,1,0.0003993511199951172,0.0
3164,pop52,1,0.00044918060302734375,0.0
3164,pop13,1,0.00043201446533203125,0.0
3165,pop25,2,0.0003192424774169922,0.00012302398681640625
3165,pop17,1,0.0004642009735107422,0.0
3165,pop50,2,0.0004570484161376953,4.5299530029296875e-06
3165,pop32,2,0.0006549358367919922,0.0001049041748046875
3166,pop19,2,0.0004099607467651367,3.3736228942871094e-05
3166,pop18,3,0.0004792213439941406,3.721977986569057e-05
3166,pop38,1,0.0004353523254394531,0.0
3166,pop39,1,0.0004374980926513672,0.0
3167,pop33,3,0.00040213267008463543,7.620804971436442e-05
3167,pop50,1,0.0004210472106933594,0.0
3167,pop53,1,0.0004253387451171875,0.0
3167,pop1,1,0.00046062469482421875,0.0
3167,pop15,2,0.0006643533706665039,0.00014102458953857422
3168,pop0,2,0.0003745555877685547,7.653236389160156e-05
3168,pop1,1,0.00045037269592285156,0.0
3168,pop53,1,0.00045609474182128906,0.0
3168,pop47,1,0.00042057037353515625,0.0
3168,pop51,4,0.00043380260467529297,1.932845466166257e-05
3168,pop9,2,0.0005712509155273438,0.0001354217529296875
3168,pop52,2,0.0004394054412841797,1.8596649169921875e-05
3168,pop54,1,0.0008211135864257812,0.0
3168,pop46,5,0.0004726409912109375,7.725536048627961e-05
3168,pop45,1,0.0006248950958251953,0.0
3169,pop8,2,0.00033473968505859375,0.0001049041748046875
3169,pop51,1,0.0004570484161376953,0.0
3169,pop43,4,0.00048160552978515625,6.53199467345288e-05
3169,pop40,1,0.00040078163146972656,0.0
3170,pop21,2,0.00035512447357177734,7.903575897216797e-05
3170,pop22,3,0.0005226929982503256,0.00011358042461398669
3170,pop51,1,0.0004055500030517578,0.0
3170,pop46,1,0.000446319580078125,0.0
3170,pop45,1,0.00043773651123046875,0.0
3171,pop4,5,0.00043816566467285155,0.00014478345077292972
3171,pop51,1,0.0004107952117919922,0.0
3171,pop43,1,0.0004410743713378906,0.0
3171,pop40,1,0.0004341602325439453,0.0
3172,pop12,2,0.0003720521926879883,7.37905502319336e-05
3172,pop52,1,0.0004794597625732422,0.0
3172,pop53,1,0.0004811286926269531,0.0
3172,pop1,2,0.0004398822784423828,2.3365020751953125e-05
3172,pop15,2,0.0006662607192993164,0.00012862682342529297
3173,pop54,2,0.00038611888885498047,5.5909156799316406e-05
3173,pop52,1,0.0004513263702392578,0.0
3173,pop50,5,0.00048694610595703127,0.00012327126852964372
3173,pop14,3,0.00041564305623372394,4.867996480024196e-06
3173,pop24,2,0.0005594491958618164,0.00013172626495361328
3174,pop6,5,0.000499725341796875,0.00018226865694569847
3174,pop7,1,0.00043129920959472656,0.0
3174,pop53,1,0.00041031837463378906,0.0
3174,pop50,1,0.0004482269287109375,0.0
3174,pop14,1,0.0004374980926513672,0.0
3174,pop27,1,0.0004527568817138672,0.0
3174,pop44,1,0.0004372596740722656,0.0
3174,pop39,1,0.0004425048828125,0.0
3174,pop38,1,0.0004367828369140625,0.0
3175,pop25,2,0.0003604888916015625,9.298324584960938e-05
3175,pop17,1,0.00046253204345703125,0.0
3175,pop50,1,0.0004143714904785156,0.0
3175,pop52,3,0.0004298686981201172,1.2417618433624267e-05
3175,pop34,2,0.0005948543548583984,0.00015616416931152344
3175,pop53,2,0.00042450428009033203,7.033348083496094e-06
3175,pop1,4,0.0005104541778564453,0.00010507729182755863
3176,pop8,2,0.0004061460494995117,3.898143768310547e-05
3176,pop51,1,0.00046181678771972656,0.0
3176,pop50,4,0.0005354881286621094,0.00016733460245528422
3176,pop17,1,0.0004515647888183594,0.0
3176,pop31,1,0.0004105567932128906,0.0
3176,pop30,1,0.00037288665771484375,0.0
3176,pop48,1,0.0004456043243408203,0.0
3176,pop49,1,0.0004305839538574219,0.0
3177,pop45,2,0.0003414154052734375,0.00010132789611816406
3177,pop46,1,0.0004646778106689453,0.0
3177,pop51,1,0.0004305839538574219,0.0
3177,pop52,4,0.0004538893699645996,1.820773124080177e-05
3177,pop34,2,0.0005244016647338867,0.00012433528900146484
3177,pop12,1,0.0007839202880859375,0.0
3177,pop50,4,0.0005330443382263184,0.00012779729292277937
3178,pop57,2,0.0003495216369628906,8.058547973632812e-05
3178,pop56,1,0.0004563331604003906,0.0
3178,pop55,2,0.00042951107025146484,1.7762184143066406e-05
3178,pop50,2,0.0006015300750732422,0.00014328956604003906
3178,pop14,1,0.00042366981506347656,0.0
3178,pop24,1,0.0004124641418457031,0.0
3179,pop13,4,0.0005052685737609863,0.0001732758077414554
3179,pop52,1,0.0004546642303466797,0.0
3179,pop51,1,0.0004150867462158203,0.0
3179,pop29,1,0.00040221214294433594,0.0
3180,pop21,2,0.00042629241943359375,1.71661376953125e-05
3180,pop23,1,0.0004737377166748047,0.0
3180,pop16,1,0.00043487548828125,0.0
3180,pop50,2,0.0004419088363647461,1.2755393981933594e-05
3180,pop14,1,0.00042247772216796875,0.0
3180,pop27,2,0.0005464553833007812,0.00010061264038085938
3180,pop44,1,0.00040650367736816406,0.0
3180,pop39,1,0.0004360675811767578,0.0
3181,pop4,5,0.00045523643493652346,0.00014368335577364123
3181,pop51,1,0.0004165172576904297,0.0
3181,pop52,1,0.0004315376281738281,0.0
3181,pop34,1,0.0004265308380126953,0.0
3182,pop8,2,0.00027883052825927734,0.0001550912857055664
3182,pop51,3,0.0005431969960530599,0.00011694673663587739
3182,pop46,3,0.000444491704305013,1.7483667890111318e-05
3182,pop20,1,0.0008141994476318359,0.0
3182,pop43,1,0.00044989585876464844,0.0
3182,pop40,1,0.00042557716369628906,0.0
3182,pop41,1,0.000774383544921875,0.0
3182,pop53,2,0.0004259347915649414,8.463859558105469e-06
3182,pop1,2,0.0004417896270751953,1.8358230590820312e-05
3182,pop15,1,0.0008263587951660156,0.0
3182,pop50,2,0.0004292726516723633,3.933906555175781e-06
3182,pop14,2,0.00043487548828125,2.2649765014648438e-05
3182,pop27,3,0.0005194346110026041,0.00011393087915200577
3183,pop44,2,0.0004355907440185547,3.4332275390625e-05
3183,pop27,4,0.0005338788032531738,0.00016189511396518208
3183,pop14,1,0.0004591941833496094,0.0
3183,pop50,1,0.0004525184631347656,0.0
3183,pop17,1,0.0004436969757080078,0.0
3183,pop31,1,0.0004165172576904297,0.0
3183,pop30,1,0.0004298686981201172,0.0
3183,pop48,1,0.0004253387451171875,0.0
3183,pop49,1,0.00039649009704589844,0.0
3184,pop14,2,0.00039649009704589844,6.842613220214844e-05
3184,pop27,4,0.0004956722259521484,9.575630416787079e-05
3184,pop44,1,0.0004165172576904297,0.0
3184,pop39,1,0.0004398822784423828,0.0
3185,pop54,2,0.000308990478515625,0.00014710426330566406
3185,pop52,3,0.0004410743713378906,1.5489258316820198e-05
3185,pop12,2,0.0005327463150024414,9.02414321899414e-05
3185,pop51,1,0.0007464885711669922,0.0
3185,pop43,2,0.0004462003707885742,1.9431114196777344e-05
3185,pop42,2,0.0007246732711791992,2.753734588623047e-05
3185,pop53,1,0.0004260540008544922,0.0
3186,pop21,2,0.000423431396484375,4.9591064453125e-05
3186,pop23,1,0.00045943260192871094,0.0
3186,pop16,1,0.00041294097900390625,0.0
3186,pop50,4,0.0005204081535339355,0.00014110214746087697
3186,pop14,1,0.0004096031188964844,0.0
3186,pop27,1,0.0004487037658691406,0.0
3186,pop44,1,0.00038886070251464844,0.0
3187,pop50,2,0.0004253387451171875,4.8160552978515625e-05
3187,pop51,5,0.000445556640625,1.8207063914198404e-05
3187,pop46,4,0.000432431697845459,2.3004227133849305e-05
3187,pop45,2,0.0005459785461425781,0.00012946128845214844
3187,pop52,2,0.0004392862319946289,2.6106834411621094e-05
3187,pop34,1,0.0008399486541748047,0.0
3187,pop29,1,0.0006608963012695312,0.0
3187,pop36,3,0.000625451405843099,0.0001242367978755538
3188,pop20,3,0.0003917217254638672,8.265276749331798e-05
3188,pop46,2,0.0005764961242675781,0.00014162063598632812
3188,pop51,1,0.0004150867462158203,0.0
3188,pop52,1,0.000423431396484375,0.0
3188,pop12,1,0.0004329681396484375,0.0
3189,pop45,3,0.0005327860514322916,0.00015528846298784908
3189,pop46,5,0.00045266151428222654,3.28798497515259e-05
3189,pop51,4,0.0004495382308959961,7.35918251707585e-06
3189,pop8,2,0.000571131706237793,0.00015032291412353516
3189,pop50,2,0.0006350278854370117,0.00018393993377685547
3190,pop22,4,0.0004010200500488281,0.0001621764289639866
3190,pop51,1,0.0003948211669921875,0.0
3191,pop19,2,0.0003000497817993164,0.00015437602996826172
3191,pop51,2,0.000644683837890625,0.00022649765014648438
3191,pop52,1,0.00045418739318847656,0.0
3191,pop55,2,0.0004353523254394531,2.3603439331054688e-05
3191,pop56,2,0.0004284381866455078,1.1444091796875e-05
3191,pop2,3,0.0006306171417236328,0.0001376554355866065
3191,pop50,1,0.0004074573516845703,0.0
3192,pop33,2,0.0004398822784423828,1.5497207641601562e-05
3192,pop50,3,0.0005642573038736979,0.00019540535536463312
3192,pop51,1,0.0004000663757324219,0.0
3192,pop29,1,0.00040340423583984375,0.0
3193,pop14,2,0.00037384033203125,6.67572021484375e-05
3193,pop50,3,0.0005337397257486979,0.00017424297169184313
3193,pop53,1,0.0004134178161621094,0.0
3193,pop1,1,0.0004229545593261719,0.0
3193,pop15,1,0.0004367828369140625,0.0
3194,pop21,2,0.0003694295883178711,8.380413055419922e-05
3194,pop23,1,0.0004467964172363281,0.0
3194,pop16,1,0.00046372413635253906,0.0
3194,pop50,2,0.00043892860412597656,3.5762786865234375e-06
3194,pop32,2,0.0006719827651977539,0.0001405477523803711
3195,pop50,2,0.00042128562927246094,4.172325134277344e-05
3195,pop14,1,0.0004382133483886719,0.0
3195,pop27,4,0.0005259513854980469,0.00012339215302726973
3195,pop44,1,0.0004239082336425781,0.0
3195,pop39,1,0.00044846534729003906,0.0
3195,pop38,1,0.0004260540008544922,0.0
3196,pop45,2,0.0003771781921386719,8.296966552734375e-05
3196,pop46,3,0.0005457401275634766,0.00013603320899553494
3196,pop51,1,0.0003895759582519531,0.0
3196,pop43,1,0.000438690185546875,0.0
3196,pop42,1,0.0004031658172607422,0.0
3197,pop12,2,0.00042319297790527344,7.915496826171875e-05
3197,pop52,1,0.0004267692565917969,0.0
3197,pop50,2,0.0004432201385498047,1.621246337890625e-05
3197,pop32,3,0.0005955696105957031,0.00016897099969689748
3198,pop20,3,0.0004185040791829427,5.33668389474928e-05
3198,pop46,3,0.0005327860514322916,0.0001259702235938286
3198,pop51,1,0.0004317760467529297,0.0
3198,pop50,1,0.0004062652587890625,0.0
3198,pop17,1,0.0004482269287109375,0.0
3198,pop31,1,0.00045800209045410156,0.0
3199,pop19,2,0.00037026405334472656,0.00011515617370605469
3199,pop51,3,0.00041564305623372394,7.310639205980384e-06
3199,pop43,3,0.00044218699137369793,1.2336993635709145e-05
3199,pop40,2,0.0006353855133056641,0.0001914501190185547
3199,pop50,2,0.00045168399810791016,1.0132789611816406e-05
3199,pop17,2,0.0004296302795410156,9.775161743164062e-06
3199,pop31,3,0.00043837229410807293,1.261191967320593e-05
3199,pop30,2,0.00040411949157714844,1.0967254638671875e-05
3199,pop48,2,0.0006524324417114258,0.00022733211517333984
3200,pop57,2,0.00044286251068115234,4.3511390686035156e-05
3200,pop56,1,0.0004222393035888672,0.0
3200,pop55,2,0.00042760372161865234,2.491474151611328e-05
3200,pop50,1,0.0004298686981201172,0.0
3200,pop51,1,0.0009438991546630859,0.0
3201,pop21,2,0.00040912628173828125,5.602836608886719e-05
3201,pop23,1,0.00042176246643066406,0.0
3201,pop24,2,0.00057220458984375,0.00016164779663085938
3201,pop14,2,0.00045418739318847656,1.3589859008789062e-05
3201,pop50,3,0.0005123615264892578,0.00012593617507279876
3202,pop50,4,0.0004178285598754883,4.826092058029419e-05
3202,pop14,1,0.0004048347473144531,0.0
3202,pop27,2,0.0005049705505371094,8.869171142578125e-05
3202,pop44,1,0.00037384033203125,0.0
3203,pop45,2,0.00039136409759521484,8.094310760498047e-05
3203,pop46,2,0.00043070316314697266,2.3484230041503906e-05
3203,pop51,1,0.0004177093505859375,0.0
3203,pop50,3,0.0005171298980712891,9.72749750596633e-05
3203,pop17,1,0.0004470348358154297,0.0
3203,pop31,1,0.00042557716369628906,0.0
3204,pop29,2,0.00030350685119628906,0.0001595020294189453
3204,pop51,2,0.0005924701690673828,0.0001647472381591797
3204,pop47,2,0.0004469156265258789,1.0609626770019531e-05
3204,pop53,2,0.00044023990631103516,1.5616416931152344e-05
3204,pop3,4,0.0005565881729125977,0.0001318933756041093
3205,pop44,2,0.00032067298889160156,0.00015544891357421875
3205,pop39,3,0.00047715504964192707,4.436607537939708e-05
3205,pop38,1,0.0004279613494873047,0.0
3206,pop20,3,0.0004230340321858724,2.0055838644393196e-05
3206,pop46,1,0.00045990943908691406,0.0
3206,pop51,1,0.0004200935363769531,0.0
3206,pop19,1,0.00043964385986328125,0.0
3206,pop18,2,0.0004991292953491211,4.5418739318847656e-05
3206,pop38,1,0.0004360675811767578,0.0
3207,pop57,2,0.00041496753692626953,3.1828880310058594e-05
3207,pop56,1,0.0004115104675292969,0.0
3207,pop55,3,0.0005679130554199219,0.00018282409662512765
3207,pop50,1,0.0004444122314453125,0.0
3207,pop51,1,0.00039649009704589844,0.0
3207,pop29,1,0.00043892860412597656,0.0
3208,pop21,2,0.0003657341003417969,7.62939453125e-05
3208,pop23,1,0.00041174888610839844,0.0
3208,pop16,1,0.0004725456237792969,0.0
3208,pop50,1,0.0004317760467529297,0.0
3208,pop32,4,0.0005348324775695801,0.00010319261449838184
3209,pop29,3,0.0008602937062581381,0.00037699329623031214
3209,pop51,6,0.0004423856735229492,1.024067238254496e-05
3209,pop43,3,0.00041635831197102863,2.273062721754569e-05
3209,pop40,2,0.0005589723587036133,0.00015938282012939453
3209,pop50,6,0.00044806798299153644,1.7109013513100203e-05
3209,pop17,1,0.0007791519165039062,0.0
3209,pop53,4,0.00043135881423950195,1.5009367977580488e-05
3209,pop1,2,0.00044417381286621094,9.775161743164062e-06
3209,pop0,1,0.0008630752563476562,0.0
3209,pop47,1,0.00044465065002441406,0.0
3209,pop52,2,0.00045478343963623047,3.612041473388672e-05
3209,pop12,1,0.0008013248443603516,0.0
3209,pop22,1,0.0004527568817138672,0.0
3209,pop21,1,0.0007648468017578125,0.0
3209,pop23,1,0.00046539306640625,0.0
3209,pop16,1,0.0004241466522216797,0.0
3209,pop7,1,0.0007069110870361328,0.0
3209,pop14,2,0.0004495382308959961,7.987022399902344e-06
3209,pop27,3,0.0006507237752278646,0.00014607807740568996
3210,pop20,3,0.0003444353739420573,0.00014971286224929394
3210,pop46,2,0.0004526376724243164,2.1338462829589844e-05
3210,pop51,2,0.0006463527679443359,0.00022339820861816406
3210,pop50,2,0.0004214048385620117,1.823902130126953e-05
3210,pop17,2,0.00045800209045410156,3.0994415283203125e-06
3210,pop31,2,0.0004379749298095703,5.0067901611328125e-06
3210,pop30,2,0.00044286251068115234,9.179115295410156e-06
3210,pop48,2,0.00043010711669921875,1.9311904907226562e-05
3210,pop49,2,0.0007071495056152344,5.91278076171875e-05
3211,pop0,3,0.000392913818359375,8.065058356278095e-05
3211,pop1,2,0.00044333934783935547,2.6106834411621094e-05
3211,pop53,1,0.0004482269287109375,0.0
3211,pop50,2,0.0005428791046142578,9.942054748535156e-05
3211,pop17,1,0.0004374980926513672,0.0
3211,pop31,1,0.0004363059997558594,0.0
3212,pop57,2,0.0004031658172607422,3.0994415283203125e-05
3212,pop56,1,0.0004544258117675781,0.0
3212,pop55,4,0.0005456209182739258,0.00017553360432627868
3212,pop50,1,0.0004096031188964844,0.0
3212,pop14,1,0.00043320655822753906,0.0
3212,pop27,1,0.00045108795166015625,0.0
3212,pop44,1,0.0004222393035888672,0.0
3212,pop39,1,0.0004334449768066406,0.0
3213,pop20,2,0.00035202503204345703,9.524822235107422e-05
3213,pop46,1,0.0004432201385498047,0.0
3213,pop51,1,0.00046944618225097656,0.0
3213,pop52,3,0.00043129920959472656,1.5897353246850635e-05
3213,pop34,2,0.0005782842636108398,0.00017201900482177734
3213,pop53,2,0.00044727325439453125,2.3603439331054688e-05
3213,pop1,3,0.0004455248514811198,1.83611546839523e-05
3213,pop15,2,0.0006113052368164062,0.00015735626220703125
3213,pop50,2,0.0005633831024169922,0.00017261505126953125
3214,pop6,2,0.0004291534423828125,2.3365020751953125e-05
3214,pop7,1,0.0004475116729736328,0.0
3214,pop53,1,0.00047016143798828125,0.0
3214,pop50,1,0.00041484832763671875,0.0
3214,pop14,1,0.00041604042053222656,0.0
3214,pop27,3,0.0005606810251871744,0.000142858207359095
3214,pop44,1,0.00041174888610839844,0.0
3214,pop39,1,0.0004496574401855469,0.0
3214,pop38,1,0.0004115104675292969,0.0
3215,pop25,2,0.00038170814514160156,6.270408630371094e-05
3215,pop17,1,0.0004448890686035156,0.0
3215,pop31,4,0.0004973411560058594,7.66928125804095e-05
3215,pop30,1,0.00045490264892578125,0.0
3215,pop48,1,0.0004444122314453125,0.0
3215,pop49,1,0.0003998279571533203,0.0
3216,pop13,4,0.0004970431327819824,0.0001490672365318486
3216,pop52,1,0.00043511390686035156,0.0
3216,pop50,1,0.00042366981506347656,0.0
3216,pop17,1,0.000457763671875,0.0
3216,pop31,1,0.0004169940948486328,0.0
3217,pop4,5,0.0004077911376953125,0.00015276203053483586
3217,pop51,1,0.0004162788391113281,0.0
3218,pop8,2,0.0003876686096191406,5.817413330078125e-05
3218,pop51,1,0.00046443939208984375,0.0
3218,pop50,4,0.0005177855491638184,0.00012298498059745694
3218,pop14,1,0.0004191398620605469,0.0
3218,pop24,1,0.0004074573516845703,0.0
3219,pop50,3,0.0003933111826578776,7.499198176511014e-05
3219,pop53,1,0.00043964385986328125,0.0
3219,pop1,3,0.000478823979695638,7.248613188216221e-05
3219,pop15,3,0.0005038579305013021,8.086229716888832e-05
3220,pop54,2,0.0004031658172607422,6.246566772460938e-05
3220,pop52,1,0.0004665851593017578,0.0
3220,pop50,4,0.00047576427459716797,9.400429161388132e-05
3220,pop32,1,0.0004093647003173828,0.0
3221,pop25,2,0.0003917217254638672,6.723403930664062e-05
3221,pop17,1,0.0004470348358154297,0.0
3221,pop50,4,0.0004991888999938965,0.00012309008574267274
3221,pop52,1,0.00041794776916503906,0.0
3221,pop12,1,0.0004374980926513672,0.0
3222,pop29,3,0.000538031260172526,0.0001670360330752316
3222,pop51,6,0.0004323720932006836,2.3741411172720978e-05
3222,pop8,2,0.0005968809127807617,0.0001615285873413086
3222,pop47,2,0.00046241283416748047,3.933906555175781e-06
3222,pop53,2,0.00044214725494384766,2.086162567138672e-05
3222,pop3,2,0.0006242990493774414,0.00016558170318603516
3222,pop46,1,0.0008482933044433594,0.0
3222,pop50,2,0.0006504058837890625,0.00019049644470214844
3223,pop4,4,0.000505983829498291,0.00015095910362173157
3223,pop51,1,0.0004520416259765625,0.0
3223,pop8,1,0.0004534721374511719,0.0
3224,pop25,2,0.0004354715347290039,4.565715789794922e-05
3224,pop17,1,0.0004172325134277344,0.0
3224,pop50,1,0.0004334449768066406,0.0
3224,pop51,6,0.0004274447758992513,2.542538499237882e-05
3224,pop29,2,0.0005165338516235352,8.618831634521484e-05
3224,pop4,4,0.0005115866661071777,0.00014615995964748117
3224,pop52,2,0.00044918060302734375,8.106231689453125e-06
3224,pop37,1,0.0007951259613037109,0.0
3224,pop43,2,0.0004668235778808594,1.6689300537109375e-06
3224,pop11,1,0.0006735324859619141,0.0
3224,pop5,2,0.0007444620132446289,3.254413604736328e-05
3225,pop22,4,0.00039654970169067383,0.00015572150066861767
3225,pop51,1,0.00043702125549316406,0.0
3226,pop33,5,0.0004939556121826172,0.00013786543977241234
3226,pop50,1,0.00041031837463378906,0.0
3226,pop51,1,0.0004506111145019531,0.0
3226,pop43,1,0.0004062652587890625,0.0
3226,pop40,1,0.00043392181396484375,0.0
3227,pop14,2,0.0004137754440307617,5.829334259033203e-05
3227,pop50,4,0.0005248188972473145,0.00016100629026212323
3227,pop51,3,0.000433047612508138,2.3493876415127917e-05
3227,pop43,3,0.00045379002888997394,1.531621603736137e-05
3227,pop40,2,0.0006481409072875977,0.00020229816436767578
3228,pop57,2,0.0004100799560546875,7.319450378417969e-05
3228,pop56,1,0.00045013427734375,0.0
3228,pop55,3,0.0005538463592529297,0.00017726588371343472
3228,pop50,1,0.00041484832763671875,0.0
3228,pop53,1,0.0004496574401855469,0.0
3228,pop1,1,0.0004439353942871094,0.0
3228,pop15,1,0.0004253387451171875,0.0
3229,pop20,5,0.0004960060119628906,0.00016380536982204213
3229,pop46,1,0.0004696846008300781,0.0
3229,pop45,1,0.00043487548828125,0.0
3229,pop44,1,0.0004558563232421875,0.0
3229,pop39,1,0.0004913806915283203,0.0
3230,pop54,2,0.00037801265716552734,8.952617645263672e-05
3230,pop52,1,0.0004248619079589844,0.0
3230,pop53,3,0.0004390875498453776,1.0209092342074588e-05
3230,pop1,3,0.00044957796732584637,1.0227635238643619e-05
3230,pop0,3,0.0005393028259277344,0.00015497904541778574
3230,pop47,2,0.00043582916259765625,1.239776611328125e-05
3230,pop51,3,0.00044226646423339844,1.2367161855015378e-05
3230,pop9,1,0.0006988048553466797,0.0
3230,pop4,2,0.00043332576751708984,1.3232231140136719e-05
3230,pop5,2,0.0007026195526123047,4.673004150390625e-05
3231,pop25,2,0.0003750324249267578,9.179115295410156e-05
3231,pop17,1,0.00042176246643066406,0.0
3231,pop50,1,0.0004143714904785156,0.0
3231,pop52,1,0.0004527568817138672,0.0
3231,pop13,3,0.0005799134572347006,0.00015023301022026647
3232,pop12,2,0.0004099607467651367,6.568431854248047e-05
3232,pop52,1,0.00045680999755859375,0.0
3232,pop50,4,0.0005098581314086914,0.00011527119148626379
3232,pop17,1,0.00042510032653808594,0.0
3232,pop31,1,0.000431060791015625,0.0
3233,pop19,2,0.00035572052001953125,0.0001068115234375
3233,pop51,1,0.00040411949157714844,0.0
3233,pop43,4,0.0004698038101196289,6.470561202127316e-05
3233,pop40,1,0.00041675567626953125,0.0
3234,pop29,3,0.00040221214294433594,5.927791052248959e-05
3234,pop51,1,0.00042557716369628906,0.0
3234,pop50,1,0.0004658699035644531,0.0
3234,pop32,3,0.0005288918813069662,6.531808538136788e-05
3235,pop20,4,0.000409543514251709,5.7004325441395734e-05
3235,pop46,2,0.0005801916122436523,0.00012767314910888672
3235,pop45,1,0.00043010711669921875,0.0
3235,pop44,1,0.0003733634948730469,0.0
3236,pop45,2,0.00036704540252685547,0.00010883808135986328
3236,pop46,1,0.0004200935363769531,0.0
3236,pop51,2,0.0006173849105834961,0.00016033649444580078
3236,pop52,4,0.00044673681259155273,1.894818438969549e-05
3236,pop34,2,0.0005182027816772461,0.00012385845184326172
3236,pop55,4,0.0004856586456298828,9.15084858597914e-05
3237,pop13,3,0.00042311350504557293,5.089006578075205e-05
3237,pop52,1,0.0004506111145019531,0.0
3237,pop51,3,0.00044528643290201825,6.648226540363432e-06
3237,pop46,4,0.00043320655822753906,1.1419229521587417e-05
3237,pop45,2,0.0005562305450439453,0.0001316070556640625
3237,pop10,2,0.0007364749908447266,2.6941299438476562e-05
3238,pop57,2,0.0003885030746459961,8.046627044677734e-05
3238,pop56,1,0.00041794776916503906,0.0
3238,pop55,2,0.00042510032653808594,2.09808349609375e-05
3238,pop50,3,0.0005250771840413412,0.00014246400679376853
3238,pop51,1,0.0004596710205078125,0.0
3238,pop9,1,0.0004410743713378906,0.0
3239,pop12,3,0.0004253387451171875,0.00024365935536214384
3239,pop52,2,0.00044465065002441406,2.5033950805664062e-05
3239,pop50,3,0.0005252361297607422,0.00011382683266532287
3240,pop20,2,0.0003737211227416992,8.928775787353516e-05
3240,pop46,4,0.0005128979682922363,0.00012493501802924602
3240,pop51,1,0.00044035911560058594,0.0
3240,pop50,1,0.0004000663757324219,0.0
3240,pop32,1,0.0004277229309082031,0.0
3241,pop44,2,0.00040924549102783203,7.355213165283203e-05
3241,pop27,4,0.000519096851348877,0.00013170996032112322
3241,pop14,1,0.0004382133483886719,0.0
3241,pop50,1,0.0004143714904785156,0.0
3241,pop52,1,0.0004432201385498047,0.0
3241,pop12,1,0.00044274330139160156,0.0
3242,pop29,2,0.0003032684326171875,0.0001506805419921875
3242,pop51,3,0.0005273818969726562,0.0001286272101091542
3242,pop43,3,0.00046507517496744793,7.669851536079907e-06
3242,pop40,2,0.0004665851593017578,2.86102294921875e-06
3242,pop41,1,0.0007483959197998047,0.0
3242,pop50,2,0.0005512237548828125,0.0001277923583984375
3243,pop21,2,0.00037038326263427734,8.213520050048828e-05
3243,pop22,2,0.00045680999755859375,3.5762786865234375e-06
3243,pop51,2,0.00043976306915283203,1.5616416931152344e-05
3243,pop52,3,0.00043090184529622394,2.6755574248954185e-05
3243,pop34,2,0.0005791187286376953,0.00014400482177734375
3243,pop43,1,0.0007832050323486328,0.0
3243,pop42,3,0.0005356470743815104,0.00010745271409550694
3243,pop53,1,0.00041222572326660156,0.0
3244,pop0,5,0.0004794597625732422,0.00015018516002190876
3244,pop1,1,0.00042510032653808594,0.0
3244,pop53,1,0.0004413127899169922,0.0
3244,pop42,1,0.0004181861877441406,0.0
3244,pop43,1,0.0004494190216064453,0.0
3244,pop40,1,0.0004215240478515625,0.0
3245,pop54,2,0.00040781497955322266,3.707408905029297e-05
3245,pop52,1,0.0004227161407470703,0.0
3245,pop51,3,0.0004230340321858724,8.017704833438611e-06
3245,pop29,2,0.0006061792373657227,0.00017821788787841797
3245,pop50,4,0.0004500150680541992,1.570715278816062e-05
3245,pop17,2,0.0004267692565917969,2.86102294921875e-06
3245,pop25,1,0.0008816719055175781,0.0
3245,pop53,3,0.00043773651123046875,2.916383254320295e-05
3245,pop41,1,0.0006928443908691406,0.0
3245,pop3,2,0.0007369518280029297,0.00010395050048828125
3245,pop47,1,0.0004506111145019531,0.0
3246,pop25,2,0.00034940242767333984,8.690357208251953e-05
3246,pop17,1,0.0004584789276123047,0.0
3246,pop50,1,0.0004563331604003906,0.0
3246,pop53,1,0.00045752525329589844,0.0
3246,pop42,4,0.0005366802215576172,9.87520717485559e-05
3247,pop6,3,0.00038178761800130207,9.947538832682631e-05
3247,pop7,1,0.0004658699035644531,0.0
3247,pop53,1,0.0004725456237792969,0.0
3247,pop1,3,0.00047906239827473957,6.974041172565917e-05
3247,pop15,3,0.0005104541778564453,0.00013920541966218447
3248,pop21,2,0.0003781318664550781,6.771087646484375e-05
3248,pop22,2,0.0004442930221557617,2.5033950805664062e-06
3248,pop51,1,0.0004200935363769531,0.0
3248,pop52,3,0.00043431917826334637,2.3503552420010687e-05
3248,pop54,2,0.0006449222564697266,0.00020575523376464844
3248,pop55,2,0.0005104541778564453,7.2479248046875e-05
3249,pop8,2,0.0003757476806640625,6.818771362304688e-05
3249,pop51,1,0.0004582405090332031,0.0
3249,pop50,1,0.0004227161407470703,0.0
3249,pop32,4,0.0005421638488769531,0.00010740578371567515
3250,pop50,4,0.0004610419273376465,0.00015370819861504223
3250,pop14,1,0.0004324913024902344,0.0
3250,pop24,1,0.00043129920959472656,0.0
3251,pop45,2,0.0002925395965576172,0.00015091896057128906
3251,pop46,1,0.0004494190216064453,0.0
3251,pop51,2,0.0005538463592529297,0.00014829635620117188
3251,pop50,3,0.0005260308583577474,0.00010940136992881763
3251,pop14,2,0.0004601478576660156,9.298324584960938e-06
3251,pop27,3,0.0006461938222249349,0.00015984554692335983
3252,pop13,4,0.0004273056983947754,0.00022112576936072006
3252,pop52,2,0.00045359134674072266,1.5497207641601562e-06
3252,pop55,2,0.00044286251068115234,1.4185905456542969e-05
3252,pop56,2,0.00042831897735595703,1.1801719665527344e-05
3252,pop57,1,0.0007321834564208984,0.0
3252,pop50,2,0.0003998279571533203,2.956390380859375e-05
3252,pop53,2,0.00045049190521240234,1.3470649719238281e-05
3252,pop1,2,0.0005471706390380859,8.249282836914062e-05
3253,pop57,2,0.0003660917282104492,8.499622344970703e-05
3253,pop56,1,0.0004565715789794922,0.0
3253,pop55,4,0.0004979372024536133,0.00011014067472981884
3253,pop50,1,0.0004420280456542969,0.0
3253,pop14,1,0.0004520416259765625,0.0
3253,pop24,1,0.00040602684020996094,0.0
3254,pop29,2,0.00036919116973876953,8.118152618408203e-05
3254,pop51,1,0.0004677772521972656,0.0
3254,pop43,2,0.0004373788833618164,2.491474151611328e-05
3254,pop42,2,0.0006123781204223633,6.568431854248047e-05
3255,pop6,3,0.00042517979939778644,3.156763627694346e-05
3255,pop7,1,0.00045299530029296875,0.0
3255,pop53,1,0.000446319580078125,0.0
3255,pop47,1,0.00046443939208984375,0.0
3255,pop51,3,0.0004603068033854167,1.3717301057428625e-05
3255,pop8,2,0.0006018877029418945,0.00017559528350830078
3255,pop52,1,0.000408172607421875,0.0
3255,pop55,2,0.0006328821182250977,0.00020611286163330078
3255,pop50,1,0.0004093647003173828,0.0
3256,pop13,2,0.0004055500030517578,3.886222839355469e-05
3256,pop52,1,0.0004425048828125,0.0
3256,pop50,2,0.00043463706970214844,1.2874603271484375e-05
3256,pop14,1,0.0004572868347167969,0.0
3256,pop27,2,0.000591278076171875,0.00017762184143066406
3256,pop44,1,0.0004630088806152344,0.0
3256,pop39,1,0.00041747093200683594,0.0
3256,pop38,1,0.00044226646423339844,0.0
3257,pop4,3,0.00038886070251464844,9.35798238022404e-05
3257,pop51,1,0.00041675567626953125,0.0
3257,pop52,3,0.0004432996114095052,1.3203501418588527e-05
3257,pop12,2,0.0005393028259277344,0.00011730194091796875
3257,pop50,2,0.0006952285766601562,2.2172927856445312e-05
3258,pop6,2,0.00040018558502197266,6.54458999633789e-05
3258,pop7,1,0.00047135353088378906,0.0
3258,pop53,1,0.00046563148498535156,0.0
3258,pop42,4,0.0004730224609375,5.6280168864986315e-05
3258,pop43,1,0.0004050731658935547,0.0
3258,pop40,1,0.0004367828369140625,0.0
3259,pop22,3,0.0004336833953857422,5.351350905128872e-05
3259,pop51,3,0.0004355907440185547,8.81826496548983e-06
3259,pop8,2,0.000577092170715332,0.00018012523651123047
3259,pop52,2,0.0004410743713378906,1.6689300537109375e-06
3259,pop13,1,0.0006337165832519531,0.0
3259,pop55,3,0.0006670951843261719,0.00014804507551363264
3259,pop50,1,0.000423431396484375,0.0
3260,pop33,3,0.00043328603108723957,3.784844359779928e-05
3260,pop50,2,0.0006123781204223633,0.00021755695343017578
3260,pop14,1,0.0004458427429199219,0.0
3260,pop27,1,0.0004248619079589844,0.0
3260,pop44,1,0.0004477500915527344,0.0
3260,pop39,1,0.0004067420959472656,0.0
3260,pop38,1,0.000431060791015625,0.0
3261,pop14,2,0.0004165172576904297,5.173683166503906e-05
3261,pop50,3,0.0005462964375813802,0.00015311130681156342
3261,pop51,1,0.0004322528839111328,0.0
3261,pop46,1,0.00046563148498535156,0.0
3261,pop45,1,0.0004353523254394531,0.0
3262,pop25,2,0.00041997432708740234,6.902217864990234e-05
3262,pop17,1,0.0004496574401855469,0.0
3262,pop50,2,0.0004374980926513672,2.2411346435546875e-05
3262,pop51,3,0.0004487037658691406,3.251595901724304e-06
3262,pop46,3,0.0004283587137858073,1.6909613500631004e-05
3262,pop45,2,0.0005903244018554688,0.00015115737915039062
3262,pop43,2,0.0005725622177124023,0.00011932849884033203
3263,pop29,5,0.0004849433898925781,0.000140754785438961
3263,pop51,1,0.0003898143768310547,0.0
3263,pop43,1,0.0004413127899169922,0.0
3263,pop42,1,0.00044083595275878906,0.0
3264,pop6,4,0.0005232691764831543,0.000155885040640515
3264,pop7,1,0.00041604042053222656,0.0
3264,pop53,1,0.0004382133483886719,0.0
3264,pop50,1,0.0004394054412841797,0.0
3264,pop17,1,0.0004324913024902344,0.0
3264,pop31,1,0.0004334449768066406,0.0
3264,pop30,1,0.00045180320739746094,0.0
3264,pop48,1,0.0003685951232910156,0.0
3264,pop49,1,0.0004131793975830078,0.0
3265,pop19,2,0.00044715404510498047,1.537799835205078e-05
3265,pop51,1,0.000453948974609375,0.0
3265,pop50,1,0.0004277229309082031,0.0
3265,pop17,1,0.00046896934509277344,0.0
3265,pop31,1,0.00045871734619140625,0.0
3265,pop30,1,0.00041794776916503906,0.0
3265,pop48,2,0.00044739246368408203,2.0265579223632812e-06
3265,pop49,3,0.0005806287129720052,0.00012204366341746632
3266,pop21,2,0.0004131793975830078,5.340576171875e-05
3266,pop22,1,0.0004715919494628906,0.0
3266,pop51,1,0.0004253387451171875,0.0
3266,pop29,4,0.0005056262016296387,7.685170125850267e-05
3267,pop22,5,0.0005391120910644531,0.00018837605076109306
3267,pop51,3,0.000444332758585612,1.3535140304147395e-05
3267,pop52,3,0.0004387696584065755,2.0706607460703112e-05
3267,pop34,2,0.0005817413330078125,0.00016760826110839844
3268,pop33,4,0.0004355311393737793,4.434918030971773e-05
3268,pop50,2,0.0006122589111328125,0.0001595020294189453
3268,pop51,1,0.0004534721374511719,0.0
3268,pop46,1,0.0004093647003173828,0.0
3268,pop45,1,0.00039577484130859375,0.0
3269,pop14,2,0.00033462047576904297,0.0001291036605834961
3269,pop50,4,0.00048065185546875,8.77984308141302e-05
3269,pop32,1,0.00043272972106933594,0.0
3270,pop25,2,0.00038111209869384766,8.785724639892578e-05
3270,pop17,1,0.0004570484161376953,0.0
3270,pop50,3,0.0005106925964355469,0.0001386391224724038
3270,pop51,4,0.00044423341751098633,1.4938189277122521e-05
3270,pop9,2,0.0005229711532592773,7.522106170654297e-05
3270,pop46,2,0.0005379915237426758,0.00013959407806396484
3270,pop53,2,0.0004372596740722656,1.9311904907226562e-05
3270,pop3,2,0.0007818937301635742,2.849102020263672e-05
3270,pop47,1,0.00041484832763671875,0.0
3271,pop12,2,0.00043523311614990234,4.303455352783203e-05
3271,pop52,1,0.0004432201385498047,0.0
3271,pop55,4,0.0005141496658325195,0.0001618887170056164
3271,pop56,1,0.00041556358337402344,0.0
3271,pop48,1,0.0004284381866455078,0.0
3271,pop49,1,0.0004456043243408203,0.0
3272,pop20,4,0.00043851137161254883,4.144280561582336e-05
3272,pop46,2,0.0006095170974731445,0.00015485286712646484
3272,pop51,1,0.0004477500915527344,0.0
3272,pop47,1,0.00042510032653808594,0.0
3272,pop53,1,0.00043511390686035156,0.0
3272,pop1,1,0.00044846534729003906,0.0
3272,pop15,1,0.00043320655822753906,0.0
3273,pop50,5,0.0004726409912109375,0.00013876212009642685
3273,pop14,1,0.0004286766052246094,0.0
3273,pop27,1,0.00043964385986328125,0.0
3273,pop44,1,0.00039196014404296875,0.0
3274,pop22,3,0.00039450327555338543,8.305761759424052e-05
3274,pop51,1,0.00042819976806640625,0.0
3274,pop52,3,0.0004261334737141927,2.3765707262184447e-05
3274,pop54,2,0.0006288290023803711,0.00019419193267822266
3274,pop50,2,0.0005633831024169922,0.000110626220703125
3275,pop33,2,0.0003669261932373047,9.703636169433594e-05
3275,pop50,3,0.0005321502685546875,0.00013505649671366883
3275,pop52,1,0.00040912628173828125,0.0
3275,pop54,1,0.0004448890686035156,0.0
3276,pop44,2,0.00043761730194091797,4.0650367736816406e-05
3276,pop27,4,0.0005407929420471191,0.00018949600870983707
3276,pop14,1,0.0004515647888183594,0.0
3276,pop50,1,0.0003693103790283203,0.0
3276,pop51,1,0.00045013427734375,0.0
3276,pop29,1,0.0004322528839111328,0.0
3277,pop13,3,0.00034626324971516925,0.00013597752879231258
3277,pop52,3,0.0004398822784423828,2.2965043875215582e-05
3277,pop34,2,0.0006220340728759766,0.00018715858459472656
3277,pop51,2,0.000453948974609375,2.384185791015625e-07
3277,pop36,3,0.0005219777425130209,0.00013585680231764332
3278,pop19,2,0.0003750324249267578,0.00010895729064941406
3278,pop51,1,0.00046181678771972656,0.0
3278,pop52,1,0.00041985511779785156,0.0
3278,pop13,3,0.0005940596262613932,0.00016335487306953536
3279,pop21,2,0.0004124641418457031,4.57763671875e-05
3279,pop22,3,0.0005461374918619791,0.00014623986605243774
3279,pop51,1,0.0004124641418457031,0.0
3279,pop19,1,0.0004322528839111328,0.0
3279,pop18,1,0.00043201446533203125,0.0
3279,pop38,1,0.00040340423583984375,0.0
3280,pop20,2,0.00031816959381103516,0.00014960765838623047
3280,pop46,1,0.0004527568817138672,0.0
3280,pop51,3,0.00042589505513509113,5.696602165685471e-06
3280,pop9,2,0.0005990266799926758,0.00020396709442138672
3280,pop47,2,0.00044214725494384766,1.609325408935547e-05
3280,pop53,2,0.00044989585876464844,1.0967254638671875e-05
3280,pop1,3,0.0005095005035400391,0.00016814387536050898
3281,pop33,2,0.0004216432571411133,4.851818084716797e-05
3281,pop50,4,0.0005534887313842773,0.00018314710189699053
3281,pop51,1,0.0003554821014404297,0.0
3281,pop8,1,0.0004181861877441406,0.0
3282,pop44,2,0.00033795833587646484,0.00013720989227294922
3282,pop27,3,0.0004812876383463542,6.592617414933343e-05
3282,pop14,1,0.0004029273986816406,0.0
3282,pop24,1,0.0004341602325439453,0.0
3283,pop13,2,0.00043451786041259766,5.352497100830078e-05
3283,pop52,1,0.00042748451232910156,0.0
3283,pop51,3,0.00044846534729003906,1.5477020613782387e-05
3283,pop8,2,0.0005544424057006836,0.0001550912857055664
3283,pop4,3,0.0005506674448649088,0.00014909663423893788
3284,pop0,4,0.0004620552062988281,0.00014018819849806197
3284,pop1,1,0.0004162788391113281,0.0
3284,pop53,1,0.00042819976806640625,0.0
3284,pop47,1,0.00043010711669921875,0.0
3284,pop51,1,0.00038933753967285156,0.0
3285,pop54,2,0.0003255605697631836,0.0001481771469116211
3285,pop52,3,0.0004372596740722656,2.3245505795547686e-05
3285,pop34,2,0.0006096363067626953,0.00017380714416503906
3285,pop51,2,0.0004361867904663086,8.225440979003906e-06
3285,pop19,2,0.00044524669647216797,1.919269561767578e-05
3285,pop18,4,0.0005580782890319824,0.00013800969938514875
3286,pop29,5,0.0004892826080322265,0.00013129478878199283
3286,pop51,1,0.00044155120849609375,0.0
3286,pop50,1,0.00046133995056152344,0.0
3286,pop17,1,0.00039958953857421875,0.0
3286,pop31,1,0.0004317760467529297,0.0
3287,pop20,4,0.0005429983139038086,0.0001853423848639992
3287,pop46,1,0.0004062652587890625,0.0
3287,pop51,1,0.0004513263702392578,0.0
3287,pop19,1,0.00043702125549316406,0.0
3287,pop18,1,0.0004105567932128906,0.0
3287,pop38,1,0.00040268898010253906,0.0
3288,pop14,2,0.0003528594970703125,0.00011539459228515625
3288,pop50,1,0.00042700767517089844,0.0
3288,pop32,4,0.0005530714988708496,0.0001484042545397689
3289,pop25,2,0.00042617321014404297,3.7550926208496094e-05
3289,pop17,1,0.00041675567626953125,0.0
3289,pop50,1,0.00044417381286621094,0.0
3289,pop51,1,0.0004436969757080078,0.0
3289,pop29,3,0.0006513595581054688,0.00016900261921436237
3290,pop13,3,0.00044027964274088543,2.3559112326821387e-05
3290,pop52,1,0.0004515647888183594,0.0
3290,pop51,3,0.00043837229410807293,2.1637352647874294e-05
3290,pop8,2,0.0005817413330078125,0.00016117095947265625
3290,pop47,1,0.0004298686981201172,0.0
3290,pop53,2,0.0005985498428344727,0.00013339519500732422
3290,pop1,2,0.00045871734619140625,7.62939453125e-06
3290,pop0,1,0.0006768703460693359,0.0
3290,pop50,4,0.00043910741806030273,1.0390202623515618e-05
3290,pop33,1,0.0007998943328857422,0.0
3290,pop14,2,0.0004247426986694336,5.960464477539062e-07
3290,pop27,2,0.0006202459335327148,0.00016486644744873047
3291,pop0,2,0.00038242340087890625,7.700920104980469e-05
3291,pop1,1,0.00042438507080078125,0.0
3291,pop53,1,0.0004506111145019531,0.0
3291,pop50,2,0.00043964385986328125,2.0503997802734375e-05
3291,pop14,2,0.00043141841888427734,1.8477439880371094e-05
3291,pop24,1,0.0008614063262939453,0.0
3291,pop51,1,0.0004360675811767578,0.0
3291,pop29,2,0.0006963014602661133,9.238719940185547e-05
3292,pop8,2,0.00039374828338623047,5.0902366638183594e-05
3292,pop51,1,0.0004665851593017578,0.0
3292,pop50,2,0.0004458427429199219,5.4836273193359375e-06
3292,pop14,1,0.00048065185546875,0.0
3292,pop27,3,0.0005001227060953776,8.476629012041038e-05
3292,pop44,1,0.0004019737243652344,0.0
3293,pop45,2,0.00035381317138671875,0.00010251998901367188
3293,pop46,2,0.00043952465057373047,1.5139579772949219e-05
3293,pop51,1,0.00042700767517089844,0.0
3293,pop52,3,0.00044266382853190106,1.2961631163199813e-06
3293,pop34,2,0.0006023645401000977,0.00019299983978271484
3293,pop50,3,0.0005356470743815104,0.0001342870761885655
3294,pop57,2,0.0003204345703125,0.00013113021850585938
3294,pop48,4,0.00047713518142700195,8.085630953474904e-05
3294,pop30,1,0.0004076957702636719,0.0
3294,pop31,1,0.0003960132598876953,0.0
3295,pop12,2,0.0003991127014160156,5.817413330078125e-05
3295,pop52,1,0.00042438507080078125,0.0
3295,pop51,1,0.00045490264892578125,0.0
3295,pop46,5,0.0004624366760253906,5.841607452981203e-05
3295,pop45,2,0.0005221366882324219,0.00012302398681640625
3296,pop22,2,0.00039124488830566406,5.817413330078125e-05
3296,pop51,1,0.00041937828063964844,0.0
3296,pop50,1,0.0004436969757080078,0.0
3296,pop14,1,0.00041937828063964844,0.0
3296,pop27,4,0.00047975778579711914,5.610753993957893e-05
3296,pop44,1,0.0004076957702636719,0.0
3297,pop54,2,0.0003350973129272461,0.0001035928726196289
3297,pop52,1,0.0004134178161621094,0.0
3297,pop53,1,0.00044655799865722656,0.0
3297,pop42,3,0.0006080468495686849,0.00014566852725313498
3298,pop29,5,0.0004554271697998047,0.00015237147660357173
3298,pop51,1,0.0004410743713378906,0.0
3298,pop43,1,0.00045418739318847656,0.0
3298,pop40,1,0.000396728515625,0.0
3299,pop33,3,0.00037384033203125,0.00011585294971223893
3299,pop50,2,0.0005422830581665039,9.644031524658203e-05
3299,pop51,1,0.00043654441833496094,0.0
3300,pop57,2,0.00041866302490234375,2.7894973754882812e-05
3300,pop56,1,0.00041866302490234375,0.0
3300,pop55,3,0.0005582173665364584,0.0001721932786016784
3300,pop50,1,0.0004119873046875,0.0
3300,pop51,1,0.0004143714904785156,0.0
3300,pop8,1,0.0004329681396484375,0.0
3301,pop12,2,0.0003094673156738281,0.0001316070556640625
3301,pop52,3,0.00041143099466959637,1.4017895101133562e-05
3301,pop54,2,0.0005642175674438477,0.0001226663589477539
3301,pop53,2,0.00044798851013183594,1.9550323486328125e-05
3301,pop42,3,0.0006264050801595052,0.00015265373127415515
3302,pop4,5,0.0005088329315185546,0.00018420531097192673
3302,pop51,1,0.0004487037658691406,0.0
3302,pop50,1,0.0004143714904785156,0.0
3302,pop14,1,0.00044608116149902344,0.0
3302,pop27,1,0.0004467964172363281,0.0
3302,pop44,1,0.00042366981506347656,0.0
3302,pop39,1,0.00043082237243652344,0.0
3303,pop44,2,0.00038301944732666016,7.474422454833984e-05
3303,pop27,4,0.0004960894584655762,0.00010068329015911415
3303,pop14,1,0.0004181861877441406,0.0
3303,pop50,1,0.0004436969757080078,0.0
3303,pop52,1,0.00044417381286621094,0.0
3303,pop54,1,0.0004088878631591797,0.0
3304,pop45,2,0.0003464221954345703,9.655952453613281e-05
3304,pop44,2,0.0006595849990844727,0.0002180337905883789
3304,pop27,4,0.00046885013580322266,6.0738390618464326e-05
3305,pop22,3,0.00034427642822265625,0.00015155484763456758
3305,pop51,3,0.0005124409993489584,6.486689508831267e-05
3305,pop19,1,0.0007500648498535156,0.0
3305,pop47,2,0.00042378902435302734,4.172325134277344e-06
3305,pop53,2,0.00044226646423339844,1.2159347534179688e-05
3305,pop3,3,0.0006212393442789713,0.00015414903813433696
3306,pop33,3,0.00034960110982259113,0.0001381924944704324
3306,pop32,3,0.0005551179250081381,9.396582716469489e-05
3307,pop6,5,0.0004559040069580078,0.0001350238656716251
3307,pop7,1,0.0004420280456542969,0.0
3307,pop53,1,0.00041413307189941406,0.0
3307,pop47,1,0.00042366981506347656,0.0
3307,pop51,1,0.00043392181396484375,0.0
3308,pop20,5,0.0004962921142578125,0.00015750622106193302
3308,pop46,1,0.00045013427734375,0.0
3308,pop51,1,0.00042057037353515625,0.0
3308,pop47,1,0.0004432201385498047,0.0
3308,pop53,1,0.0004329681396484375,0.0
3308,pop1,1,0.0004115104675292969,0.0
3308,pop15,1,0.00043511390686035156,0.0
3309,pop22,3,0.00042589505513509113,2.8887263988607846e-05
3309,pop51,1,0.00043654441833496094,0.0
3309,pop29,1,0.0008893013000488281,0.0
3310,pop33,2,0.000370025634765625,7.510185241699219e-05
3310,pop50,3,0.0005349318186442057,0.00014014474915835143
3310,pop51,1,0.0005178451538085938,0.0
3310,pop9,1,0.00039458274841308594,0.0
3311,pop13,4,0.0004895925521850586,0.0001481347510589595
3311,pop52,1,0.0004451274871826172,0.0
3311,pop50,1,0.00044536590576171875,0.0
3311,pop14,1,0.00040721893310546875,0.0
3311,pop24,1,0.0004341602325439453,0.0
3312,pop0,3,0.00035953521728515625,0.00011597162658062184
3312,pop1,1,0.0004322528839111328,0.0
3312,pop53,1,0.0004801750183105469,0.0
3312,pop42,2,0.000659942626953125,0.00013375282287597656
3313,pop44,2,0.00038826465606689453,5.6624412536621094e-05
3313,pop27,4,0.0005181431770324707,0.00014262656692279652
3313,pop14,1,0.00045752525329589844,0.0
3313,pop50,1,0.0004515647888183594,0.0
3313,pop53,1,0.00041937828063964844,0.0
3313,pop1,1,0.00040841102600097656,0.0
3313,pop0,1,0.0004398822784423828,0.0
3314,pop6,3,0.0003783702850341797,6.44280351594259e-05
3314,pop7,1,0.00040793418884277344,0.0
3314,pop53,1,0.0004584789276123047,0.0
3314,pop52,3,0.00043590863545735675,1.8087715588793822e-05
3314,pop34,2,0.0006350278854370117,0.0002237558364868164
3314,pop50,3,0.00044027964274088543,2.1038854216275254e-05
3314,pop32,2,0.0006598234176635742,3.540515899658203e-05
3315,pop22,5,0.0004711627960205078,0.0001513348028510513
3315,pop51,1,0.00035500526428222656,0.0
3315,pop43,1,0.0004432201385498047,0.0
3315,pop42,1,0.00042939186096191406,0.0
3316,pop33,5,0.00046539306640625,0.00014562851941856642
3316,pop50,1,0.00042438507080078125,0.0
3316,pop52,1,0.0004589557647705078,0.0
3316,pop13,1,0.0004363059997558594,0.0
3317,pop50,4,0.0005168914794921875,0.0001780135999659796
3317,pop51,1,0.0004355907440185547,0.0
3317,pop29,1,0.00040030479431152344,0.0
3318,pop8,2,0.0003572702407836914,9.09566879272461e-05
3318,pop51,1,0.00039124488830566406,0.0
3318,pop43,4,0.00048470497131347656,7.608280171150063e-05
3318,pop42,1,0.00040721893310546875,0.0
3319,pop54,2,0.0004062652587890625,6.937980651855469e-05
3319,pop52,1,0.0004630088806152344,0.0
3319,pop50,4,0.0004855990409851074,8.669316807782445e-05
3319,pop32,1,0.00043845176696777344,0.0
3320,pop29,3,0.0003857612609863281,8.020532352189907e-05
3320,pop51,1,0.00046372413635253906,0.0
3320,pop52,3,0.00044163068135579425,7.3622929751195674e-06
3320,pop12,2,0.0005036592483520508,0.00010144710540771484
3320,pop53,1,0.0007958412170410156,0.0
3320,pop50,3,0.000440677007039388,1.7381497499058177e-05
3320,pop17,2,0.00044023990631103516,3.0159950256347656e-05
3320,pop31,3,0.0005228519439697266,0.00012377866644944872
3320,pop30,1,0.0005939006805419922,0.0
3321,pop33,2,0.00041043758392333984,5.233287811279297e-05
3321,pop50,4,0.0005285143852233887,0.00015370829106847392
3321,pop17,1,0.0004379749298095703,0.0
3321,pop31,1,0.00044727325439453125,0.0
3321,pop30,1,0.0004439353942871094,0.0
3321,pop48,1,0.0004146099090576172,0.0
3321,pop49,1,0.0004417896270751953,0.0
3322,pop19,2,0.0004260540008544922,4.8160552978515625e-05
3322,pop18,4,0.00046175718307495117,4.925677500270876e-05
3322,pop38,1,0.0004029273986816406,0.0
3323,pop21,2,0.0004131793975830078,5.984306335449219e-05
3323,pop22,2,0.0004329681396484375,2.0265579223632812e-05
3323,pop51,3,0.00045641263326009113,3.1709571430301674e-06
3323,pop29,2,0.0005966424942016602,0.00015795230865478516
3323,pop50,3,0.0005709330240885416,0.00018574397041233313
3324,pop44,2,0.0004125833511352539,6.23464584350586e-05
3324,pop27,4,0.0005227923393249512,0.00017406045306209554
3324,pop14,1,0.0004239082336425781,0.0
3324,pop50,1,0.0004305839538574219,0.0
3324,pop53,1,0.0004038810729980469,0.0
3324,pop1,1,0.0004458427429199219,0.0
3324,pop15,1,0.0004298686981201172,0.0
3325,pop22,2,0.00039589405059814453,7.76052474975586e-05
3325,pop51,1,0.00045180320739746094,0.0
3325,pop50,2,0.0004532337188720703,7.152557373046875e-07
3325,pop17,1,0.0004374980926513672,0.0
3325,pop31,2,0.0006296634674072266,7.62939453125e-05
3326,pop29,5,0.0004598140716552734,0.00013454301585742897
3326,pop51,1,0.0004105567932128906,0.0
3326,pop52,1,0.00045299530029296875,0.0
3326,pop12,1,0.0004341602325439453,0.0
3327,pop33,5,0.0004241943359375,0.0001358115101278603
3327,pop50,1,0.0004150867462158203,0.0
3327,pop51,1,0.0004100799560546875,0.0
3328,pop45,2,0.0004121065139770508,5.6624412536621094e-05
3328,pop46,1,0.00043320655822753906,0.0
3328,pop51,1,0.0004730224609375,0.0
3328,pop47,1,0.0004494190216064453,0.0
3328,pop53,1,0.0004372596740722656,0.0
3328,pop1,4,0.00048553943634033203,6.097307531114624e-05
3328,pop15,1,0.00041103363037109375,0.0
3329,pop29,5,0.0005161285400390625,0.00017388214643730178
3329,pop51,1,0.0004229545593261719,0.0
3329,pop50,1,0.0004436969757080078,0.0
3329,pop17,1,0.0004489421844482422,0.0
3329,pop31,1,0.0004067420959472656,0.0
3329,pop30,1,0.00039315223693847656,0.0
3329,pop48,1,0.0004456043243408203,0.0
3329,pop49,1,0.00042176246643066406,0.0
3330,pop19,2,0.0004143714904785156,3.719329833984375e-05
3330,pop51,1,0.00042247772216796875,0.0
3330,pop50,5,0.0004982948303222656,0.00011191491019472371
3330,pop14,3,0.00042557716369628906,9.602084429551252e-06
3330,pop24,2,0.0006240606307983398,0.0002180337905883789
3331,pop21,2,0.00042319297790527344,4.0531158447265625e-05
3331,pop23,1,0.00041747093200683594,0.0
3331,pop16,1,0.00046443939208984375,0.0
3331,pop50,2,0.00046837329864501953,3.2186508178710938e-06
3331,pop17,1,0.0004622936248779297,0.0
3331,pop31,3,0.0005159378051757812,0.00010451022506376643
3331,pop30,1,0.000446319580078125,0.0
3331,pop48,1,0.0004203319549560547,0.0
3331,pop49,1,0.0004391670227050781,0.0
3332,pop22,2,0.0004042387008666992,5.614757537841797e-05
3332,pop51,1,0.0004143714904785156,0.0
3332,pop50,3,0.0005657672882080078,0.00016995794571233937
3332,pop14,1,0.00044274330139160156,0.0
3332,pop27,1,0.00044798851013183594,0.0
3332,pop44,1,0.0003879070281982422,0.0
3333,pop14,2,0.0004200935363769531,3.8623809814453125e-05
3333,pop50,4,0.0005363821983337402,0.0001703093497919891
3333,pop51,1,0.00040912628173828125,0.0
3333,pop8,1,0.0004291534423828125,0.0
3334,pop25,2,0.0003718137741088867,8.475780487060547e-05
3334,pop17,1,0.00041103363037109375,0.0
3334,pop50,5,0.0004940986633300781,0.00010761408634112719
3334,pop51,3,0.00043956438700358075,1.7044658924782296e-05
3334,pop9,2,0.0005633831024169922,0.00014472007751464844
3335,pop13,5,0.000498199462890625,0.0001450389870734167
3335,pop52,1,0.00044608116149902344,0.0
3335,pop50,1,0.00044918060302734375,0.0
3335,pop14,1,0.0004222393035888672,0.0
3335,pop27,1,0.00042319297790527344,0.0
3335,pop44,1,0.00041675567626953125,0.0
3336,pop0,3,0.00042327245076497394,2.7742972501990453e-05
3336,pop1,2,0.0006395578384399414,0.00018036365509033203
3336,pop53,1,0.000423431396484375,0.0
3336,pop47,1,0.00043892860412597656,0.0
3336,pop51,1,0.00045609474182128906,0.0
3336,pop29,1,0.0004394054412841797,0.0
3337,pop6,5,0.0005032539367675782,0.00014829493028255727
3337,pop7,1,0.0004401206970214844,0.0
3337,pop53,1,0.00043487548828125,0.0
3337,pop50,1,0.00040030479431152344,0.0
3337,pop14,1,0.00040721893310546875,0.0
3337,pop27,1,0.0004394054412841797,0.0
3337,pop44,1,0.0004246234893798828,0.0
3337,pop39,1,0.0004436969757080078,0.0
3337,pop38,1,0.0004038810729980469,0.0
3338,pop45,2,0.0004297494888305664,3.5881996154785156e-05
3338,pop46,1,0.0004253387451171875,0.0
3338,pop51,3,0.00045530001322428387,1.2683828572120668e-05
3338,pop8,2,0.0005475282669067383,0.0001322031021118164
3338,pop50,4,0.0006219744682312012,0.00018923462818155813
3339,pop22,3,0.00039315223693847656,7.938539142080812e-05
3339,pop51,1,0.00046372413635253906,0.0
3339,pop52,3,0.0004318555196126302,1.976271274539968e-05
3339,pop12,2,0.0005908012390136719,0.00016450881958007812
3339,pop55,3,0.00051116943359375,9.85617907531837e-05
3339,pop56,2,0.00044655799865722656,1.5735626220703125e-05
3339,pop57,1,0.0008361339569091797,0.0
3340,pop54,2,0.0003069639205932617,0.00013577938079833984
3340,pop52,1,0.0004336833953857422,0.0
3340,pop13,4,0.0005120038986206055,8.783136268607412e-05
3341,pop57,2,0.0003889799118041992,5.0187110900878906e-05
3341,pop56,1,0.0004558563232421875,0.0
3341,pop55,4,0.0005304217338562012,0.0001526768409289177
3341,pop50,1,0.0004074573516845703,0.0
3341,pop51,1,0.0004534721374511719,0.0
3341,pop43,1,0.00044465065002441406,0.0
3341,pop40,1,0.00040793418884277344,0.0
3342,pop12,2,0.00035119056701660156,9.322166442871094e-05
3342,pop52,2,0.0006268024444580078,0.00017070770263671875
3342,pop51,4,0.00043314695358276367,1.1500298783975409e-05
3342,pop9,2,0.000573277473449707,0.0001634359359741211
3342,pop46,1,0.0006542205810546875,0.0
3342,pop53,2,0.00043320655822753906,1.52587890625e-05
3342,pop1,3,0.0005489190419514974,0.00015571712655377203
3342,pop15,2,0.0005666017532348633,0.00012981891632080078
3342,pop47,1,0.0004374980926513672,0.0
3343,pop44,2,0.0003370046615600586,0.00012576580047607422
3343,pop27,4,0.0004886388778686523,9.87296920830583e-05
3343,pop14,1,0.00041174888610839844,0.0
3343,pop50,1,0.00043392181396484375,0.0
3343,pop32,1,0.00043582916259765625,0.0
3344,pop33,4,0.0004737377166748047,0.00016085667057991388
3344,pop50,1,0.0004208087921142578,0.0
3344,pop51,1,0.00044846534729003906,0.0
3344,pop9,1,0.0004761219024658203,0.0
3345,pop14,2,0.00039947032928466797,4.184246063232422e-05
3345,pop27,4,0.0004985332489013672,9.5329127964152e-05
3345,pop44,1,0.00044989585876464844,0.0
3345,pop39,1,0.00042176246643066406,0.0
3346,pop25,2,0.0003603696823120117,7.855892181396484e-05
3346,pop17,1,0.00047278404235839844,0.0
3346,pop50,3,0.0005261103312174479,0.00014135096534979567
3346,pop14,1,0.0004105567932128906,0.0
3346,pop24,1,0.0004439353942871094,0.0
3347,pop13,5,0.00048308372497558595,0.00016185144239188784
3347,pop52,1,0.0004475116729736328,0.0
3347,pop50,1,0.0004055500030517578,0.0
3347,pop14,1,0.00044155120849609375,0.0
3347,pop27,1,0.0004296302795410156,0.0
3347,pop44,1,0.0004153251647949219,0.0
3347,pop39,1,0.0004286766052246094,0.0
3348,pop6,2,0.00036597251892089844,8.606910705566406e-05
3348,pop7,1,0.00046825408935546875,0.0
3348,pop53,1,0.0004379749298095703,0.0
3348,pop47,1,0.0004341602325439453,0.0
3348,pop51,3,0.0004325707753499349,1.0110247226581097e-05
3348,pop9,2,0.0005080699920654297,0.0001010894775390625
3348,pop36,4,0.0005518794059753418,0.00010949532233066694
3349,pop45,2,0.0004118680953979492,3.826618194580078e-05
3349,pop46,1,0.0004558563232421875,0.0
3349,pop51,1,0.0004551410675048828,0.0
3349,pop50,3,0.00042819976806640625,2.1869625655114414e-05
3349,pop17,1,0.0004134178161621094,0.0
3349,pop31,2,0.0005431175231933594,8.940696716308594e-05
3349,pop30,1,0.0004570484161376953,0.0
3349,pop48,1,0.0004391670227050781,0.0
3349,pop49,1,0.0004050731658935547,0.0
3350,pop22,2,0.00038301944732666016,5.638599395751953e-05
3350,pop51,1,0.00044846534729003906,0.0
3350,pop47,1,0.0004525184631347656,0.0
3350,pop53,1,0.0004904270172119141,0.0
3350,pop1,2,0.0004467964172363281,2.86102294921875e-05
3350,pop15,3,0.0006291071573893229,0.00016553248544499543
3351,pop4,3,0.00037972132364908856,9.452734588818274e-05
3351,pop51,1,0.0003962516784667969,0.0
3351,pop52,1,0.00046372413635253906,0.0
3351,pop13,2,0.0005981922149658203,6.651878356933594e-05
3352,pop29,3,0.000375668207804362,0.00019890086533271505
3352,pop51,3,0.00045363108317057293,1.4935401148970477e-05
3352,pop22,1,0.000762939453125,0.0
3352,pop52,2,0.0004475116729736328,2.4318695068359375e-05
3352,pop37,1,0.0007872581481933594,0.0
3352,pop50,2,0.000438690185546875,2.5272369384765625e-05
3352,pop32,4,0.0005996227264404297,0.00017435547592505003
3353,pop54,3,0.0004390875498453776,0.0002611847936649949
3353,pop52,2,0.0004296302795410156,2.3603439331054688e-05
3353,pop55,4,0.000437319278717041,8.639795547654894e-06
3353,pop56,2,0.0004369020462036133,2.014636993408203e-05
3353,pop57,1,0.0007159709930419922,0.0
3353,pop50,1,0.00041604042053222656,0.0
3353,pop53,2,0.0005398988723754883,0.00013959407806396484
3353,pop3,2,0.00061798095703125,6.461143493652344e-05
3354,pop20,4,0.00045502185821533203,0.0001468031787475686
3354,pop46,1,0.0004367828369140625,0.0
3354,pop51,1,0.0004429817199707031,0.0
3354,pop52,1,0.00040721893310546875,0.0
3354,pop12,1,0.0004246234893798828,0.0
3355,pop19,3,0.0004533131917317708,0.00025446142404204474
3355,pop51,7,0.00047401019505092075,7.200821080972264e-05
3355,pop52,1,0.00046372413635253906,0.0
3355,pop55,3,0.0005352497100830078,0.00011773404598849309
3355,pop56,2,0.00045800209045410156,2.1457672119140625e-05
3355,pop57,1,0.0007786750793457031,0.0
3355,pop50,3,0.00043384234110514325,1.152712668251951e-05
3355,pop53,2,0.0004343986511230469,1.52587890625e-05
3355,pop7,1,0.0006291866302490234,0.0
3355,pop47,1,0.0007998943328857422,0.0
3355,pop29,1,0.00067901611328125,0.0
3355,pop46,2,0.00044476985931396484,1.2040138244628906e-05
3355,pop20,1,0.0006361007690429688,0.0
3355,pop43,2,0.0006014108657836914,0.00018799304962158203
3355,pop32,2,0.0006326436996459961,2.5033950805664062e-06
3356,pop57,2,0.00035011768341064453,9.763240814208984e-05
3356,pop56,1,0.0004634857177734375,0.0
3356,pop55,1,0.0004603862762451172,0.0
3356,pop52,3,0.0004378954569498698,1.3965079812733021e-05
3356,pop13,3,0.0005729198455810547,0.00019299842850842815
3356,pop50,4,0.0005090236663818359,0.00010600554948976551
3356,pop16,2,0.0004578828811645508,5.841255187988281e-06
3356,pop23,1,0.0008256435394287109,0.0
3357,pop12,2,0.00031948089599609375,0.00011992454528808594
3357,pop52,3,0.00044735272725423175,1.1667633531963806e-05
3357,pop51,2,0.0005800724029541016,0.000164031982421875
3357,pop54,1,0.0008349418640136719,0.0
3357,pop55,1,0.00040531158447265625,0.0
3357,pop56,1,0.0004417896270751953,0.0
3357,pop48,4,0.0005904436111450195,0.00015557597860327895
3357,pop30,1,0.00044083595275878906,0.0
3357,pop31,1,0.0004088878631591797,0.0
3357,pop17,1,0.0004291534423828125,0.0
3357,pop50,1,0.0004544258117675781,0.0
3358,pop44,2,0.0003858804702758789,6.258487701416016e-05
3358,pop27,4,0.0005178451538085938,0.0001484079531360475
3358,pop14,1,0.00041222572326660156,0.0
3358,pop50,1,0.00044226646423339844,0.0
3358,pop53,1,0.0004496574401855469,0.0
3358,pop1,1,0.0004467964172363281,0.0
3358,pop15,1,0.00041747093200683594,0.0
3359,pop14,4,0.0003886222839355469,6.837855655603103e-05
3359,pop50,3,0.000455935796101888,4.288589974477146e-06
3359,pop52,3,0.0004630088806152344,2.7359679003447642e-05
3359,pop34,2,0.0006097555160522461,0.00020062923431396484
3359,pop27,4,0.0005156993865966797,0.00010390934326241124
3360,pop25,2,0.0003534555435180664,9.191036224365234e-05
3360,pop17,1,0.0004565715789794922,0.0
3360,pop50,4,0.0004894137382507324,0.00011952458349609401
3360,pop52,1,0.0004417896270751953,0.0
3360,pop12,1,0.0004265308380126953,0.0
3361,pop4,5,0.0004862308502197266,0.0001310055400099027
3361,pop51,1,0.0004553794860839844,0.0
3361,pop50,1,0.00043487548828125,0.0
3361,pop32,1,0.0004258155822753906,0.0
3362,pop50,4,0.0004259347915649414,0.00013410769565719315
3362,pop32,1,0.00043487548828125,0.0
3363,pop8,2,0.00042510032653808594,6.580352783203125e-05
3363,pop51,3,0.00045228004455566406,2.377261597540652e-05
3363,pop50,6,0.00048744678497314453,0.0001155864443203052
3363,pop14,3,0.00042398770650227863,2.3788817003720227e-06
3363,pop24,2,0.0006008148193359375,0.00018835067749023438
3363,pop22,1,0.0007479190826416016,0.0
3364,pop20,5,0.00040807723999023435,0.00014277165447931415
3364,pop46,1,0.00043892860412597656,0.0
3364,pop51,1,0.0004076957702636719,0.0
3365,pop19,2,0.0003198385238647461,0.00015223026275634766
3365,pop51,3,0.0004394054412841797,2.3138479086657008e-05
3365,pop9,2,0.0005176067352294922,8.559226989746094e-05
3365,pop43,4,0.0004889965057373047,8.225147269713386e-05
3366,pop12,2,0.0004363059997558594,4.9591064453125e-05
3366,pop52,1,0.00045180320739746094,0.0
3366,pop51,3,0.00044576327006022137,1.736186436657757e-05
3366,pop29,4,0.000491797924041748,0.00010129372286955132
3366,pop36,2,0.0006059408187866211,0.00018131732940673828
3367,pop4,3,0.00040411949157714844,5.077849323423082e-05
3367,pop51,3,0.0004469553629557292,1.528649662288102e-05
3367,pop29,2,0.0006192922592163086,0.00019443035125732422
3367,pop50,3,0.0005734761555989584,0.0001842361561470433
3368,pop33,3,0.0003936290740966797,7.957205939071991e-05
3368,pop50,2,0.000569462776184082,0.0001379251480102539
3368,pop53,1,0.00044155120849609375,0.0
3368,pop42,1,0.0003936290740966797,0.0
3369,pop6,5,0.0004458427429199219,0.00013908073784838884
3369,pop7,1,0.0004398822784423828,0.0
3369,pop53,1,0.0004324913024902344,0.0
3369,pop47,1,0.00044083595275878906,0.0
3369,pop51,1,0.0004413127899169922,0.0
3370,pop50,4,0.0005104541778564453,0.0001704935410054024
3370,pop14,1,0.0004456043243408203,0.0
3370,pop27,1,0.0004515647888183594,0.0
3370,pop44,1,0.00041484832763671875,0.0
3370,pop39,1,0.0004410743713378906,0.0
3371,pop20,2,0.00037026405334472656,0.00010061264038085938
3371,pop46,1,0.00045490264892578125,0.0
3371,pop51,2,0.0004266500473022461,2.7418136596679688e-06
3371,pop52,6,0.00043781598409016925,1.437492467562509e-05
3371,pop13,2,0.0005924701690673828,0.0001709461212158203
3371,pop50,4,0.00043576955795288086,1.67753987497009e-05
3371,pop17,2,0.0004481077194213867,1.537799835205078e-05
3371,pop31,2,0.0005698204040527344,0.0001697540283203125
3371,pop16,2,0.0004379749298095703,1.0728836059570312e-05
3371,pop23,1,0.0008223056793212891,0.0
3371,pop37,1,0.0005905628204345703,0.0
3371,pop34,1,0.0007963180541992188,0.0
3371,pop53,1,0.00045180320739746094,0.0
3371,pop41,1,0.0007121562957763672,0.0
3371,pop40,1,0.0004661083221435547,0.0
3371,pop43,2,0.0005830526351928711,0.00013244152069091797
3372,pop12,2,0.00041043758392333984,5.5670738220214844e-05
3372,pop52,1,0.00044345855712890625,0.0
3372,pop51,1,0.00042128562927246094,0.0
3372,pop29,1,0.0008935928344726562,0.0
3373,pop4,5,0.0004897594451904296,0.00016802075689932388
3373,pop51,1,0.00042366981506347656,0.0
3373,pop50,1,0.00045013427734375,0.0
3373,pop14,1,0.0004584789276123047,0.0
3373,pop24,1,0.0004374980926513672,0.0
3374,pop29,4,0.000497281551361084,0.00017396261699653847
3374,pop51,1,0.0004558563232421875,0.0
3374,pop50,1,0.00040078163146972656,0.0
3374,pop14,1,0.0004496574401855469,0.0
3374,pop24,1,0.00041556358337402344,0.0
3375,pop6,5,0.0004971981048583985,0.00016778635978546277
3375,pop7,1,0.00039649009704589844,0.0
3375,pop53,1,0.00044035911560058594,0.0
3375,pop50,1,0.00043964385986328125,0.0
3375,pop14,1,0.0004200935363769531,0.0
3375,pop27,1,0.0004050731658935547,0.0
3375,pop44,1,0.0004494190216064453,0.0
3375,pop39,1,0.0003952980041503906,0.0
3376,pop21,2,0.0004011392593383789,6.35385513305664e-05
3376,pop23,1,0.0004909038543701172,0.0
3376,pop16,1,0.00045609474182128906,0.0
3376,pop50,4,0.0005187392234802246,0.0001340321073584415
3376,pop53,1,0.000438690185546875,0.0
3376,pop1,1,0.0004477500915527344,0.0
3376,pop0,1,0.00040340423583984375,0.0
3377,pop44,2,0.00035774707794189453,0.0001004934310913086
3377,pop27,3,0.0005168914794921875,0.00011789760567037922
3377,pop14,1,0.0004067420959472656,0.0
3377,pop50,1,0.00043511390686035156,0.0
3377,pop17,1,0.0004222393035888672,0.0
3377,pop31,1,0.0004267692565917969,0.0
3378,pop25,2,0.0004031658172607422,6.699562072753906e-05
3378,pop17,1,0.00043582916259765625,0.0
3378,pop50,1,0.0004558563232421875,0.0
3378,pop14,1,0.0004608631134033203,0.0
3378,pop27,3,0.0004893938700358073,7.0454292562427e-05
3378,pop44,1,0.00039696693420410156,0.0
3379,pop33,5,0.00051422119140625,0.00015316195088992766
3379,pop50,1,0.0004036426544189453,0.0
3379,pop14,1,0.0004315376281738281,0.0
3379,pop27,1,0.0004336833953857422,0.0
3379,pop44,1,0.0004248619079589844,0.0
3379,pop39,1,0.00042700767517089844,0.0
3379,pop38,1,0.0004162788391113281,0.0
3380,pop0,5,0.0004763603210449219,0.0002363011269102224
3381,pop29,5,0.00041518211364746096,0.00012514251230890191
3381,pop51,1,0.0004394054412841797,0.0
3381,pop9,1,0.00044727325439453125,0.0
3382,pop21,2,0.00030028820037841797,0.00015056133270263672
3382,pop22,3,0.00047087669372558594,5.726051253266932e-05
3382,pop51,1,0.0004291534423828125,0.0
3383,pop0,4,0.00046634674072265625,0.00016802074674996707
3383,pop1,1,0.0004620552062988281,0.0
3383,pop53,1,0.0004367828369140625,0.0
3383,pop47,1,0.0004105567932128906,0.0
3383,pop51,1,0.00044608116149902344,0.0
3383,pop9,1,0.0003998279571533203,0.0
3384,pop13,2,0.0003991127014160156,4.887580871582031e-05
3384,pop52,1,0.0004405975341796875,0.0
3384,pop51,1,0.00043582916259765625,0.0
3384,pop46,4,0.0004788041114807129,6.644811238751429e-05
3384,pop45,1,0.0004246234893798828,0.0
3385,pop45,2,0.000331878662109375,0.00010633468627929688
3385,pop44,2,0.0005905628204345703,0.0001976490020751953
3385,pop27,4,0.00048232078552246094,5.2060213114948885e-05
3386,pop22,3,0.0003704229990641276,9.234821529377442e-05
3386,pop51,3,0.0004268487294514974,1.3255062872854605e-05
3386,pop46,4,0.00043332576751708984,1.0943256950515568e-05
3386,pop45,2,0.0005191564559936523,0.00012362003326416016
3386,pop4,2,0.0007565021514892578,0.00011134147644042969
3387,pop50,4,0.0004857778549194336,0.00014793834409579314
3387,pop52,1,0.0003960132598876953,0.0
3387,pop12,1,0.0004286766052246094,0.0
3388,pop20,5,0.0004657268524169922,0.00012939181667980234
3388,pop46,1,0.00043892860412597656,0.0
3388,pop51,1,0.0004105567932128906,0.0
3388,pop52,1,0.00048065185546875,0.0
3388,pop54,1,0.0004363059997558594,0.0
3389,pop12,2,0.00037682056427001953,0.00012314319610595703
3389,pop52,1,0.0004343986511230469,0.0
3389,pop53,1,0.00045943260192871094,0.0
3389,pop42,4,0.000521242618560791,0.00011333015620884737
3390,pop54,2,0.000370025634765625,1.71661376953125e-05
3390,pop52,1,0.00042438507080078125,0.0
3390,pop50,2,0.0004405975341796875,8.821487426757812e-06
3390,pop14,1,0.0004379749298095703,0.0
3390,pop27,2,0.000584721565246582,0.00014078617095947266
3390,pop44,1,0.00044536590576171875,0.0
3390,pop39,1,0.00040650367736816406,0.0
3390,pop38,1,0.00044155120849609375,0.0
3391,pop6,5,0.0004671573638916016,0.00012300648306000136
3391,pop7,1,0.0004334449768066406,0.0
3391,pop53,1,0.0004229545593261719,0.0
3391,pop52,1,0.0004074573516845703,0.0
3391,pop54,1,0.0003910064697265625,0.0
3392,pop21,2,0.0004818439483642578,4.76837158203125e-05
3392,pop22,3,0.0004325707753499349,1.0737368640434053e-05
3392,pop51,3,0.0004378954569498698,1.452767353345852e-05
3392,pop8,2,0.0005860328674316406,0.00018143653869628906
3392,pop47,2,0.00043272972106933594,1.0013580322265625e-05
3392,pop53,2,0.00044476985931396484,2.9802322387695312e-06
3392,pop3,2,0.0008088350296020508,1.919269561767578e-05
3393,pop22,5,0.0004886627197265625,0.00011989724965335179
3393,pop51,1,0.00043272972106933594,0.0
3393,pop46,1,0.0004227161407470703,0.0
3393,pop45,1,0.0004200935363769531,0.0
3394,pop57,2,0.0004086494445800781,4.863739013671875e-05
3394,pop56,1,0.00045609474182128906,0.0
3394,pop55,1,0.0004475116729736328,0.0
3394,pop50,3,0.00043956438700358075,1.9271472053136044e-05
3394,pop51,1,0.00042247772216796875,0.0
3394,pop29,2,0.0006963014602661133,0.0001748800277709961
3395,pop14,2,0.0003548860549926758,9.143352508544922e-05
3395,pop50,3,0.00045410792032877606,5.122147574209219e-06
3395,pop53,1,0.00042176246643066406,0.0
3395,pop42,2,0.0005358457565307617,6.139278411865234e-05
3396,pop44,2,0.0004118680953979492,3.707408905029297e-05
3396,pop27,3,0.0005554358164469401,0.00018931899800136016
3396,pop14,1,0.00042176246643066406,0.0
3396,pop50,1,0.00044417381286621094,0.0
3396,pop51,1,0.0004119873046875,0.0
3396,pop8,1,0.00043773651123046875,0.0
3397,pop33,4,0.000523686408996582,0.0001835625269378628
3397,pop50,1,0.0004124641418457031,0.0
3397,pop51,1,0.0004470348358154297,0.0
3397,pop8,1,0.00040078163146972656,0.0
3398,pop20,5,0.00040369033813476564,0.00014623044711905325
3398,pop46,1,0.0004563331604003906,0.0
3398,pop51,1,0.0004138946533203125,0.0
3399,pop29,2,0.0003923177719116211,5.352497100830078e-05
3399,pop51,1,0.0004646778106689453,0.0
3399,pop50,5,0.0004413604736328125,1.3179523725010048e-05
3399,pop17,3,0.00043400128682454425,9.425494562303557e-06
3399,pop31,2,0.0005669593811035156,0.0001304149627685547
3399,pop53,2,0.00045549869537353516,3.5762786865234375e-07
3399,pop42,2,0.0007169246673583984,2.384185791015625e-05
3400,pop54,2,0.0004240274429321289,2.4437904357910156e-05
3400,pop52,1,0.00045752525329589844,0.0
3400,pop50,2,0.00043392181396484375,2.47955322265625e-05
3400,pop14,1,0.00045609474182128906,0.0
3400,pop27,2,0.0005930662155151367,0.00013124942779541016
3400,pop44,1,0.00043845176696777344,0.0
3400,pop39,1,0.00041985511779785156,0.0
3400,pop38,1,0.0004374980926513672,0.0
3401,pop20,2,0.00039780139923095703,5.7578086853027344e-05
3401,pop46,1,0.00045871734619140625,0.0
3401,pop51,1,0.00046372413635253906,0.0
3401,pop47,1,0.0004315376281738281,0.0
3401,pop53,1,0.0004799365997314453,0.0
3401,pop1,4,0.00043004751205444336,1.621980273088597e-05
3401,pop0,2,0.0004936456680297852,7.832050323486328e-05
3401,pop15,2,0.0006415843963623047,7.2479248046875e-05
3402,pop8,2,0.0003616809844970703,9.059906005859375e-05
3402,pop51,1,0.0004622936248779297,0.0
3402,pop52,3,0.0004444122314453125,5.492258880351701e-06
3402,pop54,2,0.0005792379379272461,0.00015223026275634766
3402,pop55,4,0.0004945993423461914,9.890284038878616e-05
3403,pop19,2,0.0003883838653564453,5.14984130859375e-05
3403,pop51,1,0.0004627704620361328,0.0
3403,pop47,1,0.000457763671875,0.0
3403,pop53,1,0.00042438507080078125,0.0
3403,pop1,4,0.0004533529281616211,5.004220825521374e-05
3403,pop0,1,0.00041675567626953125,0.0
3404,pop4,4,0.00045245885848999023,0.00014693688624749647
3404,pop51,1,0.00042128562927246094,0.0
3404,pop43,1,0.00041222572326660156,0.0
3404,pop40,1,0.00039887428283691406,0.0
3405,pop45,2,0.0003870725631713867,7.331371307373047e-05
3405,pop46,1,0.0004622936248779297,0.0
3405,pop51,1,0.0004391670227050781,0.0
3405,pop50,2,0.00046432018280029297,2.5153160095214844e-05
3405,pop32,3,0.0005688667297363281,0.00013120663468150535
3406,pop21,2,0.00042891502380371094,4.267692565917969e-05
3406,pop23,1,0.0004634857177734375,0.0
3406,pop16,1,0.0004222393035888672,0.0
3406,pop50,2,0.00045108795166015625,1.0013580322265625e-05
3406,pop53,1,0.0004215240478515625,0.0
3406,pop1,3,0.0004855791727701823,4.946111399058597e-05
3406,pop0,3,0.0005704561869303385,0.00017387372218410083
3407,pop45,2,0.0003896951675415039,6.568431854248047e-05
3407,pop46,1,0.0004544258117675781,0.0
3407,pop51,1,0.0004215240478515625,0.0
3407,pop50,1,0.00045800209045410156,0.0
3407,pop32,4,0.0005174875259399414,9.206052677084652e-05
3408,pop25,2,0.00040090084075927734,7.593631744384766e-05
3408,pop17,1,0.000461578369140625,0.0
3408,pop50,2,0.0004286766052246094,1.1205673217773438e-05
3408,pop51,3,0.00043193499247233075,2.1408460251481562e-05
3408,pop9,2,0.0005819797515869141,0.0001633167266845703
3408,pop52,2,0.0004527568817138672,4.291534423828125e-06
3408,pop34,1,0.0007266998291015625,0.0
3408,pop53,1,0.0004239082336425781,0.0
3408,pop42,2,0.0007175207138061523,3.159046173095703e-05
3408,pop43,1,0.0004317760467529297,0.0
3409,pop57,2,0.0003657341003417969,0.00011277198791503906
3409,pop56,1,0.0004372596740722656,0.0
3409,pop55,1,0.0004253387451171875,0.0
3409,pop50,4,0.0004919767379760742,7.949633053061845e-05
3409,pop32,1,0.00042891502380371094,0.0
3410,pop21,2,0.0004113912582397461,5.4955482482910156e-05
3410,pop22,1,0.0004119873046875,0.0
3410,pop51,3,0.0006002585093180338,0.00023734505351156622
3410,pop29,2,0.0006253719329833984,0.000194549560546875
3410,pop52,1,0.00045990943908691406,0.0
3410,pop55,2,0.0006409883499145508,0.0002218484878540039
3410,pop50,1,0.00045180320739746094,0.0
3411,pop57,2,0.00041878223419189453,5.614757537841797e-05
3411,pop56,1,0.00046443939208984375,0.0
3411,pop55,3,0.0005459785461425781,0.0001567751577578528
3411,pop50,1,0.0004253387451171875,0.0
3411,pop14,1,0.00044345855712890625,0.0
3411,pop27,1,0.0004076957702636719,0.0
3411,pop44,1,0.0004253387451171875,0.0
3411,pop39,1,0.0004031658172607422,0.0
3412,pop0,3,0.00042049090067545575,2.395075195900034e-05
3412,pop1,1,0.00045943260192871094,0.0
3412,pop53,1,0.0004634857177734375,0.0
3412,pop50,1,0.0004374980926513672,0.0
3412,pop17,1,0.0004305839538574219,0.0
3412,pop31,1,0.0004642009735107422,0.0
3412,pop30,1,0.0004143714904785156,0.0
3412,pop48,1,0.00043773651123046875,0.0
3412,pop49,2,0.0006788969039916992,0.00014221668243408203
3413,pop8,2,0.00030934810638427734,0.00017702579498291016
3413,pop51,3,0.0005142688751220703,0.0001385494379565277
3413,pop52,2,0.0004527568817138672,1.3113021850585938e-05
3413,pop54,1,0.0008494853973388672,0.0
3413,pop43,3,0.0004386107126871745,2.171427741176237e-05
3413,pop40,1,0.0007429122924804688,0.0
3413,pop42,3,0.0004954338073730469,8.991910694826715e-05
3414,pop13,4,0.0005265474319458008,0.000167623564305062
3414,pop52,1,0.00042629241943359375,0.0
3414,pop50,1,0.0004410743713378906,0.0
3414,pop14,1,0.000438690185546875,0.0
3414,pop27,1,0.00040793418884277344,0.0
3414,pop44,1,0.00044035911560058594,0.0
3415,pop50,3,0.00041421254475911457,3.849719792932785e-05
3415,pop51,1,0.000457763671875,0.0
3415,pop46,4,0.000469207763671875,5.320234600527034e-05
3415,pop45,2,0.0005031824111938477,6.0677528381347656e-05
3415,pop20,2,0.0006361007690429688,0.0001819133758544922
3416,pop12,2,0.0003758668899536133,9.548664093017578e-05
3416,pop52,1,0.0004088878631591797,0.0
3416,pop53,1,0.0004532337188720703,0.0
3416,pop1,2,0.00043833255767822266,1.609325408935547e-05
3416,pop0,2,0.0006078481674194336,5.3048133850097656e-05
3417,pop4,2,0.0003705024719238281,0.00010967254638671875
3417,pop51,6,0.0004962682723999023,0.00014540639117715458
3417,pop52,4,0.00044798851013183594,1.4759823941498988e-05
3417,pop12,2,0.0005533695220947266,0.0001499652862548828
3417,pop50,5,0.0005214214324951172,0.00017395448261130786
3417,pop17,1,0.0005817413330078125,0.0
3417,pop14,1,0.0008826255798339844,0.0
3417,pop8,1,0.0008616447448730469,0.0
3417,pop19,2,0.00042569637298583984,3.933906555175781e-06
3417,pop18,2,0.0005413293838500977,0.00011670589447021484
3417,pop43,1,0.0006556510925292969,0.0
3417,pop22,2,0.0007321834564208984,2.1219253540039062e-05
3418,pop57,2,0.0004297494888305664,3.445148468017578e-05
3418,pop56,1,0.0004279613494873047,0.0
3418,pop55,1,0.00045561790466308594,0.0
3418,pop50,2,0.00043654441833496094,1.71661376953125e-05
3418,pop51,1,0.0004642009735107422,0.0
3418,pop46,4,0.00046902894973754883,7.900462447136555e-05
3418,pop45,2,0.0005813837051391602,0.0001462697982788086
3419,pop6,4,0.0004493594169616699,0.00016698054802051471
3419,pop7,1,0.0004341602325439453,0.0
3419,pop53,1,0.0004203319549560547,0.0
3419,pop52,1,0.0004513263702392578,0.0
3419,pop12,1,0.0004286766052246094,0.0
3420,pop22,3,0.00041143099466959637,4.485663916404311e-05
3420,pop51,1,0.00045490264892578125,0.0
3420,pop29,2,0.0006445646286010742,7.426738739013672e-05
3421,pop45,2,0.0003910064697265625,6.747245788574219e-05
3421,pop46,3,0.00043161710103352863,1.1582879623926205e-05
3421,pop51,1,0.0004527568817138672,0.0
3421,pop43,2,0.0005166530609130859,8.916854858398438e-05
3421,pop42,1,0.0004162788391113281,0.0
3422,pop0,5,0.0004444122314453125,0.00011696699828467504
3422,pop1,1,0.00043702125549316406,0.0
3422,pop53,1,0.00042438507080078125,0.0
3422,pop52,1,0.00043320655822753906,0.0
3422,pop12,1,0.000423431396484375,0.0
3423,pop4,2,0.0004140138626098633,6.020069122314453e-05
3423,pop51,1,0.0009093284606933594,0.0
3424,pop14,2,0.0003610849380493164,8.976459503173828e-05
3424,pop50,4,0.0005014538764953613,0.00012962237050476763
3424,pop52,1,0.0004074573516845703,0.0
3424,pop12,1,0.0004024505615234375,0.0
3425,pop44,2,0.0003135204315185547,0.00014448165893554688
3425,pop27,4,0.0004844069480895996,7.651386286180117e-05
3425,pop14,1,0.00041484832763671875,0.0
3425,pop24,1,0.0004482269287109375,0.0
3426,pop33,4,0.0003908872604370117,9.477648331467137e-05
3426,pop50,1,0.0004298686981201172,0.0
3426,pop17,1,0.000469207763671875,0.0
3426,pop31,2,0.0006273984909057617,9.28640365600586e-05
3427,pop13,5,0.0004924774169921875,0.00013858266080610758
3427,pop52,1,0.00043582916259765625,0.0
3427,pop51,1,0.00044918060302734375,0.0
3427,pop8,1,0.0004181861877441406,0.0
3428,pop29,3,0.0004677772521972656,0.00013816324088053016
3429,pop54,2,0.0004044771194458008,4.1604042053222656e-05
3429,pop52,1,0.00043082237243652344,0.0
3429,pop50,2,0.00043845176696777344,1.6450881958007812e-05
3429,pop14,1,0.0004646778106689453,0.0
3429,pop27,2,0.0005116462707519531,5.1021575927734375e-05
3429,pop44,1,0.0004372596740722656,0.0
3430,pop20,2,0.00036525726318359375,7.414817810058594e-05
3430,pop46,1,0.0004181861877441406,0.0
3430,pop51,1,0.0004601478576660156,0.0
3430,pop50,2,0.00044608116149902344,2.0265579223632812e-05
3430,pop32,3,0.0005218982696533203,6.581849927637938e-05
3431,pop33,2,0.00035691261291503906,8.463859558105469e-05
3431,pop50,4,0.0005009174346923828,0.00012430482575312424
3431,pop14,1,0.0004112720489501953,0.0
3431,pop24,1,0.00043892860412597656,0.0
3432,pop19,3,0.0004912217458089193,0.00019296390020666482
3432,pop51,6,0.00045228004455566406,1.2672121301573097e-05
3432,pop52,5,0.0004586696624755859,1.01773181197902e-05
3432,pop54,2,0.000569462776184082,0.00012791156768798828
3432,pop43,3,0.00044544537862141925,1.270174218750448e-05
3432,pop40,2,0.0004169940948486328,1.1920928955078125e-06
3432,pop41,1,0.0007977485656738281,0.0
3432,pop37,1,0.0007250308990478516,0.0
3432,pop10,3,0.0006670951843261719,0.0001704792317686877
3433,pop8,2,0.0002847909927368164,0.0001558065414428711
3433,pop51,2,0.0006024837493896484,0.0001888275146484375
3433,pop50,3,0.0005059242248535156,9.970591624041958e-05
3434,pop13,2,0.00040078163146972656,5.4836273193359375e-05
3434,pop52,1,0.0004489421844482422,0.0
3434,pop51,3,0.00046507517496744793,1.2098160506091479e-05
3434,pop46,5,0.00042786598205566404,1.132084121875809e-05
3434,pop45,2,0.0006024837493896484,0.0001838207244873047
3434,pop29,2,0.0007479190826416016,9.632110595703125e-05
3435,pop33,4,0.00044333934783935547,0.00016699417487880817
3435,pop50,1,0.00043082237243652344,0.0
3435,pop51,1,0.00042319297790527344,0.0
3436,pop12,2,0.00029158592224121094,0.00014209747314453125
3436,pop52,3,0.00041802724202473957,3.042077400272407e-05
3436,pop34,2,0.0006265640258789062,0.0001933574676513672
3436,pop51,2,0.00044333934783935547,2.7298927307128906e-05
3436,pop43,4,0.0005010366439819336,0.0001227742833442262
3437,pop29,4,0.00045222043991088867,0.0001686996674730165
3437,pop51,1,0.00044345855712890625,0.0
3437,pop43,1,0.0004546642303466797,0.0
3437,pop40,1,0.0004146099090576172,0.0
3438,pop13,2,0.0003756284713745117,6.568431854248047e-05
3438,pop52,1,0.00041604042053222656,0.0
3438,pop50,4,0.00044530630111694336,1.3255703143922391e-05
3438,pop17,3,0.0004374980926513672,1.4356679169964407e-05
3438,pop31,3,0.0005726019541422526,0.0001862977750540833
3438,pop51,2,0.000461578369140625,6.198883056640625e-06
3438,pop8,1,0.0008115768432617188,0.0
3438,pop19,1,0.00046324729919433594,0.0
3438,pop18,1,0.0004477500915527344,0.0
3438,pop38,2,0.0007179975509643555,3.3736228942871094e-05
3438,pop39,1,0.00041866302490234375,0.0
3438,pop44,1,0.0004470348358154297,0.0
3438,pop27,1,0.00041747093200683594,0.0
3438,pop14,1,0.00044226646423339844,0.0
3439,pop6,5,0.00045576095581054685,0.00014099427306061933
3439,pop7,1,0.0004057884216308594,0.0
3439,pop53,1,0.00041675567626953125,0.0
3439,pop1,1,0.0004398822784423828,0.0
3439,pop0,1,0.00043010711669921875,0.0
3440,pop22,3,0.00042827924092610675,3.2064319749528534e-05
3440,pop51,3,0.0004470348358154297,1.0254770835688862e-05
3440,pop29,3,0.0005449453989664713,0.000182380637926629
3440,pop47,2,0.00043189525604248047,9.894371032714844e-06
3440,pop53,2,0.000446319580078125,2.384185791015625e-07
3440,pop3,2,0.000735163688659668,4.756450653076172e-05
3441,pop45,2,0.0003587007522583008,8.90493392944336e-05
3441,pop46,2,0.0004385709762573242,7.987022399902344e-06
3441,pop51,1,0.0004572868347167969,0.0
3441,pop52,3,0.00044544537862141925,1.2382983499332628e-05
3441,pop54,2,0.0005793571472167969,0.00016760826110839844
3441,pop53,2,0.0004258155822753906,1.4781951904296875e-05
3441,pop42,3,0.0005960464477539062,0.00012581289157025452
3442,pop0,3,0.0003810723622639974,0.00021362174597601408
3442,pop1,3,0.0004394849141438802,1.6079070273178508e-05
3442,pop53,2,0.00043022632598876953,6.794929504394531e-06
3442,pop50,3,0.0005434354146321615,0.00014739261187232132
3443,pop4,4,0.0005148649215698242,0.0001715080334632535
3443,pop51,1,0.0004017353057861328,0.0
3443,pop50,1,0.00044226646423339844,0.0
3443,pop14,1,0.0004134178161621094,0.0
3443,pop27,1,0.0004417896270751953,0.0
3443,pop44,1,0.00044798851013183594,0.0
3443,pop39,1,0.0004398822784423828,0.0
3444,pop19,2,0.00037992000579833984,5.543231964111328e-05
3444,pop51,1,0.0004775524139404297,0.0
3444,pop50,3,0.00042931238810221356,7.917826410577732e-06
3444,pop17,1,0.0004527568817138672,0.0
3444,pop31,2,0.0006219148635864258,9.500980377197266e-05
3445,pop13,2,0.0004118680953979492,2.9921531677246094e-05
3445,pop52,1,0.0004439353942871094,0.0
3445,pop50,3,0.0005478858947753906,0.00017485701596579986
3445,pop14,1,0.00041174888610839844,0.0
3445,pop27,1,0.00045490264892578125,0.0
3445,pop44,1,0.0004076957702636719,0.0
3445,pop39,1,0.0004413127899169922,0.0
3445,pop38,1,0.0004367828369140625,0.0
3446,pop25,2,0.0003725290298461914,9.191036224365234e-05
3446,pop17,3,0.00043654441833496094,1.388707213160624e-05
3446,pop50,4,0.00043147802352905273,2.1483071844406625e-05
3446,pop14,3,0.00045029322306315106,1.0164451374630755e-05
3446,pop24,2,0.0006023645401000977,0.0001894235610961914
3446,pop51,2,0.00043845176696777344,2.1457672119140625e-06
3446,pop43,3,0.00045808156331380207,3.6175431177587646e-06
3446,pop40,1,0.0007929801940917969,0.0
3446,pop31,4,0.0005124807357788086,0.00014353417267560945
3446,pop30,1,0.0008378028869628906,0.0
3447,pop14,2,0.00035560131072998047,9.500980377197266e-05
3447,pop50,4,0.0005043148994445801,0.00010765626861957479
3447,pop51,1,0.0004456043243408203,0.0
3447,pop9,1,0.00040221214294433594,0.0
3448,pop12,3,0.00039656956990559894,0.0001988407455693343
3448,pop52,3,0.00044457117716471356,1.8287739412931233e-05
3448,pop34,1,0.0007681846618652344,0.0
3448,pop50,4,0.0005041360855102539,0.00012246647129088512
3449,pop19,2,0.00042641162872314453,4.971027374267578e-05
3449,pop18,2,0.00045120716094970703,4.887580871582031e-06
3449,pop38,2,0.0005750656127929688,9.036064147949219e-05
3450,pop21,2,0.0003867149353027344,8.130073547363281e-05
3450,pop22,1,0.00046634674072265625,0.0
3450,pop51,1,0.0004131793975830078,0.0
3450,pop43,3,0.0004870096842447917,7.260497103476678e-05
3450,pop42,1,0.0004067420959472656,0.0
3451,pop20,4,0.0004693269729614258,0.00014150202926983073
3451,pop46,1,0.0004456043243408203,0.0
3451,pop51,1,0.0004119873046875,0.0
3451,pop52,1,0.0004374980926513672,0.0
3451,pop13,1,0.0004258155822753906,0.0
3452,pop22,3,0.0004264513651529948,5.830372947738699e-05
3452,pop51,1,0.0004334449768066406,0.0
3452,pop43,3,0.0004858970642089844,8.536051079541297e-05
3452,pop42,1,0.0004143714904785156,0.0
3453,pop13,5,0.0005014419555664062,0.00014802291167101091
3453,pop52,1,0.00044035911560058594,0.0
3453,pop50,1,0.00045299530029296875,0.0
3453,pop14,1,0.00041484832763671875,0.0
3453,pop27,1,0.0004611015319824219,0.0
3453,pop44,1,0.0004482269287109375,0.0
3453,pop39,1,0.0004074573516845703,0.0
3454,pop8,2,0.00044536590576171875,3.528594970703125e-05
3454,pop51,1,0.00042557716369628906,0.0
3454,pop19,1,0.00041985511779785156,0.0
3454,pop18,4,0.00048810243606567383,6.905591034235913e-05
3454,pop38,1,0.0004119873046875,0.0
3455,pop33,3,0.00041874249776204425,2.67944959288818e-05
3455,pop50,2,0.0006387233734130859,0.0002009868621826172
3455,pop14,1,0.0004086494445800781,0.0
3455,pop27,1,0.0004417896270751953,0.0
3455,pop44,1,0.00045299530029296875,0.0
3455,pop39,1,0.0003902912139892578,0.0
3455,pop38,1,0.00044035911560058594,0.0
3456,pop25,2,0.00037729740142822266,8.022785186767578e-05
3456,pop17,1,0.0004253387451171875,0.0
3456,pop50,1,0.0004172325134277344,0.0
3456,pop52,1,0.0004508495330810547,0.0
3456,pop13,3,0.000587622324625651,0.0001453824720221545
3457,pop14,2,0.00042951107025146484,3.445148468017578e-05
3457,pop50,4,0.0005189776420593262,0.0001377766875757905
3457,pop51,1,0.0004239082336425781,0.0
3457,pop8,1,0.00040602684020996094,0.0
3458,pop22,5,0.0005075454711914063,0.00014467339964826902
3458,pop51,1,0.0004417896270751953,0.0
3458,pop19,1,0.0004456043243408203,0.0
3458,pop18,1,0.00043010711669921875,0.0
3458,pop38,1,0.0004322528839111328,0.0
3459,pop50,5,0.0005041122436523438,0.00016048603281361478
3459,pop51,1,0.00043129920959472656,0.0
3459,pop8,1,0.00037741661071777344,0.0
3460,pop57,2,0.000331878662109375,0.0001342296600341797
3460,pop48,4,0.0004709959030151367,7.597485886183314e-05
3460,pop30,1,0.0004131793975830078,0.0
3460,pop31,1,0.0003898143768310547,0.0
3461,pop8,2,0.0003948211669921875,7.486343383789062e-05
3461,pop51,1,0.0004189014434814453,0.0
3461,pop50,2,0.0004254579544067383,2.2649765014648438e-06
3461,pop32,3,0.0006272792816162109,0.0001835435975125743
3462,pop25,2,0.00035953521728515625,0.00012230873107910156
3462,pop17,1,0.00043582916259765625,0.0
3462,pop50,4,0.0005055665969848633,8.41371869158002e-05
3462,pop51,1,0.0004341602325439453,0.0
3463,pop6,4,0.0004584193229675293,0.00014890107585042604
3463,pop7,1,0.00041556358337402344,0.0
3463,pop53,1,0.0004532337188720703,0.0
3463,pop1,1,0.0004494190216064453,0.0
3463,pop15,1,0.0004031658172607422,0.0
3464,pop45,2,0.0004189014434814453,4.553794860839844e-05
3464,pop46,4,0.0005079507827758789,0.00016780760192320278
3464,pop51,1,0.0004420280456542969,0.0
3464,pop29,1,0.00041484832763671875,0.0
3465,pop0,2,0.0004271268844604492,4.303455352783203e-05
3465,pop1,4,0.0005296468734741211,0.0001801140331720091
3465,pop53,1,0.00043320655822753906,0.0
3465,pop50,1,0.0004067420959472656,0.0
3465,pop14,1,0.0004527568817138672,0.0
3465,pop27,1,0.00044798851013183594,0.0
3465,pop44,1,0.0004000663757324219,0.0
3465,pop39,1,0.0004363059997558594,0.0
3465,pop38,1,0.0004086494445800781,0.0
3466,pop33,2,0.0004067420959472656,4.696846008300781e-05
3466,pop50,1,0.00039839744567871094,0.0
3466,pop14,1,0.00040912628173828125,0.0
3466,pop27,4,0.0005151629447937012,0.000127283859311915
3466,pop44,1,0.0004470348358154297,0.0
3466,pop39,1,0.0004394054412841797,0.0
3466,pop38,1,0.00043654441833496094,0.0
3467,pop14,2,0.00041735172271728516,4.8041343688964844e-05
3467,pop50,1,0.0004019737243652344,0.0
3467,pop17,1,0.00039267539978027344,0.0
3467,pop31,1,0.00046825408935546875,0.0
3467,pop30,1,0.0004298686981201172,0.0
3467,pop48,3,0.0004737377166748047,7.121202833105499e-05
3467,pop49,3,0.0005364418029785156,0.00015665255803481068
3468,pop22,4,0.000510871410369873,0.00016487703846173143
3468,pop51,1,0.0004048347473144531,0.0
3468,pop47,1,0.0004448890686035156,0.0
3468,pop53,1,0.00044655799865722656,0.0
3468,pop1,1,0.00040268898010253906,0.0
3468,pop15,1,0.00042366981506347656,0.0
3469,pop44,2,0.00041472911834716797,4.303455352783203e-05
3469,pop27,4,0.0005180835723876953,0.00014385504148940563
3469,pop14,1,0.00040268898010253906,0.0
3469,pop50,1,0.0004420280456542969,0.0
3469,pop53,1,0.0004436969757080078,0.0
3469,pop1,1,0.0004425048828125,0.0
3469,pop15,1,0.0003833770751953125,0.0
3470,pop12,2,0.0004235506057739258,4.4226646423339844e-05
3470,pop52,1,0.00044417381286621094,0.0
3470,pop51,1,0.0004980564117431641,0.0
3470,pop29,4,0.0005407333374023438,0.00011906698793474005
3471,pop50,5,0.000472259521484375,0.0001354518373410904
3471,pop52,1,0.000423431396484375,0.0
3471,pop54,1,0.00041365623474121094,0.0
3472,pop6,2,0.00041866302490234375,3.695487976074219e-05
3472,pop7,1,0.00043010711669921875,0.0
3472,pop53,1,0.00047659873962402344,0.0
3472,pop50,4,0.0005301833152770996,0.00016825911926891612
3472,pop17,1,0.00046324729919433594,0.0
3472,pop31,1,0.00041103363037109375,0.0
3472,pop30,1,0.00045418739318847656,0.0
3472,pop48,1,0.0004489421844482422,0.0
3472,pop49,1,0.000446319580078125,0.0
3473,pop45,2,0.00034308433532714844,0.00010418891906738281
3473,pop46,3,0.0005471706390380859,0.00014827872291063763
3473,pop51,1,0.000423431396484375,0.0
3473,pop43,1,0.00041866302490234375,0.0
3473,pop40,1,0.0004761219024658203,0.0
3474,pop14,2,0.0003933906555175781,8.082389831542969e-05
3474,pop50,1,0.0004267692565917969,0.0
3474,pop53,1,0.00045013427734375,0.0
3474,pop1,1,0.00045013427734375,0.0
3474,pop15,3,0.0005211035410563151,4.617051689526885e-05
3475,pop22,2,0.0004093647003173828,6.628036499023438e-05
3475,pop51,1,0.0004248619079589844,0.0
3475,pop50,2,0.0004315376281738281,1.0251998901367188e-05
3475,pop14,1,0.0004477500915527344,0.0
3475,pop27,3,0.00048462549845377606,6.920886127338019e-05
3475,pop44,1,0.00043392181396484375,0.0
3476,pop54,2,0.0004183053970336914,4.112720489501953e-05
3476,pop52,1,0.0004143714904785156,0.0
3476,pop55,1,0.0004553794860839844,0.0
3476,pop56,1,0.0004253387451171875,0.0
3476,pop48,4,0.0004849433898925781,6.219092766969849e-05
3476,pop49,1,0.0004208087921142578,0.0
3477,pop13,5,0.00041985511779785156,0.0001517072987330442
3477,pop52,1,0.00044345855712890625,0.0
3477,pop54,1,0.0004227161407470703,0.0
3478,pop0,4,0.0003891587257385254,9.402951512471409e-05
3478,pop1,2,0.0005775690078735352,0.00012123584747314453
3478,pop53,1,0.0004253387451171875,0.0
3478,pop52,1,0.00045990943908691406,0.0
3478,pop13,1,0.0004343986511230469,0.0
3479,pop33,2,0.0003663301467895508,8.52346420288086e-05
3479,pop50,2,0.00041735172271728516,1.3113021850585938e-06
3479,pop53,3,0.00043646494547526043,1.8708728166370365e-05
3479,pop1,3,0.0004469553629557292,1.969259849129338e-05
3479,pop0,3,0.0005560715993245443,0.000182293452080909
3479,pop47,1,0.0004279613494873047,0.0
3479,pop51,2,0.0004552602767944336,6.794929504394531e-06
3479,pop8,1,0.0008130073547363281,0.0
3479,pop19,1,0.0004608631134033203,0.0
3479,pop18,1,0.0005679130554199219,0.0
3479,pop38,1,0.00046253204345703125,0.0
3479,pop39,2,0.0007920265197753906,3.7670135498046875e-05
3479,pop44,1,0.0004086494445800781,0.0
3479,pop27,1,0.00044846534729003906,0.0
3479,pop14,1,0.00041294097900390625,0.0
3480,pop14,2,0.00037920475006103516,9.381771087646484e-05
3480,pop50,3,0.0005279382069905599,0.0001395855208392056
3480,pop53,1,0.0004379749298095703,0.0
3480,pop1,1,0.0004582405090332031,0.0
3480,pop0,1,0.0004143714904785156,0.0
3481,pop22,4,0.0004736185073852539,0.00015173375900501247
3481,pop51,1,0.00044608116149902344,0.0
3481,pop50,1,0.00045228004455566406,0.0
3481,pop32,1,0.0004031658172607422,0.0
3482,pop45,2,0.0016362667083740234,0.0011470317840576172
3482,pop46,1,0.0003993511199951172,0.0
3482,pop51,1,0.00045299530029296875,0.0
3482,pop43,1,0.00043463706970214844,0.0
3482,pop42,3,0.0005575815836588541,0.00010648343051614429
3483,pop14,2,0.0004134178161621094,4.696846008300781e-05
3483,pop50,1,0.0004050731658935547,0.0
3483,pop51,5,0.0004765033721923828,9.205187887905089e-05
3483,pop46,4,0.0004354715347290039,2.125639023140683e-05
3483,pop45,2,0.0005233287811279297,8.106231689453125e-05
3483,pop9,1,0.0008475780487060547,0.0
3483,pop8,1,0.0007381439208984375,0.0
3483,pop43,3,0.0005428791046142578,0.0001458674925508664
3484,pop29,2,0.0003503561019897461,9.143352508544922e-05
3484,pop51,1,0.0004658699035644531,0.0
3484,pop52,1,0.00043392181396484375,0.0
3484,pop13,3,0.0005865097045898438,0.00013978745137959965
3485,pop8,2,0.0004010200500488281,0.0002865791320800781
3485,pop51,3,0.0005849997202555338,0.00021804221640263355
3485,pop52,2,0.00044524669647216797,2.0623207092285156e-05
3485,pop34,1,0.0007982254028320312,0.0
3485,pop4,3,0.0004353523254394531,2.8848319669173164e-05
3485,pop5,2,0.0007624626159667969,6.389617919921875e-05
3486,pop54,2,0.0004056692123413086,4.780292510986328e-05
3486,pop52,1,0.0004436969757080078,0.0
3486,pop51,3,0.00045561790466308594,1.9651824030871274e-05
3486,pop43,3,0.00043161710103352863,2.0848868268881406e-05
3486,pop40,2,0.0006250143051147461,0.00019180774688720703
3486,pop50,4,0.0004431009292602539,8.92797200362815e-06
3486,pop16,1,0.0007567405700683594,0.0
3486,pop55,3,0.0005570252736409506,0.00014346451551186827
3486,pop56,2,0.00043892860412597656,2.384185791015625e-07
3486,pop2,2,0.0005474090576171875,7.104873657226562e-05
3487,pop33,3,0.00042478243509928387,4.903829645257932e-05
3487,pop50,5,0.0005203723907470703,0.00014079820038892464
3487,pop51,5,0.0004363536834716797,1.2969970703125001e-05
3487,pop8,1,0.0008287429809570312,0.0
3487,pop17,2,0.00044655799865722656,2.288818359375e-05
3487,pop25,1,0.0006093978881835938,0.0
3487,pop16,2,0.0004181861877441406,6.67572021484375e-06
3487,pop23,1,0.0007712841033935547,0.0
3487,pop53,2,0.0004647970199584961,1.3113021850585938e-06
3487,pop1,1,0.0008361339569091797,0.0
3487,pop47,1,0.0004649162292480469,0.0
3487,pop29,1,0.0006966590881347656,0.0
3487,pop22,2,0.0004596710205078125,4.0531158447265625e-06
3487,pop21,1,0.0008087158203125,0.0
3487,pop19,1,0.0004334449768066406,0.0
3488,pop4,5,0.00045337677001953123,0.00013785168439570938
3488,pop51,1,0.00044083595275878906,0.0
3488,pop52,1,0.0003948211669921875,0.0
3488,pop12,1,0.00043010711669921875,0.0
3489,pop33,2,0.00043714046478271484,2.5153160095214844e-05
3489,pop50,1,0.00045680999755859375,0.0
3489,pop14,1,0.00046443939208984375,0.0
3489,pop27,4,0.0005135536193847656,0.00015113895135459484
3489,pop44,1,0.0004439353942871094,0.0
3489,pop39,1,0.00045561790466308594,0.0
3489,pop38,1,0.0004341602325439453,0.0
3490,pop19,2,0.0002976655960083008,0.00015151500701904297
3490,pop51,2,0.0005693435668945312,0.00013303756713867188
3490,pop43,5,0.0004570484161376953,4.7980102665168316e-05
3490,pop40,1,0.0007932186126708984,0.0
3491,pop44,2,0.00041961669921875,3.4332275390625e-05
3491,pop27,4,0.0005298256874084473,0.00015604913775532105
3491,pop14,1,0.0004417896270751953,0.0
3491,pop50,1,0.00045180320739746094,0.0
3491,pop51,1,0.0004150867462158203,0.0
3491,pop29,1,0.00043964385986328125,0.0
3492,pop12,2,0.00034999847412109375,7.867813110351562e-05
3492,pop52,1,0.0004420280456542969,0.0
3492,pop51,4,0.0004277825355529785,1.743504632913854e-05
3492,pop9,2,0.0006341934204101562,0.00018262863159179688
3492,pop50,1,0.00042724609375,0.0
3492,pop14,1,0.0004737377166748047,0.0
3492,pop24,1,0.0007724761962890625,0.0
3492,pop23,1,0.0007181167602539062,0.0
3492,pop21,1,0.0004565715789794922,0.0
3492,pop22,2,0.00047969818115234375,2.1219253540039062e-05
3492,pop47,2,0.0005438327789306641,0.00011372566223144531
3492,pop53,2,0.0004464387893676758,9.894371032714844e-06
3492,pop1,2,0.0006933212280273438,4.696846008300781e-05
3493,pop6,5,0.0004532337188720703,0.00013936254265708458
3493,pop7,1,0.0004096031188964844,0.0
3493,pop53,1,0.0004317760467529297,0.0
3493,pop50,1,0.0004410743713378906,0.0
3493,pop32,1,0.0004215240478515625,0.0
3494,pop29,2,0.0003529787063598633,0.00010097026824951172
3494,pop51,3,0.0004589557647705078,2.8849633255207093e-05
3494,pop43,3,0.000429232915242513,1.2235207457891852e-05
3494,pop40,2,0.0006194114685058594,0.0001785755157470703
3494,pop52,4,0.00046050548553466797,3.356964073259526e-06
3494,pop55,2,0.00043070316314697266,2.6106834411621094e-05
3494,pop56,1,0.0008006095886230469,0.0
3494,pop50,6,0.0005610783894856771,0.00018979465028464785
3494,pop16,2,0.00045430660247802734,5.364418029785156e-06
3494,pop23,1,0.00077056884765625,0.0
3494,pop53,1,0.0004582405090332031,0.0
3494,pop37,1,0.0005898475646972656,0.0
3494,pop12,1,0.0007457733154296875,0.0
3495,pop8,2,0.00041162967681884766,3.5881996154785156e-05
3495,pop51,1,0.00046443939208984375,0.0
3495,pop50,1,0.00041031837463378906,0.0
3495,pop14,1,0.00046563148498535156,0.0
3495,pop27,4,0.00048536062240600586,8.365101531556783e-05
3495,pop44,1,0.00044274330139160156,0.0
3495,pop39,1,0.00041413307189941406,0.0
3496,pop54,2,0.00036585330963134766,5.6624412536621094e-05
3496,pop52,1,0.00045943260192871094,0.0
3496,pop50,4,0.0005003213882446289,0.00012203777007984806
3496,pop14,1,0.00044417381286621094,0.0
3496,pop24,1,0.0003981590270996094,0.0
3497,pop21,2,0.00039386749267578125,7.82012939453125e-05
3497,pop22,2,0.0004601478576660156,9.059906005859375e-06
3497,pop51,1,0.0004603862762451172,0.0
3497,pop43,1,0.0004379749298095703,0.0
3497,pop42,2,0.0006257295608520508,0.0001081228256225586
3498,pop20,5,0.0004657268524169922,0.00014635814192243309
3498,pop46,1,0.0004181861877441406,0.0
3498,pop51,1,0.0004482269287109375,0.0
3498,pop52,1,0.00042629241943359375,0.0
3498,pop12,1,0.0004105567932128906,0.0
3499,pop19,4,0.0004030466079711914,7.00967854982164e-05
3499,pop51,3,0.0004509290059407552,2.3568761549531487e-05
3499,pop52,4,0.0004458427429199219,6.173614204513575e-06
3499,pop54,2,0.0005300045013427734,9.989738464355469e-05
3499,pop34,1,0.0008120536804199219,0.0
3499,pop18,3,0.0006608168284098307,0.0001744798716741146
3500,pop44,2,0.00037384033203125,9.703636169433594e-05
3500,pop27,3,0.0005097389221191406,0.00010918703280742562
3500,pop14,1,0.0004420280456542969,0.0
3500,pop50,1,0.0004448890686035156,0.0
3500,pop17,1,0.00043773651123046875,0.0
3500,pop31,1,0.0004124641418457031,0.0
3501,pop12,2,0.00041997432708740234,4.684925079345703e-05
3501,pop52,1,0.00046062469482421875,0.0
3501,pop51,1,0.0004119873046875,0.0
3501,pop29,3,0.0005799134572347006,0.00014446989927146382
3502,pop8,2,0.0004246234893798828,4.839897155761719e-05
3502,pop51,1,0.00045680999755859375,0.0
3502,pop19,1,0.00042629241943359375,0.0
3502,pop18,3,0.00048343340555826825,4.606698314419656e-05
3502,pop38,1,0.0004315376281738281,0.0
3503,pop54,2,0.0004235506057739258,5.3763389587402344e-05
3503,pop52,1,0.00045943260192871094,0.0
3503,pop50,3,0.0004253387451171875,1.5083940396777215e-05
3503,pop14,1,0.00046753883361816406,0.0
3503,pop27,2,0.000500798225402832,5.924701690673828e-05
3503,pop44,1,0.0004513263702392578,0.0
3504,pop45,2,0.000331878662109375,0.0001442432403564453
3504,pop46,1,0.00047588348388671875,0.0
3504,pop51,3,0.00043074289957682293,1.692865187055597e-05
3504,pop9,2,0.0006026029586791992,0.00017344951629638672
3504,pop50,4,0.0005105733871459961,0.000133656368819388
3505,pop14,4,0.0003972053527832031,0.00013305839508845563
3505,pop24,2,0.0005584955215454102,0.00014865398406982422
3505,pop50,6,0.0005353291829427084,0.00013816664649976245
3505,pop55,2,0.00047218799591064453,7.748603820800781e-06
3505,pop56,1,0.0008153915405273438,0.0
3505,pop51,2,0.00046539306640625,7.62939453125e-06
3505,pop46,1,0.0006773471832275391,0.0
3506,pop57,2,0.0004112720489501953,6.723403930664062e-05
3506,pop56,1,0.0004398822784423828,0.0
3506,pop55,4,0.0005090832710266113,0.0001138613318232456
3506,pop50,3,0.0005195140838623047,0.00011822340511224161
3506,pop51,3,0.000530401865641276,0.00010617996395871128
3506,pop9,2,0.0005396604537963867,0.00011050701141357422
3506,pop52,1,0.00045490264892578125,0.0
3507,pop25,2,0.00043570995330810547,5.137920379638672e-05
3507,pop17,1,0.00042510032653808594,0.0
3507,pop50,1,0.00045800209045410156,0.0
3507,pop51,1,0.0004444122314453125,0.0
3507,pop43,5,0.00045785903930664065,4.215051681295086e-05
3507,pop40,3,0.0004954338073730469,9.937393916421314e-05
3507,pop41,1,0.0008001327514648438,0.0
3508,pop21,2,0.00039386749267578125,5.7697296142578125e-05
3508,pop22,1,0.00043272972106933594,0.0
3508,pop51,1,0.00047278404235839844,0.0
3508,pop43,2,0.0004410743713378906,5.7220458984375e-06
3508,pop42,3,0.0005654493967692057,0.00012142058986523908
3509,pop54,2,0.0004360675811767578,3.3855438232421875e-05
3509,pop52,1,0.0004265308380126953,0.0
3509,pop50,3,0.0005563100179036459,0.00017664401615324188
3509,pop14,1,0.00043892860412597656,0.0
3509,pop27,1,0.0004220008850097656,0.0
3509,pop44,1,0.0004513263702392578,0.0
3509,pop39,1,0.0004444122314453125,0.0
3509,pop38,1,0.00043201446533203125,0.0
3510,pop33,5,0.00046706199645996094,0.00013219806061291167
3510,pop50,1,0.00044989585876464844,0.0
3510,pop52,1,0.0004420280456542969,0.0
3510,pop13,1,0.00041747093200683594,0.0
3511,pop57,2,0.0004209280014038086,3.635883331298828e-05
3511,pop56,1,0.00043511390686035156,0.0
3511,pop55,3,0.0005652109781901041,0.00017732533976047219
3511,pop50,1,0.0004413127899169922,0.0
3511,pop51,1,0.00044155120849609375,0.0
3511,pop43,1,0.0004506111145019531,0.0
3511,pop40,1,0.0004036426544189453,0.0
3512,pop50,6,0.00040741761525472003,7.541837253871445e-05
3512,pop51,2,0.0006099939346313477,0.00017535686492919922
3512,pop33,2,0.0007015466690063477,4.851818084716797e-05
3513,pop21,2,0.0004048347473144531,6.29425048828125e-05
3513,pop23,1,0.00042176246643066406,0.0
3513,pop16,1,0.0005033016204833984,0.0
3513,pop50,1,0.0004315376281738281,0.0
3513,pop17,1,0.0004470348358154297,0.0
3513,pop31,3,0.0006069342295328776,0.00018433414157616223
3514,pop54,2,0.0003453493118286133,9.97781753540039e-05
3514,pop52,1,0.0004210472106933594,0.0
3514,pop53,1,0.00044727325439453125,0.0
3514,pop42,4,0.0005590915679931641,0.00016870393194749864
3515,pop13,5,0.0004927635192871094,0.00013809597618334024
3515,pop52,1,0.0004334449768066406,0.0
3515,pop50,1,0.0004127025604248047,0.0
3515,pop14,1,0.00039196014404296875,0.0
3515,pop27,1,0.0004417896270751953,0.0
3515,pop44,1,0.0004100799560546875,0.0
3516,pop0,3,0.00038123130798339844,0.00010255454464291046
3516,pop1,2,0.0005422830581665039,9.47713851928711e-05
3516,pop53,1,0.00047397613525390625,0.0
3516,pop52,1,0.00045013427734375,0.0
3516,pop12,1,0.0004265308380126953,0.0
3517,pop22,4,0.0005071759223937988,0.00017123462153935683
3517,pop51,1,0.0004260540008544922,0.0
3517,pop47,1,0.000446319580078125,0.0
3517,pop53,1,0.00044465065002441406,0.0
3517,pop1,1,0.00042176246643066406,0.0
3517,pop0,1,0.000415802001953125,0.0
3518,pop20,5,0.0005138397216796875,0.0001609689812553082
3518,pop46,1,0.0004513263702392578,0.0
3518,pop51,1,0.0003826618194580078,0.0
3518,pop50,1,0.0004341602325439453,0.0
3518,pop17,1,0.00044727325439453125,0.0
3518,pop31,1,0.00041174888610839844,0.0
3518,pop30,1,0.0004246234893798828,0.0
3518,pop48,1,0.0004544258117675781,0.0
3518,pop49,1,0.0003628730773925781,0.0
3519,pop19,2,0.0003669261932373047,7.462501525878906e-05
3519,pop51,1,0.00044536590576171875,0.0
3519,pop50,4,0.00048065185546875,7.897181319055629e-05
3519,pop32,1,0.0004253387451171875,0.0
3520,pop12,2,0.00040912628173828125,5.078315734863281e-05
3520,pop52,1,0.00041794776916503906,0.0
3520,pop55,1,0.0004513263702392578,0.0
3520,pop56,1,0.00040650367736816406,0.0
3520,pop48,4,0.00046646595001220703,4.507135976075507e-05
3520,pop49,3,0.0005710124969482422,0.0001881798843035366
3521,pop8,2,0.00038301944732666016,5.8770179748535156e-05
3521,pop51,1,0.00043272972106933594,0.0
3521,pop50,5,0.00048146247863769533,0.000100343987358042
3521,pop14,3,0.0004223187764485677,4.239711338154201e-06
3521,pop24,2,0.0006389617919921875,0.00019979476928710938
3522,pop57,2,0.0003641843795776367,8.022785186767578e-05
3522,pop56,1,0.0004096031188964844,0.0
3522,pop55,1,0.00045228004455566406,0.0
3522,pop50,1,0.0004303455352783203,0.0
3522,pop53,1,0.0004291534423828125,0.0
3522,pop42,4,0.0005301833152770996,0.0001175025564564016
3523,pop54,2,0.0004025697708129883,4.875659942626953e-05
3523,pop52,1,0.00040793418884277344,0.0
3523,pop51,3,0.0004382928212483724,2.098835945064659e-05
3523,pop43,3,0.0004359881083170573,2.0859771222236746e-05
3523,pop40,2,0.0006285905838012695,0.00020515918731689453
3523,pop50,3,0.0005497932434082031,0.00016191705336041353
3524,pop14,2,0.00043332576751708984,3.1828880310058594e-05
3524,pop27,4,0.0005254745483398438,0.00015376695311586936
3524,pop44,1,0.0004229545593261719,0.0
3524,pop39,1,0.00044345855712890625,0.0
3524,pop38,1,0.00042510032653808594,0.0
3525,pop57,2,0.00036907196044921875,7.867813110351562e-05
3525,pop56,1,0.0004184246063232422,0.0
3525,pop55,1,0.0004668235778808594,0.0
3525,pop50,1,0.0004229545593261719,0.0
3525,pop53,1,0.0004572868347167969,0.0
3525,pop42,4,0.0005345940589904785,0.0001235590772283456
3526,pop25,2,0.00039780139923095703,4.971027374267578e-05
3526,pop17,1,0.0004744529724121094,0.0
3526,pop31,4,0.0005035996437072754,7.035396063588264e-05
3526,pop30,1,0.0004475116729736328,0.0
3526,pop48,1,0.0004467964172363281,0.0
3526,pop49,1,0.00042629241943359375,0.0
3527,pop4,3,0.00035826365152994793,0.00013034358232078135
3527,pop51,5,0.0005450248718261719,0.00017930421373013456
3527,pop9,2,0.0005878210067749023,0.00020110607147216797
3527,pop52,3,0.0004359881083170573,1.9273438362678086e-05
3527,pop50,2,0.0004553794860839844,2.6464462280273438e-05
3527,pop14,2,0.0004642009735107422,2.384185791015625e-06
3527,pop24,1,0.0007638931274414062,0.0
3527,pop37,1,0.0007679462432861328,0.0
3527,pop22,1,0.00077056884765625,0.0
3527,pop47,2,0.00041985511779785156,3.2901763916015625e-05
3527,pop53,2,0.0004391670227050781,1.3828277587890625e-05
3527,pop1,3,0.0004315376281738281,1.6665441624928755e-05
3527,pop0,2,0.0007401704788208008,1.919269561767578e-05
3528,pop33,4,0.0004572868347167969,0.00016208457101164173
3528,pop50,1,0.0004298686981201172,0.0
3528,pop17,1,0.0004277229309082031,0.0
3528,pop31,1,0.00040435791015625,0.0
3529,pop6,5,0.0005014419555664062,0.0001659246279242541
3529,pop7,1,0.0004284381866455078,0.0
3529,pop53,1,0.0004115104675292969,0.0
3529,pop50,1,0.0004038810729980469,0.0
3529,pop17,1,0.0004405975341796875,0.0
3529,pop31,1,0.0004475116729736328,0.0
3529,pop30,1,0.0004124641418457031,0.0
3529,pop48,1,0.0004620552062988281,0.0
3529,pop49,1,0.00044465065002441406,0.0
3530,pop29,2,0.0003490447998046875,9.703636169433594e-05
3530,pop51,3,0.0005880196889241537,0.00020543459073258622
3530,pop52,3,0.00043400128682454425,1.3621657426045309e-05
3530,pop54,2,0.0006378889083862305,0.00020301342010498047
3530,pop19,2,0.0004786252975463867,3.2186508178710938e-06
3530,pop18,2,0.0006265640258789062,0.00018978118896484375
3530,pop50,1,0.00044608116149902344,0.0
3530,pop55,3,0.0005135536193847656,8.58686504477823e-05
3530,pop56,3,0.00044473012288411457,1.2436423391989741e-05
3530,pop2,2,0.0005429983139038086,8.189678192138672e-05
3530,pop57,1,0.0007543563842773438,0.0
3531,pop50,5,0.0004676342010498047,0.0001502276658822177
3531,pop52,1,0.00041294097900390625,0.0
3531,pop34,1,0.0004355907440185547,0.0
3532,pop44,3,0.00040348370869954425,0.00021853594298900365
3532,pop27,4,0.0004736781120300293,4.874606910675499e-05
3533,pop13,4,0.0004744529724121094,0.00015340998962113083
3533,pop52,1,0.0004494190216064453,0.0
3533,pop51,1,0.0004470348358154297,0.0
3533,pop9,1,0.0004134178161621094,0.0
3534,pop0,4,0.0004951953887939453,0.0001621896599343959
3534,pop1,1,0.0004448890686035156,0.0
3534,pop53,1,0.0004413127899169922,0.0
3534,pop50,1,0.00042319297790527344,0.0
3534,pop14,1,0.0004470348358154297,0.0
3534,pop27,1,0.00043010711669921875,0.0
3534,pop44,1,0.000408172607421875,0.0
3535,pop20,2,0.0003031492233276367,0.00016057491302490234
3535,pop46,1,0.00044608116149902344,0.0
3535,pop51,2,0.0006086826324462891,0.00016760826110839844
3535,pop47,2,0.00043487548828125,2.47955322265625e-05
3535,pop53,2,0.00046837329864501953,1.1563301086425781e-05
3535,pop1,4,0.0005082488059997559,9.911022981702224e-05
3536,pop12,2,0.0003848075866699219,9.1552734375e-05
3536,pop52,1,0.000457763671875,0.0
3536,pop53,1,0.0004260540008544922,0.0
3536,pop1,3,0.00046825408935546875,5.9312421987896094e-05
3536,pop0,1,0.00044155120849609375,0.0
3537,pop8,2,0.00031507015228271484,0.00015294551849365234
3537,pop51,3,0.0004425843556722005,1.7082413432816584e-05
3537,pop9,2,0.000606536865234375,0.00018978118896484375
3537,pop52,1,0.00045418739318847656,0.0
3537,pop55,2,0.0004342794418334961,2.5391578674316406e-05
3537,pop56,2,0.00044083595275878906,1.71661376953125e-05
3537,pop57,1,0.0007028579711914062,0.0
3537,pop50,5,0.0004490852355957031,1.0790225402996056e-05
3537,pop53,1,0.0007679462432861328,0.0
3537,pop17,2,0.00045871734619140625,2.384185791015625e-06
3537,pop31,2,0.0005919933319091797,0.00012302398681640625
3538,pop54,2,0.00031948089599609375,0.0001480579376220703
3538,pop52,3,0.0004165172576904297,3.377362785478557e-05
3538,pop34,2,0.0005500316619873047,0.00014209747314453125
3538,pop50,5,0.0005084514617919922,0.00012234405654376344
3538,pop26,1,0.0008599758148193359,0.0
3539,pop50,9,0.00043283568488226994,4.744737535255626e-05
3539,pop51,3,0.0004452069600423177,2.3143664791686837e-05
3539,pop9,2,0.0005818605422973633,0.00013267993927001953
3539,pop14,3,0.0005257129669189453,0.00012760495564966863
3539,pop52,2,0.0004487037658691406,9.5367431640625e-06
3539,pop34,1,0.0006072521209716797,0.0
3539,pop55,1,0.0007326602935791016,0.0
3539,pop53,3,0.00045410792032877606,1.6999019905471962e-05
3539,pop47,1,0.0008118152618408203,0.0
3539,pop24,1,0.000827789306640625,0.0
3539,pop41,1,0.0007998943328857422,0.0
3539,pop40,1,0.0004372596740722656,0.0
3539,pop43,2,0.0005320310592651367,0.00010669231414794922
3540,pop45,2,0.0003851652145385742,0.00010120868682861328
3540,pop46,1,0.00046706199645996094,0.0
3540,pop51,1,0.0004150867462158203,0.0
3540,pop52,3,0.0004353523254394531,2.4436062844216563e-05
3540,pop12,2,0.0006110668182373047,0.00016045570373535156
3540,pop55,3,0.00043590863545735675,1.858475840222647e-05
3540,pop56,2,0.0004159212112426758,2.491474151611328e-05
3540,pop2,2,0.0005629062652587891,0.00010800361633300781
3540,pop50,2,0.0004388093948364258,1.0728836059570312e-06
3540,pop32,2,0.0007246732711791992,4.7087669372558594e-05
3541,pop57,2,0.00042724609375,4.1484832763671875e-05
3541,pop56,1,0.0004456043243408203,0.0
3541,pop55,4,0.0005214810371398926,0.00016425849477960428
3541,pop50,1,0.0004506111145019531,0.0
3541,pop51,1,0.00043892860412597656,0.0
3541,pop29,1,0.00044536590576171875,0.0
3542,pop44,2,0.0003877878189086914,8.14199447631836e-05
3542,pop27,4,0.0005106329917907715,0.00012237835168145482
3542,pop14,1,0.00045108795166015625,0.0
3542,pop50,1,0.00042247772216796875,0.0
3542,pop52,1,0.00044226646423339844,0.0
3542,pop34,1,0.00043582916259765625,0.0
3543,pop50,5,0.0003902912139892578,9.057810189621317e-05
3543,pop51,2,0.0006269216537475586,0.00021255016326904297
3543,pop17,2,0.0004291534423828125,6.9141387939453125e-06
3543,pop31,3,0.0004810492197672526,0.00010578664565346
3544,pop25,2,0.0004385709762573242,3.2067298889160156e-05
3544,pop17,1,0.0004208087921142578,0.0
3544,pop50,3,0.0005626678466796875,0.00016336353355212476
3544,pop51,1,0.0004608631134033203,0.0
3544,pop29,1,0.00042128562927246094,0.0
3545,pop0,2,0.00036275386810302734,0.0001207590103149414
3545,pop1,4,0.0005013942718505859,9.089768909815287e-05
3545,pop53,1,0.0004315376281738281,0.0
3545,pop52,1,0.0004506111145019531,0.0
3545,pop12,1,0.0004048347473144531,0.0
3546,pop20,4,0.00046372413635253906,0.00015680268114979197
3546,pop46,1,0.0004410743713378906,0.0
3546,pop51,1,0.00040435791015625,0.0
3546,pop52,1,0.0004425048828125,0.0
3546,pop13,1,0.0004124641418457031,0.0
3547,pop8,2,0.0003491640090942383,0.0001131296157836914
3547,pop51,1,0.00046062469482421875,0.0
3547,pop46,3,0.0004837512969970703,5.2978303574871634e-05
3547,pop45,1,0.00043487548828125,0.0
3548,pop45,2,0.0004061460494995117,8.428096771240234e-05
3548,pop44,1,0.0004458427429199219,0.0
3548,pop39,4,0.0005472302436828613,0.00011547207386216895
3549,pop44,2,0.0003838539123535156,8.487701416015625e-05
3549,pop27,4,0.0005106329917907715,0.00013332485203481123
3549,pop14,1,0.00044274330139160156,0.0
3549,pop50,1,0.0004127025604248047,0.0
3549,pop52,1,0.0004525184631347656,0.0
3549,pop12,1,0.0003795623779296875,0.0
3550,pop4,5,0.0004569053649902344,0.0001337977026375734
3550,pop51,1,0.0004191398620605469,0.0
3550,pop46,1,0.0004405975341796875,0.0
3550,pop45,1,0.0004432201385498047,0.0
3551,pop57,2,0.0003908872604370117,6.568431854248047e-05
3551,pop56,1,0.0004227161407470703,0.0
3551,pop55,3,0.0004372596740722656,9.313595287620835e-06
3551,pop50,2,0.0005648136138916016,0.00011563301086425781
3551,pop53,1,0.0004057884216308594,0.0
3551,pop42,1,0.0004229545593261719,0.0
3552,pop25,2,0.00038993358612060547,8.809566497802734e-05
3552,pop17,1,0.00042629241943359375,0.0
3552,pop50,4,0.0005866289138793945,0.00014453530299294348
3552,pop52,3,0.0004462401072184245,1.2065226055366734e-05
3552,pop54,2,0.0005617141723632812,0.0001227855682373047
3552,pop53,1,0.0004584789276123047,0.0
3552,pop47,1,0.0007956027984619141,0.0
3552,pop51,2,0.00045502185821533203,1.6808509826660156e-05
3552,pop43,2,0.0004277229309082031,2.765655517578125e-05
3552,pop11,1,0.0006573200225830078,0.0
3553,pop44,2,0.00037384033203125,7.82012939453125e-05
3553,pop27,4,0.0005035400390625,0.00013296373516474415
3553,pop14,1,0.00043272972106933594,0.0
3553,pop50,1,0.0004184246063232422,0.0
3553,pop53,1,0.00040602684020996094,0.0
3553,pop42,1,0.0004374980926513672,0.0
3554,pop21,2,0.0004191398620605469,5.7220458984375e-05
3554,pop22,2,0.00043833255767822266,2.586841583251953e-05
3554,pop51,1,0.0004565715789794922,0.0
3554,pop29,2,0.0006277561187744141,0.0001697540283203125
3555,pop6,3,0.00042438507080078125,3.6831362224426296e-05
3555,pop7,1,0.0004353523254394531,0.0
3555,pop53,1,0.0004546642303466797,0.0
3555,pop50,3,0.0005691846211751302,0.00019421036895360652
3555,pop14,1,0.000408172607421875,0.0
3555,pop27,1,0.00043010711669921875,0.0
3555,pop44,1,0.00042891502380371094,0.0
3555,pop39,1,0.00040411949157714844,0.0
3556,pop57,2,0.0003339052200317383,0.00014865398406982422
3556,pop48,2,0.00043380260467529297,2.4199485778808594e-05
3556,pop49,2,0.0006107091903686523,2.849102020263672e-05
3557,pop22,4,0.00045609474182128906,0.0001545549243561947
3557,pop51,1,0.00042724609375,0.0
3557,pop43,1,0.0004069805145263672,0.0
3557,pop40,1,0.0004017353057861328,0.0
3558,pop19,2,0.0004029273986816406,8.130073547363281e-05
3558,pop51,1,0.00043129920959472656,0.0
3558,pop50,3,0.0005219777425130209,0.00012281470482885525
3558,pop17,1,0.0004336833953857422,0.0
3558,pop31,1,0.0004067420959472656,0.0
3559,pop12,2,0.00029838085174560547,0.00014793872833251953
3559,pop52,1,0.0004131793975830078,0.0
3559,pop13,4,0.0005264878273010254,0.00010572787080026086
3560,pop4,4,0.0005423426628112793,0.00018114975351190844
3560,pop51,1,0.0003800392150878906,0.0
3560,pop50,1,0.0004410743713378906,0.0
3560,pop14,1,0.00041365623474121094,0.0
3560,pop27,1,0.0004088878631591797,0.0
3560,pop44,1,0.0004508495330810547,0.0
3560,pop39,1,0.00040078163146972656,0.0
3561,pop6,5,0.0004410743713378906,0.0001413327157782682
3561,pop7,1,0.0004353523254394531,0.0
3561,pop53,1,0.00047206878662109375,0.0
3561,pop52,1,0.000446319580078125,0.0
3561,pop12,1,0.0004172325134277344,0.0
3562,pop57,2,0.0003622770309448242,0.0001188516616821289
3562,pop56,1,0.00043201446533203125,0.0
3562,pop55,1,0.0004622936248779297,0.0
3562,pop50,3,0.0004378954569498698,1.4728445886912215e-05
3562,pop51,2,0.0006134510040283203,0.00018596649169921875
3562,pop17,2,0.00041794776916503906,8.821487426757812e-06
3562,pop31,4,0.0004261136054992676,1.2685991365911608e-05
3562,pop30,2,0.00045549869537353516,1.3709068298339844e-05
3562,pop48,2,0.0005954504013061523,0.00014412403106689453
3563,pop14,2,0.0003720521926879883,7.522106170654297e-05
3563,pop50,5,0.0005655765533447265,0.000166345406383321
3563,pop52,3,0.0004402001698811849,1.5099425059096521e-05
3563,pop54,2,0.0005153417587280273,0.00011050701141357422
3564,pop21,2,0.00039827823638916016,5.6862831115722656e-05
3564,pop22,4,0.0005394816398620605,0.00015896569936066837
3564,pop51,1,0.0008647441864013672,0.0
3565,pop6,2,0.0003350973129272461,0.00011146068572998047
3565,pop7,1,0.00041222572326660156,0.0
3565,pop53,1,0.0004363059997558594,0.0
3565,pop52,2,0.0004379749298095703,1.6450881958007812e-05
3565,pop34,1,0.00080108642578125,0.0
3565,pop51,5,0.00044269561767578124,2.1563059241695808e-05
3565,pop8,1,0.0006787776947021484,0.0
3565,pop46,3,0.00043582916259765625,2.177585360294426e-05
3565,pop45,1,0.0007853507995605469,0.0
3565,pop43,2,0.00042688846588134766,5.125999450683594e-06
3565,pop40,2,0.00045943260192871094,2.6226043701171875e-06
3565,pop41,1,0.0008220672607421875,0.0
3565,pop19,2,0.0004464387893676758,1.3709068298339844e-05
3565,pop18,1,0.0007932186126708984,0.0
3565,pop50,1,0.00046515464782714844,0.0
3565,pop55,1,0.00045943260192871094,0.0
3565,pop56,1,0.00047850608825683594,0.0
3565,pop2,1,0.0008544921875,0.0
3566,pop57,2,0.0003566741943359375,8.20159912109375e-05
3566,pop56,1,0.00040602684020996094,0.0
3566,pop55,1,0.0004494190216064453,0.0
3566,pop50,3,0.0005222161610921224,0.00010401488516012309
3566,pop53,1,0.0004115104675292969,0.0
3566,pop42,1,0.00042724609375,0.0
3567,pop8,2,0.0003701448440551758,8.475780487060547e-05
3567,pop51,1,0.0004429817199707031,0.0
3567,pop52,1,0.0004677772521972656,0.0
3567,pop13,4,0.0005525350570678711,0.00013717716018847424
3568,pop45,2,0.0003567934036254883,8.428096771240234e-05
3568,pop46,3,0.00044274330139160156,1.0578551126248058e-05
3568,pop51,1,0.0004546642303466797,0.0
3568,pop52,3,0.00044091542561848957,1.909367499544042e-05
3568,pop54,2,0.0006036758422851562,0.000171661376953125
3568,pop50,2,0.0004343986511230469,1.049041748046875e-05
3568,pop14,3,0.00045935312906901043,7.905852073317138e-06
3568,pop24,1,0.0007555484771728516,0.0
3568,pop27,2,0.0005693435668945312,0.00012254714965820312
3569,pop19,2,0.00030040740966796875,0.0001437664031982422
3569,pop51,3,0.00045426686604817707,2.170642262100802e-06
3569,pop9,2,0.0006096363067626953,0.0001671314239501953
3569,pop50,3,0.0005269845326741537,0.0001237222187759134
3570,pop57,2,0.00038802623748779297,6.0439109802246094e-05
3570,pop56,1,0.0004525184631347656,0.0
3570,pop55,1,0.00046062469482421875,0.0
3570,pop50,1,0.0004088878631591797,0.0
3570,pop14,1,0.0004420280456542969,0.0
3570,pop27,4,0.00046747922897338867,6.626586425255809e-05
3570,pop44,1,0.0004017353057861328,0.0
3571,pop33,4,0.00043004751205444336,2.560052452385932e-05
3571,pop50,1,0.00042891502380371094,0.0
3571,pop51,1,0.0008714199066162109,0.0
3572,pop25,2,0.00041484832763671875,3.504753112792969e-05
3572,pop17,1,0.00045752525329589844,0.0
3572,pop50,1,0.00044083595275878906,0.0
3572,pop14,1,0.00043463706970214844,0.0
3572,pop27,4,0.0005509853363037109,0.00017802357845669379
3572,pop44,1,0.00043845176696777344,0.0
3572,pop39,1,0.00041294097900390625,0.0
3572,pop38,1,0.0004436969757080078,0.0
3573,pop44,2,0.00039649009704589844,5.030632019042969e-05
3573,pop27,4,0.0005174875259399414,0.00012502849646314036
3573,pop14,1,0.000469207763671875,0.0
3573,pop50,1,0.0004506111145019531,0.0
3573,pop53,1,0.0004134178161621094,0.0
3573,pop1,1,0.0004410743713378906,0.0
3573,pop15,1,0.0004458427429199219,0.0
3574,pop14,2,0.0003813505172729492,6.282329559326172e-05
3574,pop27,4,0.0004993677139282227,9.504270402752354e-05
3574,pop44,1,0.00040793418884277344,0.0
3574,pop39,1,0.00043845176696777344,0.0
3575,pop21,2,0.0002950429916381836,0.00015079975128173828
3575,pop22,1,0.00043773651123046875,0.0
3575,pop51,2,0.0006060600280761719,0.00019359588623046875
3575,pop50,3,0.00044115384419759113,7.936947774090065e-06
3575,pop32,3,0.0005517800649007162,7.332869077791246e-05
3576,pop6,5,0.00044097900390625,0.00014373983862103577
3576,pop7,1,0.00044798851013183594,0.0
3576,pop53,1,0.0004296302795410156,0.0
3576,pop1,1,0.00041174888610839844,0.0
3576,pop0,1,0.00043964385986328125,0.0
3577,pop29,2,0.0004127025604248047,5.054473876953125e-05
3577,pop51,1,0.000469207763671875,0.0
3577,pop50,2,0.0004431009292602539,2.658367156982422e-05
3577,pop14,1,0.0004603862762451172,0.0
3577,pop27,3,0.0004941622416178385,8.302088078794815e-05
3577,pop44,1,0.0004467964172363281,0.0
3577,pop39,1,0.00040793418884277344,0.0
3578,pop25,2,0.0003800392150878906,5.507469177246094e-05
3578,pop17,1,0.0004475116729736328,0.0
3578,pop50,5,0.000499105453491211,0.00012089026690157594
3578,pop52,4,0.0004825592041015625,8.065492978020457e-05
3578,pop34,2,0.0005161762237548828,6.890296936035156e-05
3578,pop12,1,0.0007023811340332031,0.0
3578,pop51,2,0.00048422813415527344,2.0503997802734375e-05
3578,pop4,1,0.0007569789886474609,0.0
3579,pop21,2,0.0004127025604248047,3.552436828613281e-05
3579,pop22,4,0.000526726245880127,0.00015190120640484894
3579,pop51,1,0.00044465065002441406,0.0
3579,pop19,1,0.00043702125549316406,0.0
3579,pop18,1,0.0004189014434814453,0.0
3579,pop38,1,0.0004343986511230469,0.0
3580,pop13,3,0.00042184193929036457,5.2455820085665465e-05
3580,pop52,1,0.000461578369140625,0.0
3580,pop50,2,0.0005282163619995117,8.64267349243164e-05
3580,pop17,1,0.0004284381866455078,0.0
3580,pop31,1,0.0004291534423828125,0.0
3581,pop54,3,0.0005554358164469401,0.00018557578121892942
3581,pop52,3,0.00045673052469889325,5.451861345336436e-06
3581,pop51,5,0.0004398345947265625,1.515967244756602e-05
3581,pop29,3,0.0005442301432291666,0.00013627651342866412
3581,pop8,1,0.0007734298706054688,0.0
3581,pop43,4,0.0005221962928771973,0.00016961151800412596
3581,pop11,1,0.0007345676422119141,0.0
3582,pop12,2,0.0003273487091064453,0.00013375282287597656
3582,pop52,1,0.0004525184631347656,0.0
3582,pop51,4,0.0004974603652954102,0.00012766791759497291
3582,pop47,2,0.00045943260192871094,1.33514404296875e-05
3582,pop53,4,0.00052642822265625,0.0001366407848846482
3582,pop50,4,0.0004910826683044434,9.90136851346131e-05
3582,pop14,2,0.00043654441833496094,1.430511474609375e-06
3582,pop24,1,0.0007965564727783203,0.0
3582,pop7,2,0.00042438507080078125,0.0
3582,pop6,2,0.0005621910095214844,0.00012564659118652344
3582,pop1,1,0.0008056163787841797,0.0
3582,pop4,2,0.0005837678909301758,0.00014913082122802734
3583,pop4,3,0.00043503443400065106,3.0989728067827934e-05
3583,pop51,1,0.00042366981506347656,0.0
3583,pop50,1,0.0004711151123046875,0.0
3583,pop17,1,0.00046706199645996094,0.0
3583,pop31,1,0.00041103363037109375,0.0
3583,pop30,1,0.0004525184631347656,0.0
3583,pop48,1,0.0004649162292480469,0.0
3583,pop49,2,0.0006483793258666992,8.928775787353516e-05
3584,pop33,5,0.0005476951599121093,0.00018059777893650523
3584,pop50,4,0.00044351816177368164,1.7782873706566985e-05
3584,pop52,5,0.0004463672637939453,1.166585786386034e-05
3584,pop12,3,0.0005668004353841146,0.0001158139090847566
3584,pop34,1,0.000637054443359375,0.0
3584,pop55,1,0.0006506443023681641,0.0
3585,pop6,5,0.0004582405090332031,0.00014346389036440114
3585,pop7,1,0.0004506111145019531,0.0
3585,pop53,1,0.00042319297790527344,0.0
3585,pop1,1,0.00044465065002441406,0.0
3585,pop0,1,0.00044155120849609375,0.0
3586,pop29,4,0.0007362961769104004,0.0006440672692687243
3587,pop50,5,0.0004780292510986328,0.0001641140915271761
3587,pop52,3,0.0004551410675048828,1.284955968056339e-05
3587,pop34,2,0.0005956888198852539,0.0001894235610961914
3587,pop55,2,0.00044798851013183594,5.9604644775390625e-06
3587,pop56,2,0.0005300045013427734,0.00010132789611816406
3587,pop48,2,0.0005533695220947266,6.747245788574219e-05
3587,pop14,2,0.00042450428009033203,8.940696716308594e-06
3587,pop27,2,0.0005792379379272461,0.00017821788787841797
3588,pop21,2,0.00043070316314697266,4.9948692321777344e-05
3588,pop23,1,0.0004382133483886719,0.0
3588,pop16,1,0.0004131793975830078,0.0
3588,pop50,3,0.0005689462025960287,0.00015993335962251673
3588,pop17,1,0.0004220008850097656,0.0
3588,pop31,1,0.00044274330139160156,0.0
3588,pop30,1,0.00040435791015625,0.0
3588,pop48,1,0.0004215240478515625,0.0
3588,pop49,1,0.00043773651123046875,0.0
3589,pop0,4,0.0004093050956726074,0.0001622080916808912
3589,pop1,1,0.0004265308380126953,0.0
3589,pop15,1,0.0004410743713378906,0.0
3590,pop20,5,0.0004883289337158203,0.00016194848701448508
3590,pop46,1,0.0004317760467529297,0.0
3590,pop51,1,0.00044345855712890625,0.0
3590,pop50,1,0.00041747093200683594,0.0
3590,pop17,1,0.0003993511199951172,0.0
3590,pop31,1,0.0004298686981201172,0.0
3591,pop45,2,0.0003724098205566406,0.00010728836059570312
3591,pop46,3,0.000438690185546875,2.2259495376206904e-05
3591,pop51,1,0.0004367828369140625,0.0
3591,pop52,3,0.00044465065002441406,1.5540551435946097e-05
3591,pop13,2,0.0005931854248046875,0.000152587890625
3591,pop50,2,0.0004432201385498047,1.8358230590820312e-05
3591,pop14,1,0.0007262229919433594,0.0
3591,pop53,2,0.00045037269592285156,5.7220458984375e-06
3591,pop3,2,0.0006376504898071289,2.7298927307128906e-05
3592,pop19,2,0.00042998790740966797,5.0902366638183594e-05
3592,pop51,1,0.00045418739318847656,0.0
3592,pop50,4,0.0005297660827636719,0.00017478098369171465
3592,pop17,1,0.0004813671112060547,0.0
3592,pop31,1,0.0004200935363769531,0.0
3592,pop30,1,0.00048160552978515625,0.0
3592,pop48,1,0.0004284381866455078,0.0
3592,pop49,1,0.00040459632873535156,0.0
3593,pop13,4,0.00039696693420410156,8.284402383218e-05
3593,pop52,2,0.0004526376724243164,1.7762184143066406e-05
3593,pop51,3,0.0004508495330810547,1.1879531187092333e-05
3593,pop9,2,0.0006401538848876953,0.00021982192993164062
3593,pop55,2,0.00045490264892578125,1.9073486328125e-06
3593,pop56,2,0.0004260540008544922,1.2874603271484375e-05
3593,pop2,2,0.0006706714630126953,5.745887756347656e-05
3593,pop50,1,0.00040721893310546875,0.0
3594,pop21,2,0.0003688335418701172,8.845329284667969e-05
3594,pop22,1,0.00045371055603027344,0.0
3594,pop51,1,0.0004227161407470703,0.0
3594,pop52,3,0.00042891502380371094,9.586285020363188e-06
3594,pop54,2,0.0006172657012939453,0.00017118453979492188
3594,pop55,1,0.0004558563232421875,0.0
3594,pop56,1,0.0004987716674804688,0.0
3594,pop48,2,0.0005776882171630859,0.00013518333435058594
3594,pop30,1,0.00044608116149902344,0.0
3594,pop31,1,0.0004596710205078125,0.0
3594,pop17,1,0.00043010711669921875,0.0
3594,pop50,4,0.0005061030387878418,0.0001114797926401837
3594,pop16,1,0.0007746219635009766,0.0
3595,pop44,2,0.00041234493255615234,5.5670738220214844e-05
3595,pop27,4,0.0005171895027160645,0.00013513774277525338
3595,pop14,1,0.0004436969757080078,0.0
3595,pop50,1,0.0004622936248779297,0.0
3595,pop53,1,0.0004661083221435547,0.0
3595,pop1,1,0.0004177093505859375,0.0
3595,pop15,1,0.0004394054412841797,0.0
3596,pop20,5,0.00047626495361328123,0.0001331985176833836
3596,pop46,1,0.0004112720489501953,0.0
3596,pop45,1,0.0004448890686035156,0.0
3596,pop44,1,0.00041294097900390625,0.0
3597,pop21,2,0.0003685951232910156,8.940696716308594e-05
3597,pop23,1,0.00045180320739746094,0.0
3597,pop24,3,0.0005913575490315756,0.0001429027653185165
3597,pop14,4,0.0004379153251647949,1.386765820703517e-05
3597,pop50,4,0.0005155801773071289,0.00015217031958109415
3597,pop26,1,0.0005640983581542969,0.0
3597,pop51,2,0.00042617321014404297,2.3484230041503906e-05
3597,pop10,4,0.0006215572357177734,0.00016441705466348558
3598,pop22,5,0.0004694938659667969,0.00011862874768390817
3598,pop51,1,0.0004246234893798828,0.0
3598,pop52,1,0.0004487037658691406,0.0
3598,pop13,1,0.00040602684020996094,0.0
3599,pop54,2,0.0004411935806274414,3.540515899658203e-05
3599,pop52,1,0.0004546642303466797,0.0
3599,pop50,1,0.00046324729919433594,0.0
3599,pop14,1,0.00047087669372558594,0.0
3599,pop27,4,0.0004994869232177734,0.00010771045834794736
3599,pop44,1,0.0004260540008544922,0.0
3599,pop39,1,0.0004374980926513672,0.0
3600,pop12,2,0.0004191398620605469,5.316734313964844e-05
3600,pop52,1,0.00044536590576171875,0.0
3600,pop50,1,0.00045561790466308594,0.0
3600,pop14,1,0.00045609474182128906,0.0
3600,pop27,4,0.00046306848526000977,7.261976605059445e-05
3600,pop44,1,0.0004107952117919922,0.0
3601,pop29,4,0.0005226731300354004,0.0001740897605083868
3601,pop51,1,0.00042891502380371094,0.0
3601,pop50,1,0.00045013427734375,0.0
3601,pop14,1,0.00041794776916503906,0.0
3601,pop27,1,0.0004062652587890625,0.0
3601,pop44,1,0.0004506111145019531,0.0
3602,pop20,4,0.0005292892456054688,0.00017961331343186232
3602,pop46,1,0.0004317760467529297,0.0
3602,pop51,1,0.0004153251647949219,0.0
3602,pop50,1,0.0004565715789794922,0.0
3602,pop17,1,0.0004112720489501953,0.0
3602,pop31,1,0.0004470348358154297,0.0
3602,pop30,1,0.0004336833953857422,0.0
3602,pop48,1,0.0004177093505859375,0.0
3602,pop49,1,0.00040030479431152344,0.0
3603,pop21,2,0.0004178285598754883,5.7578086853027344e-05
3603,pop23,1,0.0004439353942871094,0.0
3603,pop16,1,0.0004477500915527344,0.0
3603,pop50,4,0.0005072951316833496,0.00012010752999610468
3603,pop53,1,0.00044226646423339844,0.0
3603,pop1,1,0.00040602684020996094,0.0
3603,pop0,1,0.00040721893310546875,0.0
3604,pop22,3,0.00035699208577473957,0.0001137937574719636
3604,pop51,3,0.000556786855061849,0.00016466335434326513
3604,pop9,2,0.0005235671997070312,8.988380432128906e-05
3604,pop50,2,0.0006144046783447266,0.0001609325408935547
3605,pop21,2,0.00039196014404296875,7.271766662597656e-05
3605,pop22,1,0.00043773651123046875,0.0
3605,pop51,1,0.00045108795166015625,0.0
3605,pop43,3,0.0004787445068359375,5.610930231075383e-05
3605,pop42,1,0.0004355907440185547,0.0
3606,pop8,2,0.0004366636276245117,2.777576446533203e-05
3606,pop51,1,0.0004127025604248047,0.0
3606,pop50,3,0.0005624294281005859,0.00015663973635038106
3606,pop17,3,0.00044536590576171875,1.561717524155506e-05
3606,pop31,4,0.00043213367462158203,1.2593940982725366e-05
3606,pop30,3,0.00044266382853190106,2.2544812878168436e-05
3606,pop48,3,0.0004336833953857422,1.8322588021126605e-05
3606,pop49,3,0.0005548000335693359,0.00011197773874873742
3607,pop57,2,0.0004329681396484375,3.6716461181640625e-05
3607,pop56,1,0.0004410743713378906,0.0
3607,pop55,2,0.00044727325439453125,8.344650268554688e-06
3607,pop50,1,0.00045943260192871094,0.0
3607,pop14,1,0.00045180320739746094,0.0
3607,pop27,3,0.0004990100860595703,9.40768012073256e-05
3607,pop44,1,0.0004050731658935547,0.0
3607,pop39,1,0.00043463706970214844,0.0
3608,pop0,5,0.0004928112030029297,0.00013628077723726044
3608,pop1,1,0.00045371055603027344,0.0
3608,pop53,1,0.00046181678771972656,0.0
3608,pop42,1,0.0004124641418457031,0.0
3608,pop43,1,0.00043272972106933594,0.0
3608,pop40,1,0.0003936290740966797,0.0
3609,pop45,2,0.00032317638397216797,0.00015151500701904297
3609,pop46,4,0.00047665834426879883,8.388190692789562e-05
3609,pop51,1,0.00042724609375,0.0
3609,pop9,1,0.0004341602325439453,0.0
3610,pop19,2,0.0003656148910522461,0.00010859966278076172
3610,pop51,1,0.00042724609375,0.0
3610,pop52,3,0.0004322528839111328,1.585797228652562e-05
3610,pop13,2,0.0006368160247802734,0.00022482872009277344
3610,pop50,3,0.0004356702168782552,1.2839725330675933e-05
3610,pop14,2,0.0004426240921020508,1.5854835510253906e-05
3610,pop27,3,0.0005366802215576172,0.00014430778940205312
3611,pop14,2,0.0003871917724609375,5.984306335449219e-05
3611,pop50,2,0.0004494190216064453,2.5510787963867188e-05
3611,pop51,4,0.000444948673248291,1.4297537982621414e-05
3611,pop9,2,0.0006119012832641602,0.0002008676528930664
3611,pop52,1,0.00044989585876464844,0.0
3611,pop55,3,0.0004334449768066406,2.0354673474908476e-05
3611,pop56,2,0.0004538297653198242,2.467632293701172e-05
3611,pop57,1,0.0008120536804199219,0.0
3611,pop36,3,0.000499566396077474,9.362786612386949e-05
3612,pop44,2,0.0003714561462402344,8.225440979003906e-05
3612,pop27,4,0.00048357248306274414,8.637835941016613e-05
3612,pop14,1,0.0004124641418457031,0.0
3612,pop50,1,0.00044035911560058594,0.0
3612,pop17,1,0.000484466552734375,0.0
3612,pop31,1,0.0004115104675292969,0.0
3613,pop57,2,0.00031578540802001953,0.0001214742660522461
3613,pop48,3,0.0004916191101074219,8.980144788675561e-05
3613,pop30,1,0.00043201446533203125,0.0
3613,pop31,1,0.0004067420959472656,0.0
3614,pop19,2,0.0003936290740966797,4.57763671875e-05
3614,pop51,1,0.00041985511779785156,0.0
3614,pop50,3,0.0005837281545003256,0.0002120482148040806
3614,pop14,1,0.00041556358337402344,0.0
3614,pop27,1,0.0004119873046875,0.0
3614,pop44,1,0.00042748451232910156,0.0
3615,pop25,2,0.0004203319549560547,4.696846008300781e-05
3615,pop17,1,0.00044727325439453125,0.0
3615,pop50,2,0.0004595518112182617,5.364418029785156e-06
3615,pop14,1,0.0004591941833496094,0.0
3615,pop27,3,0.0004833539326985677,6.588995060541426e-05
3615,pop44,1,0.00046825408935546875,0.0
3616,pop44,2,0.00038826465606689453,5.328655242919922e-05
3616,pop27,4,0.0005195140838623047,0.00014820845642201787
3616,pop14,1,0.00045871734619140625,0.0
3616,pop50,1,0.00041794776916503906,0.0
3616,pop53,1,0.00043392181396484375,0.0
3616,pop1,1,0.00041675567626953125,0.0
3616,pop15,1,0.0004074573516845703,0.0
3617,pop4,3,0.00039203961690266925,8.58874780667302e-05
3617,pop51,1,0.0004596710205078125,0.0
3617,pop52,3,0.0004390875498453776,2.137302846665187e-05
3617,pop12,2,0.0005306005477905273,0.00010383129119873047
3617,pop53,2,0.0005447864532470703,0.00010347366333007812
3617,pop3,3,0.000595251719156901,0.00013050048549256087
3618,pop33,2,0.00036644935607910156,8.702278137207031e-05
3618,pop50,2,0.00046253204345703125,1.33514404296875e-05
3618,pop52,3,0.00044147173563639325,2.344624464317144e-05
3618,pop34,2,0.0005419254302978516,8.7738037109375e-05
3618,pop53,2,0.00043976306915283203,8.463859558105469e-06
3618,pop7,1,0.0008044242858886719,0.0
3618,pop17,1,0.0004184246063232422,0.0
3618,pop31,1,0.0004322528839111328,0.0
3618,pop30,1,0.0004668235778808594,0.0
3618,pop48,3,0.00043900807698567707,8.638813172468307e-06
3618,pop49,3,0.0005652904510498047,8.800907874084027e-05
3618,pop56,1,0.00041222572326660156,0.0
3618,pop55,1,0.0004131793975830078,0.0
3619,pop6,5,0.0004460334777832031,0.00013967189566263137
3619,pop7,1,0.00038623809814453125,0.0
3619,pop53,1,0.00041413307189941406,0.0
3619,pop1,1,0.00045680999755859375,0.0
3619,pop0,1,0.0004322528839111328,0.0
3620,pop54,2,0.0003521442413330078,9.226799011230469e-05
3620,pop52,1,0.0004589557647705078,0.0
3620,pop51,4,0.000451505184173584,7.956494519733305e-06
3620,pop9,2,0.0005377531051635742,0.0001271963119506836
3620,pop43,3,0.00045990943908691406,3.9879382804748704e-05
3620,pop40,1,0.0007452964782714844,0.0
3620,pop50,3,0.0005341370900472006,0.00013499072891922227
3620,pop16,1,0.0007050037384033203,0.0
3621,pop12,2,0.00039839744567871094,4.9591064453125e-05
3621,pop52,1,0.00045371055603027344,0.0
3621,pop55,4,0.0004988908767700195,9.182698615535853e-05
3621,pop56,1,0.0004520416259765625,0.0
3621,pop48,1,0.0004069805145263672,0.0
3621,pop49,1,0.0004119873046875,0.0
3622,pop29,4,0.000451505184173584,0.00015351012814010276
3622,pop51,1,0.0004410743713378906,0.0
3622,pop52,1,0.0004203319549560547,0.0
3622,pop13,1,0.0004036426544189453,0.0
3623,pop20,5,0.000485992431640625,0.00015701506933448898
3623,pop46,1,0.0003898143768310547,0.0
3623,pop51,1,0.0004436969757080078,0.0
3623,pop47,1,0.00041937828063964844,0.0
3623,pop53,1,0.00040149688720703125,0.0
3623,pop1,1,0.00043272972106933594,0.0
3623,pop15,1,0.00043773651123046875,0.0
3624,pop57,2,0.00035953521728515625,8.916854858398438e-05
3624,pop56,1,0.00045943260192871094,0.0
3624,pop55,1,0.0004553794860839844,0.0
3624,pop50,5,0.00048065185546875,9.255334312375438e-05
3624,pop51,3,0.0004920164744059244,9.049868740117769e-05
3624,pop9,1,0.0007781982421875,0.0
3625,pop19,2,0.0003927946090698242,4.947185516357422e-05
3625,pop51,3,0.0004402001698811849,3.000560939892588e-05
3625,pop50,6,0.0004944006601969401,0.00011081606189209127
3625,pop14,3,0.0004342397054036458,1.8088763109556963e-05
3625,pop24,2,0.0006177425384521484,0.0001652240753173828
3625,pop46,1,0.0007555484771728516,0.0
3626,pop50,5,0.0004992008209228516,0.00016402965366573452
3626,pop51,1,0.00041413307189941406,0.0
3626,pop8,1,0.00044846534729003906,0.0
3627,pop22,2,0.0003854036331176758,5.996227264404297e-05
3627,pop51,1,0.00046706199645996094,0.0
3627,pop50,4,0.0005055069923400879,0.00012339714834773004
3627,pop14,3,0.00045228004455566406,1.8076887653146998e-05
3627,pop24,2,0.000578761100769043,0.00017392635345458984
3628,pop21,2,0.00037109851837158203,7.903575897216797e-05
3628,pop23,1,0.0004608631134033203,0.0
3628,pop16,1,0.00042319297790527344,0.0
3628,pop50,3,0.0005296071370442709,0.00012863315139122696
3628,pop17,1,0.00044155120849609375,0.0
3628,pop31,1,0.0004210472106933594,0.0
3629,pop25,2,0.0004265308380126953,2.09808349609375e-05
3629,pop17,1,0.00045800209045410156,0.0
3629,pop50,3,0.0005409717559814453,0.00016617256158276604
3629,pop51,1,0.00043845176696777344,0.0
3629,pop43,1,0.00040984153747558594,0.0
3629,pop40,1,0.0004100799560546875,0.0
3630,pop44,2,0.00041961669921875,3.0994415283203125e-05
3630,pop27,3,0.0005704561869303385,0.00018479981128035738
3630,pop14,1,0.00041103363037109375,0.0
3630,pop50,1,0.00042557716369628906,0.0
3630,pop51,1,0.00037598609924316406,0.0
3630,pop29,1,0.0004203319549560547,0.0
3631,pop54,2,0.0003566741943359375,8.344650268554688e-05
3631,pop52,1,0.0004410743713378906,0.0
3631,pop53,1,0.00045418739318847656,0.0
3631,pop1,1,0.00042557716369628906,0.0
3631,pop0,3,0.0006045500437418619,0.00014760020780630405
3632,pop12,2,0.00038993358612060547,4.5418739318847656e-05
3632,pop52,1,0.00043654441833496094,0.0
3632,pop50,4,0.0005254745483398438,0.00017208702245547337
3632,pop14,1,0.00045037269592285156,0.0
3632,pop27,1,0.0004222393035888672,0.0
3632,pop44,1,0.0004711151123046875,0.0
3632,pop39,1,0.00040650367736816406,0.0
3633,pop29,2,0.0003618001937866211,8.308887481689453e-05
3633,pop51,1,0.0004611015319824219,0.0
3633,pop50,2,0.00044667720794677734,2.0384788513183594e-05
3633,pop32,3,0.0005588531494140625,0.00011721904663437693
3634,pop57,2,0.00038635730743408203,4.780292510986328e-05
3634,pop56,1,0.0004525184631347656,0.0
3634,pop55,1,0.0004277229309082031,0.0
3634,pop50,3,0.0005558331807454427,0.000178310037510405
3634,pop51,1,0.00043129920959472656,0.0
3634,pop29,1,0.0004138946533203125,0.0
3635,pop13,3,0.0004420280456542969,3.0978516633640396e-05
3635,pop52,1,0.00042748451232910156,0.0
3635,pop50,1,0.0004534721374511719,0.0
3635,pop14,1,0.0004966259002685547,0.0
3635,pop27,2,0.0005515813827514648,0.00013458728790283203
3635,pop44,1,0.0004146099090576172,0.0
3635,pop39,1,0.0004394054412841797,0.0
3636,pop8,2,0.00035250186920166016,0.00011074542999267578
3636,pop51,1,0.00046539306640625,0.0
3636,pop52,3,0.0004401206970214844,1.112847077955519e-05
3636,pop34,2,0.0006051063537597656,0.00019693374633789062
3636,pop53,2,0.0004329681396484375,2.6226043701171875e-06
3636,pop1,3,0.0005104541778564453,9.026612628844108e-05
3637,pop0,5,0.00044889450073242186,0.00014459566144696886
3637,pop1,1,0.0004405975341796875,0.0
3637,pop53,1,0.0004227161407470703,0.0
3637,pop52,1,0.00043511390686035156,0.0
3637,pop54,1,0.0004241466522216797,0.0
3638,pop6,5,0.0005467891693115235,0.00015476907492288088
3638,pop7,3,0.0004375775655110677,2.2223146827881014e-05
3638,pop53,3,0.00043161710103352863,2.1354403245519644e-05
3638,pop47,3,0.0004494984944661458,3.3283856060301343e-06
3638,pop51,3,0.00044473012288411457,1.3091088263773457e-05
3638,pop29,3,0.0005652904510498047,0.00019341934074928988
3639,pop25,2,0.0004150867462158203,5.435943603515625e-05
3639,pop17,1,0.0004513263702392578,0.0
3639,pop50,4,0.0006492733955383301,0.00021364089925018297
3639,pop52,1,0.0003867149353027344,0.0
3639,pop51,3,0.0004439353942871094,1.4340832940886084e-05
3639,pop46,4,0.0004278421401977539,2.3069076666169363e-05
3639,pop45,2,0.0005991458892822266,0.0001308917999267578
3640,pop14,2,0.0003414154052734375,0.0001304149627685547
3640,pop27,3,0.0004871686299641927,6.613335822598589e-05
3640,pop44,1,0.0004086494445800781,0.0
3641,pop21,2,0.000408172607421875,4.57763671875e-05
3641,pop22,2,0.0004532337188720703,5.0067901611328125e-06
3641,pop51,1,0.0004558563232421875,0.0
3641,pop43,2,0.0005103349685668945,9.000301361083984e-05
3641,pop42,1,0.0004215240478515625,0.0
3642,pop21,2,0.0004094839096069336,6.92605972290039e-05
3642,pop22,4,0.0005054473876953125,0.00012078507350199758
3642,pop51,1,0.0004291534423828125,0.0
3642,pop46,1,0.00040912628173828125,0.0
3642,pop45,1,0.0004341602325439453,0.0
3643,pop4,5,0.0005084991455078125,0.0001359656151908509
3643,pop51,1,0.00045752525329589844,0.0
3643,pop50,1,0.00042247772216796875,0.0
3643,pop14,1,0.00041031837463378906,0.0
3643,pop27,1,0.00045609474182128906,0.0
3643,pop44,1,0.00042557716369628906,0.0
3643,pop39,1,0.0004372596740722656,0.0
3644,pop20,5,0.0004275798797607422,0.00015205391196226376
3644,pop46,1,0.0004107952117919922,0.0
3644,pop51,1,0.00044345855712890625,0.0
3645,pop19,2,0.0003464221954345703,0.00011086463928222656
3645,pop51,1,0.00046062469482421875,0.0
3645,pop43,3,0.0004726250966389974,4.818821627688079e-05
3645,pop40,1,0.0004286766052246094,0.0
3646,pop14,2,0.0004265308380126953,3.910064697265625e-05
3646,pop50,1,0.00044083595275878906,0.0
3646,pop51,1,0.00045680999755859375,0.0
3646,pop46,4,0.0004552602767944336,5.641774056062206e-05
3646,pop45,1,0.0004546642303466797,0.0
3647,pop44,2,0.00040519237518310547,5.996227264404297e-05
3647,pop27,4,0.0004899501800537109,0.00011181361121434755
3647,pop14,1,0.0004436969757080078,0.0
3647,pop50,1,0.00044727325439453125,0.0
3647,pop52,1,0.00044155120849609375,0.0
3647,pop12,1,0.0004405975341796875,0.0
3648,pop12,3,0.0004630883534749349,0.0002873533983245769
3648,pop52,2,0.0004229545593261719,2.3365020751953125e-05
3648,pop50,4,0.0005031824111938477,0.00011366897995827225
3649,pop29,2,0.0003619194030761719,0.00011348724365234375
3649,pop51,3,0.00043574968973795575,1.736950211063786e-05
3649,pop46,4,0.0005348920822143555,0.00014351734053788935
3649,pop45,2,0.0005185604095458984,6.961822509765625e-05
3649,pop52,2,0.0004483461380004883,4.410743713378906e-06
3649,pop12,1,0.0007939338684082031,0.0
3649,pop50,2,0.0006328821182250977,0.0002015829086303711
3650,pop57,2,0.00036275386810302734,0.00011217594146728516
3650,pop56,1,0.00039124488830566406,0.0
3650,pop55,2,0.00043773651123046875,1.9788742065429688e-05
3650,pop50,2,0.0005420446395874023,0.00012242794036865234
3650,pop51,1,0.000396728515625,0.0
3651,pop20,3,0.00039116541544596356,8.093747954480556e-05
3651,pop46,2,0.000542759895324707,8.666515350341797e-05
3651,pop51,1,0.0004398822784423828,0.0
3651,pop52,1,0.0004191398620605469,0.0
3651,pop13,1,0.00041413307189941406,0.0
3652,pop45,2,0.00040400028228759766,5.066394805908203e-05
3652,pop46,4,0.0005168318748474121,0.00014957449220540962
3652,pop51,1,0.0004115104675292969,0.0
3652,pop50,1,0.00044655799865722656,0.0
3652,pop17,1,0.00042510032653808594,0.0
3652,pop31,1,0.0003933906555175781,0.0
3653,pop8,2,0.00042819976806640625,3.528594970703125e-05
3653,pop51,1,0.0004439353942871094,0.0
3653,pop19,1,0.0004966259002685547,0.0
3653,pop18,3,0.00047898292541503906,6.346145464995463e-05
3653,pop38,1,0.0003924369812011719,0.0
3654,pop0,2,0.0003832578659057617,7.927417755126953e-05
3654,pop1,4,0.0006173849105834961,0.00018459430501061225
3654,pop53,3,0.00043733914693196613,2.744772139612747e-05
3654,pop50,4,0.0004284977912902832,1.6143398400225734e-05
3654,pop14,3,0.0004425048828125,1.8070597487328834e-05
3654,pop24,2,0.0005714893341064453,0.00014257431030273438
3655,pop25,2,0.0009878873825073242,0.000498652458190918
3655,pop17,1,0.0004298686981201172,0.0
3655,pop50,3,0.0005480448404947916,0.00017011733206410802
3655,pop51,1,0.0004246234893798828,0.0
3655,pop43,1,0.00044655799865722656,0.0
3655,pop40,1,0.0004017353057861328,0.0
3656,pop12,2,0.00041961669921875,4.291534423828125e-05
3656,pop52,1,0.00041413307189941406,0.0
3656,pop55,4,0.0005165934562683105,0.0001579351123409916
3656,pop56,1,0.00040435791015625,0.0
3656,pop48,1,0.0004401206970214844,0.0
3656,pop49,1,0.00040221214294433594,0.0
3657,pop57,2,0.00035703182220458984,0.00011265277862548828
3657,pop56,1,0.00040793418884277344,0.0
3657,pop55,1,0.00045871734619140625,0.0
3657,pop50,3,0.00044163068135579425,3.0279681016865373e-05
3657,pop32,2,0.0006136894226074219,5.841255187988281e-05
3658,pop25,2,0.0003980398178100586,4.3272972106933594e-05
3658,pop17,1,0.0004591941833496094,0.0
3658,pop50,4,0.0005331635475158691,0.00016272652051386834
3658,pop51,1,0.00043702125549316406,0.0
3658,pop29,1,0.00039005279541015625,0.0
3659,pop12,2,0.00037348270416259766,8.738040924072266e-05
3659,pop52,1,0.0004405975341796875,0.0
3659,pop50,1,0.0004596710205078125,0.0
3659,pop32,3,0.0005808671315511068,0.00011929545996846611
3660,pop45,2,0.00042748451232910156,1.811981201171875e-05
3660,pop44,1,0.00045609474182128906,0.0
3660,pop39,3,0.0004660288492838542,5.095034724519783e-05
3660,pop38,1,0.0004012584686279297,0.0
3661,pop57,2,0.00033783912658691406,0.00010657310485839844
3661,pop56,1,0.0004184246063232422,0.0
3661,pop55,1,0.0004639625549316406,0.0
3661,pop52,3,0.000433047612508138,9.387221692551549e-06
3661,pop12,2,0.0006254911422729492,0.00017154216766357422
3661,pop51,4,0.00043702125549316406,1.2542494237482677e-05
3661,pop46,5,0.0005056381225585938,0.00014667245902157504
3661,pop20,2,0.0005868673324584961,0.00015175342559814453
3661,pop47,2,0.00045418739318847656,1.5974044799804688e-05
3661,pop53,2,0.00042724609375,9.298324584960938e-06
3661,pop1,1,0.0008387565612792969,0.0
3661,pop45,1,0.0005896091461181641,0.0
3661,pop50,2,0.0005743503570556641,0.00014019012451171875
3662,pop33,5,0.00044608116149902344,0.00014870524383019947
3662,pop50,1,0.0004057884216308594,0.0
3662,pop51,1,0.0004324913024902344,0.0
3663,pop4,4,0.0004208087921142578,4.2201435477101677e-05
3663,pop51,1,0.0004572868347167969,0.0
3663,pop50,1,0.0004334449768066406,0.0
3663,pop14,1,0.0004329681396484375,0.0
3663,pop27,2,0.0005186796188354492,6.830692291259766e-05
3663,pop44,1,0.0004341602325439453,0.0
3664,pop25,2,0.00040018558502197266,6.449222564697266e-05
3664,pop17,1,0.0004544258117675781,0.0
3664,pop50,5,0.0004917144775390625,0.00010963092926548915
3664,pop51,4,0.000438690185546875,1.456208687174487e-05
3664,pop9,2,0.0006055831909179688,0.00018262863159179688
3664,pop43,3,0.00045188268025716144,1.178076250148424e-05
3664,pop11,1,0.0007765293121337891,0.0
3664,pop52,2,0.00044476985931396484,7.987022399902344e-06
3664,pop54,1,0.0007519721984863281,0.0
3664,pop16,1,0.0007829666137695312,0.0
3665,pop45,2,0.00041425228118896484,4.780292510986328e-05
3665,pop46,3,0.0005570252736409506,0.0001927914935439335
3665,pop51,1,0.0004131793975830078,0.0
3665,pop8,1,0.00041365623474121094,0.0
3666,pop50,4,0.0005090832710266113,0.00016415377802186124
3666,pop17,1,0.00043654441833496094,0.0
3666,pop31,1,0.0004515647888183594,0.0
3666,pop30,1,0.00041484832763671875,0.0
3666,pop48,1,0.0004124641418457031,0.0
3666,pop49,1,0.0004355907440185547,0.0
3667,pop22,3,0.0004229545593261719,3.96219830661944e-05
3667,pop51,1,0.0005083084106445312,0.0
3667,pop19,1,0.00043654441833496094,0.0
3667,pop18,2,0.0004545450210571289,2.8014183044433594e-05
3667,pop38,2,0.0006389617919921875,7.724761962890625e-05
3668,pop54,2,0.00038039684295654297,6.92605972290039e-05
3668,pop52,1,0.0004622936248779297,0.0
3668,pop50,4,0.0005117654800415039,8.936952760717865e-05
3668,pop32,1,0.00040340423583984375,0.0
3669,pop45,2,0.0003598928451538086,7.450580596923828e-05
3669,pop46,1,0.00045299530029296875,0.0
3669,pop51,1,0.00039887428283691406,0.0
3669,pop43,2,0.00044655799865722656,3.337860107421875e-06
3669,pop42,3,0.0005994637807210287,0.00016531015804720453
3670,pop13,3,0.00043010711669921875,1.975376224097982e-05
3670,pop52,1,0.0004208087921142578,0.0
3670,pop50,1,0.0004487037658691406,0.0
3670,pop14,1,0.0004687309265136719,0.0
3670,pop27,3,0.0004719098409016927,5.3722124811587665e-05
3670,pop44,1,0.00042438507080078125,0.0
3671,pop6,5,0.00045404434204101565,0.0001479852116921591
3671,pop7,1,0.00041794776916503906,0.0
3671,pop53,1,0.00044155120849609375,0.0
3671,pop47,1,0.0004391670227050781,0.0
3671,pop51,1,0.0004143714904785156,0.0
3672,pop12,2,0.0003434419631958008,0.00012958049774169922
3672,pop52,1,0.00047135353088378906,0.0
3672,pop51,3,0.0004967053731282552,0.00012911422106483866
3672,pop47,1,0.0004534721374511719,0.0
3672,pop53,2,0.0005383491516113281,9.846687316894531e-05
3672,pop1,2,0.0005936622619628906,0.00012159347534179688
3672,pop41,1,0.0008170604705810547,0.0
3672,pop40,1,0.0004601478576660156,0.0
3672,pop43,1,0.00045752525329589844,0.0
3672,pop50,4,0.0004849433898925781,8.474346836380568e-05
3672,pop35,1,0.0009610652923583984,0.0
3673,pop50,6,0.00042649110158284503,6.777261002152091e-05
3673,pop52,3,0.00044655799865722656,1.258434602775254e-05
3673,pop12,2,0.0005757808685302734,0.0001628398895263672
3673,pop33,1,0.0007150173187255859,0.0
3673,pop51,3,0.0004342397054036458,2.325148255165068e-05
3673,pop22,1,0.0006632804870605469,0.0
3673,pop46,2,0.0005794763565063477,0.00015985965728759766
3674,pop13,2,0.00038230419158935547,4.5180320739746094e-05
3674,pop52,3,0.0005673567454020182,0.000167380521589982
3674,pop51,5,0.0004360198974609375,9.150305035637652e-06
3674,pop8,2,0.0005336999893188477,0.00012600421905517578
3674,pop43,3,0.0004471143086751302,3.128849615260685e-06
3674,pop40,1,0.0007545948028564453,0.0
3674,pop55,2,0.0007361173629760742,8.356571197509766e-05
3674,pop50,1,0.0004322528839111328,0.0
3675,pop21,2,0.00038433074951171875,7.724761962890625e-05
3675,pop23,1,0.0004477500915527344,0.0
3675,pop16,1,0.0004227161407470703,0.0
3675,pop50,3,0.0005084673563639323,9.829909316561314e-05
3675,pop32,1,0.0003972053527832031,0.0
3676,pop6,5,0.0004398345947265625,0.00012823155712416657
3676,pop7,1,0.00043702125549316406,0.0
3676,pop53,1,0.000438690185546875,0.0
3676,pop42,1,0.00040411949157714844,0.0
3677,pop50,4,0.00048226118087768555,0.00013528856077075837
3677,pop52,1,0.00045299530029296875,0.0
3677,pop13,1,0.0004088878631591797,0.0
3678,pop19,2,0.00037097930908203125,0.0001010894775390625
3678,pop51,5,0.0004477977752685547,2.7803491088690968e-05
3678,pop52,3,0.00042748451232910156,2.0390945568083e-05
3678,pop12,2,0.0005837678909301758,0.00014960765838623047
3678,pop9,1,0.0007803440093994141,0.0
3678,pop43,2,0.0004343986511230469,6.67572021484375e-06
3678,pop40,2,0.0004684925079345703,2.1457672119140625e-06
3678,pop41,1,0.0007283687591552734,0.0
3678,pop46,4,0.0004425048828125,1.5204676402571224e-05
3678,pop20,2,0.0007421970367431641,6.031990051269531e-05
3679,pop14,2,0.0003743171691894531,8.177757263183594e-05
3679,pop50,2,0.0004296302795410156,2.8848648071289062e-05
3679,pop52,1,0.0004315376281738281,0.0
3679,pop13,3,0.0005788803100585938,0.00011253373771051429
3680,pop25,2,0.0003814697265625,9.1552734375e-05
3680,pop17,1,0.00041604042053222656,0.0
3680,pop50,4,0.0004956722259521484,0.0001051335374128397
3680,pop14,1,0.000423431396484375,0.0
3680,pop24,1,0.0004413127899169922,0.0
3681,pop21,2,0.00041294097900390625,4.1484832763671875e-05
3681,pop23,1,0.0003993511199951172,0.0
3681,pop16,1,0.0004439353942871094,0.0
3681,pop50,1,0.00045871734619140625,0.0
3681,pop14,1,0.0004200935363769531,0.0
3681,pop27,4,0.00047653913497924805,6.486987386065448e-05
3681,pop44,1,0.00040411949157714844,0.0
3682,pop44,2,0.0004373788833618164,3.254413604736328e-05
3682,pop27,4,0.0005425810813903809,0.0001796372354952097
3682,pop14,1,0.00045037269592285156,0.0
3682,pop50,1,0.00040602684020996094,0.0
3682,pop17,1,0.0004050731658935547,0.0
3682,pop31,1,0.0004458427429199219,0.0
3682,pop30,1,0.0004475116729736328,0.0
3682,pop48,1,0.0004112720489501953,0.0
3682,pop49,1,0.0004429817199707031,0.0
3683,pop29,4,0.0004495978355407715,0.00021362786142584134
3684,pop20,2,0.0004056692123413086,7.593631744384766e-05
3684,pop46,1,0.0004355907440185547,0.0
3684,pop45,1,0.0004324913024902344,0.0
3684,pop44,2,0.0006679296493530273,0.00021064281463623047
3684,pop27,3,0.0004793802897135417,7.682119745226538e-05
3685,pop54,2,0.0003927946090698242,8.356571197509766e-05
3685,pop52,1,0.0004532337188720703,0.0
3685,pop53,1,0.00042939186096191406,0.0
3685,pop1,3,0.0004486242930094401,1.4531585774872363e-05
3685,pop15,2,0.0006848573684692383,0.00012242794036865234
3686,pop45,2,0.00041365623474121094,5.91278076171875e-05
3686,pop46,2,0.00045013427734375,2.0742416381835938e-05
3686,pop51,1,0.0004220008850097656,0.0
3686,pop47,1,0.0004546642303466797,0.0
3686,pop53,1,0.0004305839538574219,0.0
3686,pop1,2,0.0004507303237915039,1.9669532775878906e-05
3686,pop15,2,0.0006647109985351562,0.0001423358917236328
3687,pop19,2,0.0003789663314819336,9.119510650634766e-05
3687,pop51,3,0.0004439353942871094,1.6659755895301665e-05
3687,pop52,5,0.00043654441833496094,1.9359236277112776e-05
3687,pop12,2,0.0005230903625488281,0.0001068115234375
3687,pop55,2,0.0005457401275634766,0.0001266002655029297
3687,pop34,1,0.0008637905120849609,0.0
3687,pop4,2,0.0004426240921020508,2.4199485778808594e-05
3687,pop5,2,0.0007770061492919922,6.198883056640625e-06
3688,pop8,2,0.00037932395935058594,8.916854858398438e-05
3688,pop51,1,0.0004439353942871094,0.0
3688,pop52,3,0.00044926007588704425,1.0132711696948513e-05
3688,pop13,3,0.0005131562550862631,0.00012005511200368495
3688,pop50,2,0.00043702125549316406,2.86102294921875e-06
3688,pop35,1,0.0008456707000732422,0.0
3688,pop17,1,0.0004267692565917969,0.0
3688,pop31,2,0.0004655122756958008,1.3113021850585938e-06
3688,pop30,1,0.00046515464782714844,0.0
3688,pop48,2,0.0007252693176269531,3.886222839355469e-05
3688,pop56,1,0.00042510032653808594,0.0
3688,pop55,1,0.0004458427429199219,0.0
3689,pop0,5,0.0004932880401611328,0.00015259183938162228
3689,pop1,1,0.0004477500915527344,0.0
3689,pop53,1,0.000446319580078125,0.0
3689,pop42,1,0.0004420280456542969,0.0
3689,pop43,1,0.0004451274871826172,0.0
3689,pop40,1,0.0004165172576904297,0.0
3690,pop25,2,0.00042366981506347656,4.8160552978515625e-05
3690,pop17,1,0.0004191398620605469,0.0
3690,pop50,3,0.0005495548248291016,0.0001659643357171379
3690,pop51,1,0.0004124641418457031,0.0
3690,pop46,1,0.00045990943908691406,0.0
3690,pop45,1,0.00043010711669921875,0.0
3691,pop44,2,0.0004159212112426758,3.2782554626464844e-05
3691,pop27,3,0.0005622704823811849,0.00017724721275206386
3691,pop14,1,0.0004508495330810547,0.0
3691,pop50,1,0.00046515464782714844,0.0
3691,pop51,1,0.0004477500915527344,0.0
3691,pop29,1,0.00042700767517089844,0.0
3692,pop29,5,0.00041751861572265626,0.0001438462413691875
3692,pop51,1,0.0004298686981201172,0.0
3692,pop9,1,0.0004055500030517578,0.0
3693,pop8,2,0.00038301944732666016,6.318092346191406e-06
3693,pop51,3,0.00044473012288411457,1.4922709249828929e-05
3693,pop29,2,0.0005829334259033203,0.0001277923583984375
3693,pop22,1,0.00044798851013183594,0.0
3693,pop21,1,0.0007252693176269531,0.0
3693,pop23,1,0.00043892860412597656,0.0
3693,pop16,1,0.0004601478576660156,0.0
3693,pop50,3,0.000610510508219401,0.00021973798757632927
3693,pop55,2,0.0004265308380126953,1.1444091796875e-05
3693,pop56,2,0.00044274330139160156,6.9141387939453125e-06
3693,pop2,2,0.0007996559143066406,1.9073486328125e-05
3693,pop53,1,0.0004425048828125,0.0
3693,pop47,1,0.00042247772216796875,0.0
3694,pop0,5,0.0004783153533935547,0.0001635146438454045
3694,pop1,1,0.00041985511779785156,0.0
3694,pop53,1,0.00044226646423339844,0.0
3694,pop47,1,0.00044608116149902344,0.0
3694,pop51,1,0.00041556358337402344,0.0
3694,pop8,1,0.0004520416259765625,0.0
3695,pop44,2,0.00027573108673095703,0.0001176595687866211
3695,pop27,4,0.0004951357841491699,8.195053426481685e-05
3695,pop14,1,0.0004017353057861328,0.0
3695,pop24,1,0.0004534721374511719,0.0
3696,pop57,2,0.0004687309265136719,4.506111145019531e-05
3696,pop56,1,0.0004315376281738281,0.0
3696,pop55,1,0.0004699230194091797,0.0
3696,pop50,3,0.0005432764689127604,0.0001510875840275506
3696,pop51,1,0.0004286766052246094,0.0
3696,pop43,1,0.0004138946533203125,0.0
3696,pop40,1,0.00043702125549316406,0.0
3697,pop50,3,0.0004285176595052083,2.9971490325339512e-05
3697,pop14,1,0.0004680156707763672,0.0
3697,pop27,3,0.000533898671468099,0.00013772593848671735
3697,pop44,1,0.00045561790466308594,0.0
3697,pop39,1,0.0004298686981201172,0.0
3697,pop38,1,0.0004401206970214844,0.0
3698,pop25,2,0.00040519237518310547,4.9233436584472656e-05
3698,pop17,1,0.000461578369140625,0.0
3698,pop50,4,0.0005276203155517578,0.0001364296025262055
3698,pop51,1,0.0004546642303466797,0.0
3698,pop43,1,0.00045299530029296875,0.0
3698,pop40,1,0.0004062652587890625,0.0
3699,pop33,4,0.0004943609237670898,0.00014076174153422407
3699,pop50,1,0.00041675567626953125,0.0
3699,pop14,1,0.0004508495330810547,0.0
3699,pop27,1,0.0004398822784423828,0.0
3699,pop44,1,0.00040221214294433594,0.0
3700,pop4,5,0.0004467487335205078,0.00014773923477981517
3700,pop51,1,0.0004324913024902344,0.0
3700,pop52,1,0.0004177093505859375,0.0
3700,pop13,1,0.00044608116149902344,0.0
3701,pop14,2,0.0003241300582885742,0.0001138448715209961
3701,pop50,4,0.0004857778549194336,0.00011037190211579167
3701,pop51,1,0.00041556358337402344,0.0
3702,pop21,2,0.0004163980484008789,2.2530555725097656e-05
3702,pop22,1,0.00045752525329589844,0.0
3702,pop51,1,0.0004451274871826172,0.0
3702,pop19,1,0.0004248619079589844,0.0
3702,pop18,3,0.0004909038543701172,6.737339511788732e-05
3702,pop38,1,0.0004012584686279297,0.0
3703,pop8,2,0.0003789663314819336,0.0001035928726196289
3703,pop51,1,0.00047326087951660156,0.0
3703,pop52,3,0.00043002764383951825,1.4061082556785884e-05
3703,pop34,2,0.0005567073822021484,0.0001537799835205078
3703,pop53,2,0.00044286251068115234,6.556510925292969e-06
3703,pop3,4,0.0005396008491516113,9.755783746927545e-05
3704,pop22,3,0.0003763834635416667,9.466735527019478e-05
3704,pop51,1,0.0004181861877441406,0.0
3704,pop46,3,0.0004951159159342448,7.713405020859036e-05
3704,pop45,1,0.0004570484161376953,0.0
3705,pop20,4,0.00039821863174438477,7.96597067484464e-05
3705,pop46,2,0.0005652904510498047,0.00014901161193847656
3705,pop51,1,0.00044846534729003906,0.0
3705,pop52,1,0.00045180320739746094,0.0
3705,pop12,1,0.0003974437713623047,0.0
3706,pop54,2,0.0003960132598876953,5.245208740234375e-05
3706,pop52,1,0.00047516822814941406,0.0
3706,pop51,3,0.0004342397054036458,2.499974148744653e-05
3706,pop46,3,0.0004188219706217448,1.035650594819101e-05
3706,pop45,2,0.0006444454193115234,0.00021219253540039062
3706,pop47,2,0.0004156827926635742,3.2186508178710938e-06
3706,pop53,2,0.00041997432708740234,2.2649765014648438e-06
3706,pop1,4,0.00043267011642456055,2.172840706286306e-05
3706,pop0,2,0.0007536411285400391,8.869171142578125e-05
3707,pop25,2,0.00038170814514160156,7.557868957519531e-05
3707,pop17,1,0.00045680999755859375,0.0
3707,pop50,4,0.000507652759552002,0.00013463847533821773
3707,pop53,1,0.0004520416259765625,0.0
3707,pop1,1,0.0004482269287109375,0.0
3707,pop0,1,0.0004165172576904297,0.0
3708,pop4,2,0.0002961158752441406,0.00014066696166992188
3708,pop51,3,0.0004325707753499349,6.193786547469684e-06
3708,pop9,2,0.000597834587097168,0.00021016597747802734
3708,pop50,5,0.0004896163940429687,0.00012083269988954622
3708,pop14,2,0.00046944618225097656,8.58306884765625e-06
3708,pop24,1,0.0007917881011962891,0.0
3709,pop14,2,0.00040400028228759766,3.8504600524902344e-05
3709,pop50,1,0.00042557716369628906,0.0
3709,pop17,1,0.00045943260192871094,0.0
3709,pop31,2,0.00043451786041259766,2.276897430419922e-05
3709,pop30,1,0.00045609474182128906,0.0
3709,pop48,3,0.0004830360412597656,6.901576150152312e-05
3709,pop49,1,0.00041937828063964844,0.0
3710,pop21,2,0.0003603696823120117,7.808208465576172e-05
3710,pop22,1,0.00047087669372558594,0.0
3710,pop51,1,0.00041866302490234375,0.0
3710,pop43,3,0.0004550615946451823,4.864102601400806e-06
3710,pop42,2,0.0006532669067382812,9.34600830078125e-05
3711,pop8,2,0.0003904104232788086,5.3763389587402344e-05
3711,pop51,1,0.0004630088806152344,0.0
3711,pop50,4,0.0005235671997070312,0.00014465515575295737
3711,pop14,1,0.000446319580078125,0.0
3711,pop27,1,0.000396728515625,0.0
3711,pop44,1,0.0004360675811767578,0.0
3712,pop29,5,0.0004947662353515625,0.00015246896281451264
3712,pop51,1,0.00045228004455566406,0.0
3712,pop47,1,0.0004096031188964844,0.0
3712,pop53,1,0.0004410743713378906,0.0
3712,pop1,1,0.00041794776916503906,0.0
3712,pop0,1,0.0004036426544189453,0.0
3713,pop33,4,0.00044471025466918945,0.00015688570922726714
3713,pop50,1,0.0004215240478515625,0.0
3713,pop17,1,0.0004112720489501953,0.0
3713,pop31,1,0.0004143714904785156,0.0
3714,pop25,2,0.00036263465881347656,8.320808410644531e-05
3714,pop17,1,0.00047016143798828125,0.0
3714,pop50,5,0.00044507980346679686,1.7016072791817432e-05
3714,pop14,3,0.0004540284474690755,3.6747067838341054e-06
3714,pop24,2,0.0005713701248168945,0.0001577138900756836
3714,pop53,2,0.00046062469482421875,5.4836273193359375e-06
3714,pop1,2,0.00044858455657958984,9.655952453613281e-06
3714,pop0,1,0.0008482933044433594,0.0
3714,pop47,1,0.00045490264892578125,0.0
3714,pop51,2,0.00043189525604248047,2.0384788513183594e-05
3714,pop46,2,0.00042617321014404297,1.0848045349121094e-05
3714,pop20,2,0.0007717609405517578,1.5735626220703125e-05
3715,pop12,2,0.0004241466522216797,2.8848648071289062e-05
3715,pop52,2,0.00045478343963623047,1.1086463928222656e-05
3715,pop51,3,0.00043265024820963543,4.293005891186239e-06
3715,pop8,2,0.0005764961242675781,0.00016999244689941406
3715,pop55,3,0.0007090568542480469,0.0001783155276944356
3715,pop50,1,0.00044727325439453125,0.0
3716,pop13,4,0.0004950165748596191,0.00014906847584068432
3716,pop52,1,0.0004401206970214844,0.0
3716,pop51,1,0.0004124641418457031,0.0
3716,pop46,1,0.0004470348358154297,0.0
3716,pop45,1,0.00043892860412597656,0.0
3717,pop44,2,0.0003848075866699219,6.985664367675781e-05
3717,pop27,4,0.0004966259002685547,0.0001023617065943281
3717,pop14,1,0.0004184246063232422,0.0
3717,pop50,1,0.00044035911560058594,0.0
3717,pop52,1,0.0004239082336425781,0.0
3717,pop12,1,0.0004305839538574219,0.0
3718,pop22,3,0.00041166941324869793,2.3949960830635707e-05
3718,pop51,1,0.00042724609375,0.0
3718,pop19,1,0.00047278404235839844,0.0
3718,pop18,3,0.00047715504964192707,7.61309345888328e-05
3718,pop38,1,0.0004048347473144531,0.0
3719,pop20,5,0.0004893302917480469,0.0001556712736695351
3719,pop46,1,0.00042510032653808594,0.0
3719,pop51,1,0.00043082237243652344,0.0
3719,pop8,1,0.0004100799560546875,0.0
3720,pop14,2,0.00032722949981689453,0.00012981891632080078
3720,pop27,4,0.00046813488006591797,5.8062022282411296e-05
3720,pop44,1,0.0004487037658691406,0.0
3721,pop8,2,0.0005125999450683594,0.0001385211944580078
3722,pop25,2,0.0003885030746459961,8.094310760498047e-05
3722,pop17,1,0.0004570484161376953,0.0
3722,pop50,1,0.00043010711669921875,0.0
3722,pop53,1,0.0004677772521972656,0.0
3722,pop1,3,0.0004914601643880209,7.648997488005181e-05
3722,pop15,1,0.0004074573516845703,0.0
3723,pop6,5,0.00044312477111816404,0.00014016138158406364
3723,pop7,1,0.0004069805145263672,0.0
3723,pop53,1,0.0004169940948486328,0.0
3723,pop42,1,0.0004451274871826172,0.0
3724,pop50,5,0.00042934417724609374,3.0096471650514473e-05
3724,pop51,3,0.00043328603108723957,3.579791427819383e-05
3724,pop8,2,0.0005965232849121094,0.00016927719116210938
3724,pop17,2,0.00043213367462158203,1.704692840576172e-05
3724,pop31,2,0.0004469156265258789,8.344650268554688e-07
3724,pop30,2,0.00043702125549316406,5.245208740234375e-06
3724,pop48,3,0.00042780240376790363,2.12235690430215e-05
3724,pop49,2,0.000788569450378418,6.520748138427734e-05
3725,pop22,5,0.0004931449890136719,0.00014045000317104437
3725,pop51,1,0.0004425048828125,0.0
3725,pop50,1,0.0004470348358154297,0.0
3725,pop14,1,0.0004661083221435547,0.0
3725,pop24,1,0.0004062652587890625,0.0
3726,pop12,2,0.00044226646423339844,4.076957702636719e-05
3726,pop52,1,0.0004279613494873047,0.0
3726,pop50,1,0.0004551410675048828,0.0
3726,pop14,1,0.0004489421844482422,0.0
3726,pop27,3,0.0005542437235514323,0.00015008966634635036
3726,pop44,1,0.0004107952117919922,0.0
3726,pop39,1,0.0004296302795410156,0.0
3726,pop38,1,0.0004425048828125,0.0
3727,pop45,2,0.00044214725494384766,4.017353057861328e-05
3727,pop46,1,0.00040459632873535156,0.0
3727,pop51,1,0.000453948974609375,0.0
3727,pop47,1,0.0004360675811767578,0.0
3727,pop53,1,0.0004286766052246094,0.0
3727,pop1,1,0.00046944618225097656,0.0
3727,pop15,4,0.0005539655685424805,0.00015296577251119932
3728,pop19,2,0.0003839731216430664,9.548664093017578e-05
3728,pop51,1,0.0004012584686279297,0.0
3728,pop52,3,0.0004429817199707031,1.3449005867166952e-05
3728,pop34,2,0.0005707740783691406,0.0001633167266845703
3728,pop50,4,0.0004996657371520996,0.00011865335713482097
3729,pop54,2,0.0003083944320678711,0.00014221668243408203
3729,pop52,3,0.0004380544026692708,1.717533347990302e-05
3729,pop34,2,0.0005562305450439453,0.00014591217041015625
3729,pop55,3,0.000514825185139974,0.00012608328490698015
3730,pop21,2,0.0003981590270996094,6.842613220214844e-05
3730,pop23,1,0.00041103363037109375,0.0
3730,pop16,1,0.00044989585876464844,0.0
3730,pop50,3,0.0004322528839111328,2.2020723387192943e-05
3730,pop17,1,0.000461578369140625,0.0
3730,pop31,2,0.0006611347198486328,0.00011563301086425781
3731,pop50,4,0.00048083066940307617,0.00016466418260519506
3731,pop52,1,0.0004317760467529297,0.0
3731,pop12,1,0.00042438507080078125,0.0
3732,pop12,2,0.0004311800003051758,4.661083221435547e-05
3732,pop52,1,0.0004324913024902344,0.0
3732,pop50,4,0.0005314350128173828,0.000164797519209712
3732,pop14,1,0.00041484832763671875,0.0
3732,pop27,1,0.0004343986511230469,0.0
3732,pop44,1,0.0004138946533203125,0.0
3732,pop39,1,0.0004360675811767578,0.0
3733,pop29,3,0.00038393338521321613,7.788672732048951e-05
3733,pop51,3,0.000444332758585612,1.822962584726142e-05
3733,pop52,3,0.00044274330139160156,2.2457798372629107e-05
3733,pop54,2,0.0006024837493896484,0.00017213821411132812
3733,pop43,3,0.0006110668182373047,0.00010236073478115179
3734,pop21,2,0.00037920475006103516,9.047985076904297e-05
3734,pop22,4,0.0004976987838745117,0.00012733767572087416
3734,pop51,1,0.0004475116729736328,0.0
3734,pop52,1,0.0004177093505859375,0.0
3734,pop13,1,0.00043129920959472656,0.0
3735,pop12,2,0.00032341480255126953,0.00016820430755615234
3735,pop52,1,0.00043582916259765625,0.0
3735,pop13,4,0.0005179047584533691,8.598905348023464e-05
3736,pop0,3,0.00040912628173828125,8.598309690078199e-05
3736,pop1,1,0.00045752525329589844,0.0
3736,pop53,1,0.0004425048828125,0.0
3736,pop47,1,0.0004611015319824219,0.0
3736,pop51,3,0.0004550615946451823,1.726116849829813e-05
3736,pop9,2,0.0005537271499633789,0.00013840198516845703
3736,pop50,2,0.0005716085433959961,0.00016248226165771484
3737,pop20,3,0.0004192193349202474,4.493640337042594e-05
3737,pop46,1,0.0004584789276123047,0.0
3737,pop51,1,0.00045418739318847656,0.0
3737,pop47,1,0.0004494190216064453,0.0
3737,pop53,3,0.0004558563232421875,1.147550668572875e-05
3737,pop1,3,0.0004456043243408203,1.2822989626371482e-05
3737,pop0,2,0.0005754232406616211,0.00016129016876220703
3737,pop42,3,0.0005484422047932943,0.00012369801903041255
3738,pop25,2,0.00037848949432373047,9.09566879272461e-05
3738,pop17,1,0.0004456043243408203,0.0
3738,pop50,1,0.000461578369140625,0.0
3738,pop52,1,0.00042629241943359375,0.0
3738,pop13,3,0.0005939006805419922,0.0001362713225250888
3739,pop54,2,0.0009635686874389648,0.0004898309707641602
3739,pop52,1,0.00042557716369628906,0.0
3739,pop53,3,0.0004509290059407552,1.3717301057428625e-05
3739,pop1,3,0.0004514058430989583,1.58224855359029e-05
3739,pop0,3,0.0005271434783935547,0.00012003154102182049
3739,pop50,2,0.00042688846588134766,3.325939178466797e-05
3739,pop14,2,0.00043070316314697266,2.5153160095214844e-05
3739,pop27,2,0.000784754753112793,2.276897430419922e-05
3740,pop57,2,0.00037157535552978516,7.30752944946289e-05
3740,pop56,1,0.0004215240478515625,0.0
3740,pop55,2,0.0004285573959350586,6.079673767089844e-06
3740,pop50,2,0.0005862712860107422,0.00013136863708496094
3740,pop51,1,0.0004551410675048828,0.0
3740,pop9,1,0.0004363059997558594,0.0
3741,pop0,4,0.0004723072052001953,0.00012943603908696137
3741,pop1,1,0.00038504600524902344,0.0
3741,pop53,1,0.00044727325439453125,0.0
3741,pop50,1,0.00044083595275878906,0.0
3741,pop32,1,0.0004050731658935547,0.0
3742,pop20,2,0.0003522634506225586,8.26120376586914e-05
3742,pop46,1,0.00041985511779785156,0.0
3742,pop51,3,0.0004444122314453125,2.9070124877567104e-06
3742,pop52,3,0.0004360675811767578,1.116925944694574e-05
3742,pop13,2,0.0006009340286254883,0.00019180774688720703
3742,pop55,2,0.0004366636276245117,1.4901161193847656e-05
3742,pop56,1,0.0004458427429199219,0.0
3742,pop48,1,0.0007061958312988281,0.0
3742,pop30,1,0.0004105567932128906,0.0
3742,pop31,2,0.00045311450958251953,1.4901161193847656e-05
3742,pop17,1,0.0004177093505859375,0.0
3742,pop50,2,0.00044143199920654297,9.179115295410156e-06
3742,pop14,1,0.0007812976837158203,0.0
3742,pop10,2,0.000812530517578125,8.440017700195312e-05
3743,pop25,2,0.0003063678741455078,0.00014066696166992188
3743,pop17,3,0.0004371802012125651,2.0126570365389525e-05
3743,pop31,4,0.0005115270614624023,0.0001318906819510419
3743,pop50,3,0.0005160172780354818,0.00012998898314851284
3743,pop52,3,0.00045291582743326825,1.4391391683470661e-05
3743,pop34,1,0.0006296634674072266,0.0
3743,pop12,1,0.0006074905395507812,0.0
3743,pop53,2,0.0004417896270751953,1.5497207641601562e-05
3743,pop47,1,0.0006611347198486328,0.0
3744,pop54,2,0.0003719329833984375,7.796287536621094e-05
3744,pop52,1,0.00042057037353515625,0.0
3744,pop50,3,0.0005335807800292969,0.0001084248082177414
3744,pop32,1,0.0004093647003173828,0.0
3745,pop4,5,0.0004665374755859375,0.00012924305029803757
3745,pop51,1,0.00044035911560058594,0.0
3745,pop52,1,0.00041413307189941406,0.0
3745,pop12,1,0.00044345855712890625,0.0
3746,pop50,6,0.00041294097900390625,5.898744191024109e-05
3746,pop52,3,0.00044997533162434894,1.539887917173114e-05
3746,pop12,2,0.0005956888198852539,0.00019633769989013672
3746,pop14,2,0.00043189525604248047,2.968311309814453e-05
3746,pop27,2,0.000713348388671875,1.6689300537109375e-05
3747,pop25,2,0.0004191398620605469,4.076957702636719e-05
3747,pop17,1,0.0004591941833496094,0.0
3747,pop50,2,0.0004100799560546875,5.7220458984375e-06
3747,pop14,1,0.0004761219024658203,0.0
3747,pop27,3,0.0005238850911458334,0.0001374030815381296
3747,pop44,1,0.00045800209045410156,0.0
3747,pop39,1,0.00041294097900390625,0.0
3747,pop38,1,0.0004487037658691406,0.0
3748,pop33,2,0.0003610849380493164,7.37905502319336e-05
3748,pop50,4,0.0004407167434692383,1.656151281912718e-05
3748,pop52,3,0.0004246234893798828,1.3763726503268879e-05
3748,pop34,2,0.0006147623062133789,0.00018846988677978516
3748,pop17,2,0.0004639625549316406,7.62939453125e-06
3748,pop25,1,0.0006964206695556641,0.0
3748,pop53,2,0.0004899501800537109,4.458427429199219e-05
3748,pop42,3,0.000648339589436849,0.000136054564826828
3749,pop29,3,0.0004302660624186198,3.5084724874158105e-05
3749,pop51,1,0.00044035911560058594,0.0
3749,pop19,1,0.00045871734619140625,0.0
3749,pop18,2,0.0004934072494506836,8.594989776611328e-05
3749,pop38,1,0.00036525726318359375,0.0
3750,pop12,2,0.0003870725631713867,5.0902366638183594e-05
3750,pop52,3,0.0004581610361735026,7.520165279505166e-06
3750,pop51,3,0.00044194857279459637,1.5049146574218655e-05
3750,pop46,5,0.0004410266876220703,1.1176110900844939e-05
3750,pop45,2,0.0006270408630371094,0.00017118453979492188
3750,pop37,1,0.0009512901306152344,0.0
3750,pop50,2,0.0006026029586791992,0.00014221668243408203
3751,pop13,4,0.0004404783248901367,0.00015709129515849293
3751,pop52,1,0.0004494190216064453,0.0
3751,pop51,1,0.0004112720489501953,0.0
3752,pop44,2,0.0003553628921508789,0.0001176595687866211
3752,pop27,4,0.0005022883415222168,7.906953221668804e-05
3752,pop14,1,0.00041556358337402344,0.0
3752,pop50,1,0.00044035911560058594,0.0
3752,pop32,1,0.0004074573516845703,0.0
3753,pop14,2,0.0003833770751953125,7.176399230957031e-05
3753,pop50,1,0.0004525184631347656,0.0
3753,pop53,1,0.00042724609375,0.0
3753,pop1,4,0.00047522783279418945,5.9881609920897484e-05
3753,pop0,1,0.0003972053527832031,0.0
3754,pop8,2,0.00041663646697998047,4.0411949157714844e-05
3754,pop51,1,0.0004811286926269531,0.0
3754,pop50,4,0.0005227923393249512,0.00017040094384575656
3754,pop17,1,0.0004239082336425781,0.0
3754,pop31,1,0.00044035911560058594,0.0
3754,pop30,1,0.00038361549377441406,0.0
3754,pop48,1,0.00041747093200683594,0.0
3754,pop49,1,0.00040459632873535156,0.0
3755,pop4,3,0.000352938969930013,0.0001351377500779126
3755,pop51,3,0.00044083595275878906,3.888489348959944e-06
3755,pop9,2,0.0005729198455810547,0.00016069412231445312
3755,pop52,2,0.00044596195220947266,4.410743713378906e-06
3755,pop12,1,0.0007839202880859375,0.0
3755,pop53,2,0.0004284381866455078,6.198883056640625e-06
3755,pop1,3,0.000471194585164388,2.686511815235977e-05
3755,pop0,1,0.0007300376892089844,0.0
3755,pop42,2,0.0005830526351928711,0.00016510486602783203
3755,pop43,1,0.0004432201385498047,0.0
3756,pop6,5,0.000502920150756836,0.00016817868785821586
3756,pop7,1,0.0004515647888183594,0.0
3756,pop53,1,0.0004067420959472656,0.0
3756,pop50,1,0.0004477500915527344,0.0
3756,pop17,1,0.00044536590576171875,0.0
3756,pop31,1,0.0004220008850097656,0.0
3756,pop30,1,0.00044727325439453125,0.0
3756,pop48,1,0.0004601478576660156,0.0
3756,pop49,1,0.0004067420959472656,0.0
3757,pop22,2,0.0003472566604614258,9.572505950927734e-05
3757,pop51,1,0.00045943260192871094,0.0
3757,pop52,5,0.00043926239013671877,1.6055044095329494e-05
3757,pop34,3,0.0006398359934488932,0.00016215762725155518
3757,pop50,3,0.0004456837972005208,1.7508576240828626e-05
3757,pop17,2,0.0004419088363647461,2.0384788513183594e-05
3757,pop31,1,0.0007498264312744141,0.0
3757,pop55,2,0.00042998790740966797,9.417533874511719e-06
3757,pop56,2,0.0004419088363647461,8.344650268554688e-07
3757,pop2,3,0.0005957285563151041,0.00010030979853675987
3758,pop20,3,0.00042756398518880207,4.876862898031519e-05
3758,pop46,1,0.0004184246063232422,0.0
3758,pop51,1,0.0004563331604003906,0.0
3758,pop50,3,0.0005071163177490234,0.00012542902116842065
3758,pop17,3,0.00046698252360026043,3.311263188679959e-06
3758,pop31,3,0.0005063215891520182,0.00011446845420939468
3759,pop54,2,0.00042247772216796875,3.6716461181640625e-05
3759,pop52,1,0.0004565715789794922,0.0
3759,pop55,1,0.00042819976806640625,0.0
3759,pop56,1,0.00046825408935546875,0.0
3759,pop48,4,0.0004838705062866211,5.620525216227804e-05
3759,pop49,1,0.0004410743713378906,0.0
3760,pop33,5,0.0006865024566650391,0.00034794456845587855
3760,pop50,1,0.00041413307189941406,0.0
3760,pop52,1,0.00044727325439453125,0.0
3760,pop12,1,0.0004050731658935547,0.0
3761,pop12,2,0.0003819465637207031,7.05718994140625e-05
3761,pop52,1,0.00044727325439453125,0.0
3761,pop50,4,0.0004833340644836426,8.900670019523001e-05
3761,pop17,1,0.0004742145538330078,0.0
3761,pop31,1,0.00043845176696777344,0.0
3762,pop44,2,0.0003323554992675781,0.00012254714965820312
3762,pop45,1,0.0006763935089111328,0.0
3762,pop46,4,0.0005099177360534668,0.00010686411358545795
3762,pop51,3,0.0004352728525797526,1.9283266902827698e-05
3762,pop52,3,0.0005269845326741537,8.034631437614269e-05
3762,pop53,3,0.0005169709523518881,8.156385970783406e-05
3762,pop50,3,0.0004413922627766927,1.570951498143442e-05
3762,pop35,1,0.0007066726684570312,0.0
3762,pop1,1,0.0007865428924560547,0.0
3762,pop47,1,0.00040459632873535156,0.0
3762,pop12,1,0.0007610321044921875,0.0
3762,pop55,2,0.0006182193756103516,0.0001544952392578125
3763,pop4,2,0.0004215240478515625,5.269050598144531e-05
3763,pop51,1,0.00044846534729003906,0.0
3763,pop50,2,0.00042951107025146484,2.1576881408691406e-05
3763,pop17,1,0.0004591941833496094,0.0
3763,pop31,1,0.0004260540008544922,0.0
3763,pop30,1,0.0004515647888183594,0.0
3763,pop48,3,0.00048287709554036457,5.962763448919199e-05
3763,pop49,1,0.00040340423583984375,0.0
3764,pop14,2,0.00039076805114746094,6.628036499023438e-05
3764,pop50,1,0.00045371055603027344,0.0
3764,pop52,3,0.0004641215006510417,3.8452382860696966e-05
3764,pop34,2,0.0006368160247802734,0.00019860267639160156
3764,pop55,3,0.0004343986511230469,2.0130021988373818e-05
3764,pop56,2,0.00044286251068115234,1.2516975402832031e-05
3764,pop48,2,0.0005507469177246094,7.581710815429688e-05
3765,pop20,5,0.0004776954650878906,0.00014077074457356084
3765,pop46,1,0.00040459632873535156,0.0
3765,pop51,1,0.00043201446533203125,0.0
3765,pop50,1,0.0004665851593017578,0.0
3765,pop32,1,0.0004100799560546875,0.0
3766,pop54,2,0.00037169456481933594,0.00010371208190917969
3766,pop52,1,0.00044989585876464844,0.0
3766,pop51,3,0.0004374980926513672,2.273201647582807e-05
3766,pop9,2,0.0005807876586914062,0.0001442432403564453
3766,pop43,3,0.0005056858062744141,9.199950693970683e-05
3767,pop45,2,0.00038373470306396484,9.40561294555664e-05
3767,pop46,1,0.0004229545593261719,0.0
3767,pop51,1,0.0004525184631347656,0.0
3767,pop43,1,0.0004658699035644531,0.0
3767,pop42,4,0.0005306005477905273,0.00010349639025520207
3768,pop19,2,0.00042629241943359375,4.3392181396484375e-05
3768,pop18,4,0.00047087669372558594,7.533140522664911e-05
3768,pop38,1,0.0004024505615234375,0.0
3768,pop39,1,0.00046944618225097656,0.0
3769,pop50,2,0.0004184246063232422,3.8623809814453125e-05
3769,pop51,4,0.0004273653030395508,1.1185999095626355e-05
3769,pop8,2,0.0006548166275024414,0.0002104043960571289
3769,pop29,1,0.0007791519165039062,0.0
3769,pop22,3,0.0005709330240885416,0.00017743579172356484
3770,pop12,3,0.0004038810729980469,0.00021460250417021246
3770,pop52,2,0.00041425228118896484,1.2278556823730469e-05
3770,pop55,1,0.00067901611328125,0.0
3770,pop50,2,0.00045692920684814453,2.9802322387695312e-06
3770,pop32,3,0.000606536865234375,0.00011540690663734334
3771,pop20,2,0.0003587007522583008,9.47713851928711e-05
3771,pop46,1,0.0004229545593261719,0.0
3771,pop51,1,0.00045013427734375,0.0
3771,pop52,3,0.00044075647989908856,2.1926157278077667e-05
3771,pop12,2,0.0005533695220947266,0.00011467933654785156
3771,pop55,3,0.00044981638590494793,6.427973986908974e-06
3771,pop56,1,0.0006866455078125,0.0
3771,pop50,3,0.0005296071370442709,0.0001444473390206417
3772,pop21,2,0.0003854036331176758,6.878376007080078e-05
3772,pop22,2,0.00044798851013183594,1.8835067749023438e-05
3772,pop51,1,0.0004360675811767578,0.0
3772,pop43,3,0.0004917780558268229,7.162414046409953e-05
3772,pop42,1,0.0004127025604248047,0.0
3773,pop14,2,0.00043272972106933594,3.3855438232421875e-05
3773,pop50,3,0.0005466143290201823,0.00015903196379202296
3773,pop51,1,0.0004482269287109375,0.0
3773,pop46,1,0.0004096031188964844,0.0
3773,pop45,1,0.0003998279571533203,0.0
3774,pop50,4,0.0005341172218322754,0.00018814242709408433
3774,pop51,1,0.00040030479431152344,0.0
3774,pop8,1,0.0004229545593261719,0.0
3775,pop13,2,0.00041174888610839844,5.6743621826171875e-05
3775,pop52,1,0.0004189014434814453,0.0
3775,pop50,4,0.00044339895248413086,6.10504047523815e-06
3775,pop17,3,0.00044806798299153644,1.675539703552565e-05
3775,pop31,2,0.0005270242691040039,7.975101470947266e-05
3775,pop53,2,0.0006078481674194336,0.00016677379608154297
3775,pop42,3,0.0005420049031575521,0.00013758843125454172
3776,pop8,2,0.00038421154022216797,0.0002535581588745117
3776,pop51,4,0.00043958425521850586,1.7327942652370026e-05
3776,pop4,2,0.0005723237991333008,0.0001462697982788086
3776,pop43,3,0.000453948974609375,6.9182482378706496e-06
3776,pop40,1,0.000812530517578125,0.0
3776,pop52,1,0.000469207763671875,0.0
3776,pop55,2,0.00042819976806640625,1.621246337890625e-05
3776,pop56,2,0.0004559755325317383,5.960464477539062e-07
3776,pop2,2,0.0007942914962768555,1.0132789611816406e-05
3776,pop50,1,0.00045490264892578125,0.0
3777,pop12,2,0.00041353702545166016,4.756450653076172e-05
3777,pop52,1,0.00042319297790527344,0.0
3777,pop55,2,0.0004451274871826172,3.0994415283203125e-06
3777,pop56,1,0.0004451274871826172,0.0
3777,pop48,3,0.00047318140665690106,4.285186617582016e-05
3777,pop49,3,0.000537713368733724,0.00014807493607440039
3778,pop20,2,0.00037217140197753906,9.894371032714844e-05
3778,pop46,1,0.00042819976806640625,0.0
3778,pop51,1,0.0004699230194091797,0.0
3778,pop52,2,0.0004419088363647461,1.2993812561035156e-05
3778,pop54,1,0.0007898807525634766,0.0
3778,pop55,3,0.00044727325439453125,2.146561793393588e-05
3778,pop56,2,0.0004451274871826172,1.6927719116210938e-05
3778,pop57,1,0.0007238388061523438,0.0
3778,pop50,4,0.0005007386207580566,0.00010145983450828458
3778,pop16,1,0.0006501674652099609,0.0
3778,pop23,2,0.00046002864837646484,6.318092346191406e-06
3778,pop21,1,0.0007503032684326172,0.0
3778,pop24,1,0.0008451938629150391,0.0
3778,pop14,1,0.0004646778106689453,0.0
3779,pop50,4,0.000405728816986084,7.240320733449916e-05
3779,pop52,3,0.000452121098836263,3.1045317625402786e-06
3779,pop54,2,0.0005887746810913086,0.00015723705291748047
3779,pop53,2,0.0004240274429321289,8.463859558105469e-06
3779,pop7,2,0.00044977664947509766,1.3470649719238281e-05
3779,pop6,2,0.0005657672882080078,0.0001125335693359375
3779,pop17,1,0.0007677078247070312,0.0
3779,pop51,2,0.0004366636276245117,5.602836608886719e-06
3779,pop36,3,0.0006710688273111979,0.00018323935778292468
3780,pop57,2,0.00035691261291503906,9.179115295410156e-05
3780,pop56,1,0.00041294097900390625,0.0
3780,pop55,4,0.0004876255989074707,9.866732967866547e-05
3780,pop52,1,0.0004143714904785156,0.0
3780,pop13,1,0.00042891502380371094,0.0
3781,pop0,5,0.0004141807556152344,0.0001454297361703943
3781,pop1,1,0.00044274330139160156,0.0
3781,pop15,1,0.0004227161407470703,0.0
3782,pop6,5,0.0005130767822265625,0.00016898216811717527
3782,pop7,1,0.0004398822784423828,0.0
3782,pop53,1,0.0004143714904785156,0.0
3782,pop47,1,0.00045752525329589844,0.0
3782,pop51,1,0.00041031837463378906,0.0
3782,pop29,1,0.0003972053527832031,0.0
3783,pop22,4,0.00039577484130859375,7.662533523098709e-05
3783,pop51,1,0.00042819976806640625,0.0
3783,pop52,3,0.00043280919392903644,1.091588007460285e-05
3783,pop54,2,0.0005633831024169922,0.0001316070556640625
3783,pop53,2,0.0004470348358154297,7.62939453125e-06
3783,pop42,2,0.0006654262542724609,2.4318695068359375e-05
3784,pop4,3,0.0004496574401855469,1.9901882891377647e-05
3784,pop51,1,0.0004534721374511719,0.0
3784,pop50,3,0.0005559921264648438,0.00015596924815735572
3784,pop14,1,0.000457763671875,0.0
3784,pop27,1,0.00041294097900390625,0.0
3784,pop44,1,0.00045680999755859375,0.0
3784,pop39,1,0.00040650367736816406,0.0
3785,pop54,2,0.00039827823638916016,4.6133995056152344e-05
3785,pop52,3,0.0004418690999348958,1.8480473272797765e-05
3785,pop50,4,0.00042694807052612305,1.2581381401060708e-05
3785,pop14,3,0.0004474322001139323,2.464017534265658e-05
3785,pop24,2,0.0005929470062255859,0.00017023086547851562
3785,pop12,1,0.0007960796356201172,0.0
3785,pop55,2,0.0005792379379272461,0.0001569986343383789
3786,pop12,2,0.00041413307189941406,4.482269287109375e-05
3786,pop52,1,0.0004546642303466797,0.0
3786,pop51,3,0.0004467169443766276,1.3567299736578177e-05
3786,pop8,1,0.0006902217864990234,0.0
3786,pop47,1,0.0004322528839111328,0.0
3786,pop53,2,0.00044023990631103516,1.823902130126953e-05
3786,pop7,1,0.0007615089416503906,0.0
3786,pop50,4,0.00045412778854370117,1.843884883466235e-05
3786,pop14,2,0.00046074390411376953,7.748603820800781e-06
3786,pop27,2,0.0006935596466064453,0.0001239776611328125
3787,pop50,2,0.0003254413604736328,0.00011587142944335938
3787,pop51,4,0.0004774332046508789,0.00011608591802456202
3787,pop46,1,0.0007343292236328125,0.0
3787,pop52,2,0.00044023990631103516,1.5616416931152344e-05
3787,pop12,1,0.0006613731384277344,0.0
3787,pop36,4,0.0005196928977966309,0.00010696366968634272
3788,pop6,2,0.00036215782165527344,7.534027099609375e-05
3788,pop7,1,0.00045299530029296875,0.0
3788,pop53,1,0.00045609474182128906,0.0
3788,pop47,1,0.00045418739318847656,0.0
3788,pop51,4,0.0005237460136413574,0.0001509541142721088
3788,pop9,2,0.0006053447723388672,0.0001971721649169922
3788,pop29,1,0.0007584095001220703,0.0
3788,pop50,4,0.0005270242691040039,0.00013533278896042547
3788,pop55,2,0.0005340576171875,8.869171142578125e-05
3789,pop25,2,0.00040328502655029297,4.9948692321777344e-05
3789,pop17,1,0.0004565715789794922,0.0
3789,pop50,2,0.00045371055603027344,3.814697265625e-06
3789,pop51,1,0.0004591941833496094,0.0
3789,pop43,3,0.000511328379313151,5.4427827974259466e-05
3789,pop40,1,0.00045228004455566406,0.0
3790,pop22,4,0.00041353702545166016,3.5957165806606524e-05
3790,pop51,1,0.0004248619079589844,0.0
3790,pop47,1,0.00044798851013183594,0.0
3790,pop53,1,0.0004925727844238281,0.0
3790,pop1,2,0.0005272626876831055,6.401538848876953e-05
3790,pop0,1,0.000396728515625,0.0
3791,pop4,2,0.00036263465881347656,9.036064147949219e-05
3791,pop51,3,0.0004276434580485026,2.9156901562760897e-06
3791,pop52,3,0.0004421075185139974,2.023173604219988e-05
3791,pop54,2,0.0005742311477661133,0.00013649463653564453
3791,pop53,3,0.0004374186197916667,1.6240877297270834e-05
3791,pop7,2,0.0004444122314453125,8.106231689453125e-06
3791,pop6,1,0.0007755756378173828,0.0
3791,pop47,2,0.0005941390991210938,0.0001285076141357422
3791,pop9,1,0.0006208419799804688,0.0
3791,pop50,5,0.00044307708740234377,2.623063827495905e-05
3791,pop55,1,0.0007469654083251953,0.0
3791,pop14,2,0.00043320655822753906,7.867813110351562e-06
3791,pop27,2,0.0006937980651855469,2.956390380859375e-05
3792,pop6,5,0.00044188499450683596,0.00014285126072354065
3792,pop7,1,0.00040531158447265625,0.0
3792,pop53,1,0.00044989585876464844,0.0
3792,pop52,1,0.0004458427429199219,0.0
3792,pop34,1,0.0004105567932128906,0.0
3793,pop29,4,0.00040721893310546875,6.268187227308267e-05
3793,pop51,1,0.0004756450653076172,0.0
3793,pop43,1,0.0004634857177734375,0.0
3793,pop42,2,0.0006088018417358398,7.450580596923828e-05
3794,pop21,2,0.0003981590270996094,5.125999450683594e-05
3794,pop22,2,0.00044095516204833984,6.079673767089844e-06
3794,pop51,3,0.0004355907440185547,1.257229493949375e-05
3794,pop29,2,0.0005048513412475586,8.380413055419922e-05
3794,pop10,3,0.0006863276163736979,0.00017560650089072543
3795,pop12,2,0.0004088878631591797,3.838539123535156e-05
3795,pop52,1,0.0004565715789794922,0.0
3795,pop51,3,0.0005884170532226562,0.0002217079993261
3795,pop8,1,0.0007231235504150391,0.0
3795,pop36,4,0.0005200505256652832,0.0001422244637999329
3796,pop50,4,0.0005277395248413086,0.00018157398460405904
3796,pop14,1,0.0004284381866455078,0.0
3796,pop27,1,0.00041604042053222656,0.0
3796,pop44,1,0.0004467964172363281,0.0
3796,pop39,1,0.0004076957702636719,0.0
3797,pop25,2,0.0003662109375,7.939338684082031e-05
3797,pop17,1,0.0004448890686035156,0.0
3797,pop50,3,0.0004417101542154948,2.491775166986735e-05
3797,pop51,3,0.0004333655039469401,2.7742972501990453e-05
3797,pop9,2,0.0005143880844116211,0.0001131296157836914
3797,pop36,2,0.0007474422454833984,1.5497207641601562e-05
3798,pop4,4,0.0004571676254272461,0.00015245842843258426
3798,pop51,1,0.0004456043243408203,0.0
3798,pop52,1,0.0004038810729980469,0.0
3798,pop12,1,0.0004706382751464844,0.0
3799,pop13,2,0.00043594837188720703,4.279613494873047e-05
3799,pop52,1,0.0004544258117675781,0.0
3799,pop50,3,0.0004322528839111328,1.820223449836209e-05
3799,pop14,1,0.0004611015319824219,0.0
3799,pop27,2,0.0005245208740234375,8.58306884765625e-05
3799,pop44,1,0.00045228004455566406,0.0
3800,pop8,2,0.0004044771194458008,5.8531761169433594e-05
3800,pop51,1,0.0004603862762451172,0.0
3800,pop29,4,0.0005159378051757812,0.00010389840172240946
3801,pop20,5,0.00041332244873046873,0.00014663278368334424
3801,pop46,1,0.0004413127899169922,0.0
3801,pop51,1,0.0004227161407470703,0.0
3802,pop12,2,0.00042307376861572266,4.4226646423339844e-05
3802,pop52,1,0.00046372413635253906,0.0
3802,pop50,1,0.0004222393035888672,0.0
3802,pop14,1,0.00045418739318847656,0.0
3802,pop27,4,0.00048542022705078125,6.840847698088528e-05
3802,pop44,1,0.0004138946533203125,0.0
3803,pop25,2,0.0003757476806640625,9.107589721679688e-05
3803,pop17,1,0.00043964385986328125,0.0
3803,pop50,1,0.00043082237243652344,0.0
3803,pop52,3,0.00045228004455566406,1.3934745022013147e-05
3803,pop12,2,0.0006103515625,0.0001475811004638672
3803,pop51,3,0.00044266382853190106,1.635481169005766e-05
3803,pop22,4,0.00045496225357055664,2.2607296103660013e-05
3803,pop21,1,0.0007753372192382812,0.0
3803,pop43,2,0.0005927085876464844,0.00013303756713867188
3804,pop33,5,0.00047001838684082033,0.00014390931214767317
3804,pop50,1,0.00041103363037109375,0.0
3804,pop52,1,0.0004363059997558594,0.0
3804,pop34,1,0.00041747093200683594,0.0
3805,pop44,2,0.0003854036331176758,8.690357208251953e-05
3805,pop27,4,0.0005033016204833984,9.951412704718843e-05
3805,pop14,1,0.0004355907440185547,0.0
3805,pop50,1,0.00041413307189941406,0.0
3805,pop53,1,0.0004138946533203125,0.0
3805,pop42,1,0.0003616809844970703,0.0
3806,pop57,2,0.0003616809844970703,0.00011467933654785156
3806,pop56,1,0.00046062469482421875,0.0
3806,pop55,4,0.0005025267601013184,0.00010701520572342991
3806,pop50,1,0.000385284423828125,0.0
3806,pop32,1,0.0004405975341796875,0.0
3807,pop13,2,0.0004076957702636719,5.3882598876953125e-05
3807,pop52,3,0.00045371055603027344,1.2316498574400503e-05
3807,pop51,3,0.00044226646423339844,3.205289304400219e-05
3807,pop29,4,0.0005167722702026367,0.0001379569815626032
3807,pop12,1,0.0007953643798828125,0.0
3807,pop55,2,0.0006237030029296875,0.00016689300537109375
3807,pop50,1,0.00040793418884277344,0.0
3808,pop8,2,0.0003064870834350586,0.00016438961029052734
3808,pop51,2,0.0005835294723510742,0.00016200542449951172
3808,pop36,4,0.00047391653060913086,6.990471262617506e-05
3809,pop12,2,0.00030672550201416016,0.00015175342559814453
3809,pop52,2,0.0004392862319946289,1.5854835510253906e-05
3809,pop34,1,0.0007259845733642578,0.0
3809,pop51,3,0.00043710072835286457,1.3591020843038618e-05
3809,pop4,2,0.00043833255767822266,2.753734588623047e-05
3809,pop5,3,0.000610510508219401,0.00022160707316916367
3809,pop19,2,0.00045502185821533203,2.9802322387695312e-06
3809,pop18,2,0.00043404102325439453,1.3113021850585938e-06
3809,pop38,2,0.0007177591323852539,4.8279762268066406e-05
3810,pop45,2,0.00043523311614990234,5.4001808166503906e-05
3810,pop46,4,0.0005412697792053223,0.0001649749219542904
3810,pop51,1,0.0004284381866455078,0.0
3810,pop47,1,0.000438690185546875,0.0
3810,pop53,1,0.00038504600524902344,0.0
3810,pop1,1,0.00042128562927246094,0.0
3810,pop15,1,0.00040340423583984375,0.0
3811,pop19,2,0.00036132335662841797,9.310245513916016e-05
3811,pop51,3,0.00046817461649576825,9.160432201015986e-06
3811,pop52,3,0.0004456837972005208,1.8923220526151846e-05
3811,pop34,2,0.0006191730499267578,0.0001735687255859375
3811,pop4,2,0.0004379749298095703,1.52587890625e-05
3811,pop5,2,0.0006254911422729492,0.00017368793487548828
3811,pop47,1,0.0004048347473144531,0.0
3811,pop53,2,0.0004448890686035156,2.6941299438476562e-05
3811,pop1,2,0.00045430660247802734,4.172325134277344e-06
3811,pop0,2,0.0005446672439575195,7.49826431274414e-05
3811,pop50,2,0.0005706548690795898,0.0001252889633178711
3812,pop22,4,0.00043570995330810547,2.7020567771661153e-05
3812,pop51,1,0.0004601478576660156,0.0
3812,pop50,2,0.000582575798034668,0.00012886524200439453
3812,pop14,1,0.0004477500915527344,0.0
3812,pop27,1,0.00045228004455566406,0.0
3812,pop44,1,0.0004031658172607422,0.0
3813,pop33,3,0.0004295508066813151,2.910030911256102e-05
3813,pop50,3,0.0005202293395996094,0.00014506394227756548
3813,pop51,3,0.00045299530029296875,8.999051287239366e-06
3813,pop8,1,0.0007960796356201172,0.0
3813,pop52,2,0.0004527568817138672,9.298324584960938e-06
3813,pop13,1,0.0007090568542480469,0.0
3813,pop53,2,0.00044798851013183594,2.0265579223632812e-05
3813,pop47,1,0.0007357597351074219,0.0
3814,pop57,2,0.00034880638122558594,0.00011372566223144531
3814,pop56,1,0.0004799365997314453,0.0
3814,pop55,1,0.0005066394805908203,0.0
3814,pop52,2,0.00046074390411376953,1.1801719665527344e-05
3814,pop34,1,0.0008263587951660156,0.0
3814,pop53,1,0.00044345855712890625,0.0
3814,pop41,1,0.00077056884765625,0.0
3814,pop40,1,0.000453948974609375,0.0
3814,pop43,1,0.00046133995056152344,0.0
3814,pop51,2,0.00042510032653808594,9.298324584960938e-06
3814,pop22,3,0.0004564921061197917,1.5497003863698455e-05
3814,pop21,2,0.0004483461380004883,1.823902130126953e-05
3814,pop23,1,0.0008380413055419922,0.0
3814,pop19,1,0.0004532337188720703,0.0
3815,pop12,3,0.00042017300923665363,0.0002595787746953141
3815,pop52,2,0.00045096874237060547,1.1563301086425781e-05
3815,pop51,3,0.000431060791015625,1.931141432778745e-05
3815,pop9,1,0.0006299018859863281,0.0
3815,pop10,3,0.0005891323089599609,0.00014207867043538894
3816,pop14,2,0.00044536590576171875,2.3126602172851562e-05
3816,pop50,2,0.0004330873489379883,2.372264862060547e-05
3816,pop51,1,0.0004680156707763672,0.0
3816,pop29,3,0.0005811850229899088,0.00013035114124574493
3817,pop21,2,0.0004253387451171875,5.125999450683594e-05
3817,pop22,4,0.0005314946174621582,0.0001677311877040051
3817,pop51,1,0.0004391670227050781,0.0
3817,pop8,1,0.00040435791015625,0.0
3818,pop4,4,0.0005249381065368652,0.00017789775864413056
3818,pop51,1,0.0008428096771240234,0.0
3818,pop52,1,0.00042939186096191406,0.0
3818,pop55,1,0.000446319580078125,0.0
3818,pop56,1,0.0004467964172363281,0.0
3818,pop48,1,0.0004134178161621094,0.0
3818,pop49,1,0.00044655799865722656,0.0
3819,pop19,2,0.00038564205169677734,0.00010001659393310547
3819,pop51,2,0.0004508495330810547,2.1457672119140625e-05
3819,pop52,2,0.0004576444625854492,4.303455352783203e-05
3819,pop12,1,0.0008130073547363281,0.0
3819,pop50,2,0.00046563148498535156,4.76837158203125e-07
3819,pop14,1,0.0004603862762451172,0.0
3819,pop24,1,0.0007178783416748047,0.0
3819,pop23,1,0.0008680820465087891,0.0
3819,pop21,1,0.00047588348388671875,0.0
3819,pop22,2,0.00046432018280029297,6.079673767089844e-06
3819,pop43,2,0.0004620552062988281,1.9073486328125e-06
3819,pop40,2,0.0004343986511230469,9.5367431640625e-07
3819,pop41,1,0.0007762908935546875,0.0
3820,pop22,2,0.00037550926208496094,9.72747802734375e-05
3820,pop51,3,0.000572045644124349,0.00017604973106937906
3820,pop47,1,0.00044536590576171875,0.0
3820,pop53,1,0.0004546642303466797,0.0
3820,pop52,2,0.00044608116149902344,2.1219253540039062e-05
3820,pop34,1,0.0006973743438720703,0.0
3820,pop55,3,0.0004390875498453776,1.764333283573834e-05
3820,pop56,1,0.0008134841918945312,0.0
3820,pop50,1,0.00046253204345703125,0.0
3820,pop46,1,0.0008704662322998047,0.0
3820,pop19,1,0.00044465065002441406,0.0
3820,pop18,2,0.0006793737411499023,6.99758529663086e-05
3821,pop33,2,0.00037384033203125,9.5367431640625e-05
3821,pop50,3,0.000432888666788737,1.5417325122542602e-05
3821,pop52,3,0.0004409948984781901,2.1300209050740646e-05
3821,pop54,2,0.0005745887756347656,0.00013780593872070312
3821,pop51,2,0.0004349946975708008,1.0848045349121094e-05
3821,pop4,2,0.0007625818252563477,5.9723854064941406e-05
3822,pop57,2,0.0003470182418823242,0.00011861324310302734
3822,pop56,1,0.00042939186096191406,0.0
3822,pop55,1,0.0004477500915527344,0.0
3822,pop52,3,0.0004628499348958333,3.514030687957175e-05
3822,pop12,2,0.0006437301635742188,0.00020837783813476562
3822,pop50,3,0.00044155120849609375,2.0062136006594477e-05
3822,pop14,2,0.00045239925384521484,3.5881996154785156e-05
3822,pop27,3,0.00043121973673502606,8.427871014336544e-06
3822,pop44,2,0.0004442930221557617,9.655952453613281e-06
3822,pop39,2,0.0006146430969238281,0.0001533031463623047
3823,pop12,2,0.00033724308013916016,0.0001302957534790039
3823,pop52,1,0.0007393360137939453,0.0
3823,pop50,1,0.00045680999755859375,0.0
3823,pop51,2,0.0005145072937011719,0.00010752677917480469
3823,pop36,4,0.000550687313079834,0.00012737080259220187
3824,pop20,4,0.00048619508743286133,0.00016973539038135657
3824,pop46,1,0.00041556358337402344,0.0
3824,pop51,1,0.00045371055603027344,0.0
3824,pop52,1,0.0004315376281738281,0.0
3824,pop54,1,0.0004439353942871094,0.0
3825,pop25,2,0.00038623809814453125,9.632110595703125e-05
3825,pop17,3,0.0004391670227050781,1.7908393820012973e-05
3825,pop50,6,0.00043582916259765625,1.582268512197868e-05
3825,pop52,3,0.0004440148671468099,4.51249108841527e-06
3825,pop12,2,0.0006122589111328125,0.0001690387725830078
3825,pop35,1,0.0006990432739257812,0.0
3825,pop31,1,0.0007958412170410156,0.0
3825,pop51,2,0.00045752525329589844,5.7220458984375e-06
3825,pop10,2,0.0007269382476806641,2.7894973754882812e-05
3826,pop45,2,0.0004214048385620117,5.7578086853027344e-05
3826,pop46,1,0.0004248619079589844,0.0
3826,pop51,1,0.00046324729919433594,0.0
3826,pop47,1,0.0004265308380126953,0.0
3826,pop53,3,0.00043956438700358075,2.1713404797553045e-05
3826,pop1,3,0.0004378954569498698,1.2581836336239688e-05
3826,pop15,3,0.0005089441935221354,9.160246039505649e-05
3826,pop42,3,0.0006059010823567709,0.00010863838181371584
3827,pop12,2,0.0003801584243774414,8.52346420288086e-05
3827,pop52,1,0.0004246234893798828,0.0
3827,pop50,1,0.0004558563232421875,0.0
3827,pop32,3,0.0005917549133300781,0.00015467517484259448
3828,pop0,3,0.000377655029296875,9.857217132412858e-05
3828,pop1,1,0.00045561790466308594,0.0
3828,pop53,3,0.00043884913126627606,7.714191053625585e-06
3828,pop52,3,0.00044409434000651043,5.565370368961206e-06
3828,pop34,2,0.0005723237991333008,0.00015437602996826172
3828,pop42,2,0.0007382631301879883,8.463859558105469e-06
3829,pop44,2,0.0003858804702758789,8.881092071533203e-05
3829,pop27,4,0.0005183815956115723,0.00012966106508394948
3829,pop14,1,0.00041365623474121094,0.0
3829,pop50,1,0.0004429817199707031,0.0
3829,pop52,1,0.0004076957702636719,0.0
3829,pop34,1,0.0004107952117919922,0.0
3830,pop13,5,0.0005216598510742188,0.00015964975202099516
3830,pop52,1,0.0004451274871826172,0.0
3830,pop50,1,0.00039696693420410156,0.0
3830,pop14,1,0.00045371055603027344,0.0
3830,pop27,1,0.0004649162292480469,0.0
3830,pop44,1,0.00040221214294433594,0.0
3830,pop39,1,0.00043702125549316406,0.0
3831,pop21,2,0.000339508056640625,0.0001316070556640625
3831,pop22,2,0.0004540681838989258,1.3113021850585938e-06
3831,pop51,3,0.00042064984639485675,1.3250773748185688e-05
3831,pop9,2,0.0006476640701293945,0.00020825862884521484
3831,pop50,3,0.000440677007039388,1.1196933431311743e-05
3831,pop14,2,0.0004382133483886719,1.5974044799804688e-05
3831,pop27,2,0.0005708932876586914,0.00014793872833251953
3832,pop4,6,0.0004750490188598633,0.00019335098771190194
3832,pop51,2,0.0005071163177490234,6.985664367675781e-05
3833,pop20,2,0.0003813505172729492,9.191036224365234e-05
3833,pop46,3,0.0004467169443766276,1.9550646544064242e-05
3833,pop51,3,0.0005666414896647135,0.0001835329985905358
3833,pop52,3,0.0004353523254394531,1.593782579534185e-05
3833,pop13,2,0.0005815029144287109,0.000133514404296875
3833,pop53,2,0.00042700767517089844,3.1948089599609375e-05
3833,pop7,1,0.000827789306640625,0.0
3833,pop47,1,0.0004248619079589844,0.0
3833,pop45,1,0.0005757808685302734,0.0
3833,pop50,3,0.0005462169647216797,0.00015256417109985344
3834,pop25,2,0.0003490447998046875,0.00012350082397460938
3834,pop17,1,0.00045371055603027344,0.0
3834,pop50,5,0.0004980564117431641,0.00010003345799725759
3834,pop51,2,0.0005904436111450195,0.0001512765884399414
3835,pop54,2,0.0004118680953979492,4.112720489501953e-05
3835,pop52,1,0.0004336833953857422,0.0
3835,pop51,3,0.0004506111145019531,1.81741068334559e-05
3835,pop43,3,0.000425259272257487,1.5140779118995486e-05
3835,pop40,2,0.0005986690521240234,0.00016951560974121094
3835,pop50,3,0.00041993459065755207,6.814305340520864e-06
3835,pop14,1,0.0007531642913818359,0.0
3835,pop17,2,0.0004400014877319336,2.491474151611328e-05
3835,pop31,3,0.00044234593709309894,2.4383537428813234e-05
3835,pop30,2,0.00042939186096191406,2.574920654296875e-05
3835,pop48,3,0.0006760756174723307,0.0001447636479192809
3836,pop0,2,0.0003954172134399414,4.8995018005371094e-05
3836,pop1,1,0.00041985511779785156,0.0
3836,pop53,1,0.0004584789276123047,0.0
3836,pop47,1,0.00042247772216796875,0.0
3836,pop51,3,0.000444332758585612,1.144629916342979e-05
3836,pop46,4,0.0004273653030395508,2.0150601772092733e-05
3836,pop45,2,0.0006350278854370117,0.00021517276763916016
3836,pop52,1,0.00046324729919433594,0.0
3836,pop55,4,0.0005188584327697754,0.0001639195245739527
3836,pop56,2,0.0004513263702392578,6.198883056640625e-06
3836,pop2,1,0.0007815361022949219,0.0
3836,pop50,1,0.0004260540008544922,0.0
3837,pop13,4,0.0004112720489501953,0.00016373707284386607
3837,pop52,1,0.0004734992980957031,0.0
3837,pop34,1,0.0004553794860839844,0.0
3838,pop6,3,0.00038703282674153644,9.933643330222068e-05
3838,pop7,2,0.0006172657012939453,0.0001590251922607422
3838,pop53,4,0.000431060791015625,6.883239761949563e-06
3838,pop52,4,0.00042116641998291016,2.4927286703975777e-05
3838,pop12,2,0.0004956722259521484,9.1552734375e-05
3838,pop13,1,0.0006778240203857422,0.0
3838,pop42,3,0.0005183219909667969,0.00011304108488983959
3839,pop25,2,0.00041413307189941406,4.267692565917969e-05
3839,pop17,1,0.0004534721374511719,0.0
3839,pop50,4,0.0005347728729248047,0.0001631527968994255
3839,pop51,1,0.0003972053527832031,0.0
3839,pop43,1,0.00042319297790527344,0.0
3839,pop40,1,0.00040149688720703125,0.0
3840,pop0,4,0.0004286766052246094,3.853245515982995e-05
3840,pop1,1,0.0004506111145019531,0.0
3840,pop53,1,0.00041556358337402344,0.0
3840,pop47,1,0.00046181678771972656,0.0
3840,pop51,1,0.0005245208740234375,0.0
3840,pop46,2,0.0005168914794921875,7.843971252441406e-05
3840,pop45,1,0.00043892860412597656,0.0
3841,pop13,5,0.00042557716369628906,0.00014441192631193387
3841,pop52,1,0.000453948974609375,0.0
3841,pop54,1,0.0004124641418457031,0.0
3842,pop29,4,0.0004917383193969727,0.00024161817450117813
3843,pop50,3,0.0004020531972249349,7.281136686066147e-05
3843,pop53,1,0.0004019737243652344,0.0
3843,pop1,2,0.000513911247253418,6.830692291259766e-05
3843,pop0,1,0.000392913818359375,0.0
3844,pop14,2,0.0004036426544189453,4.363059997558594e-05
3844,pop50,2,0.00046193599700927734,1.3709068298339844e-05
3844,pop17,1,0.00041747093200683594,0.0
3844,pop31,2,0.000552058219909668,7.092952728271484e-05
3844,pop30,1,0.0004494190216064453,0.0
3844,pop48,1,0.0004315376281738281,0.0
3844,pop49,1,0.00040531158447265625,0.0
3845,pop19,2,0.00036323070526123047,8.404254913330078e-05
3845,pop51,3,0.00045220057169596356,2.1862115580440328e-05
3845,pop52,3,0.00042120615641276043,2.0127511775814458e-05
3845,pop12,2,0.0005753040313720703,0.00013589859008789062
3845,pop22,3,0.0005872249603271484,0.00011285554627737715
3846,pop22,2,0.0002841949462890625,0.0001480579376220703
3846,pop51,3,0.0005261103312174479,0.00011325415102386642
3846,pop43,2,0.0005183219909667969,0.00010156631469726562
3846,pop36,3,0.0005860328674316406,0.0001068748346091281
3847,pop57,2,0.0003629922866821289,7.402896881103516e-05
3847,pop56,1,0.00046253204345703125,0.0
3847,pop55,4,0.0005168318748474121,0.00012659559301870366
3847,pop50,1,0.00044274330139160156,0.0
3847,pop51,1,0.00040650367736816406,0.0
3847,pop9,1,0.00040531158447265625,0.0
3848,pop54,2,0.0003323554992675781,0.00010204315185546875
3848,pop52,1,0.0004458427429199219,0.0
3848,pop53,1,0.0004584789276123047,0.0
3848,pop42,4,0.0005029439926147461,7.032226618567145e-05
3849,pop0,2,0.0003587007522583008,0.00010406970977783203
3849,pop1,1,0.0004546642303466797,0.0
3849,pop53,1,0.00046181678771972656,0.0
3849,pop50,1,0.0004210472106933594,0.0
3849,pop32,4,0.0005061626434326172,9.302297379239606e-05
3850,pop6,2,0.00043845176696777344,2.9325485229492188e-05
3850,pop7,1,0.0004456043243408203,0.0
3850,pop53,1,0.00044083595275878906,0.0
3850,pop50,1,0.00043129920959472656,0.0
3850,pop14,1,0.00044727325439453125,0.0
3850,pop27,3,0.0005621115366617838,0.00013929255072416124
3850,pop44,1,0.0004208087921142578,0.0
3850,pop39,1,0.0004391670227050781,0.0
3850,pop38,1,0.00040459632873535156,0.0
3851,pop25,2,0.0003339052200317383,0.00011837482452392578
3851,pop17,1,0.00046443939208984375,0.0
3851,pop50,3,0.0004889170328776041,9.15016698596502e-05
3851,pop51,4,0.0005259513854980469,0.0001321648829692852
3851,pop52,2,0.0004152059555053711,1.2993812561035156e-05
3851,pop13,1,0.0008404254913330078,0.0
3851,pop46,3,0.0004520416259765625,1.859766802482854e-05
3851,pop20,2,0.0006256103515625,0.00015878677368164062
3852,pop50,6,0.0004902680714925131,0.00016358356457533337
3852,pop51,3,0.0004374186197916667,1.59607938271386e-05
3852,pop8,2,0.0006104707717895508,0.0001386404037475586
3853,pop8,2,0.0003917217254638672,8.082389831542969e-05
3853,pop51,3,0.00043018658955891925,2.073038539098023e-05
3853,pop46,4,0.0004687309265136719,5.784611582785619e-05
3853,pop45,2,0.0005429983139038086,0.00011336803436279297
3853,pop50,3,0.0004432201385498047,1.4274617641454e-05
3853,pop17,1,0.0008387565612792969,0.0
3854,pop44,2,0.0003381967544555664,0.00011670589447021484
3854,pop27,4,0.0004977583885192871,9.53968382737505e-05
3854,pop14,1,0.00043487548828125,0.0
3854,pop50,1,0.00042247772216796875,0.0
3854,pop32,1,0.0004088878631591797,0.0
3855,pop21,2,0.0003097057342529297,0.00014925003051757812
3855,pop22,3,0.0004905064900716146,4.585012370532749e-05
3855,pop51,1,0.0004315376281738281,0.0
3856,pop4,5,0.0005005359649658203,0.00013520604738367301
3856,pop51,1,0.0004456043243408203,0.0
3856,pop47,1,0.00042319297790527344,0.0
3856,pop53,1,0.0004127025604248047,0.0
3856,pop1,1,0.0004439353942871094,0.0
3856,pop0,1,0.0004215240478515625,0.0
3857,pop14,2,0.000385284423828125,8.058547973632812e-05
3857,pop50,1,0.00045371055603027344,0.0
3857,pop51,3,0.0004462401072184245,2.023829075216745e-05
3857,pop9,2,0.0005778074264526367,0.00017321109771728516
3857,pop52,2,0.0004462003707885742,2.3484230041503906e-05
3857,pop54,1,0.0007374286651611328,0.0
3857,pop53,2,0.0004267692565917969,3.337860107421875e-06
3857,pop3,3,0.0006682078043619791,0.00018683918887838586
3857,pop47,1,0.00043487548828125,0.0
3858,pop25,2,0.00042366981506347656,4.315376281738281e-05
3858,pop17,1,0.0004525184631347656,0.0
3858,pop50,3,0.0004336833953857422,6.265768478529302e-06
3858,pop51,3,0.00044457117716471356,1.5256719316405472e-05
3858,pop8,1,0.0007255077362060547,0.0
3858,pop32,4,0.0005791783332824707,0.00015158682274093172
3859,pop6,2,0.00044727325439453125,3.218650817871094e-05
3859,pop7,1,0.00046062469482421875,0.0
3859,pop53,1,0.0004277229309082031,0.0
3859,pop47,1,0.00047326087951660156,0.0
3859,pop51,2,0.0004258155822753906,9.5367431640625e-07
3859,pop46,2,0.00044524669647216797,1.0609626770019531e-05
3859,pop45,1,0.0006732940673828125,0.0
3859,pop44,2,0.0004309415817260742,8.463859558105469e-06
3859,pop39,1,0.0008034706115722656,0.0
3859,pop27,3,0.0005434354146321615,0.00016142144917951566
3859,pop14,1,0.00040268898010253906,0.0
3859,pop50,1,0.00044918060302734375,0.0
3860,pop4,2,0.00036454200744628906,0.0001010894775390625
3860,pop51,3,0.00045744578043619793,1.2683828572120668e-05
3860,pop43,2,0.00041675567626953125,4.76837158203125e-06
3860,pop40,1,0.000820159912109375,0.0
3860,pop22,2,0.0004189014434814453,9.775161743164062e-06
3860,pop21,2,0.00045430660247802734,1.4901161193847656e-05
3860,pop23,1,0.0008556842803955078,0.0
3860,pop8,1,0.0009779930114746094,0.0
3861,pop33,4,0.000543057918548584,0.00016439020460697708
3861,pop50,1,0.0004055500030517578,0.0
3861,pop51,1,0.0004456043243408203,0.0
3861,pop29,1,0.0004069805145263672,0.0
3862,pop29,5,0.00045843124389648436,0.00011680743025396097
3862,pop51,1,0.0004093647003173828,0.0
3862,pop52,1,0.0004458427429199219,0.0
3862,pop12,1,0.000408172607421875,0.0
3863,pop19,2,0.00038492679595947266,6.99758529663086e-05
3863,pop51,1,0.00041556358337402344,0.0
3863,pop50,4,0.0004919171333312988,9.811704863574231e-05
3863,pop17,1,0.0004405975341796875,0.0
3863,pop31,1,0.00045228004455566406,0.0
3864,pop22,2,0.0003763437271118164,8.33272933959961e-05
3864,pop51,1,0.00043392181396484375,0.0
3864,pop50,2,0.0004405975341796875,1.1444091796875e-05
3864,pop32,3,0.0005895296732584635,0.00014869119314780976
3865,pop6,4,0.00044792890548706055,0.00013935340325998508
3865,pop7,1,0.00040912628173828125,0.0
3865,pop53,1,0.00044035911560058594,0.0
3865,pop52,1,0.00037407875061035156,0.0
3865,pop34,1,0.0004227161407470703,0.0
3866,pop45,2,0.00036847591400146484,9.548664093017578e-05
3866,pop44,2,0.0006080865859985352,0.0002008676528930664
3866,pop27,3,0.00047055880228678387,7.229034096636255e-05
3867,pop12,3,0.0005403359731038412,0.00022164999092288534
3867,pop52,3,0.0004349549611409505,4.599824310457796e-06
3867,pop53,3,0.00044926007588704425,2.8448397740443458e-05
3867,pop1,3,0.00046141942342122394,7.3982360348619016e-06
3867,pop15,2,0.0005568265914916992,9.763240814208984e-05
3867,pop50,2,0.00044667720794677734,1.609325408935547e-05
3867,pop17,1,0.0007693767547607422,0.0
3867,pop51,1,0.0004734992980957031,0.0
3867,pop43,3,0.0005393822987874349,0.00015463454012956972
3867,pop42,1,0.0004367828369140625,0.0
3868,pop50,5,0.00050811767578125,0.00014311037426985657
3868,pop14,1,0.0004260540008544922,0.0
3868,pop27,1,0.00041413307189941406,0.0
3868,pop44,1,0.0004038810729980469,0.0
3869,pop4,2,0.000385284423828125,7.891654968261719e-05
3869,pop51,1,0.00041937828063964844,0.0
3869,pop52,3,0.00046515464782714844,2.333824413970045e-05
3869,pop34,2,0.0005257129669189453,9.465217590332031e-05
3869,pop55,3,0.0006430149078369141,0.0001786043210091681
3870,pop33,4,0.0004870295524597168,0.00015662334861907092
3870,pop50,1,0.00045013427734375,0.0
3870,pop52,1,0.00042176246643066406,0.0
3870,pop12,1,0.0004107952117919922,0.0
3871,pop19,2,0.00043463706970214844,3.62396240234375e-05
3871,pop18,4,0.00046509504318237305,6.459017941516255e-05
3871,pop38,1,0.0004620552062988281,0.0
3871,pop39,1,0.0004341602325439453,0.0
3872,pop20,4,0.000527799129486084,0.0001473966224128215
3872,pop46,1,0.0004076957702636719,0.0
3872,pop51,1,0.0003974437713623047,0.0
3872,pop50,1,0.00044035911560058594,0.0
3872,pop17,1,0.00040841102600097656,0.0
3872,pop31,1,0.000438690185546875,0.0
3872,pop30,1,0.0004215240478515625,0.0
3872,pop48,1,0.00041961669921875,0.0
3872,pop49,1,0.00043892860412597656,0.0
3873,pop8,2,0.00039649009704589844,8.821487426757812e-05
3873,pop51,1,0.000469207763671875,0.0
3873,pop50,1,0.000438690185546875,0.0
3873,pop32,4,0.0005310773849487305,0.00010172478699325627
3874,pop44,2,0.0003973245620727539,7.259845733642578e-05
3874,pop27,4,0.0005053281784057617,0.00011348905932552785
3874,pop14,1,0.00042247772216796875,0.0
3874,pop50,1,0.000453948974609375,0.0
3874,pop52,1,0.00040221214294433594,0.0
3874,pop12,1,0.0004458427429199219,0.0
3875,pop21,2,0.0003719329833984375,9.131431579589844e-05
3875,pop22,2,0.00043976306915283203,2.205371856689453e-05
3875,pop51,1,0.00042700767517089844,0.0
3875,pop52,3,0.00042629241943359375,2.227991537473043e-05
3875,pop13,3,0.0005644957224527994,0.00016956208362965417
3875,pop50,2,0.0005688667297363281,0.0001404285430908203
3876,pop14,4,0.0003529191017150879,0.00011940074983180676
3876,pop24,2,0.0006246566772460938,0.0002186298370361328
3876,pop50,4,0.0005051493644714355,0.00010808402964180492
3877,pop22,2,0.00040078163146972656,5.507469177246094e-05
3877,pop51,1,0.00043272972106933594,0.0
3877,pop47,1,0.0004534721374511719,0.0
3877,pop53,1,0.0004208087921142578,0.0
3877,pop1,4,0.0004916787147521973,5.623858536233281e-05
3877,pop15,3,0.0005139509836832682,0.00013418954118330178
3878,pop6,3,0.0008529822031656901,0.0005503285572715453
3878,pop7,1,0.00045228004455566406,0.0
3878,pop53,1,0.0004184246063232422,0.0
3878,pop52,1,0.00046539306640625,0.0
3878,pop13,2,0.0006871223449707031,0.0001804828643798828
3879,pop45,2,0.00042438507080078125,6.031990051269531e-05
3879,pop46,1,0.000431060791015625,0.0
3879,pop51,1,0.00044417381286621094,0.0
3879,pop47,1,0.00044035911560058594,0.0
3879,pop53,1,0.00048661231994628906,0.0
3879,pop1,1,0.00042724609375,0.0
3879,pop15,3,0.0005627473195393881,0.00010246292517271276
3880,pop50,2,0.00041234493255615234,2.7298927307128906e-05
3880,pop51,4,0.000436246395111084,3.741856931806759e-05
3880,pop46,3,0.00043972333272298175,9.667637378285675e-06
3880,pop45,2,0.000568389892578125,0.00012803077697753906
3880,pop43,2,0.00043380260467529297,7.033348083496094e-06
3880,pop40,1,0.0007617473602294922,0.0
3880,pop36,4,0.000503242015838623,0.0001258827943272786
3881,pop19,2,0.0003771781921386719,3.647804260253906e-05
3881,pop51,1,0.0004611015319824219,0.0
3881,pop50,3,0.00044163068135579425,1.2474454581230254e-05
3881,pop17,1,0.0004525184631347656,0.0
3881,pop31,2,0.000545501708984375,0.0001246929168701172
3881,pop30,1,0.00041604042053222656,0.0
3881,pop48,1,0.00045228004455566406,0.0
3881,pop49,1,0.0004506111145019531,0.0
3882,pop8,3,0.0003974437713623047,0.00022614376128367875
3882,pop51,2,0.00045859813690185547,3.6954879760742188e-06
3882,pop50,5,0.0005133152008056641,0.000135811225516009
3882,pop26,1,0.0008366107940673828,0.0
3883,pop14,5,0.0003798484802246094,0.0001163985190758588
3883,pop24,2,0.0005372762680053711,9.357929229736328e-05
3883,pop50,4,0.0004888772964477539,7.249130522049113e-05
3883,pop17,1,0.0007774829864501953,0.0
3883,pop51,2,0.00043189525604248047,8.463859558105469e-06
3883,pop43,1,0.0008282661437988281,0.0
3883,pop27,2,0.000540614128112793,0.00011456012725830078
3884,pop13,4,0.0005118846893310547,0.00014914735333465366
3884,pop52,1,0.00044345855712890625,0.0
3884,pop51,1,0.0004124641418457031,0.0
3884,pop8,1,0.00043392181396484375,0.0
3885,pop44,2,0.00043070316314697266,1.895427703857422e-05
3885,pop27,4,0.0005348324775695801,0.00015750415446570294
3885,pop14,1,0.00040459632873535156,0.0
3885,pop50,1,0.0004093647003173828,0.0
3885,pop51,1,0.00045013427734375,0.0
3885,pop29,1,0.00044846534729003906,0.0
3886,pop21,2,0.00038993358612060547,4.8279762268066406e-05
3886,pop22,2,0.0004290342330932617,1.5497207641601562e-06
3886,pop51,2,0.00047016143798828125,7.62939453125e-06
3886,pop8,1,0.0007994174957275391,0.0
3886,pop50,1,0.00045108795166015625,0.0
3886,pop17,1,0.0004279613494873047,0.0
3886,pop31,3,0.0005786418914794922,0.00018856854855324592
3886,pop30,2,0.0005092620849609375,5.1975250244140625e-05
3886,pop48,2,0.0005359649658203125,6.651878356933594e-05
3887,pop6,3,0.0003609657287597656,0.0001176205304271156
3887,pop7,1,0.0004603862762451172,0.0
3887,pop53,1,0.0004372596740722656,0.0
3887,pop42,2,0.0006211996078491211,0.00010669231414794922
3888,pop45,2,0.00029718875885009766,0.00014770030975341797
3888,pop46,3,0.0004888375600179037,7.043707845493969e-05
3888,pop51,1,0.0003998279571533203,0.0
3889,pop50,4,0.0003827810287475586,6.228853638671538e-05
3889,pop51,3,0.00045299530029296875,8.483146130875204e-06
3889,pop9,2,0.0005956888198852539,0.0001500844955444336
3889,pop14,2,0.0004462003707885742,6.556510925292969e-06
3889,pop27,3,0.0006403923034667969,0.00013687566120793195
3890,pop19,2,0.00034999847412109375,9.72747802734375e-05
3890,pop51,1,0.0004634857177734375,0.0
3890,pop52,3,0.00044465065002441406,1.652271142948923e-05
3890,pop12,2,0.0006072521209716797,0.0001742839813232422
3890,pop50,5,0.0004887580871582031,0.00010135341771666993
3890,pop26,1,0.0007488727569580078,0.0
3891,pop8,2,0.0004121065139770508,5.8531761169433594e-05
3891,pop51,1,0.00047016143798828125,0.0
3891,pop19,1,0.0004374980926513672,0.0
3891,pop18,3,0.0004532337188720703,2.2179336032023874e-05
3891,pop38,2,0.0006282329559326172,0.00021719932556152344
3891,pop39,2,0.0005195140838623047,8.106231689453125e-05
3892,pop57,2,0.0004220008850097656,0.00017571449279785156
3892,pop56,1,0.0004596710205078125,0.0
3892,pop55,1,0.0004200935363769531,0.0
3892,pop50,4,0.0005823373794555664,0.00023942457986443069
3892,pop51,2,0.0005819797515869141,0.0001366138458251953
3892,pop52,3,0.00041826566060384113,7.816671883860781e-06
3892,pop37,1,0.0008440017700195312,0.0
3893,pop54,2,0.0004127025604248047,4.291534423828125e-05
3893,pop52,1,0.00046896934509277344,0.0
3893,pop50,2,0.00044357776641845703,1.609325408935547e-05
3893,pop14,1,0.0005052089691162109,0.0
3893,pop27,2,0.0005223751068115234,0.00011324882507324219
3893,pop44,1,0.0004477500915527344,0.0
3893,pop39,1,0.0004420280456542969,0.0
3894,pop0,5,0.00045652389526367186,0.00011769384341002785
3894,pop1,1,0.0004127025604248047,0.0
3894,pop53,1,0.00040078163146972656,0.0
3894,pop47,1,0.0004565715789794922,0.0
3894,pop51,1,0.00041174888610839844,0.0
3894,pop9,1,0.0003979206085205078,0.0
3895,pop13,3,0.0004085699717203776,5.3554683958658436e-05
3895,pop52,1,0.00043082237243652344,0.0
3895,pop50,2,0.0005320310592651367,8.380413055419922e-05
3895,pop32,1,0.0004112720489501953,0.0
3896,pop6,4,0.0004500150680541992,0.00015348680960762716
3896,pop7,1,0.00042057037353515625,0.0
3896,pop53,1,0.0004162788391113281,0.0
3896,pop52,1,0.0004096031188964844,0.0
3896,pop34,1,0.0004055500030517578,0.0
3897,pop50,4,0.00041621923446655273,8.037436057597239e-05
3897,pop53,1,0.0004565715789794922,0.0
3897,pop42,2,0.0006322860717773438,0.00010538101196289062
3898,pop54,2,0.0004278421401977539,4.851818084716797e-05
3898,pop52,1,0.0004341602325439453,0.0
3898,pop50,3,0.0004295508066813151,1.37999306177446e-05
3898,pop14,1,0.0004391670227050781,0.0
3898,pop27,2,0.0005404949188232422,9.655952453613281e-05
3898,pop44,1,0.0004208087921142578,0.0
3898,pop39,1,0.00044155120849609375,0.0
3899,pop0,2,0.00041806697845458984,3.731250762939453e-05
3899,pop1,4,0.0005238652229309082,0.00016167472856584115
3899,pop53,1,0.0004267692565917969,0.0
3899,pop47,1,0.00044274330139160156,0.0
3899,pop51,1,0.0004265308380126953,0.0
3899,pop29,1,0.00043129920959472656,0.0
3900,pop13,5,0.00043740272521972654,0.00015338744846048148
3900,pop52,1,0.0004177093505859375,0.0
3900,pop51,1,0.00041031837463378906,0.0
3901,pop6,2,0.0016831159591674805,0.0011390447616577148
3901,pop7,1,0.00044655799865722656,0.0
3901,pop53,1,0.0004169940948486328,0.0
3901,pop50,2,0.00041675567626953125,4.100799560546875e-05
3901,pop14,1,0.0004477500915527344,0.0
3901,pop27,3,0.0005023479461669922,8.062450133812559e-05
3901,pop44,1,0.00044083595275878906,0.0
3901,pop39,1,0.0004355907440185547,0.0
3902,pop25,2,0.0004146099090576172,6.794929504394531e-05
3902,pop17,1,0.0004220008850097656,0.0
3902,pop50,1,0.00045561790466308594,0.0
3902,pop53,4,0.0004673600196838379,4.736600772877651e-06
3902,pop1,3,0.00043161710103352863,4.7855597233214686e-06
3902,pop15,2,0.0005525350570678711,0.00011479854583740234
3902,pop7,2,0.0004686117172241211,1.2040138244628906e-05
3902,pop6,1,0.0007419586181640625,0.0
3902,pop42,3,0.0005366802215576172,0.00011854607151349269
3903,pop20,4,0.0005292296409606934,0.00017595181094900652
3903,pop46,1,0.0004410743713378906,0.0
3903,pop51,1,0.0004673004150390625,0.0
3903,pop50,1,0.0004534721374511719,0.0
3903,pop17,1,0.00044226646423339844,0.0
3903,pop31,1,0.0004181861877441406,0.0
3903,pop30,1,0.0004458427429199219,0.0
3903,pop48,1,0.0004470348358154297,0.0
3903,pop49,1,0.00041222572326660156,0.0
3904,pop57,2,0.0004165172576904297,5.125999450683594e-05
3904,pop56,1,0.0004661083221435547,0.0
3904,pop55,1,0.000453948974609375,0.0
3904,pop50,2,0.0004404783248901367,7.033348083496094e-06
3904,pop14,1,0.0004622936248779297,0.0
3904,pop27,3,0.000545342763264974,0.00015570301092498144
3904,pop44,1,0.0004363059997558594,0.0
3904,pop39,1,0.0004341602325439453,0.0
3904,pop38,1,0.00040268898010253906,0.0
3905,pop13,2,0.0004169940948486328,4.1961669921875e-05
3905,pop52,1,0.0004589557647705078,0.0
3905,pop50,1,0.0004315376281738281,0.0
3905,pop14,1,0.0004630088806152344,0.0
3905,pop27,3,0.0005147457122802734,0.00012073933662985595
3905,pop44,1,0.0004012584686279297,0.0
3905,pop39,1,0.0004317760467529297,0.0
3906,pop6,5,0.0005106925964355469,0.00017157797641802566
3906,pop7,3,0.00044282277425130207,2.1928749618268704e-05
3906,pop53,4,0.0004482865333557129,1.1866415071927066e-05
3906,pop1,3,0.00043312708536783856,6.78364986828909e-06
3906,pop15,3,0.0005129973093668619,0.0001245793288593651
3906,pop52,2,0.00043833255767822266,6.794929504394531e-06
3906,pop37,1,0.0007569789886474609,0.0
3907,pop50,3,0.000402371088663737,7.829557075520469e-05
3907,pop51,3,0.0004286766052246094,1.3141168384094877e-05
3907,pop9,2,0.0006226301193237305,0.00019037723541259766
3907,pop46,4,0.00046759843826293945,7.337530289915311e-05
3907,pop45,1,0.0006694793701171875,0.0
3908,pop13,2,0.0003097057342529297,0.0001552104949951172
3908,pop52,3,0.00045418739318847656,2.7976026996129715e-05
3908,pop34,2,0.0006085634231567383,0.0001634359359741211
3908,pop55,5,0.00048246383666992185,9.826763538296576e-05
3908,pop56,2,0.00045228004455566406,1.430511474609375e-05
3908,pop57,1,0.0007956027984619141,0.0
3909,pop21,2,0.00040352344512939453,4.374980926513672e-05
3909,pop23,1,0.0004336833953857422,0.0
3909,pop16,1,0.0004372596740722656,0.0
3909,pop50,3,0.00045220057169596356,1.3628610681041728e-05
3909,pop53,2,0.0004311800003051758,7.271766662597656e-06
3909,pop1,2,0.00045800209045410156,1.621246337890625e-05
3909,pop0,2,0.0005980730056762695,0.0001424551010131836
3909,pop55,2,0.0004787445068359375,1.1682510375976562e-05
3909,pop56,1,0.000797271728515625,0.0
3909,pop51,1,0.0004611015319824219,0.0
3909,pop43,2,0.0006046295166015625,0.00018525123596191406
3910,pop45,2,0.00037860870361328125,8.7738037109375e-05
3910,pop46,1,0.00040721893310546875,0.0
3910,pop51,3,0.0004471143086751302,1.5231860426359692e-05
3910,pop52,4,0.00043392181396484375,9.92663420275023e-06
3910,pop54,1,0.0007259845733642578,0.0
3910,pop50,3,0.0006149609883626302,0.00020370021041721934
3910,pop16,1,0.0007371902465820312,0.0
3910,pop10,3,0.0007154941558837891,0.00019558937609590526
3911,pop8,2,0.0003917217254638672,7.82012939453125e-05
3911,pop51,1,0.0004360675811767578,0.0
3911,pop43,1,0.0004584789276123047,0.0
3911,pop42,3,0.0005865097045898438,0.00013707596243731258
3912,pop25,2,0.0004094839096069336,5.805492401123047e-05
3912,pop17,1,0.0004284381866455078,0.0
3912,pop50,1,0.0004506111145019531,0.0
3912,pop53,1,0.0004115104675292969,0.0
3912,pop1,2,0.0004159212112426758,1.1920928955078125e-07
3912,pop15,3,0.0005737145741780599,0.0001247978488193249
3913,pop29,4,0.00044345855712890625,3.579853178856525e-05
3913,pop51,1,0.00042748451232910156,0.0
3913,pop19,1,0.0004584789276123047,0.0
3913,pop18,2,0.0004994869232177734,8.296966552734375e-05
3913,pop38,1,0.0004355907440185547,0.0
3914,pop21,2,0.0004259347915649414,2.8014183044433594e-05
3914,pop23,1,0.0004286766052246094,0.0
3914,pop16,1,0.0004668235778808594,0.0
3914,pop50,4,0.0005174875259399414,0.00014455575231315946
3914,pop14,1,0.00042510032653808594,0.0
3914,pop27,1,0.0004360675811767578,0.0
3914,pop44,1,0.0004477500915527344,0.0
3915,pop8,2,0.0004316568374633789,4.0411949157714844e-05
3915,pop51,1,0.0004181861877441406,0.0
3915,pop50,1,0.00045990943908691406,0.0
3915,pop14,1,0.000457763671875,0.0
3915,pop27,4,0.000508427619934082,8.352727046643934e-05
3915,pop44,1,0.00043320655822753906,0.0
3915,pop39,1,0.0003991127014160156,0.0
3916,pop12,2,0.00036406517028808594,0.00011372566223144531
3916,pop52,1,0.0004229545593261719,0.0
3916,pop53,1,0.000453948974609375,0.0
3916,pop42,4,0.0005297660827636719,0.0001041519494449048
3917,pop4,2,0.00044214725494384766,2.396106719970703e-05
3917,pop51,1,0.0004227161407470703,0.0
3917,pop50,4,0.0005387663841247559,0.0001459780298795626
3917,pop17,1,0.00044274330139160156,0.0
3917,pop31,1,0.0004420280456542969,0.0
3917,pop30,1,0.00042748451232910156,0.0
3917,pop48,1,0.00044727325439453125,0.0
3917,pop49,1,0.000438690185546875,0.0
3918,pop33,4,0.0005197525024414062,0.00016954436172361839
3918,pop50,1,0.00041294097900390625,0.0
3918,pop51,1,0.00043463706970214844,0.0
3918,pop43,1,0.00043463706970214844,0.0
3918,pop40,1,0.00042128562927246094,0.0
3919,pop54,2,0.00040411949157714844,5.054473876953125e-05
3919,pop52,1,0.000423431396484375,0.0
3919,pop51,3,0.0004306634267171224,1.9478796291364222e-05
3919,pop46,3,0.00044608116149902344,1.5174114208046753e-05
3919,pop45,1,0.0007894039154052734,0.0
3919,pop47,2,0.00045943260192871094,1.9788742065429688e-05
3919,pop53,2,0.0004398822784423828,6.198883056640625e-06
3919,pop3,4,0.0006008148193359375,0.00015513512397187195
3920,pop45,2,0.00036704540252685547,0.00010097026824951172
3920,pop46,3,0.00042780240376790363,3.99108871761631e-06
3920,pop51,1,0.00046372413635253906,0.0
3920,pop43,3,0.00047969818115234375,6.39992921010411e-05
3920,pop40,2,0.0006262063980102539,0.0002092123031616211
3921,pop8,2,0.0003713369369506836,0.00011026859283447266
3921,pop51,1,0.00044083595275878906,0.0
3921,pop46,4,0.00047022104263305664,6.073648959671635e-05
3921,pop45,1,0.00043582916259765625,0.0
3922,pop22,2,0.0003114938735961914,0.00013315677642822266
3922,pop51,3,0.00047008196512858075,2.8366356368978416e-06
3922,pop9,1,0.0007860660552978516,0.0
3922,pop52,2,0.0004214048385620117,1.3113021850585938e-06
3922,pop37,1,0.0007891654968261719,0.0
3922,pop50,4,0.0005540251731872559,0.00019447243722945601
3922,pop17,2,0.0004429817199707031,1.811981201171875e-05
3922,pop31,1,0.0008566379547119141,0.0
3922,pop53,1,0.0004661083221435547,0.0
3922,pop47,1,0.0004589557647705078,0.0
3923,pop29,3,0.0004076957702636719,5.612821002048526e-05
3923,pop51,1,0.0004496574401855469,0.0
3923,pop50,3,0.0005349318186442057,0.00013447770707248642
3923,pop14,1,0.00044727325439453125,0.0
3923,pop24,1,0.00040650367736816406,0.0
3924,pop21,2,0.00040078163146972656,2.2172927856445312e-05
3924,pop22,2,0.0004723072052001953,2.193450927734375e-05
3924,pop51,1,0.0004367828369140625,0.0
3924,pop19,1,0.0004317760467529297,0.0
3924,pop18,3,0.0004913012186686198,5.1590068712607956e-05
3924,pop38,3,0.0005049705505371094,8.062450133812559e-05
3925,pop45,2,0.0003466606140136719,8.0108642578125e-05
3925,pop46,1,0.000453948974609375,0.0
3925,pop51,1,0.0003802776336669922,0.0
3925,pop43,4,0.000475466251373291,7.319807123909126e-05
3925,pop42,1,0.0004074573516845703,0.0
3926,pop14,2,0.00038170814514160156,8.0108642578125e-05
3926,pop50,2,0.0004438161849975586,6.794929504394531e-06
3926,pop51,2,0.00042891502380371094,7.152557373046875e-07
3926,pop9,1,0.0007543563842773438,0.0
3926,pop22,2,0.0004419088363647461,1.5616416931152344e-05
3926,pop21,1,0.00046634674072265625,0.0
3926,pop23,1,0.0007615089416503906,0.0
3926,pop16,1,0.0004658699035644531,0.0
3926,pop53,1,0.0004677772521972656,0.0
3926,pop1,3,0.000455776850382487,2.9736021254650284e-07
3926,pop15,2,0.0007921457290649414,6.783008575439453e-05
3927,pop13,3,0.0004132588704427083,5.704546147428729e-05
3927,pop52,1,0.00042510032653808594,0.0
3927,pop50,5,0.0004902362823486328,0.0001117361230280057
3927,pop17,3,0.00044854482014973957,1.3810910540408106e-06
3927,pop31,3,0.0005183219909667969,0.00011058424970119354
3927,pop14,1,0.0006864070892333984,0.0
3927,pop16,1,0.0007984638214111328,0.0
3928,pop12,2,0.0004057884216308594,4.38690185546875e-05
3928,pop52,1,0.0004508495330810547,0.0
3928,pop51,3,0.00042708714803059894,1.333203115966647e-05
3928,pop46,2,0.0004462003707885742,1.633167266845703e-05
3928,pop45,1,0.0008304119110107422,0.0
3928,pop47,1,0.00046515464782714844,0.0
3928,pop53,2,0.00042629241943359375,5.0067901611328125e-06
3928,pop7,2,0.0004684925079345703,2.86102294921875e-06
3928,pop6,2,0.0006330013275146484,0.00019860267639160156
3928,pop50,2,0.0006048679351806641,0.0001823902130126953
3929,pop4,5,0.00040636062622070315,0.00014628767177935522
3929,pop51,1,0.0003941059112548828,0.0
3930,pop33,5,0.0004607200622558594,0.00013904563356980588
3930,pop50,1,0.00044798851013183594,0.0
3930,pop53,1,0.0004069805145263672,0.0
3930,pop42,1,0.00044798851013183594,0.0
3931,pop29,2,0.00034880638122558594,0.00011229515075683594
3931,pop51,1,0.0004222393035888672,0.0
3931,pop43,4,0.0004799365997314453,6.695106151277869e-05
3931,pop40,2,0.0005862712860107422,0.00019311904907226562
3932,pop44,2,0.0003820657730102539,6.73532485961914e-05
3932,pop27,3,0.0005597273508707682,0.00014449717672993567
3932,pop14,1,0.00045752525329589844,0.0
3932,pop50,1,0.00041556358337402344,0.0
3932,pop52,1,0.0004899501800537109,0.0
3932,pop13,1,0.0003871917724609375,0.0
3933,pop19,3,0.0004923343658447266,0.00021170531639786098
3933,pop51,5,0.00043730735778808595,2.793321677855977e-05
3933,pop52,2,0.00043392181396484375,7.867813110351562e-06
3933,pop13,1,0.0006365776062011719,0.0
3933,pop53,1,0.0004601478576660156,0.0
3933,pop47,1,0.0006747245788574219,0.0
3933,pop4,2,0.0005409717559814453,8.7738037109375e-05
3933,pop43,3,0.0005134741465250651,0.00014340282410044475
3934,pop25,2,0.00039970874786376953,5.1140785217285156e-05
3934,pop17,1,0.0004630088806152344,0.0
3934,pop50,1,0.0004239082336425781,0.0
3934,pop53,1,0.0004279613494873047,0.0
3934,pop1,4,0.0004722476005554199,5.726101922914693e-05
3934,pop15,2,0.0006270408630371094,0.00018978118896484375
3935,pop22,3,0.0003503163655598958,0.0001286978003337984
3935,pop51,3,0.00044035911560058594,1.7134097893084026e-05
3935,pop9,2,0.0006000995635986328,0.00015425682067871094
3935,pop47,2,0.0004496574401855469,9.298324584960938e-06
3935,pop53,2,0.00044476985931396484,1.1801719665527344e-05
3935,pop3,3,0.0006870428721110026,0.0001522861334788183
3936,pop21,2,0.00041306018829345703,3.063678741455078e-05
3936,pop22,1,0.0004298686981201172,0.0
3936,pop51,1,0.0004239082336425781,0.0
3936,pop19,1,0.00043129920959472656,0.0
3936,pop18,3,0.00047771135965983075,6.05690605335947e-05
3936,pop38,1,0.0004410743713378906,0.0
3937,pop14,2,0.00037741661071777344,7.176399230957031e-05
3937,pop50,1,0.000453948974609375,0.0
3937,pop53,1,0.0004127025604248047,0.0
3937,pop1,5,0.0004630088806152344,6.078317902411059e-05
3937,pop0,2,0.0006253719329833984,0.00020241737365722656
3938,pop29,2,0.0003873109817504883,5.9485435485839844e-05
3938,pop51,1,0.00045990943908691406,0.0
3938,pop47,1,0.0004267692565917969,0.0
3938,pop53,3,0.00044337908426920575,1.708906733455971e-05
3938,pop1,3,0.00045450528462727863,1.0933224315308373e-05
3938,pop0,3,0.0004920164744059244,0.00010375223685669248
3938,pop50,3,0.0005543231964111328,0.00014551673758013314
3939,pop13,2,0.0004458427429199219,3.504753112792969e-05
3939,pop52,1,0.00046896934509277344,0.0
3939,pop51,2,0.0004372596740722656,8.106231689453125e-06
3939,pop29,2,0.0005997419357299805,0.00017845630645751953
3939,pop47,1,0.0004482269287109375,0.0
3939,pop53,2,0.00045680999755859375,1.1444091796875e-05
3939,pop1,2,0.0006017684936523438,0.00017786026000976562
3940,pop33,2,0.00037229061126708984,9.930133819580078e-05
3940,pop50,1,0.00044918060302734375,0.0
3940,pop53,1,0.0004220008850097656,0.0
3940,pop42,4,0.0005445480346679688,0.00011052353487480226
3941,pop19,2,0.00030362606048583984,0.00016629695892333984
3941,pop51,2,0.0006072521209716797,0.00018095970153808594
3941,pop47,1,0.0004367828369140625,0.0
3941,pop53,2,0.0004521608352661133,1.2278556823730469e-05
3941,pop7,1,0.0008323192596435547,0.0
3941,pop50,3,0.0005048116048177084,8.973418509139914e-05
3942,pop22,3,0.0004143714904785156,5.166188244697663e-05
3942,pop51,1,0.0004303455352783203,0.0
3942,pop47,1,0.00042319297790527344,0.0
3942,pop53,1,0.0004665851593017578,0.0
3942,pop1,3,0.0004910628000895182,5.3870758698740976e-05
3942,pop15,1,0.00042819976806640625,0.0
3943,pop21,2,0.0004194974899291992,4.9233436584472656e-05
3943,pop23,1,0.0004558563232421875,0.0
3943,pop16,1,0.00041103363037109375,0.0
3943,pop50,2,0.00042831897735595703,1.537799835205078e-05
3943,pop17,1,0.0004897117614746094,0.0
3943,pop31,3,0.000518798828125,0.0001144230351781152
3943,pop30,1,0.00042247772216796875,0.0
3943,pop48,1,0.0004239082336425781,0.0
3943,pop49,1,0.00044345855712890625,0.0
3944,pop14,2,0.0004229545593261719,5.14984130859375e-05
3944,pop50,3,0.0005984306335449219,0.00021467109653396742
3944,pop52,1,0.00041031837463378906,0.0
3944,pop51,2,0.0004366636276245117,2.372264862060547e-05
3944,pop8,1,0.0008120536804199219,0.0
3944,pop55,1,0.0004634857177734375,0.0
3944,pop56,1,0.0004553794860839844,0.0
3944,pop2,1,0.0008566379547119141,0.0
3945,pop29,3,0.00039267539978027344,9.412029524878583e-05
3945,pop51,3,0.00044878323872884113,1.2256869099149531e-05
3945,pop52,3,0.00043646494547526043,1.9843085609687524e-05
3945,pop34,2,0.0005829334259033203,0.0001728534698486328
3945,pop36,3,0.0006461143493652344,0.0001462277726671466
3946,pop0,4,0.0004749894142150879,0.0001488709143158405
3946,pop1,1,0.0004093647003173828,0.0
3946,pop53,1,0.00044465065002441406,0.0
3946,pop47,1,0.00041413307189941406,0.0
3946,pop51,1,0.00044536590576171875,0.0
3946,pop9,1,0.0004277229309082031,0.0
3947,pop54,2,0.00044214725494384766,4.8041343688964844e-05
3947,pop52,1,0.0004532337188720703,0.0
3947,pop50,3,0.0004222393035888672,6.229374549314316e-06
3947,pop14,1,0.0004220008850097656,0.0
3947,pop27,2,0.0005745887756347656,0.00012040138244628906
3947,pop44,1,0.0004398822784423828,0.0
3947,pop39,1,0.0004134178161621094,0.0
3947,pop38,1,0.00038695335388183594,0.0
3948,pop8,2,0.00035381317138671875,9.72747802734375e-05
3948,pop51,1,0.0004620552062988281,0.0
3948,pop52,3,0.0004390875498453776,1.7947850532828997e-05
3948,pop34,2,0.0006450414657592773,0.00021088123321533203
3948,pop50,3,0.0004500548044840495,9.066874629307848e-06
3948,pop14,2,0.0004183053970336914,7.033348083496094e-06
3948,pop27,2,0.0005799531936645508,0.00012481212615966797
3949,pop44,2,0.00031495094299316406,0.00014853477478027344
3949,pop39,3,0.0004723072052001953,7.393385381613483e-05
3949,pop38,1,0.0004127025604248047,0.0
3950,pop13,5,0.0004382133483886719,0.0001817068062046523
3951,pop14,2,0.0003757476806640625,9.1552734375e-05
3951,pop50,4,0.0005184412002563477,0.0001309801999173824
3951,pop52,3,0.00043463706970214844,1.6481375880960746e-05
3951,pop54,2,0.0006344318389892578,0.00017642974853515625
3952,pop29,2,0.0003669261932373047,0.00010609626770019531
3952,pop51,1,0.00045943260192871094,0.0
3952,pop52,3,0.00044409434000651043,1.7353131399918718e-05
3952,pop13,3,0.0005208651224772135,0.00014319020153266183
3952,pop50,3,0.0005292097727457682,0.00011083196229085351
3952,pop26,1,0.0007572174072265625,0.0
3953,pop20,4,0.0004318356513977051,4.53109397447868e-05
3953,pop46,2,0.0005996227264404297,0.0001418590545654297
3953,pop51,1,0.0004391670227050781,0.0
3953,pop50,1,0.0004343986511230469,0.0
3953,pop14,1,0.0004329681396484375,0.0
3953,pop24,1,0.0004124641418457031,0.0
3954,pop57,2,0.0003579854965209961,0.00011599063873291016
3954,pop56,2,0.00042819976806640625,1.9311904907226562e-05
3954,pop55,2,0.0004227161407470703,5.0067901611328125e-06
3954,pop52,4,0.0004582405090332031,3.188085241866468e-05
3954,pop54,1,0.0007474422454833984,0.0
3954,pop50,2,0.0004278421401977539,2.014636993408203e-05
3954,pop35,1,0.0007245540618896484,0.0
3954,pop13,2,0.0005699396133422852,0.00012242794036865234
3954,pop2,1,0.0007596015930175781,0.0
3955,pop6,5,0.00044193267822265623,0.0001418460791928777
3955,pop7,1,0.0004162788391113281,0.0
3955,pop53,1,0.00041222572326660156,0.0
3955,pop52,1,0.00043487548828125,0.0
3955,pop12,1,0.00040602684020996094,0.0
3956,pop45,2,0.0004184246063232422,5.9604644775390625e-05
3956,pop46,2,0.00044918060302734375,4.315376281738281e-05
3956,pop51,1,0.0004570484161376953,0.0
3956,pop50,1,0.00044226646423339844,0.0
3956,pop17,1,0.0004487037658691406,0.0
3956,pop31,2,0.0005750656127929688,2.2649765014648438e-05
3957,pop22,2,0.00043976306915283203,3.8504600524902344e-05
3957,pop51,1,0.0004124641418457031,0.0
3957,pop50,3,0.0005511442820231119,0.00017377365477485668
3957,pop17,1,0.0004448890686035156,0.0
3957,pop31,1,0.00044345855712890625,0.0
3957,pop30,1,0.0004088878631591797,0.0
3957,pop48,1,0.0004374980926513672,0.0
3957,pop49,1,0.00044608116149902344,0.0
3958,pop14,2,0.00033354759216308594,0.000118255615234375
3958,pop50,1,0.00040721893310546875,0.0
3958,pop51,3,0.0005168120066324869,0.00011386616631404477
3958,pop43,3,0.00044473012288411457,2.104965876408854e-05
3958,pop40,1,0.0006563663482666016,0.0
3958,pop36,3,0.0006137688954671224,0.0001627899446748166
3959,pop50,4,0.0004089474678039551,6.754032145112191e-05
3959,pop52,2,0.0004444122314453125,1.4781951904296875e-05
3959,pop34,1,0.0008280277252197266,0.0
3959,pop53,1,0.0004546642303466797,0.0
3959,pop41,1,0.0007965564727783203,0.0
3959,pop40,1,0.00047397613525390625,0.0
3959,pop43,1,0.0004210472106933594,0.0
3959,pop51,1,0.0004634857177734375,0.0
3959,pop32,1,0.0007939338684082031,0.0
3960,pop8,2,0.0004467964172363281,0.00019598007202148438
3961,pop29,3,0.0003826618194580078,8.41224630906174e-05
3961,pop51,1,0.0004572868347167969,0.0
3961,pop52,3,0.0004401206970214844,1.7895692829890447e-05
3961,pop54,2,0.0006597042083740234,0.0002181529998779297
3961,pop55,3,0.0005195140838623047,0.00011641680803939723
3962,pop45,2,0.00037300586700439453,9.66787338256836e-05
3962,pop46,2,0.00044095516204833984,2.205371856689453e-05
3962,pop51,1,0.00046324729919433594,0.0
3962,pop52,4,0.0004387497901916504,1.533346140143635e-05
3962,pop13,2,0.0005441904067993164,0.00013244152069091797
3962,pop37,1,0.0007715225219726562,0.0
3962,pop50,2,0.0006024837493896484,0.00014066696166992188
3963,pop22,2,0.0004183053970336914,5.328655242919922e-05
3963,pop51,3,0.0004432996114095052,2.0688298148474377e-05
3963,pop8,1,0.0006783008575439453,0.0
3963,pop4,3,0.000545660654703776,0.00014538142937243372
3964,pop14,2,0.00037086009979248047,8.761882781982422e-05
3964,pop50,2,0.0004228353500366211,7.510185241699219e-06
3964,pop52,3,0.0004611810048421224,4.673382577256888e-06
3964,pop34,2,0.0006033182144165039,0.00012004375457763672
3964,pop51,2,0.00041937828063964844,5.4836273193359375e-06
3964,pop4,2,0.0007234811782836914,9.894371032714844e-06
3965,pop57,2,0.00033843517303466797,6.520748138427734e-05
3965,pop56,1,0.00042891502380371094,0.0
3965,pop55,1,0.00042629241943359375,0.0
3965,pop50,2,0.00044345855712890625,1.8358230590820312e-05
3965,pop53,1,0.0004591941833496094,0.0
3965,pop1,4,0.0004947185516357422,7.3137400840061e-05
3965,pop0,2,0.0006166696548461914,0.00015413761138916016
3966,pop8,2,0.0003604888916015625,0.00011038780212402344
3966,pop51,3,0.00045172373453776043,2.8457720790226732e-05
3966,pop43,4,0.0004292130470275879,2.1091876496550038e-05
3966,pop40,2,0.0006307363510131836,0.00017821788787841797
3966,pop50,2,0.0005967617034912109,0.0001537799835205078
3967,pop45,2,0.0004132986068725586,3.921985626220703e-05
3967,pop46,3,0.0004276434580485026,1.762184103041351e-05
3967,pop51,1,0.00042057037353515625,0.0
3967,pop50,1,0.0004572868347167969,0.0
3967,pop17,1,0.00042700767517089844,0.0
3967,pop31,2,0.0005460977554321289,8.26120376586914e-05
3967,pop30,1,0.0004315376281738281,0.0
3967,pop48,1,0.0004591941833496094,0.0
3967,pop49,1,0.0004100799560546875,0.0
3968,pop33,5,0.0004343986511230469,0.00013942566843421273
3968,pop50,1,0.0004420280456542969,0.0
3968,pop17,1,0.0004267692565917969,0.0
3968,pop31,1,0.00040221214294433594,0.0
3969,pop14,2,0.0003306865692138672,6.0558319091796875e-05
3969,pop50,4,0.0005057454109191895,0.0001002324544711426
3969,pop53,1,0.00044846534729003906,0.0
3969,pop42,1,0.0004127025604248047,0.0
3970,pop0,3,0.00036136309305826825,0.00011110447904071677
3970,pop1,1,0.00045990943908691406,0.0
3970,pop53,1,0.00048041343688964844,0.0
3970,pop42,3,0.0005413691202799479,6.736308235166046e-05
3971,pop13,3,0.00034419695536295575,0.00012188862112193692
3971,pop52,2,0.00043773651123046875,1.9788742065429688e-05
3971,pop54,1,0.0007398128509521484,0.0
3971,pop51,2,0.0004583597183227539,1.0371208190917969e-05
3971,pop9,1,0.0007789134979248047,0.0
3971,pop22,1,0.0004527568817138672,0.0
3971,pop21,1,0.00043892860412597656,0.0
3971,pop23,1,0.0006740093231201172,0.0
3971,pop16,1,0.0004169940948486328,0.0
3971,pop50,3,0.000557104746500651,0.00014100093491791634
3972,pop20,6,0.000541845957438151,0.00018092476082069123
3972,pop46,2,0.00044655799865722656,1.1444091796875e-05
3972,pop45,2,0.0004379749298095703,1.2636184692382812e-05
3972,pop44,1,0.0008707046508789062,0.0
3973,pop6,5,0.0004536628723144531,0.00014755274172014896
3973,pop7,1,0.0004291534423828125,0.0
3973,pop53,1,0.0004410743713378906,0.0
3973,pop52,1,0.00044989585876464844,0.0
3973,pop34,1,0.00039315223693847656,0.0
3974,pop33,5,0.000444793701171875,0.00012812150372532862
3974,pop50,1,0.0004456043243408203,0.0
3974,pop51,1,0.0004146099090576172,0.0
3975,pop12,2,0.0004309415817260742,2.2530555725097656e-05
3975,pop52,1,0.00043392181396484375,0.0
3975,pop51,3,0.0004382928212483724,2.6213276770756935e-05
3975,pop8,1,0.00067901611328125,0.0
3975,pop46,2,0.00044977664947509766,2.944469451904297e-05
3975,pop45,1,0.000759124755859375,0.0
3976,pop4,4,0.00047904253005981445,0.0001573086954781559
3976,pop51,1,0.00043463706970214844,0.0
3976,pop43,1,0.00043845176696777344,0.0
3976,pop42,1,0.0004398822784423828,0.0
3977,pop29,4,0.0005053281784057617,0.00014301920573933072
3977,pop51,1,0.0004444122314453125,0.0
3977,pop47,1,0.00040602684020996094,0.0
3977,pop53,1,0.00045871734619140625,0.0
3977,pop1,1,0.00047659873962402344,0.0
3977,pop0,1,0.0004017353057861328,0.0
3978,pop25,2,0.0003663301467895508,7.998943328857422e-05
3978,pop17,1,0.00045990943908691406,0.0
3978,pop50,2,0.001253962516784668,0.0008124113082885742
3978,pop52,2,0.00044083595275878906,1.3589859008789062e-05
3978,pop54,1,0.0007865428924560547,0.0
3978,pop53,1,0.00046825408935546875,0.0
3978,pop41,1,0.0007767677307128906,0.0
3978,pop40,1,0.0004627704620361328,0.0
3978,pop43,2,0.00043654441833496094,1.8596649169921875e-05
3979,pop8,2,0.0003459453582763672,8.559226989746094e-05
3979,pop51,1,0.0004298686981201172,0.0
3979,pop52,3,0.0004576841990152995,1.379855751308777e-05
3979,pop13,2,0.0006467103958129883,0.00022089481353759766
3979,pop50,3,0.0005489190419514974,0.00015771112181685776
3980,pop45,2,0.00038242340087890625,6.175041198730469e-05
3980,pop46,1,0.0004432201385498047,0.0
3980,pop51,1,0.0004723072052001953,0.0
3980,pop8,1,0.0009474754333496094,0.0
3981,pop19,2,0.00041425228118896484,2.562999725341797e-05
3981,pop51,1,0.00040268898010253906,0.0
3981,pop50,3,0.0005826155344645182,0.00018521245010073118
3981,pop17,1,0.00040411949157714844,0.0
3981,pop31,1,0.00043487548828125,0.0
3981,pop30,1,0.0004527568817138672,0.0
3981,pop48,1,0.0004248619079589844,0.0
3981,pop49,1,0.0004410743713378906,0.0
3982,pop21,2,0.0004082918167114258,3.230571746826172e-05
3982,pop22,2,0.0004545450210571289,1.7881393432617188e-06
3982,pop51,1,0.00043082237243652344,0.0
3982,pop19,1,0.0004761219024658203,0.0
3982,pop18,3,0.0004929701487223307,5.750200535778155e-05
3982,pop38,1,0.0004355907440185547,0.0
3983,pop14,2,0.00037539005279541016,6.99758529663086e-05
3983,pop27,3,0.0005025068918863932,0.00011459319482835353
3983,pop44,3,0.00045800209045410156,1.013208835643567e-05
3983,pop39,3,0.0005290508270263672,0.00013135933367122856
3984,pop45,2,0.00039756298065185547,4.971027374267578e-05
3984,pop46,4,0.00051116943359375,0.00014511144640648647
3984,pop51,1,0.0004513263702392578,0.0
3984,pop29,1,0.0004146099090576172,0.0
3985,pop54,2,0.00041162967681884766,3.2067298889160156e-05
3985,pop52,3,0.0004374186197916667,1.070555763583789e-05
3985,pop51,2,0.0004507303237915039,1.6570091247558594e-05
3985,pop46,2,0.0004404783248901367,1.5139579772949219e-05
3985,pop45,1,0.0007638931274414062,0.0
3985,pop37,1,0.0007565021514892578,0.0
3985,pop50,1,0.0004801750183105469,0.0
3985,pop32,1,0.0007092952728271484,0.0
3986,pop44,2,0.00033843517303466797,0.0001138448715209961
3986,pop27,4,0.0004888772964477539,7.878092711730808e-05
3986,pop14,1,0.00044465065002441406,0.0
3986,pop50,1,0.0004534721374511719,0.0
3986,pop32,1,0.0004050731658935547,0.0
3987,pop13,2,0.00030612945556640625,0.00014209747314453125
3987,pop52,3,0.00044274330139160156,1.733747383374962e-05
3987,pop12,2,0.0005925893783569336,0.00018227100372314453
3987,pop55,3,0.0005181630452473959,9.756814076776189e-05
3988,pop25,2,0.00038874149322509766,5.2809715270996094e-05
3988,pop17,1,0.0004584789276123047,0.0
3988,pop50,4,0.0005256533622741699,0.00015910982933350676
3988,pop51,1,0.00040984153747558594,0.0
3988,pop43,1,0.000446319580078125,0.0
3988,pop40,1,0.00047087669372558594,0.0
3989,pop21,2,0.00036966800689697266,7.927417755126953e-05
3989,pop22,1,0.0004658699035644531,0.0
3989,pop51,1,0.0004911422729492188,0.0
3989,pop52,3,0.0004334449768066406,1.599478916666956e-05
3989,pop54,2,0.0005859136581420898,0.00014197826385498047
3989,pop50,4,0.0005058050155639648,0.00011859071699776905
3990,pop33,5,0.0004971027374267578,0.00015815150997261954
3990,pop50,1,0.0004067420959472656,0.0
3990,pop51,1,0.0004477500915527344,0.0
3990,pop43,1,0.0003991127014160156,0.0
3990,pop40,1,0.00042891502380371094,0.0
3991,pop45,2,0.0003838539123535156,6.556510925292969e-05
3991,pop46,1,0.0004494190216064453,0.0
3991,pop51,1,0.00042557716369628906,0.0
3991,pop50,4,0.0004984736442565918,9.843459405563568e-05
3991,pop17,1,0.00046062469482421875,0.0
3991,pop31,1,0.0004489421844482422,0.0
3992,pop21,2,0.0003622770309448242,8.594989776611328e-05
3992,pop22,1,0.0004725456237792969,0.0
3992,pop51,1,0.00042557716369628906,0.0
3992,pop52,2,0.00045871734619140625,5.4836273193359375e-06
3992,pop13,3,0.0005087057749430338,9.134104492154481e-05
3992,pop55,1,0.00044083595275878906,0.0
3992,pop56,1,0.0005893707275390625,0.0
3992,pop48,2,0.0005513429641723633,9.40561294555664e-05
3993,pop50,5,0.00041646957397460936,6.338534483639675e-05
3993,pop14,3,0.00045450528462727863,1.0070813826029128e-05
3993,pop24,1,0.0007488727569580078,0.0
3993,pop52,2,0.0004451274871826172,2.1219253540039062e-05
3993,pop54,1,0.0008387565612792969,0.0
3993,pop27,2,0.00043332576751708984,1.6808509826660156e-05
3994,pop22,3,0.00038965543111165363,6.423167421754086e-05
3994,pop51,1,0.0004413127899169922,0.0
3994,pop50,1,0.0004546642303466797,0.0
3994,pop32,2,0.0006396770477294922,0.00010776519775390625
3995,pop13,5,0.0005209922790527343,0.00015097438553838915
3995,pop52,1,0.0004138946533203125,0.0
3995,pop51,1,0.00044417381286621094,0.0
3995,pop29,1,0.00039505958557128906,0.0
3996,pop45,2,0.00045871734619140625,0.0003333091735839844
3996,pop46,1,0.00046515464782714844,0.0
3996,pop51,1,0.00044989585876464844,0.0
3996,pop50,2,0.00045549869537353516,7.510185241699219e-06
3996,pop14,3,0.00043280919392903644,1.2930896123114642e-05
3996,pop24,1,0.0008027553558349609,0.0
3996,pop27,4,0.0005263686180114746,0.00015008202186027558
3997,pop57,2,0.0004222393035888672,5.936622619628906e-05
3997,pop56,1,0.0004608631134033203,0.0
3997,pop55,3,0.0004233519236246745,1.8006873494666053e-05
3997,pop50,2,0.0006268024444580078,0.0001785755157470703
3997,pop51,1,0.0004532337188720703,0.0
3997,pop43,1,0.00043702125549316406,0.0
3997,pop40,1,0.00044655799865722656,0.0
3998,pop33,2,0.0004175901412963867,5.257129669189453e-05
3998,pop50,4,0.0005450844764709473,0.00016735611888871868
3998,pop17,1,0.0004532337188720703,0.0
3998,pop31,1,0.0004220008850097656,0.0
3998,pop30,1,0.0004436969757080078,0.0
3998,pop48,1,0.0004513263702392578,0.0
3998,pop49,1,0.0004100799560546875,0.0
3999,pop21,2,0.0004258155822753906,4.7206878662109375e-05
3999,pop23,1,0.00046133995056152344,0.0
3999,pop16,1,0.00042319297790527344,0.0
3999,pop50,2,0.0004534721374511719,5.0067901611328125e-06
3999,pop17,1,0.0004684925079345703,0.0
3999,pop31,3,0.0005040963490804037,9.994817240378477e-05
3999,pop30,1,0.00044536590576171875,0.0
3999,pop48,1,0.0004489421844482422,0.0
3999,pop49,1,0.00040078163146972656,0.0
4000,pop19,2,0.0004438161849975586,1.4185905456542969e-05
4000,pop18,4,0.0004672408103942871,6.90149464466596e-05
4000,pop38,1,0.00041604042053222656,0.0
4000,pop39,1,0.00043511390686035156,0.0
4001,pop22,4,0.0005173087120056152,0.00017812080952756158
4001,pop51,1,0.0004246234893798828,0.0
4001,pop8,1,0.0004801750183105469,0.0
4002,pop13,3,0.00034872690836588543,0.00013569520115543762
4002,pop52,3,0.0004514058430989583,1.3096876512367468e-05
4002,pop34,2,0.0005475282669067383,0.00014770030975341797
4002,pop55,2,0.0004649162292480469,4.76837158203125e-07
4002,pop56,1,0.0007386207580566406,0.0
4002,pop50,2,0.0005741119384765625,0.00015997886657714844
4003,pop0,3,0.00041421254475911457,3.468277910131631e-05
4003,pop1,1,0.00047016143798828125,0.0
4003,pop53,1,0.00046181678771972656,0.0
4003,pop50,3,0.0005389849344889323,0.00015134921237435102
4003,pop14,1,0.0003991127014160156,0.0
4003,pop27,1,0.0004558563232421875,0.0
4003,pop44,1,0.0003962516784667969,0.0
4004,pop54,2,0.00037384033203125,0.00010061264038085938
4004,pop52,1,0.0004210472106933594,0.0
4004,pop51,3,0.00043280919392903644,2.064796051252806e-05
4004,pop9,1,0.0007891654968261719,0.0
4004,pop8,1,0.0007338523864746094,0.0
4005,pop44,3,0.00045553843180338543,0.0002898900860645934
4005,pop27,4,0.0004742741584777832,6.892057523059545e-05
4006,pop25,2,0.00032007694244384766,0.00015819072723388672
4006,pop17,1,0.00042724609375,0.0
4006,pop31,4,0.0005069375038146973,7.867115434144362e-05
4007,pop57,2,0.0003535747528076172,0.00011324882507324219
4007,pop56,1,0.0004401206970214844,0.0
4007,pop55,2,0.00042748451232910156,1.5020370483398438e-05
4007,pop50,3,0.0005129178365071615,0.00010971146966314395
4007,pop51,2,0.0005360841751098633,0.00012695789337158203
4007,pop47,1,0.0007266998291015625,0.0
4007,pop53,1,0.00045871734619140625,0.0
4008,pop21,2,0.0003783702850341797,8.702278137207031e-05
4008,pop22,1,0.00041961669921875,0.0
4008,pop51,3,0.00044163068135579425,1.5879862654865823e-05
4008,pop52,2,0.0004445314407348633,1.704692840576172e-05
4008,pop54,1,0.0008318424224853516,0.0
4008,pop43,2,0.0004526376724243164,2.0265579223632812e-06
4008,pop40,1,0.0007593631744384766,0.0
4008,pop50,1,0.00042319297790527344,0.0
4009,pop22,2,0.0004369020462036133,4.780292510986328e-05
4009,pop51,1,0.0004248619079589844,0.0
4009,pop19,1,0.00041365623474121094,0.0
4009,pop18,1,0.0004565715789794922,0.0
4009,pop38,2,0.0006052255630493164,0.00015723705291748047
4009,pop39,1,0.0004603862762451172,0.0
4009,pop44,1,0.0004317760467529297,0.0
4009,pop27,1,0.00043392181396484375,0.0
4010,pop13,5,0.00046019554138183595,0.00013159041714188238
4010,pop52,1,0.0004432201385498047,0.0
4010,pop50,1,0.00041294097900390625,0.0
4010,pop32,1,0.0004291534423828125,0.0
4011,pop20,4,0.0005134940147399902,0.00015695860994489628
4011,pop46,1,0.0004329681396484375,0.0
4011,pop51,1,0.0004515647888183594,0.0
4011,pop29,1,0.00043773651123046875,0.0
4012,pop6,5,0.00047554969787597654,0.00015256543292243202
4012,pop7,1,0.00045013427734375,0.0
4012,pop53,1,0.0004191398620605469,0.0
4012,pop47,1,0.00044608116149902344,0.0
4012,pop51,1,0.0004057884216308594,0.0
4012,pop9,1,0.00040912628173828125,0.0
4013,pop21,2,0.0004124641418457031,4.6253204345703125e-05
4013,pop22,3,0.000455776850382487,1.6350176848185806e-05
4013,pop51,1,0.00046372413635253906,0.0
4013,pop29,2,0.0005811452865600586,1.0609626770019531e-05
4014,pop22,2,0.0003921985626220703,9.846687316894531e-05
4014,pop51,1,0.00046825408935546875,0.0
4014,pop43,1,0.00045752525329589844,0.0
4014,pop42,4,0.000537872314453125,0.0001310471791988318
4015,pop12,2,0.00042128562927246094,4.3392181396484375e-05
4015,pop52,1,0.0004253387451171875,0.0
4015,pop50,1,0.0004622936248779297,0.0
4015,pop14,1,0.0004191398620605469,0.0
4015,pop27,4,0.00048828125,6.757768439254526e-05
4015,pop44,1,0.00044608116149902344,0.0
4015,pop39,1,0.0004305839538574219,0.0
4016,pop4,4,0.0004080533981323242,7.281424019269857e-05
4016,pop51,1,0.000457763671875,0.0
4016,pop43,2,0.0004903078079223633,9.572505950927734e-05
4016,pop42,1,0.00040268898010253906,0.0
4017,pop29,5,0.0004637718200683594,0.00013170717066467768
4017,pop51,1,0.0004143714904785156,0.0
4017,pop43,1,0.000446319580078125,0.0
4017,pop42,1,0.0004150867462158203,0.0
4018,pop45,2,0.00039517879486083984,6.878376007080078e-05
4018,pop46,3,0.000530401865641276,0.0001302247623792858
4018,pop51,1,0.0004551410675048828,0.0
4018,pop52,1,0.000392913818359375,0.0
4018,pop34,1,0.00044655799865722656,0.0
4019,pop20,2,0.00043964385986328125,3.5762786865234375e-05
4019,pop46,1,0.0006108283996582031,0.0
4019,pop51,1,0.00045752525329589844,0.0
4019,pop8,1,0.0009093284606933594,0.0
4020,pop21,2,0.00041544437408447266,5.3763389587402344e-05
4020,pop23,1,0.0005819797515869141,0.0
4020,pop16,1,0.00044846534729003906,0.0
4020,pop50,1,0.0004162788391113281,0.0
4020,pop17,1,0.0004591941833496094,0.0
4020,pop31,3,0.0004516442616780599,9.056419683336069e-06
4020,pop30,1,0.00046133995056152344,0.0
4020,pop48,2,0.0005245208740234375,6.842613220214844e-05
4020,pop49,1,0.0004341602325439453,0.0
4021,pop8,2,0.00046181678771972656,0.0003299713134765625
4021,pop51,1,0.0004572868347167969,0.0
4021,pop47,2,0.0004194974899291992,4.172325134277344e-06
4021,pop53,2,0.0004286766052246094,1.7404556274414062e-05
4021,pop1,3,0.0005749861399332682,0.00017154150032589347
4022,pop6,3,0.0004181861877441406,5.2829310754925866e-05
4022,pop7,1,0.0004470348358154297,0.0
4022,pop53,1,0.0004260540008544922,0.0
4022,pop50,1,0.0004436969757080078,0.0
4022,pop14,1,0.00045180320739746094,0.0
4022,pop27,2,0.0005106925964355469,9.274482727050781e-05
4022,pop44,1,0.00040841102600097656,0.0
4023,pop14,2,0.0004004240036010742,4.589557647705078e-05
4023,pop50,3,0.0005983511606852213,0.00021714382123110996
4023,pop52,1,0.0004367828369140625,0.0
4023,pop51,1,0.0004570484161376953,0.0
4023,pop46,2,0.0004976987838745117,9.143352508544922e-05
4023,pop45,1,0.00042700767517089844,0.0
4024,pop29,5,0.00047130584716796874,0.0001465438899444365
4024,pop51,1,0.0004451274871826172,0.0
4024,pop52,1,0.0004885196685791016,0.0
4024,pop13,1,0.00040650367736816406,0.0
4025,pop6,3,0.0004394054412841797,3.8305093959521234e-05
4025,pop7,1,0.0004703998565673828,0.0
4025,pop53,1,0.0004215240478515625,0.0
4025,pop47,1,0.0004634857177734375,0.0
4025,pop51,1,0.0004184246063232422,0.0
4025,pop8,1,0.0008285045623779297,0.0
4026,pop0,2,0.0003522634506225586,9.715557098388672e-05
4026,pop1,3,0.00044616063435872394,1.4609610600112007e-05
4026,pop53,1,0.00043702125549316406,0.0
4026,pop47,1,0.0004591941833496094,0.0
4026,pop51,1,0.0007722377777099609,0.0
4026,pop52,1,0.0004596710205078125,0.0
4026,pop55,1,0.000453948974609375,0.0
4026,pop56,1,0.0005788803100585938,0.0
4027,pop54,2,0.0003781318664550781,7.867813110351562e-05
4027,pop52,1,0.00047469139099121094,0.0
4027,pop50,4,0.00048476457595825195,9.406774371204366e-05
4027,pop32,1,0.0004360675811767578,0.0
4028,pop57,2,0.0003420114517211914,0.00010192394256591797
4028,pop56,1,0.00047397613525390625,0.0
4028,pop55,2,0.0004380941390991211,2.1338462829589844e-05
4028,pop52,2,0.0004646778106689453,4.76837158203125e-07
4028,pop54,1,0.0007276535034179688,0.0
4028,pop51,2,0.00044798851013183594,1.1920928955078125e-06
4028,pop10,3,0.0006095568339029948,0.00012118316018370833
4029,pop0,2,0.00043761730194091797,1.6808509826660156e-05
4029,pop1,3,0.0005815823872884115,0.00019670754532808066
4029,pop53,1,0.0004208087921142578,0.0
4029,pop47,1,0.00041604042053222656,0.0
4029,pop51,1,0.00039649009704589844,0.0
4029,pop8,1,0.00044345855712890625,0.0
4030,pop50,3,0.00037940343221028644,0.00012819891126305795
4030,pop32,3,0.0006241003672281901,0.00015598350165742787
4031,pop12,2,0.0004197359085083008,5.2094459533691406e-05
4031,pop52,1,0.00044274330139160156,0.0
4031,pop50,4,0.0005248188972473145,0.0001383847213339385
4031,pop14,1,0.0004379749298095703,0.0
4031,pop27,1,0.0004420280456542969,0.0
4031,pop44,1,0.0004024505615234375,0.0
4032,pop4,3,0.00039696693420410156,5.1317441524262365e-05
4032,pop51,1,0.00045990943908691406,0.0
4032,pop50,1,0.00045609474182128906,0.0
4032,pop14,3,0.00042176246643066406,2.945860702649854e-06
4032,pop24,1,0.0008921623229980469,0.0
4032,pop27,2,0.000521540641784668,7.68899917602539e-05
4033,pop20,5,0.00045504570007324217,0.00012398551035755866
4033,pop46,1,0.000457763671875,0.0
4033,pop51,1,0.0004162788391113281,0.0
4033,pop52,1,0.00043702125549316406,0.0
4033,pop12,1,0.0004413127899169922,0.0
4034,pop21,2,0.00038242340087890625,8.511543273925781e-05
4034,pop22,2,0.00043785572052001953,1.9669532775878906e-05
4034,pop51,1,0.0004432201385498047,0.0
4034,pop43,3,0.000492254892985026,6.825224320948469e-05
4034,pop42,1,0.00041747093200683594,0.0
4035,pop33,5,0.0004548072814941406,0.0001229208691494018
4035,pop50,1,0.0004558563232421875,0.0
4035,pop17,1,0.0004589557647705078,0.0
4035,pop31,1,0.0004069805145263672,0.0
4036,pop8,2,0.0004420280456542969,3.361701965332031e-05
4036,pop51,1,0.00041484832763671875,0.0
4036,pop19,1,0.00046133995056152344,0.0
4036,pop18,2,0.0004470348358154297,1.8358230590820312e-05
4037,pop0,4,0.00041359663009643555,0.0001645388243270994
4037,pop1,1,0.0004291534423828125,0.0
4037,pop15,1,0.00040793418884277344,0.0
4038,pop50,2,0.00043261051177978516,3.6835670471191406e-05
4038,pop51,2,0.0004329681396484375,5.0067901611328125e-06
4038,pop8,1,0.0008769035339355469,0.0
4038,pop19,1,0.0004520416259765625,0.0
4039,pop12,3,0.0005237261454264323,0.00020735941834964134
4039,pop52,2,0.0004442930221557617,1.4185905456542969e-05
4039,pop53,2,0.0004411935806274414,1.3947486877441406e-05
4039,pop1,3,0.0004372596740722656,1.294651669037799e-05
4039,pop0,2,0.0005881786346435547,8.440017700195312e-05
4039,pop50,1,0.0007927417755126953,0.0
4040,pop19,2,0.0004372596740722656,2.7418136596679688e-05
4040,pop18,1,0.0004367828369140625,0.0
4040,pop38,2,0.0005209445953369141,5.9604644775390625e-05
4040,pop39,2,0.0005205869674682617,5.829334259033203e-05
4041,pop20,2,0.0003103017807006836,0.00014984607696533203
4041,pop46,1,0.0004425048828125,0.0
4041,pop51,1,0.0007264614105224609,0.0
4041,pop50,2,0.0004457235336303711,1.8715858459472656e-05
4041,pop17,1,0.0006771087646484375,0.0
4041,pop53,2,0.00044548511505126953,5.841255187988281e-06
4041,pop1,1,0.0007460117340087891,0.0
4041,pop52,2,0.00045812129974365234,5.602836608886719e-06
4041,pop54,1,0.0007953643798828125,0.0
4042,pop12,2,0.00041878223419189453,5.0902366638183594e-05
4042,pop52,1,0.00042057037353515625,0.0
4042,pop51,1,0.0004520416259765625,0.0
4042,pop46,5,0.000453948974609375,4.657627615037867e-05
4042,pop45,2,0.0005984306335449219,0.0001621246337890625
4043,pop44,2,0.00038635730743408203,7.259845733642578e-05
4043,pop27,3,0.0005283355712890625,0.0001267195682459499
4043,pop14,1,0.0004267692565917969,0.0
4043,pop50,1,0.00038051605224609375,0.0
4043,pop52,1,0.0004394054412841797,0.0
4043,pop13,1,0.0004420280456542969,0.0
4044,pop25,2,0.0003848075866699219,8.249282836914062e-05
4044,pop17,1,0.00043392181396484375,0.0
4044,pop50,2,0.0004467964172363281,4.0531158447265625e-06
4044,pop51,2,0.0004317760467529297,4.5299530029296875e-06
4044,pop9,1,0.0007920265197753906,0.0
4044,pop47,1,0.00047206878662109375,0.0
4044,pop53,2,0.0004608631134033203,4.5299530029296875e-06
4044,pop1,1,0.0006742477416992188,0.0
4045,pop13,2,0.0003775358200073242,0.00026404857635498047
4045,pop52,2,0.0011446475982666016,0.0006875991821289062
4045,pop34,1,0.0008320808410644531,0.0
4045,pop55,1,0.0004241466522216797,0.0
4045,pop56,1,0.00047135353088378906,0.0
4045,pop48,3,0.0004494190216064453,2.347989292404652e-05
4045,pop49,2,0.0006017684936523438,0.0001652240753173828
4046,pop57,2,0.0003657341003417969,0.00010037422180175781
4046,pop56,1,0.0004260540008544922,0.0
4046,pop55,1,0.0004668235778808594,0.0
4046,pop50,4,0.0004926919937133789,8.94807669911895e-05
4046,pop51,1,0.0004336833953857422,0.0
4047,pop33,5,0.00045709609985351564,0.00012039315790469346
4047,pop50,1,0.00045180320739746094,0.0
4047,pop53,1,0.0003981590270996094,0.0
4047,pop42,1,0.00043463706970214844,0.0
4048,pop8,2,0.00037288665771484375,8.273124694824219e-05
4048,pop51,2,0.00042450428009033203,9.894371032714844e-06
4048,pop52,2,0.0004229545593261719,2.4080276489257812e-05
4048,pop12,1,0.0007681846618652344,0.0
4048,pop36,1,0.0004119873046875,0.0
4049,pop50,2,0.00041985511779785156,4.029273986816406e-05
4049,pop14,1,0.0004210472106933594,0.0
4049,pop27,4,0.0004904270172119141,7.667316871170902e-05
4049,pop44,1,0.00044345855712890625,0.0
4049,pop39,1,0.00040650367736816406,0.0
4050,pop19,2,0.0004044771194458008,6.091594696044922e-05
4050,pop51,1,0.0004203319549560547,0.0
4050,pop47,1,0.0004649162292480469,0.0
4050,pop53,2,0.0004684925079345703,3.337860107421875e-06
4050,pop1,2,0.0004410743713378906,3.3855438232421875e-05
4050,pop15,2,0.0006403923034667969,0.00021958351135253906
4050,pop50,2,0.00042831897735595703,1.0132789611816406e-05
4051,pop20,5,0.0005103588104248047,0.00014243259212200926
4051,pop46,1,0.00045800209045410156,0.0
4051,pop51,1,0.00041675567626953125,0.0
4051,pop19,1,0.00044918060302734375,0.0
4052,pop22,2,0.00041866302490234375,4.6253204345703125e-05
4052,pop51,2,0.00042498111724853516,3.6954879760742188e-06
4052,pop29,1,0.0008072853088378906,0.0
4053,pop33,3,0.00043646494547526043,3.96197513357389e-05
4053,pop50,2,0.00044274330139160156,1.7881393432617188e-05
4053,pop51,2,0.0004734992980957031,6.4373016357421875e-06
4053,pop46,2,0.0004385709762573242,1.633167266845703e-05
4053,pop45,1,0.0007224082946777344,0.0
4053,pop22,1,0.0004634857177734375,0.0
4054,pop8,2,0.0004124641418457031,6.508827209472656e-05
4054,pop51,1,0.0004508495330810547,0.0
4054,pop50,1,0.0004115104675292969,0.0
4054,pop14,1,0.0004570484161376953,0.0
4054,pop27,3,0.0004920164744059244,7.849665948016338e-05
4055,pop20,2,0.0003781318664550781,9.131431579589844e-05
4055,pop46,1,0.000423431396484375,0.0
4055,pop51,1,0.0004603862762451172,0.0
4055,pop52,2,0.0004235506057739258,7.748603820800781e-06
4055,pop54,1,0.0007326602935791016,0.0
4055,pop53,1,0.00042438507080078125,0.0
4055,pop42,2,0.0005671977996826172,0.00016117095947265625
4056,pop45,2,0.00037026405334472656,8.559226989746094e-05
4056,pop46,4,0.0005006194114685059,0.00012601852730487174
4056,pop51,1,0.0004563331604003906,0.0
4056,pop43,1,0.00045037269592285156,0.0
4056,pop42,1,0.00041961669921875,0.0
4057,pop4,5,0.0004910945892333985,0.0001588779909157434
4057,pop51,1,0.0004315376281738281,0.0
4057,pop47,1,0.000438690185546875,0.0
4057,pop53,1,0.00044655799865722656,0.0
4057,pop1,1,0.000446319580078125,0.0
4057,pop0,1,0.00041222572326660156,0.0
4058,pop44,2,0.0003389120101928711,0.00010788440704345703
4058,pop27,3,0.0004965464274088541,8.880493782537695e-05
4058,pop14,1,0.0004067420959472656,0.0
4058,pop50,1,0.00043892860412597656,0.0
4058,pop32,1,0.00039267539978027344,0.0
4059,pop33,2,0.00038802623748779297,5.710124969482422e-05
4059,pop50,4,0.0004463791847229004,8.455250283610917e-06
4059,pop52,2,0.00045120716094970703,1.8477439880371094e-05
4059,pop34,1,0.0007543563842773438,0.0
4059,pop14,1,0.0004532337188720703,0.0
4060,pop14,2,0.00033724308013916016,0.0001093149185180664
4060,pop50,2,0.0004483461380004883,8.344650268554688e-07
4060,pop51,1,0.0007908344268798828,0.0
4060,pop43,3,0.00047524770100911457,6.10765343385256e-05
4061,pop29,4,0.00040531158447265625,0.00015765787969649285
4061,pop51,1,0.00045680999755859375,0.0
4061,pop9,1,0.0004100799560546875,0.0
4062,pop6,4,0.0004698038101196289,0.00014420574859584824
4062,pop7,1,0.000469207763671875,0.0
4062,pop53,1,0.00038170814514160156,0.0
4062,pop50,1,0.00042724609375,0.0
4062,pop14,1,0.0004532337188720703,0.0
4062,pop24,1,0.0004165172576904297,0.0
4063,pop12,2,0.00035762786865234375,8.225440979003906e-05
4063,pop52,1,0.0004744529724121094,0.0
4063,pop53,1,0.0004570484161376953,0.0
4063,pop1,3,0.00048279762268066406,6.233297090293807e-05
4063,pop0,1,0.00044798851013183594,0.0
4064,pop45,2,0.0004086494445800781,3.552436828613281e-05
4064,pop44,1,0.0004546642303466797,0.0
4064,pop39,3,0.0004958311716715494,6.063034416846682e-05
4065,pop4,2,0.0004137754440307617,2.8014183044433594e-05
4065,pop51,1,0.00046706199645996094,0.0
4065,pop50,2,0.0004494190216064453,3.0517578125e-05
4065,pop14,1,0.00048422813415527344,0.0
4065,pop27,3,0.0005042552947998047,8.460803218853985e-05
4065,pop44,1,0.0004527568817138672,0.0
4066,pop44,2,0.0003660917282104492,7.283687591552734e-05
4066,pop27,3,0.0005408922831217448,0.00015183181170783718
4066,pop14,1,0.0003921985626220703,0.0
4066,pop50,1,0.00040435791015625,0.0
4066,pop52,1,0.00044035911560058594,0.0
4066,pop34,1,0.0004298686981201172,0.0
4067,pop54,2,0.000316619873046875,0.0001239776611328125
4067,pop52,1,0.00046324729919433594,0.0
4067,pop51,1,0.0007364749908447266,0.0
4067,pop50,3,0.0004545847574869792,1.8980208771193358e-05
4067,pop16,1,0.0007040500640869141,0.0
4067,pop53,1,0.000457763671875,0.0
4068,pop50,5,0.0004749774932861328,0.0001259889498673675
4068,pop53,1,0.0004165172576904297,0.0
4068,pop1,1,0.00045108795166015625,0.0
4068,pop0,1,0.0004241466522216797,0.0
4069,pop19,2,0.0004096031188964844,2.4318695068359375e-05
4069,pop51,1,0.0004439353942871094,0.0
4069,pop50,4,0.0005320906639099121,0.00014434245289610644
4069,pop14,1,0.0004239082336425781,0.0
4069,pop27,1,0.0004436969757080078,0.0
4069,pop44,1,0.0004417896270751953,0.0
4070,pop33,2,0.0003622770309448242,7.665157318115234e-05
4070,pop50,1,0.00045299530029296875,0.0
4070,pop52,2,0.00044918060302734375,1.7881393432617188e-05
4070,pop12,1,0.0008792877197265625,0.0
4070,pop51,1,0.000453948974609375,0.0
4071,pop45,2,0.0003579854965209961,7.30752944946289e-05
4071,pop46,4,0.0005090832710266113,0.0001260431083270503
4071,pop51,1,0.0004439353942871094,0.0
4071,pop52,1,0.0004088878631591797,0.0
4071,pop13,1,0.0004410743713378906,0.0
4072,pop4,4,0.0004665255546569824,0.0001698804213862045
4072,pop51,1,0.00045943260192871094,0.0
4072,pop46,1,0.00040650367736816406,0.0
4072,pop45,1,0.0004420280456542969,0.0
4073,pop22,5,0.00041379928588867185,0.00014282348318477608
4073,pop51,1,0.0004189014434814453,0.0
4074,pop14,2,0.00043523311614990234,3.7550926208496094e-05
4074,pop50,4,0.0005390048027038574,0.0001954213249203379
4074,pop51,1,0.00041031837463378906,0.0
4075,pop29,3,0.00040260950724283856,8.356366182981666e-05
4075,pop51,1,0.0004665851593017578,0.0
4075,pop52,2,0.00046312808990478516,1.1324882507324219e-05
4075,pop34,1,0.0005676746368408203,0.0
4076,pop6,4,0.00043135881423950195,4.048743940458062e-05
4076,pop7,1,0.0004665851593017578,0.0
4076,pop53,1,0.0004298686981201172,0.0
4076,pop47,1,0.0004584789276123047,0.0
4076,pop51,1,0.00047206878662109375,0.0
4077,pop21,2,0.0004153251647949219,7.43865966796875e-05
4077,pop23,1,0.00046062469482421875,0.0
4077,pop24,1,0.0007834434509277344,0.0
4077,pop14,1,0.00045609474182128906,0.0
4077,pop50,1,0.0004172325134277344,0.0
4078,pop50,3,0.00043312708536783856,2.821163389715877e-05
4078,pop51,2,0.0004297494888305664,7.510185241699219e-06
4078,pop43,2,0.00044536590576171875,1.2874603271484375e-05
4078,pop40,1,0.0006821155548095703,0.0
4078,pop33,1,0.000865936279296875,0.0
4079,pop4,2,0.00039017200469970703,8.308887481689453e-05
4079,pop51,1,0.0004565715789794922,0.0
4079,pop50,2,0.0004284381866455078,1.5497207641601562e-05
4079,pop32,3,0.0006117820739746094,0.00015697662237343767
4080,pop14,2,0.0004113912582397461,4.303455352783203e-05
4080,pop50,2,0.0004336833953857422,1.0013580322265625e-05
4080,pop17,1,0.0004665851593017578,0.0
4080,pop31,3,0.0005096594492594401,8.1199252959301e-05
4080,pop30,1,0.000400543212890625,0.0
4080,pop48,1,0.00045180320739746094,0.0
4081,pop0,5,0.0005099773406982422,0.00016069886231718597
4081,pop1,1,0.00043773651123046875,0.0
4081,pop53,1,0.0004379749298095703,0.0
4081,pop47,1,0.00042700767517089844,0.0
4082,pop50,3,0.00044409434000651043,2.9561553711270767e-05
4082,pop51,1,0.0004699230194091797,0.0
4082,pop8,1,0.0006937980651855469,0.0
4083,pop14,2,0.00037550926208496094,8.58306884765625e-05
4083,pop50,3,0.0005345344543457031,0.0001580407686661936
4083,pop52,1,0.00041937828063964844,0.0
4083,pop54,1,0.00041484832763671875,0.0
4084,pop25,2,0.00044035911560058594,5.5789947509765625e-05
4084,pop17,1,0.0004222393035888672,0.0
4084,pop50,1,0.00044989585876464844,0.0
4084,pop51,1,0.0004391670227050781,0.0
4085,pop13,3,0.00042184193929036457,5.023577465925344e-05
4085,pop52,1,0.0004401206970214844,0.0
4085,pop51,1,0.0004429817199707031,0.0
4085,pop46,3,0.00046022733052571613,6.713457769375761e-06
4085,pop45,1,0.0006833076477050781,0.0
4086,pop57,2,0.00037741661071777344,9.274482727050781e-05
4086,pop56,1,0.0004405975341796875,0.0
4086,pop55,3,0.0005359649658203125,0.00013031765575433475
4086,pop50,1,0.0004353523254394531,0.0
4086,pop14,1,0.00041294097900390625,0.0
4086,pop24,1,0.0004425048828125,0.0
4087,pop54,2,0.0004132986068725586,6.42538070678711e-05
4087,pop52,1,0.0004227161407470703,0.0
4087,pop51,1,0.0004918575286865234,0.0
4087,pop46,3,0.00044218699137369793,1.4868010627325143e-05
4087,pop45,1,0.0006172657012939453,0.0
4088,pop19,2,0.0004138946533203125,6.365776062011719e-05
4088,pop18,3,0.00045013427734375,1.5477020613782387e-05
4089,pop0,3,0.000402530034383138,8.907081849102577e-05
4089,pop1,1,0.00041365623474121094,0.0
4089,pop53,1,0.0004227161407470703,0.0
4089,pop50,2,0.0004423856735229492,1.2278556823730469e-05
4089,pop17,1,0.00044727325439453125,0.0
4089,pop31,1,0.0007798671722412109,0.0
4090,pop14,2,0.00036513805389404297,0.00011169910430908203
4090,pop50,1,0.0004227161407470703,0.0
4090,pop17,1,0.0004630088806152344,0.0
4090,pop31,4,0.0004980564117431641,6.913378279065184e-05
4091,pop8,2,0.00040590763092041016,0.0001055002212524414
4091,pop51,1,0.0004596710205078125,0.0
4091,pop52,2,0.00044274330139160156,2.002716064453125e-05
4091,pop34,1,0.0007393360137939453,0.0
4092,pop20,5,0.000473785400390625,0.00014572235613926596
4092,pop46,1,0.0004649162292480469,0.0
4092,pop51,1,0.0004451274871826172,0.0
4093,pop6,5,0.0005159854888916015,0.0001743234349693345
4093,pop7,1,0.000446319580078125,0.0
4093,pop53,1,0.00042057037353515625,0.0
4093,pop47,1,0.00043845176696777344,0.0
4094,pop19,2,0.0004189014434814453,6.842613220214844e-05
4094,pop51,1,0.00042724609375,0.0
4094,pop47,1,0.00046324729919433594,0.0
4094,pop53,1,0.0004382133483886719,0.0
4094,pop1,2,0.00046074390411376953,1.895427703857422e-05
4094,pop15,2,0.0005962848663330078,0.000179290771484375
4095,pop20,3,0.00040348370869954425,6.909734412001969e-05
4095,pop46,2,0.00046896934509277344,2.86102294921875e-05
4095,pop51,1,0.00043320655822753906,0.0
4095,pop50,1,0.000457763671875,0.0
4096,pop12,2,0.0004017353057861328,4.291534423828125e-05
4096,pop52,1,0.0004601478576660156,0.0
4096,pop50,1,0.0004513263702392578,0.0
4096,pop14,1,0.000461578369140625,0.0
4096,pop27,2,0.0004476308822631836,8.702278137207031e-06
4096,pop44,1,0.00045371055603027344,0.0
4097,pop44,2,0.0003205537796020508,0.00011718273162841797
4097,pop45,1,0.0007193088531494141,0.0
4098,pop50,2,0.0003941059112548828,6.0558319091796875e-05
4098,pop14,1,0.00046253204345703125,0.0
4098,pop27,4,0.00047028064727783203,6.143628588393318e-05
4099,pop33,5,0.0005005836486816406,0.00013595793917195855
4099,pop50,1,0.0004296302795410156,0.0
4099,pop17,1,0.00043845176696777344,0.0
4100,pop45,2,0.0004353523254394531,0.00032639503479003906
4100,pop46,1,0.000453948974609375,0.0
4100,pop51,1,0.0008761882781982422,0.0
4100,pop52,1,0.0004646778106689453,0.0
4100,pop50,1,0.00041866302490234375,0.0
4100,pop17,1,0.0004601478576660156,0.0
4101,pop25,2,0.000400543212890625,5.6743621826171875e-05
4101,pop17,1,0.00042128562927246094,0.0
4101,pop50,1,0.0004458427429199219,0.0
4101,pop14,1,0.0004596710205078125,0.0
4101,pop27,2,0.0004578828811645508,2.9802322387695312e-06
4102,pop13,2,0.0003298521041870117,0.00010597705841064453
4102,pop52,1,0.0004696846008300781,0.0
4102,pop53,1,0.0004127025604248047,0.0
4102,pop42,3,0.0005954901377360026,0.00017498649639718098
4103,pop54,2,0.0002892017364501953,0.00014400482177734375
4103,pop52,1,0.0004620552062988281,0.0
4103,pop13,4,0.0005581378936767578,0.00012297095497545242
4104,pop0,5,0.000496530532836914,0.00014391105011395895
4104,pop1,1,0.00045037269592285156,0.0
4105,pop22,3,0.00041937828063964844,3.294377708313241e-05
4105,pop51,1,0.0004572868347167969,0.0
4106,pop29,4,0.00042122602462768555,4.74253374676033e-05
4107,pop6,4,0.0004647374153137207,0.00014894000955707615
4107,pop7,1,0.00045228004455566406,0.0
4107,pop53,1,0.0004076957702636719,0.0
4107,pop50,1,0.000423431396484375,0.0
4107,pop17,1,0.00044608116149902344,0.0
4108,pop12,2,0.00042629241943359375,4.76837158203125e-05
4108,pop52,1,0.00045299530029296875,0.0
4108,pop55,3,0.0005292097727457682,0.00013757176689264521
4109,pop44,2,0.0003788471221923828,7.772445678710938e-05
4109,pop27,3,0.0005480448404947916,0.00015897976987415708
4109,pop14,1,0.0004096031188964844,0.0
4109,pop50,1,0.00043773651123046875,0.0
4110,pop50,3,0.00037558873494466144,0.00011806741174926159
4110,pop51,1,0.0007145404815673828,0.0
4110,pop36,2,0.00046825408935546875,3.814697265625e-06
4111,pop33,3,0.0003566741943359375,0.00013813032318645197
4111,pop32,2,0.0006160736083984375,8.96453857421875e-05
4112,pop54,2,0.00043654441833496094,3.457069396972656e-05
4112,pop52,1,0.0004546642303466797,0.0
4112,pop50,3,0.0004437764485677083,7.482275833091621e-06
4113,pop21,2,0.0003898143768310547,6.341934204101562e-05
4113,pop22,3,0.0005201498667399088,0.00011229866595569662
4113,pop51,1,0.00045228004455566406,0.0
4114,pop4,4,0.00042122602462768555,3.9403449099097234e-05
4114,pop51,1,0.0004658699035644531,0.0
4114,pop50,1,0.00045990943908691406,0.0
4115,pop20,5,0.00047817230224609373,0.00013500409463053205
4115,pop46,1,0.0004436969757080078,0.0
4116,pop13,4,0.0005242824554443359,0.00018622559140733843
4116,pop52,1,0.0004603862762451172,0.0
4116,pop50,1,0.0004115104675292969,0.0
4116,pop14,1,0.0004456043243408203,0.0
4117,pop0,2,0.0003587007522583008,0.00012290477752685547
4117,pop1,1,0.0003771781921386719,0.0
4117,pop53,1,0.0004215240478515625,0.0
4117,pop52,2,0.00044226646423339844,1.2874603271484375e-05
4117,pop12,1,0.0008330345153808594,0.0
4117,pop50,1,0.00044918060302734375,0.0
4118,pop22,5,0.0004927635192871094,0.00017208962534061092
4118,pop51,1,0.000415802001953125,0.0
4119,pop29,5,0.0004540920257568359,0.00013631894535896352
4120,pop44,2,0.0004181861877441406,5.698204040527344e-05
4120,pop27,4,0.0005295872688293457,0.0001483799300825728
4120,pop14,1,0.0004374980926513672,0.0
4121,pop33,3,0.0004124641418457031,4.620771038744152e-05
4121,pop50,2,0.0006445646286010742,0.00016367435455322266
4121,pop51,1,0.0004363059997558594,0.0
4121,pop43,1,0.0004494190216064453,0.0
4122,pop54,2,0.00038063526153564453,9.59634780883789e-05
4122,pop52,1,0.0003848075866699219,0.0
4122,pop53,1,0.0004267692565917969,0.0
4122,pop1,4,0.00048160552978515625,6.692452408503984e-05
4123,pop0,5,0.000478363037109375,0.00023456097225938244
4124,pop44,2,0.0003529787063598633,0.0001264810562133789
4124,pop27,3,0.0004565715789794922,1.8984866899456964e-05
4125,pop54,2,0.00042617321014404297,6.210803985595703e-05
4125,pop52,1,0.00044274330139160156,0.0
4125,pop55,3,0.00043431917826334637,2.2515377884271536e-05
4126,pop57,2,0.0002843141555786133,0.00012218952178955078
4126,pop48,1,0.0004665851593017578,0.0
4126,pop49,3,0.0005700588226318359,0.00011733117424196564
4127,pop14,2,0.0003782510757446289,2.968311309814453e-05
4127,pop50,2,0.00044345855712890625,2.002716064453125e-05
4127,pop51,1,0.0004265308380126953,0.0
4128,pop25,2,0.00034117698669433594,7.462501525878906e-05
4128,pop17,1,0.00046062469482421875,0.0
4128,pop50,2,0.0004363059997558594,1.4543533325195312e-05
4129,pop0,2,0.0003330707550048828,0.0001316070556640625
4129,pop1,1,0.0004246234893798828,0.0
4129,pop53,1,0.0004494190216064453,0.0
4129,pop42,2,0.0005469322204589844,0.00011444091796875
4130,pop54,2,0.00042176246643066406,7.2479248046875e-05
4130,pop52,1,0.0004317760467529297,0.0
4130,pop50,2,0.0004322528839111328,1.52587890625e-05
4131,pop8,2,0.00039708614349365234,6.139278411865234e-05
4131,pop51,1,0.00046539306640625,0.0
4132,pop19,2,0.00038361549377441406,5.626678466796875e-05
4132,pop51,1,0.0004475116729736328,0.0
4132,pop47,1,0.0004584789276123047,0.0
4132,pop53,1,0.0004303455352783203,0.0
4132,pop1,1,0.00045371055603027344,0.0
4133,pop12,2,0.00042557716369628906,0.00030922889709472656
4133,pop52,1,0.0004532337188720703,0.0
4133,pop50,2,0.00047004222869873047,2.2292137145996094e-05
4134,pop50,2,0.0003415346145629883,7.832050323486328e-05
4134,pop52,2,0.0004361867904663086,1.0609626770019531e-05
4134,pop34,1,0.0007338523864746094,0.0
4134,pop51,1,0.0004706382751464844,0.0
4135,pop44,2,0.0004042387008666992,3.349781036376953e-05
4135,pop27,2,0.0004442930221557617,1.6808509826660156e-05
4135,pop14,1,0.000431060791015625,0.0
4135,pop50,1,0.00044727325439453125,0.0
4136,pop25,2,0.00036394596099853516,7.045269012451172e-05
4136,pop17,1,0.0004608631134033203,0.0
4136,pop50,1,0.00045609474182128906,0.0
4136,pop53,1,0.00043964385986328125,0.0
4136,pop1,1,0.0004489421844482422,0.0
4137,pop21,2,0.00040841102600097656,3.0517578125e-05
4137,pop23,1,0.00046563148498535156,0.0
4137,pop16,1,0.0004775524139404297,0.0
4137,pop50,1,0.00046753883361816406,0.0
4138,pop57,2,0.00035381317138671875,9.918212890625e-05
4138,pop56,1,0.00042366981506347656,0.0
4138,pop55,1,0.00044798851013183594,0.0
4138,pop52,1,0.00042700767517089844,0.0
4138,pop54,1,0.0008223056793212891,0.0
4139,pop54,2,0.0003675222396850586,6.759166717529297e-05
4139,pop52,1,0.0008778572082519531,0.0
4139,pop53,1,0.00045800209045410156,0.0
4139,pop50,2,0.00043451786041259766,2.3245811462402344e-05
4140,pop12,2,0.0003216266632080078,0.0001289844512939453
4140,pop52,1,0.00046563148498535156,0.0
4140,pop51,1,0.0008294582366943359,0.0
4140,pop50,1,0.0004134178161621094,0.0
4141,pop25,2,0.0003629922866821289,0.0001252889633178711
4141,pop17,1,0.00045680999755859375,0.0
4141,pop50,2,0.0004330873489379883,1.823902130126953e-05
4142,pop54,2,0.0004159212112426758,3.5643577575683594e-05
4142,pop52,1,0.0009267330169677734,0.0
4142,pop53,1,0.00046706199645996094,0.0
4142,pop50,1,0.0004239082336425781,0.0
4142,pop14,1,0.00044655799865722656,0.0
4143,pop12,2,0.00039696693420410156,4.172325134277344e-05
4143,pop52,1,0.00046825408935546875,0.0
4143,pop50,2,0.0004495382308959961,2.3484230041503906e-05
4144,pop21,2,0.0003851652145385742,7.68899917602539e-05
4144,pop23,1,0.0004527568817138672,0.0
4144,pop16,1,0.0004317760467529297,0.0
4144,pop50,1,0.0004489421844482422,0.0
4145,pop25,2,0.00041544437408447266,5.9723854064941406e-05
4145,pop17,1,0.0004487037658691406,0.0
4145,pop50,2,0.00044286251068115234,2.396106719970703e-05
4146,pop45,2,0.00036537647247314453,9.810924530029297e-05
4146,pop46,2,0.00043332576751708984,2.110004425048828e-05
4146,pop51,1,0.0004596710205078125,0.0
4147,pop0,4,0.00042444467544555664,4.4994953764700935e-05
4148,pop25,2,0.0003427267074584961,0.00012600421905517578
4148,pop17,1,0.0004642009735107422,0.0
4148,pop50,1,0.0004229545593261719,0.0
4149,pop6,4,0.0004413127899169922,1.8822237062846326e-05
4150,pop8,2,0.0003790855407714844,0.00010061264038085938
4151,pop19,2,0.00041985511779785156,5.459785461425781e-05
4152,pop50,2,0.0003713369369506836,8.90493392944336e-05
4152,pop52,2,0.00044083595275878906,3.361701965332031e-05
4152,pop12,1,0.0005862712860107422,0.0
4153,pop21,2,0.0004407167434692383,3.445148468017578e-05
4153,pop23,1,0.0004563331604003906,0.0
4153,pop16,1,0.00043773651123046875,0.0
4154,pop4,4,0.0004961490631103516,0.0001418690717991085
4154,pop51,1,0.0004570484161376953,0.0
4155,pop20,4,0.0004330277442932129,3.472260894833184e-05
4156,pop13,3,0.0004515647888183594,0.00028478883874471687
4156,pop52,1,0.0004467964172363281,0.0
4157,pop22,3,0.0003478527069091797,0.00013276568584162947
4157,pop51,1,0.00044608116149902344,0.0
4158,pop29,2,0.00042629241943359375,4.267692565917969e-05
4159,pop33,3,0.00039045015970865887,7.24482191045094e-05
4159,pop50,1,0.00047516822814941406,0.0
4160,pop57,2,0.00038230419158935547,9.310245513916016e-05
4160,pop56,1,0.0004420280456542969,0.0
4160,pop55,1,0.00044226646423339844,0.0
4161,pop0,4,0.00039589405059814453,0.00010257895293249019
4162,pop50,4,0.0008027553558349609,0.0005773482993436398
4163,pop54,2,0.00043594837188720703,3.1113624572753906e-05
4163,pop52,1,0.0004401206970214844,0.0
4163,pop50,1,0.00045490264892578125,0.0
4164,pop13,3,0.00039704640706380207,5.699927354507798e-05
4165,pop22,4,0.00043135881423950195,3.4628759734059376e-05
4166,pop33,3,0.00037789344787597656,9.989387563704643e-05
4166,pop50,1,0.00043702125549316406,0.0
4167,pop14,2,0.0004353523254394531,3.0040740966796875e-05
4167,pop50,1,0.0004291534423828125,0.0
4168,pop45,2,0.0003637075424194336,9.763240814208984e-05
4168,pop46,1,0.0004227161407470703,0.0
4169,pop25,2,0.00039017200469970703,7.474422454833984e-05
4169,pop17,1,0.00044035911560058594,0.0
4170,pop13,2,0.0004286766052246094,4.482269287109375e-05
4170,pop52,1,0.0004360675811767578,0.0
4171,pop44,2,0.0003452301025390625,0.00011539459228515625
4171,pop27,1,0.0004520416259765625,0.0
4172,pop8,2,0.00033974647521972656,9.083747863769531e-05
4173,pop21,2,0.0003631114959716797,8.0108642578125e-05
4173,pop22,1,0.00044226646423339844,0.0
4174,pop33,3,0.00040658315022786457,8.549455178617695e-05
4175,pop25,2,0.00037229061126708984,8.881092071533203e-05
4175,pop17,1,0.00046944618225097656,0.0
4176,pop4,3,0.0003897349039713542,8.924572144259665e-05
4177,pop0,3,0.00042883555094401043,3.8604345506056035e-05
4178,pop44,2,0.0004031658172607422,4.6253204345703125e-05
4178,pop27,1,0.0004489421844482422,0.0
4179,pop33,2,0.0003452301025390625,0.00010061264038085938
4179,pop50,1,0.00045943260192871094,0.0
4180,pop25,2,0.0003771781921386719,6.580352783203125e-05
4180,pop17,1,0.00046372413635253906,0.0
4181,pop12,2,0.00037992000579833984,6.401538848876953e-05
4181,pop52,1,0.0004596710205078125,0.0
4182,pop8,2,0.00035893917083740234,8.785724639892578e-05
4183,pop4,3,0.0003808339436848958,0.00010078506048714095
4184,pop0,2,0.0004018545150756836,4.5180320739746094e-05
4184,pop1,1,0.00044417381286621094,0.0
4185,pop44,2,0.0003279447555541992,0.00014841556549072266
4186,pop14,2,0.0003587007522583008,0.00011742115020751953
4187,pop12,2,0.0004602670669555664,3.6597251892089844e-05
4188,pop8,2,0.0003834962844848633,9.143352508544922e-05
4189,pop6,2,0.00038743019104003906,8.058547973632812e-05
4190,pop19,2,0.0003714561462402344,9.942054748535156e-05
4191,pop21,2,0.00042688846588134766,3.8504600524902344e-05
4192,pop14,2,0.0004184246063232422,5.984306335449219e-05
4193,pop20,2,0.0004254579544067383,3.707408905029297e-05
4194,pop29,2,0.0004115104675292969,5.340576171875e-05
4195,pop57,2,0.0003955364227294922,9.894371032714844e-05
4196,pop50,2,0.0004296302795410156,3.8623809814453125e-05
