flow,node,dec_count,dec_time_avg,dec_time_std
1,pop2,5,0.0005558013916015625,0.0007142249054229393
1,pop56,1,0.00020956993103027344,0.0
1,pop52,1,0.00020074844360351562,0.0
2,pop10,4,0.0006635189056396484,0.0007621946834748246
2,pop36,1,0.00020241737365722656,0.0
2,pop51,1,0.00020647048950195312,0.0
2,pop52,1,0.00020647048950195312,0.0
2,pop3,1,0.00020885467529296875,0.0
2,pop0,1,0.00020956993103027344,0.0
3,pop16,5,0.0005381107330322266,0.0006504210032666206
3,pop50,1,0.00024175643920898438,0.0
3,pop52,1,0.00021529197692871094,0.0
3,pop12,1,0.0002186298370361328,0.0
4,pop23,5,0.0005686283111572266,0.0006780780818599517
4,pop16,1,0.00022101402282714844,0.0
4,pop50,1,0.00021195411682128906,0.0
4,pop17,1,0.0002193450927734375,0.0
4,pop25,1,0.0002148151397705078,0.0
5,pop36,5,0.0005393028259277344,0.0006306614256311044
5,pop51,1,0.0002071857452392578,0.0
5,pop46,1,0.0002067089080810547,0.0
5,pop20,1,0.00021314620971679688,0.0
6,pop51,4,0.0006504654884338379,0.0006305510971075103
6,pop52,1,0.0001990795135498047,0.0
6,pop53,1,0.00020647048950195312,0.0
6,pop7,1,0.000209808349609375,0.0
7,pop52,4,0.0005950331687927246,0.0006219350827938997
7,pop51,1,0.00020003318786621094,0.0
7,pop46,1,0.00020813941955566406,0.0
7,pop20,1,0.00021839141845703125,0.0
8,pop10,3,0.0008397102355957031,0.0009043035359554413
8,pop11,3,0.00023547808329264322,4.963243930760238e-05
8,pop36,1,0.00021409988403320312,0.0
8,pop51,1,0.0002071857452392578,0.0
8,pop52,1,0.00021195411682128906,0.0
8,pop3,1,0.00021314620971679688,0.0
8,pop0,1,0.000209808349609375,0.0
9,pop52,3,0.0007436275482177734,0.0007642215397052928
9,pop3,3,0.00020575523376464844,1.1214969377251157e-05
10,pop16,2,0.001085042953491211,0.0008904933929443359
10,pop23,1,0.00019407272338867188,0.0
10,pop24,4,0.00024360418319702148,4.9109995472172765e-05
10,pop14,1,0.00021386146545410156,0.0
10,pop27,1,0.00022101402282714844,0.0
10,pop44,1,0.00022268295288085938,0.0
10,pop45,1,0.0002167224884033203,0.0
11,pop36,2,0.0010957717895507812,0.0008912086486816406
11,pop28,2,0.001193404197692871,0.0009714365005493164
11,pop51,3,0.00022395451863606772,1.3044689813389326e-05
11,pop4,2,0.0012111663818359375,0.0009965896606445312
11,pop43,2,0.00030434131622314453,5.543231964111328e-05
11,pop52,1,0.00022125244140625,0.0
11,pop48,1,0.0002262592315673828,0.0
11,pop30,1,0.00022554397583007812,0.0
11,pop31,1,0.0002193450927734375,0.0
12,pop10,3,0.0008490085601806641,0.000903136312244123
12,pop11,3,0.0002399285634358724,6.303826106097967e-05
12,pop36,1,0.0002052783966064453,0.0
12,pop51,1,0.00021195411682128906,0.0
12,pop52,1,0.00021219253540039062,0.0
12,pop50,1,0.0002193450927734375,0.0
12,pop14,1,0.0002086162567138672,0.0
13,pop52,2,0.0010232925415039062,0.000820159912109375
13,pop56,3,0.000873406728108724,0.0009350543708477834
13,pop48,2,0.00024318695068359375,3.2901763916015625e-05
13,pop30,1,0.00021529197692871094,0.0
13,pop31,1,0.00021266937255859375,0.0
14,pop16,2,0.001124262809753418,0.0009065866470336914
14,pop23,1,0.00022077560424804688,0.0
14,pop21,3,0.0002547899881998698,7.193773338769313e-05
14,pop22,1,0.0002110004425048828,0.0
14,pop51,1,0.00021791458129882812,0.0
14,pop52,1,0.00022268295288085938,0.0
14,pop3,1,0.0002186298370361328,0.0
14,pop0,1,0.00021529197692871094,0.0
15,pop36,5,0.0005900382995605469,0.0006905714921416215
15,pop51,1,0.00020599365234375,0.0
15,pop46,1,0.0002086162567138672,0.0
15,pop20,1,0.00021028518676757812,0.0
16,pop2,2,0.001134634017944336,0.0009341239929199219
16,pop56,4,0.0002276301383972168,4.600748902364641e-05
16,pop52,1,0.00021576881408691406,0.0
16,pop51,1,0.000232696533203125,0.0
16,pop29,1,0.00021004676818847656,0.0
17,pop51,2,0.0010571479797363281,0.0008440017700195312
17,pop46,4,0.00021189451217651367,1.1682966525067015e-05
17,pop45,1,0.0002105236053466797,0.0
18,pop2,3,0.0011081695556640625,0.0011164003365445473
18,pop49,4,0.0002295970916748047,3.802570797857423e-05
18,pop56,1,0.00021576881408691406,0.0
18,pop52,1,0.0002186298370361328,0.0
18,pop3,1,0.00022149085998535156,0.0
18,pop0,1,0.000213623046875,0.0
19,pop52,2,0.0009969472885131836,0.0007919073104858398
19,pop12,4,0.00021022558212280273,6.008845905633584e-06
20,pop2,5,0.0006255149841308594,0.0007597435323522361
20,pop56,1,0.00021505355834960938,0.0
20,pop52,1,0.00020885467529296875,0.0
20,pop51,1,0.0002205371856689453,0.0
20,pop22,1,0.00022268295288085938,0.0
20,pop21,1,0.0002124309539794922,0.0
21,pop52,3,0.0007703304290771484,0.0007805760439077846
21,pop12,3,0.00021298726399739584,5.021276155767858e-06
22,pop23,5,0.0005953788757324218,0.0007421458573162227
22,pop16,1,0.00021147727966308594,0.0
22,pop50,1,0.00021958351135253906,0.0
22,pop26,1,0.0002269744873046875,0.0
23,pop51,3,0.0007953643798828125,0.0008225475762703735
23,pop4,3,0.00023969014485677084,5.035294024310561e-05
23,pop52,1,0.0002143383026123047,0.0
23,pop3,1,0.00021266937255859375,0.0
23,pop0,1,0.0002148151397705078,0.0
24,pop52,2,0.0010775327682495117,0.0008581876754760742
24,pop48,4,0.00023287534713745117,2.8447030935468455e-05
24,pop30,1,0.00021338462829589844,0.0
24,pop31,1,0.00021409988403320312,0.0
25,pop10,5,0.001065206527709961,0.0009809523223975889
25,pop11,2,0.0013914108276367188,0.0011792182922363281
25,pop36,1,0.00021314620971679688,0.0
25,pop51,1,0.00022411346435546875,0.0
25,pop52,1,0.0002162456512451172,0.0
25,pop50,1,0.00022220611572265625,0.0
25,pop33,1,0.0002231597900390625,0.0
25,pop32,1,0.0002315044403076172,0.0
26,pop23,2,0.001146554946899414,0.0009331703186035156
26,pop21,1,0.00021219253540039062,0.0
26,pop22,4,0.00025707483291625977,7.777040368970255e-05
26,pop51,1,0.0002288818359375,0.0
26,pop9,1,0.00021958351135253906,0.0
27,pop2,2,0.0011754035949707031,0.0009560585021972656
27,pop56,1,0.00020503997802734375,0.0
27,pop48,3,0.0008708635965983073,0.0009326848339238138
27,pop30,3,0.0002791086832682292,6.387996626046361e-05
27,pop52,1,0.00021958351135253906,0.0
27,pop51,1,0.00021886825561523438,0.0
27,pop22,1,0.00022363662719726562,0.0
27,pop21,1,0.00022029876708984375,0.0
28,pop52,5,0.0005526065826416016,0.0006221177540875396
28,pop50,1,0.00021004676818847656,0.0
28,pop26,1,0.0002105236053466797,0.0
29,pop10,3,0.0008691151936848959,0.0009249880793349487
29,pop5,4,0.0002472400665283203,4.951736356340455e-05
29,pop36,1,0.0002224445343017578,0.0
29,pop51,1,0.00021791458129882812,0.0
29,pop52,1,0.00023102760314941406,0.0
29,pop34,1,0.00022125244140625,0.0
29,pop35,1,0.00021886825561523438,0.0
30,pop16,5,0.0005934715270996093,0.0007122289734169827
30,pop50,1,0.00021958351135253906,0.0
30,pop52,1,0.00022363662719726562,0.0
30,pop51,1,0.0002167224884033203,0.0
31,pop36,2,0.0011440515518188477,0.0009185075759887695
31,pop51,3,0.0002613067626953125,6.689698480265211e-05
31,pop52,1,0.00022220611572265625,0.0
31,pop48,1,0.0002193450927734375,0.0
31,pop30,1,0.000232696533203125,0.0
31,pop31,1,0.00021314620971679688,0.0
32,pop10,3,0.0008823871612548828,0.0009425841863869753
32,pop5,4,0.00021582841873168945,6.571395191724516e-06
33,pop16,2,0.0010981559753417969,0.000885009765625
33,pop50,2,0.001191854476928711,0.0009784698486328125
33,pop26,3,0.0002368291219075521,1.1338189878522577e-05
34,pop36,2,0.0011337995529174805,0.0009075403213500977
34,pop51,3,0.00026233990987141925,8.002873565495503e-05
34,pop46,1,0.0002148151397705078,0.0
34,pop20,1,0.0002300739288330078,0.0
35,pop10,3,0.0008900165557861328,0.0009499903693271816
35,pop5,4,0.00024121999740600586,4.605194645635429e-05
35,pop36,1,0.00022125244140625,0.0
35,pop51,1,0.0002231597900390625,0.0
35,pop46,1,0.00022459030151367188,0.0
35,pop45,1,0.0002465248107910156,0.0
36,pop16,5,0.0006071090698242188,0.0007120452129494868
36,pop50,1,0.00021886825561523438,0.0
36,pop55,1,0.0002219676971435547,0.0
36,pop56,1,0.0002186298370361328,0.0
37,pop36,2,0.0011535882949829102,0.0009256601333618164
37,pop28,4,0.00025600194931030273,6.618518113892735e-05
37,pop51,1,0.0002193450927734375,0.0
37,pop52,1,0.00022149085998535156,0.0
37,pop50,1,0.0002243518829345703,0.0
37,pop17,1,0.0002257823944091797,0.0
37,pop25,1,0.00022292137145996094,0.0
38,pop52,2,0.0010590553283691406,0.0008370876312255859
38,pop50,4,0.00025528669357299805,6.27132359689841e-05
38,pop17,1,0.00022339820861816406,0.0
38,pop25,1,0.00022292137145996094,0.0
39,pop51,4,0.000673830509185791,0.0007849924996118993
39,pop29,2,0.001371145248413086,0.0011570453643798828
39,pop43,2,0.000270843505859375,5.1975250244140625e-05
39,pop52,1,0.00021767616271972656,0.0
39,pop3,1,0.00021886825561523438,0.0
39,pop0,1,0.00021266937255859375,0.0
40,pop52,3,0.0007915496826171875,0.0008024771526189004
40,pop34,4,0.00026041269302368164,6.730488817528128e-05
40,pop51,1,0.00022101402282714844,0.0
40,pop46,1,0.0002243518829345703,0.0
40,pop20,1,0.00021839141845703125,0.0
41,pop23,3,0.0008301734924316406,0.0008547437627818123
41,pop21,2,0.0012662410736083984,0.001049041748046875
41,pop24,2,0.0012714862823486328,0.0010554790496826172
41,pop14,2,0.00028455257415771484,2.849102020263672e-05
41,pop50,1,0.0002257823944091797,0.0
41,pop52,1,0.0002281665802001953,0.0
41,pop51,1,0.0002307891845703125,0.0
42,pop16,2,0.0011428594589233398,0.0009185075759887695
42,pop50,4,0.00023305416107177734,2.2035668693364795e-05
42,pop52,1,0.00023651123046875,0.0
43,pop51,3,0.0008022785186767578,0.0008211947398044092
43,pop29,3,0.00025280316670735675,5.225387362716265e-05
43,pop52,1,0.00022459030151367188,0.0
43,pop50,1,0.00022029876708984375,0.0
43,pop26,1,0.0002448558807373047,0.0
44,pop2,5,0.0006411552429199218,0.0007647683366162821
44,pop56,1,0.0002193450927734375,0.0
44,pop52,1,0.00022459030151367188,0.0
44,pop50,1,0.00022649765014648438,0.0
44,pop17,1,0.00021767616271972656,0.0
44,pop25,1,0.00022363662719726562,0.0
45,pop23,3,0.0008596579233805338,0.0008993036785329283
45,pop21,4,0.0002586841583251953,6.0169405408769515e-05
45,pop16,1,0.00021505355834960938,0.0
45,pop50,1,0.00022912025451660156,0.0
45,pop53,1,0.00022172927856445312,0.0
45,pop7,1,0.00022172927856445312,0.0
46,pop2,5,0.0006318092346191406,0.000810421231305304
46,pop56,1,0.0002205371856689453,0.0
47,pop10,5,0.0006756305694580079,0.0008237271080675663
47,pop36,1,0.0002205371856689453,0.0
47,pop51,1,0.00022268295288085938,0.0
47,pop22,1,0.00023365020751953125,0.0
47,pop21,1,0.00022220611572265625,0.0
48,pop36,5,0.00062408447265625,0.0007402241734679529
48,pop51,1,0.00021982192993164062,0.0
48,pop9,1,0.0002522468566894531,0.0
49,pop2,2,0.001239180564880371,0.0010055303573608398
49,pop56,4,0.00027495622634887695,6.517737245291346e-05
49,pop52,1,0.00022912025451660156,0.0
49,pop51,1,0.00022292137145996094,0.0
49,pop46,1,0.0002269744873046875,0.0
49,pop45,1,0.00022602081298828125,0.0
50,pop23,2,0.0011960268020629883,0.0009676218032836914
50,pop24,4,0.00024586915969848633,4.110642440297399e-05
50,pop14,1,0.0002219676971435547,0.0
50,pop27,1,0.0002281665802001953,0.0
50,pop44,1,0.00022840499877929688,0.0
50,pop45,1,0.00021839141845703125,0.0
51,pop10,3,0.0009349187215169271,0.0010032279541353781
51,pop11,4,0.00026106834411621094,7.006768743065306e-05
51,pop36,1,0.00021982192993164062,0.0
51,pop51,1,0.00023365020751953125,0.0
51,pop52,1,0.0002231597900390625,0.0
51,pop50,1,0.00022459030151367188,0.0
51,pop17,1,0.00022339820861816406,0.0
51,pop25,1,0.00023889541625976562,0.0
52,pop36,2,0.001160264015197754,0.0009273290634155273
52,pop51,1,0.00022363662719726562,0.0
52,pop43,1,0.0022695064544677734,0.0
52,pop42,2,0.0013363361358642578,0.0011146068572998047
52,pop53,3,0.0009378592173258463,0.0009761092546464551
52,pop1,2,0.0002989768981933594,6.604194641113281e-05
52,pop50,1,0.00022411346435546875,0.0
52,pop33,1,0.00022482872009277344,0.0
52,pop32,1,0.00022149085998535156,0.0
53,pop2,2,0.0012481212615966797,0.0010066032409667969
53,pop56,3,0.0002465248107910156,3.474754829072313e-05
53,pop52,1,0.00021839141845703125,0.0
53,pop51,1,0.00021982192993164062,0.0
53,pop29,1,0.00021886825561523438,0.0
54,pop52,4,0.0006570816040039062,0.0007345844535860159
54,pop51,1,0.00021576881408691406,0.0
55,pop23,4,0.0007081031799316406,0.0008185376852074761
55,pop21,1,0.0002193450927734375,0.0
55,pop22,1,0.0002186298370361328,0.0
55,pop51,1,0.0002238750457763672,0.0
56,pop10,3,0.0009323755900065104,0.0009936015136656256
56,pop11,4,0.00025153160095214844,5.690617478869382e-05
56,pop36,1,0.00022912025451660156,0.0
56,pop51,1,0.00023174285888671875,0.0
56,pop52,1,0.00023221969604492188,0.0
56,pop34,1,0.00025463104248046875,0.0
56,pop35,1,0.0002238750457763672,0.0
57,pop2,3,0.0009049574534098307,0.0009522432146222845
57,pop49,4,0.0002532005310058594,4.861547172561536e-05
57,pop56,1,0.00022411346435546875,0.0
57,pop52,1,0.00022482872009277344,0.0
57,pop51,1,0.00022602081298828125,0.0
57,pop46,1,0.00022530555725097656,0.0
57,pop45,1,0.00022339820861816406,0.0
58,pop16,5,0.0006234169006347657,0.000748886053932185
58,pop50,1,0.0002231597900390625,0.0
58,pop52,1,0.00022172927856445312,0.0
59,pop51,4,0.0007027983665466309,0.0007642873274768665
59,pop52,1,0.0002357959747314453,0.0
59,pop50,1,0.00024390220642089844,0.0
59,pop26,1,0.00025391578674316406,0.0
60,pop52,2,0.0010842084884643555,0.000844120979309082
60,pop3,2,0.0012618303298950195,0.0010074377059936523
60,pop0,2,0.00022339820861816406,1.6689300537109375e-06
61,pop36,5,0.000653839111328125,0.0007951513269201725
61,pop51,1,0.0002522468566894531,0.0
61,pop52,1,0.0002257823944091797,0.0
61,pop34,1,0.00022935867309570312,0.0
61,pop35,1,0.00022101402282714844,0.0
62,pop16,2,0.0012164115905761719,0.0009779930114746094
62,pop50,1,0.00023031234741210938,0.0
62,pop53,4,0.0007992982864379883,0.000884454177746521
62,pop1,2,0.0013521909713745117,0.0011240243911743164
62,pop52,1,0.00023746490478515625,0.0
62,pop51,1,0.0002532005310058594,0.0
62,pop9,1,0.0002262592315673828,0.0
63,pop51,5,0.0006244182586669922,0.0007032551316212032
63,pop22,1,0.0002522468566894531,0.0
63,pop21,1,0.00021696090698242188,0.0
64,pop2,3,0.0009407997131347656,0.00100092335379422
64,pop49,4,0.00024390220642089844,3.0415427339595608e-05
64,pop56,1,0.00023055076599121094,0.0
64,pop52,1,0.00023698806762695312,0.0
64,pop12,1,0.000225067138671875,0.0
65,pop51,3,0.0008378028869628906,0.0008648757656543944
65,pop4,4,0.0002428293228149414,3.1687479571780836e-05
65,pop52,1,0.00023055076599121094,0.0
65,pop56,1,0.00022149085998535156,0.0
66,pop2,5,0.0006621360778808593,0.00084458034156753
66,pop56,1,0.0002231597900390625,0.0
66,pop52,1,0.00022530555725097656,0.0
66,pop51,1,0.0002243518829345703,0.0
67,pop2,2,0.001301407814025879,0.0010679960250854492
67,pop56,1,0.0002238750457763672,0.0
67,pop55,4,0.00023365020751953125,1.6494878731814234e-05
67,pop50,1,0.00022292137145996094,0.0
67,pop26,1,0.0002200603485107422,0.0
68,pop36,2,0.001248478889465332,0.0010188817977905273
68,pop10,4,0.00022643804550170898,6.4908883457424485e-06
69,pop16,4,0.0007364749908447266,0.0008291111070611377
69,pop50,1,0.00022482872009277344,0.0
69,pop55,1,0.00022220611572265625,0.0
69,pop56,1,0.00021886825561523438,0.0
70,pop23,2,0.0012693405151367188,0.0010335445404052734
70,pop21,1,0.00022745132446289062,0.0
70,pop22,3,0.00027179718017578125,5.8058065307248804e-05
70,pop51,1,0.00022840499877929688,0.0
70,pop52,1,0.0002512931823730469,0.0
70,pop50,1,0.0002269744873046875,0.0
70,pop26,1,0.00022268295288085938,0.0
71,pop10,5,0.0006863117218017578,0.0008813664163439789
71,pop36,1,0.0002231597900390625,0.0
71,pop51,1,0.00022649765014648438,0.0
71,pop52,1,0.00022983551025390625,0.0
71,pop56,1,0.0002288818359375,0.0
72,pop16,2,0.0012230873107910156,0.0009839534759521484
72,pop50,2,0.00022482872009277344,2.1457672119140625e-06
72,pop55,3,0.0002528826395670573,2.9901868084432354e-05
72,pop26,1,0.00021839141845703125,0.0
73,pop36,2,0.001263737678527832,0.0010224580764770508
73,pop28,2,0.0014058351516723633,0.001155257225036621
73,pop51,2,0.00023102760314941406,1.6689300537109375e-06
73,pop29,2,0.00029146671295166016,3.9696693420410156e-05
73,pop52,1,0.00022745132446289062,0.0
73,pop3,1,0.00022721290588378906,0.0
73,pop0,1,0.00023245811462402344,0.0
74,pop52,5,0.0006228446960449219,0.0007132068151856688
74,pop50,1,0.00022459030151367188,0.0
74,pop33,1,0.00022220611572265625,0.0
74,pop32,1,0.00022077560424804688,0.0
75,pop36,2,0.0012758970260620117,0.0010415315628051758
75,pop28,4,0.0002517104148864746,4.59911153991848e-05
75,pop51,1,0.0002276897430419922,0.0
75,pop52,1,0.00022983551025390625,0.0
75,pop34,1,0.000225067138671875,0.0
75,pop35,1,0.0002455711364746094,0.0
76,pop52,2,0.001196146011352539,0.0009551048278808594
76,pop53,3,0.00028634071350097656,6.996058628401843e-05
76,pop50,1,0.0002231597900390625,0.0
76,pop17,1,0.00022554397583007812,0.0
76,pop25,1,0.0002448558807373047,0.0
77,pop36,3,0.0009423096974690756,0.0009951174951774097
77,pop28,4,0.0002378225326538086,2.4967161274008223e-05
77,pop10,1,0.0002257823944091797,0.0
78,pop23,4,0.0007800459861755371,0.0008823029662812482
78,pop24,1,0.00022220611572265625,0.0
78,pop14,1,0.00023102760314941406,0.0
78,pop27,1,0.0002493858337402344,0.0
78,pop44,1,0.00024771690368652344,0.0
78,pop45,1,0.0002193450927734375,0.0
79,pop16,2,0.0012451410293579102,0.0010083913803100586
79,pop23,3,0.0002434253692626953,1.7109751813897282e-05
79,pop21,1,0.0002257823944091797,0.0
79,pop22,1,0.0002224445343017578,0.0
79,pop51,1,0.0002288818359375,0.0
80,pop51,5,0.0006346702575683594,0.0007350214104832554
80,pop52,1,0.0002300739288330078,0.0
80,pop50,1,0.00024771690368652344,0.0
80,pop17,1,0.00022745132446289062,0.0
80,pop25,1,0.00022840499877929688,0.0
81,pop36,5,0.0006755352020263672,0.0008273735161280881
81,pop51,1,0.00022745132446289062,0.0
81,pop52,1,0.0002276897430419922,0.0
81,pop50,1,0.0002269744873046875,0.0
81,pop14,1,0.0002231597900390625,0.0
82,pop23,4,0.0013266205787658691,0.001097787989911763
82,pop24,2,0.00026023387908935547,3.421306610107422e-05
82,pop14,1,0.0002262592315673828,0.0
82,pop50,1,0.00022912025451660156,0.0
82,pop35,1,0.00022459030151367188,0.0
83,pop2,2,0.0013926029205322266,0.0011444091796875
83,pop56,4,0.0002599358558654785,5.197890705184817e-05
83,pop52,1,0.0002238750457763672,0.0
83,pop50,1,0.00023603439331054688,0.0
83,pop14,1,0.00022482872009277344,0.0
84,pop36,5,0.0006717205047607422,0.0008741593790042476
84,pop51,1,0.00022125244140625,0.0
85,pop52,4,0.0007004141807556152,0.0007895167686703914
85,pop12,3,0.0009726683298746744,0.0010470197497978978
85,pop34,3,0.0010910828908284504,0.0012134359016614056
85,pop35,2,0.0002613067626953125,3.24249267578125e-05
86,pop36,2,0.0013537406921386719,0.001100778579711914
86,pop51,3,0.00023285547892252603,4.089571739917948e-06
86,pop29,2,0.0014662742614746094,0.0012378692626953125
86,pop4,2,0.00025641918182373047,2.7060508728027344e-05
86,pop52,1,0.00022530555725097656,0.0
86,pop12,1,0.000225067138671875,0.0
87,pop10,3,0.001041094462076823,0.0011397342486184322
87,pop5,4,0.0002688765525817871,6.316256143846595e-05
87,pop36,1,0.0002465248107910156,0.0
87,pop51,1,0.00022935867309570312,0.0
87,pop9,1,0.0002276897430419922,0.0
88,pop51,2,0.0012611150741577148,0.001017928123474121
88,pop46,3,0.0002353191375732422,6.888055381781403e-06
88,pop45,1,0.0002231597900390625,0.0
89,pop23,2,0.0012906789779663086,0.0010532140731811523
89,pop21,4,0.00025218725204467773,3.5985560759964595e-05
89,pop22,1,0.00022673606872558594,0.0
89,pop51,1,0.00023293495178222656,0.0
89,pop52,1,0.0002288818359375,0.0
89,pop12,1,0.00022602081298828125,0.0
90,pop36,4,0.000826716423034668,0.0009659157400656915
90,pop51,1,0.0002257823944091797,0.0
90,pop52,1,0.00022411346435546875,0.0
90,pop50,1,0.0002288818359375,0.0
90,pop14,1,0.00022172927856445312,0.0
91,pop16,5,0.0006844997406005859,0.0008190892405779186
91,pop50,1,0.00023221969604492188,0.0
91,pop14,1,0.00023126602172851562,0.0
91,pop27,1,0.00023221969604492188,0.0
91,pop44,1,0.00025272369384765625,0.0
91,pop45,1,0.00030493736267089844,0.0
92,pop2,5,0.0007192134857177734,0.0009325163766711801
92,pop56,1,0.00023221969604492188,0.0
92,pop48,1,0.00022602081298828125,0.0
92,pop30,1,0.00023627281188964844,0.0
92,pop31,1,0.00022482872009277344,0.0
93,pop52,2,0.0012471675872802734,0.0009922981262207031
93,pop3,4,0.00024402141571044922,2.004524674510984e-05
93,pop0,1,0.00022459030151367188,0.0
94,pop36,3,0.001020352045694987,0.00110752430626013
94,pop10,5,0.0008319377899169922,0.001167873444162154
94,pop11,1,0.003354787826538086,0.0
94,pop51,1,0.0002646446228027344,0.0
94,pop52,1,0.0002560615539550781,0.0
94,pop12,1,0.00022363662719726562,0.0
95,pop10,5,0.0012942314147949218,0.0013085798493807303
95,pop11,4,0.0009965300559997559,0.0012837209347217678
95,pop36,1,0.00023055076599121094,0.0
95,pop51,1,0.0002295970916748047,0.0
95,pop52,1,0.00023317337036132812,0.0
95,pop12,1,0.00024199485778808594,0.0
96,pop16,3,0.0009600321451822916,0.0010237698660363077
96,pop23,3,0.00027672449747721356,5.9078223107478814e-05
96,pop50,1,0.0002357959747314453,0.0
96,pop53,1,0.00023627281188964844,0.0
96,pop3,1,0.00023508071899414062,0.0
96,pop0,1,0.00022840499877929688,0.0
97,pop52,5,0.0006382942199707031,0.0008056345672563726
98,pop51,5,0.0006818771362304688,0.0008106328879503032
98,pop52,1,0.00023245811462402344,0.0
98,pop3,1,0.00022840499877929688,0.0
98,pop0,1,0.00022602081298828125,0.0
99,pop23,5,0.0007115364074707031,0.0008933669393031704
99,pop16,1,0.00022220611572265625,0.0
99,pop50,1,0.00023603439331054688,0.0
99,pop52,1,0.00023293495178222656,0.0
99,pop48,1,0.00023555755615234375,0.0
99,pop30,1,0.00022935867309570312,0.0
99,pop31,1,0.00022912025451660156,0.0
100,pop16,2,0.0013580322265625,0.0010879039764404297
100,pop23,4,0.00026035308837890625,5.6612490352567144e-05
100,pop21,1,0.0002307891845703125,0.0
100,pop22,1,0.00022721290588378906,0.0
100,pop51,1,0.00023221969604492188,0.0
100,pop36,1,0.00023865699768066406,0.0
100,pop10,1,0.0002334117889404297,0.0
101,pop51,5,0.0006709098815917969,0.0008627301126667678
101,pop4,2,0.0015120506286621094,0.0012798309326171875
101,pop29,1,0.0028939247131347656,0.0
101,pop43,2,0.00031256675720214844,7.772445678710938e-05
101,pop52,1,0.0002579689025878906,0.0
101,pop50,1,0.00023746490478515625,0.0
101,pop17,1,0.0002300739288330078,0.0
101,pop25,1,0.0002288818359375,0.0
102,pop16,2,0.0013774633407592773,0.0011218786239624023
102,pop50,3,0.00029079119364420575,6.833104021670992e-05
102,pop17,1,0.00023031234741210938,0.0
102,pop25,1,0.0002281665802001953,0.0
103,pop36,4,0.0008527636528015137,0.0010437560538568457
103,pop51,1,0.00022864341735839844,0.0
103,pop29,1,0.0002288818359375,0.0
104,pop51,4,0.0007834434509277344,0.0009255315426651224
104,pop4,1,0.00275421142578125,0.0
104,pop29,2,0.0015627145767211914,0.001330733299255371
104,pop43,1,0.002908468246459961,0.0
104,pop42,2,0.001435995101928711,0.0012025833129882812
104,pop53,2,0.0003224611282348633,8.213520050048828e-05
104,pop50,1,0.00024199485778808594,0.0
104,pop17,1,0.00023698806762695312,0.0
104,pop25,1,0.00023484230041503906,0.0
105,pop52,3,0.0009551843007405599,0.0010103468702193689
105,pop12,4,0.0002683401107788086,6.399229723636529e-05
105,pop50,1,0.00022983551025390625,0.0
105,pop17,1,0.00023555755615234375,0.0
105,pop25,1,0.00022935867309570312,0.0
106,pop36,3,0.0010758241017659504,0.0011699643244459552
106,pop10,5,0.0008273601531982421,0.0011612487221865143
106,pop11,1,0.003362417221069336,0.0
106,pop51,1,0.00022745132446289062,0.0
106,pop52,1,0.00023102760314941406,0.0
106,pop56,1,0.00022673606872558594,0.0
107,pop23,2,0.0013768672943115234,0.0011332035064697266
107,pop21,1,0.00022673606872558594,0.0
107,pop22,4,0.0002716183662414551,5.5181766385158696e-05
107,pop51,1,0.00023937225341796875,0.0
107,pop52,1,0.0002460479736328125,0.0
107,pop50,1,0.00023508071899414062,0.0
107,pop26,1,0.00022983551025390625,0.0
108,pop2,2,0.0014868974685668945,0.0012398958206176758
108,pop56,4,0.0002554655075073242,3.985674841653363e-05
108,pop52,1,0.0002300739288330078,0.0
108,pop53,1,0.0002300739288330078,0.0
108,pop7,1,0.0002281665802001953,0.0
109,pop51,3,0.0009786287943522136,0.0010468218596489899
109,pop29,4,0.0002703666687011719,6.862666654563003e-05
109,pop52,1,0.00023174285888671875,0.0
109,pop50,1,0.0002295970916748047,0.0
109,pop33,1,0.00024080276489257812,0.0
109,pop32,1,0.00022935867309570312,0.0
110,pop10,4,0.0009453892707824707,0.0011583410966867498
110,pop36,1,0.0002319812774658203,0.0
110,pop51,1,0.00023126602172851562,0.0
110,pop52,1,0.00023555755615234375,0.0
110,pop50,1,0.0002384185791015625,0.0
110,pop26,1,0.0002281665802001953,0.0
111,pop52,3,0.0009564558664957682,0.0010129732593321915
111,pop34,3,0.0002617835998535156,3.878731518399693e-05
111,pop53,1,0.000232696533203125,0.0
111,pop7,1,0.00022125244140625,0.0
112,pop2,4,0.0008994340896606445,0.0010576851789832393
112,pop56,1,0.00022530555725097656,0.0
112,pop52,1,0.0002300739288330078,0.0
112,pop50,1,0.0002357959747314453,0.0
112,pop17,1,0.00022912025451660156,0.0
112,pop25,1,0.0002391338348388672,0.0
113,pop51,4,0.0007786750793457031,0.0009331587600430749
113,pop29,1,0.002809762954711914,0.0
113,pop43,3,0.0011038780212402344,0.0012349031255118766
113,pop42,2,0.00030481815338134766,6.99758529663086e-05
113,pop22,1,0.00023674964904785156,0.0
113,pop21,1,0.00023102760314941406,0.0
114,pop23,2,0.0013719797134399414,0.0011287927627563477
114,pop24,2,0.0014590024948120117,0.0012253522872924805
114,pop14,3,0.0010776519775390625,0.001174445871177607
114,pop27,2,0.00026595592498779297,2.2292137145996094e-05
114,pop50,1,0.00023865699768066406,0.0
114,pop26,1,0.00023698806762695312,0.0
115,pop52,3,0.0009545485178629557,0.0010161607813674732
115,pop34,4,0.0002530813217163086,2.8466070096090422e-05
115,pop51,1,0.00024318695068359375,0.0
115,pop29,1,0.00022363662719726562,0.0
116,pop23,2,0.0013998746871948242,0.0011478662490844727
116,pop21,4,0.00027483701705932617,6.735090129272915e-05
116,pop22,1,0.0002315044403076172,0.0
116,pop51,1,0.0002396106719970703,0.0
116,pop46,1,0.00022840499877929688,0.0
116,pop20,1,0.00023102760314941406,0.0
117,pop16,5,0.0007188796997070312,0.0009172675040886123
117,pop50,1,0.00023484230041503906,0.0
117,pop52,1,0.00023651123046875,0.0
117,pop51,1,0.00023365020751953125,0.0
118,pop52,3,0.0009851455688476562,0.0010491475319267965
118,pop13,3,0.0002853075663248698,7.180116682649073e-05
118,pop51,1,0.0002384185791015625,0.0
118,pop9,1,0.0002315044403076172,0.0
119,pop16,2,0.0014063119888305664,0.001156926155090332
119,pop23,1,0.00023126602172851562,0.0
119,pop21,4,0.00023239850997924805,3.7861853750126947e-06
120,pop36,2,0.0015265941619873047,0.001271963119506836
120,pop28,3,0.0002727508544921875,4.1290261734287034e-05
120,pop51,1,0.00023365020751953125,0.0
120,pop46,1,0.0002295970916748047,0.0
120,pop45,1,0.00022792816162109375,0.0
121,pop10,3,0.0011344750722249348,0.0012616649307906997
121,pop11,2,0.0018335580825805664,0.0016025304794311523
121,pop36,3,0.0002822081247965495,6.599712610617212e-05
121,pop51,1,0.0002319812774658203,0.0
121,pop52,1,0.00024056434631347656,0.0
121,pop50,1,0.00023484230041503906,0.0
121,pop33,1,0.00023865699768066406,0.0
121,pop32,1,0.00023102760314941406,0.0
122,pop2,3,0.0010937054951985676,0.0012070761712847787
122,pop49,3,0.0002716382344563802,2.6957353330537245e-05
122,pop56,1,0.00022721290588378906,0.0
122,pop52,1,0.00023484230041503906,0.0
122,pop51,1,0.00023245811462402344,0.0
122,pop29,1,0.0002315044403076172,0.0
123,pop52,5,0.0006801128387451172,0.0008614659137002637
123,pop56,1,0.00024771690368652344,0.0
124,pop16,3,0.0018585522969563801,0.0011357473080855782
124,pop50,1,0.00024008750915527344,0.0
124,pop14,3,0.00027624766031901043,4.119669453963165e-05
124,pop27,1,0.00023508071899414062,0.0
124,pop44,1,0.00023627281188964844,0.0
124,pop45,1,0.00023508071899414062,0.0
125,pop2,3,0.0011130174001057942,0.001230855787797724
125,pop49,3,0.00024159749348958334,1.1738870439248257e-05
125,pop56,1,0.0002315044403076172,0.0
126,pop52,2,0.0013632774353027344,0.0011057853698730469
126,pop53,3,0.0002518494923909505,2.7479457928020192e-05
126,pop50,1,0.0002288818359375,0.0
126,pop26,1,0.00022029876708984375,0.0
127,pop16,2,0.0014088153839111328,0.0011665821075439453
127,pop50,4,0.00026279687881469727,2.9230533471660103e-05
127,pop55,1,0.00023412704467773438,0.0
127,pop56,1,0.00023984909057617188,0.0
128,pop2,3,0.0011085669199625652,0.0012184399206515634
128,pop49,3,0.00023905436197916666,9.84629924564669e-06
128,pop56,1,0.0002269744873046875,0.0
129,pop52,2,0.001355290412902832,0.0010968446731567383
129,pop53,3,0.0002624988555908203,4.400141750002714e-05
129,pop50,1,0.0002224445343017578,0.0
129,pop35,1,0.00022220611572265625,0.0
130,pop16,3,0.0010326703389485676,0.0011183940891352363
130,pop23,3,0.0002895196278889974,7.901345028128693e-05
130,pop50,1,0.00024127960205078125,0.0
130,pop17,1,0.0002391338348388672,0.0
130,pop25,1,0.00024318695068359375,0.0
131,pop51,5,0.0007265090942382812,0.0009008595756222996
131,pop9,1,0.00023102760314941406,0.0
132,pop10,5,0.0008188724517822265,0.0010865192966617832
132,pop36,1,0.00022983551025390625,0.0
132,pop51,1,0.0002377033233642578,0.0
132,pop52,1,0.0002415180206298828,0.0
132,pop50,1,0.00023651123046875,0.0
132,pop17,1,0.0002353191375732422,0.0
132,pop25,1,0.0002288818359375,0.0
133,pop23,5,0.0007519245147705079,0.0009444536946627956
133,pop21,1,0.0002338886260986328,0.0
133,pop22,1,0.0002357959747314453,0.0
133,pop51,1,0.00023794174194335938,0.0
133,pop9,1,0.0002346038818359375,0.0
134,pop51,2,0.0013931989669799805,0.0011368989944458008
134,pop46,3,0.0010925134023030598,0.0011979435769723797
134,pop45,3,0.0012118021647135417,0.0013617556262275137
134,pop44,2,0.00032269954681396484,6.42538070678711e-05
134,pop20,1,0.000247955322265625,0.0
135,pop2,4,0.0009296536445617676,0.0011232149693715101
135,pop56,1,0.00023317337036132812,0.0
135,pop52,1,0.0002601146697998047,0.0
135,pop51,1,0.00023698806762695312,0.0
135,pop9,1,0.00023317337036132812,0.0
136,pop23,2,0.0014615058898925781,0.0012099742889404297
136,pop24,2,0.0015425682067871094,0.0013077259063720703
136,pop14,3,0.00029087066650390625,7.046953071021482e-05
136,pop50,1,0.00025916099548339844,0.0
136,pop52,1,0.0002319812774658203,0.0
136,pop51,1,0.0002384185791015625,0.0
136,pop36,1,0.00023794174194335938,0.0
136,pop10,1,0.0002455711364746094,0.0
137,pop2,5,0.0008045196533203125,0.0010493661595623203
137,pop56,1,0.00023651123046875,0.0
137,pop52,1,0.00023508071899414062,0.0
137,pop51,1,0.00023412704467773438,0.0
137,pop9,1,0.0002300739288330078,0.0
138,pop23,2,0.0014740228652954102,0.0012205839157104492
138,pop24,4,0.00024133920669555664,1.4916293090518133e-05
138,pop14,1,0.0002307891845703125,0.0
139,pop36,4,0.0009378194808959961,0.001104596100893534
139,pop51,1,0.00022983551025390625,0.0
139,pop46,1,0.00022792816162109375,0.0
139,pop20,1,0.00022721290588378906,0.0
140,pop10,3,0.0011931260426839192,0.0013328017160176915
140,pop5,4,0.00027316808700561523,6.350653232561825e-05
140,pop36,1,0.00023436546325683594,0.0
140,pop51,1,0.0002357959747314453,0.0
140,pop22,1,0.00023984909057617188,0.0
140,pop21,1,0.00023102760314941406,0.0
141,pop2,4,0.000929713249206543,0.0011218899482177403
141,pop56,1,0.00023055076599121094,0.0
141,pop52,1,0.0002415180206298828,0.0
141,pop51,1,0.0002605915069580078,0.0
141,pop9,1,0.0002346038818359375,0.0
142,pop23,2,0.0014363527297973633,0.001185774803161621
142,pop24,1,0.002963542938232422,0.0
142,pop14,2,0.0014979839324951172,0.0012631416320800781
142,pop50,2,0.0015360116958618164,0.0012954473495483398
142,pop53,2,0.0002989768981933594,2.6464462280273438e-05
142,pop52,1,0.0002353191375732422,0.0
142,pop51,1,0.00023627281188964844,0.0
143,pop2,2,0.0015902519226074219,0.0013284683227539062
143,pop56,1,0.0002319812774658203,0.0
143,pop48,4,0.0002751350402832031,6.353418986540341e-05
143,pop52,1,0.00024127960205078125,0.0
143,pop51,1,0.00023412704467773438,0.0
143,pop46,1,0.0002541542053222656,0.0
143,pop20,1,0.0002315044403076172,0.0
144,pop10,3,0.0012062390645345051,0.0013594577250958188
144,pop11,3,0.0002447764078776042,1.1183387383285781e-05
144,pop36,1,0.00023818016052246094,0.0
144,pop51,1,0.0002372264862060547,0.0
145,pop23,2,0.0014396905899047852,0.0011864900588989258
145,pop24,1,0.00023031234741210938,0.0
145,pop14,2,0.0015279054641723633,0.0012677907943725586
145,pop50,4,0.0002492070198059082,1.693390931192152e-05
145,pop26,2,0.0015982389450073242,0.001359105110168457
145,pop55,2,0.001619100570678711,0.0013804435729980469
146,pop52,3,0.0009911855061848958,0.0010532806530217792
146,pop12,4,0.0002582073211669922,4.061556889974679e-05
146,pop53,1,0.00024199485778808594,0.0
146,pop7,1,0.00023055076599121094,0.0
147,pop2,2,0.0016036033630371094,0.0013513565063476562
147,pop56,1,0.0002315044403076172,0.0
147,pop55,4,0.00026100873947143555,4.54631082454651e-05
147,pop50,1,0.00024199485778808594,0.0
147,pop33,1,0.000232696533203125,0.0
147,pop32,1,0.0002467632293701172,0.0
148,pop23,2,0.0014848709106445312,0.0012297630310058594
148,pop16,4,0.00026035308837890625,3.726506034839525e-05
148,pop50,1,0.00026345252990722656,0.0
148,pop55,1,0.00023555755615234375,0.0
148,pop56,1,0.0002353191375732422,0.0
149,pop16,4,0.0008997917175292969,0.0010525952511674676
149,pop50,1,0.00025725364685058594,0.0
149,pop17,1,0.0002295970916748047,0.0
149,pop25,1,0.00027942657470703125,0.0
150,pop36,2,0.0015755891799926758,0.0013157129287719727
150,pop51,4,0.0002765655517578125,6.725327067916521e-05
150,pop22,1,0.00024247169494628906,0.0
150,pop21,1,0.0002300739288330078,0.0
151,pop2,2,0.001576542854309082,0.0013240575790405273
151,pop56,2,0.0016016960144042969,0.0013687610626220703
151,pop48,3,0.0002544720967610677,2.3468054231378872e-06
151,pop57,2,0.0016582012176513672,0.0014202594757080078
151,pop30,2,0.0002617835998535156,2.09808349609375e-05
151,pop52,1,0.00023818016052246094,0.0
151,pop51,1,0.00023674964904785156,0.0
152,pop23,2,0.001489877700805664,0.001234292984008789
152,pop21,1,0.00023436546325683594,0.0
152,pop22,3,0.00028363863627115887,6.782839804085908e-05
152,pop51,1,0.0002353191375732422,0.0
152,pop52,1,0.00023436546325683594,0.0
152,pop50,1,0.0002353191375732422,0.0
152,pop26,1,0.00023698806762695312,0.0
153,pop2,2,0.0016150474548339844,0.0013592243194580078
153,pop56,2,0.0015931129455566406,0.0013582706451416016
153,pop48,2,0.00023555755615234375,1.6689300537109375e-06
153,pop57,3,0.0002964337666829427,5.6595278935964864e-05
153,pop52,1,0.0002384185791015625,0.0
153,pop51,1,0.00024366378784179688,0.0
153,pop46,1,0.00023937225341796875,0.0
153,pop20,1,0.0002353191375732422,0.0
154,pop23,2,0.0014892816543579102,0.001240372657775879
154,pop21,1,0.0002307891845703125,0.0
154,pop22,4,0.00027447938919067383,6.0933644986093635e-05
154,pop51,1,0.0002562999725341797,0.0
154,pop46,1,0.00024056434631347656,0.0
154,pop20,1,0.0004279613494873047,0.0
155,pop51,4,0.0008356571197509766,0.0009993725205343978
155,pop4,2,0.001652836799621582,0.0014189481735229492
155,pop29,1,0.003165721893310547,0.0
155,pop43,1,0.0002346038818359375,0.0
155,pop42,2,0.0002802610397338867,4.184246063232422e-05
155,pop53,1,0.0002338886260986328,0.0
155,pop50,1,0.0002415180206298828,0.0
155,pop14,1,0.00023937225341796875,0.0
156,pop36,2,0.0015707015991210938,0.0013153553009033203
156,pop28,4,0.000264585018157959,4.821492627675211e-05
156,pop51,1,0.0002377033233642578,0.0
156,pop52,1,0.00024366378784179688,0.0
156,pop50,1,0.00023818016052246094,0.0
156,pop14,1,0.00023031234741210938,0.0
157,pop52,4,0.0008434057235717773,0.0009682629301068481
157,pop50,1,0.0002384185791015625,0.0
157,pop26,1,0.0002295970916748047,0.0
158,pop51,3,0.0010534922281901042,0.0011372061773113422
158,pop4,4,0.0002529025077819824,2.8145702041080037e-05
158,pop52,1,0.0002415180206298828,0.0
158,pop56,1,0.00025153160095214844,0.0
159,pop51,2,0.0015082359313964844,0.0012352466583251953
159,pop46,4,0.00024646520614624023,4.7485864969848425e-06
159,pop45,1,0.000232696533203125,0.0
160,pop23,2,0.001525282859802246,0.001269221305847168
160,pop21,5,0.00028147697448730467,4.4225611764573174e-05
160,pop22,2,0.0016897916793823242,0.0014556646347045898
160,pop51,1,0.0002684593200683594,0.0
160,pop52,1,0.00027489662170410156,0.0
160,pop48,1,0.0004563331604003906,0.0
160,pop30,1,0.0004467964172363281,0.0
160,pop31,1,0.0004181861877441406,0.0
161,pop10,4,0.0009892582893371582,0.0012623371111507035
161,pop36,1,0.00023508071899414062,0.0
161,pop51,1,0.00026106834411621094,0.0
161,pop52,1,0.0002319812774658203,0.0
162,pop51,3,0.0010606447855631511,0.001153758856381685
162,pop43,3,0.00023976961771647135,7.816671883860781e-06
163,pop51,3,0.0010882218678792317,0.0011748605769459032
163,pop43,4,0.00026786327362060547,4.404924394310266e-05
163,pop52,1,0.00023627281188964844,0.0
163,pop53,1,0.0002446174621582031,0.0
163,pop7,1,0.00023412704467773438,0.0
164,pop16,2,0.001501917839050293,0.0012511014938354492
164,pop23,4,0.0002606511116027832,1.5655384331258372e-05
164,pop24,1,0.00023436546325683594,0.0
164,pop14,1,0.0002243518829345703,0.0
165,pop2,5,0.0008359909057617188,0.001138679252370399
165,pop56,1,0.00023365020751953125,0.0
165,pop52,1,0.00024127960205078125,0.0
165,pop51,1,0.00023746490478515625,0.0
165,pop29,1,0.00024437904357910156,0.0
166,pop36,4,0.0009624361991882324,0.0012174666139596572
166,pop51,1,0.00023627281188964844,0.0
166,pop29,1,0.00022864341735839844,0.0
167,pop52,5,0.0007287025451660156,0.0009318192432514718
167,pop56,1,0.00023627281188964844,0.0
168,pop51,5,0.0013119697570800782,0.001306823654812523
168,pop29,2,0.0016903877258300781,0.0014505386352539062
168,pop43,2,0.0002943277359008789,5.5670738220214844e-05
168,pop52,1,0.00025010108947753906,0.0
168,pop50,1,0.0002446174621582031,0.0
168,pop14,1,0.00024271011352539062,0.0
169,pop2,2,0.0016688108444213867,0.001404881477355957
169,pop56,4,0.0002664923667907715,4.7533685873597724e-05
169,pop52,1,0.0002455711364746094,0.0
169,pop50,1,0.0002357959747314453,0.0
169,pop26,1,0.00022935867309570312,0.0
170,pop36,5,0.000832366943359375,0.0010896308182365747
170,pop51,1,0.0002391338348388672,0.0
170,pop52,1,0.000270843505859375,0.0
170,pop50,1,0.00024056434631347656,0.0
170,pop17,1,0.0002474784851074219,0.0
170,pop25,1,0.0004279613494873047,0.0
171,pop16,5,0.0007956027984619141,0.0010291154518578057
171,pop50,1,0.00023818016052246094,0.0
171,pop17,1,0.0002410411834716797,0.0
171,pop25,1,0.0004305839538574219,0.0
172,pop23,2,0.0015696287155151367,0.001309514045715332
172,pop24,3,0.0002880096435546875,6.242865031015241e-05
172,pop14,1,0.00023293495178222656,0.0
172,pop27,1,0.0002465248107910156,0.0
172,pop25,1,0.00042247772216796875,0.0
173,pop10,3,0.0012803077697753906,0.0014517330709588746
173,pop11,3,0.00028856595357259113,6.468729529264464e-05
173,pop36,1,0.0002372264862060547,0.0
173,pop51,1,0.0002422332763671875,0.0
173,pop9,1,0.0004298686981201172,0.0
174,pop51,3,0.0010902881622314453,0.0011860302460965984
174,pop4,4,0.0002613663673400879,2.9269400810270682e-05
174,pop52,1,0.00024175643920898438,0.0
174,pop56,1,0.00023651123046875,0.0
175,pop36,2,0.0017070770263671875,0.0014460086822509766
175,pop28,4,0.00028651952743530273,7.165011351998419e-05
175,pop51,1,0.0002799034118652344,0.0
175,pop46,1,0.0002627372741699219,0.0
175,pop20,1,0.0004227161407470703,0.0
176,pop36,2,0.0017343759536743164,0.0014716386795043945
176,pop51,3,0.0002795855204264323,5.285990762175208e-05
176,pop52,1,0.00024318695068359375,0.0
176,pop3,1,0.00023555755615234375,0.0
176,pop0,1,0.00023603439331054688,0.0
177,pop52,4,0.0008852481842041016,0.0010663975854393417
177,pop12,2,0.001700282096862793,0.0014597177505493164
177,pop56,1,0.0002543926239013672,0.0
178,pop2,2,0.0016632080078125,0.001401662826538086
178,pop56,1,0.0002391338348388672,0.0
178,pop48,2,0.0016683340072631836,0.0014292001724243164
178,pop30,2,0.0017584562301635742,0.0015195608139038086
178,pop31,2,0.00024116039276123047,3.5762786865234375e-07
179,pop51,4,0.0016148686408996582,0.0013682403067086625
179,pop29,3,0.0002689361572265625,2.830327461971636e-05
179,pop52,1,0.00024509429931640625,0.0
179,pop56,1,0.00023245811462402344,0.0
180,pop16,5,0.0008069992065429688,0.0010704607457436852
180,pop50,1,0.0002562999725341797,0.0
180,pop52,1,0.00024366378784179688,0.0
180,pop51,1,0.0004487037658691406,0.0
181,pop52,4,0.0008798837661743164,0.001016106929726997
181,pop12,2,0.0016856193542480469,0.0014274120330810547
181,pop51,1,0.00024580955505371094,0.0
181,pop46,1,0.0002276897430419922,0.0
181,pop45,1,0.0002315044403076172,0.0
182,pop36,3,0.0012370745340983074,0.0014015448334164184
182,pop10,4,0.0002643465995788574,4.5524956999497504e-05
182,pop51,1,0.00024271011352539062,0.0
182,pop52,1,0.0004525184631347656,0.0
182,pop3,1,0.0005164146423339844,0.0
182,pop0,1,0.0004367828369140625,0.0
183,pop51,4,0.0008931756019592285,0.0011226633988933275
183,pop29,2,0.0018029212951660156,0.0015587806701660156
183,pop43,2,0.0002918243408203125,5.364418029785156e-05
183,pop52,1,0.0002446174621582031,0.0
183,pop50,1,0.0002460479736328125,0.0
183,pop14,1,0.0004305839538574219,0.0
184,pop23,3,0.0012094974517822266,0.0012167899702066642
184,pop21,5,0.0008711814880371094,0.0012065769805388936
184,pop22,3,0.0023574034372965493,0.0014918522490844565
184,pop16,1,0.00044798851013183594,0.0
184,pop50,1,0.00042724609375,0.0
184,pop35,1,0.0004355907440185547,0.0
185,pop16,2,0.0015696287155151367,0.0013087987899780273
185,pop23,1,0.0002429485321044922,0.0
185,pop21,3,0.001266797383626302,0.0014528330994062935
185,pop22,4,0.0010120272636413574,0.0013150576045688565
186,pop52,3,0.0010751088460286458,0.0011569594989541837
186,pop34,4,0.0002727508544921875,5.6584369153179595e-05
186,pop51,1,0.0002434253692626953,0.0
186,pop46,1,0.0004947185516357422,0.0
186,pop45,1,0.0004253387451171875,0.0
187,pop51,3,0.0011315345764160156,0.0012398346251583632
187,pop29,4,0.0002676844596862793,4.6589447381794416e-05
187,pop52,1,0.0002446174621582031,0.0
187,pop53,1,0.00024437904357910156,0.0
187,pop7,1,0.0004208087921142578,0.0
188,pop10,5,0.0009269237518310547,0.0012768969789209482
188,pop36,1,0.0002636909484863281,0.0
188,pop51,1,0.00024008750915527344,0.0
188,pop46,1,0.00026607513427734375,0.0
188,pop20,1,0.00048160552978515625,0.0
189,pop36,2,0.0017451047897338867,0.0014868974685668945
189,pop10,4,0.0002465248107910156,1.0060303538247177e-05
190,pop16,2,0.0016115903854370117,0.0013564825057983398
190,pop50,4,0.0003504157066345215,0.00018752302348710708
190,pop53,1,0.00044989585876464844,0.0
190,pop3,1,0.0004448890686035156,0.0
190,pop0,1,0.00044035911560058594,0.0
191,pop2,5,0.0008811473846435547,0.0011904207938572423
191,pop56,1,0.0002338886260986328,0.0
191,pop52,1,0.00024199485778808594,0.0
191,pop51,1,0.00024771690368652344,0.0
191,pop36,1,0.00027251243591308594,0.0
191,pop10,1,0.0004553794860839844,0.0
192,pop16,2,0.0016415119171142578,0.0013799667358398438
192,pop50,4,0.0002516508102416992,1.3721501890161708e-05
192,pop26,1,0.0004425048828125,0.0
193,pop2,2,0.0017826557159423828,0.0015256404876708984
193,pop56,1,0.0002391338348388672,0.0
193,pop55,3,0.0002777576446533203,5.2305942734867745e-05
193,pop50,1,0.0002415180206298828,0.0
193,pop33,1,0.00023698806762695312,0.0
193,pop32,1,0.00043320655822753906,0.0
194,pop16,2,0.0016118288040161133,0.0013562440872192383
194,pop23,1,0.0002384185791015625,0.0
194,pop21,4,0.0010404586791992188,0.0012746814378056962
194,pop22,4,0.0019425153732299805,0.0015979130979622974
194,pop51,2,0.0035707950592041016,0.00311279296875
194,pop4,2,0.0005751848220825195,0.00013124942779541016
195,pop23,3,0.0012039343516031902,0.0013214444806704292
195,pop24,4,0.0002797842025756836,6.229218660915711e-05
195,pop21,1,0.00023746490478515625,0.0
195,pop22,1,0.0004277229309082031,0.0
195,pop51,1,0.00046324729919433594,0.0
195,pop36,1,0.0004413127899169922,0.0
195,pop10,1,0.00043654441833496094,0.0
196,pop16,2,0.0016646385192871094,0.0014030933380126953
196,pop23,1,0.00026035308837890625,0.0
196,pop24,4,0.00026422739028930664,3.541233290294953e-05
196,pop14,1,0.0004341602325439453,0.0
196,pop50,1,0.0004360675811767578,0.0
196,pop52,1,0.0004611015319824219,0.0
196,pop12,1,0.0004298686981201172,0.0
197,pop36,5,0.0008707046508789062,0.0011993831873950195
197,pop51,1,0.00024008750915527344,0.0
197,pop52,1,0.0002474784851074219,0.0
197,pop3,1,0.00024056434631347656,0.0
197,pop0,1,0.0004010200500488281,0.0
198,pop16,4,0.0009852051734924316,0.0012117937855502857
198,pop23,2,0.0017911195755004883,0.0015505552291870117
198,pop50,1,0.0004448890686035156,0.0
198,pop52,1,0.00045418739318847656,0.0
198,pop12,1,0.00042700767517089844,0.0
199,pop16,3,0.0012660026550292969,0.0012911754153705787
199,pop23,4,0.00029146671295166016,6.906622467890613e-05
199,pop50,1,0.00043654441833496094,0.0
199,pop17,1,0.0004475116729736328,0.0
199,pop25,1,0.00041604042053222656,0.0
200,pop52,5,0.0013770580291748047,0.0013005992395566995
200,pop12,2,0.0017275810241699219,0.001483917236328125
200,pop34,2,0.00038611888885498047,0.00014603137969970703
200,pop56,1,0.00043463706970214844,0.0
201,pop51,5,0.0008200168609619141,0.0010714620560974548
201,pop9,1,0.0004909038543701172,0.0
202,pop23,4,0.0010024309158325195,0.0011866529499124582
202,pop21,1,0.0002410411834716797,0.0
202,pop22,1,0.00023674964904785156,0.0
202,pop51,1,0.00045180320739746094,0.0
202,pop9,1,0.0004417896270751953,0.0
203,pop10,3,0.0013839403788248699,0.0015753389978027735
203,pop11,4,0.0002868175506591797,7.531631215525083e-05
203,pop36,1,0.0004634857177734375,0.0
203,pop51,1,0.00043964385986328125,0.0
203,pop46,1,0.00044608116149902344,0.0
203,pop20,1,0.0004277229309082031,0.0
204,pop36,2,0.001824021339416504,0.0015369653701782227
204,pop28,3,0.0002773602803548177,4.5812088442211814e-05
204,pop51,1,0.00023937225341796875,0.0
204,pop46,1,0.00045871734619140625,0.0
204,pop45,1,0.000431060791015625,0.0
205,pop51,3,0.0012443860371907551,0.0012757802648688552
205,pop46,3,0.0003039042154947917,7.034879004178465e-05
205,pop9,1,0.0004343986511230469,0.0
206,pop10,3,0.0014576117197672527,0.001549353584578627
206,pop11,4,0.00028330087661743164,5.0872730174964705e-05
206,pop36,1,0.00043892860412597656,0.0
206,pop51,1,0.00044536590576171875,0.0
206,pop52,1,0.00043964385986328125,0.0
206,pop50,1,0.00044465065002441406,0.0
206,pop14,1,0.0004699230194091797,0.0
207,pop2,2,0.0018260478973388672,0.0015544891357421875
207,pop56,2,0.0017895698547363281,0.0015463829040527344
207,pop48,2,0.0017840862274169922,0.0015113353729248047
207,pop30,2,0.000499725341796875,5.030632019042969e-05
207,pop31,1,0.00043845176696777344,0.0
208,pop10,3,0.0014058748881022136,0.0016156311749177517
208,pop11,3,0.00025971730550130207,2.3899274143460024e-05
208,pop36,1,0.00041937828063964844,0.0
208,pop51,1,0.0004448890686035156,0.0
208,pop52,1,0.0004477500915527344,0.0
209,pop51,3,0.0012044111887613933,0.0013412249875993393
209,pop4,3,0.000276645024617513,5.1917010428183156e-05
209,pop52,1,0.0004525184631347656,0.0
209,pop50,1,0.0004608631134033203,0.0
209,pop14,1,0.00042748451232910156,0.0
210,pop23,4,0.0009554028511047363,0.0012127112029161416
210,pop16,2,0.0018012523651123047,0.0015537738800048828
210,pop21,1,0.0036149024963378906,0.0
210,pop24,2,0.0033295154571533203,0.0028917789459228516
210,pop14,2,0.003433704376220703,0.00299835205078125
210,pop27,2,0.0004851818084716797,3.9577484130859375e-05
210,pop50,1,0.000446319580078125,0.0
210,pop26,1,0.00042700767517089844,0.0
211,pop2,2,0.0017921924591064453,0.001528024673461914
211,pop56,2,0.0017511844635009766,0.0015039443969726562
211,pop48,3,0.0023621718088785806,0.0028625705912923363
211,pop57,2,0.0004812479019165039,7.510185241699219e-06
211,pop52,1,0.0004565715789794922,0.0
212,pop36,2,0.0018451213836669922,0.0015788078308105469
212,pop28,2,0.0018508434295654297,0.0016062259674072266
212,pop51,3,0.000452121098836263,0.0001474733212457126
212,pop46,1,0.00044226646423339844,0.0
212,pop45,1,0.00042700767517089844,0.0
213,pop51,3,0.0012789567311604817,0.0013089318285336782
213,pop4,4,0.0002537369728088379,1.279863155139856e-05
213,pop29,1,0.00043272972106933594,0.0
214,pop23,2,0.0017136335372924805,0.0014487504959106445
214,pop16,3,0.00027100245157877606,3.7659235744176275e-05
214,pop50,1,0.0004534721374511719,0.0
214,pop52,1,0.0004451274871826172,0.0
214,pop51,1,0.0004458427429199219,0.0
215,pop36,5,0.0008929252624511718,0.0012489919066934756
215,pop51,1,0.0004355907440185547,0.0
215,pop52,1,0.0004515647888183594,0.0
215,pop53,1,0.00047278404235839844,0.0
215,pop7,1,0.0004279613494873047,0.0
216,pop10,3,0.0014965534210205078,0.001577757208155148
216,pop5,3,0.00040268898010253906,0.00021665318992981043
216,pop36,1,0.000438690185546875,0.0
216,pop51,1,0.0004515647888183594,0.0
216,pop9,1,0.00042939186096191406,0.0
217,pop51,3,0.0012667179107666016,0.001294431372177571
217,pop4,4,0.00036215782165527344,0.0001933845120107086
217,pop22,1,0.00044083595275878906,0.0
217,pop21,1,0.0004296302795410156,0.0
218,pop23,2,0.0017437934875488281,0.0014591217041015625
218,pop21,5,0.00039491653442382815,0.0001467646057907673
218,pop22,2,0.001944422721862793,0.0015081167221069336
218,pop51,1,0.0004544258117675781,0.0
218,pop52,1,0.00047898292541503906,0.0
218,pop3,1,0.00044155120849609375,0.0
218,pop0,1,0.00042557716369628906,0.0
219,pop16,2,0.001694321632385254,0.0014084577560424805
219,pop23,1,0.0002455711364746094,0.0
219,pop21,1,0.0002474784851074219,0.0
219,pop22,3,0.00044846534729003906,0.00012487717903378643
219,pop51,1,0.000446319580078125,0.0
219,pop52,1,0.0005023479461669922,0.0
220,pop36,2,0.0018466711044311523,0.001576066017150879
220,pop28,4,0.0003822445869445801,0.00014415704648374525
220,pop51,1,0.0004508495330810547,0.0
220,pop52,1,0.00044846534729003906,0.0
220,pop53,1,0.0005395412445068359,0.0
220,pop7,1,0.000431060791015625,0.0
221,pop23,2,0.0016492605209350586,0.0013839006423950195
221,pop21,1,0.0002646446228027344,0.0
221,pop22,1,0.0034232139587402344,0.0
221,pop51,2,0.0036162137985229492,0.0031703710556030273
221,pop46,3,0.0026193459828694663,0.003080710029005937
221,pop45,2,0.00044345855712890625,1.33514404296875e-05
221,pop44,2,0.0005893707275390625,0.00010013580322265625
221,pop20,1,0.0004470348358154297,0.0
222,pop52,4,0.0010946989059448242,0.0010657081465532542
222,pop12,2,0.0018353462219238281,0.0015935897827148438
222,pop51,1,0.0004458427429199219,0.0
222,pop22,1,0.00043845176696777344,0.0
222,pop21,1,0.000423431396484375,0.0
223,pop23,3,0.001278241475423177,0.0012943266090945473
223,pop21,2,0.0019196271896362305,0.0016349554061889648
223,pop24,1,0.0062255859375,0.0
223,pop14,3,0.0024071534474690757,0.002803048595112654
223,pop27,2,0.000453948974609375,3.5762786865234375e-06
224,pop52,2,0.0016388893127441406,0.0013697147369384766
224,pop53,4,0.0003992319107055664,0.00017436089592775042
224,pop50,1,0.0004487037658691406,0.0
224,pop17,1,0.0004363059997558594,0.0
224,pop25,1,0.0004565715789794922,0.0
225,pop23,2,0.0017064809799194336,0.0014477968215942383
225,pop21,1,0.003491640090942383,0.0
225,pop22,1,0.00024390220642089844,0.0
225,pop51,4,0.0004875063896179199,4.486115782275925e-05
225,pop52,1,0.00046062469482421875,0.0
225,pop12,1,0.0004382133483886719,0.0
226,pop52,4,0.0024455785751342773,0.0023942401629562585
226,pop12,5,0.0010477066040039062,0.0011776762747394392
226,pop51,1,0.00045752525329589844,0.0
226,pop46,1,0.0004942417144775391,0.0
226,pop20,1,0.0004994869232177734,0.0
227,pop10,5,0.0010779380798339843,0.0013636233810486657
227,pop36,1,0.0004475116729736328,0.0
227,pop51,1,0.0004489421844482422,0.0
227,pop52,1,0.0004405975341796875,0.0
227,pop34,1,0.00044417381286621094,0.0
227,pop35,1,0.0004355907440185547,0.0
228,pop52,3,0.0012351671854654949,0.0012346215749497362
228,pop34,4,0.0003504157066345215,0.00010859820700443331
228,pop12,1,0.00043654441833496094,0.0
229,pop16,2,0.0017305612564086914,0.0014702081680297852
229,pop23,1,0.00024890899658203125,0.0
229,pop21,1,0.0034983158111572266,0.0
229,pop22,3,0.000514984130859375,0.0001084290022630282
229,pop51,1,0.0004456043243408203,0.0
229,pop46,1,0.00045609474182128906,0.0
229,pop45,1,0.0004379749298095703,0.0
230,pop23,2,0.0017486810684204102,0.001483321189880371
230,pop24,1,0.0002493858337402344,0.0
230,pop14,4,0.00047022104263305664,4.2269191831220564e-05
230,pop50,1,0.000438690185546875,0.0
230,pop52,1,0.0005049705505371094,0.0
231,pop2,5,0.0010262012481689453,0.001240313591574983
231,pop56,1,0.00043082237243652344,0.0
231,pop52,1,0.00044226646423339844,0.0
231,pop50,1,0.00043582916259765625,0.0
231,pop26,1,0.00043129920959472656,0.0
232,pop10,4,0.001203775405883789,0.0014877078145315652
232,pop36,1,0.00043654441833496094,0.0
232,pop51,1,0.00048351287841796875,0.0
232,pop29,1,0.00042247772216796875,0.0
233,pop16,2,0.0017126798629760742,0.0014415979385375977
233,pop50,4,0.0018860697746276855,0.0024978557699012823
233,pop26,4,0.0019672513008117676,0.0026066762802678693
233,pop52,1,0.00045418739318847656,0.0
234,pop51,4,0.0011359453201293945,0.0011970494403087634
234,pop46,1,0.0004487037658691406,0.0
234,pop45,1,0.00045228004455566406,0.0
235,pop36,4,0.0012566447257995605,0.001361013940171923
235,pop51,1,0.0004551410675048828,0.0
235,pop52,1,0.0004622936248779297,0.0
235,pop48,1,0.0004508495330810547,0.0
235,pop30,1,0.00043392181396484375,0.0
235,pop31,1,0.0004177093505859375,0.0
236,pop23,2,0.0017693042755126953,0.0015003681182861328
236,pop24,2,0.00333249568939209,0.002883315086364746
236,pop14,3,0.00046253204345703125,4.7670600994925405e-05
236,pop50,1,0.00043845176696777344,0.0
236,pop35,1,0.00040912628173828125,0.0
237,pop10,3,0.0015180110931396484,0.0016346904631176639
237,pop11,4,0.000508427619934082,6.169434896613756e-05
237,pop36,1,0.0004971027374267578,0.0
237,pop51,1,0.00041294097900390625,0.0
237,pop52,1,0.0005438327789306641,0.0
237,pop53,1,0.00043702125549316406,0.0
237,pop7,1,0.0004799365997314453,0.0
238,pop16,2,0.00410914421081543,0.0035860538482666016
238,pop23,1,0.00046753883361816406,0.0
238,pop21,4,0.00045567750930786133,4.1958410166248216e-05
238,pop22,1,0.00045680999755859375,0.0
238,pop51,1,0.0004265308380126953,0.0
238,pop29,1,0.0004329681396484375,0.0
239,pop16,5,0.0016273975372314454,0.00231753170211808
239,pop23,1,0.00044226646423339844,0.0
239,pop21,1,0.0004394054412841797,0.0
240,pop52,3,0.004129886627197266,0.0025640112411178064
240,pop48,2,0.003489851951599121,0.0030480623245239258
240,pop30,2,0.0004930496215820312,4.6253204345703125e-05
240,pop31,1,0.000431060791015625,0.0
241,pop16,3,0.002437114715576172,0.002728698940034924
241,pop23,4,0.0004923343658447266,6.365083985444183e-05
241,pop50,1,0.0004687309265136719,0.0
241,pop35,1,0.00043892860412597656,0.0
242,pop23,5,0.0016727924346923828,0.002277343149148296
242,pop21,1,0.0004353523254394531,0.0
242,pop22,1,0.0004336833953857422,0.0
242,pop51,1,0.0004553794860839844,0.0
242,pop9,1,0.0004222393035888672,0.0
243,pop2,2,0.0037459135055541992,0.0032118558883666992
243,pop56,3,0.0005336602528889974,0.00011678070946224645
243,pop52,1,0.0004558563232421875,0.0
243,pop53,1,0.0004291534423828125,0.0
243,pop7,1,0.0004062652587890625,0.0
244,pop10,5,0.001937532424926758,0.0027885074962112977
244,pop36,1,0.0004506111145019531,0.0
244,pop51,1,0.00051116943359375,0.0
244,pop22,1,0.00043654441833496094,0.0
244,pop21,1,0.00042510032653808594,0.0
245,pop23,2,0.003484964370727539,0.0029752254486083984
245,pop21,4,0.0004996061325073242,0.00010253752236916176
245,pop22,1,0.0004496574401855469,0.0
245,pop51,1,0.00044655799865722656,0.0
245,pop52,1,0.0004420280456542969,0.0
245,pop3,1,0.0004439353942871094,0.0
245,pop0,1,0.0004875659942626953,0.0
246,pop51,4,0.0019341111183166504,0.0024976632221572373
246,pop4,2,0.0037785768508911133,0.0033301115036010742
246,pop29,3,0.00046626726786295575,3.05711339202145e-05
246,pop52,1,0.0004296302795410156,0.0
247,pop52,3,0.0022716522216796875,0.002503673833132182
247,pop3,4,0.0004850625991821289,7.084813777736606e-05
247,pop34,1,0.0004374980926513672,0.0
247,pop35,1,0.0004336833953857422,0.0
248,pop16,4,0.0019680261611938477,0.0025364388511785294
248,pop50,1,0.0004429817199707031,0.0
248,pop52,1,0.00045013427734375,0.0
249,pop36,4,0.002133667469024658,0.002829058792414667
249,pop51,1,0.000457763671875,0.0
249,pop52,1,0.00044465065002441406,0.0
249,pop12,1,0.00043845176696777344,0.0
250,pop10,3,0.002900997797648112,0.003431575443505379
250,pop5,3,0.00046555201212565106,2.4957261871748236e-05
251,pop23,2,0.0034433603286743164,0.002931952476501465
251,pop21,1,0.0004565715789794922,0.0
251,pop22,3,0.0005276203155517578,0.00011044743357426633
251,pop51,1,0.00046372413635253906,0.0
251,pop9,1,0.0004379749298095703,0.0
252,pop51,2,0.0034236907958984375,0.002892732620239258
252,pop46,2,0.003758072853088379,0.0032824277877807617
252,pop45,2,0.00047206878662109375,4.267692565917969e-05
253,pop36,2,0.0038417577743530273,0.0032976865768432617
253,pop51,2,0.0004652738571166992,2.2649765014648438e-06
253,pop4,4,0.000522911548614502,0.00011547798094910936
253,pop22,1,0.0004563331604003906,0.0
253,pop21,1,0.0004565715789794922,0.0
254,pop51,3,0.0024525324503580728,0.0027737334843648868
254,pop43,4,0.00045758485794067383,4.0507090308582895e-05
254,pop52,1,0.0004482269287109375,0.0
254,pop12,1,0.0004284381866455078,0.0
255,pop36,2,0.0038475990295410156,0.0033211708068847656
255,pop28,4,0.000519871711730957,0.0001322817632906759
255,pop51,1,0.0004544258117675781,0.0
255,pop52,1,0.0004947185516357422,0.0
255,pop50,1,0.00043964385986328125,0.0
255,pop17,1,0.0004277229309082031,0.0
255,pop25,1,0.00040984153747558594,0.0
256,pop10,3,0.0029144287109375,0.0034164937323248926
256,pop5,3,0.0005304813385009766,0.00012124282166067678
256,pop36,1,0.0004417896270751953,0.0
256,pop51,1,0.0005044937133789062,0.0
256,pop52,1,0.0004253387451171875,0.0
256,pop50,1,0.0004372596740722656,0.0
256,pop33,1,0.0004451274871826172,0.0
256,pop32,1,0.0004382133483886719,0.0
257,pop23,5,0.0016711235046386718,0.002382415010891513
257,pop24,2,0.003470778465270996,0.0030385255813598633
257,pop16,2,0.0037848949432373047,0.0033292770385742188
257,pop21,2,0.0005645751953125,0.00010347366333007812
257,pop50,1,0.00044655799865722656,0.0
257,pop33,1,0.00044465065002441406,0.0
257,pop32,1,0.0004417896270751953,0.0
258,pop52,5,0.0016116619110107422,0.00218762082898996
258,pop51,1,0.00046896934509277344,0.0
258,pop46,1,0.00044345855712890625,0.0
258,pop45,1,0.0004401206970214844,0.0
259,pop16,3,0.0046647389729817705,0.002947205755584124
259,pop23,3,0.0004603862762451172,7.92898614326281e-06
259,pop24,2,0.003585338592529297,0.0031342506408691406
259,pop21,1,0.007659912109375,0.0
259,pop22,2,0.0004826784133911133,3.1828880310058594e-05
259,pop51,1,0.0005209445953369141,0.0
259,pop29,1,0.00045490264892578125,0.0
260,pop2,4,0.002161085605621338,0.0027889867990589863
260,pop56,1,0.0004467964172363281,0.0
260,pop52,1,0.0004410743713378906,0.0
260,pop50,1,0.0004413127899169922,0.0
260,pop17,1,0.0004439353942871094,0.0
260,pop25,1,0.0004508495330810547,0.0
261,pop23,2,0.003583669662475586,0.003061532974243164
261,pop24,4,0.0004630088806152344,1.8287653071609926e-05
261,pop14,1,0.0004317760467529297,0.0
262,pop51,3,0.0025575955708821616,0.002891615794483988
262,pop36,4,0.0005145072937011719,0.0001086515345675537
262,pop22,1,0.0004432201385498047,0.0
262,pop21,1,0.0004355907440185547,0.0
263,pop36,4,0.0022622346878051758,0.0029574590840406793
263,pop51,1,0.0004353523254394531,0.0
263,pop46,1,0.00043964385986328125,0.0
263,pop45,1,0.0004177093505859375,0.0
264,pop10,5,0.0020151615142822267,0.002997848540354744
264,pop36,1,0.0005218982696533203,0.0
264,pop51,1,0.0004553794860839844,0.0
264,pop52,1,0.0004467964172363281,0.0
264,pop34,1,0.0004329681396484375,0.0
264,pop35,1,0.00040984153747558594,0.0
265,pop23,2,0.0035953521728515625,0.0030994415283203125
265,pop16,4,0.00046885013580322266,2.6109011659454384e-05
265,pop50,1,0.00043320655822753906,0.0
265,pop26,1,0.0004394054412841797,0.0
266,pop52,5,0.0016620159149169922,0.002252634407723416
266,pop51,1,0.000453948974609375,0.0
266,pop22,1,0.0004355907440185547,0.0
266,pop21,1,0.0004432201385498047,0.0
267,pop16,3,0.004663308461507161,0.0029201146170517575
267,pop23,2,0.003939509391784668,0.0034793615341186523
267,pop21,3,0.0027675628662109375,0.00326928110824016
267,pop22,4,0.002330958843231201,0.0031145220338708057
267,pop51,1,0.00048470497131347656,0.0
267,pop52,1,0.0004620552062988281,0.0
267,pop48,1,0.000438690185546875,0.0
267,pop30,1,0.00044536590576171875,0.0
267,pop31,1,0.00043320655822753906,0.0
268,pop23,5,0.0017242908477783203,0.0024161006109485327
268,pop21,1,0.00043463706970214844,0.0
268,pop22,1,0.00044536590576171875,0.0
268,pop51,1,0.00045013427734375,0.0
268,pop36,1,0.00045680999755859375,0.0
268,pop10,1,0.0004215240478515625,0.0
269,pop52,2,0.0034246444702148438,0.0028786659240722656
269,pop53,3,0.0005245208740234375,0.00010437198228498787
269,pop50,1,0.0004622936248779297,0.0
269,pop33,1,0.0004341602325439453,0.0
269,pop32,1,0.00042629241943359375,0.0
270,pop2,2,0.0039042234420776367,0.003359198570251465
270,pop56,4,0.0005243420600891113,0.00010240228891093219
270,pop52,1,0.00045013427734375,0.0
270,pop51,1,0.0004458427429199219,0.0
270,pop22,1,0.0004425048828125,0.0
270,pop21,1,0.0004405975341796875,0.0
271,pop16,2,0.003566741943359375,0.003049612045288086
271,pop23,1,0.000453948974609375,0.0
271,pop21,4,0.0005125999450683594,0.00011264476798100495
271,pop22,1,0.00044274330139160156,0.0
271,pop51,1,0.000457763671875,0.0
271,pop52,1,0.00046133995056152344,0.0
271,pop48,1,0.0004458427429199219,0.0
271,pop30,1,0.00045418739318847656,0.0
271,pop31,1,0.00047397613525390625,0.0
272,pop51,3,0.00260162353515625,0.002962296262810057
272,pop28,3,0.0005463759104410807,0.0001259362252246647
272,pop22,1,0.0004436969757080078,0.0
272,pop21,1,0.0004367828369140625,0.0
273,pop36,5,0.0019365787506103516,0.002844640009449709
273,pop51,1,0.000453948974609375,0.0
273,pop52,1,0.00044345855712890625,0.0
273,pop53,1,0.00043892860412597656,0.0
273,pop7,1,0.0004317760467529297,0.0
274,pop16,3,0.0025641918182373047,0.002926843652097878
274,pop23,2,0.0004634857177734375,1.2636184692382812e-05
274,pop21,4,0.000486910343170166,5.4781143578507966e-05
274,pop50,1,0.0004680156707763672,0.0
274,pop26,1,0.000453948974609375,0.0
275,pop36,2,0.00415802001953125,0.0036139488220214844
275,pop28,4,0.00045859813690185547,1.5069016142210904e-05
275,pop51,1,0.0004405975341796875,0.0
276,pop52,2,0.0033686161041259766,0.0028197765350341797
276,pop12,4,0.00045233964920043945,1.1584021251792218e-05
277,pop51,5,0.0017792224884033204,0.002524840917730646
277,pop36,1,0.0004496574401855469,0.0
277,pop10,1,0.0004343986511230469,0.0
278,pop52,3,0.002428929011027018,0.00275923391979337
278,pop12,2,0.0038650035858154297,0.0034210681915283203
278,pop48,3,0.0004698435465494792,3.4997667434715925e-05
278,pop30,1,0.00043010711669921875,0.0
278,pop31,1,0.0004055500030517578,0.0
279,pop10,3,0.003058274586995443,0.0036293158095785454
279,pop11,3,0.00048740704854329425,6.688773170277332e-05
279,pop36,1,0.0004489421844482422,0.0
279,pop51,1,0.0004334449768066406,0.0
279,pop52,1,0.00046133995056152344,0.0
279,pop56,1,0.000438690185546875,0.0
280,pop52,3,0.002422968546549479,0.0027241258798187205
280,pop34,4,0.002161562442779541,0.002817704001072107
280,pop35,2,0.003569364547729492,0.0031235218048095703
280,pop51,1,0.0004367828369140625,0.0
280,pop22,1,0.0004420280456542969,0.0
280,pop21,1,0.00045990943908691406,0.0
281,pop23,3,0.0025686422983805337,0.002933157786043447
281,pop21,2,0.0004595518112182617,1.6570091247558594e-05
281,pop22,1,0.007575511932373047,0.0
281,pop24,2,0.0038454532623291016,0.003381490707397461
281,pop14,3,0.0027457873026529946,0.0032551460020330066
281,pop27,2,0.0005387067794799805,0.00010764598846435547
281,pop50,1,0.00045871734619140625,0.0
281,pop33,1,0.00045871734619140625,0.0
281,pop32,1,0.0004482269287109375,0.0
282,pop51,2,0.0036764144897460938,0.0031011104583740234
282,pop43,2,0.004036545753479004,0.0035947561264038086
282,pop42,2,0.0004856586456298828,4.57763671875e-05
282,pop53,1,0.0004305839538574219,0.0
282,pop52,1,0.00044417381286621094,0.0
283,pop52,4,0.0020259618759155273,0.0025680648550099293
283,pop51,1,0.0004780292510986328,0.0
283,pop29,1,0.00045418739318847656,0.0
284,pop2,4,0.0022842884063720703,0.003005254684745499
284,pop56,1,0.0004324913024902344,0.0
284,pop52,1,0.000453948974609375,0.0
284,pop51,1,0.0004432201385498047,0.0
284,pop46,1,0.0004634857177734375,0.0
284,pop45,1,0.00042247772216796875,0.0
285,pop23,2,0.0037698745727539062,0.0032181739807128906
285,pop21,1,0.00048065185546875,0.0
285,pop22,1,0.007808685302734375,0.0
285,pop51,4,0.000516355037689209,0.00010405740236369431
285,pop9,1,0.00041985511779785156,0.0
286,pop16,4,0.0021480917930603027,0.0027473797969034186
286,pop50,1,0.00043082237243652344,0.0
286,pop52,1,0.0004563331604003906,0.0
286,pop51,1,0.0004782676696777344,0.0
286,pop9,1,0.00042939186096191406,0.0
287,pop36,5,0.0019725799560546876,0.002906594074411322
287,pop51,1,0.00045490264892578125,0.0
287,pop52,1,0.0004658699035644531,0.0
287,pop53,1,0.00048065185546875,0.0
287,pop7,1,0.0004379749298095703,0.0
288,pop10,5,0.0021001338958740235,0.0031900067947718915
288,pop36,1,0.0004565715789794922,0.0
288,pop51,1,0.0004475116729736328,0.0
288,pop52,1,0.0004432201385498047,0.0
288,pop12,1,0.0004353523254394531,0.0
289,pop2,5,0.0018943309783935546,0.0027235688403237286
289,pop56,1,0.0004470348358154297,0.0
289,pop52,1,0.00043845176696777344,0.0
289,pop50,1,0.0004487037658691406,0.0
289,pop17,1,0.0004744529724121094,0.0
289,pop25,1,0.0004401206970214844,0.0
290,pop23,2,0.0036776065826416016,0.0031709671020507812
290,pop24,3,0.0005095005035400391,7.941617533636926e-05
290,pop14,1,0.0004436969757080078,0.0
290,pop50,1,0.00044798851013183594,0.0
290,pop52,1,0.0004553794860839844,0.0
290,pop12,1,0.00043892860412597656,0.0
291,pop51,3,0.002660036087036133,0.0030482728314393313
291,pop4,4,0.0005068182945251465,0.0001024362830886033
291,pop9,1,0.0004303455352783203,0.0
292,pop16,5,0.0017722606658935546,0.0025331377094191766
292,pop50,1,0.00042724609375,0.0
292,pop53,1,0.0004467964172363281,0.0
292,pop3,1,0.0004410743713378906,0.0
292,pop0,1,0.00043392181396484375,0.0
293,pop2,3,0.002842505772908529,0.0033122086005600987
293,pop49,3,0.0005269845326741537,0.00012528396623298632
293,pop56,1,0.00042510032653808594,0.0
293,pop52,1,0.00043272972106933594,0.0
293,pop51,1,0.0004668235778808594,0.0
293,pop22,1,0.00044846534729003906,0.0
293,pop21,1,0.0004208087921142578,0.0
294,pop10,3,0.0031757354736328125,0.00378627029471085
294,pop5,4,0.00048106908798217773,4.493648682354852e-05
294,pop36,1,0.0004544258117675781,0.0
294,pop51,1,0.00046515464782714844,0.0
294,pop52,1,0.0004475116729736328,0.0
294,pop56,1,0.0004286766052246094,0.0
295,pop23,5,0.0018442153930664062,0.0026670645662525104
295,pop16,1,0.0004942417144775391,0.0
295,pop50,1,0.0004439353942871094,0.0
295,pop33,1,0.00044226646423339844,0.0
295,pop32,1,0.0004165172576904297,0.0
296,pop52,5,0.0016821861267089845,0.0024066508228397757
297,pop16,5,0.0018229007720947266,0.002557564660983319
297,pop50,1,0.0005123615264892578,0.0
297,pop52,1,0.0004642009735107422,0.0
297,pop51,1,0.0004584789276123047,0.0
297,pop36,1,0.0004253387451171875,0.0
297,pop10,1,0.0004608631134033203,0.0
298,pop23,4,0.0021726489067077637,0.002807967830697654
298,pop16,1,0.00044608116149902344,0.0
298,pop50,1,0.00044536590576171875,0.0
298,pop52,1,0.0004565715789794922,0.0
298,pop12,1,0.0004241466522216797,0.0
299,pop36,5,0.002017641067504883,0.0030108030380665957
299,pop51,1,0.0004532337188720703,0.0
299,pop52,1,0.00046539306640625,0.0
299,pop56,1,0.0004470348358154297,0.0
300,pop51,4,0.00220489501953125,0.0027879399706153577
300,pop29,2,0.00419306755065918,0.003731250762939453
300,pop52,1,0.00044226646423339844,0.0
300,pop50,1,0.0004744529724121094,0.0
300,pop33,1,0.00044655799865722656,0.0
300,pop32,1,0.0003948211669921875,0.0
301,pop52,2,0.0035583972930908203,0.003002643585205078
301,pop34,4,0.00046050548553466797,2.337079803897995e-05
301,pop35,1,0.00043392181396484375,0.0
302,pop2,2,0.004102945327758789,0.0035448074340820312
302,pop56,2,0.0040624141693115234,0.003570556640625
302,pop55,3,0.000459591547648112,2.2112028972913242e-05
302,pop50,1,0.0004634857177734375,0.0
302,pop26,1,0.00043702125549316406,0.0
303,pop23,2,0.0038068294525146484,0.003287076950073242
303,pop21,4,0.0005178451538085938,0.00011486543457598244
303,pop22,1,0.0004470348358154297,0.0
303,pop51,1,0.0005035400390625,0.0
303,pop46,1,0.0004382133483886719,0.0
303,pop20,1,0.00043392181396484375,0.0
304,pop52,4,0.002052485942840576,0.0026380533784924765
304,pop51,1,0.0004062652587890625,0.0
304,pop29,1,0.0004138946533203125,0.0
305,pop2,2,0.0041120052337646484,0.0035490989685058594
305,pop56,3,0.0005064805348714193,7.142280330304123e-05
305,pop52,1,0.0004565715789794922,0.0
305,pop53,1,0.00043487548828125,0.0
305,pop7,1,0.00043082237243652344,0.0
306,pop23,3,0.0026836395263671875,0.0030746552954395885
306,pop21,4,0.0005052089691162109,6.936997412785609e-05
306,pop16,1,0.0004620552062988281,0.0
306,pop50,1,0.0004467964172363281,0.0
306,pop35,1,0.0004477500915527344,0.0
307,pop52,4,0.002007901668548584,0.002637653442992954
307,pop12,2,0.003970742225646973,0.0035234689712524414
307,pop3,3,0.000514825185139974,9.607456883959465e-05
307,pop51,1,0.00048351287841796875,0.0
307,pop36,1,0.0004801750183105469,0.0
307,pop10,1,0.00045418739318847656,0.0
308,pop10,3,0.003224054972330729,0.0038151529275099153
308,pop11,3,0.0005079110463460287,4.723830948150809e-05
308,pop36,1,0.0004630088806152344,0.0
308,pop51,1,0.0004570484161376953,0.0
308,pop52,1,0.0004603862762451172,0.0
308,pop12,1,0.0004303455352783203,0.0
309,pop36,2,0.004356026649475098,0.0037642717361450195
309,pop28,4,0.0004965066909790039,8.083277698575716e-05
309,pop51,1,0.00045371055603027344,0.0
309,pop52,1,0.0004544258117675781,0.0
309,pop3,1,0.0004258155822753906,0.0
309,pop0,1,0.0005190372467041016,0.0
310,pop2,4,0.002316117286682129,0.003028429207986801
310,pop56,1,0.00044846534729003906,0.0
310,pop52,1,0.0004565715789794922,0.0
310,pop50,1,0.0004589557647705078,0.0
310,pop33,1,0.0004444122314453125,0.0
310,pop32,1,0.0004363059997558594,0.0
311,pop52,3,0.002581993738810221,0.0029026377422881264
311,pop12,4,0.0005106925964355469,0.00012008192626031272
311,pop51,1,0.00044655799865722656,0.0
311,pop46,1,0.0004336833953857422,0.0
311,pop20,1,0.00042319297790527344,0.0
312,pop16,2,0.0037919282913208008,0.003289341926574707
312,pop50,3,0.0005122025807698568,7.767820574867222e-05
312,pop53,1,0.00044345855712890625,0.0
312,pop3,1,0.0004401206970214844,0.0
312,pop0,1,0.0004363059997558594,0.0
313,pop10,4,0.002617955207824707,0.0035766063122882733
313,pop36,1,0.00045371055603027344,0.0
313,pop51,1,0.0004680156707763672,0.0
313,pop52,1,0.00048732757568359375,0.0
313,pop48,1,0.0004425048828125,0.0
313,pop30,1,0.0004215240478515625,0.0
313,pop31,1,0.00042557716369628906,0.0
314,pop36,2,0.004272103309631348,0.003767848014831543
314,pop28,2,0.004205107688903809,0.0037649869918823242
314,pop51,1,0.0004439353942871094,0.0
314,pop43,2,0.004468560218811035,0.004024624824523926
314,pop42,2,0.0005674362182617188,0.00013065338134765625
314,pop53,1,0.0004436969757080078,0.0
314,pop50,1,0.00044918060302734375,0.0
314,pop17,1,0.0004432201385498047,0.0
314,pop25,1,0.00044465065002441406,0.0
315,pop2,5,0.0019744396209716796,0.002882971404726782
315,pop56,1,0.0005097389221191406,0.0
315,pop52,1,0.0004630088806152344,0.0
315,pop50,1,0.00043964385986328125,0.0
315,pop33,1,0.00044274330139160156,0.0
315,pop32,1,0.0004222393035888672,0.0
316,pop10,5,0.00220184326171875,0.003324177796531623
316,pop36,1,0.0004534721374511719,0.0
316,pop51,1,0.0005774497985839844,0.0
316,pop22,1,0.0004515647888183594,0.0
316,pop21,1,0.0004363059997558594,0.0
317,pop2,3,0.0029631455739339194,0.003478402679223252
317,pop49,4,0.0004911422729492188,5.450850467720615e-05
317,pop56,1,0.00046253204345703125,0.0
317,pop52,1,0.00046372413635253906,0.0
317,pop51,1,0.00044846534729003906,0.0
317,pop29,1,0.00042748451232910156,0.0
318,pop23,5,0.0018722057342529298,0.0026458910995631395
318,pop21,1,0.00047779083251953125,0.0
318,pop22,1,0.00045752525329589844,0.0
318,pop51,1,0.00046563148498535156,0.0
318,pop46,1,0.0005304813385009766,0.0
318,pop20,1,0.0004398822784423828,0.0
319,pop10,3,0.0032903353373209634,0.00395417775443877
319,pop5,4,0.0004502534866333008,8.81584734653679e-06
320,pop51,4,0.0022058486938476562,0.0028948357527820976
320,pop52,1,0.00045800209045410156,0.0
320,pop50,1,0.0004630088806152344,0.0
320,pop14,1,0.0004324913024902344,0.0
321,pop36,2,0.0044214725494384766,0.0039017200469970703
321,pop28,4,0.0004884004592895508,4.673688337297412e-05
321,pop51,1,0.0004584789276123047,0.0
321,pop52,1,0.0004787445068359375,0.0
321,pop12,1,0.0004405975341796875,0.0
322,pop10,3,0.003270228703816732,0.00393044917222766
322,pop11,4,0.0005081295967102051,9.354433922473707e-05
322,pop36,1,0.0004520416259765625,0.0
322,pop51,1,0.00047898292541503906,0.0
322,pop9,1,0.00042557716369628906,0.0
323,pop2,3,0.002953131993611654,0.003472713362121564
323,pop49,3,0.000474850336710612,3.0258397704696887e-05
323,pop56,1,0.00045609474182128906,0.0
324,pop10,3,0.0032885074615478516,0.003964542341920873
324,pop5,4,0.00046634674072265625,3.504428718761101e-05
324,pop36,1,0.0004520416259765625,0.0
324,pop51,1,0.00045871734619140625,0.0
324,pop52,1,0.0004544258117675781,0.0
325,pop23,2,0.003907322883605957,0.00339353084564209
325,pop24,4,0.00047403573989868164,5.022415546128001e-05
325,pop14,1,0.0004401206970214844,0.0
325,pop50,1,0.0004551410675048828,0.0
325,pop35,1,0.0004172325134277344,0.0
326,pop36,5,0.002088499069213867,0.00310892646766869
326,pop51,1,0.0004649162292480469,0.0
326,pop9,1,0.0004363059997558594,0.0
327,pop2,2,0.004282355308532715,0.003674626350402832
327,pop56,1,0.00045561790466308594,0.0
327,pop48,3,0.0004793802897135417,2.9230243121831474e-05
327,pop30,1,0.0004291534423828125,0.0
327,pop31,1,0.00045943260192871094,0.0
328,pop52,4,0.0020731091499328613,0.0027633918312118372
329,pop36,2,0.004479765892028809,0.003926634788513184
329,pop51,2,0.00045812129974365234,8.344650268554688e-07
329,pop43,4,0.00046193599700927734,1.6849042840636096e-05
330,pop16,5,0.001843881607055664,0.0026170483013822792
330,pop50,1,0.0004839897155761719,0.0
330,pop14,1,0.0004801750183105469,0.0
330,pop27,1,0.0004277229309082031,0.0
330,pop44,1,0.00043487548828125,0.0
330,pop45,1,0.0004551410675048828,0.0
331,pop51,3,0.002823988596598307,0.0032669850229201597
331,pop43,3,0.0005292097727457682,0.0001041901617705925
331,pop52,1,0.00045037269592285156,0.0
331,pop48,1,0.00044846534729003906,0.0
331,pop30,1,0.00044274330139160156,0.0
331,pop31,1,0.00042176246643066406,0.0
332,pop52,5,0.001808023452758789,0.0024898728632064956
332,pop51,1,0.00048422813415527344,0.0
332,pop22,1,0.0004715919494628906,0.0
332,pop21,1,0.0004382133483886719,0.0
333,pop23,2,0.00397491455078125,0.003425121307373047
333,pop21,1,0.0004527568817138672,0.0
333,pop22,4,0.0005151033401489258,0.00011376420503541554
333,pop51,1,0.0004971027374267578,0.0
333,pop9,1,0.0004265308380126953,0.0
334,pop23,2,0.004044651985168457,0.0034476518630981445
334,pop24,3,0.0005404154459635416,0.00011552101186455294
334,pop14,1,0.00046253204345703125,0.0
334,pop27,1,0.0004107952117919922,0.0
334,pop25,1,0.0004336833953857422,0.0
335,pop52,3,0.0026782353719075522,0.003067188777629165
335,pop34,3,0.0004906654357910156,4.161388960176914e-05
335,pop51,1,0.0004589557647705078,0.0
336,pop52,3,0.002682209014892578,0.003097614024658857
336,pop34,4,0.00046324729919433594,2.0466537410741813e-05
336,pop51,1,0.0004420280456542969,0.0
337,pop10,5,0.0022557735443115234,0.003501232109438772
337,pop36,1,0.0004589557647705078,0.0
337,pop51,1,0.00041222572326660156,0.0
337,pop29,1,0.0004379749298095703,0.0
338,pop2,2,0.00438690185546875,0.003816843032836914
338,pop56,4,0.000512242317199707,0.0001200835238801081
338,pop52,1,0.00045228004455566406,0.0
338,pop51,1,0.00045871734619140625,0.0
338,pop22,1,0.00043463706970214844,0.0
338,pop21,1,0.0004496574401855469,0.0
339,pop36,2,0.004604935646057129,0.004085421562194824
339,pop51,4,0.0004684329032897949,1.1680533524072247e-05
340,pop10,3,0.006480852762858073,0.004191139025334816
340,pop36,1,0.0004494190216064453,0.0
340,pop28,2,0.004495143890380859,0.004045009613037109
340,pop51,3,0.0004581610361735026,1.226614094934221e-05
340,pop29,1,0.008931636810302734,0.0
340,pop43,2,0.0005624294281005859,0.00011968612670898438
340,pop52,1,0.00045871734619140625,0.0
340,pop50,1,0.00044846534729003906,0.0
340,pop33,1,0.00045037269592285156,0.0
340,pop32,1,0.0004315376281738281,0.0
341,pop16,5,0.0018952369689941406,0.0027686773242641756
341,pop50,1,0.00043582916259765625,0.0
341,pop55,1,0.0004532337188720703,0.0
341,pop56,1,0.0004398822784423828,0.0
342,pop51,4,0.0023261308670043945,0.0030681598139988145
342,pop52,1,0.00045871734619140625,0.0
342,pop50,1,0.00046706199645996094,0.0
342,pop14,1,0.0004329681396484375,0.0
343,pop2,2,0.004374027252197266,0.0037953853607177734
343,pop56,2,0.004228949546813965,0.003761887550354004
343,pop48,2,0.0004856586456298828,4.076957702636719e-05
343,pop30,1,0.0004508495330810547,0.0
343,pop31,1,0.0004394054412841797,0.0
344,pop52,2,0.003798246383666992,0.0032525062561035156
344,pop53,3,0.0005354086558024088,0.00012119238488144448
344,pop50,1,0.00045037269592285156,0.0
344,pop33,1,0.0004405975341796875,0.0
344,pop32,1,0.0004317760467529297,0.0
345,pop36,3,0.006071647008260091,0.003884419041782642
345,pop51,3,0.00046102205912272137,1.0044438886394066e-05
345,pop4,2,0.004543304443359375,0.0040814876556396484
345,pop29,2,0.0005176067352294922,6.651878356933594e-05
345,pop52,1,0.0004482269287109375,0.0
345,pop3,1,0.0004451274871826172,0.0
345,pop0,1,0.00042557716369628906,0.0
346,pop10,2,0.005024313926696777,0.004436612129211426
346,pop36,1,0.00048232078552246094,0.0
346,pop28,4,0.0005052685737609863,9.787545486523967e-05
346,pop51,1,0.0004749298095703125,0.0
346,pop52,1,0.0004611015319824219,0.0
346,pop50,1,0.0004622936248779297,0.0
346,pop33,1,0.0004436969757080078,0.0
346,pop32,1,0.0004329681396484375,0.0
347,pop51,5,0.0019904136657714843,0.0028418758906051575
347,pop46,1,0.0005331039428710938,0.0
347,pop45,1,0.000423431396484375,0.0
348,pop23,5,0.0019485950469970703,0.0027754267777001873
348,pop16,1,0.00043702125549316406,0.0
348,pop50,1,0.0004572868347167969,0.0
348,pop17,1,0.00045299530029296875,0.0
348,pop25,1,0.0004258155822753906,0.0
349,pop16,4,0.0022649168968200684,0.003043717657743658
349,pop50,1,0.0004558563232421875,0.0
349,pop26,1,0.0004267692565917969,0.0
350,pop23,2,0.004062771797180176,0.003505110740661621
350,pop21,4,0.0004932284355163574,7.029879551230465e-05
350,pop22,1,0.00044727325439453125,0.0
350,pop51,1,0.00043845176696777344,0.0
350,pop36,1,0.0004417896270751953,0.0
350,pop10,1,0.0005269050598144531,0.0
351,pop52,4,0.002226591110229492,0.002848304019285526
351,pop51,1,0.0004489421844482422,0.0
351,pop22,1,0.0004227161407470703,0.0
351,pop21,1,0.00044465065002441406,0.0
352,pop10,5,0.0023217201232910156,0.0036114929242212963
352,pop36,1,0.000431060791015625,0.0
352,pop51,1,0.0004470348358154297,0.0
352,pop52,1,0.0004470348358154297,0.0
352,pop53,1,0.0004200935363769531,0.0
352,pop7,1,0.0004298686981201172,0.0
353,pop2,5,0.002128267288208008,0.0031893423503750514
353,pop56,1,0.0004763603210449219,0.0
353,pop52,1,0.00045609474182128906,0.0
353,pop50,1,0.0004451274871826172,0.0
353,pop14,1,0.00043702125549316406,0.0
354,pop23,2,0.004159450531005859,0.003576040267944336
354,pop24,4,0.0005254149436950684,6.639462487661278e-05
354,pop14,1,0.00043129920959472656,0.0
354,pop50,1,0.0004506111145019531,0.0
354,pop52,1,0.00042510032653808594,0.0
354,pop12,1,0.0004210472106933594,0.0
355,pop36,5,0.002248811721801758,0.0034479417116342684
355,pop51,1,0.0004591941833496094,0.0
355,pop52,1,0.00045561790466308594,0.0
355,pop53,1,0.00043487548828125,0.0
355,pop7,1,0.00042629241943359375,0.0
356,pop51,3,0.003055572509765625,0.003558100803042458
356,pop4,3,0.0004882017771402995,5.4910282741016826e-05
356,pop52,1,0.0004723072052001953,0.0
356,pop12,1,0.0004215240478515625,0.0
357,pop36,5,0.0022447586059570314,0.0034200335649607503
357,pop51,1,0.0004451274871826172,0.0
357,pop52,1,0.0004448890686035156,0.0
357,pop50,1,0.0004417896270751953,0.0
357,pop14,1,0.0005183219909667969,0.0
358,pop36,3,0.0064580440521240234,0.004181841778099739
358,pop28,2,0.004683017730712891,0.0042324066162109375
358,pop51,2,0.00045800209045410156,1.3113021850585938e-05
358,pop4,2,0.0005528926849365234,9.131431579589844e-05
358,pop52,1,0.00045800209045410156,0.0
358,pop50,1,0.0004401206970214844,0.0
358,pop26,1,0.00043463706970214844,0.0
359,pop16,4,0.002379477024078369,0.0030583597014952136
359,pop50,1,0.00047087669372558594,0.0
359,pop52,1,0.0004506111145019531,0.0
359,pop48,1,0.00044846534729003906,0.0
359,pop30,1,0.0004966259002685547,0.0
359,pop31,1,0.0004208087921142578,0.0
360,pop2,3,0.0031960010528564453,0.003814967384311571
360,pop49,4,0.0005245208740234375,8.19606996615102e-05
360,pop56,1,0.0004355907440185547,0.0
360,pop52,1,0.00044918060302734375,0.0
360,pop51,1,0.00045490264892578125,0.0
360,pop36,1,0.0004494190216064453,0.0
360,pop10,1,0.0004425048828125,0.0
361,pop52,5,0.001903867721557617,0.002731662220904762
361,pop53,1,0.0004572868347167969,0.0
361,pop7,1,0.0004291534423828125,0.0
362,pop10,4,0.002837955951690674,0.004044379693943239
362,pop11,2,0.005701661109924316,0.005252718925476074
362,pop5,2,0.0005294084548950195,7.903575897216797e-05
362,pop36,1,0.0004432201385498047,0.0
362,pop51,1,0.00046062469482421875,0.0
362,pop52,1,0.0004546642303466797,0.0
362,pop34,1,0.00044465065002441406,0.0
362,pop35,1,0.0004162788391113281,0.0
363,pop36,3,0.0034270286560058594,0.0041187433057740365
363,pop10,3,0.0004817644755045573,2.2305697239791084e-05
363,pop11,2,0.005694150924682617,0.00526881217956543
363,pop51,1,0.00045037269592285156,0.0
364,pop16,2,0.004165530204772949,0.003625035285949707
364,pop23,3,0.0005635420481363932,0.00010355206882046746
364,pop24,1,0.00043892860412597656,0.0
364,pop14,1,0.00043487548828125,0.0
364,pop27,1,0.0004551410675048828,0.0
364,pop44,1,0.00045680999755859375,0.0
364,pop45,1,0.00044465065002441406,0.0
365,pop2,2,0.00454258918762207,0.004031181335449219
365,pop56,4,0.0005173683166503906,0.00010131765762662018
365,pop52,1,0.0004642009735107422,0.0
365,pop50,1,0.000457763671875,0.0
365,pop33,1,0.00043487548828125,0.0
365,pop32,1,0.0004343986511230469,0.0
366,pop10,3,0.0036416848500569663,0.004438596207064133
366,pop11,4,0.0005237460136413574,9.123403600273319e-05
366,pop36,1,0.0004630088806152344,0.0
366,pop51,1,0.00044155120849609375,0.0
366,pop46,1,0.00045561790466308594,0.0
366,pop45,1,0.0004239082336425781,0.0
367,pop36,2,0.004897117614746094,0.004348278045654297
367,pop28,2,0.004642128944396973,0.004191994667053223
367,pop51,3,0.0004905064900716146,3.8003818469809954e-05
367,pop4,2,0.0048177242279052734,0.00436711311340332
367,pop43,2,0.000555872917175293,0.00012385845184326172
367,pop52,1,0.0005404949188232422,0.0
367,pop34,1,0.00044465065002441406,0.0
367,pop35,1,0.00042748451232910156,0.0
368,pop16,2,0.004163861274719238,0.0036388635635375977
368,pop50,2,0.004127025604248047,0.0036628246307373047
368,pop55,3,0.0004657904307047526,2.4019480379381345e-05
368,pop56,1,0.0005376338958740234,0.0
369,pop2,2,0.0045969486236572266,0.0040624141693115234
369,pop56,2,0.004491090774536133,0.0040569305419921875
369,pop48,2,0.0004589557647705078,1.71661376953125e-05
369,pop52,1,0.0004794597625732422,0.0
370,pop10,3,0.003667593002319336,0.004493166189625683
370,pop5,4,0.0005061030387878418,4.310116506466041e-05
370,pop36,1,0.0004572868347167969,0.0
370,pop51,1,0.0004944801330566406,0.0
370,pop52,1,0.0004627704620361328,0.0
370,pop56,1,0.00045180320739746094,0.0
371,pop16,2,0.004230380058288574,0.00367891788482666
371,pop50,3,0.002927541732788086,0.0034801505675084343
371,pop26,2,0.0004868507385253906,3.337860107421875e-05
371,pop52,1,0.00045013427734375,0.0
372,pop23,2,0.004240989685058594,0.0036978721618652344
372,pop21,1,0.0004620552062988281,0.0
372,pop22,4,0.00047278404235839844,3.0420099232982854e-05
372,pop51,1,0.0004673004150390625,0.0
372,pop52,1,0.0005435943603515625,0.0
373,pop36,5,0.0022930145263671876,0.0034915754368254085
373,pop51,1,0.0004620552062988281,0.0
373,pop22,1,0.0004532337188720703,0.0
373,pop21,1,0.0004591941833496094,0.0
374,pop16,2,0.004130244255065918,0.0035971403121948242
374,pop50,2,0.004208087921142578,0.003747224807739258
374,pop26,2,0.004246830940246582,0.0037680864334106445
374,pop53,3,0.0027745564778645835,0.0032624819369516693
374,pop47,2,0.0006067752838134766,0.000164031982421875
374,pop52,1,0.0004932880401611328,0.0
374,pop51,1,0.00047469139099121094,0.0
374,pop9,1,0.00043487548828125,0.0
375,pop51,5,0.0020798683166503907,0.0030529317557388617
375,pop46,1,0.000438690185546875,0.0
375,pop45,1,0.0004532337188720703,0.0
376,pop52,2,0.004023432731628418,0.003479599952697754
376,pop53,3,0.0004909833272298177,3.498033828122037e-05
376,pop7,1,0.00043654441833496094,0.0
377,pop23,2,0.004272341728210449,0.0037523508071899414
377,pop21,2,0.0004481077194213867,4.410743713378906e-06
377,pop22,4,0.00046563148498535156,1.7569524356783763e-05
378,pop16,2,0.0042008161544799805,0.003672957420349121
378,pop50,4,0.0005432367324829102,0.00011891095261783378
378,pop52,1,0.0004532337188720703,0.0
378,pop51,1,0.0004718303680419922,0.0
378,pop46,1,0.0004413127899169922,0.0
378,pop20,1,0.0004336833953857422,0.0
379,pop52,2,0.004052281379699707,0.0034955739974975586
379,pop53,4,0.0004792213439941406,6.835070217358896e-05
379,pop7,1,0.0004394054412841797,0.0
380,pop2,2,0.004704952239990234,0.00415492057800293
380,pop56,1,0.0005080699920654297,0.0
380,pop48,4,0.0004897117614746094,2.8930795374755386e-05
380,pop52,1,0.00045800209045410156,0.0
380,pop12,1,0.0004222393035888672,0.0
381,pop51,5,0.0020603656768798826,0.00302265483393455
381,pop22,1,0.0004730224609375,0.0
381,pop21,1,0.0005207061767578125,0.0
382,pop16,2,0.004285335540771484,0.0037429332733154297
382,pop50,4,0.0005188584327697754,9.08628774600635e-05
382,pop14,1,0.00042557716369628906,0.0
382,pop27,1,0.00043320655822753906,0.0
382,pop44,1,0.0004322528839111328,0.0
382,pop45,1,0.0004565715789794922,0.0
383,pop2,5,0.002187490463256836,0.0032929634646042603
383,pop56,1,0.00045800209045410156,0.0
383,pop52,1,0.00043201446533203125,0.0
383,pop51,1,0.0004734992980957031,0.0
383,pop46,1,0.0004372596740722656,0.0
383,pop20,1,0.0004680156707763672,0.0
384,pop23,2,0.004380226135253906,0.003792285919189453
384,pop21,4,0.00046581029891967773,1.1720613457416765e-05
385,pop51,2,0.00436854362487793,0.00383758544921875
385,pop46,4,0.0005158185958862305,9.455040293459352e-05
385,pop20,1,0.0004220008850097656,0.0
386,pop10,5,0.002470731735229492,0.003824699708237296
386,pop36,1,0.0004394054412841797,0.0
386,pop51,1,0.0005002021789550781,0.0
386,pop52,1,0.0005083084106445312,0.0
386,pop50,1,0.0004379749298095703,0.0
386,pop17,1,0.0004382133483886719,0.0
386,pop25,1,0.0004291534423828125,0.0
387,pop16,5,0.0019951820373535155,0.002979936526314127
387,pop50,1,0.0004527568817138672,0.0
387,pop52,1,0.00047397613525390625,0.0
388,pop36,5,0.002328920364379883,0.003640930129535767
388,pop51,1,0.00048065185546875,0.0
388,pop52,1,0.0004596710205078125,0.0
389,pop2,4,0.002620875835418701,0.003581466589018178
389,pop56,1,0.00043487548828125,0.0
389,pop52,1,0.000457763671875,0.0
389,pop50,1,0.0004611015319824219,0.0
389,pop14,1,0.00043582916259765625,0.0
390,pop10,4,0.003016173839569092,0.004214870348353158
390,pop36,1,0.0005249977111816406,0.0
390,pop51,1,0.0004754066467285156,0.0
390,pop9,1,0.0004353523254394531,0.0
391,pop52,5,0.0019963264465332033,0.0028881241592650262
391,pop51,1,0.0004723072052001953,0.0
391,pop46,1,0.0004451274871826172,0.0
391,pop45,1,0.0004248619079589844,0.0
392,pop23,4,0.0024889707565307617,0.0032717724006721513
392,pop21,1,0.0004410743713378906,0.0
392,pop22,1,0.0004661083221435547,0.0
392,pop51,1,0.00045871734619140625,0.0
392,pop9,1,0.0004239082336425781,0.0
393,pop2,3,0.0033578872680664062,0.004021330405913344
393,pop49,4,0.0005092620849609375,0.0001077286639359567
393,pop56,1,0.0004374980926513672,0.0
393,pop52,1,0.00044918060302734375,0.0
393,pop51,1,0.0004494190216064453,0.0
393,pop9,1,0.0004382133483886719,0.0
394,pop10,5,0.0024587154388427735,0.003870316808097424
394,pop11,2,0.005861043930053711,0.005391597747802734
394,pop5,2,0.005938291549682617,0.005478382110595703
394,pop36,1,0.00047278404235839844,0.0
394,pop51,1,0.00045990943908691406,0.0
394,pop52,1,0.000469207763671875,0.0
394,pop56,1,0.0004513263702392578,0.0
395,pop2,3,0.0033495426177978516,0.004019214135844722
395,pop49,4,0.0004906058311462402,6.993966958293518e-05
395,pop56,1,0.0004696846008300781,0.0
395,pop52,1,0.0004763603210449219,0.0
395,pop3,1,0.0004267692565917969,0.0
395,pop0,1,0.0004668235778808594,0.0
396,pop2,2,0.004830479621887207,0.004249215126037598
396,pop56,3,0.0005284945170084635,0.00010500894237452417
396,pop52,1,0.0005710124969482422,0.0
396,pop50,1,0.00043463706970214844,0.0
396,pop14,1,0.00044083595275878906,0.0
397,pop51,3,0.003165721893310547,0.0037216273011981904
397,pop43,4,0.00046312808990478516,3.428360515814582e-05
397,pop52,1,0.0004477500915527344,0.0
397,pop56,1,0.0004413127899169922,0.0
398,pop16,2,0.00440061092376709,0.0038715600967407227
398,pop23,1,0.0005033016204833984,0.0
398,pop24,2,0.004214644432067871,0.0037647485733032227
398,pop14,2,0.0005201101303100586,7.402896881103516e-05
398,pop50,1,0.0004544258117675781,0.0
398,pop53,1,0.00046563148498535156,0.0
398,pop7,1,0.00041413307189941406,0.0
399,pop51,3,0.003165562947591146,0.0037495577976070973
399,pop43,3,0.003436883290608724,0.004204683152670546
399,pop42,2,0.0005623102188110352,0.0001245737075805664
399,pop22,1,0.0004668235778808594,0.0
399,pop21,1,0.000469207763671875,0.0
400,pop36,4,0.002763986587524414,0.003890307381117207
400,pop28,2,0.004824161529541016,0.004376649856567383
400,pop51,1,0.00044798851013183594,0.0
400,pop29,1,0.0004317760467529297,0.0
401,pop16,2,0.0043828487396240234,0.0038650035858154297
401,pop23,1,0.00044727325439453125,0.0
401,pop24,2,0.004243969917297363,0.0037974119186401367
401,pop14,1,0.00829458236694336,0.0
401,pop50,2,0.004431247711181641,0.0039594173431396484
401,pop53,2,0.0004994869232177734,4.315376281738281e-05
401,pop7,1,0.0004336833953857422,0.0
402,pop10,5,0.0025319576263427733,0.003973155405203215
402,pop36,1,0.00046563148498535156,0.0
402,pop51,1,0.00045943260192871094,0.0
402,pop52,1,0.00046324729919433594,0.0
402,pop50,1,0.0004367828369140625,0.0
402,pop26,1,0.00044536590576171875,0.0
403,pop52,5,0.00195460319519043,0.002927732309609112
404,pop23,2,0.004522562026977539,0.003901243209838867
404,pop24,4,0.00048041343688964844,3.7995050823739014e-05
404,pop14,1,0.0004413127899169922,0.0
404,pop50,1,0.0004642009735107422,0.0
404,pop35,1,0.00042366981506347656,0.0
405,pop2,5,0.002266407012939453,0.003460493069620676
405,pop56,1,0.00042438507080078125,0.0
405,pop52,1,0.00045490264892578125,0.0
405,pop51,1,0.0004341602325439453,0.0
405,pop36,1,0.0004496574401855469,0.0
405,pop10,1,0.0005366802215576172,0.0
406,pop16,3,0.005867958068847656,0.0037538017748759566
406,pop23,2,0.0004596710205078125,8.106231689453125e-06
406,pop21,2,0.004765987396240234,0.0043163299560546875
406,pop22,2,0.0005438327789306641,8.034706115722656e-05
406,pop24,1,0.00045680999755859375,0.0
406,pop14,1,0.0004687309265136719,0.0
407,pop10,3,0.0038050015767415366,0.00465124654240107
407,pop5,4,0.0005171895027160645,0.00011351871642603481
407,pop36,1,0.0004477500915527344,0.0
407,pop51,1,0.0004909038543701172,0.0
407,pop52,1,0.0004782676696777344,0.0
407,pop50,1,0.0004665851593017578,0.0
407,pop17,1,0.00044226646423339844,0.0
407,pop25,1,0.0004563331604003906,0.0
408,pop16,2,0.004360795021057129,0.0038491487503051758
408,pop23,1,0.0004544258117675781,0.0
408,pop24,1,0.0079498291015625,0.0
408,pop14,2,0.00431215763092041,0.0038596391677856445
408,pop50,2,0.0005238056182861328,7.414817810058594e-05
408,pop52,1,0.00047278404235839844,0.0
408,pop12,1,0.0004417896270751953,0.0
409,pop51,4,0.0025374889373779297,0.003451653212780143
409,pop52,1,0.00047469139099121094,0.0
410,pop16,2,0.004497408866882324,0.0039643049240112305
410,pop23,2,0.004884123802185059,0.0044318437576293945
410,pop21,1,0.00047016143798828125,0.0
410,pop22,2,0.0006320476531982422,0.0001819133758544922
410,pop51,1,0.0004673004150390625,0.0
410,pop52,1,0.0004630088806152344,0.0
410,pop50,1,0.0004534721374511719,0.0
410,pop26,1,0.0004334449768066406,0.0
411,pop52,5,0.0020123958587646485,0.0029073751192484182
411,pop51,1,0.0004470348358154297,0.0
411,pop22,1,0.0004520416259765625,0.0
411,pop21,1,0.00046062469482421875,0.0
412,pop23,5,0.002071571350097656,0.0030736826289335098
412,pop21,1,0.0005693435668945312,0.0
412,pop22,1,0.00047779083251953125,0.0
412,pop51,1,0.00046181678771972656,0.0
412,pop29,1,0.00046443939208984375,0.0
413,pop16,2,0.004412651062011719,0.0038602352142333984
413,pop23,1,0.0005044937133789062,0.0
413,pop21,3,0.0005030632019042969,4.754204367037688e-05
413,pop22,1,0.00047850608825683594,0.0
413,pop51,1,0.0004642009735107422,0.0
413,pop29,1,0.00043845176696777344,0.0
414,pop23,2,0.00453948974609375,0.003960132598876953
414,pop21,4,0.0004565715789794922,2.9776562047873884e-05
414,pop22,1,0.0004391670227050781,0.0
414,pop51,1,0.0005388259887695312,0.0
415,pop16,5,0.0021253108978271486,0.0031465500298706673
415,pop50,1,0.00045561790466308594,0.0
415,pop52,1,0.0004792213439941406,0.0
415,pop51,1,0.0004756450653076172,0.0
415,pop36,1,0.0004525184631347656,0.0
415,pop10,1,0.0004534721374511719,0.0
416,pop36,3,0.006980419158935547,0.004549596637974636
416,pop28,3,0.0005470116933186849,0.00012053646299042913
416,pop51,1,0.0004782676696777344,0.0
416,pop9,1,0.0004298686981201172,0.0
417,pop16,4,0.002498328685760498,0.003406329967112207
417,pop50,1,0.0004458427429199219,0.0
417,pop52,1,0.0004563331604003906,0.0
418,pop36,3,0.0070730845133463545,0.004570107760147881
418,pop28,3,0.0004992485046386719,9.135279911094963e-05
418,pop51,1,0.00046563148498535156,0.0
418,pop52,1,0.0004723072052001953,0.0
418,pop53,1,0.0004534721374511719,0.0
418,pop7,1,0.00043511390686035156,0.0
419,pop2,2,0.004921913146972656,0.004338264465332031
419,pop56,4,0.0005060434341430664,7.083168815118945e-05
419,pop52,1,0.0004684925079345703,0.0
419,pop50,1,0.00046324729919433594,0.0
419,pop14,1,0.0004379749298095703,0.0
420,pop10,3,0.003962198893229167,0.004836317753923353
420,pop11,4,0.0004987120628356934,7.282358315943387e-05
420,pop36,1,0.0004544258117675781,0.0
420,pop51,1,0.00047898292541503906,0.0
420,pop52,1,0.00047707557678222656,0.0
420,pop34,1,0.0004558563232421875,0.0
420,pop35,1,0.0004425048828125,0.0
421,pop16,2,0.004557609558105469,0.003979921340942383
421,pop50,1,0.0005352497100830078,0.0
421,pop17,4,0.0005254745483398438,7.874980465109653e-05
421,pop25,1,0.0004315376281738281,0.0
422,pop23,2,0.004570960998535156,0.004029512405395508
422,pop21,1,0.000446319580078125,0.0
422,pop22,4,0.00048720836639404297,3.0520604773280235e-05
422,pop51,1,0.0004591941833496094,0.0
423,pop36,5,0.002412223815917969,0.0037411294626450405
423,pop51,1,0.00045490264892578125,0.0
423,pop52,1,0.0004572868347167969,0.0
423,pop50,1,0.00046372413635253906,0.0
423,pop33,1,0.0004487037658691406,0.0
423,pop32,1,0.0004353523254394531,0.0
424,pop51,3,0.0032444000244140625,0.0038805146850692915
424,pop4,3,0.0005139509836832682,5.083418587213914e-05
424,pop52,1,0.0004627704620361328,0.0
424,pop56,1,0.0004520416259765625,0.0
425,pop2,2,0.004979372024536133,0.004401445388793945
425,pop56,2,0.004726886749267578,0.004250049591064453
425,pop48,2,0.0005791187286376953,0.0001468658447265625
425,pop52,1,0.0004551410675048828,0.0
425,pop51,1,0.0004718303680419922,0.0
425,pop46,1,0.0004506111145019531,0.0
425,pop20,1,0.0004417896270751953,0.0
426,pop23,2,0.00448918342590332,0.00392913818359375
426,pop21,1,0.00047206878662109375,0.0
426,pop22,1,0.009763717651367188,0.0
426,pop51,1,0.0004794597625732422,0.0
426,pop46,3,0.00048096974690755207,1.3627220313872923e-05
426,pop45,1,0.0005316734313964844,0.0
427,pop51,3,0.0032508373260498047,0.0038699528566262585
427,pop4,4,0.0005235671997070312,0.00011260186664655299
427,pop52,1,0.0004889965057373047,0.0
427,pop50,1,0.00044345855712890625,0.0
427,pop33,1,0.0004563331604003906,0.0
427,pop32,1,0.00042700767517089844,0.0
428,pop2,2,0.005002617835998535,0.004436850547790527
428,pop56,3,0.0005358060201009115,8.497793232067731e-05
428,pop52,1,0.0004661083221435547,0.0
428,pop34,1,0.0004532337188720703,0.0
428,pop35,1,0.0004355907440185547,0.0
429,pop23,2,0.004550814628601074,0.004015326499938965
429,pop21,1,0.00047659873962402344,0.0
429,pop22,1,0.009866714477539062,0.0
429,pop51,2,0.0005155801773071289,4.1604042053222656e-05
429,pop29,3,0.0005249977111816406,0.00010701356239922969
429,pop52,1,0.00047397613525390625,0.0
429,pop48,1,0.0004138946533203125,0.0
429,pop30,1,0.00045871734619140625,0.0
429,pop31,1,0.0004355907440185547,0.0
430,pop52,2,0.004268765449523926,0.0036889314651489258
430,pop53,3,0.002866824467976888,0.0034118259936103492
430,pop47,2,0.0004942417144775391,4.553794860839844e-05
430,pop50,1,0.0004718303680419922,0.0
430,pop26,1,0.00043702125549316406,0.0
431,pop10,3,0.0076109568277994795,0.004964626287488954
431,pop36,1,0.0005061626434326172,0.0
431,pop51,2,0.0004767179489135742,8.940696716308594e-06
431,pop29,3,0.0005253950754801432,0.00010424543191912388
431,pop52,1,0.0004515647888183594,0.0
431,pop50,1,0.0004544258117675781,0.0
431,pop33,1,0.0004513263702392578,0.0
431,pop32,1,0.0004353523254394531,0.0
432,pop16,2,0.00469052791595459,0.00411832332611084
432,pop50,3,0.003140528996785482,0.0037869224816341925
432,pop26,2,0.0005449056625366211,0.00010502338409423828
432,pop52,1,0.0006151199340820312,0.0
432,pop51,1,0.00048804283142089844,0.0
432,pop29,1,0.00042700767517089844,0.0
433,pop52,2,0.004365801811218262,0.0037990808486938477
433,pop53,3,0.0005029837290445963,5.411955868346352e-05
433,pop7,1,0.0004482269287109375,0.0
434,pop16,2,0.0045081377029418945,0.003957867622375488
434,pop50,1,0.008548259735107422,0.0
434,pop53,3,0.0029424031575520835,0.0035048864318362647
434,pop1,3,0.0030573209126790366,0.003685939524438556
434,pop15,2,0.0005705356597900391,0.00011944770812988281
434,pop52,1,0.0004589557647705078,0.0
434,pop51,1,0.00047707557678222656,0.0
434,pop29,1,0.00043463706970214844,0.0
435,pop10,3,0.0039869944254557295,0.004889524237599693
435,pop5,4,0.00047403573989868164,2.9170186750661566e-05
435,pop36,1,0.000476837158203125,0.0
435,pop51,1,0.00046706199645996094,0.0
435,pop52,1,0.0004601478576660156,0.0
436,pop16,2,0.004639267921447754,0.004027962684631348
436,pop50,3,0.0005621115366617838,0.00012245377728443608
436,pop52,1,0.0004868507385253906,0.0
436,pop51,1,0.0004687309265136719,0.0
436,pop9,1,0.0004525184631347656,0.0
437,pop51,5,0.0022230148315429688,0.0032679611631764274
437,pop52,1,0.00047969818115234375,0.0
437,pop50,1,0.00048065185546875,0.0
437,pop17,1,0.0004546642303466797,0.0
437,pop25,1,0.0004870891571044922,0.0
438,pop2,3,0.0035161972045898438,0.004255559263264188
438,pop49,3,0.0005028247833251953,7.283625807970961e-05
438,pop56,1,0.00044846534729003906,0.0
438,pop52,1,0.0004849433898925781,0.0
438,pop51,1,0.00046324729919433594,0.0
438,pop29,1,0.000457763671875,0.0
439,pop23,2,0.00462651252746582,0.0040721893310546875
439,pop24,3,0.000545501708984375,5.9298044651610867e-05
439,pop14,1,0.00044608116149902344,0.0
439,pop27,1,0.00042891502380371094,0.0
439,pop44,1,0.0004451274871826172,0.0
439,pop45,1,0.00042319297790527344,0.0
440,pop2,5,0.002338886260986328,0.0036675482956572436
440,pop56,1,0.0004658699035644531,0.0
440,pop52,1,0.000453948974609375,0.0
440,pop51,1,0.0004620552062988281,0.0
441,pop36,5,0.0024404048919677733,0.003857205860469335
441,pop51,1,0.00046634674072265625,0.0
441,pop52,1,0.00046753883361816406,0.0
441,pop56,1,0.0004622936248779297,0.0
442,pop10,6,0.0022747119267781577,0.003876260290403254
442,pop5,1,0.011843204498291016,0.0
442,pop36,1,0.00045299530029296875,0.0
442,pop51,1,0.0004761219024658203,0.0
442,pop9,1,0.00043654441833496094,0.0
443,pop16,4,0.002583026885986328,0.0035520394274188875
443,pop50,1,0.00045752525329589844,0.0
443,pop35,1,0.0004534721374511719,0.0
444,pop51,3,0.003307898839314779,0.003937249397773737
444,pop29,3,0.0005633831024169922,0.00014026525218742623
444,pop52,1,0.00046062469482421875,0.0
444,pop50,1,0.00045418739318847656,0.0
444,pop17,1,0.0004544258117675781,0.0
444,pop25,1,0.0004127025604248047,0.0
445,pop16,5,0.002199888229370117,0.0032249707622725105
445,pop50,1,0.0004878044128417969,0.0
445,pop52,1,0.00047898292541503906,0.0
445,pop48,1,0.0004444122314453125,0.0
445,pop30,1,0.0004584789276123047,0.0
445,pop31,1,0.00044608116149902344,0.0
446,pop2,5,0.0024219512939453124,0.0037335834085504994
446,pop56,1,0.0004405975341796875,0.0
446,pop52,1,0.00045752525329589844,0.0
446,pop51,1,0.0004601478576660156,0.0
446,pop46,1,0.0004913806915283203,0.0
446,pop45,1,0.0004379749298095703,0.0
447,pop52,4,0.0024927854537963867,0.0033150450248780636
447,pop51,1,0.00046443939208984375,0.0
447,pop9,1,0.0004394054412841797,0.0
448,pop23,5,0.002213573455810547,0.0032891300811342572
448,pop16,1,0.0004634857177734375,0.0
448,pop50,1,0.0005567073822021484,0.0
448,pop17,1,0.00040221214294433594,0.0
448,pop25,1,0.00044417381286621094,0.0
449,pop51,3,0.003337224324544271,0.003987899307128854
449,pop43,4,0.0005423426628112793,0.000103549223083875
449,pop52,1,0.0004782676696777344,0.0
449,pop50,1,0.0004911422729492188,0.0
449,pop33,1,0.0004603862762451172,0.0
449,pop32,1,0.00045943260192871094,0.0
450,pop16,2,0.004615306854248047,0.004047870635986328
450,pop23,2,0.0004811286926269531,3.814697265625e-06
450,pop21,2,0.005200982093811035,0.004727005958557129
450,pop24,1,0.00046634674072265625,0.0
450,pop14,1,0.008988618850708008,0.0
450,pop50,2,0.0005748271942138672,0.00011467933654785156
450,pop52,1,0.0004706382751464844,0.0
450,pop51,1,0.0004782676696777344,0.0
450,pop29,1,0.0004627704620361328,0.0
451,pop52,5,0.0020895004272460938,0.0030811383218773457
451,pop51,1,0.0004668235778808594,0.0
451,pop46,1,0.0004591941833496094,0.0
451,pop45,1,0.00042724609375,0.0
452,pop23,2,0.004700303077697754,0.004154801368713379
452,pop21,3,0.0005466938018798828,8.721580610124783e-05
452,pop22,1,0.0004928112030029297,0.0
452,pop51,1,0.0004792213439941406,0.0
452,pop46,1,0.000469207763671875,0.0
452,pop45,1,0.00043320655822753906,0.0
453,pop51,3,0.0033871332804361978,0.004051019282161884
453,pop43,3,0.0005518595377604166,0.0001174609941784027
453,pop52,1,0.0004601478576660156,0.0
453,pop50,1,0.0004749298095703125,0.0
453,pop33,1,0.0004565715789794922,0.0
453,pop32,1,0.0004267692565917969,0.0
454,pop16,4,0.0026154518127441406,0.003617088687303228
454,pop50,1,0.0005180835723876953,0.0
454,pop14,1,0.00045371055603027344,0.0
455,pop36,5,0.0025492191314697267,0.004011461299574254
455,pop51,1,0.0004944801330566406,0.0
455,pop52,1,0.0004832744598388672,0.0
455,pop53,1,0.0004830360412597656,0.0
455,pop7,1,0.0004658699035644531,0.0
456,pop23,2,0.004767656326293945,0.004169464111328125
456,pop21,1,0.009721040725708008,0.0
456,pop22,3,0.0005515416463216146,0.00013565679608171816
456,pop51,1,0.00046324729919433594,0.0
456,pop9,1,0.0004420280456542969,0.0
457,pop10,5,0.0027031898498535156,0.004373533916504656
457,pop36,1,0.0004410743713378906,0.0
457,pop51,1,0.0004909038543701172,0.0
457,pop52,1,0.0004673004150390625,0.0
458,pop51,4,0.002662181854248047,0.003728741778787812
459,pop23,3,0.0033450921376546225,0.004010880272867377
459,pop24,4,0.0004686713218688965,2.644640020502636e-05
459,pop21,1,0.0004475116729736328,0.0
460,pop2,2,0.005258321762084961,0.004667043685913086
460,pop56,4,0.0005417466163635254,7.576636630963469e-05
460,pop52,1,0.0004527568817138672,0.0
460,pop50,1,0.00045609474182128906,0.0
460,pop26,1,0.0004379749298095703,0.0
461,pop16,5,0.0022801876068115233,0.00343941286796481
461,pop50,1,0.00044846534729003906,0.0
461,pop52,1,0.0004849433898925781,0.0
461,pop51,1,0.00048351287841796875,0.0
461,pop36,1,0.0004527568817138672,0.0
461,pop10,1,0.000438690185546875,0.0
462,pop16,2,0.0048122406005859375,0.004247426986694336
462,pop50,1,0.00048470497131347656,0.0
462,pop14,3,0.0004611810048421224,9.857838632797039e-06
463,pop52,3,0.0032233397165934243,0.0037995869732736815
463,pop12,3,0.0005335013071695963,0.00010137721961820378
463,pop50,1,0.0004949569702148438,0.0
463,pop33,1,0.00045371055603027344,0.0
463,pop32,1,0.0004334449768066406,0.0
464,pop16,2,0.004847288131713867,0.004270315170288086
464,pop50,1,0.0006086826324462891,0.0
464,pop55,2,0.004906773567199707,0.004421830177307129
464,pop56,2,0.0005614757537841797,9.584426879882812e-05
464,pop52,1,0.00047707557678222656,0.0
464,pop3,1,0.0005767345428466797,0.0
464,pop0,1,0.00045228004455566406,0.0
465,pop16,5,0.0022506237030029295,0.003479357563414118
465,pop50,1,0.0004601478576660156,0.0
465,pop35,1,0.0004360675811767578,0.0
466,pop36,4,0.003086984157562256,0.004457889241279698
466,pop28,2,0.0054645538330078125,0.00499272346496582
466,pop10,2,0.006540775299072266,0.006082057952880859
466,pop11,3,0.0005459785461425781,0.00012738797867929314
466,pop51,1,0.0004868507385253906,0.0
466,pop52,1,0.000446319580078125,0.0
466,pop50,1,0.00046896934509277344,0.0
466,pop33,1,0.000453948974609375,0.0
466,pop32,1,0.00045013427734375,0.0
467,pop10,3,0.004225889841715495,0.005258638418234643
467,pop11,3,0.0005410512288411459,0.00010694383711972643
467,pop36,1,0.0004754066467285156,0.0
467,pop51,1,0.00048828125,0.0
467,pop52,1,0.00047516822814941406,0.0
467,pop48,1,0.0004410743713378906,0.0
467,pop30,1,0.0004432201385498047,0.0
467,pop31,1,0.00042366981506347656,0.0
468,pop51,3,0.0035088062286376953,0.004219005356746573
468,pop4,4,0.0005232691764831543,0.00010872284237300331
468,pop46,1,0.0004553794860839844,0.0
468,pop20,1,0.0004875659942626953,0.0
469,pop23,2,0.004802107810974121,0.004207968711853027
469,pop24,1,0.0004899501800537109,0.0
469,pop14,3,0.0032601356506347656,0.00397950743735419
469,pop27,2,0.0005047321319580078,4.363059997558594e-05
469,pop50,1,0.00046062469482421875,0.0
469,pop35,1,0.0004353523254394531,0.0
470,pop16,4,0.002683281898498535,0.0037089559629037974
470,pop50,1,0.0004620552062988281,0.0
470,pop52,1,0.00047326087951660156,0.0
471,pop51,5,0.0023328304290771485,0.0035272585574062042
471,pop46,1,0.000453948974609375,0.0
471,pop20,1,0.00043463706970214844,0.0
472,pop2,5,0.0024652957916259767,0.0038995102648333073
472,pop56,1,0.0004622936248779297,0.0
472,pop52,1,0.00046539306640625,0.0
472,pop12,1,0.00045013427734375,0.0
473,pop51,4,0.002779543399810791,0.003921313146195488
473,pop28,2,0.005408883094787598,0.004963994026184082
473,pop46,3,0.0036721229553222656,0.004479135299479412
473,pop45,2,0.004941344261169434,0.0044623613357543945
473,pop52,1,0.0004763603210449219,0.0
473,pop12,1,0.0004563331604003906,0.0
474,pop36,5,0.0026114463806152345,0.004169122495097754
474,pop51,1,0.0004570484161376953,0.0
474,pop52,1,0.0004794597625732422,0.0
474,pop56,1,0.0004436969757080078,0.0
475,pop2,5,0.0024866104125976563,0.003934727269883481
475,pop56,1,0.0005004405975341797,0.0
475,pop52,1,0.00046896934509277344,0.0
475,pop51,1,0.0004696846008300781,0.0
476,pop51,3,0.0035789012908935547,0.004308065734525017
476,pop43,3,0.0004895528157552084,5.81093898631342e-05
476,pop52,1,0.00048470497131347656,0.0
476,pop12,1,0.00044655799865722656,0.0
477,pop36,2,0.005816459655761719,0.005221128463745117
477,pop51,2,0.0004818439483642578,3.0994415283203125e-06
477,pop43,3,0.0005431969960530599,0.00011364246575717634
477,pop9,1,0.00044465065002441406,0.0
478,pop52,5,0.002212715148925781,0.0032866863952673423
478,pop51,1,0.00047659873962402344,0.0
478,pop22,1,0.0004496574401855469,0.0
478,pop21,1,0.00042700767517089844,0.0
479,pop51,3,0.0034901301066080728,0.0041726637490937975
479,pop29,2,0.005560636520385742,0.005104780197143555
479,pop46,2,0.0052727460861206055,0.004819512367248535
479,pop45,1,0.00926828384399414,0.0
479,pop44,2,0.0005834102630615234,0.00012946128845214844
479,pop27,1,0.00046324729919433594,0.0
479,pop14,1,0.00047135353088378906,0.0
479,pop24,1,0.0004413127899169922,0.0
479,pop23,1,0.00045371055603027344,0.0
479,pop21,1,0.00044083595275878906,0.0
480,pop36,5,0.002605915069580078,0.004206334907935897
480,pop51,1,0.0004749298095703125,0.0
481,pop52,3,0.0033379395802815757,0.003961984330145794
481,pop34,3,0.0005078315734863281,5.995741401691054e-05
481,pop51,1,0.00047898292541503906,0.0
481,pop29,1,0.00044798851013183594,0.0
482,pop51,5,0.0023953914642333984,0.003605649350080092
482,pop22,1,0.0004584789276123047,0.0
482,pop21,1,0.0004508495330810547,0.0
483,pop36,3,0.0040522416432698565,0.004964618555127401
483,pop10,4,0.0005276203155517578,8.577984390033352e-05
483,pop51,1,0.00046515464782714844,0.0
483,pop9,1,0.0004360675811767578,0.0
484,pop52,3,0.0032442410786946616,0.0038395232975294725
484,pop34,3,0.0035533905029296875,0.004385295293861502
484,pop35,2,0.0005553960800170898,9.882450103759766e-05
484,pop51,1,0.00045108795166015625,0.0
484,pop36,1,0.0004589557647705078,0.0
484,pop10,1,0.00044536590576171875,0.0
485,pop36,5,0.0026766777038574217,0.004228079490666699
485,pop51,1,0.00048160552978515625,0.0
485,pop52,1,0.00047016143798828125,0.0
485,pop48,1,0.0004582405090332031,0.0
485,pop30,1,0.0004305839538574219,0.0
485,pop31,1,0.00044727325439453125,0.0
486,pop10,5,0.0028572559356689455,0.004582598010318038
486,pop36,1,0.0004544258117675781,0.0
486,pop51,1,0.0004584789276123047,0.0
486,pop52,1,0.0004775524139404297,0.0
486,pop50,1,0.00046944618225097656,0.0
486,pop17,1,0.0004756450653076172,0.0
486,pop25,1,0.0004394054412841797,0.0
487,pop2,3,0.0038034915924072266,0.004627610996209218
487,pop49,3,0.0004837512969970703,2.24096554598448e-05
487,pop56,1,0.0004639625549316406,0.0
487,pop52,1,0.0004839897155761719,0.0
488,pop23,4,0.002719700336456299,0.0038184734049179323
488,pop21,1,0.00044989585876464844,0.0
488,pop22,1,0.0004603862762451172,0.0
488,pop51,1,0.00047016143798828125,0.0
489,pop2,3,0.003888368606567383,0.0047382670552076735
489,pop49,4,0.0004767775535583496,3.662980640041043e-05
489,pop56,1,0.0004506111145019531,0.0
489,pop52,1,0.000518798828125,0.0
489,pop12,1,0.00045180320739746094,0.0
490,pop16,3,0.003535032272338867,0.004221306918193872
490,pop23,4,0.0004883408546447754,4.097137611210487e-05
490,pop50,1,0.00046443939208984375,0.0
490,pop26,1,0.0005593299865722656,0.0
491,pop2,2,0.005541682243347168,0.004929661750793457
491,pop56,1,0.0004572868347167969,0.0
491,pop55,3,0.0005052089691162109,6.7689325816329e-05
491,pop50,1,0.0004832744598388672,0.0
491,pop14,1,0.00046634674072265625,0.0
492,pop23,5,0.002338075637817383,0.0035403882032543346
492,pop16,1,0.00047397613525390625,0.0
492,pop50,1,0.0004584789276123047,0.0
492,pop33,1,0.0004665851593017578,0.0
492,pop32,1,0.0004220008850097656,0.0
493,pop52,3,0.003326416015625,0.003964632478822796
493,pop12,3,0.0005354881286621094,0.00011133713683140108
493,pop51,1,0.00046896934509277344,0.0
493,pop22,1,0.0004544258117675781,0.0
493,pop21,1,0.00044465065002441406,0.0
494,pop16,5,0.0023839473724365234,0.003627021875275971
494,pop50,1,0.0004658699035644531,0.0
494,pop52,1,0.0004999637603759766,0.0
494,pop51,1,0.0004305839538574219,0.0
495,pop10,3,0.004376649856567383,0.0054545362439560345
495,pop5,4,0.0005148649215698242,8.164409178604027e-05
495,pop36,1,0.0004603862762451172,0.0
495,pop51,1,0.0004749298095703125,0.0
495,pop52,1,0.0004863739013671875,0.0
495,pop53,1,0.00044989585876464844,0.0
495,pop7,1,0.00043082237243652344,0.0
496,pop23,2,0.0049724578857421875,0.004376888275146484
496,pop21,4,0.0005056262016296387,6.699294270732331e-05
496,pop22,1,0.0005693435668945312,0.0
496,pop51,1,0.00048828125,0.0
496,pop52,1,0.00048232078552246094,0.0
496,pop56,1,0.0004513263702392578,0.0
497,pop16,5,0.002343273162841797,0.003626955598809574
497,pop50,1,0.00051116943359375,0.0
497,pop55,1,0.00045752525329589844,0.0
497,pop56,1,0.000431060791015625,0.0
498,pop16,2,0.00511324405670166,0.0045310258865356445
498,pop23,1,0.0004780292510986328,0.0
498,pop21,3,0.003822803497314453,0.0047470996835665335
498,pop22,2,0.0005900859832763672,0.0001342296600341797
498,pop51,1,0.0004909038543701172,0.0
498,pop46,1,0.0004513263702392578,0.0
498,pop20,1,0.00045299530029296875,0.0
499,pop10,3,0.00442043940226237,0.005542791076728298
499,pop11,4,0.0005268454551696777,0.00011315836242236595
499,pop36,1,0.00045609474182128906,0.0
499,pop51,1,0.0004851818084716797,0.0
499,pop46,1,0.00041961669921875,0.0
499,pop20,1,0.0005335807800292969,0.0
500,pop51,5,0.002422952651977539,0.0037057720373269054
500,pop52,1,0.00045680999755859375,0.0
500,pop34,1,0.0004477500915527344,0.0
500,pop35,1,0.0004608631134033203,0.0
501,pop36,2,0.00598299503326416,0.005388379096984863
501,pop28,4,0.0004781484603881836,3.3451961893864787e-05
501,pop51,1,0.00047135353088378906,0.0
501,pop52,1,0.0005576610565185547,0.0
502,pop51,2,0.005245566368103027,0.004648089408874512
502,pop29,4,0.0004603862762451172,1.3866249106974932e-05
503,pop23,2,0.004966616630554199,0.004384160041809082
503,pop24,2,0.004669189453125,0.0042018890380859375
503,pop14,2,0.0048503875732421875,0.004391670227050781
503,pop50,2,0.0006161928176879883,0.00014126300811767578
503,pop52,1,0.00048279762268066406,0.0
503,pop51,1,0.00047898292541503906,0.0
503,pop9,1,0.00043702125549316406,0.0
504,pop51,3,0.0036888917287190757,0.004460911922685157
504,pop29,3,0.0004630088806152344,8.509906910693525e-06
505,pop2,2,0.005648493766784668,0.005013585090637207
505,pop56,4,0.0005117654800415039,3.6436919487900555e-05
505,pop52,1,0.00047469139099121094,0.0
505,pop12,1,0.00043845176696777344,0.0
506,pop10,3,0.004414876302083333,0.005502267414737353
506,pop11,3,0.0005450248718261719,0.0001150563368684793
506,pop36,1,0.0004475116729736328,0.0
506,pop51,1,0.000457763671875,0.0
506,pop22,1,0.0004603862762451172,0.0
506,pop21,1,0.00043654441833496094,0.0
507,pop51,3,0.0036591688791910806,0.004418265957766661
507,pop4,4,0.0004953145980834961,3.7551304648778176e-05
507,pop52,1,0.0005066394805908203,0.0
507,pop12,1,0.0004551410675048828,0.0
508,pop2,5,0.0025302886962890623,0.0039888899052667
508,pop56,1,0.00044798851013183594,0.0
508,pop52,1,0.00047898292541503906,0.0
508,pop53,1,0.0004601478576660156,0.0
508,pop7,1,0.0004220008850097656,0.0
509,pop52,5,0.0022667407989501952,0.0033532289245821797
509,pop51,1,0.0004603862762451172,0.0
509,pop36,1,0.0004734992980957031,0.0
509,pop10,1,0.00044155120849609375,0.0
510,pop36,5,0.0027334213256835936,0.004391228240963539
510,pop51,1,0.0004763603210449219,0.0
510,pop46,1,0.0004596710205078125,0.0
510,pop45,1,0.00046253204345703125,0.0
511,pop51,5,0.004436349868774414,0.004815157978104339
511,pop4,4,0.003035247325897217,0.004442310019288209
512,pop2,2,0.0056896209716796875,0.005118846893310547
512,pop56,1,0.0004525184631347656,0.0
512,pop48,4,0.000533759593963623,6.966931427283157e-05
512,pop52,1,0.0004734992980957031,0.0
512,pop50,1,0.00046896934509277344,0.0
512,pop14,1,0.00048160552978515625,0.0
513,pop16,2,0.005114316940307617,0.004546165466308594
513,pop23,1,0.00048232078552246094,0.0
513,pop21,1,0.00046896934509277344,0.0
513,pop22,3,0.000482479731241862,2.018954780859208e-05
513,pop51,1,0.000461578369140625,0.0
514,pop10,3,0.004405975341796875,0.00545649831772672
514,pop5,2,0.00690007209777832,0.0064508914947509766
514,pop36,1,0.0005116462707519531,0.0
514,pop51,1,0.0004687309265136719,0.0
514,pop43,2,0.005820631980895996,0.00536501407623291
514,pop42,2,0.0005499124526977539,8.618831634521484e-05
514,pop53,1,0.00044155120849609375,0.0
514,pop52,1,0.0005595684051513672,0.0
514,pop56,1,0.00043511390686035156,0.0
515,pop16,2,0.005071043968200684,0.004505753517150879
515,pop50,2,0.0005075931549072266,4.9114227294921875e-05
515,pop26,4,0.0004863142967224121,5.4358749793138076e-05
515,pop35,1,0.0004372596740722656,0.0
516,pop52,2,0.004804253578186035,0.004246354103088379
516,pop3,4,0.0004684925079345703,1.2965894156626442e-05
516,pop0,1,0.0004482269287109375,0.0
517,pop10,5,0.0029244422912597656,0.00473967355660268
517,pop36,1,0.0004937648773193359,0.0
517,pop51,1,0.0004928112030029297,0.0
517,pop46,1,0.0004608631134033203,0.0
517,pop20,1,0.0004334449768066406,0.0
518,pop23,5,0.0023830413818359377,0.0036063002240724995
518,pop16,1,0.0004448890686035156,0.0
518,pop50,1,0.0004875659942626953,0.0
518,pop53,1,0.000476837158203125,0.0
518,pop3,1,0.00044345855712890625,0.0
518,pop0,1,0.0004394054412841797,0.0
519,pop2,2,0.005739450454711914,0.0051593780517578125
519,pop56,1,0.00047135353088378906,0.0
519,pop48,3,0.0005029837290445963,4.795803530383931e-05
519,pop52,1,0.0004749298095703125,0.0
519,pop51,1,0.0004780292510986328,0.0
520,pop10,3,0.004489024480183919,0.005617377338629368
520,pop5,4,0.0005094408988952637,0.00011854839409246477
520,pop36,1,0.00046133995056152344,0.0
520,pop51,1,0.0004801750183105469,0.0
520,pop9,1,0.0005028247833251953,0.0
521,pop52,3,0.0034273465474446616,0.0041167225661823915
521,pop12,4,0.0005434155464172363,0.00011410021419713416
521,pop51,1,0.00047326087951660156,0.0
521,pop22,1,0.0004742145538330078,0.0
521,pop21,1,0.0004677772521972656,0.0
522,pop23,2,0.0050809383392333984,0.0045092105865478516
522,pop24,4,0.0005005598068237305,6.839757000873068e-05
522,pop14,1,0.0004303455352783203,0.0
522,pop50,1,0.00045752525329589844,0.0
522,pop53,1,0.0004305839538574219,0.0
522,pop7,1,0.00046443939208984375,0.0
523,pop10,4,0.0035321712493896484,0.005107599777961154
523,pop36,1,0.0004756450653076172,0.0
523,pop51,1,0.00047779083251953125,0.0
523,pop52,1,0.0004794597625732422,0.0
523,pop50,1,0.00047087669372558594,0.0
523,pop14,1,0.0005471706390380859,0.0
524,pop36,2,0.006189703941345215,0.005541443824768066
524,pop51,2,0.00555574893951416,0.005085110664367676
524,pop43,4,0.00048148632049560547,1.8058928674181387e-05
525,pop51,4,0.005529224872589111,0.004993265357581524
525,pop43,2,0.0005605220794677734,8.797645568847656e-05
525,pop52,1,0.0004482269287109375,0.0
525,pop3,1,0.00045013427734375,0.0
525,pop0,1,0.00044226646423339844,0.0
526,pop16,4,0.0028963088989257812,0.004079695421664409
526,pop50,1,0.00047516822814941406,0.0
526,pop14,1,0.0004096031188964844,0.0
527,pop23,2,0.0052607059478759766,0.004633903503417969
527,pop24,1,0.0005114078521728516,0.0
527,pop14,3,0.0005157788594563802,4.050886875172724e-05
527,pop50,1,0.0004658699035644531,0.0
527,pop35,1,0.0004341602325439453,0.0
528,pop10,3,0.004579067230224609,0.005680900354552227
528,pop11,3,0.0005145867665608724,9.764986505762003e-05
528,pop36,1,0.0004703998565673828,0.0
528,pop51,1,0.0005333423614501953,0.0
528,pop52,1,0.0005192756652832031,0.0
528,pop50,1,0.00047707557678222656,0.0
528,pop26,1,0.0004673004150390625,0.0
529,pop51,3,0.0038240750630696616,0.004646187002781447
529,pop43,4,0.0005353689193725586,8.63935143652179e-05
529,pop52,1,0.0004918575286865234,0.0
529,pop56,1,0.0004372596740722656,0.0
530,pop23,2,0.005219817161560059,0.0045899152755737305
530,pop21,4,0.0004997849464416504,6.986261914282935e-05
530,pop22,1,0.0004520416259765625,0.0
530,pop51,1,0.00046253204345703125,0.0
530,pop52,1,0.0004792213439941406,0.0
530,pop12,1,0.00046753883361816406,0.0
531,pop10,3,0.0045719146728515625,0.005704544126832541
531,pop11,2,0.007191061973571777,0.0067549943923950195
531,pop36,1,0.00046443939208984375,0.0
531,pop28,2,0.005977511405944824,0.005516648292541504
531,pop51,1,0.0004951953887939453,0.0
531,pop46,2,0.0005806684494018555,0.0001100301742553711
531,pop20,1,0.0005655288696289062,0.0
532,pop2,5,0.002616214752197266,0.004230119880707922
532,pop56,1,0.00046634674072265625,0.0
532,pop52,1,0.0005049705505371094,0.0
533,pop10,3,0.004535357157389323,0.005663341418319853
533,pop11,1,0.013822078704833984,0.0
533,pop36,4,0.0035117268562316895,0.005241026881263081
533,pop28,1,0.01145792007446289,0.0
533,pop51,1,0.00048089027404785156,0.0
533,pop52,1,0.00048542022705078125,0.0
534,pop52,4,0.002820312976837158,0.0038561981562128507
534,pop50,1,0.00046443939208984375,0.0
534,pop26,1,0.00044608116149902344,0.0
535,pop52,4,0.0027727484703063965,0.003852096534545447
535,pop12,1,0.0004315376281738281,0.0
536,pop52,2,0.005109429359436035,0.004516243934631348
536,pop53,4,0.0005099773406982422,0.00010230727084037866
536,pop50,1,0.0004436969757080078,0.0
536,pop26,1,0.00044798851013183594,0.0
537,pop36,5,0.002842998504638672,0.004580577317117887
537,pop51,1,0.00046706199645996094,0.0
537,pop52,1,0.0005006790161132812,0.0
537,pop3,1,0.0005016326904296875,0.0
537,pop0,1,0.0004725456237792969,0.0
538,pop51,4,0.003030121326446533,0.004247940640860162
538,pop52,1,0.0005631446838378906,0.0
538,pop34,1,0.00044918060302734375,0.0
538,pop35,1,0.00044083595275878906,0.0
539,pop10,5,0.003037166595458984,0.004938329294261476
539,pop36,1,0.00046515464782714844,0.0
539,pop51,1,0.00046181678771972656,0.0
539,pop9,1,0.0005743503570556641,0.0
540,pop52,2,0.005077004432678223,0.004462838172912598
540,pop53,4,0.0004910826683044434,4.604886052145719e-05
540,pop7,1,0.00046753883361816406,0.0
541,pop51,5,0.0025565624237060547,0.003922050191469569
541,pop22,1,0.0004870891571044922,0.0
541,pop21,1,0.000469207763671875,0.0
542,pop16,5,0.002494192123413086,0.0038893707918125496
542,pop50,1,0.0004925727844238281,0.0
542,pop14,1,0.0004601478576660156,0.0
542,pop27,1,0.0004353523254394531,0.0
542,pop44,1,0.0004553794860839844,0.0
542,pop45,1,0.0004603862762451172,0.0
543,pop51,4,0.0029765963554382324,0.00428210924335832
543,pop29,3,0.004148721694946289,0.005204656954479947
543,pop4,2,0.000491023063659668,3.254413604736328e-05
544,pop23,4,0.0029051899909973145,0.0041106428460731415
544,pop21,1,0.0004570484161376953,0.0
544,pop22,1,0.0004563331604003906,0.0
544,pop51,1,0.0004813671112060547,0.0
545,pop16,5,0.002486896514892578,0.0038712419527374043
545,pop50,1,0.00046896934509277344,0.0
545,pop52,1,0.0004911422729492188,0.0
545,pop51,1,0.00049591064453125,0.0
545,pop29,1,0.0004394054412841797,0.0
546,pop2,2,0.0058746337890625,0.0052547454833984375
546,pop56,2,0.0055789947509765625,0.005118846893310547
546,pop55,2,0.004961967468261719,0.004518985748291016
546,pop50,2,0.0004999637603759766,3.075599670410156e-05
546,pop14,1,0.00044727325439453125,0.0
547,pop23,3,0.0036192735036214194,0.004373675065443843
547,pop21,3,0.004072348276774089,0.005095640300176104
547,pop22,2,0.0060577392578125,0.0055730342864990234
547,pop24,1,0.009656429290771484,0.0
547,pop14,1,0.009818315505981445,0.0
547,pop50,2,0.0005768537521362305,6.687641143798828e-05
547,pop33,1,0.000476837158203125,0.0
547,pop32,1,0.0004410743713378906,0.0
548,pop23,2,0.00536656379699707,0.004741668701171875
548,pop21,1,0.00048065185546875,0.0
548,pop22,4,0.0005162358283996582,9.099587559361022e-05
548,pop51,1,0.0004630088806152344,0.0
548,pop46,1,0.0004715919494628906,0.0
548,pop45,1,0.00057220458984375,0.0
549,pop23,4,0.005476891994476318,0.004938426094650343
549,pop24,3,0.006575663884480794,0.004321541348725515
549,pop14,2,0.000542759895324707,8.308887481689453e-05
549,pop50,1,0.0005667209625244141,0.0
549,pop52,1,0.000492095947265625,0.0
549,pop12,1,0.0004439353942871094,0.0
550,pop36,2,0.0064656734466552734,0.00584101676940918
550,pop28,4,0.0004937052726745605,2.3332991713032112e-05
550,pop51,1,0.0004954338073730469,0.0
550,pop52,1,0.0004634857177734375,0.0
551,pop10,3,0.004801273345947266,0.00603872173608313
551,pop11,4,0.0005037784576416016,9.060752979642431e-05
551,pop36,1,0.0004668235778808594,0.0
551,pop51,1,0.00047397613525390625,0.0
551,pop52,1,0.0004699230194091797,0.0
551,pop3,1,0.0004630088806152344,0.0
551,pop0,1,0.0004227161407470703,0.0
552,pop52,5,0.002373027801513672,0.003665701544812501
552,pop51,1,0.0004558563232421875,0.0
552,pop29,1,0.0004467964172363281,0.0
553,pop2,3,0.004148165384928386,0.005122611694476036
553,pop49,4,0.0004926323890686035,5.596831710525298e-05
553,pop56,1,0.0004515647888183594,0.0
553,pop52,1,0.0004639625549316406,0.0
553,pop51,1,0.0004525184631347656,0.0
553,pop29,1,0.00044989585876464844,0.0
554,pop2,3,0.004169623057047526,0.005155398475563584
554,pop49,4,0.0005045533180236816,8.26264645074417e-05
554,pop56,1,0.0004572868347167969,0.0
554,pop52,1,0.00048279762268066406,0.0
554,pop53,1,0.0004525184631347656,0.0
554,pop7,1,0.00055694580078125,0.0
555,pop51,5,0.002578544616699219,0.004116635831704809
556,pop10,3,0.004825909932454427,0.006054866588471043
556,pop11,3,0.0005393822987874349,0.00010257234148440147
556,pop36,1,0.0005767345428466797,0.0
556,pop51,1,0.00048732757568359375,0.0
556,pop52,1,0.00046706199645996094,0.0
556,pop50,1,0.00047659873962402344,0.0
556,pop26,1,0.00043320655822753906,0.0
557,pop16,2,0.005445957183837891,0.004881143569946289
557,pop23,2,0.0004837512969970703,7.62939453125e-06
557,pop21,4,0.000512242317199707,5.258318924411241e-05
557,pop24,1,0.00044536590576171875,0.0
557,pop14,1,0.00047087669372558594,0.0
558,pop36,4,0.0065975189208984375,0.006053561806871446
558,pop28,1,0.01160120964050293,0.0
558,pop51,3,0.0005460580190022787,6.969176216034244e-05
558,pop46,1,0.00046324729919433594,0.0
558,pop45,1,0.000576019287109375,0.0
559,pop10,3,0.004739602406819661,0.00595133290586732
559,pop5,4,0.0004891753196716309,5.93835485131108e-05
559,pop36,1,0.00045800209045410156,0.0
559,pop51,1,0.0004715919494628906,0.0
559,pop52,1,0.0004837512969970703,0.0
559,pop56,1,0.0004730224609375,0.0
560,pop52,3,0.0035970211029052734,0.004355799661126652
560,pop12,3,0.0005379517873128256,0.00012559030415349693
560,pop51,1,0.00045752525329589844,0.0
560,pop9,1,0.0004546642303466797,0.0
561,pop2,5,0.002706480026245117,0.004348930779358959
561,pop56,1,0.00046062469482421875,0.0
561,pop52,1,0.000492095947265625,0.0
561,pop50,1,0.00047087669372558594,0.0
561,pop14,1,0.0004284381866455078,0.0
562,pop16,2,0.005449414253234863,0.0049103498458862305
562,pop23,4,0.0005106925964355469,5.146887824171813e-05
562,pop21,1,0.0004603862762451172,0.0
562,pop22,1,0.0004725456237792969,0.0
562,pop51,1,0.0004284381866455078,0.0
562,pop29,1,0.0004532337188720703,0.0
563,pop23,4,0.005463540554046631,0.004949399172432347
563,pop24,2,0.0006023645401000977,0.00013530254364013672
563,pop21,1,0.00045800209045410156,0.0
563,pop22,1,0.00043272972106933594,0.0
563,pop51,1,0.00048279762268066406,0.0
563,pop46,1,0.00058746337890625,0.0
563,pop20,1,0.0005419254302978516,0.0
564,pop2,2,0.005987763404846191,0.005424857139587402
564,pop56,4,0.0005348920822143555,0.00012040380201646826
564,pop52,1,0.0005095005035400391,0.0
564,pop51,1,0.0005269050598144531,0.0
564,pop22,1,0.0004639625549316406,0.0
564,pop21,1,0.00046563148498535156,0.0
565,pop16,5,0.002496623992919922,0.003920635218742649
565,pop50,1,0.0004839897155761719,0.0
565,pop52,1,0.0005090236663818359,0.0
565,pop51,1,0.00047469139099121094,0.0
566,pop10,4,0.003867208957672119,0.005632218835633015
566,pop36,1,0.0005822181701660156,0.0
566,pop51,1,0.00049591064453125,0.0
566,pop52,1,0.0004932880401611328,0.0
566,pop50,1,0.00047326087951660156,0.0
566,pop17,1,0.0004706382751464844,0.0
566,pop25,1,0.0004439353942871094,0.0
567,pop51,3,0.0039768218994140625,0.004840544933666151
567,pop4,4,0.0005107522010803223,5.572887663518926e-05
567,pop52,1,0.0006041526794433594,0.0
567,pop3,1,0.0004515647888183594,0.0
567,pop0,1,0.00043845176696777344,0.0
568,pop23,2,0.005438685417175293,0.004836916923522949
568,pop24,2,0.005324959754943848,0.0048493146896362305
568,pop14,3,0.0005315144856770834,6.159151754069502e-05
568,pop50,1,0.00045490264892578125,0.0
568,pop52,1,0.00047707557678222656,0.0
568,pop12,1,0.0004322528839111328,0.0
569,pop16,2,0.0054634809494018555,0.004840254783630371
569,pop50,3,0.0037838617960611978,0.004605542948094932
569,pop26,2,0.0006527900695800781,0.0001583099365234375
569,pop52,1,0.0004799365997314453,0.0
569,pop51,1,0.0005044937133789062,0.0
569,pop46,1,0.00045490264892578125,0.0
569,pop20,1,0.0004558563232421875,0.0
570,pop36,2,0.006582498550415039,0.00594019889831543
570,pop51,4,0.000497281551361084,2.3142189372186443e-05
570,pop4,4,0.003366708755493164,0.004995017536005581
570,pop29,2,0.006372809410095215,0.005914092063903809
570,pop52,1,0.0005178451538085938,0.0
571,pop10,5,0.0031499385833740233,0.005145998479979747
571,pop36,1,0.0004696846008300781,0.0
571,pop51,1,0.0005068778991699219,0.0
571,pop9,1,0.00044035911560058594,0.0
572,pop16,2,0.005542278289794922,0.00493311882019043
572,pop23,2,0.0004570484161376953,7.867813110351562e-06
572,pop24,4,0.0005182623863220215,8.30512178691511e-05
572,pop21,1,0.0004699230194091797,0.0
572,pop22,1,0.00047016143798828125,0.0
572,pop51,1,0.00046539306640625,0.0
572,pop29,1,0.00044417381286621094,0.0
573,pop52,3,0.0036389827728271484,0.0043788645075048035
573,pop3,4,0.0004949569702148438,1.788377745948367e-05
573,pop51,1,0.0004451274871826172,0.0
574,pop23,2,0.005463838577270508,0.00490117073059082
574,pop24,4,0.0005258321762084961,7.324583896957312e-05
574,pop14,1,0.000453948974609375,0.0
574,pop50,1,0.0004665851593017578,0.0
574,pop35,1,0.00044083595275878906,0.0
575,pop36,2,0.0065659284591674805,0.0059920549392700195
575,pop28,3,0.0005549589792887369,0.00013073229862083484
575,pop51,1,0.00047135353088378906,0.0
575,pop22,1,0.0004870891571044922,0.0
575,pop21,1,0.0004940032958984375,0.0
576,pop52,5,0.0024107933044433595,0.0037613772362916206
576,pop12,1,0.00044345855712890625,0.0
577,pop2,2,0.006156444549560547,0.005559682846069336
577,pop56,1,0.0004756450653076172,0.0
577,pop55,3,0.00047842661539713543,2.3264517417107494e-05
577,pop50,1,0.00048732757568359375,0.0
577,pop14,1,0.00043773651123046875,0.0
578,pop52,2,0.005216360092163086,0.004640102386474609
578,pop53,4,0.0004944801330566406,4.1172962717983354e-05
578,pop50,1,0.0004928112030029297,0.0
578,pop14,1,0.00047087669372558594,0.0
579,pop10,3,0.004902442296346028,0.006193313059563739
579,pop11,3,0.0005440711975097656,8.09994154332427e-05
579,pop36,1,0.0004911422729492188,0.0
579,pop51,1,0.00048804283142089844,0.0
579,pop52,1,0.0004830360412597656,0.0
579,pop53,1,0.00045180320739746094,0.0
579,pop7,1,0.00043392181396484375,0.0
580,pop16,4,0.00310516357421875,0.004438750278355718
580,pop50,1,0.0004699230194091797,0.0
580,pop35,1,0.0004923343658447266,0.0
581,pop23,5,0.0025129318237304688,0.003962918604321017
581,pop16,1,0.0004868507385253906,0.0
581,pop50,1,0.00046133995056152344,0.0
581,pop35,1,0.00043582916259765625,0.0
582,pop36,5,0.0029788970947265624,0.004844365304464135
582,pop51,1,0.0004901885986328125,0.0
582,pop52,1,0.0004885196685791016,0.0
583,pop16,2,0.005605936050415039,0.005038261413574219
583,pop23,1,0.0004849433898925781,0.0
583,pop21,1,0.0004363059997558594,0.0
583,pop22,4,0.0005289316177368164,4.673657931117289e-05
583,pop51,1,0.00046944618225097656,0.0
583,pop29,1,0.0005693435668945312,0.0
584,pop23,5,0.0025043487548828125,0.003963291540618887
584,pop21,3,0.004269202550252278,0.005370674332728514
584,pop22,2,0.006365299224853516,0.005906820297241211
585,pop36,2,0.006631731986999512,0.006042599678039551
585,pop51,4,0.0005543828010559082,0.00011988180422228736
585,pop52,1,0.0005052089691162109,0.0
585,pop34,1,0.00047087669372558594,0.0
585,pop35,1,0.0004391670227050781,0.0
586,pop16,5,0.002589511871337891,0.004028178414257775
586,pop50,1,0.00047326087951660156,0.0
586,pop17,1,0.0004532337188720703,0.0
586,pop25,1,0.0004372596740722656,0.0
587,pop51,3,0.004099210103352864,0.004948174524582913
587,pop29,4,0.0005729794502258301,4.9904538340517565e-05
587,pop52,1,0.0004749298095703125,0.0
587,pop53,1,0.0004563331604003906,0.0
587,pop7,1,0.0004494190216064453,0.0
588,pop23,2,0.005610108375549316,0.005010724067687988
588,pop21,1,0.0004813671112060547,0.0
588,pop22,4,0.0005552172660827637,0.00011570849056687617
588,pop51,1,0.0004825592041015625,0.0
588,pop52,1,0.0004894733428955078,0.0
588,pop50,1,0.0004677772521972656,0.0
588,pop33,1,0.0004489421844482422,0.0
588,pop32,1,0.0004582405090332031,0.0
589,pop16,2,0.005621552467346191,0.005063176155090332
589,pop23,4,0.003215968608856201,0.004729040637173399
589,pop21,5,0.0028027057647705077,0.004543270493607949
589,pop22,2,0.006368398666381836,0.005912065505981445
589,pop24,1,0.010234594345092773,0.0
589,pop51,1,0.00046634674072265625,0.0
589,pop36,1,0.00047850608825683594,0.0
589,pop10,1,0.0004334449768066406,0.0
590,pop2,3,0.004277149836222331,0.0052950658443282695
590,pop49,3,0.0005044142405192057,3.2318007519328054e-05
590,pop56,1,0.0004527568817138672,0.0
590,pop52,1,0.00046539306640625,0.0
590,pop51,1,0.0004818439483642578,0.0
591,pop52,3,0.0036995410919189453,0.00446689014611345
591,pop12,2,0.005741596221923828,0.005224466323852539
591,pop34,2,0.005816459655761719,0.005354404449462891
591,pop35,2,0.0005568265914916992,3.421306610107422e-05
591,pop50,1,0.0004677772521972656,0.0
591,pop26,1,0.00043129920959472656,0.0
592,pop23,4,0.005812287330627441,0.005256996619396354
592,pop21,5,0.002782773971557617,0.004555449083961053
592,pop22,2,0.006317853927612305,0.005842685699462891
592,pop51,1,0.00048279762268066406,0.0
592,pop52,1,0.00048422813415527344,0.0
592,pop12,1,0.0004279613494873047,0.0
593,pop16,2,0.005634903907775879,0.005045533180236816
593,pop50,2,0.005349874496459961,0.004865169525146484
593,pop26,3,0.0004685719807942708,1.043669595265504e-05
594,pop10,5,0.0031700611114501955,0.005292249491017784
594,pop36,1,0.0004932880401611328,0.0
594,pop51,1,0.0004837512969970703,0.0
594,pop52,1,0.0004937648773193359,0.0
595,pop52,3,0.0037508010864257812,0.0045067085268760045
595,pop12,4,0.0005188584327697754,7.490259846149482e-05
595,pop50,1,0.0005071163177490234,0.0
595,pop26,1,0.0004749298095703125,0.0
596,pop23,2,0.005486488342285156,0.004910707473754883
596,pop21,2,0.00600886344909668,0.005552530288696289
596,pop22,2,0.00622403621673584,0.0057517290115356445
596,pop51,2,0.0004870891571044922,8.106231689453125e-06
596,pop4,1,0.012456178665161133,0.0
596,pop43,2,0.006565690040588379,0.006111025810241699
596,pop42,1,0.008654594421386719,0.0
596,pop53,2,0.005376219749450684,0.004923701286315918
596,pop7,2,0.0004596710205078125,1.6689300537109375e-06
597,pop52,3,0.0037567615509033203,0.004481898010886647
597,pop12,4,0.00046330690383911133,1.3943283352388699e-05
598,pop36,2,0.006758928298950195,0.006108283996582031
598,pop28,3,0.0004875659942626953,4.052835342574268e-05
598,pop51,1,0.0004818439483642578,0.0
598,pop52,1,0.0005004405975341797,0.0
599,pop10,3,0.0049982865651448565,0.0063169836065128165
599,pop5,3,0.0004901885986328125,3.4323995969425046e-05
599,pop36,1,0.0004687309265136719,0.0
599,pop51,1,0.000484466552734375,0.0
599,pop52,1,0.00047206878662109375,0.0
600,pop36,4,0.0036934614181518555,0.005326216506860092
600,pop51,1,0.0005166530609130859,0.0
600,pop52,1,0.0004909038543701172,0.0
600,pop50,1,0.00047087669372558594,0.0
600,pop33,1,0.00046133995056152344,0.0
600,pop32,1,0.0005478858947753906,0.0
601,pop2,4,0.0033942461013793945,0.00490713943261912
601,pop56,1,0.00045990943908691406,0.0
601,pop52,1,0.0004818439483642578,0.0
601,pop34,1,0.0004527568817138672,0.0
601,pop35,1,0.0005199909210205078,0.0
602,pop16,2,0.0056906938552856445,0.005086541175842285
602,pop23,1,0.0004737377166748047,0.0
602,pop21,4,0.0005058646202087402,8.00556505359311e-05
602,pop22,1,0.00045943260192871094,0.0
602,pop51,1,0.0004620552062988281,0.0
602,pop36,1,0.00047850608825683594,0.0
602,pop10,1,0.0004379749298095703,0.0
603,pop10,3,0.005062977472941081,0.0063341187011095364
603,pop5,3,0.0005470116933186849,0.00012155799306462813
603,pop36,1,0.00046706199645996094,0.0
603,pop51,1,0.00049591064453125,0.0
603,pop52,1,0.0004870891571044922,0.0
603,pop48,1,0.00044989585876464844,0.0
603,pop30,1,0.0004534721374511719,0.0
603,pop31,1,0.0004494190216064453,0.0
604,pop23,3,0.0075308481852213545,0.00491171067642699
604,pop21,2,0.006171822547912598,0.0057038068771362305
604,pop24,2,0.005655169486999512,0.005199313163757324
604,pop14,2,0.000616908073425293,0.00015056133270263672
604,pop50,1,0.0004940032958984375,0.0
604,pop52,1,0.00047469139099121094,0.0
604,pop51,1,0.00046825408935546875,0.0
604,pop9,1,0.0004379749298095703,0.0
605,pop52,2,0.0054274797439575195,0.004811644554138184
605,pop34,4,0.0004661083221435547,2.9778948200667453e-05
605,pop35,1,0.000484466552734375,0.0
606,pop2,2,0.006245017051696777,0.005659222602844238
606,pop56,4,0.0004863739013671875,3.712867049199157e-05
606,pop52,1,0.00047779083251953125,0.0
606,pop51,1,0.0004794597625732422,0.0
607,pop10,4,0.00397104024887085,0.005834168403312316
607,pop36,1,0.00047850608825683594,0.0
607,pop51,1,0.00047397613525390625,0.0
607,pop52,1,0.0004811286926269531,0.0
607,pop50,1,0.000469207763671875,0.0
607,pop17,1,0.0004639625549316406,0.0
607,pop25,1,0.0004341602325439453,0.0
608,pop10,3,0.009643236796061197,0.006370502366178035
608,pop36,2,0.007145404815673828,0.006649971008300781
608,pop28,2,0.0005717277526855469,0.00010538101196289062
608,pop51,1,0.0004684925079345703,0.0
608,pop52,1,0.0004703998565673828,0.0
608,pop50,1,0.0004742145538330078,0.0
608,pop26,1,0.0004322528839111328,0.0
609,pop51,5,0.002655220031738281,0.004277486544627694
610,pop36,2,0.006754636764526367,0.006152629852294922
610,pop51,2,0.00046896934509277344,8.344650268554688e-06
610,pop43,4,0.0004916787147521973,4.3515595468081364e-05
610,pop52,1,0.000461578369140625,0.0
610,pop56,1,0.000453948974609375,0.0
611,pop52,2,0.00534820556640625,0.004746437072753906
611,pop34,2,0.0059392452239990234,0.0054895877838134766
611,pop35,2,0.0005731582641601562,0.00011348724365234375
611,pop50,1,0.0004832744598388672,0.0
611,pop14,1,0.00046539306640625,0.0
611,pop27,1,0.0004551410675048828,0.0
611,pop44,1,0.00044465065002441406,0.0
611,pop45,1,0.0004487037658691406,0.0
612,pop16,4,0.0031670331954956055,0.004432232196086705
612,pop50,1,0.0004520416259765625,0.0
612,pop52,1,0.0004832744598388672,0.0
612,pop51,1,0.0004937648773193359,0.0
612,pop46,1,0.0004477500915527344,0.0
612,pop20,1,0.0004451274871826172,0.0
613,pop10,3,0.005006551742553711,0.006312722284167839
613,pop11,3,0.0005390644073486328,0.00011703527450298186
613,pop36,1,0.0004718303680419922,0.0
613,pop51,1,0.00047469139099121094,0.0
613,pop52,1,0.00046706199645996094,0.0
613,pop48,1,0.0004444122314453125,0.0
613,pop30,1,0.00045609474182128906,0.0
613,pop31,1,0.0004429817199707031,0.0
614,pop36,2,0.006835341453552246,0.006196856498718262
614,pop51,4,0.0005455613136291504,0.00012564278808118576
614,pop52,1,0.00048422813415527344,0.0
614,pop50,1,0.0005037784576416016,0.0
614,pop33,1,0.000484466552734375,0.0
614,pop32,1,0.0004444122314453125,0.0
615,pop52,3,0.0037194093068440757,0.004479384154620644
615,pop3,4,0.0004843473434448242,3.697660023195386e-05
615,pop51,1,0.00047969818115234375,0.0
616,pop16,5,0.0026516437530517576,0.004175884623307286
616,pop50,1,0.00048470497131347656,0.0
616,pop53,1,0.00044465065002441406,0.0
616,pop3,1,0.0004551410675048828,0.0
616,pop0,1,0.0004801750183105469,0.0
617,pop52,4,0.003010988235473633,0.004186610986088513
617,pop34,1,0.0004551410675048828,0.0
617,pop35,1,0.0004444122314453125,0.0
618,pop16,2,0.005816221237182617,0.0052337646484375
618,pop23,1,0.0005381107330322266,0.0
618,pop24,2,0.005380392074584961,0.004931926727294922
618,pop14,1,0.0004482269287109375,0.0
618,pop50,2,0.0005408525466918945,7.355213165283203e-05
618,pop53,1,0.0004734992980957031,0.0
618,pop7,1,0.00045013427734375,0.0
619,pop10,4,0.0076403021812438965,0.007123994105745915
619,pop36,1,0.0004706382751464844,0.0
619,pop51,1,0.0004813671112060547,0.0
619,pop46,2,0.0005375146865844727,8.45193862915039e-05
619,pop20,1,0.0004329681396484375,0.0
620,pop52,4,0.0030320286750793457,0.004235721542844143
620,pop50,1,0.0004773139953613281,0.0
620,pop14,1,0.0004343986511230469,0.0
621,pop36,3,0.00921336809794108,0.006089330267062547
621,pop28,2,0.006560564041137695,0.006097078323364258
621,pop51,2,0.0005979537963867188,1.5974044799804688e-05
621,pop52,1,0.0004899501800537109,0.0
621,pop12,1,0.0005459785461425781,0.0
622,pop10,2,0.007450461387634277,0.0068694353103637695
622,pop36,4,0.0005331635475158691,8.589083084372273e-05
622,pop51,1,0.0004897117614746094,0.0
622,pop52,1,0.0005166530609130859,0.0
622,pop3,1,0.0004391670227050781,0.0
622,pop0,1,0.0004482269287109375,0.0
623,pop52,3,0.0038286050160725913,0.004663493655678491
623,pop53,4,0.0005178451538085938,7.366208138653259e-05
623,pop51,1,0.00048232078552246094,0.0
623,pop29,1,0.0004544258117675781,0.0
624,pop23,3,0.003980954488118489,0.004908848231011224
624,pop24,2,0.005417943000793457,0.004964470863342285
624,pop21,1,0.0004627704620361328,0.0
624,pop22,3,0.0005656878153483073,0.00011946481234114179
624,pop51,1,0.00048232078552246094,0.0
624,pop46,1,0.0004634857177734375,0.0
624,pop20,1,0.00044846534729003906,0.0
625,pop2,5,0.0029183387756347655,0.004644625542444155
625,pop56,1,0.0004506111145019531,0.0
625,pop52,1,0.0004918575286865234,0.0
625,pop50,1,0.0004792213439941406,0.0
625,pop17,1,0.0004448890686035156,0.0
625,pop25,1,0.0005466938018798828,0.0
626,pop36,5,0.0030730724334716796,0.004959043132396164
626,pop51,1,0.0004897117614746094,0.0
626,pop46,1,0.0004565715789794922,0.0
626,pop20,1,0.0004546642303466797,0.0
627,pop10,2,0.007453203201293945,0.0068569183349609375
627,pop36,1,0.0004887580871582031,0.0
627,pop51,2,0.0004864931106567383,4.172325134277344e-06
627,pop4,4,0.00046241283416748047,3.623511418088342e-05
627,pop29,1,0.00044608116149902344,0.0
628,pop36,2,0.006983160972595215,0.006360650062561035
628,pop51,3,0.0005091031392415365,1.3876607631503518e-05
628,pop4,1,0.012262821197509766,0.0
628,pop29,2,0.00670170783996582,0.006258487701416016
628,pop43,1,0.012868642807006836,0.0
628,pop42,2,0.004800915718078613,0.004350066184997559
628,pop53,2,0.005323052406311035,0.004865527153015137
628,pop47,2,0.0005500316619873047,2.09808349609375e-05
628,pop52,1,0.0004947185516357422,0.0
629,pop10,4,0.0076027512550354,0.0070756093457267025
629,pop5,3,0.00047389666239420575,3.3517013157659496e-05
629,pop36,1,0.000469207763671875,0.0
629,pop51,1,0.00048351287841796875,0.0
629,pop52,1,0.00048470497131347656,0.0
630,pop51,5,0.0026855945587158205,0.004338828730663967
630,pop4,2,0.006431460380554199,0.005971312522888184
630,pop29,2,0.006624817848205566,0.0061713457107543945
630,pop43,2,0.006592988967895508,0.006152153015136719
630,pop42,2,0.0005745887756347656,0.000118255615234375
630,pop36,1,0.0004699230194091797,0.0
630,pop10,1,0.0004410743713378906,0.0
631,pop36,2,0.007018566131591797,0.006406307220458984
631,pop28,3,0.0005517005920410156,0.00013964790359280522
631,pop51,1,0.0004818439483642578,0.0
631,pop46,1,0.00045371055603027344,0.0
631,pop20,1,0.0004515647888183594,0.0
632,pop10,3,0.00522462526957194,0.0066404478596651904
632,pop5,4,0.0005130767822265625,0.00011186443731841424
632,pop36,1,0.0004584789276123047,0.0
632,pop51,1,0.00047969818115234375,0.0
632,pop52,1,0.00047969818115234375,0.0
632,pop50,1,0.0004825592041015625,0.0
632,pop33,1,0.00046372413635253906,0.0
632,pop32,1,0.000446319580078125,0.0
633,pop16,4,0.0031815767288208008,0.004587851871530747
633,pop50,1,0.0004818439483642578,0.0
633,pop14,1,0.0004696846008300781,0.0
634,pop51,5,0.002750587463378906,0.004402771821911543
634,pop36,1,0.0004630088806152344,0.0
634,pop10,1,0.00044989585876464844,0.0
635,pop36,2,0.007057666778564453,0.006432533264160156
635,pop28,3,0.0004928906758626302,4.89683102944668e-05
635,pop51,1,0.0004930496215820312,0.0
635,pop52,1,0.0004858970642089844,0.0
635,pop56,1,0.00046753883361816406,0.0
636,pop10,3,0.005148728688557942,0.006532644199678251
636,pop11,4,0.0004898905754089355,3.7612136649357816e-05
636,pop36,1,0.0004780292510986328,0.0
636,pop51,1,0.0005102157592773438,0.0
636,pop52,1,0.0004711151123046875,0.0
637,pop10,3,0.005250692367553711,0.0066891635118531126
637,pop11,4,0.0005213618278503418,0.00010067030406230417
637,pop36,1,0.0004630088806152344,0.0
637,pop51,1,0.00048828125,0.0
637,pop52,1,0.0005021095275878906,0.0
637,pop48,1,0.0004544258117675781,0.0
637,pop30,1,0.0004611015319824219,0.0
637,pop31,1,0.0004527568817138672,0.0
638,pop52,4,0.003110527992248535,0.004355045258657787
638,pop50,1,0.0004792213439941406,0.0
638,pop33,1,0.0004792213439941406,0.0
638,pop32,1,0.00046896934509277344,0.0
639,pop23,3,0.00410151481628418,0.005054282534924237
639,pop21,4,0.0005199909210205078,9.51747139168025e-05
639,pop22,2,0.006698727607727051,0.00622403621673584
639,pop16,1,0.00045561790466308594,0.0
639,pop50,1,0.0004868507385253906,0.0
639,pop53,1,0.00045990943908691406,0.0
639,pop7,1,0.0004172325134277344,0.0
640,pop2,3,0.004431962966918945,0.005497189278154098
640,pop49,4,0.00047725439071655273,3.511856909748114e-05
640,pop56,1,0.0004639625549316406,0.0
640,pop52,1,0.00046563148498535156,0.0
640,pop51,1,0.0005128383636474609,0.0
641,pop10,3,0.005278746287027995,0.006711931296479365
641,pop5,4,0.0005158782005310059,0.00010965315696628826
641,pop36,1,0.0004811286926269531,0.0
641,pop51,1,0.00046443939208984375,0.0
641,pop52,1,0.0004818439483642578,0.0
641,pop50,1,0.00046706199645996094,0.0
641,pop33,1,0.0004601478576660156,0.0
641,pop32,1,0.0004489421844482422,0.0
642,pop52,5,0.0026198387145996093,0.004067802169842009
642,pop51,1,0.0004818439483642578,0.0
642,pop36,1,0.0005776882171630859,0.0
642,pop10,1,0.0005676746368408203,0.0
643,pop23,2,0.005863189697265625,0.005247831344604492
643,pop21,1,0.0005922317504882812,0.0
643,pop22,4,0.0005248188972473145,8.545175573481631e-05
643,pop51,1,0.0004699230194091797,0.0
643,pop52,1,0.0004990100860595703,0.0
643,pop53,1,0.0005595684051513672,0.0
643,pop7,1,0.0004401206970214844,0.0
644,pop2,2,0.006508350372314453,0.005892276763916016
644,pop56,4,0.0005407929420471191,0.00011050931005854616
644,pop52,1,0.0004932880401611328,0.0
644,pop51,1,0.00047707557678222656,0.0
644,pop22,1,0.0005908012390136719,0.0
644,pop21,1,0.00043487548828125,0.0
645,pop10,5,0.003374195098876953,0.0056378423263203315
645,pop36,1,0.0004532337188720703,0.0
645,pop51,1,0.0004756450653076172,0.0
645,pop52,1,0.00048804283142089844,0.0
645,pop3,1,0.00045871734619140625,0.0
645,pop0,1,0.0004305839538574219,0.0
646,pop52,3,0.003976662953694661,0.0048364775433541165
646,pop12,4,0.0005271434783935547,5.082092089945934e-05
646,pop3,1,0.00048041343688964844,0.0
646,pop0,1,0.0004410743713378906,0.0
647,pop23,2,0.005963921546936035,0.005378842353820801
647,pop24,3,0.000576178232828776,9.421312268992059e-05
647,pop14,1,0.0004515647888183594,0.0
647,pop50,1,0.0005137920379638672,0.0
647,pop33,1,0.00045943260192871094,0.0
647,pop32,1,0.00045990943908691406,0.0
648,pop2,2,0.006605744361877441,0.006010890007019043
648,pop56,3,0.0005740324656168619,0.00013793723097326949
648,pop52,1,0.0005042552947998047,0.0
648,pop50,1,0.0004978179931640625,0.0
648,pop17,1,0.0004296302795410156,0.0
648,pop25,1,0.0004436969757080078,0.0
649,pop10,2,0.0077353715896606445,0.007111191749572754
649,pop36,1,0.0004930496215820312,0.0
649,pop51,4,0.0005387663841247559,9.41409843593558e-05
649,pop52,1,0.00048828125,0.0
649,pop48,1,0.0004584789276123047,0.0
649,pop30,1,0.0004558563232421875,0.0
649,pop31,1,0.0004432201385498047,0.0
650,pop52,2,0.005709171295166016,0.005117177963256836
650,pop12,4,0.00045800209045410156,4.476304854278227e-06
651,pop52,3,0.004022677739461263,0.004822571654565071
651,pop34,4,0.0005134940147399902,9.027526349175421e-05
651,pop50,1,0.0006024837493896484,0.0
651,pop33,1,0.0004611015319824219,0.0
651,pop32,1,0.0004496574401855469,0.0
652,pop16,2,0.006107807159423828,0.005525112152099609
652,pop23,3,0.0005872249603271484,0.00015763789799665373
652,pop21,1,0.00045037269592285156,0.0
652,pop22,1,0.0004863739013671875,0.0
652,pop51,1,0.0005230903625488281,0.0
652,pop46,1,0.00047087669372558594,0.0
652,pop20,1,0.00044155120849609375,0.0
653,pop51,5,0.002811431884765625,0.00451339033576899
653,pop36,1,0.0004627704620361328,0.0
653,pop10,1,0.0004477500915527344,0.0
654,pop36,5,0.0031826019287109373,0.005273283297028323
654,pop51,1,0.00048160552978515625,0.0
655,pop23,5,0.002749729156494141,0.004325648722589543
655,pop16,1,0.0004951953887939453,0.0
655,pop50,1,0.00048041343688964844,0.0
655,pop17,1,0.0004496574401855469,0.0
655,pop25,1,0.0004506111145019531,0.0
656,pop51,3,0.004374345143636067,0.005395558041503409
656,pop43,2,0.006633639335632324,0.006185412406921387
656,pop42,1,0.010347843170166016,0.0
656,pop53,3,0.0005391438802083334,9.114126896232904e-05
656,pop52,1,0.0004973411560058594,0.0
656,pop36,1,0.00046753883361816406,0.0
656,pop10,1,0.0004475116729736328,0.0
657,pop16,5,0.0027513504028320312,0.004373531301479938
657,pop50,1,0.00044846534729003906,0.0
657,pop52,1,0.0004942417144775391,0.0
657,pop51,1,0.00048351287841796875,0.0
657,pop36,1,0.0005092620849609375,0.0
657,pop10,1,0.0004494190216064453,0.0
658,pop23,5,0.0027389049530029295,0.004333882474128433
658,pop21,1,0.0004489421844482422,0.0
658,pop22,1,0.00045752525329589844,0.0
658,pop51,1,0.0005013942718505859,0.0
658,pop9,1,0.00045013427734375,0.0
659,pop51,3,0.004349152247111003,0.005359317022617051
659,pop43,4,0.0004962682723999023,5.451463099312531e-05
659,pop36,1,0.0005755424499511719,0.0
659,pop10,1,0.0004303455352783203,0.0
660,pop51,3,0.004372040430704753,0.005403593651339339
660,pop29,3,0.00047286351521809894,1.7097935175503113e-05
661,pop23,2,0.0059850215911865234,0.005390644073486328
661,pop21,3,0.0005671183268229166,6.823308512634506e-05
661,pop22,1,0.00048351287841796875,0.0
661,pop51,1,0.0005035400390625,0.0
661,pop52,1,0.00048351287841796875,0.0
661,pop56,1,0.0004544258117675781,0.0
662,pop2,5,0.0030055999755859374,0.004902211434511225
662,pop56,1,0.0005385875701904297,0.0
662,pop52,1,0.0004956722259521484,0.0
662,pop53,1,0.0004489421844482422,0.0
662,pop7,1,0.0004398822784423828,0.0
663,pop10,2,0.007911443710327148,0.007302045822143555
663,pop36,1,0.0004780292510986328,0.0
663,pop51,1,0.0005161762237548828,0.0
663,pop46,2,0.006536126136779785,0.006062150001525879
663,pop45,3,0.00415953000386556,0.005220255106791831
663,pop44,2,0.0005069971084594727,4.184246063232422e-05
664,pop16,2,0.006109714508056641,0.005475282669067383
664,pop50,3,0.0005182425181070963,3.907754132679798e-05
664,pop52,1,0.0004811286926269531,0.0
665,pop10,2,0.008004069328308105,0.007381796836853027
665,pop36,1,0.00048542022705078125,0.0
665,pop28,3,0.0005150636037190756,1.0910671425965953e-05
665,pop51,1,0.0005013942718505859,0.0
665,pop52,1,0.0005025863647460938,0.0
666,pop16,3,0.004241625467936198,0.0052420438637033676
666,pop50,2,0.0004940032958984375,7.152557373046875e-07
666,pop26,4,0.0005826354026794434,0.00010097208029889882
666,pop23,1,0.0004897117614746094,0.0
666,pop21,1,0.0004458427429199219,0.0
667,pop52,4,0.0032331347465515137,0.004551609518466337
667,pop50,1,0.0004916191101074219,0.0
667,pop26,1,0.00047016143798828125,0.0
668,pop51,3,0.004439115524291992,0.005520610821951153
668,pop29,3,0.0004851023356119792,2.0279443274471738e-05
669,pop36,2,0.007320761680603027,0.006702542304992676
669,pop28,2,0.006908893585205078,0.006417751312255859
669,pop51,2,0.0004895925521850586,6.318092346191406e-06
669,pop4,3,0.0005795955657958984,0.00011655572078289401
669,pop22,1,0.0004782676696777344,0.0
669,pop21,1,0.0004527568817138672,0.0
670,pop36,5,0.0032942771911621095,0.005467312530885511
670,pop51,1,0.0005254745483398438,0.0
670,pop29,1,0.0004448890686035156,0.0
671,pop36,2,0.007482290267944336,0.0068514347076416016
671,pop10,4,0.00047600269317626953,2.148712309366235e-05
672,pop52,3,0.004039764404296875,0.004919049015521206
672,pop3,4,0.0032674670219421387,0.004706470431601836
672,pop0,2,0.006151080131530762,0.005666375160217285
672,pop51,1,0.00049591064453125,0.0
672,pop46,1,0.0004627704620361328,0.0
672,pop20,1,0.0005500316619873047,0.0
673,pop36,2,0.007405400276184082,0.006749272346496582
673,pop28,2,0.006740570068359375,0.0062792301177978516
673,pop51,1,0.0004911422729492188,0.0
673,pop43,2,0.00695347785949707,0.006388187408447266
673,pop42,2,0.0005800724029541016,0.00012445449829101562
673,pop53,1,0.0004742145538330078,0.0
673,pop52,1,0.0004811286926269531,0.0
673,pop48,1,0.0004711151123046875,0.0
673,pop30,1,0.0004680156707763672,0.0
673,pop31,1,0.000431060791015625,0.0
674,pop23,2,0.006061434745788574,0.005470871925354004
674,pop24,3,0.004013776779174805,0.005029976878964414
674,pop14,2,0.0005539655685424805,6.92605972290039e-05
674,pop50,1,0.0006024837493896484,0.0
674,pop52,1,0.0004851818084716797,0.0
674,pop51,1,0.0005061626434326172,0.0
675,pop2,2,0.0068988800048828125,0.006270170211791992
675,pop56,4,0.0005089640617370605,8.050491588260615e-05
675,pop52,1,0.0004813671112060547,0.0
675,pop12,1,0.0004947185516357422,0.0
676,pop36,5,0.003337717056274414,0.005538850005172972
676,pop51,1,0.0004773139953613281,0.0
676,pop52,1,0.0005044937133789062,0.0
676,pop34,1,0.0004639625549316406,0.0
676,pop35,1,0.00044083595275878906,0.0
677,pop23,4,0.006230294704437256,0.005684822813633302
677,pop24,2,0.005733489990234375,0.005271434783935547
677,pop21,3,0.0005337397257486979,8.74300430937314e-05
677,pop16,1,0.0004572868347167969,0.0
677,pop50,1,0.0005033016204833984,0.0
677,pop35,1,0.0004563331604003906,0.0
678,pop36,2,0.007574796676635742,0.006969928741455078
678,pop51,2,0.00680232048034668,0.006286144256591797
678,pop43,2,0.007229447364807129,0.006766676902770996
678,pop42,2,0.0005321502685546875,6.842613220214844e-05
678,pop53,1,0.0004558563232421875,0.0
678,pop50,1,0.0004961490631103516,0.0
678,pop26,1,0.0004391670227050781,0.0
679,pop10,5,0.0036163330078125,0.006060980384216193
679,pop36,1,0.00048828125,0.0
679,pop51,1,0.0004930496215820312,0.0
679,pop52,1,0.0004937648773193359,0.0
679,pop3,1,0.0004589557647705078,0.0
679,pop0,1,0.00044846534729003906,0.0
680,pop16,2,0.006335854530334473,0.0056885480880737305
680,pop23,1,0.0005469322204589844,0.0
680,pop24,4,0.000494539737701416,3.509306666224031e-05
680,pop14,1,0.0004756450653076172,0.0
680,pop50,1,0.00048828125,0.0
680,pop52,1,0.00047469139099121094,0.0
681,pop51,5,0.0029767036437988283,0.004833435008806925
681,pop52,1,0.0004818439483642578,0.0
681,pop56,1,0.0004596710205078125,0.0
682,pop16,2,0.006311297416687012,0.005686163902282715
682,pop23,2,0.0005079507827758789,2.0384788513183594e-05
682,pop21,4,0.0004940629005432129,3.641502345634238e-05
682,pop24,1,0.00045108795166015625,0.0
682,pop14,1,0.00045037269592285156,0.0
683,pop10,9,0.002214511235555013,0.004765465904095581
683,pop11,4,0.013229012489318848,0.007380838657169219
683,pop5,4,0.013207614421844482,0.007372498924522672
683,pop36,1,0.0005240440368652344,0.0
683,pop51,1,0.0004961490631103516,0.0
683,pop52,1,0.0006158351898193359,0.0
683,pop50,1,0.00048422813415527344,0.0
683,pop26,1,0.0005733966827392578,0.0
684,pop51,3,0.004551092783610026,0.005616094312439609
684,pop4,4,0.0005314946174621582,0.0001146662469430164
684,pop52,1,0.0004611015319824219,0.0
684,pop50,1,0.0005960464477539062,0.0
684,pop17,1,0.0004444122314453125,0.0
684,pop25,1,0.00044226646423339844,0.0
685,pop2,5,0.0030588626861572264,0.0050737527428374035
685,pop56,1,0.0004749298095703125,0.0
685,pop52,1,0.0004966259002685547,0.0
685,pop51,1,0.0005211830139160156,0.0
686,pop16,4,0.003464818000793457,0.004943184540286908
686,pop50,1,0.0004730224609375,0.0
686,pop52,1,0.0005087852478027344,0.0
686,pop51,1,0.00048279762268066406,0.0
686,pop36,1,0.0004956722259521484,0.0
686,pop10,1,0.0004506111145019531,0.0
687,pop2,3,0.004768053690592448,0.005976003927347914
687,pop49,4,0.00048416852951049805,4.4086933203032446e-05
687,pop56,1,0.00048351287841796875,0.0
687,pop52,1,0.0005080699920654297,0.0
687,pop51,1,0.0004892349243164062,0.0
688,pop16,2,0.006273150444030762,0.005664467811584473
688,pop23,2,0.0062329769134521484,0.005808115005493164
688,pop21,1,0.00044727325439453125,0.0
688,pop22,2,0.007193088531494141,0.006689548492431641
688,pop51,2,0.0069844722747802734,0.0065155029296875
688,pop43,2,0.0006382465362548828,0.00017905235290527344
688,pop9,1,0.00044727325439453125,0.0
689,pop52,4,0.0032558441162109375,0.004619445581565741
689,pop50,1,0.0004928112030029297,0.0
689,pop14,1,0.00046133995056152344,0.0
690,pop16,2,0.0063323974609375,0.005738258361816406
690,pop23,1,0.012313127517700195,0.0
690,pop21,4,0.000540316104888916,6.443510218385537e-05
690,pop22,1,0.00047469139099121094,0.0
690,pop51,1,0.00048661231994628906,0.0
690,pop36,1,0.0004799365997314453,0.0
690,pop10,1,0.0005972385406494141,0.0
691,pop10,4,0.004392027854919434,0.006640577635101804
691,pop5,2,0.00885009765625,0.008287429809570312
691,pop11,2,0.0006282329559326172,0.0001609325408935547
691,pop36,1,0.0004932880401611328,0.0
691,pop51,1,0.0005273818969726562,0.0
691,pop52,1,0.0005364418029785156,0.0
691,pop50,1,0.0004839897155761719,0.0
691,pop14,1,0.0004513263702392578,0.0
692,pop51,3,0.004604657491048177,0.005703891094652628
692,pop43,3,0.0005409717559814453,8.26417629585728e-05
692,pop52,1,0.0005238056182861328,0.0
692,pop50,1,0.00047278404235839844,0.0
692,pop14,1,0.0004649162292480469,0.0
693,pop2,5,0.003117799758911133,0.00509329674375253
693,pop56,1,0.0005857944488525391,0.0
693,pop52,1,0.0004990100860595703,0.0
693,pop51,1,0.0004932880401611328,0.0
693,pop22,1,0.0004818439483642578,0.0
693,pop21,1,0.00043582916259765625,0.0
694,pop23,5,0.002805471420288086,0.004475972295014869
694,pop16,1,0.0005230903625488281,0.0
694,pop50,1,0.0005040168762207031,0.0
694,pop33,1,0.00045108795166015625,0.0
694,pop32,1,0.00043010711669921875,0.0
695,pop52,3,0.004076639811197917,0.005002971609649146
695,pop12,4,0.00048667192459106445,4.087031860746023e-05
695,pop56,1,0.0005707740783691406,0.0
696,pop10,4,0.004323124885559082,0.006613364699186788
696,pop5,4,0.008818387985229492,0.008337054492761673
696,pop11,1,0.017464876174926758,0.0
696,pop4,2,0.0005974769592285156,0.00015807151794433594
696,pop51,1,0.0005066394805908203,0.0
696,pop22,1,0.0004646778106689453,0.0
696,pop21,1,0.00045680999755859375,0.0
697,pop51,3,0.004597981770833333,0.005722137676712733
697,pop29,4,0.000556647777557373,9.548349693803953e-05
697,pop9,1,0.0005629062652587891,0.0
698,pop2,3,0.004807233810424805,0.006034356989133158
698,pop49,2,0.007474541664123535,0.007008671760559082
698,pop56,1,0.00048160552978515625,0.0
698,pop55,3,0.0005019505818684896,4.578064417285348e-05
698,pop50,1,0.0004980564117431641,0.0
698,pop35,1,0.0004439353942871094,0.0
699,pop36,5,0.0034414291381835937,0.005676253405526928
699,pop51,1,0.0005447864532470703,0.0
699,pop52,1,0.0005056858062744141,0.0
699,pop50,1,0.0005795955657958984,0.0
699,pop17,1,0.0004858970642089844,0.0
699,pop25,1,0.0004608631134033203,0.0
700,pop51,2,0.006545543670654297,0.005934715270996094
700,pop46,2,0.0066471099853515625,0.00612640380859375
700,pop45,3,0.004221359888712565,0.005240363893846632
700,pop44,2,0.0005080699920654297,2.384185791015625e-06
701,pop2,3,0.004854361216227214,0.006110242785699405
701,pop49,3,0.0005037784576416016,2.7029419431642966e-05
701,pop56,1,0.00048542022705078125,0.0
701,pop52,1,0.00047397613525390625,0.0
702,pop10,8,0.002468585968017578,0.005180611554269341
702,pop5,2,0.017085552215576172,0.0001976490020751953
702,pop11,1,0.017517566680908203,0.0
702,pop36,1,0.0004749298095703125,0.0
702,pop51,1,0.0004932880401611328,0.0
702,pop52,1,0.0004930496215820312,0.0
702,pop56,1,0.0004661083221435547,0.0
703,pop52,2,0.006029963493347168,0.00542604923248291
703,pop34,4,0.0005051493644714355,4.657114240358686e-05
703,pop35,1,0.0004172325134277344,0.0
704,pop36,2,0.0077751874923706055,0.007135748863220215
704,pop28,3,0.0005544821421305338,0.00012301803134168494
704,pop51,1,0.0004949569702148438,0.0
704,pop22,1,0.0004591941833496094,0.0
704,pop21,1,0.00046372413635253906,0.0
705,pop51,4,0.003575444221496582,0.0051548068528152625
705,pop28,2,0.007052898406982422,0.006581544876098633
705,pop4,2,0.0006070137023925781,0.0001392364501953125
705,pop52,1,0.0004897117614746094,0.0
705,pop50,1,0.0004944801330566406,0.0
705,pop33,1,0.00042819976806640625,0.0
705,pop32,1,0.00043702125549316406,0.0
706,pop2,2,0.006917834281921387,0.006284594535827637
706,pop56,1,0.0004742145538330078,0.0
706,pop55,3,0.004005273183186849,0.005002774783044457
706,pop50,2,0.0005750656127929688,0.00010895729064941406
706,pop17,1,0.0004582405090332031,0.0
706,pop25,1,0.00044989585876464844,0.0
707,pop10,3,0.005748748779296875,0.007330270242583362
707,pop11,3,0.0005541642506917318,0.00011498967589471425
707,pop36,1,0.0004909038543701172,0.0
707,pop51,1,0.0004780292510986328,0.0
707,pop52,1,0.0004875659942626953,0.0
707,pop48,1,0.0004546642303466797,0.0
707,pop30,1,0.0004508495330810547,0.0
707,pop31,1,0.0004584789276123047,0.0
708,pop36,2,0.007757782936096191,0.007134079933166504
708,pop28,1,0.013550281524658203,0.0
708,pop51,4,0.0038831233978271484,0.005598365011321683
708,pop29,2,0.007183551788330078,0.006716251373291016
708,pop52,1,0.00051116943359375,0.0
708,pop48,1,0.0005822181701660156,0.0
708,pop30,1,0.00045943260192871094,0.0
708,pop31,1,0.0004208087921142578,0.0
709,pop16,4,0.0035527944564819336,0.005067003366441197
709,pop50,1,0.00047516822814941406,0.0
709,pop53,1,0.0004646778106689453,0.0
709,pop3,1,0.000461578369140625,0.0
709,pop0,1,0.00044846534729003906,0.0
710,pop2,2,0.007024288177490234,0.006411314010620117
710,pop56,1,0.00046062469482421875,0.0
710,pop48,4,0.0005183815956115723,7.396672249502533e-05
710,pop52,1,0.0005319118499755859,0.0
710,pop53,1,0.0004582405090332031,0.0
710,pop7,1,0.0004107952117919922,0.0
711,pop10,5,0.003674888610839844,0.0062629867215536076
711,pop36,1,0.0004734992980957031,0.0
711,pop51,1,0.0006394386291503906,0.0
711,pop52,1,0.00048041343688964844,0.0
711,pop56,1,0.0004596710205078125,0.0
712,pop36,4,0.004243314266204834,0.006191296950095274
712,pop51,1,0.00048470497131347656,0.0
712,pop52,1,0.0005040168762207031,0.0
712,pop50,1,0.00047850608825683594,0.0
712,pop33,1,0.0004820823669433594,0.0
712,pop32,1,0.0004947185516357422,0.0
713,pop2,2,0.0071364641189575195,0.006546378135681152
713,pop56,1,0.00058746337890625,0.0
713,pop48,3,0.0005726814270019531,5.8448060589696556e-05
713,pop52,1,0.0005004405975341797,0.0
713,pop3,1,0.00045609474182128906,0.0
713,pop0,1,0.00045228004455566406,0.0
714,pop36,2,0.0077610015869140625,0.0071773529052734375
714,pop28,4,0.0004939436912536621,3.0003050498587507e-05
714,pop51,1,0.0005362033843994141,0.0
714,pop29,1,0.000446319580078125,0.0
715,pop23,2,0.006302595138549805,0.005699872970581055
715,pop16,4,0.0005380511283874512,0.00010158805197604069
715,pop50,1,0.0004878044128417969,0.0
715,pop52,1,0.0005209445953369141,0.0
715,pop51,1,0.0005269050598144531,0.0
715,pop29,1,0.0004372596740722656,0.0
716,pop16,3,0.00852529207865397,0.005609920218429913
716,pop23,2,0.0005038976669311523,7.748603820800781e-06
716,pop24,3,0.0005617141723632812,0.00012509320961328843
716,pop21,1,0.0004801750183105469,0.0
716,pop22,1,0.0004475116729736328,0.0
716,pop51,1,0.0006244182586669922,0.0
716,pop36,1,0.0004818439483642578,0.0
716,pop10,1,0.000438690185546875,0.0
717,pop2,2,0.0070656538009643555,0.006451725959777832
717,pop56,1,0.00048232078552246094,0.0
717,pop55,3,0.0004875659942626953,4.432961634878771e-05
717,pop50,1,0.00045680999755859375,0.0
717,pop35,1,0.00044536590576171875,0.0
718,pop10,3,0.005776802698771159,0.00740660721951421
718,pop5,2,0.008926987648010254,0.008461833000183105
718,pop36,2,0.000666499137878418,3.6597251892089844e-05
718,pop51,1,0.0004925727844238281,0.0
718,pop52,1,0.0004684925079345703,0.0
718,pop3,1,0.00047659873962402344,0.0
718,pop0,1,0.00041294097900390625,0.0
719,pop36,2,0.0077610015869140625,0.007111072540283203
719,pop51,1,0.013234376907348633,0.0
719,pop46,2,0.006883025169372559,0.006412148475646973
719,pop45,2,0.0004488229751586914,5.125999450683594e-06
720,pop10,4,0.004480838775634766,0.006869849609368432
720,pop5,2,0.009221911430358887,0.008759617805480957
720,pop11,3,0.0005397001902262369,0.00013457418843926413
720,pop36,1,0.00048422813415527344,0.0
720,pop51,1,0.0004937648773193359,0.0
720,pop52,1,0.0004904270172119141,0.0
720,pop50,1,0.0004870891571044922,0.0
720,pop33,1,0.00045299530029296875,0.0
720,pop32,1,0.00044536590576171875,0.0
721,pop52,5,0.0027394771575927736,0.00440729901992083
721,pop12,1,0.0004436969757080078,0.0
722,pop16,2,0.006516098976135254,0.005880475044250488
722,pop23,1,0.00044417381286621094,0.0
722,pop24,4,0.000538945198059082,0.00010868821579812388
722,pop14,1,0.00046324729919433594,0.0
722,pop50,1,0.0005071163177490234,0.0
722,pop52,1,0.0005450248718261719,0.0
722,pop48,1,0.0004725456237792969,0.0
722,pop30,1,0.00044989585876464844,0.0
722,pop31,1,0.0005767345428466797,0.0
723,pop2,4,0.0038728713989257812,0.005690239945634154
723,pop56,1,0.0005519390106201172,0.0
723,pop48,1,0.00044798851013183594,0.0
723,pop30,1,0.00046896934509277344,0.0
723,pop31,1,0.00045871734619140625,0.0
724,pop51,5,0.008182477951049805,0.0062114886354976435
724,pop29,1,0.013981342315673828,0.0
724,pop46,2,0.006997108459472656,0.0065386295318603516
724,pop45,2,0.0006188154220581055,4.184246063232422e-05
724,pop20,1,0.0004267692565917969,0.0
725,pop52,3,0.0043328603108723955,0.005335025096199558
725,pop53,4,0.0005956888198852539,0.00010847449286297537
725,pop51,1,0.0004916191101074219,0.0
725,pop22,1,0.0004525184631347656,0.0
725,pop21,1,0.0004551410675048828,0.0
726,pop2,2,0.00724947452545166,0.006625056266784668
726,pop56,3,0.0005958080291748047,0.00010268637735499515
726,pop52,1,0.0004792213439941406,0.0
726,pop51,1,0.0004723072052001953,0.0
726,pop9,1,0.0004475116729736328,0.0
727,pop2,2,0.007077574729919434,0.006432652473449707
727,pop56,4,0.0005214810371398926,8.341539603552965e-05
727,pop52,1,0.0004870891571044922,0.0
727,pop51,1,0.0006072521209716797,0.0
727,pop36,1,0.0004978179931640625,0.0
727,pop10,1,0.0004630088806152344,0.0
728,pop52,2,0.006220221519470215,0.005581974983215332
728,pop53,4,0.0005029439926147461,6.291371196305698e-05
728,pop50,1,0.0004661083221435547,0.0
728,pop35,1,0.00042939186096191406,0.0
729,pop23,5,0.0029428958892822265,0.0046389156461999394
729,pop16,1,0.0004680156707763672,0.0
729,pop50,1,0.000476837158203125,0.0
729,pop53,1,0.0004723072052001953,0.0
729,pop3,1,0.0004630088806152344,0.0
729,pop0,1,0.00044155120849609375,0.0
730,pop16,5,0.002887439727783203,0.004719884280001465
730,pop23,1,0.0004975795745849609,0.0
730,pop21,1,0.00044989585876464844,0.0
731,pop2,5,0.003209495544433594,0.005351171198892999
731,pop56,1,0.00047469139099121094,0.0
731,pop52,1,0.0004980564117431641,0.0
731,pop51,1,0.0004870891571044922,0.0
732,pop51,4,0.003680586814880371,0.005435400929729102
732,pop29,2,0.007294058799743652,0.006783604621887207
732,pop43,2,0.0005742311477661133,9.834766387939453e-05
732,pop52,1,0.0005085468292236328,0.0
732,pop50,1,0.0004878044128417969,0.0
732,pop14,1,0.00045752525329589844,0.0
733,pop16,2,0.006531953811645508,0.005867719650268555
733,pop23,3,0.0005471706390380859,9.822093138541609e-05
733,pop21,3,0.004877805709838867,0.006227627539660194
733,pop22,1,0.0004684925079345703,0.0
733,pop51,1,0.0004737377166748047,0.0
733,pop36,1,0.0004849433898925781,0.0
733,pop10,1,0.0004904270172119141,0.0
734,pop2,3,0.005322774251302083,0.006751177107334221
734,pop49,2,0.00772404670715332,0.0072591304779052734
734,pop56,1,0.00047278404235839844,0.0
734,pop48,3,0.0005357265472412109,0.00011964828404617387
734,pop52,1,0.0004987716674804688,0.0
734,pop51,1,0.00048065185546875,0.0
734,pop22,1,0.0004801750183105469,0.0
734,pop21,1,0.00045800209045410156,0.0
735,pop23,2,0.00650787353515625,0.005884885787963867
735,pop21,3,0.0005575815836588541,8.903039110479199e-05
735,pop22,1,0.0004742145538330078,0.0
735,pop51,1,0.0004982948303222656,0.0
735,pop46,1,0.00044846534729003906,0.0
735,pop45,1,0.0004208087921142578,0.0
736,pop16,2,0.006548643112182617,0.00592803955078125
736,pop23,1,0.0004773139953613281,0.0
736,pop21,3,0.009229580561319986,0.0061992072189784074
736,pop22,4,0.0040087103843688965,0.006032992457733522
736,pop51,1,0.0005025863647460938,0.0
736,pop52,1,0.0005202293395996094,0.0
736,pop56,1,0.0004570484161376953,0.0
737,pop2,3,0.00502475102742513,0.0063457705113235015
737,pop49,4,0.0005308985710144043,6.761056036353075e-05
737,pop56,1,0.0004391670227050781,0.0
737,pop52,1,0.0004868507385253906,0.0
737,pop3,1,0.0004487037658691406,0.0
737,pop0,1,0.00043964385986328125,0.0
738,pop16,2,0.006577134132385254,0.005965828895568848
738,pop23,1,0.0004780292510986328,0.0
738,pop21,3,0.009230295817057291,0.006192116383009043
738,pop22,4,0.004009366035461426,0.00602042747719851
738,pop51,1,0.0005376338958740234,0.0
738,pop29,1,0.000461578369140625,0.0
739,pop36,5,0.0035073280334472655,0.005915035412825756
739,pop51,1,0.0005180835723876953,0.0
739,pop52,1,0.0006115436553955078,0.0
740,pop10,4,0.008678138256072998,0.008130354761714751
740,pop11,2,0.009232878684997559,0.008777737617492676
740,pop5,1,0.018059968948364258,0.0
740,pop4,2,0.0004953145980834961,1.8715858459472656e-05
740,pop51,1,0.0004889965057373047,0.0
740,pop29,1,0.0004429817199707031,0.0
741,pop2,3,0.005028724670410156,0.006332630079350603
741,pop49,3,0.0005632241566975912,0.00012475077326426948
741,pop56,1,0.0004711151123046875,0.0
741,pop52,1,0.0005075931549072266,0.0
741,pop51,1,0.0005047321319580078,0.0
741,pop22,1,0.0004885196685791016,0.0
741,pop21,1,0.00046539306640625,0.0
742,pop2,4,0.003977298736572266,0.005850984909544439
742,pop56,1,0.0004968643188476562,0.0
742,pop52,1,0.0004849433898925781,0.0
742,pop51,1,0.0005056858062744141,0.0
742,pop22,1,0.0004680156707763672,0.0
742,pop21,1,0.00046753883361816406,0.0
743,pop52,3,0.004370530446370442,0.005388551236933947
743,pop12,4,0.0005384683609008789,0.00010882632953585949
743,pop50,1,0.000453948974609375,0.0
743,pop33,1,0.0005028247833251953,0.0
743,pop32,1,0.000438690185546875,0.0
744,pop36,5,0.0035201549530029298,0.005964963560787996
744,pop51,1,0.0004813671112060547,0.0
744,pop52,1,0.0004932880401611328,0.0
744,pop12,1,0.00047850608825683594,0.0
745,pop51,2,0.006970524787902832,0.0063163042068481445
745,pop46,3,0.004824479420979817,0.00615962194023835
745,pop45,3,0.004490454991658528,0.005478152535585943
745,pop44,2,0.005393385887145996,0.0049294233322143555
745,pop20,1,0.00045228004455566406,0.0
746,pop2,2,0.007384777069091797,0.006784200668334961
746,pop56,4,0.0005310177803039551,2.7609949778547266e-05
746,pop48,2,0.006607532501220703,0.006159067153930664
746,pop52,1,0.0005190372467041016,0.0
746,pop51,1,0.00048422813415527344,0.0
747,pop52,5,0.0028571128845214845,0.004514307302455901
747,pop50,1,0.0004818439483642578,0.0
747,pop26,1,0.0004661083221435547,0.0
748,pop23,4,0.003591775894165039,0.005196037355725429
748,pop21,1,0.00046706199645996094,0.0
748,pop22,1,0.0004754066467285156,0.0
748,pop51,1,0.0005290508270263672,0.0
748,pop29,1,0.00043773651123046875,0.0
749,pop16,5,0.003000497817993164,0.004918143116580054
749,pop50,1,0.0004799365997314453,0.0
749,pop55,1,0.00048470497131347656,0.0
749,pop56,1,0.000457763671875,0.0
750,pop10,3,0.006017049153645833,0.007726660822610192
750,pop5,3,0.0004893143971761068,1.5506782182389612e-05
750,pop36,1,0.0004794597625732422,0.0
750,pop51,1,0.0004794597625732422,0.0
751,pop16,4,0.0036423802375793457,0.005317838204014637
751,pop50,1,0.000469207763671875,0.0
751,pop53,1,0.0004487037658691406,0.0
751,pop7,1,0.00045752525329589844,0.0
752,pop2,2,0.0075119733810424805,0.006915688514709473
752,pop56,1,0.00048542022705078125,0.0
752,pop48,3,0.0005580584208170573,0.00010393451962523577
752,pop52,1,0.0004673004150390625,0.0
752,pop51,1,0.0004794597625732422,0.0
752,pop46,1,0.000453948974609375,0.0
752,pop45,1,0.00043272972106933594,0.0
753,pop52,2,0.0063582658767700195,0.00573575496673584
753,pop34,4,0.00047653913497924805,2.5651542900268583e-05
753,pop35,1,0.0004527568817138672,0.0
754,pop2,5,0.003312826156616211,0.005512689706793156
754,pop56,1,0.0004506111145019531,0.0
754,pop52,1,0.00046753883361816406,0.0
754,pop3,1,0.00045418739318847656,0.0
754,pop0,1,0.00044918060302734375,0.0
755,pop52,2,0.006360054016113281,0.0057201385498046875
755,pop34,2,0.006865382194519043,0.006379961967468262
755,pop35,2,0.0005079507827758789,5.805492401123047e-05
755,pop50,1,0.0004944801330566406,0.0
755,pop14,1,0.0004520416259765625,0.0
756,pop36,2,0.008213400840759277,0.007609009742736816
756,pop28,4,0.0004967451095581055,4.4937475072426134e-05
756,pop51,1,0.00051116943359375,0.0
756,pop52,1,0.0005021095275878906,0.0
756,pop12,1,0.0004506111145019531,0.0
757,pop10,2,0.00885152816772461,0.00823974609375
757,pop5,1,0.01787567138671875,0.0
757,pop4,3,0.01013930638631185,0.00683036357454107
757,pop51,4,0.0005030035972595215,2.12462760811092e-05
757,pop29,2,0.007806897163391113,0.007355093955993652
757,pop46,2,0.0006676912307739258,0.0001882314682006836
757,pop22,1,0.00048279762268066406,0.0
757,pop21,1,0.0004649162292480469,0.0
758,pop52,5,0.0029057979583740233,0.004674829806143598
758,pop51,1,0.00047898292541503906,0.0
758,pop29,1,0.0005645751953125,0.0
759,pop10,5,0.007389974594116211,0.008430513458221668
759,pop36,5,0.003756999969482422,0.006487022642627649
759,pop28,3,0.010002930959065756,0.006711929241332423
760,pop51,5,0.0031768798828125,0.005191374800243703
760,pop52,1,0.0004646778106689453,0.0
760,pop3,1,0.0004494190216064453,0.0
760,pop0,1,0.00044226646423339844,0.0
761,pop23,2,0.006623744964599609,0.006009817123413086
761,pop24,4,0.000496208667755127,3.550851351285518e-05
761,pop14,1,0.00044417381286621094,0.0
761,pop50,1,0.0004718303680419922,0.0
761,pop26,1,0.00045108795166015625,0.0
762,pop16,5,0.003025341033935547,0.0049532708472477364
762,pop50,1,0.00047016143798828125,0.0
762,pop52,1,0.0004968643188476562,0.0
762,pop12,1,0.00045561790466308594,0.0
763,pop52,3,0.004475990931193034,0.005551603989814306
763,pop3,4,0.0005436539649963379,0.00011673729075326483
763,pop51,1,0.0004937648773193359,0.0
763,pop46,1,0.0004649162292480469,0.0
763,pop20,1,0.0004458427429199219,0.0
764,pop16,2,0.00684666633605957,0.0062541961669921875
764,pop23,3,0.0006046295166015625,0.00013921780548503527
764,pop21,1,0.0004241466522216797,0.0
764,pop22,1,0.0004723072052001953,0.0
764,pop51,1,0.0005128383636474609,0.0
764,pop46,1,0.0004792213439941406,0.0
764,pop20,1,0.0004477500915527344,0.0
765,pop2,3,0.005195140838623047,0.0065804586914542055
765,pop49,4,0.0005093812942504883,8.793517503676792e-05
765,pop56,1,0.000469207763671875,0.0
765,pop52,1,0.0006020069122314453,0.0
765,pop12,1,0.00058746337890625,0.0
766,pop16,3,0.004755258560180664,0.005973388491827369
766,pop23,3,0.0005767345428466797,0.00011992541427246909
766,pop50,1,0.0004894733428955078,0.0
766,pop52,1,0.0005133152008056641,0.0
766,pop48,1,0.000457763671875,0.0
766,pop30,1,0.00045990943908691406,0.0
766,pop31,1,0.0004506111145019531,0.0
767,pop36,5,0.0036712646484375,0.00623542407997369
767,pop51,1,0.0005056858062744141,0.0
767,pop29,1,0.0004954338073730469,0.0
768,pop10,4,0.00910264253616333,0.008543725903892928
768,pop11,3,0.0005419254302978516,0.00012648279771315974
768,pop36,1,0.0005910396575927734,0.0
768,pop51,1,0.0005056858062744141,0.0
768,pop52,1,0.0005192756652832031,0.0
768,pop50,1,0.0004711151123046875,0.0
768,pop33,1,0.00045418739318847656,0.0
768,pop32,1,0.00043702125549316406,0.0
769,pop52,3,0.004545688629150391,0.005591027184833784
769,pop12,3,0.0004923343658447266,5.737555201198231e-05
769,pop34,1,0.0004673004150390625,0.0
769,pop35,1,0.00044465065002441406,0.0
770,pop51,4,0.003862321376800537,0.005654890002986785
770,pop52,1,0.0005114078521728516,0.0
770,pop12,1,0.0004451274871826172,0.0
771,pop23,2,0.006745576858520508,0.006150007247924805
771,pop21,2,0.00739598274230957,0.0069239139556884766
771,pop22,2,0.0005829334259033203,0.00010156631469726562
771,pop51,1,0.0005085468292236328,0.0
771,pop52,1,0.0004913806915283203,0.0
771,pop53,1,0.0004611015319824219,0.0
771,pop7,1,0.0005707740783691406,0.0
772,pop16,2,0.006881356239318848,0.006270289421081543
772,pop23,2,0.00048220157623291016,2.2649765014648438e-06
772,pop21,3,0.0051110585530598955,0.006533056507354804
772,pop22,2,0.007870078086853027,0.007382512092590332
772,pop24,2,0.0005658864974975586,7.998943328857422e-05
772,pop14,1,0.00045108795166015625,0.0
772,pop27,1,0.0004589557647705078,0.0
772,pop44,1,0.0004525184631347656,0.0
772,pop45,1,0.0004601478576660156,0.0
773,pop16,2,0.00688624382019043,0.006281852722167969
773,pop50,4,0.0005249977111816406,6.610238411828186e-05
773,pop26,1,0.0004444122314453125,0.0
774,pop36,2,0.008342385292053223,0.007710099220275879
774,pop51,1,0.0005240440368652344,0.0
774,pop46,2,0.007506847381591797,0.007023811340332031
774,pop45,3,0.004557371139526367,0.005780563511204773
774,pop44,2,0.0005228519439697266,4.2438507080078125e-05
775,pop23,3,0.004703680674235026,0.00589020315984902
775,pop21,4,0.0005415081977844238,0.00012752010830417674
775,pop16,1,0.0005059242248535156,0.0
775,pop50,1,0.000492095947265625,0.0
775,pop17,1,0.0004591941833496094,0.0
775,pop25,1,0.0004584789276123047,0.0
776,pop36,5,0.0037223339080810548,0.0063062715659454975
776,pop51,1,0.0005125999450683594,0.0
776,pop46,1,0.0004677772521972656,0.0
776,pop45,1,0.0005841255187988281,0.0
777,pop23,2,0.0067642927169799805,0.006108641624450684
777,pop21,4,0.0005162358283996582,7.336019480758551e-05
777,pop22,1,0.00046896934509277344,0.0
777,pop51,1,0.0004932880401611328,0.0
777,pop36,1,0.00048828125,0.0
777,pop10,1,0.00047016143798828125,0.0
778,pop2,4,0.004111826419830322,0.006091138854801295
778,pop56,1,0.0004627704620361328,0.0
778,pop48,1,0.0004646778106689453,0.0
778,pop30,1,0.0004773139953613281,0.0
778,pop31,1,0.00043129920959472656,0.0
779,pop36,5,0.0036810874938964845,0.006204727415634731
779,pop51,1,0.0005156993865966797,0.0
779,pop52,1,0.0006058216094970703,0.0
779,pop53,1,0.0004990100860595703,0.0
779,pop7,1,0.000457763671875,0.0
780,pop23,2,0.00687098503112793,0.006226301193237305
780,pop21,1,0.0005176067352294922,0.0
780,pop22,4,0.0005390048027038574,9.149891527503478e-05
780,pop51,1,0.0005211830139160156,0.0
780,pop52,1,0.0005021095275878906,0.0
780,pop53,1,0.0004703998565673828,0.0
780,pop7,1,0.0004429817199707031,0.0
781,pop10,3,0.006313323974609375,0.00815094712766181
781,pop5,4,0.0004952549934387207,4.3883390961814816e-05
781,pop36,1,0.0004885196685791016,0.0
781,pop51,1,0.0005197525024414062,0.0
781,pop52,1,0.0004878044128417969,0.0
781,pop12,1,0.0004470348358154297,0.0
782,pop52,4,0.003618955612182617,0.005143918043357921
782,pop50,1,0.00048232078552246094,0.0
782,pop17,1,0.0004608631134033203,0.0
782,pop25,1,0.00045800209045410156,0.0
783,pop51,4,0.0040094852447509766,0.005810714625883327
783,pop52,1,0.0005023479461669922,0.0
783,pop50,1,0.0004668235778808594,0.0
783,pop33,1,0.0004482269287109375,0.0
783,pop32,1,0.00043773651123046875,0.0
784,pop10,5,0.004006862640380859,0.0068344671710262464
784,pop36,1,0.0004603862762451172,0.0
784,pop51,1,0.0004813671112060547,0.0
784,pop52,1,0.00061798095703125,0.0
784,pop50,1,0.0004684925079345703,0.0
784,pop17,1,0.0004436969757080078,0.0
784,pop25,1,0.0004906654357910156,0.0
785,pop52,3,0.0046168168385823565,0.005722711330150962
785,pop34,4,0.0005342960357666016,0.00011806920379524637
785,pop51,1,0.00047278404235839844,0.0
785,pop9,1,0.0004432201385498047,0.0
786,pop2,2,0.007786154747009277,0.00718080997467041
786,pop56,3,0.0005656083424886068,0.00012838972692734747
786,pop52,1,0.0004904270172119141,0.0
786,pop50,1,0.0004913806915283203,0.0
786,pop33,1,0.00045609474182128906,0.0
786,pop32,1,0.0004482269287109375,0.0
787,pop52,2,0.006629347801208496,0.006008028984069824
787,pop53,4,0.000499725341796875,6.294656870467701e-05
787,pop50,1,0.0005195140838623047,0.0
787,pop26,1,0.0004642009735107422,0.0
788,pop16,5,0.003153562545776367,0.005154273490193737
788,pop50,1,0.0004904270172119141,0.0
788,pop53,1,0.0004642009735107422,0.0
788,pop7,1,0.0004374980926513672,0.0
789,pop51,5,0.0032750606536865235,0.005404401068203038
789,pop52,1,0.0004832744598388672,0.0
789,pop12,1,0.0005767345428466797,0.0
790,pop52,2,0.0067708492279052734,0.00611114501953125
790,pop34,2,0.007132053375244141,0.0066449642181396484
790,pop35,2,0.0004481077194213867,5.960464477539062e-07
791,pop51,3,0.005115509033203125,0.006418555482454667
791,pop43,4,0.0005431771278381348,0.00010946858334770752
791,pop52,1,0.0005309581756591797,0.0
791,pop50,1,0.0004966259002685547,0.0
791,pop33,1,0.00046944618225097656,0.0
791,pop32,1,0.0005600452423095703,0.0
792,pop52,3,0.004655996958414714,0.005735094221097246
792,pop12,4,0.0005210638046264648,5.809016205957531e-05
792,pop56,1,0.0004889965057373047,0.0
793,pop10,4,0.0049138665199279785,0.00742566903964483
793,pop36,4,0.008952736854553223,0.00847382512437065
793,pop28,4,0.007760047912597656,0.007288396013133127
793,pop51,1,0.0005047321319580078,0.0
793,pop22,1,0.0004730224609375,0.0
793,pop21,1,0.0004703998565673828,0.0
794,pop52,3,0.004637479782104492,0.005753389486384204
794,pop12,3,0.0005458196004231771,8.376431872311986e-05
794,pop51,1,0.0004971027374267578,0.0
794,pop36,1,0.0004889965057373047,0.0
794,pop10,1,0.0004744529724121094,0.0
795,pop36,4,0.004599630832672119,0.0069526602710884965
795,pop28,2,0.0077887773513793945,0.007306456565856934
795,pop51,1,0.0005402565002441406,0.0
796,pop23,5,0.0031322956085205076,0.0050221616983706025
796,pop16,1,0.0004837512969970703,0.0
796,pop50,1,0.0005042552947998047,0.0
796,pop53,1,0.00046706199645996094,0.0
796,pop3,1,0.00044465065002441406,0.0
796,pop0,1,0.00044274330139160156,0.0
797,pop36,4,0.004644334316253662,0.006934037555386601
797,pop28,2,0.00782918930053711,0.007344484329223633
797,pop51,1,0.0005106925964355469,0.0
797,pop9,1,0.0004458427429199219,0.0
798,pop23,5,0.0030452251434326173,0.004981561836573044
798,pop21,1,0.0004775524139404297,0.0
798,pop22,1,0.0005033016204833984,0.0
798,pop51,1,0.0005862712860107422,0.0
798,pop29,1,0.00048470497131347656,0.0
799,pop51,4,0.003941953182220459,0.0058585691137812155
799,pop4,2,0.007706880569458008,0.0072479248046875
799,pop29,3,0.0005329449971516927,9.464653723272497e-05
799,pop52,1,0.0005044937133789062,0.0
799,pop53,1,0.0004639625549316406,0.0
799,pop7,1,0.00045680999755859375,0.0
800,pop23,2,0.006891965866088867,0.006246089935302734
800,pop24,2,0.006442546844482422,0.005922794342041016
800,pop14,2,0.0006003379821777344,9.799003601074219e-05
800,pop50,1,0.0006251335144042969,0.0
800,pop52,1,0.0005044937133789062,0.0
800,pop51,1,0.0005328655242919922,0.0
800,pop36,1,0.0004763603210449219,0.0
800,pop10,1,0.000484466552734375,0.0
801,pop10,3,0.006397565205891927,0.008275004196157995
801,pop11,4,0.0004913210868835449,4.6314419898807515e-05
802,pop23,2,0.006928086280822754,0.006300568580627441
802,pop24,2,0.006299495697021484,0.005832672119140625
802,pop14,2,0.0005214214324951172,2.765655517578125e-05
802,pop50,1,0.0005071163177490234,0.0
802,pop35,1,0.0004477500915527344,0.0
803,pop2,3,0.0104063351949056,0.006931063341454636
803,pop56,1,0.000469207763671875,0.0
803,pop55,2,0.006326079368591309,0.005871176719665527
803,pop50,2,0.000523686408996582,8.702278137207031e-06
803,pop14,1,0.000457763671875,0.0
804,pop52,4,0.006782710552215576,0.006213237244101806
804,pop54,2,0.00612640380859375,0.005667686462402344
804,pop53,2,0.0004898309707641602,2.6106834411621094e-05
804,pop1,2,0.000536799430847168,6.663799285888672e-05
804,pop51,1,0.00048041343688964844,0.0
805,pop16,4,0.0038980841636657715,0.00567509039789893
805,pop50,1,0.0005178451538085938,0.0
805,pop53,1,0.000461578369140625,0.0
805,pop3,1,0.0005016326904296875,0.0
805,pop0,1,0.00045561790466308594,0.0
806,pop2,3,0.005483468373616536,0.006916947357084226
806,pop49,4,0.000532984733581543,0.00010689856663146522
806,pop56,1,0.00044918060302734375,0.0
806,pop52,1,0.0005164146423339844,0.0
806,pop51,1,0.0005366802215576172,0.0
806,pop46,1,0.0004963874816894531,0.0
806,pop45,1,0.00046181678771972656,0.0
807,pop36,2,0.008822083473205566,0.008202910423278809
807,pop51,4,0.0005657672882080078,0.00011063649688873448
807,pop52,1,0.0005021095275878906,0.0
807,pop48,1,0.0004742145538330078,0.0
807,pop30,1,0.00046062469482421875,0.0
807,pop31,1,0.00046753883361816406,0.0
808,pop52,3,0.004697004954020183,0.005759197408342372
808,pop3,2,0.006862998008728027,0.006396889686584473
808,pop53,3,0.004315614700317383,0.005339518265593418
808,pop1,2,0.0005220174789428711,7.545948028564453e-05
808,pop56,1,0.00045037269592285156,0.0
809,pop16,2,0.007040619850158691,0.006437420845031738
809,pop50,1,0.0005114078521728516,0.0
809,pop35,4,0.006261646747589111,0.005804686204870214
809,pop34,4,0.003943502902984619,0.0059990761692659674
810,pop51,4,0.003945529460906982,0.005859859874915915
810,pop29,2,0.007848381996154785,0.0073860883712768555
810,pop4,2,0.0005501508712768555,8.928775787353516e-05
811,pop36,2,0.008722901344299316,0.008100390434265137
811,pop10,4,0.0004894137382507324,2.9434980013879272e-05
812,pop16,5,0.0031748294830322267,0.005203278627904718
812,pop50,1,0.0005087852478027344,0.0
812,pop52,1,0.00048613548278808594,0.0
812,pop48,1,0.0005998611450195312,0.0
812,pop30,1,0.00045299530029296875,0.0
812,pop31,1,0.00044608116149902344,0.0
813,pop23,2,0.006852865219116211,0.006255388259887695
813,pop21,2,0.00756072998046875,0.007063627243041992
813,pop22,2,0.0005135536193847656,3.24249267578125e-05
813,pop51,1,0.0004925727844238281,0.0
813,pop52,1,0.000476837158203125,0.0
814,pop52,2,0.006660938262939453,0.0060253143310546875
814,pop3,2,0.006869196891784668,0.006389498710632324
814,pop53,2,0.006182432174682617,0.005713701248168945
814,pop7,2,0.00045740604400634766,1.2993812561035156e-05
815,pop51,5,0.0033100128173828127,0.005408716431521977
815,pop52,1,0.00048804283142089844,0.0
815,pop3,1,0.0004715919494628906,0.0
815,pop0,1,0.0004534721374511719,0.0
816,pop23,2,0.006923556327819824,0.006312966346740723
816,pop21,4,0.0005218982696533203,3.457768139434461e-05
816,pop22,1,0.0004634857177734375,0.0
816,pop51,1,0.000514984130859375,0.0
816,pop29,1,0.0004544258117675781,0.0
817,pop52,3,0.0046850840250651045,0.0058476418150741945
817,pop54,4,0.0005382299423217773,0.0001148876397058102
817,pop51,1,0.00048422813415527344,0.0
817,pop29,1,0.0004639625549316406,0.0
818,pop16,5,0.0032032489776611327,0.005241493970027389
818,pop50,1,0.0004699230194091797,0.0
818,pop52,1,0.0005197525024414062,0.0
818,pop51,1,0.0005118846893310547,0.0
818,pop29,1,0.00046753883361816406,0.0
819,pop10,5,0.0040969371795654295,0.007012933592842121
819,pop36,1,0.0004851818084716797,0.0
819,pop51,1,0.0004951953887939453,0.0
819,pop52,1,0.0004899501800537109,0.0
819,pop50,1,0.0006270408630371094,0.0
819,pop17,1,0.0004570484161376953,0.0
819,pop25,1,0.00044918060302734375,0.0
820,pop16,2,0.007142424583435059,0.0065108537673950195
820,pop23,1,0.0005071163177490234,0.0
820,pop21,1,0.0005316734313964844,0.0
820,pop22,4,0.0005266070365905762,6.375331863476122e-05
820,pop51,1,0.0006015300750732422,0.0
820,pop36,1,0.0004718303680419922,0.0
820,pop10,1,0.0004630088806152344,0.0
821,pop2,4,0.004272401332855225,0.0064068126607181985
821,pop56,1,0.00046253204345703125,0.0
821,pop52,1,0.0004961490631103516,0.0
821,pop34,1,0.0004596710205078125,0.0
821,pop35,1,0.0004711151123046875,0.0
822,pop52,4,0.0037488937377929688,0.005362713028902596
822,pop51,1,0.0004966259002685547,0.0
822,pop22,1,0.0005860328674316406,0.0
822,pop21,1,0.0004892349243164062,0.0
823,pop2,2,0.008008956909179688,0.007348775863647461
823,pop56,4,0.0005207657814025879,5.2001594015831815e-05
823,pop52,1,0.0005083084106445312,0.0
823,pop51,1,0.0005044937133789062,0.0
823,pop29,1,0.0004639625549316406,0.0
824,pop36,5,0.003887319564819336,0.0065826012073404005
824,pop28,2,0.007969975471496582,0.007502198219299316
824,pop51,1,0.0005025863647460938,0.0
824,pop52,1,0.0004937648773193359,0.0
824,pop50,1,0.0005943775177001953,0.0
824,pop33,1,0.0004687309265136719,0.0
824,pop32,1,0.00045752525329589844,0.0
825,pop51,2,0.007457613945007324,0.006778597831726074
825,pop43,2,0.007954001426696777,0.007442593574523926
825,pop42,2,0.0005323886871337891,6.461143493652344e-05
825,pop53,1,0.00047707557678222656,0.0
825,pop50,1,0.0004875659942626953,0.0
825,pop26,1,0.0004508495330810547,0.0
826,pop23,2,0.006962180137634277,0.006362318992614746
826,pop24,4,0.0005263090133666992,9.215494927293463e-05
826,pop14,1,0.0004639625549316406,0.0
826,pop50,1,0.0005006790161132812,0.0
826,pop33,1,0.0004794597625732422,0.0
826,pop32,1,0.0004410743713378906,0.0
827,pop36,4,0.00892561674118042,0.008364575606597145
827,pop28,1,0.015315532684326172,0.0
827,pop51,2,0.0005151033401489258,2.2649765014648438e-06
827,pop43,2,0.008082270622253418,0.007603764533996582
827,pop42,2,0.0006145238876342773,0.00015294551849365234
827,pop9,1,0.0004355907440185547,0.0
828,pop51,2,0.007562518119812012,0.006900906562805176
828,pop43,2,0.007999897003173828,0.007539033889770508
828,pop42,2,0.0005843639373779297,9.369850158691406e-05
828,pop53,1,0.0004773139953613281,0.0
828,pop50,1,0.0004918575286865234,0.0
828,pop33,1,0.0004677772521972656,0.0
828,pop32,1,0.0006084442138671875,0.0
829,pop52,5,0.003067207336425781,0.005016716156024479
830,pop36,2,0.008850455284118652,0.008183121681213379
830,pop28,3,0.0005527337392171224,8.168967274052625e-05
830,pop51,1,0.0005114078521728516,0.0
830,pop46,1,0.0005853176116943359,0.0
830,pop45,1,0.0004451274871826172,0.0
831,pop2,4,0.0043457746505737305,0.006501697266635167
831,pop56,1,0.00047707557678222656,0.0
831,pop52,1,0.0004918575286865234,0.0
831,pop51,1,0.0005152225494384766,0.0
831,pop36,1,0.0004775524139404297,0.0
831,pop10,1,0.0004639625549316406,0.0
832,pop10,3,0.00660856564839681,0.008554769314930209
832,pop11,4,0.000513911247253418,0.00010087296798033626
832,pop36,1,0.00049591064453125,0.0
832,pop51,1,0.0004940032958984375,0.0
832,pop52,1,0.0005052089691162109,0.0
832,pop50,1,0.0004954338073730469,0.0
832,pop14,1,0.0004589557647705078,0.0
833,pop16,4,0.003942549228668213,0.005751777901429635
833,pop50,1,0.0005042552947998047,0.0
833,pop55,1,0.0005059242248535156,0.0
833,pop56,1,0.0004668235778808594,0.0
834,pop23,5,0.0031526565551757814,0.005209537113361045
834,pop21,1,0.0004680156707763672,0.0
834,pop22,1,0.0004634857177734375,0.0
834,pop51,1,0.0004992485046386719,0.0
835,pop51,3,0.005229949951171875,0.006536012676181103
835,pop29,4,0.0005483031272888184,0.00012123852877338451
835,pop52,1,0.0004909038543701172,0.0
835,pop34,1,0.00047588348388671875,0.0
835,pop35,1,0.00044989585876464844,0.0
836,pop10,3,0.0065504709879557295,0.00847787723890167
836,pop11,4,0.0005145668983459473,8.717278638909466e-05
836,pop36,1,0.0005040168762207031,0.0
836,pop51,1,0.0005095005035400391,0.0
836,pop52,1,0.0005209445953369141,0.0
836,pop50,1,0.0005023479461669922,0.0
836,pop14,1,0.0004563331604003906,0.0
837,pop52,3,0.004819154739379883,0.005959806568075717
837,pop12,4,0.0005319714546203613,0.00012279649044734666
837,pop51,1,0.0004897117614746094,0.0
837,pop22,1,0.0005059242248535156,0.0
837,pop21,1,0.0004799365997314453,0.0
838,pop23,5,0.0031725406646728516,0.005197991189699877
838,pop16,1,0.0005843639373779297,0.0
838,pop50,1,0.0005121231079101562,0.0
838,pop53,1,0.0004744529724121094,0.0
838,pop7,1,0.00045561790466308594,0.0
839,pop51,4,0.004060149192810059,0.006075939449257404
840,pop52,3,0.004902442296346028,0.006095879300005402
840,pop12,4,0.0005323886871337891,8.856359709157688e-05
840,pop50,1,0.0004899501800537109,0.0
840,pop33,1,0.0005125999450683594,0.0
840,pop32,1,0.00043129920959472656,0.0
841,pop23,2,0.007178783416748047,0.006551504135131836
841,pop16,3,0.0006159146626790365,0.00018724439898439854
841,pop50,1,0.0005178451538085938,0.0
841,pop52,1,0.0005192756652832031,0.0
841,pop51,1,0.0006375312805175781,0.0
841,pop9,1,0.00045871734619140625,0.0
842,pop16,4,0.003928124904632568,0.005854691076723566
842,pop50,1,0.00048732757568359375,0.0
842,pop26,1,0.0004527568817138672,0.0
843,pop36,2,0.008915424346923828,0.008252620697021484
843,pop51,2,0.0004971027374267578,8.58306884765625e-06
843,pop43,2,0.008030056953430176,0.007560133934020996
843,pop42,2,0.005632162094116211,0.005117177963256836
843,pop53,2,0.0004947185516357422,1.33514404296875e-05
843,pop47,2,0.0005456209182739258,7.259845733642578e-05
843,pop52,1,0.0005278587341308594,0.0
844,pop2,3,0.005655845006306966,0.007196818093181237
844,pop49,4,0.0004887580871582031,2.35268525552637e-05
844,pop56,1,0.00048422813415527344,0.0
844,pop52,1,0.0004940032958984375,0.0
845,pop16,2,0.007207751274108887,0.006566643714904785
845,pop23,1,0.0005469322204589844,0.0
845,pop21,2,0.007892727851867676,0.007400393486022949
845,pop22,1,0.016111135482788086,0.0
845,pop51,3,0.005549112955729167,0.007141932589386113
845,pop4,1,0.016694068908691406,0.0
845,pop43,2,0.008376836776733398,0.007914543151855469
845,pop42,2,0.00048673152923583984,2.4199485778808594e-05
846,pop52,3,0.0048643747965494795,0.00604738276312998
846,pop34,3,0.00988157590230306,0.006635438551175508
846,pop35,4,0.0034523606300354004,0.005107650872833709
846,pop51,1,0.0005156993865966797,0.0
847,pop16,2,0.007282137870788574,0.00664675235748291
847,pop23,2,0.0005528926849365234,4.267692565917969e-05
847,pop21,1,0.015245914459228516,0.0
847,pop24,1,0.0005016326904296875,0.0
847,pop14,2,0.006795406341552734,0.0063211917877197266
847,pop50,3,0.004842519760131836,0.006144506601696571
847,pop26,2,0.0005500316619873047,9.012222290039062e-05
847,pop33,1,0.000457763671875,0.0
847,pop32,1,0.0005486011505126953,0.0
848,pop10,5,0.004169368743896484,0.007272213183592391
848,pop36,1,0.0004749298095703125,0.0
848,pop51,1,0.0005071163177490234,0.0
849,pop16,2,0.007336139678955078,0.0067043304443359375
849,pop23,1,0.00047779083251953125,0.0
849,pop21,4,0.0005689263343811035,0.00010144932917590542
849,pop22,1,0.00048160552978515625,0.0
849,pop51,1,0.0005464553833007812,0.0
849,pop36,1,0.0005161762237548828,0.0
849,pop10,1,0.0004723072052001953,0.0
850,pop51,3,0.005312442779541016,0.006674153561343816
850,pop43,4,0.0005301833152770996,9.609427852500676e-05
850,pop52,1,0.0005004405975341797,0.0
850,pop50,1,0.0004856586456298828,0.0
850,pop14,1,0.0004601478576660156,0.0
851,pop23,5,0.006014394760131836,0.006653231060076426
851,pop21,2,0.007920265197753906,0.0073511600494384766
851,pop22,2,0.008365511894226074,0.007892251014709473
851,pop16,2,0.01514124870300293,0.0001666545867919922
851,pop24,2,0.006875038146972656,0.006264925003051758
851,pop50,2,0.0004812479019165039,9.655952453613281e-06
851,pop26,2,0.0005413293838500977,7.545948028564453e-05
851,pop53,1,0.00046706199645996094,0.0
851,pop7,1,0.0005812644958496094,0.0
852,pop23,2,0.007262587547302246,0.006618618965148926
852,pop21,1,0.0004985332489013672,0.0
852,pop22,4,0.0005086064338684082,4.3002799449813064e-05
852,pop51,1,0.0005271434783935547,0.0
852,pop29,1,0.00045418739318847656,0.0
853,pop36,2,0.00914013385772705,0.008504748344421387
853,pop28,4,0.0005400776863098145,7.282124143178154e-05
853,pop51,1,0.0005133152008056641,0.0
853,pop52,1,0.0005040168762207031,0.0
853,pop3,1,0.000461578369140625,0.0
853,pop0,1,0.0004527568817138672,0.0
854,pop23,3,0.009630044301350912,0.006393317014585559
854,pop24,2,0.0004826784133911133,3.445148468017578e-05
854,pop14,1,0.0004596710205078125,0.0
855,pop2,3,0.010913372039794922,0.007285836961946031
855,pop56,2,0.0005789995193481445,0.00010788440704345703
855,pop52,1,0.0005035400390625,0.0
855,pop50,1,0.0004916191101074219,0.0
855,pop33,1,0.00046181678771972656,0.0
855,pop32,1,0.0004482269287109375,0.0
856,pop52,4,0.0038501620292663574,0.005492186589678703
856,pop51,1,0.0006372928619384766,0.0
856,pop9,1,0.0004715919494628906,0.0
857,pop52,3,0.004886150360107422,0.006116661747803403
857,pop34,4,0.000485837459564209,1.4545853812718035e-05
857,pop12,1,0.0004532337188720703,0.0
858,pop10,2,0.009885191917419434,0.009244799613952637
858,pop36,4,0.0005489587783813477,9.143430219615953e-05
858,pop51,1,0.0005016326904296875,0.0
858,pop52,1,0.0004892349243164062,0.0
858,pop50,1,0.00048542022705078125,0.0
858,pop26,1,0.0004394054412841797,0.0
859,pop16,3,0.00983723004659017,0.006515024598620067
859,pop23,2,0.0005332231521606445,2.491474151611328e-05
859,pop24,1,0.0004799365997314453,0.0
859,pop14,1,0.00045228004455566406,0.0
860,pop36,5,0.004004669189453125,0.006821956164866191
860,pop51,1,0.0004916191101074219,0.0
860,pop52,1,0.0005080699920654297,0.0
860,pop50,1,0.0004999637603759766,0.0
860,pop17,1,0.0004515647888183594,0.0
860,pop25,1,0.0004513263702392578,0.0
861,pop23,2,0.007273554801940918,0.006641745567321777
861,pop24,2,0.0065926313400268555,0.006135106086730957
861,pop14,3,0.0006422996520996094,0.0001747971900641518
861,pop50,1,0.00048041343688964844,0.0
861,pop52,1,0.0005283355712890625,0.0
861,pop51,1,0.0004956722259521484,0.0
861,pop46,1,0.0004563331604003906,0.0
861,pop20,1,0.00044155120849609375,0.0
862,pop52,2,0.007107138633728027,0.006431460380554199
862,pop53,4,0.0005375146865844727,6.0766928040437135e-05
862,pop50,1,0.0005154609680175781,0.0
862,pop26,1,0.0004546642303466797,0.0
863,pop51,5,0.0035016536712646484,0.005785572536686854
863,pop46,1,0.000457763671875,0.0
863,pop20,1,0.0004353523254394531,0.0
864,pop2,2,0.008359909057617188,0.007728099822998047
864,pop56,4,0.00047135353088378906,1.7450220481052626e-05
865,pop36,2,0.0091017484664917,0.008448004722595215
865,pop51,3,0.0005130767822265625,1.2729557705037387e-05
865,pop29,2,0.008435845375061035,0.007927298545837402
865,pop4,2,0.000624537467956543,0.0001538991928100586
865,pop52,1,0.0005075931549072266,0.0
865,pop50,1,0.0005037784576416016,0.0
865,pop17,1,0.0004696846008300781,0.0
865,pop25,1,0.00046634674072265625,0.0
866,pop23,6,0.0028301477432250977,0.005058589730813355
866,pop24,1,0.013375282287597656,0.0
866,pop16,1,0.00047397613525390625,0.0
866,pop50,1,0.0004792213439941406,0.0
866,pop52,1,0.0005121231079101562,0.0
866,pop48,1,0.00046372413635253906,0.0
866,pop30,1,0.00045990943908691406,0.0
866,pop31,1,0.00043201446533203125,0.0
867,pop52,3,0.005005677541097005,0.006228564438667369
867,pop12,4,0.0005770325660705566,0.00013734072966735208
867,pop51,1,0.0005290508270263672,0.0
867,pop36,1,0.0004868507385253906,0.0
867,pop10,1,0.0004334449768066406,0.0
868,pop51,5,0.0035370826721191407,0.005786274574170746
868,pop52,1,0.0004916191101074219,0.0
868,pop50,1,0.0004773139953613281,0.0
868,pop17,1,0.0004589557647705078,0.0
868,pop25,1,0.00046133995056152344,0.0
869,pop36,5,0.00398564338684082,0.006762101589141527
869,pop51,1,0.000514984130859375,0.0
869,pop22,1,0.0004715919494628906,0.0
869,pop21,1,0.00046515464782714844,0.0
870,pop51,3,0.00539859135945638,0.00683926484165977
870,pop29,4,0.0005446672439575195,0.00014153677330977613
870,pop52,1,0.0004906654357910156,0.0
870,pop50,1,0.0004813671112060547,0.0
870,pop14,1,0.0004487037658691406,0.0
871,pop2,4,0.004439830780029297,0.006656312376915521
871,pop56,1,0.0004737377166748047,0.0
871,pop52,1,0.0005221366882324219,0.0
871,pop50,1,0.0004901885986328125,0.0
871,pop14,1,0.0004620552062988281,0.0
872,pop23,5,0.006142711639404297,0.0067875905150338416
872,pop24,2,0.006869077682495117,0.006410121917724609
872,pop16,1,0.0004990100860595703,0.0
872,pop50,1,0.0005066394805908203,0.0
872,pop53,1,0.0005168914794921875,0.0
872,pop7,1,0.0004608631134033203,0.0
873,pop52,2,0.007143497467041016,0.006512641906738281
873,pop48,3,0.0004955927530924479,3.0057345784882048e-05
873,pop30,1,0.0004870891571044922,0.0
873,pop31,1,0.0004458427429199219,0.0
874,pop36,3,0.00635528564453125,0.00819389823351308
874,pop10,4,0.0005296468734741211,8.52359758286053e-05
874,pop51,1,0.0004975795745849609,0.0
874,pop46,1,0.0004584789276123047,0.0
874,pop45,1,0.00045180320739746094,0.0
875,pop23,2,0.007457613945007324,0.006839394569396973
875,pop16,2,0.007784008979797363,0.007272839546203613
875,pop50,3,0.0005983511606852213,8.678618220749813e-05
875,pop35,1,0.0004496574401855469,0.0
876,pop10,5,0.004277420043945312,0.007391617075585245
876,pop36,1,0.0004954338073730469,0.0
876,pop51,1,0.0005042552947998047,0.0
876,pop9,1,0.0004506111145019531,0.0
877,pop16,4,0.004081249237060547,0.006039151877593056
877,pop50,1,0.0005154609680175781,0.0
877,pop55,1,0.00048089027404785156,0.0
877,pop56,1,0.00044798851013183594,0.0
878,pop52,3,0.004912932713826497,0.006128226150400077
878,pop3,4,0.0005361437797546387,0.0001226610152662684
878,pop51,1,0.0004904270172119141,0.0
878,pop22,1,0.00048065185546875,0.0
878,pop21,1,0.00044727325439453125,0.0
879,pop36,5,0.00405426025390625,0.0068709687001101
879,pop10,2,0.0005106925964355469,1.0728836059570312e-05
879,pop11,3,0.007383505503336589,0.009773238127190555
879,pop28,1,0.016802310943603516,0.0
879,pop51,1,0.0005352497100830078,0.0
879,pop9,1,0.00045990943908691406,0.0
880,pop36,2,0.00924837589263916,0.008593440055847168
880,pop51,4,0.004433810710906982,0.006726251443414275
880,pop4,2,0.008378982543945312,0.007879495620727539
880,pop29,2,0.0004748106002807617,9.894371032714844e-06
881,pop2,2,0.008456826210021973,0.00782787799835205
881,pop56,1,0.0004696846008300781,0.0
881,pop48,4,0.0005185604095458984,4.0658232691554463e-05
881,pop30,1,0.00046062469482421875,0.0
881,pop31,1,0.00044918060302734375,0.0
882,pop16,2,0.0075920820236206055,0.0069724321365356445
882,pop23,1,0.000492095947265625,0.0
882,pop24,3,0.0005751450856526693,0.000152214200342349
882,pop14,1,0.00046634674072265625,0.0
882,pop50,1,0.0004875659942626953,0.0
882,pop55,1,0.0005059242248535156,0.0
882,pop56,1,0.00045561790466308594,0.0
883,pop16,2,0.007631659507751465,0.007007956504821777
883,pop23,1,0.0005228519439697266,0.0
883,pop24,1,0.013114452362060547,0.0
883,pop14,1,0.00047087669372558594,0.0
883,pop27,4,0.0004999637603759766,2.0686161006435264e-05
883,pop44,1,0.0004756450653076172,0.0
883,pop45,1,0.00046324729919433594,0.0
884,pop51,4,0.004256248474121094,0.0064032511423447016
884,pop4,1,0.016405820846557617,0.0
884,pop43,4,0.0005363821983337402,5.384285878138043e-05
884,pop52,1,0.00048232078552246094,0.0
884,pop56,1,0.000469207763671875,0.0
885,pop10,3,0.006809234619140625,0.008842170839910582
885,pop11,4,0.0005476474761962891,8.536400681289423e-05
885,pop36,1,0.0005140304565429688,0.0
885,pop51,1,0.0005440711975097656,0.0
885,pop52,1,0.0005068778991699219,0.0
885,pop34,1,0.0004737377166748047,0.0
885,pop35,1,0.000461578369140625,0.0
886,pop52,4,0.003942430019378662,0.005764723776565463
886,pop12,1,0.0004947185516357422,0.0
887,pop16,2,0.007603764533996582,0.006983637809753418
887,pop23,1,0.0005095005035400391,0.0
887,pop21,4,0.0005358457565307617,6.295367976170797e-05
887,pop22,1,0.00048351287841796875,0.0
887,pop51,1,0.0005085468292236328,0.0
887,pop52,1,0.0005104541778564453,0.0
888,pop36,2,0.00944054126739502,0.008799910545349121
888,pop10,2,0.0004538297653198242,1.0132789611816406e-05
888,pop11,4,0.00047469139099121094,1.2106640968187397e-05
889,pop2,3,0.00585627555847168,0.007498522712589364
889,pop49,3,0.0005218982696533203,7.617041401947036e-05
889,pop56,1,0.000484466552734375,0.0
889,pop52,1,0.0005326271057128906,0.0
889,pop53,1,0.0004703998565673828,0.0
889,pop7,1,0.0004813671112060547,0.0
890,pop51,2,0.008023619651794434,0.007368922233581543
890,pop46,3,0.0054674943288167315,0.0070607210422059296
890,pop45,2,0.0005842447280883789,0.00012767314910888672
890,pop20,1,0.0004475116729736328,0.0
891,pop36,3,0.00642093022664388,0.008282974140478476
891,pop10,2,0.0004655122756958008,8.940696716308594e-06
891,pop11,1,0.020891666412353516,0.0
891,pop28,2,0.008657336235046387,0.008189082145690918
891,pop51,2,0.0005035400390625,5.0067901611328125e-06
891,pop29,2,0.008855462074279785,0.008375287055969238
891,pop43,1,0.0173037052154541,0.0
891,pop42,2,0.0005532503128051758,3.707408905029297e-05
891,pop53,1,0.0004668235778808594,0.0
891,pop7,1,0.0004410743713378906,0.0
892,pop2,2,0.008577942848205566,0.007928252220153809
892,pop56,1,0.0004749298095703125,0.0
892,pop55,3,0.0005716482798258463,0.00013436169696131843
892,pop50,1,0.0005249977111816406,0.0
892,pop17,1,0.0004620552062988281,0.0
892,pop25,1,0.0004591941833496094,0.0
893,pop51,2,0.008006811141967773,0.007327556610107422
893,pop43,3,0.005853970845540364,0.00760458890876747
893,pop42,2,0.0005079507827758789,3.8504600524902344e-05
893,pop53,1,0.0005860328674316406,0.0
893,pop52,1,0.0004951953887939453,0.0
894,pop36,2,0.009417414665222168,0.008776545524597168
894,pop10,2,0.0004905462265014648,3.612041473388672e-05
894,pop5,4,0.0004690885543823242,1.1849787147493873e-05
895,pop23,2,0.007558226585388184,0.006941676139831543
895,pop21,4,0.0005694031715393066,0.0001542205538523625
895,pop22,1,0.0005023479461669922,0.0
895,pop51,1,0.0004944801330566406,0.0
895,pop46,1,0.00046062469482421875,0.0
895,pop20,1,0.0004596710205078125,0.0
896,pop51,3,0.005540529886881511,0.007030556847799532
896,pop43,3,0.0005497932434082031,0.00010503215641301147
896,pop52,1,0.0005133152008056641,0.0
896,pop50,1,0.0004901885986328125,0.0
896,pop26,1,0.00045013427734375,0.0
897,pop36,5,0.004107522964477539,0.00705326338122776
897,pop51,1,0.0005056858062744141,0.0
897,pop52,1,0.0004947185516357422,0.0
897,pop50,1,0.0004830360412597656,0.0
897,pop26,1,0.0004706382751464844,0.0
898,pop10,3,0.006969134012858073,0.009061725043449936
898,pop5,4,0.0005248188972473145,8.066997087697721e-05
898,pop36,1,0.0004863739013671875,0.0
898,pop51,1,0.0005395412445068359,0.0
898,pop52,1,0.0005104541778564453,0.0
898,pop3,1,0.000453948974609375,0.0
898,pop0,1,0.0004892349243164062,0.0
899,pop51,5,0.00356903076171875,0.005942481360717486
899,pop52,1,0.0005044937133789062,0.0
899,pop50,1,0.0004937648773193359,0.0
899,pop17,1,0.0004456043243408203,0.0
899,pop25,1,0.0004496574401855469,0.0
900,pop36,2,0.009431838989257812,0.008780241012573242
900,pop28,4,0.0005247592926025391,0.00011258646865293179
900,pop51,1,0.0005238056182861328,0.0
900,pop9,1,0.0005826950073242188,0.0
901,pop2,5,0.003772735595703125,0.00637017862010601
901,pop56,1,0.0005841255187988281,0.0
901,pop52,1,0.0005097389221191406,0.0
901,pop51,1,0.0005152225494384766,0.0
901,pop46,1,0.0004611015319824219,0.0
901,pop20,1,0.0004572868347167969,0.0
902,pop2,5,0.0038033485412597655,0.006357196619156961
902,pop56,1,0.0005218982696533203,0.0
902,pop52,1,0.0005211830139160156,0.0
902,pop51,1,0.0005116462707519531,0.0
902,pop9,1,0.0005776882171630859,0.0
903,pop52,5,0.0032744407653808594,0.005338550430367042
903,pop51,1,0.0005185604095458984,0.0
903,pop9,1,0.00045990943908691406,0.0
904,pop16,5,0.0034552574157714843,0.005711881231304417
904,pop50,1,0.0005056858062744141,0.0
904,pop52,1,0.0005331039428710938,0.0
904,pop51,1,0.0005209445953369141,0.0
904,pop9,1,0.00046324729919433594,0.0
905,pop10,5,0.004435348510742188,0.007744097472382989
905,pop36,1,0.0004906654357910156,0.0
905,pop51,1,0.0005192756652832031,0.0
905,pop52,1,0.0005328655242919922,0.0
905,pop34,1,0.00045561790466308594,0.0
905,pop35,1,0.00045299530029296875,0.0
906,pop52,2,0.00739443302154541,0.0067549943923950195
906,pop53,4,0.0005137324333190918,4.341653223121684e-05
906,pop50,1,0.0005006790161132812,0.0
906,pop26,1,0.0004572868347167969,0.0
907,pop16,4,0.004144847393035889,0.0062350734012831185
907,pop50,1,0.0004887580871582031,0.0
907,pop26,1,0.0004673004150390625,0.0
908,pop52,3,0.005130767822265625,0.0064304580456303675
908,pop12,4,0.000540614128112793,7.584418781879758e-05
908,pop51,1,0.0005395412445068359,0.0
908,pop36,1,0.0004982948303222656,0.0
908,pop10,1,0.0005941390991210938,0.0
909,pop23,5,0.003392934799194336,0.005602225584841539
909,pop16,1,0.0004706382751464844,0.0
909,pop50,1,0.0005190372467041016,0.0
909,pop17,1,0.0005717277526855469,0.0
909,pop25,1,0.0004642009735107422,0.0
910,pop52,5,0.0033280372619628905,0.005452052567143347
910,pop50,1,0.0005211830139160156,0.0
910,pop33,1,0.000457763671875,0.0
910,pop32,1,0.00043272972106933594,0.0
911,pop51,2,0.008377432823181152,0.0076683759689331055
911,pop46,4,0.0004761815071105957,2.283807014391497e-05
911,pop45,1,0.0004534721374511719,0.0
912,pop36,5,0.004139137268066406,0.007070384850620338
912,pop51,1,0.0005118846893310547,0.0
912,pop52,1,0.00047087669372558594,0.0
912,pop50,1,0.0006010532379150391,0.0
912,pop26,1,0.00045609474182128906,0.0
913,pop16,2,0.0077855587005615234,0.0071620941162109375
913,pop23,1,0.0005166530609130859,0.0
913,pop24,2,0.006976962089538574,0.0064955949783325195
913,pop14,2,0.00727081298828125,0.006798744201660156
913,pop50,2,0.00751650333404541,0.007030606269836426
913,pop26,2,0.0005537271499633789,8.428096771240234e-05
913,pop55,1,0.00045752525329589844,0.0
913,pop56,1,0.000453948974609375,0.0
914,pop51,5,0.003606700897216797,0.006022248150614983
914,pop52,1,0.0005328655242919922,0.0
914,pop3,1,0.00047588348388671875,0.0
914,pop0,1,0.0004303455352783203,0.0
915,pop2,2,0.008757233619689941,0.008118033409118652
915,pop56,2,0.008057713508605957,0.007576346397399902
915,pop48,2,0.0005087852478027344,3.170967102050781e-05
915,pop52,1,0.0005669593811035156,0.0
915,pop12,1,0.0004899501800537109,0.0
916,pop23,2,0.007701992988586426,0.007068037986755371
916,pop24,3,0.0005611578623453776,0.00013162092429109284
916,pop14,1,0.0004930496215820312,0.0
916,pop50,1,0.0005276203155517578,0.0
916,pop52,1,0.0005271434783935547,0.0
916,pop48,1,0.00045561790466308594,0.0
916,pop30,1,0.0004975795745849609,0.0
916,pop31,1,0.0004305839538574219,0.0
917,pop16,5,0.003507232666015625,0.005840559150331562
917,pop50,1,0.0005075931549072266,0.0
917,pop52,1,0.0005142688751220703,0.0
917,pop51,1,0.0005028247833251953,0.0
917,pop9,1,0.00045371055603027344,0.0
918,pop51,3,0.00563351313273112,0.007145666629356457
918,pop4,4,0.0005216002464294434,8.514020179402828e-05
918,pop52,1,0.0004830360412597656,0.0
918,pop3,1,0.0004668235778808594,0.0
918,pop0,1,0.0004477500915527344,0.0
919,pop10,2,0.01046133041381836,0.00982522964477539
919,pop36,1,0.00054168701171875,0.0
919,pop51,2,0.0005257129669189453,1.9073486328125e-06
919,pop4,3,0.0005190372467041016,4.8462156258937936e-05
919,pop52,1,0.0005006790161132812,0.0
919,pop12,1,0.0004429817199707031,0.0
920,pop2,2,0.00853574275970459,0.007922530174255371
920,pop56,2,0.008275747299194336,0.007791996002197266
920,pop55,2,0.007313847541809082,0.006805539131164551
920,pop50,2,0.0006123781204223633,0.0001131296157836914
920,pop14,1,0.0004715919494628906,0.0
920,pop27,1,0.000606536865234375,0.0
920,pop44,1,0.0004837512969970703,0.0
920,pop45,1,0.0004584789276123047,0.0
921,pop51,3,0.005672057469685872,0.007188916090279366
921,pop4,4,0.000544130802154541,0.0001059790530354982
921,pop9,1,0.00042700767517089844,0.0
922,pop51,5,0.003672075271606445,0.006068202619239001
922,pop52,1,0.0005044937133789062,0.0
922,pop50,1,0.0005075931549072266,0.0
922,pop17,1,0.0004603862762451172,0.0
922,pop25,1,0.0004496574401855469,0.0
923,pop52,2,0.007526278495788574,0.006850838661193848
923,pop34,3,0.010639588038126627,0.007191492844868834
923,pop35,4,0.0037096738815307617,0.005520350032128439
923,pop50,1,0.0004830360412597656,0.0
923,pop14,1,0.0005726814270019531,0.0
924,pop23,3,0.00527040163675944,0.006646909776102215
924,pop21,3,0.0006136894226074219,0.00011673132058026374
924,pop16,1,0.0004780292510986328,0.0
924,pop50,1,0.00047707557678222656,0.0
924,pop33,1,0.000461578369140625,0.0
924,pop32,1,0.00044798851013183594,0.0
925,pop16,2,0.007939696311950684,0.007302403450012207
925,pop23,2,0.0005499124526977539,4.8995018005371094e-05
925,pop21,3,0.0005203882853190104,3.920630649643312e-05
925,pop24,1,0.0005040168762207031,0.0
925,pop14,1,0.0004451274871826172,0.0
926,pop52,3,0.005128542582194011,0.006411740251956174
926,pop34,4,0.008100330829620361,0.0076369786776516
926,pop35,4,0.003709852695465088,0.005474492623747119
926,pop51,1,0.0004980564117431641,0.0
926,pop46,1,0.00047016143798828125,0.0
926,pop20,1,0.00044989585876464844,0.0
927,pop36,4,0.005195796489715576,0.007904029013256772
927,pop51,1,0.0005364418029785156,0.0
927,pop52,1,0.0004870891571044922,0.0
927,pop50,1,0.00047969818115234375,0.0
927,pop26,1,0.0004470348358154297,0.0
928,pop52,5,0.0033480644226074217,0.005491484957026293
928,pop53,1,0.00047087669372558594,0.0
928,pop7,1,0.0004506111145019531,0.0
929,pop36,5,0.004231405258178711,0.00733932964494166
929,pop51,1,0.0005202293395996094,0.0
929,pop52,1,0.0005211830139160156,0.0
929,pop12,1,0.0004730224609375,0.0
930,pop23,2,0.007768511772155762,0.007152438163757324
930,pop21,1,0.0004899501800537109,0.0
930,pop22,4,0.0005384087562561035,7.838196625337654e-05
930,pop51,1,0.0005154609680175781,0.0
930,pop52,1,0.0004990100860595703,0.0
930,pop3,1,0.00044608116149902344,0.0
930,pop0,1,0.000457763671875,0.0
931,pop10,5,0.004538774490356445,0.00798428409664819
931,pop36,1,0.0004851818084716797,0.0
931,pop51,1,0.0004870891571044922,0.0
931,pop52,1,0.0005388259887695312,0.0
931,pop56,1,0.00045609474182128906,0.0
932,pop2,5,0.0038609027862548826,0.006543115785764467
932,pop56,1,0.0004715919494628906,0.0
932,pop52,1,0.0005102157592773438,0.0
932,pop51,1,0.0004677772521972656,0.0
932,pop22,1,0.00046944618225097656,0.0
932,pop21,1,0.0004291534423828125,0.0
933,pop51,3,0.005817254384358724,0.007389087677626958
933,pop29,3,0.0005742708841959635,0.00011854580512159775
933,pop52,1,0.0004978179931640625,0.0
933,pop50,1,0.0004992485046386719,0.0
933,pop17,1,0.0004584789276123047,0.0
933,pop25,1,0.0004324913024902344,0.0
934,pop52,3,0.005174716313680013,0.0064767634883556415
934,pop12,2,0.008069753646850586,0.0076029300689697266
934,pop34,2,0.00842428207397461,0.007975339889526367
934,pop35,1,0.0135498046875,0.0
934,pop50,1,0.0005068778991699219,0.0
934,pop14,2,0.0006150007247924805,0.00013530254364013672
934,pop24,1,0.00045418739318847656,0.0
934,pop23,1,0.00048065185546875,0.0
934,pop21,1,0.00047016143798828125,0.0
935,pop10,5,0.0045135498046875,0.007977010085711042
935,pop36,1,0.0005424022674560547,0.0
935,pop51,1,0.0006098747253417969,0.0
936,pop52,5,0.0033945083618164063,0.005601375575204495
936,pop34,1,0.0004551410675048828,0.0
936,pop35,1,0.00045299530029296875,0.0
937,pop36,2,0.009837985038757324,0.009152054786682129
937,pop28,3,0.0005867481231689453,0.00012793165652352876
937,pop51,1,0.0005106925964355469,0.0
937,pop22,1,0.000476837158203125,0.0
937,pop21,1,0.0004718303680419922,0.0
938,pop51,7,0.005141496658325195,0.0072494036265623955
938,pop29,2,0.017396092414855957,0.00015819072723388672
938,pop43,4,0.004706084728240967,0.007200846980854845
938,pop4,2,0.009005069732666016,0.00853276252746582
938,pop9,1,0.00043773651123046875,0.0
939,pop52,3,0.005260626475016276,0.006594638521981677
939,pop12,3,0.0006315708160400391,6.77044399766229e-05
939,pop51,1,0.0006399154663085938,0.0
939,pop46,1,0.00046944618225097656,0.0
939,pop20,1,0.0004520416259765625,0.0
940,pop16,5,0.003567790985107422,0.005965914284444428
940,pop50,1,0.0004949569702148438,0.0
940,pop52,1,0.0005481243133544922,0.0
940,pop51,1,0.0006244182586669922,0.0
940,pop29,1,0.00046372413635253906,0.0
941,pop23,4,0.004226982593536377,0.006265653820362014
941,pop16,1,0.0004584789276123047,0.0
941,pop50,1,0.0005204677581787109,0.0
941,pop55,1,0.0004811286926269531,0.0
941,pop56,1,0.0004646778106689453,0.0
942,pop51,5,0.0036957263946533203,0.00626412437193782
943,pop2,2,0.00885474681854248,0.008215546607971191
943,pop56,4,0.004434108734130859,0.006674334022386138
943,pop55,2,0.007381081581115723,0.00692141056060791
943,pop52,1,0.0005147457122802734,0.0
943,pop53,1,0.0004913806915283203,0.0
943,pop7,1,0.0004436969757080078,0.0
944,pop52,2,0.007732033729553223,0.007082819938659668
944,pop48,3,0.0005122025807698568,4.3169054608638215e-05
944,pop30,1,0.0004558563232421875,0.0
944,pop31,1,0.00044608116149902344,0.0
945,pop16,5,0.0035520076751708986,0.005983353746822673
945,pop50,1,0.0004849433898925781,0.0
945,pop14,1,0.0004546642303466797,0.0
946,pop23,5,0.0034920215606689454,0.005839724218632507
946,pop21,1,0.0004532337188720703,0.0
947,pop52,5,0.003379344940185547,0.005578773622532079
947,pop51,1,0.0005483627319335938,0.0
947,pop46,1,0.000476837158203125,0.0
947,pop45,1,0.0004425048828125,0.0
948,pop16,2,0.008073687553405762,0.007459759712219238
948,pop50,3,0.009800593058268229,0.006576037366347303
948,pop17,2,0.007785320281982422,0.0073125362396240234
948,pop53,2,0.0006097555160522461,0.00014460086822509766
948,pop52,1,0.0004923343658447266,0.0
948,pop51,1,0.00054168701171875,0.0
948,pop46,1,0.0004620552062988281,0.0
948,pop20,1,0.0004515647888183594,0.0
949,pop36,4,0.009971439838409424,0.009327702982436254
949,pop10,2,0.0004775524139404297,1.9073486328125e-06
949,pop11,2,0.011412501335144043,0.010836958885192871
949,pop28,2,0.0005691051483154297,0.00011587142944335938
949,pop51,1,0.0005781650543212891,0.0
949,pop52,1,0.0005519390106201172,0.0
949,pop50,1,0.0004928112030029297,0.0
949,pop26,1,0.0004680156707763672,0.0
950,pop16,5,0.0035858631134033205,0.006055193682327576
950,pop50,1,0.00048470497131347656,0.0
950,pop52,1,0.0005044937133789062,0.0
950,pop12,1,0.0004558563232421875,0.0
951,pop51,3,0.005885601043701172,0.007474158298604644
951,pop43,4,0.0005657076835632324,9.594109597029372e-05
951,pop52,1,0.0005064010620117188,0.0
951,pop50,1,0.0004925727844238281,0.0
951,pop14,1,0.00046753883361816406,0.0
952,pop2,2,0.008985519409179688,0.008353710174560547
952,pop56,1,0.0004901885986328125,0.0
952,pop55,4,0.0005503296852111816,6.87568707442235e-05
952,pop50,1,0.00048351287841796875,0.0
952,pop33,1,0.00046896934509277344,0.0
952,pop32,1,0.0004470348358154297,0.0
953,pop51,2,0.008514404296875,0.007837295532226562
953,pop43,1,0.01714944839477539,0.0
953,pop42,2,0.006094217300415039,0.005622386932373047
953,pop53,2,0.000461578369140625,8.58306884765625e-06
953,pop47,3,0.0005440711975097656,0.00011852177410995371
953,pop52,1,0.0005173683166503906,0.0
953,pop48,1,0.0004658699035644531,0.0
953,pop30,1,0.0004601478576660156,0.0
953,pop31,1,0.00043582916259765625,0.0
954,pop52,3,0.005330483118693034,0.0067048492286692135
954,pop34,4,0.0005255937576293945,6.934364513664981e-05
954,pop51,1,0.0005307197570800781,0.0
954,pop36,1,0.0005023479461669922,0.0
954,pop10,1,0.00046634674072265625,0.0
955,pop10,3,0.007400910059611003,0.009670706513629326
955,pop11,3,0.0005652109781901041,0.00013529707612368002
955,pop36,1,0.0004942417144775391,0.0
955,pop51,1,0.0005147457122802734,0.0
955,pop46,1,0.0004680156707763672,0.0
955,pop20,1,0.00044798851013183594,0.0
956,pop36,2,0.010024785995483398,0.009374618530273438
956,pop51,4,0.0005859136581420898,0.00013359362304174674
956,pop52,1,0.0005311965942382812,0.0
956,pop50,1,0.0006377696990966797,0.0
956,pop17,1,0.0004642009735107422,0.0
956,pop25,1,0.0004494190216064453,0.0
957,pop16,2,0.00816202163696289,0.007523059844970703
957,pop23,1,0.0004801750183105469,0.0
957,pop21,4,0.0005219578742980957,7.334004584417802e-05
957,pop22,1,0.00047206878662109375,0.0
957,pop51,1,0.0005283355712890625,0.0
957,pop52,1,0.0005095005035400391,0.0
957,pop12,1,0.0005662441253662109,0.0
958,pop52,2,0.007803916931152344,0.007141828536987305
958,pop53,4,0.0005556941032409668,0.00010983302138734181
958,pop50,1,0.0005090236663818359,0.0
958,pop17,1,0.0004456043243408203,0.0
958,pop25,1,0.0004515647888183594,0.0
959,pop52,3,0.00537872314453125,0.006731679523490524
959,pop3,4,0.0005588531494140625,0.00011682571196884339
959,pop51,1,0.0006375312805175781,0.0
959,pop46,1,0.0004749298095703125,0.0
959,pop20,1,0.00043892860412597656,0.0
960,pop16,2,0.008285284042358398,0.007650136947631836
960,pop23,1,0.0004894733428955078,0.0
960,pop21,4,0.0005567669868469238,0.00011167274984026056
960,pop22,1,0.0004787445068359375,0.0
960,pop51,1,0.0005087852478027344,0.0
960,pop52,1,0.0005047321319580078,0.0
960,pop48,1,0.00046062469482421875,0.0
960,pop30,1,0.00046706199645996094,0.0
960,pop31,1,0.0004360675811767578,0.0
961,pop52,3,0.005359252293904622,0.006755083764818688
961,pop3,4,0.0005058646202087402,6.40644020376256e-05
961,pop51,1,0.00048422813415527344,0.0
961,pop29,1,0.0004754066467285156,0.0
962,pop23,2,0.008041024208068848,0.007389426231384277
962,pop24,4,0.0005106925964355469,3.6287824674676326e-05
962,pop14,1,0.00046443939208984375,0.0
962,pop50,1,0.0004928112030029297,0.0
962,pop26,1,0.00043463706970214844,0.0
963,pop10,4,0.005675137042999268,0.008901779435024232
963,pop5,3,0.007726271947224935,0.010260172661557721
963,pop11,2,0.000529170036315918,6.520748138427734e-05
964,pop23,2,0.007956385612487793,0.007298111915588379
964,pop24,3,0.0005316734313964844,6.697935651337108e-05
964,pop14,1,0.0004742145538330078,0.0
964,pop50,1,0.0005173683166503906,0.0
964,pop53,1,0.00047969818115234375,0.0
964,pop7,1,0.0004394054412841797,0.0
965,pop36,5,0.004408884048461914,0.007591366149045524
965,pop51,1,0.0006251335144042969,0.0
965,pop52,1,0.000522613525390625,0.0
965,pop53,1,0.00047779083251953125,0.0
965,pop7,1,0.0004496574401855469,0.0
966,pop10,3,0.007467508316040039,0.009777606823075876
966,pop5,4,0.0005190372467041016,5.0232537114311655e-05
966,pop36,1,0.0004987716674804688,0.0
966,pop51,1,0.0004899501800537109,0.0
967,pop36,2,0.010182738304138184,0.009526610374450684
967,pop28,4,0.0005145668983459473,4.993784423644602e-05
967,pop51,1,0.0005002021789550781,0.0
967,pop52,1,0.0004906654357910156,0.0
967,pop56,1,0.00046443939208984375,0.0
968,pop10,3,0.007432381312052409,0.00971132327455481
968,pop5,3,0.0005678335825602213,0.00011721085636365697
968,pop36,1,0.0005047321319580078,0.0
968,pop51,1,0.0005252361297607422,0.0
968,pop22,1,0.0004711151123046875,0.0
968,pop21,1,0.00045180320739746094,0.0
969,pop2,4,0.004848182201385498,0.007339921556177649
969,pop56,1,0.00048542022705078125,0.0
969,pop52,1,0.0005166530609130859,0.0
969,pop12,1,0.00043082237243652344,0.0
970,pop51,3,0.005914926528930664,0.007494563120187365
970,pop29,4,0.0005380511283874512,7.715049406124347e-05
970,pop52,1,0.0004794597625732422,0.0
970,pop50,1,0.0005133152008056641,0.0
970,pop14,1,0.00046825408935546875,0.0
971,pop16,2,0.008271336555480957,0.007655024528503418
971,pop50,4,0.0005334615707397461,5.9596180314813146e-05
971,pop53,1,0.0004723072052001953,0.0
971,pop7,1,0.00044798851013183594,0.0
972,pop51,6,0.006046772003173828,0.00773517087028984
972,pop29,4,0.004822194576263428,0.0074045203861544005
972,pop4,1,0.017535686492919922,0.0
972,pop52,1,0.0005254745483398438,0.0
972,pop53,1,0.0004661083221435547,0.0
972,pop7,1,0.00044727325439453125,0.0
973,pop16,2,0.008267045021057129,0.00763857364654541
973,pop50,4,0.0005686283111572266,0.00010969172185695089
973,pop52,1,0.0005280971527099609,0.0
973,pop51,1,0.00048828125,0.0
973,pop36,1,0.0005097389221191406,0.0
973,pop10,1,0.0004477500915527344,0.0
974,pop36,2,0.009949684143066406,0.009279727935791016
974,pop28,2,0.008882522583007812,0.00841069221496582
974,pop51,1,0.01729297637939453,0.0
974,pop43,1,0.017668962478637695,0.0
974,pop42,2,0.006149768829345703,0.005687713623046875
974,pop53,2,0.0006086826324462891,0.00010967254638671875
974,pop50,1,0.0004975795745849609,0.0
974,pop17,1,0.0004754066467285156,0.0
974,pop25,1,0.0004661083221435547,0.0
975,pop10,5,0.004624080657958984,0.008220412668147813
976,pop52,5,0.0034512996673583983,0.00572288408974981
976,pop53,1,0.00046181678771972656,0.0
976,pop7,1,0.00043392181396484375,0.0
977,pop51,3,0.00593876838684082,0.00757374669837349
977,pop4,4,0.0005327463150024414,0.00011522371816831891
977,pop9,1,0.00045037269592285156,0.0
978,pop36,5,0.0044152259826660155,0.0075921657401741794
978,pop51,1,0.0005047321319580078,0.0
978,pop52,1,0.0004799365997314453,0.0
978,pop50,1,0.0004887580871582031,0.0
978,pop17,1,0.00046539306640625,0.0
978,pop25,1,0.00045371055603027344,0.0
979,pop23,5,0.003545331954956055,0.005932826769320107
979,pop21,1,0.00046825408935546875,0.0
979,pop22,1,0.0005052089691162109,0.0
979,pop51,1,0.0005047321319580078,0.0
979,pop36,1,0.0004937648773193359,0.0
979,pop10,1,0.0004909038543701172,0.0
980,pop10,3,0.007464488347371419,0.009759422401582256
980,pop11,3,0.0005168120066324869,5.622950538415505e-05
980,pop36,1,0.0005016326904296875,0.0
980,pop51,1,0.0005042552947998047,0.0
980,pop52,1,0.0004932880401611328,0.0
980,pop56,1,0.00046706199645996094,0.0
981,pop23,5,0.003492450714111328,0.005899421816456334
981,pop24,1,0.0004639625549316406,0.0
981,pop14,1,0.00045800209045410156,0.0
982,pop2,3,0.006253639856974284,0.007978367752754272
982,pop49,3,0.0005319118499755859,9.459961313310139e-05
982,pop56,1,0.00046825408935546875,0.0
982,pop52,1,0.0005195140838623047,0.0
982,pop51,1,0.0004949569702148438,0.0
982,pop36,1,0.0005125999450683594,0.0
982,pop10,1,0.0004990100860595703,0.0
983,pop52,3,0.005380868911743164,0.006789216576267491
983,pop12,3,0.0005393028259277344,9.275248821949656e-05
983,pop51,1,0.0005128383636474609,0.0
983,pop36,1,0.0004961490631103516,0.0
983,pop10,1,0.0004661083221435547,0.0
984,pop16,5,0.003673267364501953,0.006189097198519113
984,pop50,1,0.0005238056182861328,0.0
984,pop53,1,0.0004527568817138672,0.0
984,pop3,1,0.00048613548278808594,0.0
984,pop0,1,0.0004820823669433594,0.0
985,pop23,2,0.008062362670898438,0.00739741325378418
985,pop21,1,0.0005152225494384766,0.0
985,pop22,4,0.000513911247253418,4.7262386719346144e-05
985,pop51,1,0.0005075931549072266,0.0
985,pop52,1,0.0005052089691162109,0.0
985,pop12,1,0.0004870891571044922,0.0
986,pop23,2,0.008170366287231445,0.007533073425292969
986,pop21,4,0.0005030632019042969,4.282020248064754e-05
986,pop22,3,0.006467739741007487,0.008473427932332928
986,pop51,1,0.0005249977111816406,0.0
986,pop29,1,0.0004603862762451172,0.0
987,pop10,5,0.004737281799316406,0.008337772470397064
987,pop11,2,0.011680245399475098,0.011204838752746582
987,pop36,1,0.0004897117614746094,0.0
987,pop51,1,0.0004994869232177734,0.0
987,pop46,1,0.0004432201385498047,0.0
987,pop45,1,0.0004494190216064453,0.0
988,pop23,3,0.005552450815836589,0.00705131946632415
988,pop21,2,0.0005522966384887695,6.663799285888672e-05
988,pop22,2,0.009305477142333984,0.008808612823486328
988,pop24,1,0.014846086502075195,0.0
988,pop14,1,0.015022993087768555,0.0
988,pop50,2,0.00806272029876709,0.007541060447692871
988,pop35,2,0.00047087669372558594,7.62939453125e-06
989,pop23,3,0.005587657292683919,0.007111865509585615
989,pop21,2,0.00048744678497314453,1.1920928955078125e-07
989,pop22,1,0.018165111541748047,0.0
989,pop24,2,0.007733821868896484,0.007258176803588867
989,pop14,2,0.007855057716369629,0.007264494895935059
989,pop50,2,0.000559687614440918,5.4955482482910156e-05
989,pop35,1,0.0004744529724121094,0.0
990,pop51,3,0.011668841044108072,0.007776383810201037
990,pop46,3,0.0005368391672770182,5.020823314853251e-05
990,pop45,1,0.0004878044128417969,0.0
991,pop36,2,0.010235905647277832,0.009585738182067871
991,pop28,4,0.0005289316177368164,7.485213847505706e-05
991,pop51,1,0.00061798095703125,0.0
991,pop52,1,0.0005052089691162109,0.0
991,pop34,1,0.0004286766052246094,0.0
991,pop35,1,0.00044989585876464844,0.0
992,pop10,3,0.00757288932800293,0.009931698769697407
992,pop5,3,0.0005512237548828125,9.63850171285566e-05
992,pop36,1,0.0005030632019042969,0.0
992,pop51,1,0.0005099773406982422,0.0
992,pop52,1,0.0004963874816894531,0.0
992,pop53,1,0.0005946159362792969,0.0
992,pop7,1,0.0005006790161132812,0.0
993,pop23,2,0.00822758674621582,0.007590293884277344
993,pop21,3,0.0005731582641601562,9.422471968992243e-05
993,pop22,1,0.00047206878662109375,0.0
993,pop51,1,0.0006351470947265625,0.0
993,pop9,1,0.00052642822265625,0.0
994,pop2,5,0.004039955139160156,0.0069184809358920065
994,pop56,1,0.00048422813415527344,0.0
994,pop52,1,0.0005209445953369141,0.0
994,pop51,1,0.0005085468292236328,0.0
994,pop46,1,0.0004742145538330078,0.0
994,pop45,1,0.0004520416259765625,0.0
995,pop52,3,0.005525430043538411,0.0069238371254773685
995,pop34,4,0.0005235671997070312,7.179151210149354e-05
995,pop51,1,0.0004856586456298828,0.0
996,pop16,2,0.008533596992492676,0.007887959480285645
996,pop23,1,0.000621795654296875,0.0
996,pop24,3,0.0005040963490804037,2.0206433672020277e-05
996,pop14,1,0.0004425048828125,0.0
997,pop51,3,0.005958398183186849,0.0075995776976237
997,pop46,3,0.006028572718302409,0.007814419085112037
997,pop45,3,0.0005095005035400391,8.534519322133038e-05
997,pop52,1,0.000507354736328125,0.0
997,pop56,1,0.0004734992980957031,0.0
998,pop10,3,0.007583141326904297,0.0099277793673584
998,pop5,4,0.000505983829498291,4.481678750064821e-05
998,pop36,1,0.0004749298095703125,0.0
998,pop51,1,0.000492095947265625,0.0
998,pop52,1,0.0005047321319580078,0.0
998,pop56,1,0.0004711151123046875,0.0
999,pop2,2,0.009163379669189453,0.008530378341674805
999,pop56,2,0.008464813232421875,0.007994413375854492
999,pop55,2,0.007549166679382324,0.007050871849060059
999,pop50,2,0.0006247758865356445,0.00014579296112060547
999,pop17,1,0.0004870891571044922,0.0
999,pop25,1,0.0004532337188720703,0.0
1000,pop52,3,0.005437374114990234,0.00687488062155969
1000,pop34,4,0.000492393970489502,2.6895039749827818e-05
1000,pop12,1,0.00045871734619140625,0.0
1001,pop16,2,0.008571267127990723,0.007923245429992676
1001,pop23,2,0.00048804283142089844,9.059906005859375e-06
1001,pop24,4,0.0005525350570678711,0.00010550964981448008
1001,pop21,1,0.0004787445068359375,0.0
1001,pop22,1,0.0004870891571044922,0.0
1001,pop51,1,0.0005629062652587891,0.0
1001,pop9,1,0.0004444122314453125,0.0
1002,pop10,2,0.011276006698608398,0.010616064071655273
1002,pop36,3,0.0005869070688883463,9.830757409342954e-05
1002,pop51,1,0.0005099773406982422,0.0
1002,pop52,1,0.0005285739898681641,0.0
1002,pop48,1,0.0005211830139160156,0.0
1002,pop30,1,0.00046443939208984375,0.0
1002,pop31,1,0.0004897117614746094,0.0
1003,pop51,7,0.005441870008196149,0.007716735227604484
1003,pop29,6,0.006510694821675618,0.008462222468654006
1003,pop4,1,0.018421173095703125,0.0
1003,pop28,1,0.018805503845214844,0.0
1003,pop52,1,0.0005130767822265625,0.0
1003,pop34,1,0.0004515647888183594,0.0
1003,pop35,1,0.00045752525329589844,0.0
1004,pop2,2,0.009234905242919922,0.008597135543823242
1004,pop56,3,0.0005025863647460938,3.2544499932049174e-05
1004,pop52,1,0.0005342960357666016,0.0
1004,pop12,1,0.0004496574401855469,0.0
1005,pop51,4,0.004768490791320801,0.00719133559067005
1005,pop52,1,0.0005061626434326172,0.0
1005,pop53,1,0.00048422813415527344,0.0
1005,pop7,1,0.0004494190216064453,0.0
1006,pop36,4,0.005510091781616211,0.008504837542472048
1006,pop51,1,0.0004892349243164062,0.0
1006,pop52,1,0.0004973411560058594,0.0
1006,pop53,1,0.00046944618225097656,0.0
1006,pop7,1,0.0004470348358154297,0.0
1007,pop52,5,0.0035197257995605467,0.00580439465227309
1007,pop50,1,0.0005099773406982422,0.0
1007,pop33,1,0.00045680999755859375,0.0
1007,pop32,1,0.0004444122314453125,0.0
1008,pop51,5,0.003943395614624023,0.006596288781744543
1008,pop52,1,0.0005476474761962891,0.0
1008,pop34,1,0.0004591941833496094,0.0
1008,pop35,1,0.0004665851593017578,0.0
1009,pop23,2,0.008204221725463867,0.0075914859771728516
1009,pop24,2,0.007588982582092285,0.007114052772521973
1009,pop14,1,0.015160799026489258,0.0
1009,pop50,2,0.0006909370422363281,6.771087646484375e-05
1009,pop52,1,0.0005125999450683594,0.0
1009,pop51,1,0.0005319118499755859,0.0
1009,pop9,1,0.00044608116149902344,0.0
1010,pop16,5,0.003708553314208984,0.0062553841287031
1010,pop50,1,0.0004868507385253906,0.0
1010,pop33,1,0.00046443939208984375,0.0
1010,pop32,1,0.0004928112030029297,0.0
1011,pop10,3,0.00760499636332194,0.00998127913414535
1011,pop11,3,0.0005927085876464844,9.093660917932132e-05
1011,pop36,1,0.0004925727844238281,0.0
1011,pop51,1,0.0005083084106445312,0.0
1011,pop52,1,0.0005235671997070312,0.0
1011,pop50,1,0.00048065185546875,0.0
1011,pop26,1,0.0004489421844482422,0.0
1012,pop51,3,0.0060578187306722,0.007718969006563933
1012,pop4,3,0.0005611578623453776,0.00015044323594504312
1012,pop46,1,0.0004642009735107422,0.0
1012,pop20,1,0.0004451274871826172,0.0
1013,pop36,5,0.004454898834228516,0.007781784138070081
1013,pop51,1,0.0005023479461669922,0.0
1013,pop29,1,0.00046324729919433594,0.0
1014,pop23,3,0.0056692759195963545,0.007123914163660097
1014,pop24,2,0.0004845857620239258,1.4662742614746094e-05
1014,pop14,4,0.004181802272796631,0.006274723694464549
1014,pop50,1,0.015453815460205078,0.0
1014,pop21,1,0.0004756450653076172,0.0
1015,pop10,3,0.007643222808837891,0.009989899417412098
1015,pop11,3,0.0005432764689127604,0.0001035057648975053
1015,pop36,1,0.0006201267242431641,0.0
1015,pop51,1,0.0004928112030029297,0.0
1015,pop52,1,0.0005025863647460938,0.0
1015,pop50,1,0.0004830360412597656,0.0
1015,pop26,1,0.0004622936248779297,0.0
1016,pop10,3,0.0076456864674886065,0.01002827400062478
1016,pop11,4,0.0005458593368530273,0.00011704294418133031
1016,pop36,1,0.0005021095275878906,0.0
1016,pop51,1,0.0005066394805908203,0.0
1016,pop52,1,0.0005125999450683594,0.0
1016,pop50,1,0.0004999637603759766,0.0
1016,pop33,1,0.0004680156707763672,0.0
1016,pop32,1,0.00045013427734375,0.0
1017,pop52,3,0.005547523498535156,0.007005370543544828
1017,pop12,3,0.0005612373352050781,0.0001235810378973392
1017,pop51,1,0.0005373954772949219,0.0
1017,pop46,1,0.00048804283142089844,0.0
1017,pop20,1,0.0004355907440185547,0.0
1018,pop23,5,0.006705141067504883,0.007547391055347149
1018,pop21,3,0.0004978974660237631,1.6739557677611068e-05
1018,pop22,2,0.009737730026245117,0.009272098541259766
1018,pop24,2,0.0005013942718505859,2.9802322387695312e-05
1019,pop16,4,0.0046079158782958984,0.00694901475842803
1019,pop50,1,0.0005009174346923828,0.0
1019,pop52,1,0.0005092620849609375,0.0
1019,pop12,1,0.0004999637603759766,0.0
1020,pop51,3,0.0061597029368082685,0.00785943455617031
1020,pop43,4,0.0005818605422973633,0.00018562800370588309
1020,pop52,1,0.0005238056182861328,0.0
1020,pop50,1,0.00048041343688964844,0.0
1020,pop17,1,0.00045299530029296875,0.0
1020,pop25,1,0.00042510032653808594,0.0
1021,pop10,3,0.0076904296875,0.01009561145580018
1021,pop11,4,0.000553429126739502,0.00014118289637570923
1021,pop36,1,0.0005042552947998047,0.0
1021,pop51,1,0.000644683837890625,0.0
1021,pop52,1,0.0004930496215820312,0.0
1021,pop50,1,0.0005171298980712891,0.0
1021,pop14,1,0.00045561790466308594,0.0
1022,pop2,3,0.006443182627360026,0.008328850193706997
1022,pop49,4,0.0004976987838745117,1.840654740208307e-05
1022,pop56,1,0.0004723072052001953,0.0
1022,pop52,1,0.0005052089691162109,0.0
1023,pop36,2,0.010435342788696289,0.009781599044799805
1023,pop51,6,0.0005252758661905924,1.284027871278176e-05
1023,pop29,5,0.008016872406005859,0.009189462497821653
1023,pop4,3,0.012889464696248373,0.008773488114504346
1023,pop52,1,0.0005385875701904297,0.0
1023,pop12,1,0.0004642009735107422,0.0
1024,pop52,3,0.005597670873006185,0.007072217580086126
1024,pop12,3,0.0005221366882324219,0.00010362974457399703
1024,pop51,1,0.0005390644073486328,0.0
1024,pop36,1,0.0005087852478027344,0.0
1024,pop10,1,0.00044536590576171875,0.0
1025,pop23,2,0.008296728134155273,0.0076677799224853516
1025,pop21,1,0.0004703998565673828,0.0
1025,pop22,4,0.0005297064781188965,8.663446438568103e-05
1025,pop51,1,0.0005002021789550781,0.0
1025,pop52,1,0.0006330013275146484,0.0
1025,pop34,1,0.0004677772521972656,0.0
1025,pop35,1,0.0004425048828125,0.0
1026,pop51,6,0.0033852259318033853,0.006253385031428721
1026,pop29,2,0.009670853614807129,0.009175658226013184
1026,pop28,1,0.018624067306518555,0.0
1026,pop52,1,0.0005080699920654297,0.0
1026,pop48,1,0.00046372413635253906,0.0
1026,pop30,1,0.00045752525329589844,0.0
1026,pop31,1,0.00047516822814941406,0.0
1027,pop36,2,0.010499000549316406,0.009853839874267578
1027,pop51,2,0.0005459785461425781,2.5033950805664062e-05
1027,pop29,4,0.0005409121513366699,0.00011970172441813644
1027,pop9,1,0.00043392181396484375,0.0
1028,pop52,3,0.005577484766642253,0.007045561418993471
1028,pop3,4,0.0005641579627990723,8.277544478331531e-05
1028,pop51,1,0.0005352497100830078,0.0
1028,pop36,1,0.0005567073822021484,0.0
1028,pop10,1,0.0004801750183105469,0.0
1029,pop36,4,0.005595982074737549,0.0086717123294871
1029,pop51,1,0.0004978179931640625,0.0
1029,pop52,1,0.0005092620849609375,0.0
1029,pop56,1,0.00047969818115234375,0.0
1030,pop10,5,0.004936122894287109,0.008702704336363826
1030,pop36,1,0.00047278404235839844,0.0
1030,pop51,1,0.0005116462707519531,0.0
1030,pop52,1,0.0005538463592529297,0.0
1030,pop50,1,0.0005278587341308594,0.0
1030,pop33,1,0.00045990943908691406,0.0
1030,pop32,1,0.0004572868347167969,0.0
1031,pop2,5,0.004116725921630859,0.0070567387172425665
1031,pop56,1,0.00047516822814941406,0.0
1031,pop52,1,0.0005116462707519531,0.0
1031,pop50,1,0.0005018711090087891,0.0
1031,pop26,1,0.00044918060302734375,0.0
1032,pop23,2,0.008383989334106445,0.007740020751953125
1032,pop21,4,0.0005230307579040527,6.646821255720803e-05
1032,pop22,1,0.0004725456237792969,0.0
1032,pop51,1,0.0005106925964355469,0.0
1032,pop36,1,0.0005035400390625,0.0
1032,pop10,1,0.0004725456237792969,0.0
1033,pop36,2,0.010523438453674316,0.009889483451843262
1033,pop28,2,0.009581208229064941,0.009110331535339355
1033,pop51,2,0.0005495548248291016,4.00543212890625e-05
1033,pop29,1,0.00044655799865722656,0.0
1034,pop10,2,0.01146090030670166,0.010809063911437988
1034,pop36,1,0.0004928112030029297,0.0
1034,pop28,2,0.009662508964538574,0.009143948554992676
1034,pop51,5,0.0005150318145751953,2.6081902866510325e-05
1034,pop29,3,0.013234933217366537,0.009029321235509384
1034,pop4,1,0.019329309463500977,0.0
1034,pop43,2,0.0005723237991333008,9.09566879272461e-05
1034,pop52,1,0.0005333423614501953,0.0
1034,pop53,1,0.00047850608825683594,0.0
1034,pop7,1,0.000576019287109375,0.0
1035,pop51,4,0.00485152006149292,0.007200551198790767
1035,pop52,1,0.0005059242248535156,0.0
1035,pop50,1,0.0005974769592285156,0.0
1035,pop17,1,0.00046181678771972656,0.0
1035,pop25,1,0.00044536590576171875,0.0
1036,pop10,2,0.011472344398498535,0.010838627815246582
1036,pop36,1,0.0005202293395996094,0.0
1036,pop28,1,0.018515825271606445,0.0
1036,pop51,3,0.006513198216756185,0.008448892295323914
1036,pop43,3,0.0006059805552164713,0.00019022698469193532
1036,pop52,1,0.0005080699920654297,0.0
1036,pop48,1,0.0005772113800048828,0.0
1036,pop30,1,0.00047016143798828125,0.0
1036,pop31,1,0.00045013427734375,0.0
1037,pop23,4,0.004609584808349609,0.0068996248476440765
1037,pop16,1,0.00048160552978515625,0.0
1037,pop50,1,0.0006144046783447266,0.0
1037,pop52,1,0.0005125999450683594,0.0
1038,pop51,3,0.00626373291015625,0.00795599824832964
1038,pop28,4,0.0005366206169128418,0.00011518139185425691
1038,pop22,1,0.0004787445068359375,0.0
1038,pop21,1,0.0004718303680419922,0.0
1039,pop51,3,0.006270488103230794,0.008058030843444322
1039,pop28,4,0.0004981756210327148,2.7813599158171736e-05
1039,pop52,1,0.0006103515625,0.0
1040,pop16,2,0.008620381355285645,0.007973074913024902
1040,pop50,3,0.01063863436381022,0.0071471315422903525
1040,pop55,2,0.007811546325683594,0.007370710372924805
1040,pop53,2,0.0005910396575927734,0.00010609626770019531
1040,pop52,1,0.0005042552947998047,0.0
1040,pop48,1,0.0004558563232421875,0.0
1040,pop30,1,0.0004630088806152344,0.0
1040,pop31,1,0.0004546642303466797,0.0
1041,pop23,5,0.0037479400634765625,0.006221590839465582
1041,pop21,1,0.00048542022705078125,0.0
1041,pop22,1,0.00046706199645996094,0.0
1041,pop51,1,0.0005116462707519531,0.0
1041,pop9,1,0.0004584789276123047,0.0
1042,pop16,2,0.008735060691833496,0.008106112480163574
1042,pop50,1,0.01579880714416504,0.0
1042,pop17,4,0.0005349516868591309,7.958992392797715e-05
1042,pop25,1,0.0004489421844482422,0.0
1043,pop52,5,0.0036697864532470705,0.006104209512889884
1043,pop34,1,0.0004596710205078125,0.0
1043,pop35,1,0.0004515647888183594,0.0
1044,pop10,5,0.004953193664550781,0.008826378175906188
1044,pop36,1,0.0005030632019042969,0.0
1044,pop51,1,0.0005052089691162109,0.0
1044,pop52,1,0.0005168914794921875,0.0
1044,pop12,1,0.00045418739318847656,0.0
1045,pop23,2,0.008491754531860352,0.007823944091796875
1045,pop16,3,0.0005470116933186849,5.015348255180479e-05
1045,pop50,1,0.0004971027374267578,0.0
1045,pop52,1,0.0005319118499755859,0.0
1045,pop51,1,0.0005407333374023438,0.0
1046,pop2,2,0.009635448455810547,0.008976221084594727
1046,pop56,4,0.0005527734756469727,4.962672844766299e-05
1046,pop52,1,0.0004909038543701172,0.0
1046,pop12,1,0.0004436969757080078,0.0
1047,pop36,5,0.004646587371826172,0.008085439103144975
1047,pop51,1,0.0005044937133789062,0.0
1047,pop52,1,0.0005095005035400391,0.0
1047,pop50,1,0.0004911422729492188,0.0
1047,pop17,1,0.00048279762268066406,0.0
1047,pop25,1,0.0004706382751464844,0.0
1048,pop36,4,0.0057045817375183105,0.008811836858911608
1048,pop51,1,0.0004737377166748047,0.0
1048,pop29,1,0.0004355907440185547,0.0
1049,pop51,5,0.004063272476196289,0.00688441086947712
1049,pop52,1,0.0005033016204833984,0.0
1049,pop50,1,0.0006146430969238281,0.0
1049,pop26,1,0.00044798851013183594,0.0
1050,pop36,5,0.0046977996826171875,0.008217560099795197
1050,pop51,1,0.0006420612335205078,0.0
1050,pop52,1,0.0005052089691162109,0.0
1050,pop12,1,0.00046062469482421875,0.0
1051,pop16,2,0.008838295936584473,0.00820767879486084
1051,pop23,2,0.0004955530166625977,4.649162292480469e-06
1051,pop24,2,0.007908344268798828,0.007436037063598633
1051,pop21,1,0.0004749298095703125,0.0
1051,pop22,2,0.0005155801773071289,3.8743019104003906e-05
1051,pop51,1,0.0005080699920654297,0.0
1052,pop2,2,0.009710907936096191,0.0090712308883667
1052,pop56,1,0.0004763603210449219,0.0
1052,pop55,4,0.0005031824111938477,4.0851233785166355e-05
1052,pop50,1,0.0004909038543701172,0.0
1052,pop14,1,0.0004723072052001953,0.0
1053,pop51,5,0.004097557067871094,0.00695427765261272
1053,pop52,1,0.0004916191101074219,0.0
1053,pop50,1,0.0004894733428955078,0.0
1053,pop33,1,0.0004928112030029297,0.0
1053,pop32,1,0.0004608631134033203,0.0
1054,pop36,2,0.010853886604309082,0.010192036628723145
1054,pop10,2,0.000517725944519043,2.9802322387695312e-06
1054,pop11,4,0.00047069787979125977,1.9789729467139596e-05
1055,pop52,2,0.008472204208374023,0.00780797004699707
1055,pop48,3,0.0004923343658447266,2.96183310716955e-05
1055,pop30,1,0.000461578369140625,0.0
1055,pop31,1,0.0004572868347167969,0.0
1056,pop10,5,0.005081605911254883,0.008958805361674387
1056,pop36,1,0.0005092620849609375,0.0
1056,pop51,1,0.0005092620849609375,0.0
1056,pop52,1,0.0005183219909667969,0.0
1056,pop50,1,0.0005052089691162109,0.0
1056,pop17,1,0.0004572868347167969,0.0
1056,pop25,1,0.0004658699035644531,0.0
1057,pop51,2,0.009305119514465332,0.008631110191345215
1057,pop46,4,0.0005431175231933594,7.67705973628875e-05
1057,pop20,1,0.00043487548828125,0.0
1058,pop36,3,0.014760812123616537,0.00998037943492202
1058,pop10,2,0.0004794597625732422,7.152557373046875e-06
1058,pop11,2,0.012699484825134277,0.012225985527038574
1058,pop51,2,0.0005834102630615234,3.528594970703125e-05
1058,pop43,2,0.009868741035461426,0.009404540061950684
1058,pop42,2,0.0005789995193481445,0.00012362003326416016
1058,pop9,1,0.0005867481231689453,0.0
1059,pop23,5,0.0038060665130615233,0.006395974840921877
1059,pop21,1,0.00047135353088378906,0.0
1059,pop22,1,0.0005195140838623047,0.0
1059,pop51,1,0.0005366802215576172,0.0
1059,pop9,1,0.0005793571472167969,0.0
1060,pop2,4,0.005138099193572998,0.007850257026400761
1060,pop56,1,0.0004730224609375,0.0
1060,pop52,1,0.0005214214324951172,0.0
1060,pop51,1,0.0005304813385009766,0.0
1060,pop46,1,0.0004608631134033203,0.0
1060,pop45,1,0.0004553794860839844,0.0
1061,pop23,2,0.008572816848754883,0.00793910026550293
1061,pop21,3,0.0005590120951334635,8.885826289835141e-05
1061,pop22,1,0.00048041343688964844,0.0
1061,pop51,1,0.0005273818969726562,0.0
1061,pop52,1,0.0005552768707275391,0.0
1061,pop56,1,0.0004639625549316406,0.0
1062,pop10,3,0.008208990097045898,0.010816394056781978
1062,pop11,2,0.012758016586303711,0.012302637100219727
1062,pop36,3,0.0005373954772949219,3.989553388181688e-05
1062,pop51,1,0.0005276203155517578,0.0
1062,pop52,1,0.0005431175231933594,0.0
1063,pop51,2,0.009271383285522461,0.008599519729614258
1063,pop43,2,0.009775757789611816,0.009314179420471191
1063,pop42,2,0.0005571842193603516,7.510185241699219e-05
1063,pop53,1,0.0005090236663818359,0.0
1063,pop52,1,0.0005211830139160156,0.0
1063,pop12,1,0.00047087669372558594,0.0
1064,pop23,2,0.008634090423583984,0.007997512817382812
1064,pop21,3,0.0005421638488769531,7.573784377505365e-05
1064,pop22,1,0.00048041343688964844,0.0
1064,pop51,1,0.0005505084991455078,0.0
1064,pop36,1,0.0005347728729248047,0.0
1064,pop10,1,0.0004706382751464844,0.0
1065,pop10,4,0.0061438679695129395,0.009715674874076015
1065,pop11,1,0.02496027946472168,0.0
1065,pop5,4,0.0005204081535339355,8.722037506220896e-05
1065,pop36,1,0.0004968643188476562,0.0
1065,pop51,1,0.0005309581756591797,0.0
1065,pop52,1,0.0005164146423339844,0.0
1065,pop3,1,0.000469207763671875,0.0
1065,pop0,1,0.0004940032958984375,0.0
1066,pop51,4,0.004938781261444092,0.007442067973610063
1066,pop43,3,0.013010183970133463,0.008829093580154034
1066,pop42,2,0.006635189056396484,0.006144523620605469
1066,pop46,1,0.0004570484161376953,0.0
1066,pop45,1,0.0004494190216064453,0.0
1067,pop23,2,0.008696675300598145,0.008066773414611816
1067,pop21,4,0.0005223751068115234,5.808588079897463e-05
1068,pop51,3,0.006522973378499349,0.008367018702011881
1068,pop4,3,0.0005738735198974609,3.3591364366450095e-05
1068,pop52,1,0.0005271434783935547,0.0
1068,pop12,1,0.00046515464782714844,0.0
1069,pop10,4,0.006306111812591553,0.009825093511184409
1069,pop36,1,0.00047898292541503906,0.0
1069,pop51,1,0.0005412101745605469,0.0
1069,pop52,1,0.0005674362182617188,0.0
1069,pop50,1,0.0004994869232177734,0.0
1069,pop17,1,0.000583648681640625,0.0
1069,pop25,1,0.0004444122314453125,0.0
1070,pop51,5,0.004114532470703125,0.007006442415078871
1070,pop4,2,0.009833335876464844,0.009359359741210938
1070,pop52,1,0.0006489753723144531,0.0
1070,pop3,1,0.0004665851593017578,0.0
1070,pop0,1,0.0004544258117675781,0.0
1071,pop16,3,0.011940956115722656,0.007982871274524298
1071,pop23,1,0.0004980564117431641,0.0
1071,pop24,2,0.00800323486328125,0.0075266361236572266
1071,pop14,2,0.0005805492401123047,0.00010395050048828125
1071,pop50,1,0.0005223751068115234,0.0
1071,pop52,1,0.0004951953887939453,0.0
1071,pop12,1,0.0004932880401611328,0.0
1072,pop52,4,0.00455629825592041,0.006803512852090657
1072,pop50,1,0.0004968643188476562,0.0
1072,pop26,1,0.00046634674072265625,0.0
1073,pop36,2,0.01119232177734375,0.010534286499023438
1073,pop28,4,0.0005088448524475098,2.6840031769058254e-05
1073,pop51,1,0.0005233287811279297,0.0
1073,pop52,1,0.0005097389221191406,0.0
1074,pop52,4,0.004544317722320557,0.0068109800964574856
1074,pop51,1,0.0004944801330566406,0.0
1074,pop29,1,0.0005612373352050781,0.0
1075,pop36,2,0.01124882698059082,0.010597467422485352
1075,pop28,3,0.0006030400594075521,0.00011129259642577592
1075,pop51,1,0.0004875659942626953,0.0
1075,pop46,1,0.0004642009735107422,0.0
1075,pop20,1,0.0005829334259033203,0.0
1076,pop2,4,0.0051680803298950195,0.00799893243923242
1076,pop56,1,0.0005297660827636719,0.0
1076,pop52,1,0.0005037784576416016,0.0
1077,pop16,2,0.00905299186706543,0.008418798446655273
1077,pop23,1,0.0005006790161132812,0.0
1077,pop24,4,0.0005541443824768066,0.0001051226388016118
1077,pop14,1,0.0004634857177734375,0.0
1077,pop50,1,0.0005424022674560547,0.0
1077,pop53,1,0.0004906654357910156,0.0
1077,pop3,1,0.0004892349243164062,0.0
1077,pop0,1,0.0004918575286865234,0.0
1078,pop23,4,0.0047029852867126465,0.007038294928293328
1078,pop21,1,0.0004630088806152344,0.0
1078,pop22,1,0.00048089027404785156,0.0
1078,pop51,1,0.0005247592926025391,0.0
1078,pop46,1,0.0005049705505371094,0.0
1078,pop20,1,0.0004811286926269531,0.0
1079,pop36,5,0.004793882369995117,0.008439232804553446
1079,pop51,1,0.0005211830139160156,0.0
1079,pop52,1,0.0004925727844238281,0.0
1079,pop12,1,0.0004324913024902344,0.0
1080,pop10,4,0.00645369291305542,0.010042448548500024
1080,pop36,1,0.0004930496215820312,0.0
1080,pop51,1,0.0004916191101074219,0.0
1080,pop22,1,0.0004792213439941406,0.0
1080,pop21,1,0.0005040168762207031,0.0
1081,pop51,4,0.005106449127197266,0.007642831839742995
1081,pop52,1,0.0005056858062744141,0.0
1081,pop50,1,0.0004992485046386719,0.0
1081,pop33,1,0.0004627704620361328,0.0
1081,pop32,1,0.00044274330139160156,0.0
1082,pop10,3,0.008217414220174154,0.010864675180589922
1082,pop11,2,0.013004779815673828,0.012497663497924805
1082,pop36,1,0.0005230903625488281,0.0
1082,pop51,2,0.0005303621292114258,1.2278556823730469e-05
1082,pop4,2,0.0006109476089477539,0.00014078617095947266
1082,pop52,1,0.0009796619415283203,0.0
1082,pop48,1,0.0005137920379638672,0.0
1082,pop30,1,0.00047016143798828125,0.0
1082,pop31,1,0.00048804283142089844,0.0
1083,pop52,5,0.0038213729858398438,0.006396238859083387
1083,pop34,1,0.0004687309265136719,0.0
1083,pop35,1,0.0004515647888183594,0.0
1084,pop23,5,0.003820466995239258,0.006489772898907048
1084,pop21,1,0.0004909038543701172,0.0
1085,pop51,5,0.004191017150878907,0.007185775987619885
1085,pop43,2,0.01007699966430664,0.00957489013671875
1085,pop36,1,0.0005221366882324219,0.0
1085,pop10,1,0.0004973411560058594,0.0
1086,pop2,3,0.013305981953938803,0.008959275472188654
1086,pop56,2,0.0005766153335571289,0.00010120868682861328
1086,pop52,1,0.0005407333374023438,0.0
1086,pop34,1,0.0004725456237792969,0.0
1086,pop35,1,0.0004558563232421875,0.0
1087,pop16,4,0.004819095134735107,0.00730407929839811
1087,pop50,1,0.0005075931549072266,0.0
1087,pop55,1,0.00046253204345703125,0.0
1087,pop56,1,0.0004928112030029297,0.0
1088,pop36,2,0.011510491371154785,0.010839104652404785
1088,pop28,4,0.0005399584770202637,8.870346734239599e-05
1088,pop51,1,0.0005025863647460938,0.0
1088,pop9,1,0.0004725456237792969,0.0
1089,pop23,3,0.00605463981628418,0.007763526941794335
1089,pop21,4,0.0005541443824768066,5.646781222456411e-05
1089,pop16,1,0.0005033016204833984,0.0
1089,pop50,1,0.0005390644073486328,0.0
1089,pop26,1,0.0004813671112060547,0.0
1090,pop36,2,0.011366605758666992,0.010702371597290039
1090,pop51,3,0.0005401770273844401,2.611333537725717e-05
1090,pop4,2,0.010150551795959473,0.009678483009338379
1090,pop29,1,0.019875764846801758,0.0
1090,pop43,2,0.010187983512878418,0.009683728218078613
1090,pop42,2,0.0005799531936645508,0.00011026859283447266
1090,pop53,1,0.0004982948303222656,0.0
1090,pop3,1,0.00048828125,0.0
1090,pop0,1,0.0004372596740722656,0.0
1091,pop51,2,0.009702563285827637,0.00900280475616455
1091,pop46,3,0.0005507469177246094,0.00010541606768787575
1091,pop20,1,0.00043964385986328125,0.0
1092,pop2,2,0.01002037525177002,0.00938570499420166
1092,pop56,2,0.009373903274536133,0.008896112442016602
1092,pop55,2,0.0005037784576416016,3.314018249511719e-05
1092,pop50,1,0.00047659873962402344,0.0
1092,pop26,1,0.0005695819854736328,0.0
1093,pop16,2,0.009143948554992676,0.008507847785949707
1093,pop50,3,0.0005985895792643229,0.00012178753553149052
1093,pop17,1,0.0005207061767578125,0.0
1093,pop25,1,0.000476837158203125,0.0
1094,pop10,5,0.005274915695190429,0.009380734543450557
1094,pop36,1,0.0005164146423339844,0.0
1094,pop51,1,0.0005619525909423828,0.0
1094,pop22,1,0.0005080699920654297,0.0
1094,pop21,1,0.0004723072052001953,0.0
1095,pop16,2,0.00924217700958252,0.008568644523620605
1095,pop23,1,0.0005006790161132812,0.0
1095,pop21,1,0.0004942417144775391,0.0
1095,pop22,4,0.0005161762237548828,2.2780517827515397e-05
1095,pop51,1,0.0005514621734619141,0.0
1096,pop52,5,0.003903818130493164,0.006499691662541706
1096,pop50,1,0.0004894733428955078,0.0
1096,pop17,1,0.0005967617034912109,0.0
1096,pop25,1,0.0005826950073242188,0.0
1097,pop23,2,0.008888006210327148,0.008257389068603516
1097,pop24,4,0.0006486177444458008,0.0003163103206572001
1097,pop14,1,0.00046539306640625,0.0
1097,pop50,1,0.0005733966827392578,0.0
1097,pop53,1,0.0004622936248779297,0.0
1097,pop7,1,0.00048732757568359375,0.0
1098,pop10,3,0.008354504903157553,0.010980138937188497
1098,pop11,2,0.013038873672485352,0.012549638748168945
1098,pop5,2,0.013671159744262695,0.013098955154418945
1098,pop4,1,0.02159571647644043,0.0
1098,pop51,2,0.0005738735198974609,2.1457672119140625e-06
1098,pop43,1,0.021665573120117188,0.0
1098,pop42,1,0.014371633529663086,0.0
1098,pop53,2,0.0006380081176757812,0.00013399124145507812
1098,pop52,1,0.0005156993865966797,0.0
1098,pop22,1,0.0005626678466796875,0.0
1098,pop21,1,0.0005154609680175781,0.0
1099,pop52,2,0.008794069290161133,0.00812220573425293
1099,pop53,4,0.0005764365196228027,0.00010783458779185809
1099,pop50,1,0.0006313323974609375,0.0
1099,pop17,1,0.0005848407745361328,0.0
1099,pop25,1,0.0004730224609375,0.0
1100,pop10,5,0.0052451610565185545,0.009316634948553422
1100,pop11,2,0.01298832893371582,0.012520074844360352
1100,pop36,1,0.0005242824554443359,0.0
1100,pop51,1,0.0006725788116455078,0.0
1100,pop52,1,0.0005433559417724609,0.0
1100,pop3,1,0.00046563148498535156,0.0
1100,pop0,1,0.0005550384521484375,0.0
1101,pop10,2,0.012424111366271973,0.011797070503234863
1101,pop36,2,0.011549830436706543,0.011041760444641113
1101,pop28,2,0.010695219039916992,0.010223388671875
1101,pop51,3,0.0005705356597900391,2.4167068109071803e-05
1101,pop29,1,0.02150869369506836,0.0
1101,pop4,1,0.0213162899017334,0.0
1101,pop43,1,0.020735740661621094,0.0
1101,pop42,2,0.0005480051040649414,5.9723854064941406e-05
1101,pop53,1,0.0005068778991699219,0.0
1101,pop52,1,0.0004825592041015625,0.0
1102,pop16,5,0.004076051712036133,0.00685851616904969
1102,pop50,1,0.0006098747253417969,0.0
1102,pop52,1,0.0005249977111816406,0.0
1102,pop48,1,0.0004818439483642578,0.0
1102,pop30,1,0.00045871734619140625,0.0
1102,pop31,1,0.00045800209045410156,0.0
1103,pop23,2,0.008970499038696289,0.008322000503540039
1103,pop24,4,0.0005664825439453125,0.00017456962123789816
1103,pop14,1,0.0004987716674804688,0.0
1103,pop27,1,0.0004928112030029297,0.0
1103,pop25,1,0.0004203319549560547,0.0
1104,pop36,5,0.004985427856445313,0.008674600786695408
1104,pop51,1,0.0005376338958740234,0.0
1104,pop52,1,0.0004985332489013672,0.0
1104,pop50,1,0.0005521774291992188,0.0
1104,pop14,1,0.0004832744598388672,0.0
1105,pop51,5,0.008100605010986328,0.009188362688389478
1105,pop29,4,0.005409181118011475,0.008433678492771754
1105,pop36,1,0.0005207061767578125,0.0
1105,pop10,1,0.0005054473876953125,0.0
1106,pop2,5,0.004414081573486328,0.007653680075503008
1106,pop56,1,0.0004951953887939453,0.0
1106,pop52,1,0.0005583763122558594,0.0
1106,pop51,1,0.0005700588226318359,0.0
1106,pop29,1,0.0004506111145019531,0.0
1107,pop51,4,0.00518268346786499,0.007898945608896358
1107,pop29,2,0.010965228080749512,0.010462164878845215
1107,pop52,1,0.0005285739898681641,0.0
1108,pop16,5,0.004023313522338867,0.006889946069000777
1108,pop50,1,0.0005667209625244141,0.0
1108,pop52,1,0.0005805492401123047,0.0
1108,pop12,1,0.00048828125,0.0
1109,pop2,5,0.004397153854370117,0.007645446360022244
1109,pop56,1,0.0005750656127929688,0.0
1109,pop52,1,0.0005586147308349609,0.0
1109,pop53,1,0.00048160552978515625,0.0
1109,pop7,1,0.00044846534729003906,0.0
1110,pop51,3,0.006746530532836914,0.008684966262412705
1110,pop43,4,0.0005360245704650879,7.770404500111988e-05
1110,pop52,1,0.0005517005920410156,0.0
1110,pop3,1,0.0005104541778564453,0.0
1110,pop0,1,0.0005633831024169922,0.0
1111,pop52,5,0.0038522720336914063,0.006528760256786865
1111,pop56,1,0.00051116943359375,0.0
1112,pop16,2,0.009238719940185547,0.008630752563476562
1112,pop23,4,0.0005092620849609375,2.432629055261903e-05
1112,pop21,1,0.000476837158203125,0.0
1113,pop51,2,0.00984334945678711,0.009141206741333008
1113,pop43,2,0.010264396667480469,0.009757280349731445
1113,pop42,2,0.0005528926849365234,8.130073547363281e-05
1113,pop53,1,0.0004699230194091797,0.0
1113,pop50,1,0.0005419254302978516,0.0
1113,pop26,1,0.0004432201385498047,0.0
1114,pop10,3,0.008542776107788086,0.011291671303110205
1114,pop11,3,0.0005623499552408854,3.1735255342191286e-05
1114,pop36,1,0.0004975795745849609,0.0
1114,pop51,1,0.0005693435668945312,0.0
1115,pop52,2,0.008777737617492676,0.008113741874694824
1115,pop3,4,0.0005269050598144531,4.554574959529042e-05
1115,pop0,1,0.0004811286926269531,0.0
1116,pop2,2,0.010063529014587402,0.009414076805114746
1116,pop56,2,0.009813785552978516,0.00930333137512207
1116,pop48,2,0.0005439519882202148,4.112720489501953e-05
1116,pop52,1,0.0005481243133544922,0.0
1116,pop51,1,0.0005643367767333984,0.0
1117,pop51,5,0.004341316223144531,0.007358173762813249
1117,pop52,1,0.0005552768707275391,0.0
1117,pop50,1,0.0005419254302978516,0.0
1117,pop17,1,0.0005154609680175781,0.0
1117,pop25,1,0.0004849433898925781,0.0
1118,pop23,5,0.003949594497680664,0.006641493485054127
1118,pop21,1,0.0004832744598388672,0.0
1118,pop22,1,0.0004684925079345703,0.0
1118,pop51,1,0.0005254745483398438,0.0
1118,pop46,1,0.0005245208740234375,0.0
1118,pop20,1,0.0004706382751464844,0.0
1119,pop52,4,0.004640460014343262,0.007016464599356969
1119,pop12,2,0.009568214416503906,0.009054899215698242
1119,pop53,2,0.0006514787673950195,0.00011026859283447266
1119,pop51,1,0.0005509853363037109,0.0
1119,pop46,1,0.0005056858062744141,0.0
1119,pop20,1,0.0005774497985839844,0.0
1120,pop2,2,0.010266542434692383,0.009627342224121094
1120,pop56,2,0.009713053703308105,0.009226679801940918
1120,pop48,3,0.006464719772338867,0.008457368150094804
1120,pop57,2,0.0006996393203735352,0.00021779537200927734
1120,pop52,1,0.0005300045013427734,0.0
1120,pop51,1,0.0005257129669189453,0.0
1120,pop46,1,0.0005075931549072266,0.0
1120,pop20,1,0.0004711151123046875,0.0
1121,pop36,5,0.004998397827148437,0.008642432188940551
1121,pop51,1,0.0005090236663818359,0.0
1121,pop52,1,0.0005362033843994141,0.0
1121,pop48,1,0.0004718303680419922,0.0
1121,pop30,1,0.0004925727844238281,0.0
1121,pop31,1,0.0004696846008300781,0.0
1122,pop23,5,0.003921651840209961,0.006701159223391347
1122,pop16,1,0.0004954338073730469,0.0
1122,pop50,1,0.0005040168762207031,0.0
1122,pop52,1,0.0005917549133300781,0.0
1123,pop52,4,0.004868805408477783,0.007028915201175835
1123,pop51,1,0.0006721019744873047,0.0
1123,pop9,1,0.0004820823669433594,0.0
1124,pop23,2,0.008993983268737793,0.008350491523742676
1124,pop21,4,0.0005437135696411133,7.991691548339226e-05
1124,pop22,1,0.0004737377166748047,0.0
1124,pop51,1,0.00049591064453125,0.0
1124,pop52,1,0.0005280971527099609,0.0
1124,pop56,1,0.00048279762268066406,0.0
1125,pop10,3,0.008622328440348307,0.01137160257861448
1125,pop11,4,0.000554502010345459,8.109603471601482e-05
1125,pop36,1,0.0005285739898681641,0.0
1125,pop51,1,0.0005338191986083984,0.0
1125,pop52,1,0.0005419254302978516,0.0
1125,pop50,1,0.0005581378936767578,0.0
1125,pop26,1,0.0004818439483642578,0.0
1126,pop52,2,0.008892297744750977,0.008232831954956055
1126,pop34,4,0.0005166530609130859,3.002133953952657e-05
1126,pop35,1,0.0004429817199707031,0.0
1127,pop23,2,0.009076833724975586,0.008431673049926758
1127,pop21,3,0.00052642822265625,6.189706318734727e-06
1127,pop22,1,0.0005116462707519531,0.0
1127,pop51,1,0.0005636215209960938,0.0
1128,pop51,2,0.009847760200500488,0.009179234504699707
1128,pop46,4,0.0005426406860351562,3.531533705793502e-05
1128,pop45,1,0.0004730224609375,0.0
1129,pop2,3,0.006693522135416667,0.008726652528092824
1129,pop49,4,0.0005321502685546875,8.422370419417199e-05
1129,pop56,1,0.0005018711090087891,0.0
1129,pop52,1,0.0005037784576416016,0.0
1129,pop3,1,0.0004897117614746094,0.0
1129,pop0,1,0.00041365623474121094,0.0
1130,pop10,3,0.008077780405680338,0.010691205297701695
1130,pop11,4,0.0005653500556945801,0.00011105640999211421
1130,pop36,1,0.0005223751068115234,0.0
1130,pop51,1,0.0005409717559814453,0.0
1130,pop52,1,0.0005660057067871094,0.0
1130,pop50,1,0.0005202293395996094,0.0
1130,pop17,1,0.00048160552978515625,0.0
1130,pop25,1,0.0005922317504882812,0.0
1131,pop52,3,0.010062058766682943,0.01309401899294255
1131,pop34,3,0.0005719661712646484,0.00011943604836881323
1131,pop51,1,0.0005309581756591797,0.0
1131,pop9,1,0.00046944618225097656,0.0
1132,pop16,5,0.004293394088745117,0.007291371839458058
1132,pop50,1,0.0005431175231933594,0.0
1132,pop14,1,0.0004923343658447266,0.0
1132,pop27,1,0.00042629241943359375,0.0
1132,pop44,1,0.0004994869232177734,0.0
1132,pop45,1,0.0004792213439941406,0.0
1133,pop2,4,0.005738556385040283,0.00887124908620018
1133,pop56,1,0.0004792213439941406,0.0
1133,pop52,1,0.0005357265472412109,0.0
1133,pop3,1,0.0004742145538330078,0.0
1133,pop0,1,0.00048065185546875,0.0
1134,pop52,2,0.009393453598022461,0.0087127685546875
1134,pop53,2,0.008529424667358398,0.007987022399902344
1134,pop7,2,0.00047457218170166016,1.2993812561035156e-05
1135,pop23,2,0.009135127067565918,0.008514761924743652
1135,pop24,2,0.008188843727111816,0.007664322853088379
1135,pop14,3,0.005938291549682617,0.007684213578318005
1135,pop27,2,0.0004763603210449219,5.9604644775390625e-06
1136,pop16,2,0.009557485580444336,0.008914709091186523
1136,pop23,2,0.0005786418914794922,4.982948303222656e-05
1136,pop24,3,0.0005007584889729818,3.306281101444295e-05
1136,pop21,1,0.0004892349243164062,0.0
1137,pop2,3,0.007198333740234375,0.009374709812452692
1137,pop49,4,0.0005143880844116211,4.155277438092141e-05
1137,pop56,1,0.0005090236663818359,0.0
1137,pop52,1,0.0005693435668945312,0.0
1137,pop51,1,0.0005564689636230469,0.0
1138,pop51,3,0.007222652435302734,0.009285131101210268
1138,pop29,4,0.0005457401275634766,9.586932319817303e-05
1138,pop9,1,0.00040841102600097656,0.0
1139,pop52,2,0.009417533874511719,0.008747100830078125
1139,pop53,4,0.0005017518997192383,2.6883478909007076e-05
1139,pop7,1,0.0004968643188476562,0.0
1140,pop16,5,0.0043220996856689455,0.007437142242424685
1140,pop50,1,0.0005161762237548828,0.0
1140,pop52,1,0.0005319118499755859,0.0
1140,pop48,1,0.00043892860412597656,0.0
1140,pop30,1,0.0004916191101074219,0.0
1140,pop31,1,0.0004978179931640625,0.0
1141,pop2,4,0.005752205848693848,0.008947217428638824
1141,pop56,1,0.0005054473876953125,0.0
1141,pop48,1,0.0004820823669433594,0.0
1141,pop30,1,0.0004994869232177734,0.0
1141,pop31,1,0.0004773139953613281,0.0
1142,pop10,5,0.01081709861755371,0.012500685296204588
1142,pop5,2,0.013363957405090332,0.012866616249084473
1142,pop36,1,0.0005331039428710938,0.0
1142,pop51,1,0.0005304813385009766,0.0
1142,pop52,1,0.0005362033843994141,0.0
1142,pop3,1,0.0004987716674804688,0.0
1142,pop0,1,0.0004684925079345703,0.0
1143,pop23,2,0.009590625762939453,0.008929967880249023
1143,pop21,3,0.0005729993184407552,0.00011953140819460484
1143,pop22,3,0.007437785466512044,0.009766721059242037
1143,pop51,1,0.0005252361297607422,0.0
1143,pop9,1,0.0004956722259521484,0.0
1144,pop16,2,0.009756326675415039,0.009119033813476562
1144,pop23,1,0.00046825408935546875,0.0
1144,pop21,1,0.0005102157592773438,0.0
1144,pop22,2,0.01131296157836914,0.010819196701049805
1144,pop51,3,0.007330894470214844,0.009502433753841128
1144,pop46,2,0.010653376579284668,0.010140299797058105
1144,pop45,2,0.0005210638046264648,7.033348083496094e-06
1145,pop36,2,0.012365221977233887,0.011707425117492676
1145,pop28,4,0.000574648380279541,0.0001175910518070695
1145,pop51,1,0.0005249977111816406,0.0
1145,pop22,1,0.0005164146423339844,0.0
1145,pop21,1,0.0004892349243164062,0.0
1146,pop51,4,0.005483448505401611,0.008405192399620402
1146,pop52,1,0.0005390644073486328,0.0
1146,pop12,1,0.0004940032958984375,0.0
1147,pop52,3,0.006417592366536458,0.008176008562859157
1147,pop12,4,0.000567018985748291,8.729138383199146e-05
1147,pop50,1,0.0005047321319580078,0.0
1147,pop26,1,0.00047397613525390625,0.0
1148,pop2,2,0.010825395584106445,0.010194778442382812
1148,pop56,4,0.005183994770050049,0.007970905321524974
1148,pop55,2,0.00893247127532959,0.008415579795837402
1148,pop52,1,0.0005211830139160156,0.0
1148,pop51,1,0.0005598068237304688,0.0
1148,pop22,1,0.0005679130554199219,0.0
1148,pop21,1,0.0004870891571044922,0.0
1149,pop16,5,0.004238700866699219,0.007368265064549458
1149,pop23,1,0.0005285739898681641,0.0
1149,pop21,1,0.0004830360412597656,0.0
1150,pop23,5,0.004107475280761719,0.007043109961548476
1150,pop16,1,0.0005173683166503906,0.0
1150,pop50,1,0.00047397613525390625,0.0
1150,pop35,1,0.0004756450653076172,0.0
1151,pop16,2,0.00972902774810791,0.009091973304748535
1151,pop50,4,0.0005906224250793457,0.00010486710161537572
1151,pop14,1,0.0004684925079345703,0.0
1151,pop27,1,0.00048351287841796875,0.0
1151,pop44,1,0.0005753040313720703,0.0
1151,pop45,1,0.000476837158203125,0.0
1152,pop23,3,0.006333669026692708,0.008139678971952388
1152,pop21,3,0.006991227467854817,0.009156448451802402
1152,pop22,1,0.021113872528076172,0.0
1152,pop24,1,0.0005135536193847656,0.0
1152,pop14,2,0.0005804300308227539,0.00015246868133544922
1152,pop27,1,0.0005304813385009766,0.0
1152,pop25,1,0.0004558563232421875,0.0
1153,pop16,2,0.009691238403320312,0.009049654006958008
1153,pop23,1,0.0005199909210205078,0.0
1153,pop21,1,0.0004999637603759766,0.0
1153,pop22,4,0.00054168701171875,5.091590500300904e-05
1153,pop51,1,0.0005855560302734375,0.0
1154,pop23,2,0.009298086166381836,0.008625984191894531
1154,pop21,1,0.00048613548278808594,0.0
1154,pop22,3,0.0005745887756347656,9.728412957234644e-05
1154,pop51,1,0.0005087852478027344,0.0
1154,pop52,1,0.0005309581756591797,0.0
1154,pop3,1,0.0004928112030029297,0.0
1154,pop0,1,0.0004563331604003906,0.0
1155,pop10,3,0.00908366839090983,0.012037406413705029
1155,pop5,4,0.0005300641059875488,6.667058617629074e-05
1155,pop36,1,0.00047397613525390625,0.0
1155,pop51,1,0.0005347728729248047,0.0
1155,pop52,1,0.0005528926849365234,0.0
1155,pop56,1,0.0004856586456298828,0.0
1156,pop23,2,0.00961291790008545,0.008982062339782715
1156,pop21,5,0.0005193233489990234,3.0035972216712575e-05
1156,pop22,2,0.011219501495361328,0.01071619987487793
1156,pop51,1,0.0005674362182617188,0.0
1157,pop36,4,0.0064694881439208984,0.010198837888353943
1157,pop51,1,0.0005502700805664062,0.0
1158,pop51,4,0.005579054355621338,0.008501790240330136
1158,pop4,2,0.011080622673034668,0.01060497760772705
1158,pop52,1,0.0005578994750976562,0.0
1158,pop50,1,0.0005121231079101562,0.0
1158,pop26,1,0.0005786418914794922,0.0
1159,pop10,4,0.007046937942504883,0.011067475829520277
1159,pop36,1,0.0005350112915039062,0.0
1159,pop51,1,0.0004999637603759766,0.0
1159,pop52,1,0.0005319118499755859,0.0
1159,pop50,1,0.0004963874816894531,0.0
1159,pop26,1,0.0004134178161621094,0.0
1160,pop51,3,0.007078091303507487,0.009136150086240708
1160,pop4,4,0.0004978179931640625,1.4804046791936497e-05
1161,pop51,3,0.007060050964355469,0.00915058207226876
1161,pop4,3,0.0005692640940348307,6.728709421963206e-05
1161,pop52,1,0.0005383491516113281,0.0
1161,pop56,1,0.0005023479461669922,0.0
1162,pop51,3,0.007056872049967448,0.009157845814027094
1162,pop43,4,0.0005208253860473633,6.0332738882180854e-05
1162,pop36,1,0.0005326271057128906,0.0
1162,pop10,1,0.0004863739013671875,0.0
1163,pop52,4,0.005103170871734619,0.007706625500459033
1163,pop3,1,0.00046539306640625,0.0
1163,pop0,1,0.0004622936248779297,0.0
1164,pop2,5,0.004806613922119141,0.008439505519250875
1164,pop56,1,0.0004956722259521484,0.0
1164,pop52,1,0.0005290508270263672,0.0
1164,pop50,1,0.0004787445068359375,0.0
1164,pop14,1,0.00048804283142089844,0.0
1165,pop36,4,0.006582796573638916,0.010284435185521528
1165,pop51,1,0.0005657672882080078,0.0
1165,pop29,1,0.00045228004455566406,0.0
1166,pop51,3,0.007295370101928711,0.00947227311350681
1166,pop43,4,0.00055694580078125,9.260145078301366e-05
1166,pop46,1,0.0005030632019042969,0.0
1166,pop20,1,0.0004508495330810547,0.0
1167,pop10,2,0.013554096221923828,0.012924432754516602
1167,pop36,1,0.0005490779876708984,0.0
1167,pop51,2,0.0005631446838378906,1.239776611328125e-05
1167,pop43,4,0.0005308389663696289,3.682718210038251e-05
1167,pop29,1,0.0004820823669433594,0.0
1168,pop51,5,0.004649686813354492,0.00804536328090929
1168,pop52,1,0.0005843639373779297,0.0
1169,pop16,2,0.010135173797607422,0.00948190689086914
1169,pop50,4,0.0005527734756469727,3.42753139803421e-05
1169,pop35,1,0.0004799365997314453,0.0
1170,pop23,5,0.00422520637512207,0.007211057448175246
1170,pop16,1,0.0005049705505371094,0.0
1170,pop50,1,0.0005078315734863281,0.0
1170,pop52,1,0.0005819797515869141,0.0
1170,pop48,1,0.0004944801330566406,0.0
1170,pop30,1,0.0004990100860595703,0.0
1170,pop31,1,0.0004420280456542969,0.0
1171,pop36,2,0.012127161026000977,0.011464357376098633
1171,pop28,2,0.010630011558532715,0.010105729103088379
1171,pop51,2,0.000598907470703125,1.33514404296875e-05
1171,pop46,2,0.0006204843521118164,0.0001608133316040039
1171,pop9,1,0.0004925727844238281,0.0
1172,pop23,2,0.009496808052062988,0.008861184120178223
1172,pop24,1,0.0004949569702148438,0.0
1172,pop14,3,0.0005431175231933594,6.464881449152622e-05
1172,pop50,1,0.0005307197570800781,0.0
1172,pop53,1,0.0005309581756591797,0.0
1172,pop7,1,0.0004456043243408203,0.0
1173,pop36,5,0.005215787887573242,0.009216882198567223
1173,pop51,1,0.0005664825439453125,0.0
1173,pop52,1,0.0005617141723632812,0.0
1173,pop34,1,0.0005171298980712891,0.0
1173,pop35,1,0.0004930496215820312,0.0
1174,pop23,3,0.006777604420979817,0.008691467534152111
1174,pop24,4,0.0005217790603637695,5.8560403237242156e-05
1174,pop21,1,0.0005061626434326172,0.0
1175,pop51,3,0.007396141688028972,0.00958680526348791
1175,pop28,3,0.0005996227264404297,0.00010734450672536584
1175,pop22,1,0.0005099773406982422,0.0
1175,pop21,1,0.0004932880401611328,0.0
1176,pop36,2,0.012536406517028809,0.011844754219055176
1176,pop28,1,0.021044254302978516,0.0
1176,pop51,1,0.0005517005920410156,0.0
1176,pop29,4,0.0005050301551818848,6.955540264698643e-05
1177,pop52,4,0.005120813846588135,0.00775408678354012
1177,pop50,1,0.00047850608825683594,0.0
1177,pop26,1,0.0004763603210449219,0.0
1178,pop2,2,0.011176228523254395,0.010536789894104004
1178,pop56,3,0.0005717277526855469,8.954196910006486e-05
1178,pop52,1,0.000530242919921875,0.0
1178,pop51,1,0.0005373954772949219,0.0
1178,pop46,1,0.000476837158203125,0.0
1178,pop20,1,0.00045180320739746094,0.0
1179,pop10,3,0.009263992309570312,0.012295481028509504
1179,pop11,4,0.0004913806915283203,2.6046070382963978e-05
1180,pop2,2,0.011223793029785156,0.010559558868408203
1180,pop56,3,0.0005602041880289713,9.868961348949974e-05
1180,pop52,1,0.00046443939208984375,0.0
1180,pop51,1,0.0005385875701904297,0.0
1180,pop36,1,0.0005524158477783203,0.0
1180,pop10,1,0.0004928112030029297,0.0
1181,pop51,4,0.005660951137542725,0.008767661624039675
1181,pop29,2,0.011425137519836426,0.01081836223602295
1181,pop4,2,0.011400699615478516,0.01097726821899414
1181,pop43,1,0.021672964096069336,0.0
1181,pop42,2,0.0006490945816040039,2.944469451904297e-05
1181,pop53,1,0.0004968643188476562,0.0
1181,pop52,1,0.0005533695220947266,0.0
1181,pop12,1,0.0004572868347167969,0.0
1182,pop16,5,0.004282236099243164,0.007349258994434691
1182,pop50,1,0.0006225109100341797,0.0
1182,pop52,1,0.0005407333374023438,0.0
1183,pop2,2,0.010850191116333008,0.010216474533081055
1183,pop56,1,0.0005321502685546875,0.0
1183,pop55,4,0.0005744695663452148,0.0001107562083490348
1183,pop50,1,0.0004942417144775391,0.0
1183,pop17,1,0.0005004405975341797,0.0
1183,pop25,1,0.0004696846008300781,0.0
1184,pop2,5,0.004733133316040039,0.008262278458572058
1184,pop56,1,0.0005130767822265625,0.0
1184,pop52,1,0.0005083084106445312,0.0
1184,pop50,1,0.0005388259887695312,0.0
1184,pop26,1,0.0005071163177490234,0.0
1185,pop23,2,0.009875059127807617,0.009219884872436523
1185,pop21,1,0.0005021095275878906,0.0
1185,pop22,3,0.000572045644124349,8.086862361243141e-05
1185,pop51,1,0.0005486011505126953,0.0
1185,pop52,1,0.0005412101745605469,0.0
1186,pop10,5,0.005866909027099609,0.01049085618163843
1186,pop36,1,0.0005478858947753906,0.0
1186,pop51,1,0.0005097389221191406,0.0
1186,pop9,1,0.00047850608825683594,0.0
1187,pop2,4,0.005949735641479492,0.009297862009316501
1187,pop56,1,0.0004830360412597656,0.0
1187,pop52,1,0.00057220458984375,0.0
1187,pop12,1,0.0004432201385498047,0.0
1188,pop36,2,0.012699007987976074,0.012030959129333496
1188,pop51,2,0.011050581932067871,0.010496020317077637
1188,pop4,4,0.0005467534065246582,0.00010950479622868155
1188,pop52,1,0.0005009174346923828,0.0
1188,pop50,1,0.0005269050598144531,0.0
1188,pop33,1,0.0005095005035400391,0.0
1188,pop32,1,0.0005621910095214844,0.0
1189,pop51,5,0.008759069442749023,0.009911127125099981
1189,pop4,1,0.023192882537841797,0.0
1189,pop52,1,0.0005617141723632812,0.0
1189,pop3,1,0.0004773139953613281,0.0
1189,pop0,1,0.00047707557678222656,0.0
1190,pop23,5,0.004349231719970703,0.007474119343003537
1190,pop21,1,0.0004756450653076172,0.0
1190,pop22,1,0.0005152225494384766,0.0
1190,pop51,1,0.0005207061767578125,0.0
1190,pop36,1,0.0005421638488769531,0.0
1190,pop10,1,0.0006060600280761719,0.0
1191,pop52,5,0.004250335693359375,0.007255357246440888
1191,pop53,1,0.0004775524139404297,0.0
1191,pop7,1,0.0004801750183105469,0.0
1192,pop23,2,0.01000058650970459,0.009348511695861816
1192,pop16,4,0.0005847811698913574,7.678380831246378e-05
1192,pop50,1,0.0005028247833251953,0.0
1192,pop26,1,0.00043511390686035156,0.0
1193,pop10,3,0.009368181228637695,0.01239363466406759
1193,pop5,2,0.014288783073425293,0.013802409172058105
1193,pop36,1,0.0005388259887695312,0.0
1193,pop28,1,0.02177572250366211,0.0
1193,pop51,3,0.0005673567454020182,1.797527815294358e-05
1193,pop29,2,0.011805415153503418,0.011338114738464355
1193,pop43,4,0.0061247944831848145,0.009746178906622556
1193,pop42,1,0.01517629623413086,0.0
1194,pop2,3,0.007728974024454753,0.01010532077977693
1194,pop49,2,0.011957049369812012,0.011469721794128418
1194,pop56,2,0.010679960250854492,0.0102081298828125
1194,pop55,2,0.0005326271057128906,1.1920928955078125e-05
1194,pop50,1,0.0006253719329833984,0.0
1194,pop14,1,0.0004932880401611328,0.0
1195,pop52,3,0.00671696662902832,0.008566115539652214
1195,pop12,4,0.0005699992179870605,0.00012731199123457238
1195,pop51,1,0.000537872314453125,0.0
1195,pop22,1,0.00048065185546875,0.0
1195,pop21,1,0.0005958080291748047,0.0
1196,pop2,5,0.009225559234619141,0.010663957440351642
1196,pop49,4,0.006070435047149658,0.009588800863301961
1196,pop56,1,0.0005078315734863281,0.0
1196,pop52,1,0.0005710124969482422,0.0
1196,pop51,1,0.0005247592926025391,0.0
1197,pop16,2,0.009890913963317871,0.009259819984436035
1197,pop23,1,0.0005135536193847656,0.0
1197,pop21,4,0.005777597427368164,0.009048916490144691
1197,pop22,3,0.00801706314086914,0.010522788901199058
1197,pop51,1,0.0005145072937011719,0.0
1198,pop10,3,0.009073336919148764,0.012023173629387613
1198,pop5,4,0.0005694031715393066,0.00014510355053498785
1198,pop36,1,0.0005238056182861328,0.0
1198,pop51,1,0.0005478858947753906,0.0
1198,pop52,1,0.0005390644073486328,0.0
1198,pop34,1,0.0004608631134033203,0.0
1198,pop35,1,0.0004401206970214844,0.0
1199,pop10,4,0.006970047950744629,0.011111535083749187
1199,pop5,1,0.028123140335083008,0.0
1199,pop36,2,0.0005112886428833008,5.602836608886719e-06
1199,pop28,1,0.02222156524658203,0.0
1199,pop51,3,0.0005768140157063802,4.6625040988411214e-05
1199,pop29,1,0.022374629974365234,0.0
1199,pop43,3,0.0156706968943278,0.010748888939630306
1199,pop42,3,0.010518074035644531,0.007111591919326728
1199,pop53,2,0.0005037784576416016,1.9073486328125e-05
1199,pop47,2,0.0006034374237060547,0.00014090538024902344
1199,pop52,1,0.0005609989166259766,0.0
1200,pop36,5,0.005507659912109375,0.009835941826368561
1200,pop51,1,0.0005617141723632812,0.0
1200,pop52,1,0.0005450248718261719,0.0
1200,pop56,1,0.0005018711090087891,0.0
1201,pop51,4,0.010876238346099854,0.010286198270658955
1201,pop43,2,0.0006517171859741211,4.208087921142578e-05
1201,pop52,1,0.0005636215209960938,0.0
1201,pop34,1,0.0005028247833251953,0.0
1201,pop35,1,0.0004830360412597656,0.0
1202,pop36,5,0.005486202239990234,0.00980853551026273
1202,pop51,1,0.0005812644958496094,0.0
1202,pop29,1,0.00048160552978515625,0.0
1203,pop10,4,0.007305800914764404,0.011525648528717642
1203,pop36,1,0.0005166530609130859,0.0
1203,pop51,1,0.0005600452423095703,0.0
1203,pop46,1,0.0004839897155761719,0.0
1203,pop20,1,0.00044465065002441406,0.0
1204,pop23,2,0.009881854057312012,0.009187102317810059
1204,pop24,2,0.009097576141357422,0.008559465408325195
1204,pop14,2,0.0005956888198852539,9.548664093017578e-05
1204,pop50,1,0.0005068778991699219,0.0
1204,pop26,1,0.0004885196685791016,0.0
1205,pop52,5,0.004256248474121094,0.007150284342396297
1205,pop51,1,0.0005538463592529297,0.0
1205,pop22,1,0.0004863739013671875,0.0
1205,pop21,1,0.0005023479461669922,0.0
1206,pop2,2,0.011020898818969727,0.010380744934082031
1206,pop56,2,0.01072227954864502,0.010205626487731934
1206,pop48,3,0.0005753835042317709,0.00011312073161412707
1206,pop52,1,0.0005404949188232422,0.0
1206,pop51,1,0.0005238056182861328,0.0
1206,pop9,1,0.0004475116729736328,0.0
1207,pop23,2,0.009766578674316406,0.009096622467041016
1207,pop24,3,0.0005327065785725912,6.303224924862469e-05
1207,pop14,1,0.0004718303680419922,0.0
1207,pop50,1,0.0005524158477783203,0.0
1207,pop52,1,0.0005054473876953125,0.0
1208,pop16,5,0.004361867904663086,0.007479947006017091
1208,pop50,1,0.0006642341613769531,0.0
1208,pop52,1,0.0005176067352294922,0.0
1208,pop51,1,0.0005278587341308594,0.0
1209,pop36,2,0.012305974960327148,0.011641979217529297
1209,pop28,3,0.0005715688069661459,0.00010178627479130976
1209,pop51,1,0.0005731582641601562,0.0
1209,pop9,1,0.000476837158203125,0.0
1210,pop52,2,0.010012269020080566,0.009309649467468262
1210,pop53,3,0.0005517005920410156,5.632972160789433e-05
1210,pop50,1,0.0005316734313964844,0.0
1210,pop26,1,0.000469207763671875,0.0
1211,pop2,5,0.0049307823181152345,0.008638089111699731
1211,pop56,1,0.0004937648773193359,0.0
1211,pop52,1,0.0005929470062255859,0.0
1211,pop51,1,0.0005621910095214844,0.0
1211,pop22,1,0.00045037269592285156,0.0
1211,pop21,1,0.0005199909210205078,0.0
1212,pop23,5,0.004434633255004883,0.00763361792998937
1212,pop16,1,0.0005054473876953125,0.0
1212,pop50,1,0.0005800724029541016,0.0
1212,pop17,1,0.0005004405975341797,0.0
1212,pop25,1,0.0005786418914794922,0.0
1213,pop2,2,0.011580705642700195,0.010929346084594727
1213,pop56,2,0.010712742805480957,0.010204672813415527
1213,pop48,2,0.0005697011947631836,0.00010144710540771484
1213,pop52,1,0.0005772113800048828,0.0
1213,pop51,1,0.0005736351013183594,0.0
1213,pop29,1,0.0004825592041015625,0.0
1214,pop16,2,0.010411381721496582,0.009758830070495605
1214,pop50,3,0.006577809651692708,0.008581886369731284
1214,pop26,3,0.0005625089009602865,9.354951476540719e-05
1214,pop14,1,0.0004684925079345703,0.0
1214,pop27,1,0.0004706382751464844,0.0
1214,pop44,1,0.0004930496215820312,0.0
1214,pop45,1,0.0004634857177734375,0.0
1215,pop23,5,0.004396677017211914,0.00759531492325999
1215,pop16,1,0.0006000995635986328,0.0
1215,pop50,1,0.0005166530609130859,0.0
1215,pop33,1,0.0004684925079345703,0.0
1215,pop32,1,0.0004248619079589844,0.0
1216,pop2,3,0.015536308288574219,0.010553041857507514
1216,pop56,1,0.0005476474761962891,0.0
1216,pop55,3,0.0005504290262858073,9.965864918651832e-05
1216,pop50,1,0.0005288124084472656,0.0
1216,pop33,1,0.00046634674072265625,0.0
1216,pop32,1,0.0004787445068359375,0.0
1217,pop51,5,0.004636812210083008,0.008027217511268819
1217,pop52,1,0.0005795955657958984,0.0
1217,pop53,1,0.0005116462707519531,0.0
1217,pop7,1,0.0004932880401611328,0.0
1218,pop36,2,0.01269519329071045,0.012040972709655762
1218,pop28,1,0.022312402725219727,0.0
1218,pop51,3,0.0005882581075032552,2.2555736092512915e-05
1218,pop29,1,0.022670745849609375,0.0
1218,pop4,3,0.0006210803985595703,0.00013177553969871515
1218,pop52,1,0.0005507469177246094,0.0
1218,pop50,1,0.0005414485931396484,0.0
1218,pop33,1,0.0005118846893310547,0.0
1218,pop32,1,0.0004763603210449219,0.0
1219,pop52,2,0.009647965431213379,0.00899970531463623
1219,pop3,4,0.0005485415458679199,7.651293421041545e-05
1219,pop53,1,0.00047397613525390625,0.0
1219,pop7,1,0.0004544258117675781,0.0
1220,pop10,3,0.009154399236043295,0.01213814177378989
1220,pop11,3,0.0005835692087809244,0.00014232934648838297
1220,pop36,1,0.0005176067352294922,0.0
1220,pop51,1,0.0005426406860351562,0.0
1220,pop46,1,0.0004744529724121094,0.0
1220,pop20,1,0.0004837512969970703,0.0
1221,pop51,5,0.004775428771972656,0.008235819627492421
1221,pop52,1,0.0005340576171875,0.0
1221,pop50,1,0.0006327629089355469,0.0
1221,pop33,1,0.0006017684936523438,0.0
1221,pop32,1,0.000423431396484375,0.0
1222,pop2,2,0.011576056480407715,0.0109328031539917
1222,pop56,1,0.0005030632019042969,0.0
1222,pop55,1,0.017857074737548828,0.0
1222,pop50,2,0.009651422500610352,0.009031295776367188
1222,pop17,2,0.0005762577056884766,9.989738464355469e-05
1222,pop25,1,0.0004813671112060547,0.0
1223,pop10,4,0.007319509983062744,0.011696006186157836
1223,pop36,1,0.0005266666412353516,0.0
1223,pop51,1,0.0005204677581787109,0.0
1223,pop29,1,0.0004868507385253906,0.0
1224,pop36,5,0.005626773834228516,0.009984332469631355
1224,pop51,1,0.000576019287109375,0.0
1224,pop52,1,0.000545501708984375,0.0
1224,pop3,1,0.0004951953887939453,0.0
1224,pop0,1,0.0004680156707763672,0.0
1225,pop52,3,0.006838083267211914,0.008793144709444145
1225,pop12,3,0.0006054242451985677,8.735329065650921e-05
1225,pop51,1,0.0005540847778320312,0.0
1225,pop9,1,0.00043487548828125,0.0
1226,pop2,2,0.011688590049743652,0.01104271411895752
1226,pop56,1,0.0004973411560058594,0.0
1226,pop48,3,0.0005030632019042969,3.598514939890872e-05
1226,pop30,1,0.0004858970642089844,0.0
1226,pop31,1,0.0004553794860839844,0.0
1227,pop51,3,0.007505973180135091,0.009775550185861948
1227,pop29,4,0.0005508065223693848,8.802302463539567e-05
1227,pop9,1,0.00048279762268066406,0.0
1228,pop36,2,0.01262664794921875,0.011986017227172852
1228,pop51,2,0.0005489587783813477,1.633167266845703e-05
1228,pop29,2,0.01188039779663086,0.011387348175048828
1228,pop43,2,0.02266228199005127,9.40561294555664e-05
1228,pop42,3,0.010514656702677408,0.007110797754173226
1228,pop53,1,0.0004851818084716797,0.0
1228,pop7,2,0.0004724264144897461,1.823902130126953e-05
1229,pop2,2,0.011336207389831543,0.010697245597839355
1229,pop56,1,0.0005171298980712891,0.0
1229,pop55,1,0.017611980438232422,0.0
1229,pop50,3,0.0005582173665364584,1.662142134519142e-05
1229,pop26,3,0.006654580434163411,0.008734457787816379
1230,pop16,4,0.00539088249206543,0.008210118785766314
1230,pop50,1,0.0005357265472412109,0.0
1230,pop52,1,0.0005602836608886719,0.0
1230,pop51,1,0.0005543231964111328,0.0
1230,pop36,1,0.0005474090576171875,0.0
1230,pop10,1,0.0004780292510986328,0.0
1231,pop23,3,0.006708780924479167,0.008675717445672408
1231,pop24,4,0.0005651712417602539,7.965651788267179e-05
1231,pop21,1,0.00043511390686035156,0.0
1231,pop22,1,0.0005402565002441406,0.0
1231,pop51,1,0.0005843639373779297,0.0
1231,pop29,1,0.00048065185546875,0.0
1232,pop10,4,0.007313251495361328,0.011579989846999037
1232,pop36,1,0.0005371570587158203,0.0
1232,pop51,1,0.0006146430969238281,0.0
1232,pop46,1,0.0004951953887939453,0.0
1232,pop45,1,0.00045013427734375,0.0
1233,pop51,3,0.007649024327596028,0.00995233478523713
1233,pop29,4,0.0005668401718139648,0.0001159589024220478
1233,pop22,1,0.00044989585876464844,0.0
1233,pop21,1,0.0004947185516357422,0.0
1234,pop2,2,0.011790871620178223,0.011147618293762207
1234,pop56,4,0.0005425214767456055,6.142911484158001e-05
1234,pop52,1,0.0005085468292236328,0.0
1235,pop16,2,0.010463476181030273,0.009810924530029297
1235,pop23,1,0.0005371570587158203,0.0
1235,pop24,3,0.0005123615264892578,4.508738449846908e-05
1235,pop14,1,0.0005202293395996094,0.0
1235,pop50,1,0.0005314350128173828,0.0
1235,pop26,1,0.00048041343688964844,0.0
1236,pop23,2,0.010303854942321777,0.009631514549255371
1236,pop24,3,0.0005719661712646484,9.45060291931708e-05
1236,pop14,1,0.0004968643188476562,0.0
1236,pop27,1,0.0004858970642089844,0.0
1236,pop44,1,0.0004971027374267578,0.0
1236,pop45,1,0.00046563148498535156,0.0
1237,pop10,3,0.009710868199666342,0.01293059574810654
1237,pop5,3,0.0006070137023925781,0.000128992310200542
1237,pop36,1,0.0005435943603515625,0.0
1237,pop51,1,0.0005345344543457031,0.0
1237,pop22,1,0.0004968643188476562,0.0
1237,pop21,1,0.0005030632019042969,0.0
1238,pop51,3,0.007675011952718099,0.009975816009281203
1238,pop4,3,0.0005695819854736328,8.373166361100747e-05
1238,pop36,1,0.0005316734313964844,0.0
1238,pop10,1,0.0005025863647460938,0.0
1239,pop36,4,0.006828784942626953,0.010800847855469501
1239,pop51,1,0.0005159378051757812,0.0
1240,pop23,2,0.010236263275146484,0.009565353393554688
1240,pop21,1,0.0004966259002685547,0.0
1240,pop22,4,0.0005304217338562012,2.440582763755438e-05
1240,pop51,1,0.0005316734313964844,0.0
1241,pop10,5,0.00606842041015625,0.0109562780871885
1241,pop36,1,0.0005125999450683594,0.0
1241,pop51,1,0.0005204677581787109,0.0
1241,pop46,1,0.0004904270172119141,0.0
1241,pop45,1,0.00048041343688964844,0.0
1242,pop36,2,0.013208985328674316,0.01254570484161377
1242,pop51,1,0.0005514621734619141,0.0
1242,pop46,4,0.0005761384963989258,8.105696983092681e-05
1242,pop20,1,0.0004646778106689453,0.0
1243,pop2,5,0.004982852935791015,0.008833154253322931
1243,pop56,1,0.000514984130859375,0.0
1243,pop52,1,0.0005354881286621094,0.0
1243,pop51,1,0.0005524158477783203,0.0
1243,pop29,1,0.00048089027404785156,0.0
1244,pop23,2,0.00984954833984375,0.009216070175170898
1244,pop21,1,0.0005140304565429688,0.0
1244,pop22,4,0.0004999041557312012,1.3191222963545485e-05
1244,pop51,1,0.0004956722259521484,0.0
1245,pop10,3,0.009326537450154623,0.01236778245943622
1245,pop11,4,0.0005406737327575684,7.835258972629897e-05
1245,pop36,1,0.0005145072937011719,0.0
1245,pop51,1,0.0005636215209960938,0.0
1245,pop46,1,0.0004706382751464844,0.0
1245,pop45,1,0.0004811286926269531,0.0
1246,pop23,4,0.0051230788230896,0.007892643602207523
1246,pop21,2,0.010817885398864746,0.01029980182647705
1246,pop16,2,0.01100015640258789,0.010452747344970703
1246,pop24,2,0.0006650686264038086,0.00015103816986083984
1246,pop14,1,0.0005822181701660156,0.0
1246,pop27,1,0.0004990100860595703,0.0
1246,pop25,1,0.00048732757568359375,0.0
1247,pop52,5,0.004373407363891602,0.007527779616882059
1247,pop56,1,0.0004825592041015625,0.0
1248,pop2,5,0.005063009262084961,0.008940121522075822
1248,pop56,1,0.0004918575286865234,0.0
1248,pop52,1,0.0005087852478027344,0.0
1248,pop3,1,0.0005962848663330078,0.0
1248,pop0,1,0.0004780292510986328,0.0
1249,pop36,2,0.01328885555267334,0.012606501579284668
1249,pop28,4,0.0005222558975219727,3.279382338615523e-05
1249,pop51,1,0.0005974769592285156,0.0
1249,pop29,1,0.0004649162292480469,0.0
1250,pop16,3,0.007282177607218425,0.009497135446785538
1250,pop23,3,0.0005571842193603516,7.623158330108787e-05
1250,pop50,1,0.0004992485046386719,0.0
1250,pop35,1,0.0004794597625732422,0.0
1251,pop10,5,0.006133508682250976,0.011020423164955212
1251,pop36,1,0.0005447864532470703,0.0
1251,pop51,1,0.0005590915679931641,0.0
1251,pop52,1,0.0005307197570800781,0.0
1251,pop50,1,0.000499725341796875,0.0
1251,pop17,1,0.0005154609680175781,0.0
1251,pop25,1,0.0005004405975341797,0.0
1252,pop23,4,0.005475044250488281,0.008393742511888751
1252,pop16,1,0.0006077289581298828,0.0
1252,pop50,1,0.0005173683166503906,0.0
1252,pop55,1,0.0005021095275878906,0.0
1252,pop56,1,0.0005092620849609375,0.0
1253,pop51,3,0.014975865681966146,0.010113901291309794
1253,pop43,2,0.011482000350952148,0.011026144027709961
1253,pop42,3,0.01015933354695638,0.006832326854722425
1253,pop53,2,0.00048160552978515625,1.0967254638671875e-05
1253,pop1,2,0.000579833984375,9.107589721679688e-05
1253,pop50,1,0.0005288124084472656,0.0
1253,pop33,1,0.0004968643188476562,0.0
1253,pop32,1,0.00047659873962402344,0.0
1254,pop52,3,0.006862481435139974,0.00877697580709265
1254,pop34,3,0.0005095799763997396,3.522916325525156e-05
1254,pop12,1,0.0004646778106689453,0.0
1255,pop23,2,0.01004934310913086,0.009406566619873047
1255,pop16,4,0.0005699396133422852,7.989415123507208e-05
1255,pop50,1,0.0005412101745605469,0.0
1255,pop14,1,0.0004820823669433594,0.0
1255,pop27,1,0.0004513263702392578,0.0
1255,pop44,1,0.00047779083251953125,0.0
1255,pop45,1,0.0004210472106933594,0.0
1256,pop52,3,0.006748119990030925,0.008671644832640357
1256,pop34,4,0.0005090236663818359,2.4056068376034684e-05
1256,pop51,1,0.0005228519439697266,0.0
1257,pop36,5,0.005546474456787109,0.009818218287850927
1257,pop51,1,0.0006284713745117188,0.0
1257,pop52,1,0.0006160736083984375,0.0
1257,pop50,1,0.0005486011505126953,0.0
1257,pop17,1,0.00046181678771972656,0.0
1257,pop25,1,0.0005757808685302734,0.0
1258,pop51,3,0.007434765497843425,0.009617966413793226
1258,pop29,4,0.0005273222923278809,2.9717981682341418e-05
1258,pop36,1,0.0006237030029296875,0.0
1258,pop10,1,0.0005578994750976562,0.0
1259,pop36,3,0.009182453155517578,0.01212241397976082
1259,pop10,3,0.0006125768025716146,0.0001310741902114471
1259,pop51,1,0.0005369186401367188,0.0
1259,pop52,1,0.0005753040313720703,0.0
1259,pop3,1,0.0004987716674804688,0.0
1259,pop0,1,0.00047206878662109375,0.0
1260,pop36,3,0.009239276250203451,0.012167862804767539
1260,pop10,3,0.0005869070688883463,0.00013993056121502839
1260,pop51,1,0.0005519390106201172,0.0
1260,pop22,1,0.0006265640258789062,0.0
1260,pop21,1,0.0004677772521972656,0.0
1261,pop2,2,0.011941075325012207,0.011293768882751465
1261,pop56,4,0.0005625486373901367,7.494852141756876e-05
1261,pop52,1,0.00057220458984375,0.0
1261,pop53,1,0.00046539306640625,0.0
1261,pop7,1,0.00047850608825683594,0.0
1262,pop36,2,0.013416528701782227,0.01273798942565918
1262,pop51,1,0.0005495548248291016,0.0
1262,pop43,1,0.0005173683166503906,0.0
1262,pop42,1,0.014509439468383789,0.0
1262,pop53,3,0.0006287892659505209,9.611479325618445e-05
1262,pop47,2,0.009313106536865234,0.008821725845336914
1262,pop50,1,0.0005445480346679688,0.0
1262,pop33,1,0.00047588348388671875,0.0
1262,pop32,1,0.0004208087921142578,0.0
1263,pop52,2,0.010238289833068848,0.009567856788635254
1263,pop53,4,0.0005730986595153809,0.0001276235941743133
1263,pop50,1,0.0005245208740234375,0.0
1263,pop17,1,0.00046825408935546875,0.0
1263,pop25,1,0.0004456043243408203,0.0
1264,pop36,3,0.009128888448079428,0.012023516676798116
1264,pop10,3,0.0005184809366861979,2.3274288775423073e-05
1264,pop5,2,0.01506495475769043,0.014559030532836914
1264,pop11,1,0.029512643814086914,0.0
1264,pop28,2,0.011624693870544434,0.011118531227111816
1264,pop51,2,0.0006011724472045898,1.633167266845703e-05
1264,pop4,2,0.000624537467956543,0.0001131296157836914
1264,pop52,1,0.00052642822265625,0.0
1264,pop50,1,0.0005424022674560547,0.0
1264,pop17,1,0.0004787445068359375,0.0
1264,pop25,1,0.0004546642303466797,0.0
1265,pop2,2,0.011791348457336426,0.011173129081726074
1265,pop56,4,0.0005957484245300293,0.00011824544535541314
1265,pop52,1,0.0005075931549072266,0.0
1265,pop50,1,0.0005583763122558594,0.0
1265,pop17,1,0.0005018711090087891,0.0
1265,pop25,1,0.0004544258117675781,0.0
1266,pop36,2,0.012978911399841309,0.01233375072479248
1266,pop51,3,0.0006597042083740234,0.00014594852601284867
1266,pop52,1,0.0005733966827392578,0.0
1266,pop3,1,0.0004723072052001953,0.0
1266,pop0,1,0.0004508495330810547,0.0
1267,pop52,3,0.006827592849731445,0.008801703540205713
1267,pop12,4,0.0005092024803161621,5.995702886499127e-05
1267,pop56,1,0.00048470497131347656,0.0
1268,pop36,3,0.008819659550984701,0.0116168973069897
1268,pop51,4,0.0006592869758605957,9.462940854481077e-05
1268,pop10,1,0.0004992485046386719,0.0
1269,pop16,2,0.01037609577178955,0.009744048118591309
1269,pop23,1,0.0005609989166259766,0.0
1269,pop21,4,0.005963444709777832,0.009454777971786656
1269,pop22,2,0.012478113174438477,0.011957883834838867
1270,pop10,3,0.009479522705078125,0.012598619013285267
1270,pop5,3,0.0005678335825602213,9.909351019119553e-05
1270,pop36,1,0.0005161762237548828,0.0
1270,pop51,1,0.0005524158477783203,0.0
1270,pop9,1,0.0005662441253662109,0.0
1271,pop36,4,0.007098972797393799,0.011189930127158753
1271,pop51,1,0.0005619525909423828,0.0
1271,pop52,1,0.000522613525390625,0.0
1271,pop34,1,0.0005295276641845703,0.0
1271,pop35,1,0.00047779083251953125,0.0
1272,pop23,2,0.01031339168548584,0.009646058082580566
1272,pop21,2,0.011341333389282227,0.010827302932739258
1272,pop22,2,0.01250755786895752,0.012006163597106934
1272,pop51,2,0.000569462776184082,3.2186508178710938e-06
1272,pop28,2,0.0006121397018432617,0.00010001659393310547
1272,pop52,1,0.0005576610565185547,0.0
1272,pop3,1,0.0005025863647460938,0.0
1272,pop0,1,0.0004961490631103516,0.0
1273,pop10,3,0.009954293568929037,0.01327261263741636
1273,pop5,4,0.0005916953086853027,0.00010714208048308328
1273,pop36,1,0.0006561279296875,0.0
1273,pop51,1,0.0005953311920166016,0.0
1273,pop52,1,0.0006275177001953125,0.0
1273,pop50,1,0.0004978179931640625,0.0
1273,pop17,1,0.00047588348388671875,0.0
1273,pop25,1,0.00048041343688964844,0.0
1274,pop36,2,0.013559341430664062,0.012903690338134766
1274,pop51,2,0.0005753040313720703,1.6689300537109375e-05
1274,pop43,1,0.022794246673583984,0.0
1274,pop42,2,0.007729887962341309,0.007262587547302246
1274,pop53,2,0.009255528450012207,0.008746027946472168
1274,pop3,2,0.0005736351013183594,1.7404556274414062e-05
1274,pop52,1,0.0005290508270263672,0.0
1275,pop51,3,0.007836262385050455,0.010205350624143867
1275,pop43,4,0.0005932450294494629,0.00010487103141851432
1275,pop36,1,0.0004968643188476562,0.0
1275,pop10,1,0.0004892349243164062,0.0
1276,pop52,4,0.005502462387084961,0.00829476310976314
1276,pop50,1,0.0005176067352294922,0.0
1276,pop14,1,0.0004897117614746094,0.0
1277,pop51,3,0.007912476857503256,0.010286091962093085
1277,pop4,3,0.0006626447041829427,0.000167989797757878
1277,pop46,1,0.0005033016204833984,0.0
1277,pop20,1,0.0004563331604003906,0.0
1278,pop52,3,0.006804466247558594,0.008725723983293996
1278,pop3,4,0.0005504488945007324,8.693085593425885e-05
1278,pop56,1,0.0004711151123046875,0.0
1279,pop23,5,0.004551935195922852,0.007931501130515254
1279,pop21,1,0.0004923343658447266,0.0
1280,pop36,3,0.009023904800415039,0.011918007561028945
1280,pop10,3,0.0005310376485188802,4.940745299475978e-05
1280,pop11,2,0.015835165977478027,0.015332579612731934
1280,pop51,1,0.0005028247833251953,0.0
1280,pop52,1,0.000576019287109375,0.0
1281,pop2,4,0.012068510055541992,0.01149447036912611
1281,pop49,1,0.024821996688842773,0.0
1281,pop56,2,0.0005602836608886719,3.600120544433594e-05
1281,pop52,1,0.0005280971527099609,0.0
1281,pop51,1,0.0005767345428466797,0.0
1282,pop23,2,0.0102003812789917,0.009548068046569824
1282,pop24,3,0.000572363535563151,9.462671580743347e-05
1282,pop14,1,0.0004951953887939453,0.0
1282,pop27,1,0.0004949569702148438,0.0
1282,pop44,1,0.0004591941833496094,0.0
1282,pop45,1,0.0004863739013671875,0.0
1283,pop36,3,0.0093232790629069,0.01233569530640784
1283,pop10,2,0.0005366802215576172,1.0251998901367188e-05
1283,pop11,4,0.0005462765693664551,9.25907653365054e-05
1283,pop51,1,0.0005819797515869141,0.0
1283,pop52,1,0.0005626678466796875,0.0
1283,pop34,1,0.0004911422729492188,0.0
1283,pop35,1,0.0004467964172363281,0.0
1284,pop16,5,0.004661273956298828,0.00815148040374064
1284,pop50,1,0.0005035400390625,0.0
1284,pop52,1,0.0005488395690917969,0.0
1284,pop51,1,0.0006091594696044922,0.0
1285,pop2,2,0.01209104061126709,0.01143181324005127
1285,pop56,1,0.0005295276641845703,0.0
1285,pop55,4,0.000495612621307373,2.803845824909086e-05
1285,pop50,1,0.0006513595581054688,0.0
1285,pop14,1,0.0005092620849609375,0.0
1286,pop52,3,0.006928920745849609,0.008882207764134124
1286,pop34,4,0.0005578398704528809,9.780007054129965e-05
1286,pop50,1,0.00052642822265625,0.0
1286,pop26,1,0.00048089027404785156,0.0
1287,pop16,2,0.010567069053649902,0.009935259819030762
1287,pop23,1,0.0005486011505126953,0.0
1287,pop21,3,0.007940848668416342,0.010496204976701291
1287,pop22,4,0.006615400314331055,0.01041592598437962
1287,pop51,1,0.0005652904510498047,0.0
1287,pop46,1,0.0005159378051757812,0.0
1287,pop20,1,0.0004794597625732422,0.0
1288,pop10,4,0.014567971229553223,0.013991178126583403
1288,pop11,2,0.015203475952148438,0.014658927917480469
1288,pop36,1,0.027828454971313477,0.0
1288,pop51,1,0.0005469322204589844,0.0
1288,pop46,2,0.0005140304565429688,2.574920654296875e-05
1288,pop45,1,0.0004470348358154297,0.0
1289,pop2,5,0.005035543441772461,0.00886756433857435
1289,pop49,2,0.012363076210021973,0.011870026588439941
1289,pop56,2,0.010897040367126465,0.010373473167419434
1289,pop52,1,0.0005207061767578125,0.0
1289,pop51,1,0.0005731582641601562,0.0
1289,pop36,1,0.0005574226379394531,0.0
1289,pop10,1,0.00046944618225097656,0.0
1290,pop23,3,0.007028897603352864,0.009096732575951606
1290,pop21,3,0.0005633036295572916,6.709307614851787e-05
1290,pop16,1,0.0005173683166503906,0.0
1290,pop50,1,0.0005283355712890625,0.0
1290,pop26,1,0.0004820823669433594,0.0
1291,pop36,4,0.007191002368927002,0.011349809038263457
1291,pop51,1,0.0006465911865234375,0.0
1291,pop46,1,0.000492095947265625,0.0
1291,pop45,1,0.0004367828369140625,0.0
1292,pop2,2,0.012260913848876953,0.011608362197875977
1292,pop56,1,0.0004928112030029297,0.0
1292,pop55,3,0.0006000200907389323,0.00011572798426003533
1292,pop50,1,0.0004992485046386719,0.0
1292,pop17,1,0.0005133152008056641,0.0
1292,pop25,1,0.0004432201385498047,0.0
1293,pop51,3,0.007978041966756185,0.010428687262961107
1293,pop29,4,0.0005385875701904297,0.00012357398484149157
1293,pop22,1,0.0005180835723876953,0.0
1293,pop21,1,0.0004673004150390625,0.0
1294,pop52,2,0.010543107986450195,0.009884834289550781
1294,pop3,1,0.0005311965942382812,0.0
1294,pop0,3,0.0004870891571044922,6.6415730844421955e-06
1295,pop51,3,0.007842461268107096,0.010193669598772482
1295,pop29,4,0.0005186200141906738,4.2725306198172464e-05
1295,pop52,1,0.0005099773406982422,0.0
1295,pop12,1,0.0004794597625732422,0.0
1296,pop10,5,0.006055116653442383,0.011008039677703614
1296,pop36,1,0.0005440711975097656,0.0
1296,pop51,1,0.0005421638488769531,0.0
1296,pop29,1,0.0004825592041015625,0.0
1297,pop52,5,0.004477071762084961,0.00763268948780832
1297,pop50,1,0.0005526542663574219,0.0
1297,pop33,1,0.0004942417144775391,0.0
1297,pop32,1,0.0004942417144775391,0.0
1298,pop52,4,0.005429983139038086,0.008272365710803696
1298,pop50,1,0.0005829334259033203,0.0
1298,pop26,1,0.00044655799865722656,0.0
1299,pop36,2,0.013892292976379395,0.013241887092590332
1299,pop28,3,0.0005423227945963541,2.1157400775932617e-05
1299,pop51,1,0.000667572021484375,0.0
1299,pop29,1,0.0004916191101074219,0.0
1300,pop2,3,0.016572078069051106,0.011275654886595732
1300,pop56,1,0.0005009174346923828,0.0
1300,pop48,2,0.0005939006805419922,0.00012350082397460938
1300,pop52,1,0.0005583763122558594,0.0
1300,pop50,1,0.000576019287109375,0.0
1300,pop26,1,0.0004649162292480469,0.0
1301,pop2,2,0.01243603229522705,0.0117722749710083
1301,pop56,4,0.0005668401718139648,0.00010775273544275962
1301,pop52,1,0.0005381107330322266,0.0
1301,pop51,1,0.0005967617034912109,0.0
1301,pop36,1,0.0005161762237548828,0.0
1301,pop10,1,0.0005145072937011719,0.0
1302,pop16,2,0.01073920726776123,0.01011669635772705
1302,pop50,4,0.000602424144744873,9.297092291897544e-05
1302,pop52,1,0.0005462169647216797,0.0
1302,pop51,1,0.0005867481231689453,0.0
1302,pop29,1,0.0004935264587402344,0.0
1303,pop51,3,0.007697264353434245,0.010042082250219802
1303,pop4,3,0.0006297429402669271,0.00010786999705155927
1303,pop52,1,0.0005972385406494141,0.0
1303,pop48,1,0.0005428791046142578,0.0
1303,pop30,1,0.0004677772521972656,0.0
1303,pop31,1,0.000461578369140625,0.0
1304,pop10,3,0.009829203287760416,0.013012138254897268
1304,pop5,4,0.0005744099617004395,0.00013467372383783565
1304,pop36,1,0.0005202293395996094,0.0
1304,pop51,1,0.0005333423614501953,0.0
1304,pop52,1,0.0005643367767333984,0.0
1304,pop50,1,0.0005409717559814453,0.0
1304,pop17,1,0.0004813671112060547,0.0
1304,pop25,1,0.00045013427734375,0.0
1305,pop23,2,0.010680556297302246,0.010038495063781738
1305,pop21,2,0.0005227327346801758,3.254413604736328e-05
1305,pop22,4,0.0005273818969726562,2.4488733511178656e-05
1306,pop52,4,0.005545496940612793,0.008560841377068456
1306,pop12,2,0.010548830032348633,0.010051965713500977
1306,pop34,3,0.007452646891276042,0.00967761659306657
1306,pop35,2,0.009336352348327637,0.008884549140930176
1306,pop51,1,0.0005235671997070312,0.0
1306,pop46,1,0.000507354736328125,0.0
1306,pop20,1,0.00047016143798828125,0.0
1307,pop36,6,0.014154354731241861,0.013575107293377036
1307,pop28,2,0.023327946662902832,0.00012505054473876953
1307,pop10,3,0.0005123615264892578,6.920986511572915e-06
1307,pop11,1,0.03210306167602539,0.0
1307,pop5,2,0.0006163120269775391,0.00011157989501953125
1307,pop51,1,0.0005171298980712891,0.0
1307,pop52,1,0.0005502700805664062,0.0
1307,pop48,1,0.00047135353088378906,0.0
1307,pop30,1,0.00047469139099121094,0.0
1307,pop31,1,0.0004608631134033203,0.0
1308,pop52,3,0.00726771354675293,0.009403957215971325
1308,pop12,4,0.0005435347557067871,8.469438309359871e-05
1308,pop50,1,0.0005304813385009766,0.0
1308,pop26,1,0.0004799365997314453,0.0
1309,pop16,3,0.00760340690612793,0.009909572247572983
1309,pop23,4,0.0005273222923278809,5.608043255149154e-05
1309,pop50,1,0.0005290508270263672,0.0
1309,pop35,1,0.0004837512969970703,0.0
1310,pop51,5,0.005104780197143555,0.008907809626845576
1310,pop52,1,0.0005431175231933594,0.0
1310,pop50,1,0.0005600452423095703,0.0
1310,pop26,1,0.00044417381286621094,0.0
1311,pop10,2,0.015207767486572266,0.01453852653503418
1311,pop36,2,0.013665199279785156,0.013118267059326172
1311,pop28,3,0.000511010487874349,5.578394709938453e-05
1311,pop51,1,0.0005543231964111328,0.0
1311,pop52,1,0.0006411075592041016,0.0
1312,pop52,3,0.006979544957478841,0.008999533046436388
1312,pop34,4,0.0005362033843994141,9.218092933755971e-05
1312,pop50,1,0.0005166530609130859,0.0
1312,pop14,1,0.0005059242248535156,0.0
1313,pop2,4,0.00626450777053833,0.009766723717477182
1313,pop56,1,0.000484466552734375,0.0
1313,pop52,1,0.0005469322204589844,0.0
1313,pop50,1,0.0006053447723388672,0.0
1313,pop26,1,0.00045013427734375,0.0
1314,pop16,4,0.005845546722412109,0.008984733249179045
1314,pop50,1,0.0005364418029785156,0.0
1314,pop52,1,0.0003323554992675781,0.0
1314,pop48,1,0.0005040168762207031,0.0
1314,pop30,1,0.00046181678771972656,0.0
1314,pop31,1,0.0005023479461669922,0.0
1315,pop51,5,0.005075693130493164,0.008934286996312615
1315,pop52,1,0.0005919933319091797,0.0
1315,pop53,1,0.0004718303680419922,0.0
1315,pop7,1,0.0004680156707763672,0.0
1316,pop10,5,0.00647735595703125,0.011745774308881844
1316,pop36,1,0.0005288124084472656,0.0
1316,pop51,1,0.0005459785461425781,0.0
1316,pop52,1,0.0005233287811279297,0.0
1316,pop53,1,0.0005066394805908203,0.0
1316,pop7,1,0.0004794597625732422,0.0
1317,pop16,5,0.004783821105957031,0.008325673513790006
1317,pop50,1,0.0005443096160888672,0.0
1317,pop52,1,0.0005447864532470703,0.0
1317,pop48,1,0.00047588348388671875,0.0
1317,pop30,1,0.0004856586456298828,0.0
1317,pop31,1,0.0004863739013671875,0.0
1318,pop23,2,0.010924458503723145,0.010226607322692871
1318,pop21,4,0.0005481839179992676,8.859044989960869e-05
1318,pop22,1,0.0005164146423339844,0.0
1318,pop51,1,0.0005676746368408203,0.0
1318,pop52,1,0.0006344318389892578,0.0
1318,pop56,1,0.0005047321319580078,0.0
1319,pop51,3,0.008066892623901367,0.010530544211993663
1319,pop43,4,0.0005292892456054688,7.15200104139301e-05
1319,pop52,1,0.0005412101745605469,0.0
1319,pop3,1,0.0004627704620361328,0.0
1319,pop0,1,0.0004749298095703125,0.0
1320,pop16,2,0.01108098030090332,0.010433197021484375
1320,pop23,1,0.0004942417144775391,0.0
1320,pop21,4,0.0005380511283874512,4.11364900777626e-05
1320,pop22,1,0.0005028247833251953,0.0
1320,pop51,1,0.0006101131439208984,0.0
1320,pop29,1,0.0004703998565673828,0.0
1321,pop36,5,0.01674227714538574,0.013191318374931803
1321,pop28,3,0.008393287658691406,0.010978979733018703
1321,pop51,1,0.0005333423614501953,0.0
1321,pop52,1,0.0005931854248046875,0.0
1321,pop50,1,0.0005512237548828125,0.0
1321,pop33,1,0.00048065185546875,0.0
1321,pop32,1,0.00048232078552246094,0.0
1322,pop2,2,0.012520194053649902,0.011858344078063965
1322,pop56,4,0.0006162524223327637,0.00010614974771574012
1322,pop52,1,0.0005624294281005859,0.0
1322,pop34,1,0.0004951953887939453,0.0
1322,pop35,1,0.0004801750183105469,0.0
1323,pop16,2,0.011028170585632324,0.0103684663772583
1323,pop23,1,0.0005445480346679688,0.0
1323,pop21,4,0.000574946403503418,9.324719489179706e-05
1323,pop22,1,0.0005004405975341797,0.0
1323,pop51,1,0.0005922317504882812,0.0
1323,pop52,1,0.0005593299865722656,0.0
1323,pop3,1,0.0005018711090087891,0.0
1323,pop0,1,0.0004622936248779297,0.0
1324,pop36,2,0.013563990592956543,0.012926697731018066
1324,pop51,1,0.0005545616149902344,0.0
1324,pop46,2,0.011780261993408203,0.011303424835205078
1324,pop45,3,0.0004749298095703125,1.4468426447201126e-05
1325,pop16,2,0.010672688484191895,0.010027766227722168
1325,pop23,1,0.0005319118499755859,0.0
1325,pop24,4,0.0005339384078979492,3.9965703264481156e-05
1325,pop14,1,0.0004668235778808594,0.0
1326,pop23,3,0.0074002742767333984,0.009639937595178857
1326,pop24,4,0.0006154179573059082,0.0001822779327775806
1326,pop21,1,0.00047850608825683594,0.0
1326,pop22,1,0.0005893707275390625,0.0
1326,pop51,1,0.0005650520324707031,0.0
1326,pop46,1,0.0005128383636474609,0.0
1326,pop20,1,0.00047516822814941406,0.0
1327,pop51,2,0.0119248628616333,0.011235594749450684
1327,pop46,3,0.0005241235097249349,2.1153818216651543e-05
1327,pop45,1,0.00045561790466308594,0.0
1328,pop52,3,0.014242013295491537,0.009563463080560337
1328,pop12,2,0.0004891157150268555,1.609325408935547e-05
1329,pop51,3,0.008160750071207682,0.01065402007944524
1329,pop29,4,0.000530242919921875,8.09217735288572e-05
1329,pop52,1,0.0005130767822265625,0.0
1329,pop50,1,0.000507354736328125,0.0
1329,pop14,1,0.0004954338073730469,0.0
1330,pop52,3,0.007390578587849935,0.009575045331813421
1330,pop3,3,0.0005753835042317709,0.00014426909408556246
1330,pop51,1,0.0005919933319091797,0.0
1330,pop22,1,0.0004820823669433594,0.0
1330,pop21,1,0.0004711151123046875,0.0
1331,pop51,2,0.011807084083557129,0.011133790016174316
1331,pop29,3,0.0004944801330566406,2.1165160907390735e-05
1332,pop52,3,0.006929238637288411,0.008948399312161738
1332,pop12,4,0.0005298852920532227,4.776783318663732e-05
1332,pop51,1,0.0005755424499511719,0.0
1332,pop29,1,0.0005080699920654297,0.0
1333,pop10,5,0.006512212753295899,0.011843314979737653
1333,pop36,1,0.0006415843963623047,0.0
1333,pop51,1,0.0005338191986083984,0.0
1333,pop52,1,0.0005490779876708984,0.0
1333,pop50,1,0.0005223751068115234,0.0
1333,pop14,1,0.0004901885986328125,0.0
1334,pop16,2,0.010937690734863281,0.010298013687133789
1334,pop50,1,0.0005559921264648438,0.0
1334,pop55,2,0.010360121726989746,0.009894490242004395
1334,pop56,2,0.0005832910537719727,7.069110870361328e-05
1334,pop48,1,0.0006234645843505859,0.0
1334,pop30,1,0.0004506111145019531,0.0
1334,pop31,1,0.00047206878662109375,0.0
1335,pop51,3,0.007901748021443685,0.010314983612037252
1335,pop4,3,0.0005340576171875,2.8073386947406544e-05
1335,pop52,1,0.0005588531494140625,0.0
1336,pop10,5,0.006445503234863282,0.011630989674759201
1336,pop36,1,0.0005435943603515625,0.0
1336,pop51,1,0.00036716461181640625,0.0
1336,pop52,1,0.00052642822265625,0.0
1336,pop50,1,0.0004966259002685547,0.0
1336,pop17,1,0.0006313323974609375,0.0
1336,pop25,1,0.0004825592041015625,0.0
1337,pop16,2,0.01132500171661377,0.01066291332244873
1337,pop23,3,0.0006239414215087891,0.00014767729675122773
1337,pop21,1,0.0005087852478027344,0.0
1337,pop22,1,0.00048732757568359375,0.0
1337,pop51,1,0.0006003379821777344,0.0
1337,pop46,1,0.00046539306640625,0.0
1337,pop20,1,0.0004394054412841797,0.0
1338,pop51,4,0.0063620805740356445,0.009874175923157147
1338,pop52,1,0.0005440711975097656,0.0
1338,pop56,1,0.000476837158203125,0.0
1339,pop2,5,0.005431699752807617,0.009673902754500021
1339,pop56,1,0.0005540847778320312,0.0
1339,pop52,1,0.0006406307220458984,0.0
1339,pop3,1,0.0004889965057373047,0.0
1339,pop0,1,0.0004394054412841797,0.0
1340,pop36,5,0.006038475036621094,0.010860744872798369
1340,pop51,1,0.0005421638488769531,0.0
1340,pop52,1,0.0005171298980712891,0.0
1340,pop56,1,0.0006108283996582031,0.0
1341,pop16,4,0.005790889263153076,0.008937726058768804
1341,pop50,1,0.0005097389221191406,0.0
1341,pop52,1,0.0005495548248291016,0.0
1341,pop51,1,0.0005538463592529297,0.0
1341,pop29,1,0.0005040168762207031,0.0
1342,pop36,5,0.005824422836303711,0.01036620901529916
1342,pop51,1,0.0005445480346679688,0.0
1342,pop52,1,0.0005228519439697266,0.0
1342,pop50,1,0.0005490779876708984,0.0
1342,pop17,1,0.0004665851593017578,0.0
1342,pop25,1,0.00047016143798828125,0.0
1343,pop2,4,0.006425142288208008,0.010056243899437448
1343,pop56,1,0.0004856586456298828,0.0
1343,pop52,1,0.0005438327789306641,0.0
1343,pop51,1,0.0005459785461425781,0.0
1344,pop16,2,0.01087939739227295,0.010240435600280762
1344,pop50,1,0.0004973411560058594,0.0
1344,pop55,1,0.019227981567382812,0.0
1344,pop56,2,0.011803865432739258,0.01126861572265625
1344,pop48,3,0.007676283518473308,0.010179700279242533
1344,pop57,2,0.0005203485488891602,5.0902366638183594e-05
1345,pop36,4,0.021003305912017822,0.011779247633786107
1345,pop28,4,0.006591081619262695,0.010425884797951783
1345,pop51,1,0.0005199909210205078,0.0
1345,pop52,1,0.0005464553833007812,0.0
1345,pop48,1,0.00046896934509277344,0.0
1345,pop30,1,0.0004928112030029297,0.0
1345,pop31,1,0.00043773651123046875,0.0
1346,pop23,2,0.01100456714630127,0.010324597358703613
1346,pop21,1,0.0005490779876708984,0.0
1346,pop22,4,0.0005696415901184082,0.00012348487179787514
1346,pop51,1,0.0005576610565185547,0.0
1346,pop52,1,0.0005047321319580078,0.0
1346,pop50,1,0.0005259513854980469,0.0
1346,pop33,1,0.0004889965057373047,0.0
1346,pop32,1,0.00046706199645996094,0.0
1347,pop10,4,0.015700161457061768,0.015143651696639096
1347,pop11,2,0.01642787456512451,0.01591646671295166
1347,pop36,1,0.0005116462707519531,0.0
1347,pop51,1,0.000579833984375,0.0
1347,pop46,2,0.0006089210510253906,8.869171142578125e-05
1347,pop20,1,0.0004947185516357422,0.0
1348,pop51,5,0.0051972389221191405,0.009139782145572777
1348,pop52,1,0.000518798828125,0.0
1348,pop12,1,0.0004780292510986328,0.0
1349,pop23,2,0.011057376861572266,0.010384798049926758
1349,pop21,2,0.0004912614822387695,2.3245811462402344e-05
1349,pop22,4,0.0005294084548950195,1.6090604775963684e-05
1350,pop10,3,0.010425964991251627,0.013911043759475819
1350,pop11,4,0.0005081295967102051,4.095576496166553e-05
1350,pop36,1,0.0005252361297607422,0.0
1350,pop51,1,0.0005857944488525391,0.0
1350,pop29,1,0.00043892860412597656,0.0
1351,pop51,5,0.005242776870727539,0.009225324461655322
1351,pop52,1,0.0005362033843994141,0.0
1351,pop12,1,0.0004944801330566406,0.0
1352,pop10,5,0.006546926498413086,0.011926931271439099
1352,pop11,3,0.021457592646280926,0.014874249574038996
1352,pop5,2,0.01571476459503174,0.015212178230285645
1352,pop36,2,0.0006775856018066406,0.00012421607971191406
1352,pop51,1,0.0005478858947753906,0.0
1352,pop46,1,0.0005297660827636719,0.0
1352,pop20,1,0.0004858970642089844,0.0
1353,pop52,4,0.005747377872467041,0.008881052334547751
1353,pop51,1,0.0005292892456054688,0.0
1354,pop2,2,0.012752413749694824,0.01210010051727295
1354,pop56,1,0.0005068778991699219,0.0
1354,pop55,3,0.0005781650543212891,0.00013220863786463812
1354,pop50,1,0.0005066394805908203,0.0
1354,pop17,1,0.0005033016204833984,0.0
1354,pop25,1,0.0005478858947753906,0.0
1355,pop36,2,0.013983607292175293,0.013277411460876465
1355,pop28,3,0.0005728403727213541,7.466584078454796e-05
1355,pop51,1,0.0005519390106201172,0.0
1355,pop52,1,0.0005650520324707031,0.0
1355,pop3,1,0.0004773139953613281,0.0
1355,pop0,1,0.0004439353942871094,0.0
1356,pop36,2,0.013998627662658691,0.01333630084991455
1356,pop28,3,0.0005795955657958984,9.787965932926594e-05
1356,pop51,1,0.0005857944488525391,0.0
1356,pop52,1,0.0005929470062255859,0.0
1356,pop34,1,0.00045490264892578125,0.0
1356,pop35,1,0.0004944801330566406,0.0
1357,pop52,3,0.007472038269042969,0.009651903930479348
1357,pop3,4,0.0005721449851989746,0.00010751361182150475
1357,pop51,1,0.0006029605865478516,0.0
1357,pop22,1,0.0006244182586669922,0.0
1357,pop21,1,0.0004711151123046875,0.0
1358,pop16,3,0.007779439290364583,0.010184349734198989
1358,pop23,3,0.0005482037862141927,6.854201276501091e-05
1358,pop50,1,0.0005311965942382812,0.0
1358,pop26,1,0.0004444122314453125,0.0
1359,pop23,4,0.005889475345611572,0.009078067254831334
1359,pop24,1,0.0005252361297607422,0.0
1359,pop14,1,0.0004935264587402344,0.0
1360,pop51,3,0.00835887591044108,0.010910938723143014
1360,pop4,3,0.0005009969075520834,7.869819744858508e-06
1361,pop10,4,0.015581607818603516,0.015034288996654013
1361,pop11,3,0.0005001227060953776,2.9524354561870814e-05
1362,pop52,3,0.007336934407552083,0.009513984643454
1362,pop53,4,0.0005498528480529785,5.14084791764606e-05
1363,pop51,3,0.00809017817179362,0.010569385503960183
1363,pop4,4,0.0005745887756347656,6.804396910337539e-05
1363,pop52,1,0.0005729198455810547,0.0
1363,pop34,1,0.0004706382751464844,0.0
1363,pop35,1,0.0004639625549316406,0.0
1364,pop10,5,0.006371355056762696,0.011613517487550941
1364,pop36,1,0.0005202293395996094,0.0
1364,pop51,1,0.0006392002105712891,0.0
1364,pop29,1,0.00047969818115234375,0.0
1365,pop2,5,0.0052353858947753905,0.009378258726741778
1365,pop56,1,0.0005929470062255859,0.0
1366,pop16,5,0.0049670696258544925,0.00868203562147206
1366,pop50,1,0.0005130767822265625,0.0
1366,pop52,1,0.0005691051483154297,0.0
1366,pop51,1,0.0005474090576171875,0.0
1367,pop10,2,0.015646934509277344,0.015009403228759766
1367,pop36,2,0.0149000883102417,0.014371514320373535
1367,pop28,2,0.012550115585327148,0.01201629638671875
1367,pop51,2,0.0005735158920288086,3.4689903259277344e-05
1367,pop43,2,0.0006251335144042969,0.00014090538024902344
1367,pop9,1,0.0004329681396484375,0.0
1368,pop52,2,0.010962605476379395,0.01028144359588623
1368,pop34,3,0.0005125204722086588,3.683307700987627e-05
1368,pop35,1,0.00043702125549316406,0.0
1369,pop51,3,0.008332093556722006,0.010886631417586966
1369,pop29,4,0.0005634427070617676,0.00012918584535578733
1369,pop52,1,0.0005233287811279297,0.0
1369,pop50,1,0.0006413459777832031,0.0
1369,pop17,1,0.00047206878662109375,0.0
1369,pop25,1,0.0004444122314453125,0.0
1370,pop2,2,0.01279902458190918,0.012163162231445312
1370,pop56,4,0.0005149245262145996,1.9137732516189646e-05
1371,pop36,4,0.01468747854232788,0.014082694170256519
1371,pop10,2,0.0005888938903808594,8.296966552734375e-05
1371,pop51,1,0.0005791187286376953,0.0
1371,pop52,1,0.0005590915679931641,0.0
1371,pop34,1,0.0005049705505371094,0.0
1371,pop35,1,0.00047469139099121094,0.0
1372,pop10,4,0.008090972900390625,0.012988691241574231
1372,pop11,2,0.01617264747619629,0.015685319900512695
1372,pop5,3,0.0005718072255452474,0.00011521256972134789
1372,pop36,1,0.0006773471832275391,0.0
1372,pop51,1,0.0005826950073242188,0.0
1372,pop22,1,0.0005199909210205078,0.0
1372,pop21,1,0.0004839897155761719,0.0
1373,pop52,4,0.005761086940765381,0.008910197838977726
1374,pop2,5,0.005494117736816406,0.00973965747564856
1374,pop56,1,0.0004761219024658203,0.0
1374,pop52,1,0.0005438327789306641,0.0
1374,pop51,1,0.0005872249603271484,0.0
1374,pop9,1,0.0004923343658447266,0.0
1375,pop51,4,0.011955559253692627,0.011358742351128727
1375,pop43,2,0.0005499124526977539,4.5180320739746094e-05
1375,pop52,1,0.0005693435668945312,0.0
1375,pop12,1,0.00045371055603027344,0.0
1376,pop36,4,0.014418482780456543,0.013856817744315651
1376,pop10,3,0.0005539258321126302,6.767094170255152e-05
1376,pop51,1,0.0005297660827636719,0.0
1376,pop52,1,0.0005209445953369141,0.0
1376,pop56,1,0.0004928112030029297,0.0
1377,pop10,3,0.010250568389892578,0.013703397942334768
1377,pop11,4,0.0005214810371398926,3.857756093036276e-05
1377,pop36,1,0.0005497932434082031,0.0
1377,pop51,1,0.0005319118499755859,0.0
1377,pop29,1,0.0004913806915283203,0.0
1378,pop36,4,0.00738149881362915,0.011765034657059649
1378,pop10,1,0.0004763603210449219,0.0
1379,pop10,2,0.01581108570098877,0.015138030052185059
1379,pop36,1,0.0005311965942382812,0.0
1379,pop28,3,0.0005537668863932291,4.7310854870173375e-05
1379,pop51,1,0.0005342960357666016,0.0
1379,pop52,1,0.0005674362182617188,0.0
1380,pop36,2,0.014464378356933594,0.013791084289550781
1380,pop28,4,0.0005202293395996094,3.9090105706007126e-05
1380,pop51,1,0.0005033016204833984,0.0
1380,pop52,1,0.0005540847778320312,0.0
1380,pop12,1,0.0005326271057128906,0.0
1381,pop23,2,0.011106491088867188,0.010467290878295898
1381,pop21,3,0.0005375544230143229,2.523360288062439e-05
1381,pop22,1,0.0005116462707519531,0.0
1381,pop51,1,0.0005626678466796875,0.0
1382,pop36,2,0.014570832252502441,0.013885855674743652
1382,pop51,1,0.0005424022674560547,0.0
1382,pop43,1,0.025008440017700195,0.0
1382,pop42,2,0.008485674858093262,0.007978558540344238
1382,pop53,3,0.006694873174031575,0.008763790922648432
1382,pop1,2,0.0005775690078735352,0.00011837482452392578
1382,pop3,1,0.0004673004150390625,0.0
1382,pop0,1,0.0004849433898925781,0.0
1383,pop23,2,0.011246085166931152,0.010581374168395996
1383,pop24,3,0.0005100568135579427,4.588647576029711e-05
1383,pop14,1,0.00048232078552246094,0.0
1383,pop50,1,0.0005130767822265625,0.0
1383,pop26,1,0.00047516822814941406,0.0
1384,pop16,2,0.011056900024414062,0.010432958602905273
1384,pop23,4,0.0005987882614135742,9.98830870409228e-05
1384,pop21,1,0.0006353855133056641,0.0
1384,pop22,1,0.00048089027404785156,0.0
1384,pop51,1,0.0005056858062744141,0.0
1384,pop9,1,0.00047659873962402344,0.0
1385,pop10,4,0.008028268814086914,0.012756051257169106
1385,pop36,1,0.0005221366882324219,0.0
1385,pop51,1,0.0005736351013183594,0.0
1385,pop9,1,0.0005130767822265625,0.0
1386,pop52,5,0.004635143280029297,0.007988417267911984
1386,pop51,1,0.0005846023559570312,0.0
1386,pop9,1,0.0004801750183105469,0.0
1387,pop2,3,0.008816003799438477,0.01168162958237272
1387,pop49,3,0.0005702972412109375,5.837539866656409e-05
1387,pop56,1,0.00048279762268066406,0.0
1387,pop52,1,0.0005605220794677734,0.0
1387,pop3,1,0.0005025863647460938,0.0
1387,pop0,1,0.00047969818115234375,0.0
1388,pop10,4,0.008238077163696289,0.01329790290039978
1388,pop5,2,0.01607358455657959,0.015590548515319824
1388,pop11,3,0.0005595684051513672,0.00013036257570940606
1388,pop36,1,0.0004897117614746094,0.0
1388,pop51,1,0.0005850791931152344,0.0
1388,pop46,1,0.0005307197570800781,0.0
1388,pop45,1,0.0004825592041015625,0.0
1389,pop51,4,0.006534099578857422,0.010135857572038486
1389,pop52,1,0.000507354736328125,0.0
1389,pop50,1,0.0005321502685546875,0.0
1389,pop14,1,0.00045800209045410156,0.0
1390,pop23,4,0.005885183811187744,0.00904777341491889
1390,pop16,1,0.0004754066467285156,0.0
1390,pop50,1,0.0005540847778320312,0.0
1390,pop52,1,0.0005977153778076172,0.0
1390,pop48,1,0.0004761219024658203,0.0
1390,pop30,1,0.0004839897155761719,0.0
1390,pop31,1,0.0004754066467285156,0.0
1391,pop2,5,0.005569934844970703,0.009958584912959971
1391,pop56,1,0.00048351287841796875,0.0
1391,pop52,1,0.0005192756652832031,0.0
1391,pop50,1,0.000568389892578125,0.0
1391,pop26,1,0.0004649162292480469,0.0
1392,pop36,5,0.006296300888061523,0.011375596777869857
1392,pop51,1,0.0005469322204589844,0.0
1392,pop52,1,0.0005207061767578125,0.0
1392,pop34,1,0.000499725341796875,0.0
1392,pop35,1,0.0005025863647460938,0.0
1393,pop10,3,0.01069935162862142,0.014333313067510983
1393,pop5,4,0.0005134344100952148,2.8436101071520145e-05
1393,pop36,1,0.0005404949188232422,0.0
1393,pop51,1,0.0006051063537597656,0.0
1394,pop51,3,0.008061567942301432,0.010492008724929086
1394,pop29,4,0.000575721263885498,7.822734392340542e-05
1394,pop52,1,0.0005137920379638672,0.0
1394,pop34,1,0.0004832744598388672,0.0
1394,pop35,1,0.00044608116149902344,0.0
1395,pop36,5,0.011887168884277344,0.013827848821273832
1395,pop51,3,0.0006066163380940756,3.913616748314841e-05
1395,pop4,2,0.013100028038024902,0.012629866600036621
1396,pop16,5,0.004883384704589844,0.008596183164393057
1396,pop50,1,0.0005338191986083984,0.0
1396,pop33,1,0.00048661231994628906,0.0
1396,pop32,1,0.00044727325439453125,0.0
1397,pop36,2,0.014147758483886719,0.013499021530151367
1397,pop51,1,0.0005936622619628906,0.0
1397,pop43,2,0.013037681579589844,0.012564659118652344
1397,pop42,2,0.0005515813827514648,8.928775787353516e-05
1397,pop53,1,0.0004940032958984375,0.0
1397,pop7,1,0.0004971027374267578,0.0
1398,pop52,2,0.011203885078430176,0.010534882545471191
1398,pop53,4,0.00532078742980957,0.008274991944003659
1398,pop1,2,0.010019659996032715,0.009557604789733887
1398,pop50,1,0.0005307197570800781,0.0
1398,pop14,1,0.000446319580078125,0.0
1399,pop10,3,0.010790427525838217,0.014458970860381575
1399,pop11,4,0.0005442500114440918,0.00010717032814334464
1399,pop36,1,0.0005314350128173828,0.0
1399,pop51,1,0.0006761550903320312,0.0
1399,pop52,1,0.0005774497985839844,0.0
1399,pop48,1,0.0004737377166748047,0.0
1399,pop30,1,0.0004849433898925781,0.0
1399,pop31,1,0.0004520416259765625,0.0
1400,pop16,5,0.004989194869995117,0.008754835000117603
1400,pop50,1,0.0005052089691162109,0.0
1400,pop52,1,0.0005102157592773438,0.0
1400,pop51,1,0.0006804466247558594,0.0
1400,pop36,1,0.0005199909210205078,0.0
1400,pop10,1,0.0005044937133789062,0.0
1401,pop23,3,0.00764616330464681,0.010006003558545267
1401,pop21,3,0.00812061627705892,0.010811116244919042
1401,pop22,3,0.0005710919698079427,8.328884611515261e-05
1401,pop24,1,0.0005917549133300781,0.0
1401,pop14,1,0.0004942417144775391,0.0
1402,pop16,2,0.011670231819152832,0.011026978492736816
1402,pop23,1,0.0005252361297607422,0.0
1402,pop21,4,0.0005402565002441406,5.351952799115586e-05
1402,pop22,1,0.0005052089691162109,0.0
1402,pop51,1,0.0005249977111816406,0.0
1402,pop52,1,0.0005593299865722656,0.0
1403,pop2,5,0.005596303939819336,0.010067267541584459
1403,pop56,1,0.0005300045013427734,0.0
1403,pop52,1,0.0005574226379394531,0.0
1404,pop10,5,0.006834888458251953,0.012457930376724994
1404,pop36,1,0.0005295276641845703,0.0
1404,pop51,1,0.0005643367767333984,0.0
1404,pop9,1,0.0004467964172363281,0.0
1405,pop23,2,0.011278629302978516,0.010618448257446289
1405,pop21,4,0.0005633831024169922,8.103040459724407e-05
1405,pop22,1,0.00051116943359375,0.0
1405,pop51,1,0.0005323886871337891,0.0
1405,pop52,1,0.0005221366882324219,0.0
1405,pop56,1,0.0005173683166503906,0.0
1406,pop2,2,0.013238310813903809,0.012584090232849121
1406,pop56,3,0.0005699793497721354,0.0001020019835418788
1406,pop52,1,0.0005214214324951172,0.0
1406,pop3,1,0.0005059242248535156,0.0
1406,pop0,1,0.0004429817199707031,0.0
1407,pop2,2,0.01273643970489502,0.012102007865905762
1407,pop56,2,0.012094378471374512,0.011592745780944824
1407,pop48,2,0.0006276369094848633,0.00016129016876220703
1407,pop52,1,0.0005395412445068359,0.0
1407,pop51,1,0.0004992485046386719,0.0
1407,pop46,1,0.0005109310150146484,0.0
1407,pop20,1,0.000453948974609375,0.0
1408,pop52,3,0.007451454798380534,0.00970644133230701
1408,pop12,4,0.0005285739898681641,5.643272580406487e-05
1408,pop51,1,0.0005741119384765625,0.0
1408,pop29,1,0.00045752525329589844,0.0
1409,pop51,4,0.006413936614990234,0.009940428635147705
1409,pop52,1,0.0005433559417724609,0.0
1409,pop50,1,0.0005257129669189453,0.0
1409,pop26,1,0.0004534721374511719,0.0
1410,pop52,2,0.010951042175292969,0.010273218154907227
1410,pop48,2,0.011625170707702637,0.011139750480651855
1410,pop30,2,0.0005245208740234375,1.4543533325195312e-05
1410,pop31,1,0.00045800209045410156,0.0
1411,pop23,5,0.004730367660522461,0.008237739040392295
1411,pop21,1,0.00047850608825683594,0.0
1411,pop22,1,0.000514984130859375,0.0
1411,pop51,1,0.0006587505340576172,0.0
1411,pop29,1,0.0004980564117431641,0.0
1412,pop51,3,0.00863043467203776,0.011372131170614721
1412,pop46,3,0.0005769729614257812,0.00010391622672422374
1412,pop52,1,0.000545501708984375,0.0
1412,pop53,1,0.0004999637603759766,0.0
1412,pop7,1,0.0005230903625488281,0.0
1413,pop36,2,0.015032649040222168,0.014358878135681152
1413,pop51,1,0.0005397796630859375,0.0
1413,pop46,1,0.024507999420166016,0.0
1413,pop45,2,0.010991334915161133,0.010503053665161133
1413,pop44,2,0.0005499124526977539,8.118152618408203e-05
1413,pop27,1,0.0005109310150146484,0.0
1413,pop14,1,0.00048232078552246094,0.0
1413,pop50,1,0.0005357265472412109,0.0
1413,pop52,1,0.0005481243133544922,0.0
1414,pop52,2,0.011263012886047363,0.010573506355285645
1414,pop48,4,0.0005061626434326172,4.250074494805822e-05
1414,pop30,1,0.0004940032958984375,0.0
1414,pop31,1,0.0005738735198974609,0.0
1415,pop51,2,0.012609124183654785,0.011900782585144043
1415,pop46,4,0.0005780458450317383,0.0001097218387167534
1415,pop45,1,0.0004589557647705078,0.0
1415,pop44,1,0.0004665851593017578,0.0
1415,pop27,1,0.0004928112030029297,0.0
1415,pop25,1,0.00047969818115234375,0.0
1416,pop2,5,0.005659151077270508,0.010094268041822133
1416,pop56,1,0.0004820823669433594,0.0
1416,pop52,1,0.000530242919921875,0.0
1416,pop51,1,0.0005452632904052734,0.0
1416,pop36,1,0.0005452632904052734,0.0
1416,pop10,1,0.0004956722259521484,0.0
1417,pop52,5,0.004912710189819336,0.008538083479224337
1417,pop51,1,0.0005257129669189453,0.0
1417,pop29,1,0.0004544258117675781,0.0
1418,pop2,3,0.008904616038004557,0.01181207474920057
1418,pop49,3,0.0005630652109781901,7.282619854169612e-05
1418,pop56,1,0.0004954338073730469,0.0
1418,pop52,1,0.0005502700805664062,0.0
1418,pop3,1,0.0005087852478027344,0.0
1418,pop0,1,0.0005931854248046875,0.0
1419,pop16,2,0.011297106742858887,0.010666728019714355
1419,pop23,1,0.0005202293395996094,0.0
1419,pop24,4,0.0005144476890563965,2.3747121824542914e-05
1419,pop14,1,0.00047326087951660156,0.0
1420,pop10,2,0.015758633613586426,0.0151139497756958
1420,pop36,4,0.0006101727485656738,9.717178721335811e-05
1420,pop51,1,0.0005450248718261719,0.0
1420,pop52,1,0.0005397796630859375,0.0
1420,pop48,1,0.0004956722259521484,0.0
1420,pop30,1,0.0004801750183105469,0.0
1420,pop31,1,0.00043773651123046875,0.0
1421,pop51,4,0.006390929222106934,0.009984314832203784
1421,pop4,2,0.013463616371154785,0.012851595878601074
1421,pop29,3,0.0005764961242675781,7.199635806547395e-05
1421,pop36,1,0.0005292892456054688,0.0
1421,pop10,1,0.0005133152008056641,0.0
1422,pop52,4,0.006034433841705322,0.00928500584617847
1422,pop50,1,0.000518798828125,0.0
1422,pop14,1,0.0004928112030029297,0.0
1423,pop51,3,0.008710384368896484,0.011449221575594954
1423,pop4,3,0.0005667209625244141,5.707058883084309e-05
1423,pop46,1,0.0005042552947998047,0.0
1423,pop45,1,0.00045108795166015625,0.0
1424,pop23,2,0.011435985565185547,0.010800361633300781
1424,pop16,4,0.0005607008934020996,7.100359371415619e-05
1424,pop50,1,0.0005137920379638672,0.0
1424,pop53,1,0.0004968643188476562,0.0
1424,pop7,1,0.0004456043243408203,0.0
1425,pop10,5,0.006899499893188476,0.012581686413851207
1425,pop36,1,0.0005950927734375,0.0
1425,pop51,1,0.0005764961242675781,0.0
1425,pop52,1,0.0005090236663818359,0.0
1425,pop50,1,0.0005199909210205078,0.0
1425,pop26,1,0.000484466552734375,0.0
1426,pop36,2,0.015162825584411621,0.014475703239440918
1426,pop28,4,0.0005193352699279785,3.7888071161547026e-05
1426,pop51,1,0.0005750656127929688,0.0
1426,pop29,1,0.0004687309265136719,0.0
1427,pop10,5,0.006943702697753906,0.012612622338174326
1427,pop36,1,0.000545501708984375,0.0
1427,pop51,1,0.0005409717559814453,0.0
1427,pop52,1,0.00058746337890625,0.0
1427,pop34,1,0.00046825408935546875,0.0
1427,pop35,1,0.0004265308380126953,0.0
1428,pop2,3,0.009102900822957357,0.01203658342656009
1428,pop49,4,0.0005053877830505371,2.982490399287801e-05
1428,pop56,1,0.00047206878662109375,0.0
1428,pop52,1,0.0005462169647216797,0.0
1429,pop52,3,0.007638295491536458,0.009931009620211644
1429,pop34,3,0.0005539258321126302,7.126451463786791e-05
1429,pop51,1,0.0005517005920410156,0.0
1429,pop29,1,0.0006051063537597656,0.0
1430,pop51,5,0.00523843765258789,0.00928360174534399
1430,pop52,1,0.0005538463592529297,0.0
1431,pop16,5,0.00501718521118164,0.008797306909219831
1431,pop50,1,0.0005395412445068359,0.0
1431,pop17,1,0.0004582405090332031,0.0
1431,pop25,1,0.00046181678771972656,0.0
1432,pop10,3,0.010801951090494791,0.014446078980069865
1432,pop11,4,0.0005678534507751465,8.003647692216745e-05
1432,pop36,1,0.0006902217864990234,0.0
1432,pop51,1,0.0005457401275634766,0.0
1432,pop52,1,0.0005779266357421875,0.0
1432,pop48,1,0.0005104541778564453,0.0
1432,pop30,1,0.0004851818084716797,0.0
1432,pop31,1,0.00048351287841796875,0.0
1433,pop52,3,0.007556597391764323,0.009811319048033196
1433,pop34,3,0.0006200472513834635,9.636168627025327e-05
1433,pop51,1,0.0005059242248535156,0.0
1433,pop46,1,0.0004811286926269531,0.0
1433,pop45,1,0.0005319118499755859,0.0
1434,pop51,3,0.008437554041544596,0.011046015110990228
1434,pop29,4,0.0005379319190979004,8.213517887325583e-05
1434,pop46,1,0.0005147457122802734,0.0
1434,pop45,1,0.0005750656127929688,0.0
1435,pop23,2,0.011431694030761719,0.010758161544799805
1435,pop24,4,0.0005042552947998047,2.810458551162706e-05
1435,pop14,1,0.0005097389221191406,0.0
1436,pop10,3,0.011082331339518229,0.01484020216292988
1436,pop11,4,0.0005501508712768555,9.653472287526915e-05
1436,pop36,1,0.0005450248718261719,0.0
1436,pop51,1,0.0005755424499511719,0.0
1436,pop52,1,0.0005345344543457031,0.0
1436,pop3,1,0.0005269050598144531,0.0
1436,pop0,1,0.00044465065002441406,0.0
1437,pop51,5,0.005481100082397461,0.009753478165339011
1437,pop29,2,0.013608694076538086,0.013036489486694336
1437,pop4,1,0.02670121192932129,0.0
1437,pop43,2,0.0005663633346557617,6.592273712158203e-05
1437,pop52,1,0.0005958080291748047,0.0
1437,pop56,1,0.00047397613525390625,0.0
1438,pop51,3,0.008839289347330729,0.011556242740707831
1438,pop43,5,0.01049509048461914,0.012138058182818042
1438,pop42,3,0.011162122090657553,0.00753626034411934
1438,pop22,1,0.0005404949188232422,0.0
1438,pop21,1,0.0004661083221435547,0.0
1439,pop16,5,0.005081653594970703,0.008903049472591237
1439,pop50,1,0.0005109310150146484,0.0
1439,pop17,1,0.0004932880401611328,0.0
1439,pop25,1,0.0004520416259765625,0.0
1440,pop51,2,0.012389659881591797,0.011725664138793945
1440,pop43,3,0.01779826482137044,0.012248553172826547
1440,pop42,3,0.011310100555419922,0.007662315843120293
1440,pop53,2,0.00977027416229248,0.00924837589263916
1440,pop47,2,0.000582575798034668,7.784366607666016e-05
1440,pop52,1,0.0005786418914794922,0.0
1440,pop56,1,0.00049591064453125,0.0
1441,pop51,2,0.012470006942749023,0.011801958084106445
1441,pop43,2,0.025968551635742188,3.7670135498046875e-05
1441,pop42,5,0.003733539581298828,0.006365395558875852
1441,pop53,1,0.0005071163177490234,0.0
1441,pop50,1,0.0005648136138916016,0.0
1441,pop33,1,0.0004858970642089844,0.0
1441,pop32,1,0.0004665851593017578,0.0
1442,pop36,2,0.01485586166381836,0.01417684555053711
1442,pop28,3,0.0005962053934733073,0.00012359442737416753
1442,pop51,1,0.0005705356597900391,0.0
1442,pop9,1,0.000457763671875,0.0
1443,pop51,4,0.01275092363357544,0.01213531680111782
1443,pop4,3,0.0005236466725667318,4.392139330603951e-05
1443,pop52,1,0.0005555152893066406,0.0
1444,pop2,4,0.007105231285095215,0.011222014527272301
1444,pop56,1,0.0006113052368164062,0.0
1444,pop52,1,0.0005681514739990234,0.0
1444,pop3,1,0.000476837158203125,0.0
1444,pop0,1,0.0004680156707763672,0.0
1445,pop36,2,0.015353798866271973,0.014667630195617676
1445,pop51,2,0.0005981922149658203,3.552436828613281e-05
1445,pop4,1,0.026560068130493164,0.0
1445,pop43,2,0.013606667518615723,0.013082385063171387
1445,pop42,1,0.01703786849975586,0.0
1445,pop53,2,0.0005445480346679688,6.270408630371094e-05
1445,pop52,1,0.0005319118499755859,0.0
1446,pop51,5,0.0054724693298339845,0.009770997234252465
1446,pop4,2,0.013580083847045898,0.013100147247314453
1446,pop43,1,0.026781797409057617,0.0
1446,pop29,2,0.0006372928619384766,0.0001385211944580078
1446,pop9,1,0.0004334449768066406,0.0
1447,pop52,5,0.004985380172729492,0.00869769536074456
1447,pop51,1,0.0005781650543212891,0.0
1447,pop36,1,0.0004973411560058594,0.0
1447,pop10,1,0.0006165504455566406,0.0
1448,pop23,5,0.004966115951538086,0.008683720377239605
1448,pop16,1,0.000629425048828125,0.0
1448,pop50,1,0.0005383491516113281,0.0
1448,pop55,1,0.000492095947265625,0.0
1448,pop56,1,0.0004961490631103516,0.0
1449,pop10,3,0.010783831278483072,0.014434270611315895
1449,pop5,3,0.0005052884419759115,2.5543323854878647e-05
1449,pop36,1,0.0005326271057128906,0.0
1449,pop51,1,0.0006306171417236328,0.0
1450,pop52,5,0.004892396926879883,0.008459663630322052
1450,pop51,1,0.0006189346313476562,0.0
1450,pop46,1,0.0004696846008300781,0.0
1450,pop20,1,0.00045871734619140625,0.0
1451,pop52,2,0.011311769485473633,0.0106048583984375
1451,pop53,3,0.0006098747253417969,1.5165370839871646e-05
1451,pop7,1,0.0004863739013671875,0.0
1452,pop52,2,0.011134624481201172,0.010456085205078125
1452,pop56,3,0.0005168120066324869,3.212512800122537e-06
1453,pop51,4,0.0068839192390441895,0.010777272201554357
1453,pop36,1,0.0005357265472412109,0.0
1453,pop10,1,0.0004894733428955078,0.0
1454,pop16,2,0.012140393257141113,0.0114973783493042
1454,pop50,4,0.0005760788917541504,5.955249770224822e-05
1454,pop53,1,0.000499725341796875,0.0
1454,pop7,1,0.00048613548278808594,0.0
1455,pop52,4,0.00615382194519043,0.009587530345646494
1455,pop12,2,0.012230396270751953,0.011728763580322266
1455,pop34,2,0.012369155883789062,0.011890172958374023
1455,pop35,2,0.0006086826324462891,0.00012040138244628906
1455,pop51,1,0.0006039142608642578,0.0
1455,pop36,1,0.0005280971527099609,0.0
1455,pop10,1,0.0005316734313964844,0.0
1456,pop10,5,0.007052135467529297,0.012904840521850366
1456,pop36,1,0.0006344318389892578,0.0
1456,pop51,1,0.0005476474761962891,0.0
1456,pop52,1,0.0005624294281005859,0.0
1456,pop50,1,0.0005049705505371094,0.0
1456,pop14,1,0.00049591064453125,0.0
1457,pop16,5,0.005152559280395508,0.00908203290359813
1457,pop50,1,0.0005147457122802734,0.0
1457,pop52,1,0.0005514621734619141,0.0
1457,pop12,1,0.0004775524139404297,0.0
1458,pop52,4,0.006106972694396973,0.009472945415575088
1458,pop12,2,0.012295246124267578,0.011826038360595703
1458,pop3,2,0.011317968368530273,0.010807037353515625
1458,pop53,2,0.00988781452178955,0.009411931037902832
1458,pop1,2,0.0006229877471923828,0.0001246929168701172
1458,pop56,1,0.0005047321319580078,0.0
1459,pop10,5,0.007037019729614258,0.012828725958480032
1459,pop36,1,0.0005462169647216797,0.0
1459,pop51,1,0.0005464553833007812,0.0
1459,pop52,1,0.0005917549133300781,0.0
1459,pop56,1,0.0004851818084716797,0.0
1460,pop16,4,0.006318151950836182,0.009894869472081017
1460,pop50,1,0.0006375312805175781,0.0
1460,pop35,1,0.00048232078552246094,0.0
1461,pop2,2,0.013092875480651855,0.012453675270080566
1461,pop56,1,0.0005354881286621094,0.0
1461,pop55,2,0.010252714157104492,0.009731054306030273
1461,pop50,1,0.0005631446838378906,0.0
1461,pop26,2,0.00047266483306884766,7.510185241699219e-06
1462,pop36,5,0.00635371208190918,0.011432654238914746
1462,pop51,1,0.0005939006805419922,0.0
1462,pop22,1,0.0005147457122802734,0.0
1462,pop21,1,0.00047707557678222656,0.0
1463,pop23,2,0.011211872100830078,0.010555505752563477
1463,pop21,4,0.0005559921264648438,9.943298220916182e-05
1463,pop22,1,0.0005137920379638672,0.0
1463,pop51,1,0.0006215572357177734,0.0
1463,pop52,1,0.0005757808685302734,0.0
1463,pop48,1,0.0005164146423339844,0.0
1463,pop30,1,0.0004870891571044922,0.0
1463,pop31,1,0.0005955696105957031,0.0
1464,pop36,5,0.0066029071807861325,0.01191626239952928
1464,pop51,1,0.0005426406860351562,0.0
1464,pop52,1,0.0005242824554443359,0.0
1464,pop3,1,0.0005085468292236328,0.0
1464,pop0,1,0.0004458427429199219,0.0
1465,pop52,2,0.011850357055664062,0.011150598526000977
1465,pop34,2,0.011934161186218262,0.011446833610534668
1465,pop35,2,0.0005353689193725586,6.973743438720703e-05
1465,pop50,1,0.00054168701171875,0.0
1465,pop26,1,0.0005116462707519531,0.0
1466,pop16,2,0.012021780014038086,0.011371135711669922
1466,pop23,1,0.0006520748138427734,0.0
1466,pop21,4,0.012926995754241943,0.01233492407662619
1466,pop22,3,0.009061018625895182,0.011891705223790015
1466,pop51,1,0.0006003379821777344,0.0
1466,pop36,1,0.0006308555603027344,0.0
1466,pop10,1,0.0005822181701660156,0.0
1467,pop23,2,0.011562943458557129,0.010886073112487793
1467,pop24,2,0.010050177574157715,0.009513497352600098
1467,pop14,2,0.0006232261657714844,9.799003601074219e-05
1467,pop50,1,0.0005130767822265625,0.0
1467,pop33,1,0.0005900859832763672,0.0
1467,pop32,1,0.0004909038543701172,0.0
1468,pop51,2,0.012144923210144043,0.011430621147155762
1468,pop29,4,0.0005021095275878906,2.0618038411802244e-05
1469,pop2,5,0.005832815170288086,0.010455308270224086
1469,pop56,1,0.0005009174346923828,0.0
1469,pop52,1,0.0006618499755859375,0.0
1469,pop50,1,0.0005550384521484375,0.0
1469,pop26,1,0.0004832744598388672,0.0
1470,pop52,3,0.0076647599538167315,0.009955981981946967
1470,pop34,4,0.0005992650985717773,0.0001262428627696565
1470,pop51,1,0.0005805492401123047,0.0
1470,pop22,1,0.0005524158477783203,0.0
1470,pop21,1,0.0004897117614746094,0.0
1471,pop23,3,0.007884820302327475,0.010315903089441898
1471,pop24,3,0.0005266666412353516,1.578731908521381e-05
1471,pop21,1,0.000499725341796875,0.0
1472,pop2,4,0.013352155685424805,0.012779763086539516
1472,pop49,2,0.01435697078704834,0.013845324516296387
1472,pop56,1,0.024805545806884766,0.0
1472,pop55,2,0.0005036592483520508,3.254413604736328e-05
1472,pop50,1,0.0006709098815917969,0.0
1472,pop26,1,0.00040411949157714844,0.0
1473,pop10,3,0.01149590810139974,0.015417060509173814
1473,pop11,3,0.00054168701171875,8.292123689293131e-05
1473,pop36,1,0.00054168701171875,0.0
1473,pop51,1,0.0005273818969726562,0.0
1473,pop52,1,0.0005810260772705078,0.0
1473,pop3,1,0.00045871734619140625,0.0
1473,pop0,1,0.0005013942718505859,0.0
1474,pop16,5,0.0052741050720214845,0.009285145334484355
1474,pop50,1,0.0005316734313964844,0.0
1474,pop52,1,0.0005321502685546875,0.0
1474,pop48,1,0.0004749298095703125,0.0
1474,pop30,1,0.000514984130859375,0.0
1474,pop31,1,0.0004665851593017578,0.0
1475,pop51,5,0.005688190460205078,0.010111759448171732
1475,pop52,1,0.0005371570587158203,0.0
1476,pop23,2,0.011341691017150879,0.010697484016418457
1476,pop21,1,0.0004937648773193359,0.0
1476,pop22,2,0.013551592826843262,0.013058304786682129
1476,pop51,3,0.0005815029144287109,1.7423597571376834e-05
1476,pop4,2,0.013442516326904297,0.012966632843017578
1476,pop29,2,0.0005666017532348633,5.829334259033203e-05
1476,pop52,1,0.0006859302520751953,0.0
1476,pop56,1,0.00048279762268066406,0.0
1477,pop36,2,0.01535952091217041,0.01470935344696045
1477,pop28,2,0.01367175579071045,0.013205170631408691
1477,pop51,2,0.0006229877471923828,4.7206878662109375e-05
1477,pop4,3,0.0005156993865966797,2.852865351272382e-05
1478,pop10,4,0.008828461170196533,0.014276730176704246
1478,pop36,1,0.0005214214324951172,0.0
1478,pop51,1,0.0005550384521484375,0.0
1478,pop52,1,0.0005598068237304688,0.0
1478,pop12,1,0.0004951953887939453,0.0
1479,pop36,2,0.015553474426269531,0.014867305755615234
1479,pop28,2,0.013185739517211914,0.012686729431152344
1479,pop51,3,0.0005404154459635416,3.608680454625203e-05
1479,pop4,1,0.027355432510375977,0.0
1479,pop29,2,0.0005227327346801758,1.8477439880371094e-05
1480,pop10,3,0.011575937271118164,0.015549140554924554
1480,pop5,4,0.0006039142608642578,0.00011981452840203796
1480,pop36,1,0.000484466552734375,0.0
1480,pop51,1,0.0005674362182617188,0.0
1480,pop22,1,0.0005383491516113281,0.0
1480,pop21,1,0.0005640983581542969,0.0
1481,pop52,5,0.005161952972412109,0.009002098105497907
1481,pop34,1,0.0004863739013671875,0.0
1481,pop35,1,0.00048613548278808594,0.0
1482,pop36,4,0.0081634521484375,0.013063554658382883
1482,pop51,1,0.0005636215209960938,0.0
1482,pop29,1,0.0004475116729736328,0.0
1483,pop2,5,0.005596685409545899,0.00998641354507601
1483,pop56,1,0.0005135536193847656,0.0
1483,pop52,1,0.0005784034729003906,0.0
1483,pop50,1,0.0005548000335693359,0.0
1483,pop33,1,0.0005085468292236328,0.0
1483,pop32,1,0.0004878044128417969,0.0
1484,pop23,5,0.004940938949584961,0.00865455793919506
1484,pop24,1,0.0005140304565429688,0.0
1484,pop14,1,0.0005059242248535156,0.0
1484,pop27,1,0.00046825408935546875,0.0
1484,pop44,1,0.0005218982696533203,0.0
1484,pop45,1,0.0004513263702392578,0.0
1485,pop36,4,0.00791323184967041,0.012658796731681767
1485,pop51,1,0.0005369186401367188,0.0
1486,pop23,3,0.007833162943522135,0.010240875475713037
1486,pop24,4,0.0005509257316589355,7.465878517016412e-05
1486,pop21,1,0.0004975795745849609,0.0
1486,pop22,1,0.0005118846893310547,0.0
1486,pop51,1,0.0005400180816650391,0.0
1486,pop29,1,0.00044989585876464844,0.0
1487,pop16,5,0.005209875106811523,0.009249480470159827
1487,pop50,1,0.0005457401275634766,0.0
1487,pop52,1,0.0005981922149658203,0.0
1487,pop51,1,0.0005505084991455078,0.0
1488,pop10,4,0.008821725845336914,0.014320510055379836
1488,pop5,2,0.01777350902557373,0.017260193824768066
1488,pop11,3,0.0005044142405192057,1.7827092834092404e-05
1488,pop36,1,0.0006222724914550781,0.0
1488,pop51,1,0.0006597042083740234,0.0
1489,pop36,2,0.01569366455078125,0.015010595321655273
1489,pop51,4,0.0005424618721008301,2.636729209680336e-05
1489,pop4,2,0.013944149017333984,0.013442277908325195
1489,pop29,2,0.014010429382324219,0.01349949836730957
1489,pop43,2,0.0006377696990966797,0.0001289844512939453
1489,pop52,1,0.0006020069122314453,0.0
1489,pop50,1,0.0005252361297607422,0.0
1489,pop33,1,0.0004863739013671875,0.0
1490,pop51,4,0.007044553756713867,0.01104859503075865
1490,pop52,1,0.0005440711975097656,0.0
1491,pop52,2,0.01190805435180664,0.011195659637451172
1491,pop48,4,0.0005693435668945312,4.112495886156752e-05
1491,pop30,1,0.0004589557647705078,0.0
1491,pop31,1,0.000476837158203125,0.0
1492,pop2,2,0.01396191120147705,0.013312458992004395
1492,pop56,4,0.0005416274070739746,5.758225162323368e-05
1492,pop52,1,0.0005862712860107422,0.0
1492,pop51,1,0.0005333423614501953,0.0
1492,pop29,1,0.0005350112915039062,0.0
1493,pop10,3,0.011676867802937826,0.0157151590599677
1493,pop5,3,0.0005791187286376953,8.20353950790071e-05
1493,pop36,1,0.0006661415100097656,0.0
1493,pop51,1,0.0005741119384765625,0.0
1493,pop46,1,0.0004987716674804688,0.0
1493,pop45,1,0.0004718303680419922,0.0
1494,pop2,2,0.013210654258728027,0.01257789134979248
1494,pop56,2,0.01278984546661377,0.012270331382751465
1494,pop55,3,0.0005572636922200521,7.454164490749343e-05
1494,pop50,1,0.0005536079406738281,0.0
1494,pop52,1,0.0005278587341308594,0.0
1494,pop51,1,0.0005319118499755859,0.0
1495,pop16,5,0.005162954330444336,0.00897754853064955
1495,pop50,1,0.0005254745483398438,0.0
1495,pop52,1,0.0005872249603271484,0.0
1495,pop51,1,0.0006089210510253906,0.0
1496,pop51,2,0.012955784797668457,0.012251734733581543
1496,pop46,4,0.0005611777305603027,9.180266676563462e-05
1496,pop20,1,0.0004870891571044922,0.0
1497,pop10,5,0.007240819931030274,0.013265151934845067
1497,pop36,1,0.0005688667297363281,0.0
1497,pop51,1,0.0005688667297363281,0.0
1497,pop52,1,0.0005595684051513672,0.0
1497,pop50,1,0.0005435943603515625,0.0
1497,pop33,1,0.0004787445068359375,0.0
1497,pop32,1,0.0005784034729003906,0.0
1498,pop16,2,0.012289643287658691,0.011613011360168457
1498,pop50,4,0.0005635619163513184,3.4654193782338914e-05
1498,pop52,1,0.0005345344543457031,0.0
1499,pop23,2,0.011984586715698242,0.01127004623413086
1499,pop21,1,0.0005180835723876953,0.0
1499,pop22,3,0.0005342960357666016,1.7534169635652088e-05
1499,pop51,1,0.0006594657897949219,0.0
1500,pop10,4,0.008839845657348633,0.01435211218515208
1500,pop11,3,0.012163162231445312,0.016516508399774244
1500,pop5,2,0.0005453824996948242,6.92605972290039e-05
1501,pop36,5,0.006722545623779297,0.012172318700562127
1501,pop51,1,0.0005104541778564453,0.0
1501,pop52,1,0.0005593299865722656,0.0
1501,pop50,1,0.0005028247833251953,0.0
1501,pop17,1,0.0005137920379638672,0.0
1502,pop52,5,0.005092191696166992,0.008903674425219022
1502,pop51,1,0.0005357265472412109,0.0
1502,pop36,1,0.0005621910095214844,0.0
1502,pop10,1,0.0004622936248779297,0.0
1503,pop10,4,0.008986413478851318,0.014472236136961794
1503,pop36,1,0.00047087669372558594,0.0
1503,pop51,1,0.0005571842193603516,0.0
1503,pop46,1,0.0006036758422851562,0.0
1503,pop45,1,0.000484466552734375,0.0
1504,pop52,3,0.007951021194458008,0.0102764323743551
1504,pop12,2,0.012061476707458496,0.011542677879333496
1504,pop34,2,0.012749910354614258,0.012134313583374023
1504,pop35,2,0.0006278753280639648,0.00010716915130615234
1504,pop50,1,0.0005383491516113281,0.0
1505,pop2,3,0.009046157201131185,0.011962656702886485
1505,pop49,2,0.014651060104370117,0.014112472534179688
1505,pop56,2,0.0006139278411865234,0.00013065338134765625
1505,pop52,1,0.0005691051483154297,0.0
1505,pop51,1,0.0005440711975097656,0.0
1506,pop36,2,0.015565752983093262,0.014879107475280762
1506,pop28,3,0.0005244414011637369,3.445696118072904e-05
1506,pop51,1,0.0005443096160888672,0.0
1506,pop52,1,0.0005235671997070312,0.0
1507,pop10,2,0.016648530960083008,0.016000032424926758
1507,pop36,1,0.0005469322204589844,0.0
1507,pop28,1,0.027652740478515625,0.0
1507,pop51,3,0.0005474885304768881,5.673271273795683e-06
1507,pop29,2,0.01393747329711914,0.01344442367553711
1508,pop51,5,0.0054375648498535155,0.009680447433546051
1509,pop36,5,0.006713485717773438,0.012180428740484793
1509,pop28,2,0.013628363609313965,0.013093352317810059
1509,pop51,1,0.0005433559417724609,0.0
1509,pop52,1,0.0005106925964355469,0.0
1509,pop34,1,0.0005056858062744141,0.0
1510,pop10,4,0.009061574935913086,0.014506942294190464
1510,pop36,1,0.0005557537078857422,0.0
1510,pop51,1,0.0005383491516113281,0.0
1510,pop9,1,0.00043582916259765625,0.0
1511,pop16,2,0.012328267097473145,0.011653542518615723
1511,pop23,4,0.0006185173988342285,0.00011275464389793157
1511,pop21,1,0.0005044937133789062,0.0
1511,pop22,1,0.0004971027374267578,0.0
1512,pop36,2,0.015989065170288086,0.015308141708374023
1512,pop28,4,0.0005328655242919922,0.00011531266839287964
1512,pop51,1,0.0005824565887451172,0.0
1512,pop52,1,0.0005583763122558594,0.0
1513,pop23,3,0.015738248825073242,0.010652978985467599
1513,pop24,2,0.0005369186401367188,3.314018249511719e-05
1513,pop14,1,0.0005285739898681641,0.0
1514,pop16,5,0.005331897735595703,0.009424832857752263
1514,pop50,1,0.0005245208740234375,0.0
1515,pop36,2,0.016057610511779785,0.015367627143859863
1515,pop28,3,0.0005837281545003256,0.00010163761625037295
1515,pop51,1,0.0005779266357421875,0.0
1515,pop52,1,0.0005152225494384766,0.0
1515,pop50,1,0.0005259513854980469,0.0
1515,pop14,1,0.0004894733428955078,0.0
1516,pop2,5,0.005980300903320313,0.01067270182147264
1516,pop56,1,0.0004892349243164062,0.0
1516,pop52,1,0.0006601810455322266,0.0
1516,pop50,1,0.0005950927734375,0.0
1516,pop33,1,0.0005013942718505859,0.0
1517,pop2,5,0.005917119979858399,0.010698412632141103
1517,pop56,1,0.00052642822265625,0.0
1517,pop52,1,0.000568389892578125,0.0
1517,pop51,1,0.0005979537963867188,0.0
1518,pop51,5,0.005497598648071289,0.00968926190319691
1518,pop52,1,0.0005640983581542969,0.0
1518,pop53,1,0.0004782676696777344,0.0
1518,pop7,1,0.0004904270172119141,0.0
1519,pop52,2,0.011605143547058105,0.010921359062194824
1519,pop56,3,0.008804003397623697,0.011745884682880578
1519,pop48,2,0.0005147457122802734,4.076957702636719e-05
1520,pop23,2,0.011382460594177246,0.010721564292907715
1520,pop21,4,0.0005596280097961426,6.495481627990507e-05
1520,pop22,1,0.0004863739013671875,0.0
1521,pop16,4,0.006555378437042236,0.010262158149874955
1521,pop50,1,0.0005552768707275391,0.0
1522,pop16,2,0.012510895729064941,0.011838793754577637
1522,pop23,1,0.0005054473876953125,0.0
1522,pop21,2,0.013298511505126953,0.01274561882019043
1522,pop22,3,0.0006203651428222656,0.00015679606510041923
1523,pop2,2,0.014152884483337402,0.013506293296813965
1523,pop56,2,0.01234579086303711,0.011834144592285156
1523,pop55,2,0.010591268539428711,0.010102033615112305
1523,pop50,2,0.0005675554275512695,4.5180320739746094e-05
1524,pop10,4,0.009015083312988281,0.014536361867750975
1524,pop36,1,0.0005102157592773438,0.0
1524,pop51,1,0.0005831718444824219,0.0
1524,pop52,1,0.0005576610565185547,0.0
1525,pop10,4,0.017280101776123047,0.016724770274725152
1525,pop36,1,0.0321044921875,0.0
1525,pop5,1,0.03612709045410156,0.0
1526,pop36,3,0.021198352177937824,0.014538472569700958
1526,pop10,1,0.0005505084991455078,0.0
1526,pop11,2,0.0005395412445068359,5.8650970458984375e-05
1527,pop52,3,0.015718777974446613,0.010652407949304372
1527,pop48,2,0.000519871711730957,4.1604042053222656e-05
1527,pop30,1,0.0004909038543701172,0.0
1527,pop31,1,0.00047397613525390625,0.0
1528,pop23,3,0.01580961545308431,0.010748568798417173
1528,pop21,2,0.012740850448608398,0.012192964553833008
1528,pop24,2,0.010862469673156738,0.010385870933532715
1529,pop16,5,0.0053614616394042965,0.009529928499653994
1530,pop36,3,0.021472374598185223,0.014718942269479384
1530,pop10,1,0.035260677337646484,0.0
1530,pop5,1,0.0004956722259521484,0.0
1531,pop2,2,0.014137625694274902,0.013466477394104004
1531,pop49,4,0.0006015300750732422,0.00010570254833466742
1532,pop52,2,0.01209712028503418,0.011385917663574219
1532,pop12,4,0.0005043148994445801,5.7592862713246904e-05
1533,pop16,2,0.012647271156311035,0.011974215507507324
1533,pop23,1,0.0005047321319580078,0.0
1533,pop21,1,0.0004742145538330078,0.0
1533,pop22,3,0.0005563894907633463,4.5241910417342375e-05
1534,pop51,4,0.0071898698806762695,0.011218183385558009
1534,pop29,2,0.01444864273071289,0.013899803161621094
1534,pop52,1,0.0005984306335449219,0.0
1535,pop2,2,0.014153242111206055,0.013489723205566406
1535,pop56,1,0.0005071163177490234,0.0
1535,pop55,3,0.0004923343658447266,8.377510040985386e-06
1536,pop52,2,0.012254476547241211,0.011544466018676758
1536,pop53,4,0.0005735158920288086,0.00011273008045736554
1537,pop10,3,0.011891603469848633,0.016019802960562487
1537,pop11,2,0.018638014793395996,0.01810014247894287
1537,pop5,1,0.03495311737060547,0.0
1538,pop2,2,0.013963937759399414,0.013345479965209961
1538,pop56,1,0.0005245208740234375,0.0
1538,pop55,1,0.021700143814086914,0.0
1538,pop50,2,0.011603116989135742,0.010918378829956055
1538,pop14,1,0.0005211830139160156,0.0
1539,pop52,2,0.011803627014160156,0.011118173599243164
1539,pop3,3,0.0004964669545491537,1.6373337937587087e-05
1540,pop10,2,0.016904830932617188,0.016272544860839844
1540,pop11,4,0.0005764365196228027,8.802754497217064e-05
1541,pop36,2,0.015617609024047852,0.01492762565612793
1541,pop10,3,0.0005041758219401041,9.712610955207945e-06
1542,pop16,2,0.012424111366271973,0.011762022972106934
1542,pop23,2,0.012354135513305664,0.01183938980102539
1542,pop21,2,0.0006645917892456055,0.00014460086822509766
1543,pop52,2,0.012192726135253906,0.01145172119140625
1543,pop3,3,0.0005199909210205078,5.6442629831074474e-05
1544,pop10,5,0.0074312686920166016,0.0136130273864495
1545,pop10,5,0.0072437763214111325,0.013207388390307861
1546,pop10,2,0.01713716983795166,0.016487956047058105
1546,pop5,2,0.01766335964202881,0.017171740531921387
1547,pop23,3,0.0158230463663737,0.010730438703176573
1547,pop24,2,0.010925054550170898,0.010409832000732422
1548,pop16,4,0.006569564342498779,0.01037892397619079
1549,pop23,2,0.012238025665283203,0.011569738388061523
1549,pop24,2,0.010529518127441406,0.01000666618347168
1550,pop51,4,0.0069732666015625,0.011007998162921398
1551,pop23,2,0.011678218841552734,0.011031627655029297
1551,pop21,2,0.0005279779434204102,2.467632293701172e-05
1552,pop2,3,0.00940100351969401,0.012469751469803048
1553,pop10,2,0.017082571983337402,0.016435742378234863
1553,pop5,1,0.035376787185668945,0.0
1554,pop36,3,0.011128981908162435,0.014842787157095774
1555,pop52,3,0.008415142695109049,0.010957317159484456
1556,pop23,2,0.012306809425354004,0.01163947582244873
1557,pop36,2,0.016333580017089844,0.01563405990600586
1558,pop2,2,0.014463186264038086,0.013806581497192383
1558,pop56,1,0.0005350112915039062,0.0
1559,pop10,2,0.01774275302886963,0.017067790031433105
1560,pop10,2,0.01773965358734131,0.01704537868499756
1561,pop16,2,0.012754201889038086,0.012091875076293945
