flow,node,dec_count,dec_time_avg,dec_time_std
1,pop4,2,0.0016200542449951172,0.0012524127960205078
1,pop51,2,0.00036966800689697266,2.849102020263672e-05
1,pop50,3,0.0003960132598876953,1.1345985894290686e-05
1,pop17,2,0.0019913911819458008,0.0016297101974487305
1,pop14,2,0.0004895925521850586,8.64267349243164e-05
1,pop10,1,0.0003905296325683594,0.0
2,pop6,2,0.001701951026916504,0.0013986825942993164
2,pop1,1,0.0003733634948730469,0.0
2,pop53,1,0.0003657341003417969,0.0
2,pop52,3,0.0013906160990397136,0.0014274865106720994
2,pop12,3,0.00041413307189941406,3.508562496022635e-05
2,pop55,1,0.00039649009704589844,0.0
3,pop8,2,0.0015860795974731445,0.0011769533157348633
3,pop51,1,0.00032830238342285156,0.0
3,pop50,1,0.00034999847412109375,0.0
3,pop14,1,0.0003571510314941406,0.0
3,pop24,4,0.00039315223693847656,9.407720402216368e-06
4,pop9,5,0.000853872299194336,0.0008788664117739963
4,pop51,1,0.0003941059112548828,0.0
4,pop47,1,0.00038242340087890625,0.0
5,pop10,3,0.0011302630106608074,0.0011171945638448377
5,pop51,2,0.00037038326263427734,4.661083221435547e-05
5,pop50,2,0.0003788471221923828,1.3589859008789062e-05
5,pop17,4,0.0004260540008544922,7.650376317269783e-05
6,pop14,3,0.0010553995768229167,0.001026004972930123
6,pop24,3,0.0004126230875651042,0.00010386084219882233
6,pop50,1,0.0004000663757324219,0.0
6,pop51,1,0.0004055500030517578,0.0
6,pop10,1,0.00037407875061035156,0.0
7,pop16,2,0.00145721435546875,0.0011687278747558594
7,pop23,1,0.0003445148468017578,0.0
7,pop24,4,0.0004367828369140625,9.417896022352285e-05
7,pop14,1,0.0003986358642578125,0.0
7,pop50,1,0.0004177093505859375,0.0
7,pop53,1,0.00046324729919433594,0.0
7,pop1,1,0.00040030479431152344,0.0
7,pop6,1,0.0003771781921386719,0.0
8,pop18,2,0.001587986946105957,0.0013207197189331055
8,pop19,1,0.0003368854522705078,0.0
8,pop51,1,0.0003795623779296875,0.0
8,pop50,2,0.0003864765167236328,7.62939453125e-06
8,pop17,4,0.00046139955520629883,0.00010172323282960458
8,pop53,1,0.0005064010620117188,0.0
8,pop47,1,0.0003883838653564453,0.0
9,pop21,2,0.0016372203826904297,0.0013418197631835938
9,pop23,1,0.0003211498260498047,0.0
9,pop24,4,0.0004183053970336914,7.036469058035297e-05
9,pop14,1,0.0003917217254638672,0.0
9,pop50,1,0.0004105567932128906,0.0
9,pop55,1,0.0003669261932373047,0.0
10,pop22,5,0.0008479595184326172,0.000911300864959054
10,pop51,1,0.0003986358642578125,0.0
10,pop53,1,0.0004992485046386719,0.0
10,pop1,1,0.00036144256591796875,0.0
10,pop6,1,0.0004496574401855469,0.0
11,pop23,2,0.0015277862548828125,0.0012211799621582031
11,pop24,4,0.00036072731018066406,3.361490594698388e-05
12,pop24,4,0.0009874701499938965,0.0010162798870334618
12,pop14,1,0.0003845691680908203,0.0
12,pop50,1,0.0004050731658935547,0.0
12,pop53,1,0.00036072731018066406,0.0
12,pop1,1,0.0003807544708251953,0.0
12,pop6,1,0.0003821849822998047,0.0
13,pop27,2,0.0015729665756225586,0.0013104677200317383
13,pop25,1,0.00035691261291503906,0.0
13,pop17,4,0.00041216611862182617,3.9016737907504584e-05
13,pop50,1,0.0004074573516845703,0.0
13,pop44,1,0.00039076805114746094,0.0
14,pop28,2,0.001482248306274414,0.0012347698211669922
14,pop51,2,0.0004138946533203125,1.0251998901367188e-05
14,pop50,2,0.0003930330276489258,1.6570091247558594e-05
14,pop17,3,0.0004448890686035156,8.111862956768754e-05
14,pop10,1,0.0003845691680908203,0.0
15,pop30,2,0.0015077590942382812,0.0012621879577636719
15,pop48,1,0.0003707408905029297,0.0
15,pop52,2,0.0019845962524414062,0.0015745162963867188
15,pop12,3,0.000433047612508138,7.782685893702198e-05
15,pop53,1,0.0003845691680908203,0.0
15,pop1,1,0.0003788471221923828,0.0
15,pop15,1,0.00039839744567871094,0.0
16,pop31,2,0.0014600753784179688,0.0012154579162597656
16,pop17,1,0.0036559104919433594,0.0
16,pop50,2,0.0004131793975830078,1.0013580322265625e-05
16,pop44,1,0.003807544708251953,0.0
16,pop53,2,0.0020481348037719727,0.0016540288925170898
16,pop52,3,0.00045943260192871094,6.65901000036335e-05
16,pop7,1,0.0003867149353027344,0.0
17,pop32,5,0.000880289077758789,0.0009521842688648516
17,pop33,1,0.0003521442413330078,0.0
17,pop50,1,0.00044727325439453125,0.0
17,pop35,1,0.0004258155822753906,0.0
18,pop33,3,0.0010771751403808594,0.0010814412523014198
18,pop32,4,0.00037407875061035156,2.786388049985763e-05
18,pop50,1,0.0003948211669921875,0.0
18,pop44,1,0.0003819465637207031,0.0
19,pop36,2,0.0014640092849731445,0.0012203454971313477
19,pop51,1,0.0004222393035888672,0.0
19,pop50,2,0.0003911256790161133,2.2292137145996094e-05
19,pop17,4,0.0004156827926635742,3.2225117661746195e-05
19,pop44,1,0.0004088878631591797,0.0
20,pop37,5,0.0008164882659912109,0.0009115825868556706
20,pop33,1,0.0004055500030517578,0.0
20,pop50,1,0.00038051605224609375,0.0
20,pop16,1,0.0003859996795654297,0.0
21,pop38,2,0.0016963481903076172,0.001443624496459961
21,pop18,2,0.0003637075424194336,2.0623207092285156e-05
21,pop19,2,0.00037872791290283203,2.968311309814453e-05
21,pop51,2,0.00038611888885498047,4.410743713378906e-06
21,pop50,4,0.0003935694694519043,2.9267033808686537e-06
21,pop17,5,0.0012164115905761719,0.001480374145412266
21,pop44,1,0.0041849613189697266,0.0
22,pop39,2,0.0016748905181884766,0.0013971328735351562
22,pop44,1,0.0004055500030517578,0.0
22,pop50,2,0.0004191398620605469,4.982948303222656e-05
22,pop17,2,0.0023298263549804688,0.0018825531005859375
22,pop53,2,0.002224564552307129,0.0018178224563598633
22,pop52,3,0.0004638830820719401,9.350595786440432e-05
22,pop1,1,0.0004189014434814453,0.0
22,pop6,1,0.00040268898010253906,0.0
23,pop40,2,0.0015579462051391602,0.0012973546981811523
23,pop41,1,0.00031948089599609375,0.0
23,pop53,1,0.00033783912658691406,0.0
23,pop52,4,0.0004006028175354004,3.684603713431262e-05
23,pop55,1,0.0003924369812011719,0.0
24,pop41,2,0.001474618911743164,0.0012290477752685547
24,pop53,1,0.00031638145446777344,0.0
24,pop50,3,0.000372012456258138,3.3116637204865986e-05
24,pop17,2,0.0018895864486694336,0.0015372037887573242
24,pop33,2,0.00039136409759521484,1.990795135498047e-05
24,pop32,3,0.0004073778788248698,3.7107783689612495e-05
24,pop44,1,0.00039577484130859375,0.0
25,pop42,2,0.001609206199645996,0.0013602972030639648
25,pop43,1,0.00031304359436035156,0.0
25,pop51,1,0.0003440380096435547,0.0
25,pop50,2,0.0003725290298461914,5.960464477539062e-07
25,pop17,4,0.00045555830001831055,6.465505147445835e-05
25,pop53,1,0.0003952980041503906,0.0
25,pop1,1,0.0004069805145263672,0.0
25,pop15,1,0.00040030479431152344,0.0
26,pop44,3,0.0010764598846435547,0.0010865092419873983
26,pop50,2,0.00035440921783447266,2.205371856689453e-05
26,pop17,3,0.00037248929341634113,3.0613250902553826e-05
27,pop45,2,0.0015151500701904297,0.0012583732604980469
27,pop44,1,0.0003418922424316406,0.0
27,pop50,2,0.00039696693420410156,4.124641418457031e-05
27,pop17,4,0.00043195486068725586,9.704154218088811e-05
27,pop53,1,0.00038170814514160156,0.0
27,pop1,1,0.0003781318664550781,0.0
27,pop15,1,0.00038695335388183594,0.0
28,pop46,2,0.0016207695007324219,0.0013659000396728516
28,pop45,1,0.00036597251892089844,0.0
28,pop44,3,0.0017685890197753906,0.0020056516839347133
28,pop50,4,0.00039952993392944336,1.1970150182002856e-05
28,pop17,5,0.001122903823852539,0.0014295027546021998
29,pop47,2,0.0015228986740112305,0.0012689828872680664
29,pop53,2,0.0003699064254760742,1.0728836059570312e-06
29,pop52,3,0.0004611015319824219,9.911103635064317e-05
29,pop1,1,0.0004048347473144531,0.0
29,pop6,1,0.0003898143768310547,0.0
30,pop48,2,0.0014690160751342773,0.0012041330337524414
30,pop52,3,0.0003998279571533203,7.73427322766066e-05
30,pop53,1,0.00039958953857421875,0.0
30,pop50,1,0.00040078163146972656,0.0
30,pop44,1,0.0003864765167236328,0.0
31,pop50,3,0.0010041395823160808,0.000954682539091608
31,pop17,3,0.00041906038920084637,8.858939162835486e-05
31,pop53,1,0.00044608116149902344,0.0
31,pop1,1,0.0003948211669921875,0.0
31,pop15,1,0.00037026405334472656,0.0
32,pop52,5,0.0007945060729980469,0.0008428260135281383
32,pop53,1,0.0003714561462402344,0.0
32,pop51,1,0.00037288665771484375,0.0
32,pop10,1,0.0003790855407714844,0.0
33,pop53,3,0.0010337034861246746,0.0010166608124666863
33,pop52,4,0.00041240453720092773,9.735485931454292e-05
33,pop51,1,0.0003998279571533203,0.0
33,pop10,1,0.0003752708435058594,0.0
34,pop55,2,0.0014520883560180664,0.001192927360534668
34,pop52,4,0.00043976306915283203,0.00013807858197671986
34,pop53,1,0.0003955364227294922,0.0
34,pop47,1,0.0003871917724609375,0.0
35,pop56,2,0.001593470573425293,0.001332402229309082
35,pop48,1,0.00032210350036621094,0.0
35,pop52,4,0.0004227161407470703,9.408581377692038e-05
35,pop53,1,0.0003764629364013672,0.0
35,pop50,1,0.0003981590270996094,0.0
35,pop14,1,0.00040030479431152344,0.0
35,pop24,1,0.0003910064697265625,0.0
36,pop57,2,0.001732468605041504,0.0014704465866088867
36,pop56,1,0.0003581047058105469,0.0
36,pop48,1,0.0003619194030761719,0.0
36,pop52,4,0.00042378902435302734,8.156398554036812e-05
36,pop53,1,0.00043129920959472656,0.0
36,pop50,1,0.0004127025604248047,0.0
36,pop16,1,0.0003552436828613281,0.0
37,pop8,2,0.0015600919723510742,0.001201033592224121
37,pop51,2,0.0003771781921386719,7.152557373046875e-06
37,pop50,2,0.0003917217254638672,3.24249267578125e-05
37,pop17,4,0.0004420280456542969,9.187425220706504e-05
37,pop19,1,0.00039577484130859375,0.0
37,pop18,1,0.000377655029296875,0.0
38,pop18,2,0.001672983169555664,0.001299142837524414
38,pop19,1,0.0003437995910644531,0.0
38,pop51,1,0.000362396240234375,0.0
38,pop50,2,0.00037229061126708984,5.125999450683594e-06
38,pop17,3,0.0004913806915283203,7.382690749084841e-05
38,pop55,1,0.0003859996795654297,0.0
39,pop21,2,0.0017366409301757812,0.001344919204711914
39,pop23,1,0.0003631114959716797,0.0
39,pop24,4,0.00043463706970214844,9.326936642816283e-05
39,pop14,1,0.0003941059112548828,0.0
39,pop50,1,0.00039958953857421875,0.0
39,pop51,1,0.00039577484130859375,0.0
39,pop19,1,0.0005016326904296875,0.0
39,pop18,1,0.00039005279541015625,0.0
40,pop27,2,0.0017207860946655273,0.0013521909713745117
40,pop25,1,0.00038051605224609375,0.0
40,pop17,4,0.0004514455795288086,8.527348040320876e-05
40,pop50,1,0.0004036426544189453,0.0
40,pop51,1,0.0003974437713623047,0.0
40,pop19,1,0.0004100799560546875,0.0
40,pop20,1,0.0003800392150878906,0.0
41,pop39,2,0.0017993450164794922,0.0014340877532958984
41,pop44,1,0.0003898143768310547,0.0
41,pop50,3,0.0004073778788248698,1.7552890419997426e-05
41,pop17,1,0.0038988590240478516,0.0
41,pop14,1,0.0042972564697265625,0.0
41,pop24,2,0.0030597448348999023,0.002656102180480957
41,pop23,2,0.0004552602767944336,4.7087669372558594e-05
41,pop16,1,0.0004146099090576172,0.0
41,pop51,1,0.0004165172576904297,0.0
42,pop48,2,0.0015544891357421875,0.0011913776397705078
42,pop52,4,0.0011506080627441406,0.0013690187783543762
42,pop12,2,0.0005208253860473633,0.00012958049774169922
42,pop53,1,0.0003826618194580078,0.0
42,pop51,1,0.0003902912139892578,0.0
42,pop19,1,0.00040841102600097656,0.0
42,pop18,1,0.0003693103790283203,0.0
43,pop50,3,0.0010744730631510417,0.0010018027228979197
43,pop17,4,0.00039964914321899414,5.0774306826733365e-05
43,pop14,1,0.00040268898010253906,0.0
43,pop24,1,0.0003833770751953125,0.0
44,pop52,5,0.0008578777313232421,0.0008924574926942558
44,pop53,1,0.00037360191345214844,0.0
44,pop51,1,0.0003795623779296875,0.0
44,pop19,1,0.0004162788391113281,0.0
44,pop18,1,0.00036716461181640625,0.0
45,pop14,3,0.0011524359385172527,0.0011080596822943053
45,pop24,3,0.0004037221272786458,6.325670212353789e-05
45,pop50,1,0.00037860870361328125,0.0
45,pop55,1,0.00038313865661621094,0.0
46,pop16,2,0.0015829801559448242,0.001215815544128418
46,pop50,2,0.00038301944732666016,1.2278556823730469e-05
46,pop17,3,0.00043765703837076825,5.086846616166038e-05
46,pop53,1,0.00040650367736816406,0.0
46,pop7,1,0.00038933753967285156,0.0
47,pop22,5,0.0008698940277099609,0.0009413141916550075
47,pop51,1,0.0003783702850341797,0.0
47,pop53,1,0.0004124641418457031,0.0
47,pop1,1,0.0003974437713623047,0.0
47,pop6,1,0.00039505958557128906,0.0
48,pop28,2,0.0016363859176635742,0.0012534856796264648
48,pop51,1,0.0003654956817626953,0.0
48,pop50,2,0.00039899349212646484,6.556510925292969e-06
48,pop17,3,0.00048200289408365887,0.0001040591416874512
48,pop53,1,0.00038909912109375,0.0
48,pop47,1,0.0004191398620605469,0.0
49,pop31,2,0.001610398292541504,0.0012494325637817383
49,pop17,4,0.0004267692565917969,5.677141382507911e-05
49,pop50,1,0.0004723072052001953,0.0
49,pop53,1,0.00038814544677734375,0.0
49,pop7,1,0.0003902912139892578,0.0
50,pop37,4,0.0010443925857543945,0.0010299546091291898
50,pop52,1,0.00038313865661621094,0.0
50,pop53,1,0.00038361549377441406,0.0
50,pop47,1,0.00037407875061035156,0.0
51,pop38,5,0.000972747802734375,0.0010870882979241241
51,pop18,1,0.00040340423583984375,0.0
51,pop19,1,0.0003814697265625,0.0
51,pop51,1,0.0003917217254638672,0.0
51,pop47,1,0.00037026405334472656,0.0
52,pop40,3,0.0022096633911132812,0.0013201347314670954
52,pop41,1,0.0003719329833984375,0.0
52,pop53,2,0.000493168830871582,0.0001062154769897461
52,pop51,1,0.0003752708435058594,0.0
52,pop19,1,0.00038552284240722656,0.0
52,pop18,1,0.0003790855407714844,0.0
53,pop55,2,0.00152587890625,0.001165151596069336
53,pop52,4,0.00044089555740356445,0.00011636858598047304
53,pop53,1,0.0003829002380371094,0.0
53,pop47,1,0.0003707408905029297,0.0
54,pop57,2,0.0018657445907592773,0.0014911890029907227
54,pop56,1,0.0003840923309326172,0.0
54,pop48,1,0.0003571510314941406,0.0
54,pop52,3,0.0005414485931396484,8.781639518432979e-05
54,pop53,1,0.0003604888916015625,0.0
54,pop51,1,0.0004138946533203125,0.0
54,pop10,1,0.0003974437713623047,0.0
55,pop18,2,0.001760721206665039,0.0013804435729980469
55,pop19,1,0.00036215782165527344,0.0
55,pop51,1,0.0003769397735595703,0.0
55,pop50,2,0.00038301944732666016,7.987022399902344e-06
55,pop17,4,0.00042563676834106445,5.358384633655287e-05
55,pop53,1,0.0003685951232910156,0.0
55,pop7,1,0.000377655029296875,0.0
56,pop21,2,0.0017750263214111328,0.0014004707336425781
56,pop23,2,0.0003731250762939453,3.0040740966796875e-05
56,pop24,3,0.0003973642985026042,4.138804309743359e-05
56,pop16,1,0.0003688335418701172,0.0
57,pop39,2,0.0018235445022583008,0.0014644861221313477
57,pop44,1,0.00039505958557128906,0.0
57,pop50,2,0.00040280818939208984,2.9802322387695312e-06
57,pop17,1,0.004103899002075195,0.0
57,pop53,2,0.0021300315856933594,0.0017099380493164062
57,pop52,4,0.0004939436912536621,7.607932282777878e-05
57,pop7,1,0.0004105567932128906,0.0
58,pop52,5,0.0008814811706542968,0.0009207568890836031
58,pop53,1,0.0004112720489501953,0.0
58,pop51,1,0.0004074573516845703,0.0
58,pop19,1,0.0003819465637207031,0.0
58,pop18,1,0.0003833770751953125,0.0
59,pop22,5,0.000895547866821289,0.000982412859952378
59,pop51,1,0.00040984153747558594,0.0
59,pop53,1,0.0004220008850097656,0.0
59,pop52,1,0.0003986358642578125,0.0
60,pop55,2,0.0016331672668457031,0.0012774467468261719
60,pop52,3,0.00045116742451985675,0.00012017326546297711
60,pop53,1,0.00036907196044921875,0.0
60,pop51,1,0.0004127025604248047,0.0
60,pop19,1,0.0003981590270996094,0.0
60,pop18,1,0.0004055500030517578,0.0
61,pop14,3,0.0012241204579671223,0.001218165821208831
61,pop24,4,0.00043189525604248047,0.00011255484567767518
61,pop50,1,0.00039458274841308594,0.0
61,pop51,1,0.0004584789276123047,0.0
61,pop19,1,0.0004115104675292969,0.0
61,pop20,1,0.0003647804260253906,0.0
62,pop31,2,0.0016196966171264648,0.0012627840042114258
62,pop17,4,0.0004214644432067871,3.8766807808904114e-05
62,pop50,1,0.000392913818359375,0.0
62,pop14,1,0.00037932395935058594,0.0
62,pop24,1,0.00038552284240722656,0.0
63,pop37,4,0.0010160207748413086,0.0010344446460813738
63,pop33,1,0.0003948211669921875,0.0
63,pop50,1,0.00038361549377441406,0.0
63,pop16,1,0.00039768218994140625,0.0
64,pop39,2,0.0018284320831298828,0.0014462471008300781
64,pop38,4,0.00039690732955932617,3.9394792547731696e-05
64,pop18,1,0.0004029273986816406,0.0
64,pop19,1,0.0004069805145263672,0.0
64,pop20,1,0.00038933753967285156,0.0
65,pop4,4,0.0010300874710083008,0.001024935273740536
65,pop51,1,0.0003838539123535156,0.0
65,pop53,1,0.00037789344787597656,0.0
65,pop1,1,0.00041103363037109375,0.0
65,pop15,1,0.00038886070251464844,0.0
66,pop6,4,0.0010731220245361328,0.00114707325010213
66,pop1,1,0.0004048347473144531,0.0
66,pop53,1,0.00038552284240722656,0.0
66,pop51,1,0.0003879070281982422,0.0
67,pop10,5,0.0008917808532714844,0.000997619434539295
68,pop24,4,0.0010744333267211914,0.0011436180208743388
68,pop14,1,0.00038051605224609375,0.0
68,pop50,1,0.00041365623474121094,0.0
68,pop55,1,0.0003814697265625,0.0
69,pop30,2,0.001739501953125,0.0013325214385986328
69,pop31,1,0.0003638267517089844,0.0
69,pop17,3,0.0004974206288655599,0.0001313370220252883
69,pop50,1,0.0003948211669921875,0.0
69,pop53,1,0.0004181861877441406,0.0
69,pop1,1,0.00041103363037109375,0.0
69,pop6,1,0.00040078163146972656,0.0
70,pop32,4,0.0011095404624938965,0.001129297660561858
70,pop33,1,0.00040340423583984375,0.0
70,pop50,1,0.00040793418884277344,0.0
70,pop51,1,0.00036215782165527344,0.0
70,pop19,1,0.0004017353057861328,0.0
70,pop20,1,0.0003800392150878906,0.0
71,pop33,3,0.0012357234954833984,0.001132053258240855
71,pop32,4,0.0004222393035888672,7.265334333066897e-05
71,pop50,1,0.00038433074951171875,0.0
71,pop53,1,0.00039768218994140625,0.0
71,pop52,1,0.00038170814514160156,0.0
72,pop36,2,0.0016075372695922852,0.001217961311340332
72,pop10,3,0.0016485055287679036,0.0017660796376219583
72,pop51,2,0.0003848075866699219,2.0742416381835938e-05
72,pop4,2,0.0004786252975463867,0.00010120868682861328
72,pop50,1,0.0003867149353027344,0.0
72,pop14,1,0.00040602684020996094,0.0
72,pop24,1,0.0004107952117919922,0.0
73,pop42,2,0.0017801523208618164,0.0013774633407592773
73,pop43,1,0.00035858154296875,0.0
73,pop51,4,0.0005235075950622559,0.00020669683383482972
73,pop10,3,0.0015513896942138672,0.0016383712005264143
73,pop9,2,0.0031137466430664062,0.002707242965698242
73,pop50,2,0.0005924701690673828,0.00013017654418945312
73,pop16,2,0.0004329681396484375,7.62939453125e-06
73,pop23,2,0.00041222572326660156,2.8371810913085938e-05
73,pop21,2,0.0004718303680419922,8.058547973632812e-05
73,pop22,2,0.0006110668182373047,7.82012939453125e-05
73,pop53,1,0.0004436969757080078,0.0
74,pop44,5,0.0009149551391601562,0.000953862298081606
74,pop50,1,0.0004038810729980469,0.0
74,pop53,1,0.0003681182861328125,0.0
74,pop1,1,0.00040078163146972656,0.0
74,pop6,1,0.000392913818359375,0.0
75,pop45,2,0.0018374919891357422,0.001237630844116211
75,pop44,2,0.0022858381271362305,0.0019437074661254883
75,pop50,4,0.00038117170333862305,1.6343741412784688e-05
75,pop17,5,0.0011803150177001954,0.0014485494356342894
75,pop53,1,0.00045800209045410156,0.0
75,pop47,1,0.00040841102600097656,0.0
76,pop47,5,0.0008852005004882813,0.0009533388787673476
76,pop53,1,0.00038743019104003906,0.0
76,pop7,1,0.0003800392150878906,0.0
77,pop56,2,0.0017813444137573242,0.0013905763626098633
77,pop48,1,0.00037550926208496094,0.0
77,pop52,4,0.000391542911529541,2.2668187905814403e-05
78,pop39,2,0.0018504858016967773,0.0014542341232299805
78,pop38,1,0.0037729740142822266,0.0
78,pop18,1,0.00036406517028808594,0.0
78,pop19,2,0.00039887428283691406,3.337860107421875e-06
78,pop20,1,0.003912210464477539,0.0
78,pop51,1,0.0004940032958984375,0.0
78,pop53,2,0.0023614168167114258,0.0019513368606567383
78,pop54,2,0.0029219388961791992,0.002500176429748535
78,pop52,2,0.0031088590621948242,0.0026952028274536133
78,pop13,2,0.00048720836639404297,7.808208465576172e-05
78,pop1,1,0.00040149688720703125,0.0
78,pop15,1,0.00039458274841308594,0.0
79,pop8,2,0.0016754865646362305,0.0012754201889038086
79,pop51,1,0.00037097930908203125,0.0
79,pop50,2,0.000408172607421875,3.552436828613281e-05
79,pop17,4,0.00044733285903930664,5.125926677054204e-05
79,pop53,1,0.0005106925964355469,0.0
79,pop52,1,0.0004012584686279297,0.0
80,pop27,2,0.0019065141677856445,0.0014613866806030273
80,pop25,1,0.00038909912109375,0.0
80,pop17,4,0.0004342794418334961,6.807810720659745e-05
80,pop50,1,0.00037789344787597656,0.0
80,pop51,1,0.0003764629364013672,0.0
80,pop10,1,0.0005114078521728516,0.0
81,pop50,3,0.0011034806569417317,0.0010394664768443981
81,pop17,3,0.0004451274871826172,0.00012000312341689142
81,pop53,1,0.0004210472106933594,0.0
81,pop47,1,0.0003788471221923828,0.0
82,pop6,4,0.0010979771614074707,0.001143571668562863
82,pop1,1,0.00038313865661621094,0.0
82,pop53,1,0.0004401206970214844,0.0
82,pop50,1,0.00045561790466308594,0.0
82,pop16,1,0.0004322528839111328,0.0
83,pop10,6,0.0013639132181803386,0.0013242627452015564
83,pop51,3,0.0003956158955891927,1.1816093626617996e-05
83,pop4,1,0.0040874481201171875,0.0
83,pop47,1,0.0003998279571533203,0.0
84,pop33,3,0.0012429555257161458,0.0011965909074581277
84,pop32,4,0.0003959536552429199,5.0034220754204334e-05
84,pop50,1,0.0003848075866699219,0.0
84,pop51,1,0.00037097930908203125,0.0
85,pop36,2,0.0016322135925292969,0.0012249946594238281
85,pop10,4,0.0014091134071350098,0.0016794840463719375
85,pop51,3,0.0004336833953857422,3.708309573216168e-05
85,pop4,1,0.004870414733886719,0.0
85,pop50,1,0.00042057037353515625,0.0
85,pop16,1,0.000415802001953125,0.0
86,pop45,3,0.0013346672058105469,0.0013245384449108312
86,pop44,3,0.0004470348358154297,9.866958008995635e-05
86,pop46,1,0.0004093647003173828,0.0
86,pop20,1,0.00039005279541015625,0.0
87,pop56,5,0.0009699821472167969,0.0010843293606016481
87,pop48,1,0.00039649009704589844,0.0
87,pop52,1,0.0004017353057861328,0.0
87,pop53,1,0.00039839744567871094,0.0
87,pop50,1,0.0004241466522216797,0.0
87,pop16,1,0.00038504600524902344,0.0
88,pop16,3,0.0012179215749104817,0.00118950133490138
88,pop23,3,0.00040404001871744793,3.6978884731512055e-05
89,pop40,5,0.0009498119354248047,0.0010349518951957362
89,pop41,1,0.00038886070251464844,0.0
89,pop53,1,0.00039696693420410156,0.0
89,pop52,1,0.0004096031188964844,0.0
89,pop34,1,0.0003871917724609375,0.0
89,pop35,1,0.0003616809844970703,0.0
90,pop57,2,0.0019702911376953125,0.0015673637390136719
90,pop56,2,0.0021599531173706055,0.0017989873886108398
90,pop48,1,0.00037407875061035156,0.0
90,pop52,2,0.00040090084075927734,7.033348083496094e-06
90,pop12,2,0.000559687614440918,0.00014603137969970703
90,pop53,1,0.00040268898010253906,0.0
90,pop51,1,0.00041484832763671875,0.0
90,pop19,1,0.00039577484130859375,0.0
90,pop20,1,0.00039887428283691406,0.0
91,pop4,4,0.001109302043914795,0.0011758189571893845
91,pop51,1,0.0003864765167236328,0.0
91,pop50,1,0.00041961669921875,0.0
91,pop16,1,0.0003750324249267578,0.0
92,pop8,2,0.0016911029815673828,0.0013053417205810547
92,pop51,3,0.00039259592692057293,9.42147316075709e-06
92,pop10,3,0.0014955202738444011,0.001576687695080032
92,pop9,3,0.0004162788391113281,2.4611450005653267e-05
93,pop33,3,0.0012412865956624348,0.001223604105689013
93,pop32,4,0.00043523311614990234,0.00010597947206956124
93,pop50,1,0.00038695335388183594,0.0
93,pop51,1,0.00041413307189941406,0.0
93,pop19,1,0.0004405975341796875,0.0
93,pop20,1,0.0004000663757324219,0.0
94,pop52,3,0.001210927963256836,0.0011612294969786348
94,pop12,4,0.0004235506057739258,6.995980762779038e-05
94,pop34,1,0.0004067420959472656,0.0
94,pop35,1,0.0003681182861328125,0.0
95,pop55,3,0.002211968104044596,0.0012946062593269096
95,pop52,2,0.0003839731216430664,4.172325134277344e-06
95,pop12,3,0.0004448890686035156,6.036558795780058e-05
95,pop53,1,0.00038695335388183594,0.0
95,pop1,1,0.0004932880401611328,0.0
95,pop15,1,0.00041556358337402344,0.0
96,pop10,4,0.001076340675354004,0.0011168465385988635
96,pop51,1,0.000385284423828125,0.0
96,pop53,1,0.00040435791015625,0.0
96,pop52,1,0.00047898292541503906,0.0
97,pop36,2,0.0016914606094360352,0.0012906789779663086
97,pop10,1,0.0038487911224365234,0.0
97,pop51,1,0.00039315223693847656,0.0
97,pop53,2,0.002246856689453125,0.0018315315246582031
97,pop52,4,0.0004585385322570801,8.288078902053208e-05
97,pop1,1,0.000415802001953125,0.0
97,pop6,1,0.0003857612609863281,0.0
98,pop40,2,0.0017081499099731445,0.0013104677200317383
98,pop41,1,0.00037789344787597656,0.0
98,pop53,2,0.0018177032470703125,0.0014276504516601562
98,pop54,2,0.002034902572631836,0.0016295909881591797
98,pop52,3,0.00046173731486002606,9.178637069640918e-05
98,pop51,1,0.0004177093505859375,0.0
98,pop10,1,0.00038361549377441406,0.0
99,pop4,5,0.000911712646484375,0.0010237480018313485
99,pop51,1,0.000392913818359375,0.0
100,pop37,4,0.0010766983032226562,0.001069692887186289
100,pop33,1,0.0004153251647949219,0.0
100,pop50,1,0.00045561790466308594,0.0
100,pop51,1,0.0004112720489501953,0.0
100,pop19,1,0.0004229545593261719,0.0
100,pop18,1,0.00039196014404296875,0.0
101,pop16,2,0.0017096996307373047,0.0013070106506347656
101,pop23,2,0.002158045768737793,0.001789689064025879
101,pop24,2,0.0004614591598510742,7.665157318115234e-05
101,pop14,1,0.00037360191345214844,0.0
101,pop50,1,0.00039458274841308594,0.0
101,pop51,1,0.00039458274841308594,0.0
101,pop10,1,0.0003504753112792969,0.0
102,pop33,3,0.0013137658437093098,0.0013166222350908942
102,pop32,4,0.00042110681533813477,4.757791195213976e-05
102,pop50,1,0.00038361549377441406,0.0
102,pop51,1,0.0004024505615234375,0.0
103,pop36,2,0.0017325878143310547,0.0013556480407714844
103,pop10,4,0.00044846534729003906,7.380720683915119e-05
103,pop51,1,0.0004134178161621094,0.0
103,pop50,1,0.00040149688720703125,0.0
103,pop55,1,0.0003769397735595703,0.0
104,pop9,5,0.0009342193603515625,0.001073316683781753
104,pop51,1,0.00047588348388671875,0.0
104,pop10,1,0.0003681182861328125,0.0
105,pop23,4,0.0011731982231140137,0.0012165880362084078
105,pop16,1,0.00040912628173828125,0.0
105,pop50,1,0.0004603862762451172,0.0
105,pop51,1,0.0003948211669921875,0.0
105,pop19,1,0.0003795623779296875,0.0
105,pop20,1,0.0004150867462158203,0.0
106,pop41,2,0.001683354377746582,0.0012832880020141602
106,pop53,2,0.0018832683563232422,0.0015139579772949219
106,pop54,2,0.0004982948303222656,9.465217590332031e-05
106,pop52,1,0.0004134178161621094,0.0
106,pop34,1,0.0004551410675048828,0.0
106,pop35,1,0.00037670135498046875,0.0
107,pop46,2,0.0018491744995117188,0.0014467239379882812
107,pop20,3,0.0003935496012369792,2.4620943332913033e-05
107,pop19,1,0.00041484832763671875,0.0
107,pop18,1,0.0004267692565917969,0.0
108,pop53,4,0.0009883642196655273,0.000992506770666263
108,pop7,1,0.0003647804260253906,0.0
109,pop30,2,0.001820683479309082,0.0013900995254516602
109,pop31,1,0.00037026405334472656,0.0
109,pop17,3,0.00043646494547526043,3.908238979736709e-05
109,pop50,1,0.000423431396484375,0.0
109,pop51,1,0.0003917217254638672,0.0
110,pop42,2,0.001855015754699707,0.0014289617538452148
110,pop43,2,0.0003889799118041992,4.410743713378906e-06
110,pop40,4,0.0004070401191711426,3.292524106571592e-05
110,pop51,1,0.000408172607421875,0.0
111,pop47,5,0.0008910655975341797,0.0010061340941908113
112,pop39,2,0.001955747604370117,0.0015363693237304688
112,pop38,2,0.0023266077041625977,0.0019649267196655273
112,pop18,1,0.0004069805145263672,0.0
112,pop19,1,0.00040340423583984375,0.0
112,pop20,1,0.004967212677001953,0.0
112,pop46,1,0.00039196014404296875,0.0
112,pop45,1,0.00040912628173828125,0.0
112,pop44,1,0.0058023929595947266,0.0
112,pop50,2,0.0004183053970336914,6.318092346191406e-06
112,pop33,2,0.0004004240036010742,4.887580871582031e-06
112,pop32,3,0.00046380360921223957,8.299577175629835e-05
112,pop53,1,0.00042438507080078125,0.0
112,pop52,1,0.00042939186096191406,0.0
113,pop40,3,0.002390305201212565,0.00142584176733944
113,pop41,1,0.00042057037353515625,0.0
113,pop53,2,0.00040471553802490234,5.125999450683594e-06
113,pop54,1,0.0037453174591064453,0.0
113,pop52,3,0.0018242994944254558,0.0019845550198182055
113,pop12,2,0.0005186796188354492,0.00011909008026123047
113,pop50,1,0.00048804283142089844,0.0
113,pop16,1,0.0003733634948730469,0.0
114,pop4,5,0.0009735584259033203,0.0010467717862203275
114,pop51,1,0.0003871917724609375,0.0
114,pop50,1,0.00040268898010253906,0.0
114,pop35,1,0.00040531158447265625,0.0
115,pop48,2,0.0018665790557861328,0.0014600753784179688
115,pop52,2,0.00039696693420410156,1.3589859008789062e-05
115,pop12,3,0.0004731019337972005,6.040240581328661e-05
115,pop53,1,0.0004208087921142578,0.0
115,pop1,1,0.0003871917724609375,0.0
115,pop6,1,0.0003695487976074219,0.0
116,pop33,3,0.0013282299041748047,0.0013216319411987866
116,pop32,4,0.0004127621650695801,3.6851436287276106e-05
116,pop50,1,0.00039768218994140625,0.0
116,pop16,1,0.0003917217254638672,0.0
117,pop36,2,0.0018390417098999023,0.0014206171035766602
117,pop10,4,0.0004609823226928711,0.00011612288198220588
117,pop51,1,0.0004115104675292969,0.0
117,pop47,1,0.0003819465637207031,0.0
118,pop30,2,0.002050638198852539,0.0015878677368164062
118,pop48,1,0.00037598609924316406,0.0
118,pop52,2,0.00039505958557128906,6.4373016357421875e-06
118,pop12,3,0.0004603068033854167,6.63181848060492e-05
118,pop53,1,0.00040841102600097656,0.0
118,pop1,1,0.0004241466522216797,0.0
118,pop15,1,0.0005483627319335938,0.0
119,pop28,2,0.0017654895782470703,0.0013377666473388672
119,pop36,1,0.0004069805145263672,0.0
119,pop10,1,0.004305601119995117,0.0
119,pop51,1,0.0004258155822753906,0.0
119,pop53,1,0.0004112720489501953,0.0
119,pop52,2,0.0029675960540771484,0.0025560855865478516
119,pop12,4,0.0004239082336425781,2.3185517293488653e-05
120,pop38,2,0.0019844770431518555,0.001560807228088379
120,pop18,2,0.00039124488830566406,1.5497207641601562e-05
120,pop19,2,0.0003933906555175781,2.09808349609375e-05
120,pop20,3,0.0019648075103759766,0.0022100123221330554
120,pop46,1,0.0004904270172119141,0.0
120,pop45,1,0.0003921985626220703,0.0
120,pop44,2,0.0005477666854858398,0.00017058849334716797
120,pop50,1,0.00042366981506347656,0.0
120,pop51,1,0.00045228004455566406,0.0
121,pop18,2,0.0018645524978637695,0.0014570951461791992
121,pop19,2,0.00041747093200683594,9.059906005859375e-06
121,pop20,1,0.004187822341918945,0.0
121,pop51,2,0.0003954172134399414,5.960464477539062e-07
121,pop9,4,0.00045859813690185547,9.037204270414069e-05
121,pop53,1,0.0004248619079589844,0.0
121,pop1,1,0.0004458427429199219,0.0
121,pop6,1,0.00038361549377441406,0.0
122,pop21,5,0.0011047840118408204,0.0012433137997254714
122,pop23,1,0.0004076957702636719,0.0
122,pop16,1,0.0004096031188964844,0.0
122,pop50,1,0.000362396240234375,0.0
122,pop53,1,0.000408172607421875,0.0
122,pop52,1,0.0004096031188964844,0.0
123,pop57,2,0.00209808349609375,0.001672506332397461
123,pop56,1,0.000385284423828125,0.0
123,pop48,1,0.00037980079650878906,0.0
123,pop52,2,0.0004191398620605469,1.9073486328125e-06
123,pop12,4,0.00041979551315307617,1.5953904415230283e-05
123,pop55,1,0.0004067420959472656,0.0
124,pop8,2,0.0017428398132324219,0.0013346672058105469
124,pop51,3,0.0005897680918375651,0.00023692348379691802
124,pop10,2,0.0021255016326904297,0.0017175674438476562
124,pop9,4,0.00041604042053222656,1.5605948484764773e-05
125,pop23,2,0.0018404722213745117,0.0014339685440063477
125,pop24,3,0.00043733914693196613,4.3207662395807626e-05
125,pop14,1,0.0004885196685791016,0.0
125,pop50,1,0.000392913818359375,0.0
125,pop51,1,0.0003764629364013672,0.0
126,pop46,2,0.0019333362579345703,0.0015251636505126953
126,pop20,3,0.0017362435658772786,0.0018909902965770012
126,pop19,1,0.0004787445068359375,0.0
126,pop51,2,0.000400543212890625,9.5367431640625e-07
126,pop4,2,0.0004780292510986328,8.559226989746094e-05
126,pop50,1,0.0004971027374267578,0.0
126,pop16,1,0.00039386749267578125,0.0
127,pop33,3,0.0013221104939778645,0.001304999787666887
127,pop32,3,0.00043137868245442707,4.1650451242033346e-05
127,pop50,1,0.00040149688720703125,0.0
127,pop51,1,0.00039958953857421875,0.0
128,pop36,2,0.0017937421798706055,0.001373887062072754
128,pop10,3,0.00048462549845377606,3.939433662337855e-05
128,pop51,1,0.00041365623474121094,0.0
128,pop50,1,0.0004055500030517578,0.0
128,pop44,1,0.0003609657287597656,0.0
129,pop22,5,0.0009482383728027343,0.0010487092683345409
129,pop51,1,0.00042724609375,0.0
129,pop53,1,0.00042057037353515625,0.0
129,pop7,1,0.00041174888610839844,0.0
130,pop57,2,0.002106308937072754,0.001706242561340332
130,pop56,1,0.0004055500030517578,0.0
130,pop48,1,0.00038814544677734375,0.0
130,pop52,2,0.0003889799118041992,1.0371208190917969e-05
130,pop12,3,0.0004604657491048177,4.639241373749963e-05
130,pop34,1,0.00041174888610839844,0.0
130,pop35,1,0.00039958953857421875,0.0
131,pop33,3,0.0013512770334879558,0.0013466471377561972
131,pop32,4,0.00044924020767211914,8.764215972900429e-05
131,pop50,1,0.0003807544708251953,0.0
131,pop53,1,0.00041604042053222656,0.0
131,pop1,1,0.0003674030303955078,0.0
131,pop15,1,0.0004029273986816406,0.0
132,pop14,4,0.0018641948699951172,0.0014603083571507866
132,pop24,3,0.00043694178263346356,5.287567721300044e-05
132,pop50,1,0.0004062652587890625,0.0
132,pop51,1,0.00043511390686035156,0.0
133,pop31,2,0.0019432306289672852,0.0015166997909545898
133,pop17,3,0.0004588762919108073,9.752540724401797e-05
133,pop50,1,0.00041031837463378906,0.0
133,pop51,1,0.0004258155822753906,0.0
133,pop19,1,0.00038504600524902344,0.0
133,pop18,1,0.00041985511779785156,0.0
134,pop37,4,0.001140594482421875,0.0011737775000551717
134,pop33,1,0.0003905296325683594,0.0
134,pop50,1,0.0004410743713378906,0.0
134,pop44,1,0.00039386749267578125,0.0
135,pop16,3,0.001361529032389323,0.0013469105090889821
135,pop23,4,0.00041812658309936523,4.797766650432289e-05
135,pop50,1,0.0004017353057861328,0.0
135,pop55,1,0.0003790855407714844,0.0
136,pop18,2,0.0018500089645385742,0.0014172792434692383
136,pop19,1,0.00038504600524902344,0.0
136,pop51,2,0.0004061460494995117,8.225440979003906e-06
136,pop9,4,0.0004552602767944336,8.944772744888506e-05
136,pop53,1,0.00040984153747558594,0.0
136,pop1,1,0.00041222572326660156,0.0
136,pop6,1,0.0004093647003173828,0.0
137,pop24,5,0.001046133041381836,0.0011606564688962586
137,pop14,1,0.0004069805145263672,0.0
137,pop50,1,0.00042438507080078125,0.0
137,pop51,1,0.0003998279571533203,0.0
137,pop19,1,0.0004038810729980469,0.0
137,pop18,1,0.000385284423828125,0.0
138,pop32,4,0.0012423396110534668,0.0013433419041527946
138,pop33,1,0.00039505958557128906,0.0
138,pop50,1,0.0004134178161621094,0.0
138,pop53,1,0.00038623809814453125,0.0
138,pop1,1,0.00043964385986328125,0.0
138,pop6,1,0.00041604042053222656,0.0
139,pop44,3,0.002416849136352539,0.0014423263263842864
139,pop50,2,0.00039267539978027344,1.3828277587890625e-05
139,pop14,2,0.00045120716094970703,5.137920379638672e-05
139,pop16,1,0.0004165172576904297,0.0
140,pop53,3,0.0012501875559488933,0.0011967513668048554
140,pop54,3,0.00046745936075846356,8.3292940926707e-05
140,pop50,1,0.0003790855407714844,0.0
140,pop14,1,0.0003914833068847656,0.0
140,pop24,1,0.0004112720489501953,0.0
141,pop39,2,0.002051711082458496,0.001621842384338379
141,pop38,3,0.0004475911458333333,7.691979344115203e-05
141,pop18,1,0.0003819465637207031,0.0
141,pop19,1,0.00041961669921875,0.0
141,pop51,1,0.00040984153747558594,0.0
141,pop53,1,0.0004127025604248047,0.0
141,pop52,1,0.0004150867462158203,0.0
142,pop4,5,0.001004934310913086,0.001061138459977341
142,pop51,1,0.0004010200500488281,0.0
142,pop19,1,0.0003962516784667969,0.0
142,pop20,1,0.000396728515625,0.0
143,pop31,2,0.0019227266311645508,0.0015128850936889648
143,pop30,1,0.0004303455352783203,0.0
143,pop48,2,0.0029480457305908203,0.0025358200073242188
143,pop52,2,0.00042319297790527344,1.1205673217773438e-05
143,pop12,3,0.000492254892985026,0.0001179219245610321
143,pop53,1,0.00044918060302734375,0.0
143,pop51,1,0.00042819976806640625,0.0
143,pop19,1,0.000431060791015625,0.0
143,pop18,1,0.0003840923309326172,0.0
144,pop27,4,0.0022578835487365723,0.0018682347837370983
144,pop44,2,0.0004982948303222656,0.00011920928955078125
144,pop50,1,0.00038695335388183594,0.0
144,pop51,1,0.00040793418884277344,0.0
144,pop19,1,0.0003952980041503906,0.0
144,pop18,1,0.0003917217254638672,0.0
145,pop50,2,0.0017398595809936523,0.001307368278503418
145,pop55,4,0.00044792890548706055,0.00010281348564024515
145,pop52,1,0.0004067420959472656,0.0
145,pop34,1,0.0003635883331298828,0.0
145,pop35,1,0.0005047321319580078,0.0
146,pop6,4,0.001230478286743164,0.0013033803919396357
146,pop1,1,0.0003726482391357422,0.0
146,pop53,1,0.0003960132598876953,0.0
146,pop52,1,0.00038313865661621094,0.0
146,pop34,1,0.00038504600524902344,0.0
146,pop35,1,0.00039887428283691406,0.0
147,pop45,2,0.001931905746459961,0.001504659652709961
147,pop46,1,0.0004127025604248047,0.0
147,pop20,2,0.0027883052825927734,0.002379179000854492
147,pop19,1,0.0004150867462158203,0.0
147,pop51,3,0.000400543212890625,1.2999097525093628e-05
147,pop4,2,0.0032259225845336914,0.002753615379333496
147,pop22,2,0.0004825592041015625,9.059906005859375e-05
147,pop53,1,0.0005438327789306641,0.0
147,pop1,1,0.0004105567932128906,0.0
147,pop15,1,0.0004119873046875,0.0
148,pop56,2,0.002053976058959961,0.0016238689422607422
148,pop48,1,0.00040912628173828125,0.0
148,pop52,2,0.0003883838653564453,9.5367431640625e-07
148,pop12,4,0.0004417896270751953,6.989345459475022e-05
148,pop53,1,0.00043845176696777344,0.0
148,pop1,1,0.0004253387451171875,0.0
148,pop15,1,0.0003628730773925781,0.0
149,pop37,5,0.001000690460205078,0.001128136711024295
149,pop33,1,0.0003960132598876953,0.0
149,pop50,1,0.0004451274871826172,0.0
149,pop16,1,0.0003960132598876953,0.0
150,pop16,2,0.0018028020858764648,0.0013748407363891602
150,pop23,1,0.004034280776977539,0.0
150,pop24,4,0.0004668235778808594,9.839107537890924e-05
150,pop14,1,0.00036978721618652344,0.0
150,pop50,1,0.0003895759582519531,0.0
150,pop53,1,0.00038886070251464844,0.0
150,pop1,1,0.0003848075866699219,0.0
150,pop6,1,0.0003781318664550781,0.0
151,pop32,4,0.0012221932411193848,0.0012883989609655576
151,pop33,1,0.00040602684020996094,0.0
151,pop50,1,0.0004067420959472656,0.0
151,pop51,1,0.00041556358337402344,0.0
151,pop19,1,0.0004096031188964844,0.0
151,pop18,1,0.00039267539978027344,0.0
152,pop21,5,0.0011058330535888671,0.0013680166495358245
152,pop23,1,0.0004131793975830078,0.0
152,pop16,1,0.0003960132598876953,0.0
152,pop50,1,0.00041103363037109375,0.0
152,pop44,1,0.0004036426544189453,0.0
153,pop8,2,0.0019211769104003906,0.0014879703521728516
153,pop51,2,0.00037980079650878906,2.09808349609375e-05
153,pop9,4,0.0004181861877441406,2.9801845546722352e-05
153,pop10,1,0.00042557716369628906,0.0
154,pop23,4,0.0012467503547668457,0.0013468185171395554
154,pop16,1,0.00043511390686035156,0.0
154,pop50,1,0.0004010200500488281,0.0
154,pop53,1,0.0004134178161621094,0.0
154,pop1,1,0.0003783702850341797,0.0
154,pop15,1,0.0003821849822998047,0.0
155,pop46,2,0.0020028352737426758,0.0015693902969360352
155,pop20,4,0.0004589557647705078,9.762025356905283e-05
155,pop19,1,0.000415802001953125,0.0
155,pop51,1,0.00040912628173828125,0.0
155,pop50,1,0.0004088878631591797,0.0
155,pop14,1,0.0004150867462158203,0.0
155,pop24,1,0.00041675567626953125,0.0
156,pop36,2,0.0018870830535888672,0.0014681816101074219
156,pop51,2,0.00041115283966064453,5.602836608886719e-06
156,pop4,1,0.0049479007720947266,0.0
156,pop22,3,0.00047890345255533856,0.00010806304381116916
156,pop21,1,0.0004074573516845703,0.0
156,pop23,1,0.00042057037353515625,0.0
156,pop16,1,0.0004184246063232422,0.0
156,pop50,1,0.0004696846008300781,0.0
156,pop44,1,0.0005502700805664062,0.0
157,pop44,5,0.0010051727294921875,0.0011052978665690516
157,pop50,1,0.0004067420959472656,0.0
157,pop53,1,0.00041222572326660156,0.0
157,pop1,1,0.00039649009704589844,0.0
157,pop6,1,0.00040602684020996094,0.0
158,pop39,2,0.0020674467086791992,0.0016199350357055664
158,pop38,3,0.00047651926676432293,0.00011253093143467679
158,pop18,3,0.00042359034220377606,2.06681391712835e-05
158,pop19,3,0.00039696693420410156,1.2194358685058995e-05
158,pop20,3,0.0022141138712565103,0.0025484882429192466
158,pop51,1,0.0004429817199707031,0.0
158,pop53,1,0.0004367828369140625,0.0
158,pop1,1,0.0004239082336425781,0.0
158,pop15,1,0.00040149688720703125,0.0
159,pop4,5,0.0009618759155273438,0.001086148201197836
159,pop51,1,0.00037288665771484375,0.0
159,pop50,1,0.0004220008850097656,0.0
159,pop44,1,0.00038909912109375,0.0
160,pop31,2,0.0019305944442749023,0.0014938116073608398
160,pop17,4,0.00042945146560668945,3.1895725818562546e-05
160,pop50,1,0.0004146099090576172,0.0
160,pop16,1,0.0003972053527832031,0.0
161,pop27,4,0.0012884736061096191,0.0014699391311185732
161,pop25,1,0.0003669261932373047,0.0
161,pop17,1,0.0003733634948730469,0.0
161,pop50,1,0.0004372596740722656,0.0
161,pop53,1,0.00040030479431152344,0.0
161,pop52,1,0.0004169940948486328,0.0
162,pop37,5,0.0009969234466552734,0.0011365525107280496
162,pop52,1,0.0003840923309326172,0.0
162,pop55,1,0.00039386749267578125,0.0
163,pop52,3,0.0013283888498942058,0.0012960418950361378
163,pop12,4,0.00043696165084838867,5.0468030957693323e-05
163,pop34,1,0.0003991127014160156,0.0
163,pop35,1,0.0003864765167236328,0.0
164,pop55,5,0.0009551525115966796,0.0010474257094368307
164,pop50,1,0.0004010200500488281,0.0
164,pop51,1,0.0004901885986328125,0.0
165,pop10,2,0.001936197280883789,0.00152587890625
165,pop51,2,0.0004121065139770508,1.0848045349121094e-05
165,pop9,3,0.0004703203837076823,9.629992397971309e-05
165,pop47,1,0.0004112720489501953,0.0
166,pop22,4,0.0011582374572753906,0.0011648796661692525
166,pop51,1,0.0004897117614746094,0.0
166,pop47,1,0.00045418739318847656,0.0
167,pop33,3,0.0013738473256429036,0.0013584671415355527
167,pop32,3,0.00044989585876464844,7.143093842155407e-05
167,pop50,1,0.0004036426544189453,0.0
167,pop53,1,0.0004754066467285156,0.0
167,pop1,1,0.0003952980041503906,0.0
167,pop6,1,0.00037288665771484375,0.0
168,pop50,2,0.0017610788345336914,0.0013328790664672852
168,pop14,3,0.00040404001871744793,1.9641536800181268e-05
168,pop24,1,0.0003960132598876953,0.0
169,pop56,4,0.0012441277503967285,0.0013726021854462754
169,pop48,1,0.0003788471221923828,0.0
169,pop52,1,0.0003848075866699219,0.0
169,pop34,1,0.0004029273986816406,0.0
169,pop35,1,0.0003993511199951172,0.0
170,pop16,3,0.0013315677642822266,0.0013245714037144894
170,pop23,2,0.00040435791015625,7.867813110351562e-06
170,pop24,4,0.00041359663009643555,1.7029308836809803e-05
171,pop27,3,0.0028992493947347007,0.0017644712574470505
171,pop25,1,0.00045299530029296875,0.0
171,pop17,3,0.0004696846008300781,9.37036580809606e-05
171,pop50,1,0.0004601478576660156,0.0
171,pop51,1,0.00044345855712890625,0.0
171,pop10,1,0.00046443939208984375,0.0
172,pop14,5,0.0010441303253173827,0.0011843473823652942
172,pop50,1,0.0004100799560546875,0.0
172,pop51,1,0.0003819465637207031,0.0
172,pop10,1,0.0003962516784667969,0.0
173,pop18,3,0.0014832019805908203,0.0014956477045690844
173,pop38,1,0.004581451416015625,0.0
173,pop19,1,0.00041604042053222656,0.0
173,pop20,4,0.00041431188583374023,3.3150204422712196e-05
173,pop46,1,0.0004355907440185547,0.0
173,pop45,1,0.0003819465637207031,0.0
173,pop44,1,0.00041961669921875,0.0
174,pop21,5,0.0011728763580322265,0.0014089909134464285
174,pop23,1,0.0003695487976074219,0.0
174,pop16,1,0.00038933753967285156,0.0
174,pop50,1,0.00041556358337402344,0.0
174,pop35,1,0.0003859996795654297,0.0
175,pop44,5,0.0010378360748291016,0.0011651903268579723
175,pop50,1,0.0003972053527832031,0.0
175,pop53,1,0.0005011558532714844,0.0
175,pop7,1,0.00039196014404296875,0.0
176,pop4,4,0.001174330711364746,0.001205739122432415
176,pop51,1,0.0004296302795410156,0.0
176,pop50,1,0.0004787445068359375,0.0
176,pop14,1,0.00039386749267578125,0.0
176,pop24,1,0.00036263465881347656,0.0
177,pop10,4,0.0011745095252990723,0.00125325091085562
177,pop51,1,0.000396728515625,0.0
177,pop19,1,0.0003769397735595703,0.0
177,pop18,1,0.00036072731018066406,0.0
178,pop33,3,0.001409610112508138,0.0013887810854712461
178,pop32,3,0.0004813671112060547,9.531277838921425e-05
178,pop50,1,0.0003998279571533203,0.0
178,pop51,1,0.00041365623474121094,0.0
178,pop19,1,0.00039839744567871094,0.0
178,pop20,1,0.0004138946533203125,0.0
179,pop50,3,0.001294533411661784,0.0012347325598693433
179,pop14,3,0.0016822020212809246,0.0017922267856541202
179,pop24,3,0.00046745936075846356,8.64326449452618e-05
179,pop53,1,0.0003974437713623047,0.0
179,pop1,1,0.00040721893310546875,0.0
179,pop6,1,0.00040435791015625,0.0
180,pop16,2,0.0019016265869140625,0.0014677047729492188
180,pop23,1,0.00038886070251464844,0.0
180,pop24,4,0.0004321932792663574,5.987354063856499e-05
180,pop14,1,0.00041365623474121094,0.0
180,pop50,1,0.00043892860412597656,0.0
180,pop53,1,0.0004062652587890625,0.0
180,pop52,1,0.00039839744567871094,0.0
181,pop9,5,0.001043081283569336,0.0011907537090734559
181,pop51,1,0.0004506111145019531,0.0
181,pop19,1,0.0004239082336425781,0.0
181,pop18,1,0.0004093647003173828,0.0
182,pop41,3,0.0013199647267659504,0.0012923783150785282
182,pop40,4,0.00044351816177368164,5.488869374636932e-05
182,pop53,1,0.00040602684020996094,0.0
182,pop1,1,0.0003898143768310547,0.0
182,pop15,1,0.00041294097900390625,0.0
183,pop42,2,0.0019297599792480469,0.0014994144439697266
183,pop43,1,0.0004138946533203125,0.0
183,pop40,2,0.0028014183044433594,0.0023746490478515625
183,pop41,1,0.0004172325134277344,0.0
183,pop53,1,0.0004241466522216797,0.0
183,pop54,1,0.005234956741333008,0.0
183,pop52,3,0.0005107720692952474,0.0001571396499176163
183,pop51,1,0.0004451274871826172,0.0
184,pop47,2,0.0017867088317871094,0.0013277530670166016
184,pop53,2,0.0004140138626098633,3.2186508178710938e-06
184,pop54,2,0.0028902292251586914,0.0024503469467163086
184,pop52,3,0.00048271814982096356,8.89771691903533e-05
184,pop1,1,0.00041675567626953125,0.0
184,pop15,1,0.00040721893310546875,0.0
185,pop40,4,0.0022194385528564453,0.0018391451486940466
185,pop41,1,0.00040149688720703125,0.0
185,pop53,2,0.00046885013580322266,2.276897430419922e-05
185,pop51,1,0.00037026405334472656,0.0
186,pop24,5,0.0010995864868164062,0.0012905478454904474
186,pop14,1,0.000392913818359375,0.0
186,pop50,1,0.0004169940948486328,0.0
186,pop44,1,0.0003769397735595703,0.0
187,pop53,4,0.0011009573936462402,0.0011872193299342546
187,pop1,3,0.0004073778788248698,9.324439238652388e-06
187,pop6,4,0.0016071796417236328,0.0020172452407639808
187,pop54,2,0.00047135353088378906,9.036064147949219e-05
188,pop52,3,0.0013500054677327473,0.001328918587899144
188,pop12,4,0.00045490264892578125,0.00010177332083041421
188,pop53,1,0.0004057884216308594,0.0
188,pop50,1,0.00041174888610839844,0.0
188,pop16,1,0.0003807544708251953,0.0
189,pop55,3,0.0024787584940592446,0.0014856207411162623
189,pop52,3,0.00045482317606608075,8.031706654174313e-05
189,pop53,1,0.00041294097900390625,0.0
189,pop50,1,0.0004329681396484375,0.0
189,pop16,1,0.00039196014404296875,0.0
190,pop27,2,0.0021246671676635742,0.0016821622848510742
190,pop14,3,0.0022620360056559243,0.0026553093663653398
190,pop24,2,0.0004172325134277344,3.0040740966796875e-05
190,pop23,1,0.0004169940948486328,0.0
190,pop16,1,0.0004291534423828125,0.0
191,pop44,2,0.001865983009338379,0.0014301538467407227
191,pop50,2,0.00044226646423339844,4.9114227294921875e-05
191,pop14,2,0.0022505521774291992,0.0018526315689086914
191,pop24,4,0.00047075748443603516,9.961624975405074e-05
191,pop35,1,0.00040650367736816406,0.0
192,pop10,2,0.0020110607147216797,0.0015726089477539062
192,pop51,2,0.00043010711669921875,4.76837158203125e-07
192,pop9,4,0.00046265125274658203,0.00010036834611254243
192,pop53,1,0.00048613548278808594,0.0
192,pop1,1,0.0004150867462158203,0.0
192,pop15,1,0.0005195140838623047,0.0
193,pop16,3,0.0014246304829915364,0.001410626921760616
193,pop23,4,0.000457763671875,0.00011493049151330422
193,pop50,1,0.00042057037353515625,0.0
193,pop51,1,0.0004911422729492188,0.0
193,pop19,1,0.0004031658172607422,0.0
193,pop20,1,0.0005028247833251953,0.0
194,pop48,4,0.0012486577033996582,0.0012997755862590515
194,pop52,1,0.0004169940948486328,0.0
194,pop53,1,0.0003821849822998047,0.0
194,pop51,1,0.0003886222839355469,0.0
194,pop19,1,0.0004031658172607422,0.0
194,pop18,1,0.0003819465637207031,0.0
195,pop30,2,0.0021497011184692383,0.0017224550247192383
195,pop48,1,0.0003914833068847656,0.0
195,pop52,3,0.0004832744598388672,5.034227728363943e-05
195,pop53,1,0.0004177093505859375,0.0
195,pop7,1,0.0003871917724609375,0.0
196,pop32,5,0.0011555671691894532,0.0013961906917938044
196,pop33,1,0.0003814697265625,0.0
196,pop50,1,0.0004296302795410156,0.0
196,pop16,1,0.00039458274841308594,0.0
197,pop18,2,0.0020014047622680664,0.001564621925354004
197,pop38,3,0.0021028518676757812,0.002410471646931129
197,pop39,1,0.0003917217254638672,0.0
197,pop44,1,0.0063440799713134766,0.0
197,pop50,2,0.0004227161407470703,6.67572021484375e-06
197,pop17,2,0.0004961490631103516,8.630752563476562e-05
197,pop53,1,0.0004439353942871094,0.0
197,pop52,1,0.0004334449768066406,0.0
198,pop33,3,0.0014793872833251953,0.0014933279264616093
198,pop32,4,0.0004183650016784668,3.826130742372581e-05
198,pop50,1,0.0005099773406982422,0.0
198,pop51,1,0.00040340423583984375,0.0
199,pop50,2,0.0018298625946044922,0.0013780593872070312
199,pop14,4,0.0004183650016784668,1.4159710324124088e-05
199,pop24,1,0.0003790855407714844,0.0
200,pop9,5,0.0010534763336181641,0.0012111268694131986
200,pop51,1,0.00039839744567871094,0.0
200,pop50,1,0.0004303455352783203,0.0
200,pop16,1,0.00039505958557128906,0.0
201,pop41,2,0.001868605613708496,0.0014208555221557617
201,pop53,3,0.001549084981282552,0.0016430029153441876
201,pop52,2,0.00044918060302734375,5.269050598144531e-05
201,pop7,1,0.0003838539123535156,0.0
202,pop42,2,0.0020685195922851562,0.0016264915466308594
202,pop43,1,0.0003895759582519531,0.0
202,pop51,1,0.0004572868347167969,0.0
202,pop53,2,0.0023212432861328125,0.001913309097290039
202,pop52,4,0.0005099773406982422,0.00010427835584538141
202,pop7,1,0.00039458274841308594,0.0
203,pop28,2,0.0019085407257080078,0.0014901161193847656
203,pop51,1,0.0004055500030517578,0.0
203,pop53,4,0.00047522783279418945,7.508848748799748e-05
203,pop50,1,0.0004444122314453125,0.0
203,pop14,1,0.0004200935363769531,0.0
203,pop24,1,0.0004124641418457031,0.0
204,pop38,3,0.0030577977498372397,0.0018787623794970763
204,pop18,1,0.0004210472106933594,0.0
204,pop19,2,0.00042235851287841797,1.5497207641601562e-06
204,pop51,2,0.00038945674896240234,2.5033950805664062e-06
204,pop22,2,0.00047969818115234375,7.152557373046875e-05
204,pop20,1,0.0003974437713623047,0.0
205,pop46,2,0.002144932746887207,0.0017205476760864258
205,pop20,4,0.0004146695137023926,1.8116184392247487e-05
206,pop47,5,0.0009869575500488282,0.0010870187567985294
206,pop53,1,0.0004146099090576172,0.0
206,pop1,1,0.00036907196044921875,0.0
206,pop6,1,0.00041222572326660156,0.0
207,pop52,5,0.0010098934173583985,0.0011208030310741887
207,pop53,1,0.00043511390686035156,0.0
207,pop7,1,0.0003905296325683594,0.0
208,pop50,2,0.0018339157104492188,0.0014028549194335938
208,pop53,4,0.0004330873489379883,4.9310155674321064e-05
208,pop1,1,0.00038909912109375,0.0
208,pop15,1,0.0004050731658935547,0.0
209,pop9,5,0.0010635852813720703,0.0011972690453737442
209,pop51,1,0.0004267692565917969,0.0
209,pop53,1,0.00043392181396484375,0.0
209,pop52,1,0.0004057884216308594,0.0
210,pop42,2,0.0020799636840820312,0.0016241073608398438
210,pop43,1,0.0004177093505859375,0.0
210,pop40,1,0.004924774169921875,0.0
210,pop41,1,0.0004062652587890625,0.0
210,pop53,1,0.0003952980041503906,0.0
210,pop52,4,0.0018849968910217285,0.0025238291935456504
210,pop13,2,0.0005273818969726562,8.344650268554688e-06
210,pop34,1,0.0004177093505859375,0.0
210,pop35,1,0.0004017353057861328,0.0
211,pop57,2,0.002351999282836914,0.0018680095672607422
211,pop56,1,0.004506587982177734,0.0
211,pop48,1,0.0004336833953857422,0.0
211,pop52,2,0.00252532958984375,0.0021245479583740234
211,pop12,3,0.0005109310150146484,0.00012327708471117948
211,pop53,1,0.0004525184631347656,0.0
211,pop51,1,0.0004496574401855469,0.0
211,pop19,1,0.0004241466522216797,0.0
211,pop20,1,0.00041031837463378906,0.0
212,pop56,5,0.001141500473022461,0.0013625011438765
212,pop48,1,0.0003941059112548828,0.0
212,pop52,1,0.0003921985626220703,0.0
212,pop53,1,0.0004012584686279297,0.0
212,pop1,1,0.0003948211669921875,0.0
212,pop15,1,0.0004029273986816406,0.0
213,pop30,2,0.002056717872619629,0.001628279685974121
213,pop48,1,0.00039196014404296875,0.0
213,pop52,2,0.003293633460998535,0.0028635263442993164
214,pop41,2,0.001878499984741211,0.0014557838439941406
214,pop53,3,0.0016627311706542969,0.0017342921757638253
214,pop52,2,0.0026513338088989258,0.002167344093322754
214,pop12,2,0.0004887580871582031,0.000110626220703125
214,pop50,1,0.00043129920959472656,0.0
214,pop16,1,0.0004329681396484375,0.0
215,pop50,2,0.0019229650497436523,0.0014759302139282227
215,pop44,3,0.00042168299357096356,8.213818980982605e-06
216,pop9,4,0.0012126564979553223,0.001232647196653454
216,pop51,1,0.0004303455352783203,0.0
216,pop50,1,0.0004343986511230469,0.0
216,pop35,1,0.000396728515625,0.0
217,pop21,5,0.0012108325958251954,0.0015715334813833843
217,pop23,1,0.00038933753967285156,0.0
217,pop24,1,0.00039577484130859375,0.0
218,pop55,2,0.0019469261169433594,0.0015244483947753906
218,pop52,3,0.0019515355428059895,0.0021849122461035497
218,pop12,2,0.0005552768707275391,0.00017309188842773438
219,pop44,3,0.0029486815134684243,0.0017752699840954443
219,pop50,2,0.00041544437408447266,8.463859558105469e-06
219,pop17,2,0.00043892860412597656,6.818771362304688e-05
219,pop55,1,0.00038552284240722656,0.0
220,pop16,3,0.0015354156494140625,0.0015874504972159796
220,pop23,3,0.0004661877950032552,8.223985767485308e-05
220,pop50,1,0.0004169940948486328,0.0
220,pop51,1,0.0004322528839111328,0.0
220,pop19,1,0.00040650367736816406,0.0
220,pop18,1,0.0004096031188964844,0.0
221,pop57,2,0.0024962425231933594,0.0020515918731689453
221,pop56,1,0.005043506622314453,0.0
221,pop48,1,0.00044798851013183594,0.0
221,pop52,4,0.00047147274017333984,0.00011090661095271404
221,pop53,1,0.0004317760467529297,0.0
221,pop51,1,0.000423431396484375,0.0
221,pop19,1,0.00043582916259765625,0.0
221,pop18,1,0.0003871917724609375,0.0
222,pop50,3,0.0014067490895589192,0.0013643614146265318
222,pop33,2,0.0004265308380126953,3.457069396972656e-05
222,pop32,4,0.000455319881439209,9.235856550775607e-05
222,pop53,1,0.0005388259887695312,0.0
222,pop1,1,0.0003960132598876953,0.0
222,pop6,1,0.00039124488830566406,0.0
223,pop9,5,0.0010930538177490235,0.0012822308172312567
223,pop51,1,0.00041484832763671875,0.0
223,pop50,1,0.0004391670227050781,0.0
223,pop55,1,0.0004150867462158203,0.0
224,pop6,5,0.0011219978332519531,0.0013039029043187403
224,pop1,1,0.00042366981506347656,0.0
224,pop53,1,0.0004203319549560547,0.0
224,pop52,1,0.00040459632873535156,0.0
224,pop34,1,0.00043392181396484375,0.0
224,pop35,1,0.0003809928894042969,0.0
225,pop45,2,0.0021604299545288086,0.001662611961364746
225,pop44,1,0.004347085952758789,0.0
225,pop50,3,0.0004398822784423828,5.247628491905231e-05
225,pop17,2,0.0030287504196166992,0.002626776695251465
225,pop33,2,0.00040793418884277344,9.5367431640625e-06
225,pop32,3,0.00044600168863932293,6.198954378027496e-05
225,pop53,1,0.0004131793975830078,0.0
225,pop7,1,0.000400543212890625,0.0
226,pop33,3,0.0015652974446614583,0.0015886317493929076
226,pop32,3,0.00043773651123046875,2.732017542504043e-05
226,pop50,1,0.0005156993865966797,0.0
226,pop44,1,0.00036525726318359375,0.0
227,pop21,2,0.002413153648376465,0.001973748207092285
227,pop22,3,0.00048661231994628906,0.00010670716432764098
227,pop51,1,0.00041222572326660156,0.0
227,pop47,1,0.0003974437713623047,0.0
228,pop44,4,0.0022720694541931152,0.0018883058394285038
228,pop50,2,0.00045812129974365234,4.5418739318847656e-05
228,pop17,2,0.00048661231994628906,6.723403930664062e-05
229,pop50,3,0.0014435450236002605,0.0014401347186639814
229,pop14,2,0.0024088621139526367,0.001963973045349121
229,pop24,4,0.00045800209045410156,0.0001056915235213752
229,pop53,1,0.0004100799560546875,0.0
229,pop47,1,0.0005097389221191406,0.0
230,pop8,2,0.0021033287048339844,0.0016396045684814453
230,pop51,2,0.00039446353912353516,6.079673767089844e-06
230,pop4,4,0.0004698038101196289,0.00011111002857213917
230,pop50,1,0.0004222393035888672,0.0
230,pop35,1,0.00039458274841308594,0.0
231,pop23,3,0.003312826156616211,0.0021088589056998818
231,pop24,5,0.0014050006866455078,0.0019102798647554825
231,pop14,1,0.00040435791015625,0.0
231,pop50,1,0.00044465065002441406,0.0
231,pop51,1,0.0004603862762451172,0.0
231,pop19,1,0.0004520416259765625,0.0
231,pop18,1,0.0004062652587890625,0.0
232,pop36,2,0.0021315813064575195,0.0016895532608032227
232,pop51,1,0.00046253204345703125,0.0
232,pop22,3,0.000440677007039388,5.161980951524419e-05
232,pop21,1,0.0004138946533203125,0.0
232,pop23,1,0.0006301403045654297,0.0
232,pop16,1,0.0005598068237304688,0.0
232,pop50,1,0.0005898475646972656,0.0
232,pop14,1,0.0005395412445068359,0.0
232,pop24,1,0.0004425048828125,0.0
233,pop39,2,0.0023915767669677734,0.0019211769104003906
233,pop38,1,0.00041413307189941406,0.0
233,pop18,1,0.00043511390686035156,0.0
233,pop19,1,0.0003948211669921875,0.0
233,pop51,4,0.0004112124443054199,6.685026953246449e-06
233,pop4,4,0.0017843246459960938,0.0023491032215565088
233,pop10,2,0.0033239126205444336,0.0027812719345092773
234,pop31,2,0.002268195152282715,0.0018097162246704102
234,pop17,3,0.0004227956136067708,4.454040805957056e-05
234,pop50,1,0.0004277229309082031,0.0
234,pop16,1,0.00039696693420410156,0.0
235,pop37,5,0.0010904312133789063,0.0013177719089790996
235,pop52,1,0.00042247772216796875,0.0
235,pop55,1,0.00037860870361328125,0.0
236,pop47,2,0.0019948482513427734,0.0015344619750976562
236,pop53,2,0.00040590763092041016,1.9669532775878906e-05
236,pop52,4,0.001886606216430664,0.0025522197473721517
236,pop13,1,0.006896495819091797,0.0
236,pop48,2,0.0005505084991455078,0.00012063980102539062
236,pop51,1,0.0004448890686035156,0.0
236,pop19,1,0.00041961669921875,0.0
236,pop20,1,0.00041365623474121094,0.0
237,pop55,2,0.0020334720611572266,0.001592397689819336
237,pop52,4,0.00047218799591064453,0.00010588583544063148
237,pop53,1,0.0004153251647949219,0.0
237,pop51,1,0.0004088878631591797,0.0
237,pop19,1,0.000415802001953125,0.0
237,pop18,1,0.0004048347473144531,0.0
238,pop16,2,0.002143263816833496,0.0017129182815551758
238,pop23,1,0.00040078163146972656,0.0
238,pop24,4,0.0004500150680541992,5.197921462207544e-05
238,pop14,1,0.00039005279541015625,0.0
238,pop50,1,0.0004296302795410156,0.0
238,pop53,1,0.0004267692565917969,0.0
238,pop52,1,0.0004069805145263672,0.0
239,pop45,2,0.0022770166397094727,0.0018273591995239258
239,pop44,1,0.00038909912109375,0.0
239,pop50,2,0.0004208087921142578,7.152557373046875e-07
239,pop17,3,0.0004611015319824219,0.000112007008335442
239,pop51,1,0.0004036426544189453,0.0
239,pop19,1,0.0004363059997558594,0.0
239,pop18,1,0.0003838539123535156,0.0
240,pop21,4,0.0014904141426086426,0.0017226574176037713
240,pop23,1,0.0003845691680908203,0.0
240,pop16,1,0.0003924369812011719,0.0
240,pop50,1,0.00039577484130859375,0.0
240,pop35,1,0.00042438507080078125,0.0
241,pop22,5,0.0011018753051757813,0.0012738938778356433
241,pop51,1,0.0004074573516845703,0.0
241,pop50,1,0.0004477500915527344,0.0
241,pop35,1,0.0003871917724609375,0.0
242,pop30,2,0.002243518829345703,0.001804351806640625
242,pop48,1,0.0004208087921142578,0.0
242,pop52,2,0.003197312355041504,0.002660393714904785
242,pop12,4,0.0004432201385498047,5.685920723777685e-05
242,pop53,1,0.0004038810729980469,0.0
242,pop7,1,0.0004189014434814453,0.0
243,pop6,2,0.0022530555725097656,0.0017881393432617188
243,pop1,1,0.0004074573516845703,0.0
243,pop53,2,0.0005708932876586914,0.00017011165618896484
243,pop54,1,0.0004177093505859375,0.0
243,pop52,3,0.00048359235127766925,8.862980638508972e-05
243,pop50,1,0.0004425048828125,0.0
243,pop16,1,0.0004162788391113281,0.0
244,pop44,2,0.002261638641357422,0.0017998218536376953
244,pop50,1,0.00041747093200683594,0.0
244,pop53,2,0.0004621744155883789,5.137920379638672e-05
244,pop52,2,0.002672910690307617,0.002172231674194336
244,pop12,3,0.00045951207478841144,6.834434904585143e-05
244,pop7,1,0.00041222572326660156,0.0
245,pop31,2,0.0023993253707885742,0.001927495002746582
245,pop30,1,0.0003859996795654297,0.0
245,pop48,1,0.0004050731658935547,0.0
245,pop52,4,0.0004534125328063965,6.310381209805514e-05
245,pop53,1,0.0004324913024902344,0.0
245,pop7,1,0.0003829002380371094,0.0
246,pop37,4,0.0013383030891418457,0.001429501836589418
246,pop33,1,0.00038504600524902344,0.0
246,pop50,1,0.0004448890686035156,0.0
246,pop51,1,0.00045013427734375,0.0
246,pop19,1,0.00043511390686035156,0.0
246,pop20,1,0.0004074573516845703,0.0
247,pop47,4,0.0013009905815124512,0.001403494726997124
247,pop53,1,0.0004315376281738281,0.0
247,pop50,1,0.0005533695220947266,0.0
247,pop55,1,0.0003979206085205078,0.0
248,pop45,2,0.002469778060913086,0.001962423324584961
248,pop44,2,0.0003923177719116211,1.2755393981933594e-05
248,pop50,2,0.0004113912582397461,2.2530555725097656e-05
248,pop17,4,0.0004451870918273926,4.333921720057615e-05
249,pop14,2,0.0022307634353637695,0.001784682273864746
249,pop24,3,0.00040912628173828125,1.0484997476242076e-05
250,pop4,3,0.0030857721964518228,0.0019153526008892667
250,pop51,2,0.0004369020462036133,1.8715858459472656e-05
250,pop22,2,0.00048553943634033203,3.993511199951172e-05
250,pop19,1,0.0004093647003173828,0.0
250,pop20,1,0.0004017353057861328,0.0
251,pop36,2,0.002202749252319336,0.0017368793487548828
251,pop51,2,0.0004165172576904297,4.76837158203125e-07
251,pop4,3,0.0004698435465494792,7.832484771134064e-05
251,pop50,1,0.0004184246063232422,0.0
251,pop55,1,0.0003845691680908203,0.0
252,pop22,5,0.0010980606079101563,0.0013208752551402546
252,pop51,1,0.0004305839538574219,0.0
252,pop19,1,0.00042510032653808594,0.0
252,pop18,1,0.0003876686096191406,0.0
253,pop44,2,0.002278566360473633,0.0018117427825927734
253,pop50,1,0.00041747093200683594,0.0
253,pop53,1,0.0004181861877441406,0.0
253,pop52,4,0.0004076361656188965,1.024697285918865e-05
254,pop47,2,0.0020328760147094727,0.0015808343887329102
254,pop53,1,0.0004265308380126953,0.0
254,pop52,3,0.0004719098409016927,5.745519509305359e-05
254,pop34,1,0.00039315223693847656,0.0
254,pop35,1,0.0004258155822753906,0.0
255,pop40,2,0.0021697282791137695,0.0017069578170776367
255,pop41,1,0.0003972053527832031,0.0
255,pop53,2,0.0005217790603637695,9.071826934814453e-05
255,pop54,1,0.00039386749267578125,0.0
255,pop52,4,0.0017679333686828613,0.002329999632481286
255,pop12,5,0.0018059730529785157,0.002694672835348288
255,pop48,1,0.008285284042358398,0.0
255,pop51,1,0.00041985511779785156,0.0
255,pop19,1,0.00038814544677734375,0.0
255,pop20,1,0.00043129920959472656,0.0
256,pop24,5,0.0012893199920654297,0.0016045254325871632
256,pop14,1,0.00038933753967285156,0.0
256,pop50,1,0.0005037784576416016,0.0
256,pop53,1,0.0004069805145263672,0.0
256,pop47,1,0.0005056858062744141,0.0
257,pop53,4,0.0012403130531311035,0.0012910688940322886
257,pop51,1,0.0003962516784667969,0.0
257,pop10,1,0.00039505958557128906,0.0
258,pop27,5,0.0012513160705566405,0.0016306270739460122
258,pop25,1,0.00040268898010253906,0.0
258,pop17,1,0.00039124488830566406,0.0
258,pop50,1,0.00043487548828125,0.0
258,pop16,1,0.0004210472106933594,0.0
259,pop10,3,0.0016318957010904949,0.001707280639378066
259,pop51,2,0.0003924369812011719,1.049041748046875e-05
259,pop22,3,0.0004949569702148438,6.714802960364411e-05
260,pop9,5,0.0011077880859375,0.0013316703089244271
260,pop51,1,0.0004401206970214844,0.0
260,pop50,1,0.0004074573516845703,0.0
260,pop44,1,0.0005049705505371094,0.0
261,pop30,2,0.002282261848449707,0.0018237829208374023
261,pop48,1,0.0003979206085205078,0.0
261,pop52,2,0.003516674041748047,0.0030870437622070312
261,pop55,3,0.0004543463389078776,6.679843961037876e-05
261,pop50,1,0.00044083595275878906,0.0
261,pop14,1,0.0004096031188964844,0.0
261,pop24,1,0.00041103363037109375,0.0
262,pop37,5,0.0011255741119384766,0.0013324234440635003
262,pop52,1,0.00041174888610839844,0.0
262,pop53,1,0.0004258155822753906,0.0
262,pop1,1,0.0004138946533203125,0.0
262,pop15,1,0.0004184246063232422,0.0
263,pop45,2,0.002351522445678711,0.0018689632415771484
263,pop44,1,0.0003685951232910156,0.0
263,pop50,2,0.00040161609649658203,5.602836608886719e-06
263,pop17,3,0.0004452069600423177,4.599535954223901e-05
263,pop51,1,0.00039076805114746094,0.0
264,pop36,2,0.002272963523864746,0.001809239387512207
264,pop51,2,0.00041353702545166016,8.344650268554688e-07
264,pop22,4,0.00046622753143310547,0.00010255664624736782
264,pop19,1,0.00043129920959472656,0.0
264,pop18,1,0.0004222393035888672,0.0
265,pop22,5,0.0011354923248291016,0.0013210984656741006
265,pop51,1,0.0008590221405029297,0.0
265,pop53,1,0.00046944618225097656,0.0
265,pop52,1,0.0004210472106933594,0.0
265,pop34,1,0.00040221214294433594,0.0
265,pop35,1,0.00040078163146972656,0.0
266,pop48,2,0.0024261474609375,0.0019423961639404297
266,pop52,4,0.0004099607467651367,2.1178026009675465e-05
266,pop55,1,0.00038909912109375,0.0
267,pop32,5,0.0013179302215576172,0.0016842858571702798
267,pop33,1,0.0004723072052001953,0.0
267,pop50,1,0.00042939186096191406,0.0
267,pop51,1,0.00042939186096191406,0.0
267,pop10,1,0.00041484832763671875,0.0
268,pop18,3,0.001756747563680013,0.0018500258428637223
268,pop38,3,0.0004502137502034505,9.081428740194256e-05
268,pop19,1,0.00040221214294433594,0.0
268,pop51,1,0.0004303455352783203,0.0
268,pop53,1,0.000431060791015625,0.0
268,pop1,1,0.0003864765167236328,0.0
268,pop6,1,0.00041174888610839844,0.0
269,pop50,3,0.0015320777893066406,0.001567677210810885
269,pop17,4,0.00047516822814941406,7.2104180016468e-05
269,pop53,1,0.0004286766052246094,0.0
269,pop1,1,0.00043892860412597656,0.0
269,pop15,1,0.00038743019104003906,0.0
270,pop14,3,0.0017177263895670574,0.001803802746401341
270,pop24,4,0.0004093050956726074,4.362192712634341e-05
270,pop50,1,0.00044035911560058594,0.0
270,pop51,1,0.0005178451538085938,0.0
271,pop4,3,0.0034291744232177734,0.0022042739902008463
271,pop51,2,0.0004239082336425781,5.0067901611328125e-06
271,pop10,2,0.0004801750183105469,7.748603820800781e-05
271,pop53,1,0.0004127025604248047,0.0
271,pop7,1,0.00038909912109375,0.0
272,pop28,2,0.002328157424926758,0.001898050308227539
272,pop36,1,0.0004892349243164062,0.0
272,pop10,4,0.000431060791015625,6.553150529620767e-05
272,pop51,1,0.00040841102600097656,0.0
272,pop53,1,0.0004363059997558594,0.0
272,pop7,1,0.00037670135498046875,0.0
273,pop38,3,0.0036276976267496743,0.002269023236034412
273,pop39,1,0.00036597251892089844,0.0
273,pop44,1,0.006766796112060547,0.0
273,pop50,2,0.00042808055877685547,2.2292137145996094e-05
273,pop17,2,0.0005431175231933594,0.000102996826171875
273,pop53,1,0.0004315376281738281,0.0
273,pop47,1,0.00042247772216796875,0.0
274,pop46,2,0.0024738311767578125,0.0020122528076171875
274,pop45,1,0.0004096031188964844,0.0
274,pop44,1,0.005449056625366211,0.0
274,pop50,2,0.0004215240478515625,8.106231689453125e-06
274,pop17,5,0.0004981517791748047,0.00016038129847030836
274,pop25,2,0.00040161609649658203,1.1086463928222656e-05
274,pop27,1,0.0007936954498291016,0.0
274,pop51,1,0.0004394054412841797,0.0
274,pop19,1,0.0004367828369140625,0.0
274,pop18,1,0.0004150867462158203,0.0
275,pop52,5,0.0011587142944335938,0.0014609084923083103
276,pop42,2,0.00244295597076416,0.0019875764846801758
276,pop43,2,0.0004068613052368164,6.794929504394531e-06
276,pop40,4,0.00046646595001220703,9.152020991788446e-05
276,pop51,1,0.0004355907440185547,0.0
276,pop10,1,0.00038433074951171875,0.0
277,pop8,2,0.002306222915649414,0.0018463134765625
277,pop51,3,0.00041635831197102863,1.5951293825011017e-05
277,pop4,3,0.0023588339487711587,0.0027220053770609415
277,pop50,2,0.00042319297790527344,9.5367431640625e-07
277,pop17,2,0.0005102157592773438,9.894371032714844e-05
277,pop10,1,0.0003859996795654297,0.0
278,pop23,2,0.0025773048400878906,0.0021131038665771484
278,pop24,4,0.0004596710205078125,9.335586882926738e-05
278,pop14,1,0.00038313865661621094,0.0
278,pop50,1,0.0004239082336425781,0.0
278,pop51,1,0.0004000663757324219,0.0
278,pop19,1,0.0004086494445800781,0.0
278,pop18,1,0.0004169940948486328,0.0
279,pop39,2,0.0025920867919921875,0.0020978450775146484
279,pop38,3,0.0004069805145263672,1.594376897554444e-05
279,pop18,1,0.0003981590270996094,0.0
279,pop19,1,0.0004088878631591797,0.0
279,pop51,1,0.00039768218994140625,0.0
280,pop21,2,0.0026930570602416992,0.0022057294845581055
280,pop22,4,0.0004260540008544922,3.3366678015765757e-05
280,pop51,1,0.0004017353057861328,0.0
280,pop10,1,0.0003829002380371094,0.0
281,pop36,2,0.0024482011795043945,0.0020006895065307617
281,pop51,1,0.0004134178161621094,0.0
281,pop22,3,0.00044147173563639325,4.2460081305389006e-05
281,pop21,1,0.0004124641418457031,0.0
281,pop23,1,0.0004279613494873047,0.0
281,pop16,1,0.00042128562927246094,0.0
282,pop18,2,0.0025234222412109375,0.0020325183868408203
282,pop19,1,0.0003941059112548828,0.0
282,pop51,3,0.00044083595275878906,6.622059045501443e-05
282,pop4,1,0.005239963531494141,0.0
282,pop10,2,0.0033713579177856445,0.002971053123474121
282,pop50,2,0.0006153583526611328,0.00016045570373535156
282,pop14,2,0.0004551410675048828,4.9591064453125e-05
282,pop27,1,0.00040793418884277344,0.0
282,pop25,1,0.00042366981506347656,0.0
282,pop17,3,0.00048240025838216144,7.252898865764176e-05
282,pop24,1,0.00039315223693847656,0.0
283,pop50,3,0.0016311009724934895,0.0016935510625709065
283,pop17,4,0.0004724860191345215,0.00011386108220610053
283,pop35,1,0.00040221214294433594,0.0
284,pop14,5,0.0023202896118164062,0.002392545568402209
284,pop24,2,0.0004805326461791992,5.924701690673828e-05
284,pop50,1,0.0004279613494873047,0.0
284,pop53,1,0.00042176246643066406,0.0
284,pop7,1,0.00040268898010253906,0.0
285,pop56,5,0.0013394355773925781,0.001765086880205945
285,pop48,1,0.00041985511779785156,0.0
285,pop52,1,0.0004394054412841797,0.0
285,pop53,1,0.0004341602325439453,0.0
285,pop50,1,0.00041031837463378906,0.0
285,pop16,1,0.00039577484130859375,0.0
286,pop41,2,0.002257227897644043,0.0017992258071899414
286,pop53,2,0.0003895759582519531,1.5735626220703125e-05
286,pop54,1,0.004988908767700195,0.0
286,pop52,2,0.0004049539566040039,2.9802322387695312e-06
286,pop12,4,0.00046008825302124023,7.14954422028449e-05
286,pop7,1,0.0004069805145263672,0.0
287,pop31,2,0.002474546432495117,0.002010822296142578
287,pop17,3,0.0004696051279703776,7.689392423143221e-05
287,pop50,1,0.0006592273712158203,0.0
287,pop53,1,0.00043773651123046875,0.0
287,pop51,1,0.00044035911560058594,0.0
287,pop10,1,0.00041031837463378906,0.0
288,pop38,3,0.003890355428059896,0.0024332329749774716
288,pop39,1,0.00042247772216796875,0.0
288,pop44,3,0.00044496854146321613,3.5329596986329755e-05
288,pop50,1,0.000446319580078125,0.0
288,pop55,1,0.0005276203155517578,0.0
289,pop52,4,0.0025120973587036133,0.00210692688071115
289,pop12,2,0.0004736185073852539,8.285045623779297e-05
289,pop53,1,0.00043582916259765625,0.0
289,pop1,1,0.00038504600524902344,0.0
289,pop15,1,0.0005257129669189453,0.0
290,pop39,2,0.002713322639465332,0.002239823341369629
290,pop44,3,0.0005337397257486979,0.00015583097829229142
290,pop50,1,0.00041174888610839844,0.0
290,pop35,1,0.00042128562927246094,0.0
291,pop47,5,0.0011934280395507813,0.0014473466831038699
291,pop53,1,0.00041556358337402344,0.0
291,pop52,1,0.0004029273986816406,0.0
291,pop34,1,0.0005605220794677734,0.0
291,pop35,1,0.00041174888610839844,0.0
292,pop57,2,0.0028749704360961914,0.0024112462997436523
292,pop56,1,0.0004172325134277344,0.0
292,pop48,4,0.0004937052726745605,6.55794940687411e-05
292,pop52,1,0.00040721893310546875,0.0
292,pop53,1,0.0004062652587890625,0.0
292,pop50,1,0.00044465065002441406,0.0
292,pop16,1,0.00054931640625,0.0
293,pop24,5,0.0013886451721191405,0.0018544244569995722
293,pop14,1,0.00040411949157714844,0.0
293,pop50,1,0.0004296302795410156,0.0
293,pop53,1,0.00041985511779785156,0.0
293,pop1,1,0.00039267539978027344,0.0
293,pop6,1,0.0005288124084472656,0.0
294,pop10,4,0.002769291400909424,0.002356693211503969
294,pop51,1,0.0004000663757324219,0.0
294,pop53,1,0.0058405399322509766,0.0
294,pop54,2,0.0004690885543823242,9.524822235107422e-05
294,pop52,1,0.0003981590270996094,0.0
294,pop55,1,0.00038933753967285156,0.0
295,pop9,5,0.00123138427734375,0.0016025278671644608
295,pop51,1,0.0004220008850097656,0.0
295,pop19,1,0.00040531158447265625,0.0
295,pop20,1,0.0004134178161621094,0.0
296,pop30,2,0.002475261688232422,0.001961231231689453
296,pop48,3,0.0025523503621419272,0.0030156430272324105
296,pop49,3,0.0005043347676595052,5.969559829558195e-05
296,pop52,1,0.0004324913024902344,0.0
296,pop53,1,0.00044608116149902344,0.0
296,pop1,1,0.00042557716369628906,0.0
296,pop15,1,0.0005018711090087891,0.0
297,pop37,5,0.0011942863464355468,0.001484697969774507
297,pop33,1,0.0004031658172607422,0.0
297,pop50,1,0.0004458427429199219,0.0
297,pop16,1,0.0004572868347167969,0.0
298,pop45,2,0.0026493072509765625,0.0021305084228515625
298,pop44,2,0.0030584335327148438,0.0026531219482421875
298,pop50,2,0.00043463706970214844,2.86102294921875e-06
298,pop33,2,0.0004252195358276367,9.894371032714844e-06
298,pop32,3,0.00043972333272298175,6.645575461335085e-05
298,pop14,1,0.00044226646423339844,0.0
298,pop24,1,0.0004050731658935547,0.0
299,pop41,3,0.0017704168955485027,0.001867989765717678
299,pop40,4,0.0004763603210449219,0.00015285401680805748
299,pop53,1,0.00043010711669921875,0.0
299,pop47,1,0.0003859996795654297,0.0
300,pop38,2,0.002890944480895996,0.0023680925369262695
300,pop39,1,0.0003991127014160156,0.0
300,pop44,2,0.0035724639892578125,0.0031638145446777344
300,pop50,2,0.0004159212112426758,1.609325408935547e-05
300,pop14,2,0.0004113912582397461,1.1324882507324219e-05
300,pop24,3,0.0005017916361490885,0.00013262394062002253
300,pop51,1,0.0004394054412841797,0.0
300,pop19,1,0.0004191398620605469,0.0
300,pop20,1,0.00042629241943359375,0.0
301,pop33,3,0.0019615491231282554,0.002106987439008431
301,pop32,4,0.0004658699035644531,0.00011579426111002085
301,pop50,1,0.0006811618804931641,0.0
301,pop44,1,0.00041604042053222656,0.0
301,pop45,1,0.0004291534423828125,0.0
301,pop46,1,0.0004112720489501953,0.0
301,pop20,1,0.0003948211669921875,0.0
302,pop48,4,0.002908051013946533,0.002435583589283865
302,pop49,3,0.00047580401102701825,0.00011158097050176574
302,pop52,1,0.0004241466522216797,0.0
302,pop53,1,0.0004341602325439453,0.0
302,pop50,1,0.000484466552734375,0.0
302,pop16,1,0.00039696693420410156,0.0
303,pop4,2,0.0024399757385253906,0.001978158950805664
303,pop51,2,0.0003968477249145508,7.987022399902344e-06
303,pop10,3,0.0004475911458333333,5.497994238300303e-05
303,pop19,1,0.0004038810729980469,0.0
303,pop18,1,0.0004127025604248047,0.0
304,pop45,2,0.0026628971099853516,0.002201080322265625
304,pop44,1,0.0051648616790771484,0.0
304,pop50,5,0.0004295825958251953,8.491718755944913e-06
304,pop55,2,0.0030633211135864258,0.002673506736755371
304,pop17,1,0.007622480392456055,0.0
304,pop14,3,0.003721157709757487,0.00464750704412168
304,pop24,3,0.0035442511240641275,0.004315474986486638
304,pop23,1,0.0004286766052246094,0.0
304,pop16,1,0.00044345855712890625,0.0
304,pop53,1,0.00047087669372558594,0.0
304,pop52,1,0.00039696693420410156,0.0
305,pop41,2,0.0024825334548950195,0.002025008201599121
305,pop40,2,0.0030069351196289062,0.002481698989868164
305,pop43,1,0.00038886070251464844,0.0
305,pop51,2,0.00042116641998291016,1.609325408935547e-05
305,pop10,2,0.0004856586456298828,7.462501525878906e-05
305,pop53,1,0.0004165172576904297,0.0
305,pop52,1,0.0004067420959472656,0.0
306,pop38,2,0.0029146671295166016,0.002422332763671875
306,pop39,1,0.0004203319549560547,0.0
306,pop44,2,0.0034290552139282227,0.00303494930267334
306,pop50,3,0.0006620089213053385,0.0001781827949851251
306,pop14,1,0.000453948974609375,0.0
306,pop27,2,0.00043451786041259766,1.704692840576172e-05
306,pop25,1,0.0005941390991210938,0.0
306,pop17,4,0.0005228519439697266,9.890147537185743e-05
306,pop53,1,0.0004858970642089844,0.0
306,pop51,1,0.00048279762268066406,0.0
306,pop19,1,0.0004410743713378906,0.0
306,pop18,1,0.00042700767517089844,0.0
307,pop55,4,0.0026586055755615234,0.00228034874468501
307,pop50,3,0.00043280919392903644,8.92151434880812e-06
307,pop17,1,0.007341861724853516,0.0
307,pop14,2,0.00042879581451416016,3.612041473388672e-05
307,pop24,2,0.0004965066909790039,7.49826431274414e-05
307,pop44,1,0.00039696693420410156,0.0
308,pop16,2,0.002607583999633789,0.002121448516845703
308,pop23,1,0.005704641342163086,0.0
308,pop24,4,0.00046634674072265625,9.051023696777658e-05
308,pop14,1,0.0004189014434814453,0.0
308,pop50,1,0.0004286766052246094,0.0
308,pop53,1,0.0004036426544189453,0.0
308,pop1,1,0.0003898143768310547,0.0
308,pop6,1,0.0003800392150878906,0.0
309,pop46,2,0.0027391910552978516,0.002281665802001953
309,pop45,1,0.0004169940948486328,0.0
309,pop44,3,0.002629518508911133,0.0031587075525812726
309,pop50,2,0.0004899501800537109,4.8160552978515625e-05
309,pop14,2,0.00043129920959472656,1.239776611328125e-05
309,pop24,2,0.00046384334564208984,6.258487701416016e-05
309,pop51,1,0.0004367828369140625,0.0
310,pop42,2,0.002647995948791504,0.0021833181381225586
310,pop43,1,0.0004730224609375,0.0
310,pop40,1,0.0056993961334228516,0.0
310,pop41,1,0.0003991127014160156,0.0
310,pop53,2,0.003169417381286621,0.00275576114654541
310,pop54,3,0.00048542022705078125,0.00013244933541078907
310,pop51,1,0.000453948974609375,0.0
310,pop19,1,0.0003991127014160156,0.0
310,pop20,1,0.0005161762237548828,0.0
311,pop8,2,0.0026073455810546875,0.002120494842529297
311,pop51,2,0.00041472911834716797,1.2040138244628906e-05
311,pop10,1,0.0057964324951171875,0.0
311,pop22,4,0.00044733285903930664,6.225541795392653e-05
311,pop21,1,0.00041174888610839844,0.0
311,pop23,1,0.0004508495330810547,0.0
311,pop24,1,0.0004367828369140625,0.0
312,pop23,5,0.0013545989990234376,0.0018302465036118202
312,pop24,1,0.00044083595275878906,0.0
313,pop36,2,0.002538442611694336,0.002073049545288086
313,pop10,4,0.00045502185821533203,8.078740640840075e-05
313,pop51,1,0.0004105567932128906,0.0
313,pop50,1,0.00045180320739746094,0.0
313,pop55,1,0.00039696693420410156,0.0
314,pop14,3,0.0037393569946289062,0.002342010770756316
314,pop24,3,0.00043487548828125,2.345001565158234e-05
314,pop23,1,0.0004277229309082031,0.0
314,pop16,1,0.0004260540008544922,0.0
315,pop57,2,0.003090500831604004,0.002566695213317871
315,pop56,4,0.0004189610481262207,4.800431685847392e-05
315,pop48,1,0.0003993511199951172,0.0
315,pop52,1,0.00042247772216796875,0.0
315,pop55,1,0.0004258155822753906,0.0
316,pop24,4,0.0017257928848266602,0.002134808700914053
316,pop14,1,0.0004031658172607422,0.0
316,pop50,1,0.0004189014434814453,0.0
316,pop44,1,0.000400543212890625,0.0
317,pop10,2,0.0026355981826782227,0.0021146535873413086
317,pop51,2,0.00048291683197021484,7.545948028564453e-05
317,pop22,4,0.00044411420822143555,5.4510688070886466e-05
317,pop19,1,0.0004296302795410156,0.0
317,pop18,1,0.000392913818359375,0.0
318,pop37,4,0.0014938712120056152,0.0016851345763207613
318,pop52,1,0.00042557716369628906,0.0
318,pop53,1,0.0004248619079589844,0.0
318,pop47,1,0.00043463706970214844,0.0
319,pop48,4,0.0015600323677062988,0.0019205662346581018
319,pop52,1,0.0004074573516845703,0.0
319,pop53,1,0.00041937828063964844,0.0
319,pop51,1,0.0004303455352783203,0.0
320,pop6,4,0.001641690731048584,0.002030122415710833
320,pop1,1,0.00040078163146972656,0.0
320,pop53,1,0.0004096031188964844,0.0
320,pop50,1,0.0004372596740722656,0.0
320,pop16,1,0.0003857612609863281,0.0
321,pop45,2,0.002804279327392578,0.0023369789123535156
321,pop44,4,0.00047725439071655273,0.00010324603290330647
321,pop50,1,0.00041866302490234375,0.0
321,pop14,1,0.0004425048828125,0.0
321,pop24,1,0.0004100799560546875,0.0
322,pop42,2,0.0028115510940551758,0.0023442506790161133
322,pop43,1,0.0004036426544189453,0.0
322,pop40,4,0.00044524669647216797,5.427087190582119e-05
322,pop41,1,0.00041961669921875,0.0
322,pop53,1,0.00042057037353515625,0.0
322,pop1,1,0.0004417896270751953,0.0
322,pop6,1,0.0003902912139892578,0.0
323,pop8,2,0.0026701688766479492,0.0021442174911499023
323,pop51,2,0.0004044771194458008,4.887580871582031e-06
323,pop10,1,0.005762338638305664,0.0
323,pop50,2,0.0004285573959350586,4.649162292480469e-06
323,pop17,2,0.004162311553955078,0.0037364959716796875
323,pop25,1,0.0004227161407470703,0.0
323,pop27,1,0.0004191398620605469,0.0
323,pop14,3,0.0005038579305013021,9.66455981233938e-05
323,pop24,1,0.011856794357299805,0.0
323,pop53,1,0.0004487037658691406,0.0
323,pop1,1,0.0005779266357421875,0.0
323,pop6,1,0.0005342960357666016,0.0
324,pop23,4,0.0030030012130737305,0.0025715458048922953
324,pop21,2,0.00048172473907470703,9.119510650634766e-05
324,pop16,1,0.00041294097900390625,0.0
324,pop50,1,0.0007228851318359375,0.0
324,pop53,1,0.00043392181396484375,0.0
324,pop51,1,0.0004315376281738281,0.0
324,pop10,1,0.00042819976806640625,0.0
325,pop14,3,0.0019871393839518228,0.002008847719224533
325,pop24,5,0.0004527568817138672,8.325923615317778e-05
325,pop23,1,0.00040340423583984375,0.0
325,pop16,1,0.0003991127014160156,0.0
325,pop50,1,0.00042366981506347656,0.0
325,pop53,1,0.00042247772216796875,0.0
325,pop1,1,0.0004076957702636719,0.0
325,pop6,1,0.0004248619079589844,0.0
326,pop37,5,0.001291799545288086,0.0016387417834809557
326,pop33,1,0.0004494190216064453,0.0
326,pop50,1,0.0004391670227050781,0.0
326,pop51,1,0.0004398822784423828,0.0
326,pop10,1,0.0005357265472412109,0.0
327,pop48,5,0.0014276981353759765,0.0018430494377580664
327,pop52,1,0.0005145072937011719,0.0
327,pop53,1,0.00043463706970214844,0.0
327,pop51,1,0.0004420280456542969,0.0
327,pop19,1,0.0004012584686279297,0.0
327,pop20,1,0.00039887428283691406,0.0
328,pop44,3,0.0036527315775553384,0.002261730732268173
328,pop50,2,0.00041961669921875,1.239776611328125e-05
328,pop17,3,0.00047095616658528644,6.995336363274429e-05
328,pop51,1,0.0004208087921142578,0.0
328,pop10,1,0.0003921985626220703,0.0
329,pop55,3,0.003307978312174479,0.002043822039006316
329,pop52,3,0.00040785471598307293,2.981429389409717e-05
330,pop46,2,0.002823352813720703,0.002290487289428711
330,pop20,3,0.0004812876383463542,7.173120116318615e-05
330,pop19,1,0.0004169940948486328,0.0
330,pop51,1,0.0005397796630859375,0.0
330,pop50,1,0.00043392181396484375,0.0
330,pop55,1,0.0005636215209960938,0.0
331,pop57,2,0.0031260251998901367,0.002636551856994629
331,pop56,1,0.0004334449768066406,0.0
331,pop48,1,0.00038743019104003906,0.0
331,pop52,2,0.00041365623474121094,2.384185791015625e-06
331,pop12,4,0.0004909038543701172,0.00010608796290780035
331,pop53,1,0.00043892860412597656,0.0
331,pop51,1,0.00044155120849609375,0.0
331,pop19,1,0.00043463706970214844,0.0
331,pop20,1,0.00043463706970214844,0.0
332,pop8,2,0.0026246309280395508,0.0021761655807495117
332,pop51,2,0.00039505958557128906,7.3909759521484375e-06
332,pop4,4,0.00044840574264526367,7.838359795984318e-05
332,pop53,1,0.0004279613494873047,0.0
332,pop1,1,0.00041985511779785156,0.0
332,pop15,1,0.00040435791015625,0.0
333,pop14,3,0.0019981066385904946,0.0020582001037125082
333,pop24,5,0.000437164306640625,6.386585369999466e-05
333,pop23,1,0.00037288665771484375,0.0
333,pop16,1,0.00041675567626953125,0.0
333,pop50,1,0.00045800209045410156,0.0
333,pop53,1,0.00042891502380371094,0.0
333,pop7,1,0.0003712177276611328,0.0
334,pop40,2,0.0026913881301879883,0.002228856086730957
334,pop43,1,0.0004241466522216797,0.0
334,pop51,3,0.00041492780049641925,1.5555581575596288e-05
334,pop10,1,0.006173372268676758,0.0
334,pop50,2,0.0007333755493164062,0.00015854835510253906
334,pop14,1,0.0004410743713378906,0.0
334,pop27,1,0.00042319297790527344,0.0
334,pop25,1,0.0004467964172363281,0.0
334,pop17,4,0.0005126595497131348,0.00010384099104232126
334,pop19,1,0.0004405975341796875,0.0
334,pop18,1,0.00041866302490234375,0.0
335,pop53,4,0.003237783908843994,0.003074018222323026
335,pop50,2,0.00043261051177978516,9.894371032714844e-06
335,pop17,4,0.0005227923393249512,0.00017571872855856214
335,pop25,2,0.0004000663757324219,1.9073486328125e-05
335,pop27,1,0.000736236572265625,0.0
335,pop1,1,0.0004451274871826172,0.0
335,pop15,1,0.0004050731658935547,0.0
336,pop27,5,0.0014823436737060546,0.0020463199757072606
336,pop25,1,0.0004057884216308594,0.0
336,pop17,1,0.0004279613494873047,0.0
336,pop50,1,0.0004444122314453125,0.0
336,pop53,1,0.0004367828369140625,0.0
336,pop7,1,0.00039267539978027344,0.0
337,pop22,5,0.0013165950775146484,0.0016518662414946013
337,pop51,1,0.00045418739318847656,0.0
337,pop50,1,0.00046539306640625,0.0
337,pop35,1,0.00039958953857421875,0.0
338,pop9,5,0.0013709545135498046,0.001796452281522662
338,pop51,1,0.00043010711669921875,0.0
338,pop19,1,0.0004229545593261719,0.0
338,pop18,1,0.00040340423583984375,0.0
339,pop45,2,0.0029021501541137695,0.002391219139099121
339,pop44,1,0.0004987716674804688,0.0
339,pop50,3,0.00041611989339192707,1.8271154397960097e-05
339,pop17,3,0.002739985783894857,0.003287399199884164
339,pop14,2,0.0004121065139770508,2.1338462829589844e-05
339,pop24,2,0.0005298852920532227,0.0001207590103149414
339,pop51,1,0.00042891502380371094,0.0
339,pop19,1,0.0004303455352783203,0.0
339,pop18,1,0.0005140304565429688,0.0
340,pop48,2,0.002843618392944336,0.002370119094848633
340,pop52,2,0.0004044771194458008,4.649162292480469e-06
340,pop12,4,0.0004500150680541992,8.160422263650212e-05
340,pop53,1,0.0004458427429199219,0.0
340,pop1,1,0.0004138946533203125,0.0
340,pop15,1,0.00038814544677734375,0.0
341,pop44,2,0.002736687660217285,0.00226747989654541
341,pop50,2,0.0004259347915649414,1.5497207641601562e-06
341,pop17,4,0.0004367828369140625,4.3685935320567056e-05
341,pop51,1,0.0004115104675292969,0.0
342,pop46,2,0.0029366016387939453,0.0024268627166748047
342,pop45,1,0.00042700767517089844,0.0
342,pop44,1,0.0004105567932128906,0.0
342,pop50,3,0.00046404202779134113,2.5803113168399182e-05
342,pop17,2,0.00407099723815918,0.0036804676055908203
342,pop25,1,0.00042438507080078125,0.0
342,pop27,1,0.00043272972106933594,0.0
342,pop14,2,0.0006663799285888672,0.00010323524475097656
342,pop16,1,0.00043392181396484375,0.0
342,pop23,1,0.0004425048828125,0.0
342,pop24,3,0.0005367596944173177,0.000162298017862721
342,pop53,1,0.000461578369140625,0.0
342,pop1,1,0.00041866302490234375,0.0
342,pop6,1,0.00040721893310546875,0.0
343,pop32,5,0.0015340328216552734,0.0021266734727399773
343,pop33,1,0.000438690185546875,0.0
343,pop50,1,0.0004436969757080078,0.0
343,pop53,1,0.00039839744567871094,0.0
343,pop1,1,0.0003876686096191406,0.0
343,pop6,1,0.0004048347473144531,0.0
344,pop4,5,0.0014409065246582032,0.0018138086778221644
344,pop51,1,0.0004379749298095703,0.0
344,pop50,1,0.0004425048828125,0.0
344,pop35,1,0.0003936290740966797,0.0
345,pop41,2,0.002645254135131836,0.0021588802337646484
345,pop53,2,0.0005457401275634766,0.00012969970703125
345,pop54,1,0.0004115104675292969,0.0
345,pop52,4,0.00047200918197631836,5.576634901359791e-05
345,pop7,1,0.0004100799560546875,0.0
346,pop38,2,0.003143906593322754,0.002649664878845215
346,pop18,1,0.0004379749298095703,0.0
346,pop19,1,0.0004181861877441406,0.0
346,pop51,3,0.00046523412068684894,8.137128266918293e-05
346,pop10,2,0.0036736726760864258,0.0032538175582885742
346,pop9,4,0.000424802303314209,2.726813155589938e-05
347,pop55,5,0.0012631893157958984,0.0016507536690008
347,pop52,1,0.0005443096160888672,0.0
348,pop14,3,0.0020401477813720703,0.002227251554370185
348,pop24,4,0.000494837760925293,9.866691559739693e-05
348,pop50,1,0.0004112720489501953,0.0
348,pop35,1,0.0003707408905029297,0.0
349,pop40,3,0.003732760747273763,0.0023361850164424687
349,pop41,1,0.0003886222839355469,0.0
349,pop53,1,0.0005376338958740234,0.0
349,pop50,3,0.0005145072937011719,0.00014864412133282855
349,pop17,1,0.007260560989379883,0.0
349,pop16,2,0.0004222393035888672,0.0
349,pop23,2,0.005431652069091797,0.004893779754638672
349,pop24,4,0.0028812289237976074,0.0042859735036536945
349,pop14,1,0.000431060791015625,0.0
350,pop9,5,0.0013804912567138671,0.0017926865451427846
350,pop51,1,0.0004248619079589844,0.0
350,pop50,1,0.0004584789276123047,0.0
350,pop35,1,0.0004284381866455078,0.0
351,pop28,2,0.0027083158493041992,0.00222623348236084
351,pop36,1,0.0004031658172607422,0.0
351,pop10,3,0.00045990943908691406,7.981932142506026e-05
351,pop51,1,0.0004551410675048828,0.0
351,pop50,1,0.00042939186096191406,0.0
351,pop16,1,0.0004172325134277344,0.0
352,pop21,4,0.0018943548202514648,0.0024083278045212925
352,pop23,1,0.0004291534423828125,0.0
352,pop16,1,0.0004286766052246094,0.0
352,pop50,1,0.000423431396484375,0.0
352,pop35,1,0.0005147457122802734,0.0
353,pop18,3,0.002146482467651367,0.0024093830272577054
353,pop38,3,0.0004723072052001953,0.00010612510617823751
353,pop19,1,0.00039458274841308594,0.0
353,pop51,1,0.0005362033843994141,0.0
353,pop47,1,0.0004096031188964844,0.0
354,pop50,3,0.001985311508178711,0.002181270623899504
354,pop33,2,0.0004118680953979492,3.1113624572753906e-05
354,pop32,4,0.00047522783279418945,7.54191445618935e-05
354,pop53,1,0.0004367828369140625,0.0
354,pop7,1,0.0003879070281982422,0.0
355,pop10,4,0.003102719783782959,0.0026636326306645973
355,pop51,2,0.00042998790740966797,3.4570693969726562e-06
355,pop4,2,0.0005311965942382812,9.989738464355469e-05
355,pop53,1,0.0004553794860839844,0.0
355,pop1,1,0.00039649009704589844,0.0
355,pop15,1,0.00040030479431152344,0.0
356,pop53,3,0.0018774668375651042,0.0020261055809278517
356,pop52,2,0.0031903982162475586,0.0027734041213989258
356,pop12,4,0.00048655271530151367,8.088635795912527e-05
356,pop50,1,0.0004696846008300781,0.0
356,pop44,1,0.00039649009704589844,0.0
357,pop4,2,0.002799510955810547,0.0023338794708251953
357,pop51,2,0.0004099607467651367,2.7418136596679688e-06
357,pop10,4,0.0004493594169616699,5.272403977969756e-05
358,pop55,2,0.0025571584701538086,0.002086043357849121
358,pop52,2,0.00046133995056152344,4.363059997558594e-05
358,pop12,4,0.00048285722732543945,5.7979696312079205e-05
358,pop34,1,0.0004076957702636719,0.0
358,pop35,1,0.00040411949157714844,0.0
359,pop56,3,0.004343748092651367,0.002758957635252299
359,pop48,2,0.0036083459854125977,0.0031849145889282227
359,pop49,3,0.002914985020955404,0.0035770318315568356
359,pop2,4,0.002325713634490967,0.0032479810913106015
359,pop52,1,0.0005357265472412109,0.0
360,pop31,2,0.002898693084716797,0.0024144649505615234
360,pop17,1,0.0076427459716796875,0.0
360,pop50,2,0.0004475116729736328,3.24249267578125e-05
360,pop14,3,0.0033022562662760415,0.004084604364495163
360,pop24,4,0.0027581453323364258,0.003886579490967816
360,pop53,1,0.00044155120849609375,0.0
360,pop1,1,0.0004246234893798828,0.0
360,pop6,1,0.00042510032653808594,0.0
361,pop52,3,0.001985947291056315,0.002180791143752566
361,pop12,4,0.00042551755905151367,3.0193797539075394e-05
361,pop55,1,0.0003998279571533203,0.0
362,pop39,2,0.0030982494354248047,0.0026078224182128906
362,pop44,4,0.0004069209098815918,0.0001101077524124497
362,pop50,5,0.0006268024444580078,0.0001835229083986467
362,pop27,5,0.0003777980804443359,0.0001162709111881114
362,pop25,4,0.0004105567932128906,0.0001045433525676166
362,pop17,2,0.01220083236694336,0.0010564327239990234
362,pop14,3,0.0047219594319661455,0.006195390919929204
362,pop24,2,0.008330821990966797,0.007863759994506836
362,pop32,2,0.0005850791931152344,6.0558319091796875e-05
362,pop33,1,0.00046062469482421875,0.0
362,pop53,1,0.0005488395690917969,0.0
362,pop1,1,0.0004706382751464844,0.0
362,pop15,1,0.0005714893341064453,0.0
363,pop6,4,0.0017539262771606445,0.0021477808411772227
363,pop1,1,0.00037360191345214844,0.0
363,pop53,1,0.0004215240478515625,0.0
363,pop51,1,0.0004589557647705078,0.0
363,pop19,1,0.0004208087921142578,0.0
363,pop18,1,0.0004010200500488281,0.0
364,pop42,2,0.00301516056060791,0.0025190114974975586
364,pop43,1,0.0004909038543701172,0.0
364,pop51,1,0.00041937828063964844,0.0
364,pop22,4,0.0004412531852722168,5.521574962844427e-05
364,pop21,1,0.00042629241943359375,0.0
364,pop23,1,0.0003943443298339844,0.0
364,pop16,1,0.00039386749267578125,0.0
365,pop32,4,0.0018100738525390625,0.0023308571250689925
365,pop33,1,0.0005199909210205078,0.0
365,pop50,1,0.0005369186401367188,0.0
365,pop16,1,0.0003712177276611328,0.0
366,pop14,5,0.0014957427978515626,0.0020148932141677758
366,pop50,1,0.00042819976806640625,0.0
366,pop51,1,0.00043845176696777344,0.0
366,pop19,1,0.00041413307189941406,0.0
366,pop18,1,0.0003871917724609375,0.0
367,pop9,5,0.0014381885528564453,0.0018773105588375156
367,pop51,1,0.00040531158447265625,0.0
367,pop50,1,0.0004451274871826172,0.0
367,pop14,1,0.00041556358337402344,0.0
367,pop24,1,0.00042366981506347656,0.0
368,pop28,2,0.002824544906616211,0.0023376941680908203
368,pop51,2,0.00043702125549316406,1.1920928955078125e-06
368,pop4,3,0.0004333655039469401,2.675699057473482e-05
368,pop10,1,0.0003979206085205078,0.0
369,pop18,3,0.0021484692891438804,0.0023728118465028364
369,pop38,2,0.003924131393432617,0.003508329391479492
369,pop19,1,0.0004024505615234375,0.0
369,pop51,1,0.0004410743713378906,0.0
369,pop50,2,0.0005145072937011719,6.890296936035156e-05
369,pop17,3,0.0005772113800048828,0.00021988760159602545
369,pop25,1,0.0007028579711914062,0.0
369,pop35,1,0.00040149688720703125,0.0
370,pop53,5,0.0013395786285400391,0.001734736272433366
370,pop50,1,0.0005514621734619141,0.0
370,pop55,1,0.0004088878631591797,0.0
371,pop47,5,0.0013190746307373048,0.0016729946749029134
371,pop53,1,0.0004076957702636719,0.0
371,pop52,1,0.00040721893310546875,0.0
371,pop34,1,0.0004322528839111328,0.0
371,pop35,1,0.00040459632873535156,0.0
372,pop57,2,0.003358006477355957,0.00283658504486084
372,pop56,1,0.0004048347473144531,0.0
372,pop48,2,0.007370948791503906,0.0003814697265625
372,pop49,1,0.0074884891510009766,0.0
372,pop52,4,0.0004868507385253906,8.78710748822265e-05
372,pop53,1,0.0004382133483886719,0.0
372,pop51,1,0.0004456043243408203,0.0
372,pop10,1,0.00038623809814453125,0.0
373,pop8,2,0.0028710365295410156,0.0023758411407470703
373,pop51,2,0.00042617321014404297,4.887580871582031e-06
373,pop10,2,0.003598332405090332,0.003176569938659668
373,pop53,2,0.0005623102188110352,0.00012552738189697266
373,pop52,1,0.00039577484130859375,0.0
373,pop34,1,0.000415802001953125,0.0
373,pop35,1,0.0003948211669921875,0.0
374,pop10,6,0.0022613207499186196,0.0025531172171992847
374,pop51,3,0.0004261334737141927,4.9490602737872646e-06
374,pop4,1,0.006978273391723633,0.0
374,pop53,1,0.0004684925079345703,0.0
374,pop1,1,0.0005397796630859375,0.0
374,pop15,1,0.0004220008850097656,0.0
375,pop55,4,0.001613318920135498,0.0018980560985392889
375,pop50,1,0.0004131793975830078,0.0
375,pop51,1,0.0004115104675292969,0.0
375,pop10,1,0.0004088878631591797,0.0
376,pop30,2,0.0029680728912353516,0.0025043487548828125
376,pop31,1,0.0004200935363769531,0.0
376,pop17,4,0.0005360841751098633,0.00020083432812551666
376,pop25,1,0.00041604042053222656,0.0
376,pop27,1,0.00040030479431152344,0.0
376,pop44,1,0.00040912628173828125,0.0
376,pop45,1,0.0004107952117919922,0.0
376,pop46,1,0.0005476474761962891,0.0
376,pop20,1,0.0004169940948486328,0.0
377,pop27,2,0.0033136606216430664,0.002843022346496582
377,pop25,1,0.0004162788391113281,0.0
377,pop17,2,0.004144549369812012,0.0035971403121948242
377,pop50,2,0.0004515647888183594,6.4373016357421875e-06
377,pop14,2,0.005441784858703613,0.005044341087341309
377,pop24,2,0.010838985443115234,0.0011439323425292969
377,pop23,2,0.0059392452239990234,0.005543947219848633
377,pop16,1,0.0004267692565917969,0.0
377,pop21,1,0.012619256973266602,0.0
377,pop22,3,0.000436862309773763,1.6224535642321875e-05
377,pop51,1,0.00046539306640625,0.0
378,pop46,2,0.003163933753967285,0.002652287483215332
378,pop20,3,0.00041095415751139325,1.525423525039627e-05
378,pop19,1,0.0004127025604248047,0.0
378,pop18,1,0.00037980079650878906,0.0
379,pop31,2,0.0029028654098510742,0.0024117231369018555
379,pop17,1,0.007560014724731445,0.0
379,pop50,2,0.0006068944931030273,0.00015842914581298828
379,pop16,1,0.00040531158447265625,0.0
379,pop23,5,0.004690361022949219,0.005186247321827144
379,pop24,4,0.0057798027992248535,0.005358729775590793
379,pop21,2,0.014564156532287598,0.0023702383041381836
379,pop22,2,0.006267547607421875,0.0058629512786865234
379,pop14,1,0.0004298686981201172,0.0
379,pop44,1,0.00043320655822753906,0.0
380,pop6,5,0.0014853477478027344,0.00212705633147049
381,pop32,4,0.0018724799156188965,0.0024083043070240694
381,pop33,1,0.0004229545593261719,0.0
381,pop50,1,0.00044608116149902344,0.0
381,pop55,1,0.00044274330139160156,0.0
382,pop14,5,0.00152130126953125,0.0020876766889949537
382,pop50,1,0.0004284381866455078,0.0
382,pop51,1,0.00042939186096191406,0.0
382,pop19,1,0.0004019737243652344,0.0
382,pop18,1,0.00039839744567871094,0.0
383,pop28,2,0.0028951168060302734,0.002424478530883789
383,pop36,1,0.0004086494445800781,0.0
383,pop10,3,0.0032273133595784507,0.003961578976831981
383,pop51,2,0.00043570995330810547,1.2993812561035156e-05
383,pop4,2,0.0005266666412353516,0.00010752677917480469
383,pop53,1,0.00044465065002441406,0.0
383,pop1,1,0.0004143714904785156,0.0
383,pop15,1,0.00039696693420410156,0.0
384,pop18,3,0.002205928166707357,0.0024846018257698595
384,pop38,1,0.006846189498901367,0.0
384,pop19,2,0.00041282176971435547,1.7881393432617188e-06
384,pop20,3,0.0005800724029541016,0.00014654398821075084
384,pop51,1,0.00045990943908691406,0.0
384,pop50,1,0.00043272972106933594,0.0
384,pop35,1,0.0004112720489501953,0.0
385,pop33,3,0.002202113469441732,0.002512239789266648
385,pop32,4,0.0004780292510986328,8.74580315655983e-05
385,pop50,1,0.00046253204345703125,0.0
385,pop53,1,0.0004582405090332031,0.0
385,pop1,1,0.0004260540008544922,0.0
385,pop6,1,0.00042128562927246094,0.0
386,pop41,2,0.003008723258972168,0.002489447593688965
386,pop40,3,0.00048279762268066406,8.496693159465413e-05
386,pop43,1,0.00040268898010253906,0.0
386,pop51,1,0.0004258155822753906,0.0
386,pop19,1,0.00041794776916503906,0.0
386,pop20,1,0.0004100799560546875,0.0
387,pop38,5,0.0016654014587402343,0.0023573671286662916
387,pop18,1,0.00041866302490234375,0.0
387,pop19,1,0.0004119873046875,0.0
387,pop51,1,0.00043082237243652344,0.0
387,pop50,1,0.00042629241943359375,0.0
387,pop14,1,0.00042724609375,0.0
387,pop24,1,0.0004181861877441406,0.0
388,pop40,2,0.0030177831649780273,0.0025397539138793945
388,pop41,1,0.00039315223693847656,0.0
388,pop53,2,0.003201723098754883,0.00276947021484375
388,pop54,2,0.0034319162368774414,0.003039240837097168
388,pop52,2,0.0005047321319580078,6.389617919921875e-05
388,pop1,1,0.00044226646423339844,0.0
388,pop15,1,0.00041961669921875,0.0
389,pop8,2,0.0030236244201660156,0.0024983882904052734
389,pop51,1,0.0004138946533203125,0.0
389,pop50,2,0.0004112720489501953,3.314018249511719e-05
389,pop17,1,0.007376670837402344,0.0
389,pop25,1,0.0004467964172363281,0.0
389,pop27,1,0.0004050731658935547,0.0
389,pop14,2,0.0004273653030395508,1.1920928955078125e-07
389,pop24,4,0.0005420446395874023,0.0001182948444463645
389,pop53,1,0.0004475116729736328,0.0
389,pop52,1,0.00043702125549316406,0.0
390,pop55,2,0.0028336048126220703,0.0022974014282226562
390,pop50,4,0.00043129920959472656,6.574908367699469e-06
390,pop17,3,0.0029284159342447915,0.0035336536386746656
390,pop25,2,0.00042366981506347656,1.1920928955078125e-06
390,pop27,1,0.000606536865234375,0.0
390,pop14,2,0.0005725622177124023,0.00015079975128173828
390,pop16,1,0.0004038810729980469,0.0
390,pop23,1,0.00042557716369628906,0.0
390,pop24,2,0.0005570650100708008,8.83340835571289e-05
390,pop51,1,0.0004870891571044922,0.0
390,pop19,1,0.0004754066467285156,0.0
390,pop18,1,0.0004258155822753906,0.0
391,pop27,2,0.0033233165740966797,0.002788066864013672
391,pop25,1,0.0004107952117919922,0.0
391,pop17,4,0.0004981756210327148,5.5433857804153734e-05
391,pop50,1,0.00043201446533203125,0.0
391,pop53,1,0.00044918060302734375,0.0
391,pop7,1,0.0003819465637207031,0.0
392,pop28,2,0.002893209457397461,0.0023751258850097656
392,pop51,2,0.00042808055877685547,2.2649765014648438e-06
392,pop50,3,0.0004623730977376302,1.4531585774872363e-05
392,pop17,3,0.0035665035247802734,0.0044419407265106955
392,pop25,1,0.0004253387451171875,0.0
392,pop27,1,0.0004100799560546875,0.0
392,pop44,1,0.00043010711669921875,0.0
392,pop33,2,0.0004240274429321289,5.125999450683594e-06
392,pop32,2,0.000453948974609375,3.719329833984375e-05
393,pop16,2,0.003134489059448242,0.002599954605102539
393,pop50,4,0.0004285573959350586,9.828081170769196e-06
393,pop17,5,0.002017307281494141,0.0029641076598707038
393,pop14,2,0.0004284381866455078,4.76837158203125e-07
393,pop24,1,0.0095367431640625,0.0
393,pop53,1,0.0004496574401855469,0.0
393,pop47,1,0.0004055500030517578,0.0
394,pop36,2,0.003129243850708008,0.002633333206176758
394,pop51,2,0.0004457235336303711,5.364418029785156e-06
394,pop4,3,0.0005337397257486979,9.195301789815454e-05
394,pop47,1,0.00038623809814453125,0.0
395,pop24,4,0.001977264881134033,0.002597719223556867
395,pop14,1,0.00041961669921875,0.0
395,pop50,1,0.0005409717559814453,0.0
395,pop55,1,0.0003838539123535156,0.0
396,pop46,2,0.003197312355041504,0.002709031105041504
396,pop20,3,0.0005118052164713541,5.4861261138556785e-05
396,pop19,1,0.000423431396484375,0.0
396,pop51,1,0.0005469322204589844,0.0
396,pop50,1,0.00045609474182128906,0.0
396,pop16,1,0.00041365623474121094,0.0
397,pop38,2,0.0035200119018554688,0.0030052661895751953
397,pop18,1,0.0004100799560546875,0.0
397,pop19,1,0.0004246234893798828,0.0
397,pop20,2,0.004221081733703613,0.0037595033645629883
397,pop46,1,0.0004069805145263672,0.0
397,pop45,1,0.00043702125549316406,0.0
397,pop44,2,0.0004899501800537109,6.842613220214844e-05
398,pop40,2,0.0029603242874145508,0.002475142478942871
398,pop41,1,0.00044226646423339844,0.0
398,pop53,5,0.004807806015014649,0.0038037870750006007
398,pop54,4,0.004244804382324219,0.003777433531273506
398,pop1,3,0.0004088878631591797,5.891721405299708e-06
398,pop6,3,0.003311713536580404,0.0040892614473345985
399,pop8,2,0.003063797950744629,0.0025511980056762695
399,pop51,1,0.00042724609375,0.0
399,pop50,3,0.0004723866780598958,8.397758361264119e-05
399,pop17,1,0.0077016353607177734,0.0
399,pop25,1,0.0004184246063232422,0.0
399,pop27,1,0.0004639625549316406,0.0
399,pop14,3,0.0006380081176757812,0.00012046203407557416
399,pop24,5,0.002823352813720703,0.004672764290278487
399,pop16,2,0.0005033016204833984,6.008148193359375e-05
399,pop23,3,0.0050809383392333984,0.00655519529783414
399,pop53,1,0.0004937648773193359,0.0
399,pop1,1,0.0004086494445800781,0.0
399,pop6,1,0.0003821849822998047,0.0
400,pop55,2,0.0028961896896362305,0.0024019479751586914
400,pop50,2,0.0004305839538574219,9.5367431640625e-07
400,pop17,3,0.00046253204345703125,6.708027230590329e-05
400,pop53,1,0.0004024505615234375,0.0
400,pop1,1,0.0004661083221435547,0.0
400,pop6,1,0.00039696693420410156,0.0
401,pop27,2,0.003412008285522461,0.0029129981994628906
401,pop25,1,0.0003974437713623047,0.0
401,pop17,2,0.004307389259338379,0.0038906335830688477
401,pop50,2,0.0004374980926513672,1.9073486328125e-05
401,pop14,2,0.00042831897735595703,4.410743713378906e-06
401,pop24,3,0.0004608631134033203,5.064809775648582e-05
401,pop55,1,0.0003902912139892578,0.0
402,pop23,4,0.0018804073333740234,0.0024171342187212456
402,pop16,1,0.000522613525390625,0.0
402,pop50,1,0.00046443939208984375,0.0
402,pop55,1,0.0003981590270996094,0.0
403,pop37,5,0.001424884796142578,0.0018710815855907813
403,pop33,1,0.0004432201385498047,0.0
403,pop50,1,0.0004467964172363281,0.0
403,pop51,1,0.0005083084106445312,0.0
403,pop10,1,0.0004088878631591797,0.0
404,pop56,4,0.0019870996475219727,0.002568514975073656
404,pop48,1,0.0004284381866455078,0.0
404,pop52,1,0.0004127025604248047,0.0
404,pop53,1,0.0004284381866455078,0.0
404,pop50,1,0.00043773651123046875,0.0
404,pop14,1,0.00042700767517089844,0.0
404,pop24,1,0.00039768218994140625,0.0
405,pop52,2,0.0032885074615478516,0.0024385452270507812
406,pop42,2,0.003009200096130371,0.0025142431259155273
406,pop43,1,0.00044727325439453125,0.0
406,pop40,2,0.003724813461303711,0.0033292770385742188
406,pop41,1,0.00042819976806640625,0.0
406,pop53,1,0.0004754066467285156,0.0
406,pop50,3,0.0004412333170572917,2.0551380343097675e-05
406,pop14,3,0.0004700024922688802,7.592882100738645e-05
406,pop24,5,0.004955291748046875,0.005604887666055837
406,pop23,3,0.007821400960286459,0.005289354933305674
406,pop16,1,0.00041604042053222656,0.0
406,pop21,1,0.013956069946289062,0.0
406,pop44,1,0.000423431396484375,0.0
407,pop53,5,0.00377655029296875,0.0027961422848923026
407,pop54,4,0.002023458480834961,0.0026236535000448355
407,pop50,1,0.0004553794860839844,0.0
407,pop16,1,0.0004074573516845703,0.0
408,pop41,3,0.0021265347798665366,0.002400546731227013
408,pop40,1,0.0063059329986572266,0.0
408,pop53,4,0.0004767179489135742,0.00010361646486735923
408,pop54,1,0.006902933120727539,0.0
408,pop52,1,0.0004482269287109375,0.0
408,pop34,1,0.0004107952117919922,0.0
408,pop35,1,0.0005533695220947266,0.0
409,pop46,2,0.0032989978790283203,0.0027892589569091797
409,pop20,3,0.0004467169443766276,4.760828940336066e-05
410,pop40,5,0.004271793365478516,0.003177884252691176
410,pop41,2,0.0004048347473144531,1.9073486328125e-05
410,pop53,1,0.007254362106323242,0.0
410,pop43,1,0.0004496574401855469,0.0
410,pop51,3,0.00044536590576171875,1.2692290929990925e-05
410,pop10,1,0.009585142135620117,0.0
410,pop22,2,0.0005717277526855469,0.0001270771026611328
410,pop19,1,0.0004227161407470703,0.0
410,pop18,1,0.00039696693420410156,0.0
411,pop8,2,0.0030264854431152344,0.0025177001953125
411,pop51,2,0.00040853023529052734,1.3709068298339844e-05
411,pop4,4,0.00045758485794067383,8.183374765854402e-05
411,pop53,1,0.00043892860412597656,0.0
411,pop52,1,0.00041985511779785156,0.0
412,pop47,2,0.0028516054153442383,0.0023745298385620117
412,pop53,4,0.0004490017890930176,4.330772752585151e-05
412,pop51,1,0.0004584789276123047,0.0
413,pop27,2,0.003482222557067871,0.0029593706130981445
413,pop25,1,0.00043582916259765625,0.0
413,pop17,1,0.007890462875366211,0.0
413,pop50,2,0.0004335641860961914,2.9802322387695312e-06
413,pop14,3,0.0034127235412597656,0.00412683003026659
413,pop24,5,0.0023048877716064452,0.0036021369270434487
413,pop53,1,0.0004169940948486328,0.0
413,pop47,1,0.0004367828369140625,0.0
414,pop37,4,0.0017347931861877441,0.002143509540540905
414,pop33,1,0.0004220008850097656,0.0
414,pop50,1,0.00043773651123046875,0.0
414,pop51,1,0.00044608116149902344,0.0
414,pop19,1,0.00042438507080078125,0.0
414,pop18,1,0.0003972053527832031,0.0
415,pop56,5,0.005447483062744141,0.004361227102872449
415,pop48,3,0.005096832911173503,0.0033422928300882527
415,pop49,2,0.027002692222595215,0.019642233848571777
415,pop2,2,0.00040781497955322266,9.417533874511719e-06
415,pop52,4,0.0004451870918273926,2.6046820578427227e-05
415,pop12,3,0.004155556360880534,0.005143941518784996
415,pop55,1,0.01118159294128418,0.0
415,pop53,1,0.00047397613525390625,0.0
415,pop50,1,0.0004448890686035156,0.0
415,pop16,1,0.00042176246643066406,0.0
416,pop42,2,0.003240346908569336,0.00273895263671875
416,pop43,2,0.00046372413635253906,5.1021575927734375e-05
416,pop40,3,0.00048041343688964844,0.00010654741087019554
416,pop51,1,0.0004456043243408203,0.0
416,pop19,1,0.0004291534423828125,0.0
416,pop18,1,0.0004107952117919922,0.0
417,pop53,3,0.003834247589111328,0.002358179183446207
417,pop54,3,0.00042017300923665363,9.395292095268026e-06
417,pop52,1,0.000396728515625,0.0
418,pop8,2,0.0031043291091918945,0.00261533260345459
418,pop51,5,0.000434112548828125,5.334186137075276e-06
418,pop10,2,0.007940173149108887,0.001053452491760254
418,pop4,5,0.0020533084869384767,0.003170359898992402
418,pop53,1,0.0004220008850097656,0.0
418,pop1,1,0.0004246234893798828,0.0
418,pop15,1,0.00038623809814453125,0.0
419,pop22,4,0.0017174482345581055,0.0020725017854113766
419,pop51,1,0.0004813671112060547,0.0
419,pop50,1,0.000568389892578125,0.0
419,pop35,1,0.00047278404235839844,0.0
420,pop45,2,0.0033385753631591797,0.002807140350341797
420,pop44,1,0.00043082237243652344,0.0
420,pop50,2,0.0004227161407470703,9.059906005859375e-06
420,pop17,1,0.008407831192016602,0.0
420,pop25,1,0.0005121231079101562,0.0
420,pop27,1,0.0005500316619873047,0.0
420,pop14,3,0.00048009554545084637,6.0290941986083076e-05
420,pop24,4,0.0072171688079833984,0.006813640552308954
420,pop23,2,0.006695270538330078,0.006249904632568359
420,pop21,1,0.014131784439086914,0.0
420,pop16,1,0.000423431396484375,0.0
421,pop48,3,0.0023529529571533203,0.002664807540971636
421,pop56,1,0.00807046890258789,0.0
421,pop2,3,0.0031823317209879556,0.003900669381814366
421,pop49,2,0.00048470497131347656,6.699562072753906e-05
421,pop52,1,0.00040030479431152344,0.0
421,pop53,1,0.0004143714904785156,0.0
421,pop7,1,0.00040030479431152344,0.0
422,pop44,2,0.0032117366790771484,0.002667665481567383
422,pop50,2,0.0004347562789916992,2.3245811462402344e-05
422,pop17,3,0.000467220942179362,7.880189902962885e-05
422,pop51,1,0.0004405975341796875,0.0
422,pop10,1,0.00039458274841308594,0.0
423,pop30,2,0.00306546688079834,0.0025664567947387695
423,pop31,1,0.0004024505615234375,0.0
423,pop17,2,0.005263805389404297,0.0048220157623291016
423,pop25,1,0.00042057037353515625,0.0
423,pop27,1,0.00044035911560058594,0.0
423,pop44,1,0.0004200935363769531,0.0
423,pop50,2,0.0004769563674926758,2.2649765014648438e-06
423,pop33,2,0.0004354715347290039,8.940696716308594e-06
423,pop32,3,0.0005537668863932291,7.487060461237878e-05
423,pop53,1,0.0004837512969970703,0.0
423,pop1,1,0.0004379749298095703,0.0
423,pop6,1,0.0004208087921142578,0.0
424,pop18,2,0.003300905227661133,0.002770662307739258
424,pop19,1,0.0003998279571533203,0.0
424,pop51,1,0.00042700767517089844,0.0
424,pop50,2,0.0006231069564819336,0.00018489360809326172
424,pop44,1,0.0004131793975830078,0.0
424,pop27,1,0.0004200935363769531,0.0
424,pop25,1,0.00040030479431152344,0.0
424,pop17,1,0.010801553726196289,0.0
424,pop55,1,0.009767293930053711,0.0
424,pop52,4,0.0004635453224182129,6.120381275655949e-05
424,pop48,2,0.006375789642333984,0.005953073501586914
424,pop49,2,0.006665945053100586,0.006245613098144531
424,pop2,2,0.007362484931945801,0.006958127021789551
424,pop34,1,0.0004208087921142578,0.0
424,pop35,1,0.0004076957702636719,0.0
425,pop52,3,0.002273003260294596,0.002527439213801096
425,pop13,4,0.0004557371139526367,6.63389788945225e-05
425,pop53,1,0.00045180320739746094,0.0
425,pop50,1,0.0004246234893798828,0.0
425,pop16,1,0.0004127025604248047,0.0
426,pop41,2,0.003136873245239258,0.0026073455810546875
426,pop53,2,0.00045418739318847656,4.601478576660156e-05
426,pop50,4,0.0005254745483398438,0.00016035621372904939
426,pop14,3,0.004716316858927409,0.006014333404565062
426,pop27,1,0.0004074573516845703,0.0
426,pop25,1,0.0004031658172607422,0.0
426,pop17,2,0.0057822465896606445,0.005374312400817871
426,pop55,1,0.011188983917236328,0.0
426,pop52,2,0.00042879581451416016,1.4424324035644531e-05
426,pop12,2,0.0005348920822143555,7.426738739013672e-05
426,pop44,1,0.0004439353942871094,0.0
427,pop46,2,0.003359675407409668,0.0028363466262817383
427,pop20,3,0.0004150867462158203,2.170613164824517e-05
427,pop19,1,0.0004096031188964844,0.0
427,pop18,1,0.00038743019104003906,0.0
428,pop47,4,0.0017067790031433105,0.0020199973161427374
428,pop53,1,0.00041794776916503906,0.0
428,pop52,1,0.0005669593811035156,0.0
428,pop34,1,0.0003943443298339844,0.0
428,pop35,1,0.0004189014434814453,0.0
429,pop56,3,0.0048436323801676435,0.003068822843724082
429,pop48,2,0.004277586936950684,0.0037833452224731445
429,pop52,2,0.0004107952117919922,6.9141387939453125e-06
429,pop12,2,0.0004971027374267578,7.295608520507812e-05
429,pop53,1,0.0004451274871826172,0.0
429,pop7,1,0.0005352497100830078,0.0
430,pop28,2,0.003105759620666504,0.0025614500045776367
430,pop51,2,0.00042569637298583984,4.410743713378906e-06
430,pop50,3,0.0004906654357910156,6.034298406099619e-05
430,pop17,1,0.009247303009033203,0.0
430,pop33,3,0.0004219214121500651,8.579388759656332e-06
430,pop32,2,0.0059441328048706055,0.005535006523132324
430,pop37,2,0.0005685091018676758,0.00010859966278076172
430,pop19,1,0.00044226646423339844,0.0
430,pop18,1,0.0003974437713623047,0.0
431,pop8,2,0.003179311752319336,0.0027015209197998047
431,pop51,2,0.00042760372161865234,9.655952453613281e-06
431,pop4,4,0.0004805922508239746,0.00010140449419637911
431,pop47,1,0.00045228004455566406,0.0
432,pop21,4,0.002116262912750244,0.00283038964060156
432,pop23,1,0.0004215240478515625,0.0
432,pop24,1,0.00042557716369628906,0.0
433,pop50,5,0.0016036033630371094,0.002190294674528662
433,pop17,3,0.006507078806559245,0.004490938938741243
433,pop14,1,0.0004658699035644531,0.0
433,pop24,1,0.009567499160766602,0.0
433,pop23,2,0.0005589723587036133,8.881092071533203e-05
433,pop16,2,0.0005384683609008789,0.00010073184967041016
433,pop55,1,0.009720087051391602,0.0
433,pop52,3,0.000475009282430013,4.637035356035531e-05
433,pop48,2,0.006289124488830566,0.00578916072845459
433,pop49,2,0.00674748420715332,0.006253242492675781
433,pop2,1,0.014273881912231445,0.0
433,pop12,2,0.00046265125274658203,1.800060272216797e-05
434,pop4,2,0.0033469200134277344,0.002843141555786133
434,pop51,1,0.0004258155822753906,0.0
434,pop50,2,0.0006836652755737305,0.00022232532501220703
434,pop14,1,0.0005602836608886719,0.0
434,pop27,1,0.0004398822784423828,0.0
434,pop25,1,0.00046253204345703125,0.0
434,pop17,4,0.0004609227180480957,3.715024153854218e-05
434,pop55,1,0.00042700767517089844,0.0
435,pop16,2,0.003130793571472168,0.0026127099990844727
435,pop23,1,0.00042128562927246094,0.0
435,pop24,5,0.0021981239318847657,0.0034137487090961137
435,pop14,2,0.004651665687561035,0.004231095314025879
435,pop50,1,0.0004565715789794922,0.0
435,pop35,1,0.0004341602325439453,0.0
436,pop55,2,0.0030050277709960938,0.002528667449951172
436,pop50,3,0.00044798851013183594,1.1987500276543174e-05
436,pop17,1,0.007843971252441406,0.0
436,pop25,1,0.00040221214294433594,0.0
436,pop27,1,0.0005376338958740234,0.0
436,pop14,2,0.0006442070007324219,5.7697296142578125e-05
436,pop16,1,0.0004410743713378906,0.0
436,pop23,1,0.0004496574401855469,0.0
436,pop24,4,0.0004767775535583496,4.550122701520681e-05
436,pop53,1,0.0006620883941650391,0.0
436,pop54,1,0.00042247772216796875,0.0
436,pop52,1,0.0004432201385498047,0.0
437,pop48,3,0.002476771672566732,0.0028222680936410955
437,pop49,4,0.0004514455795288086,5.865521047354352e-05
437,pop52,1,0.0004284381866455078,0.0
437,pop53,1,0.00045228004455566406,0.0
437,pop1,1,0.0004410743713378906,0.0
437,pop15,1,0.00038051605224609375,0.0
438,pop44,3,0.004581292470296224,0.0028820723249805844
438,pop50,1,0.00044274330139160156,0.0
438,pop14,1,0.00041985511779785156,0.0
438,pop24,3,0.00047779083251953125,5.235048047276978e-05
438,pop23,1,0.0004360675811767578,0.0
438,pop16,1,0.0003991127014160156,0.0
439,pop30,2,0.003322005271911621,0.002776026725769043
439,pop31,1,0.0005109310150146484,0.0
439,pop17,4,0.0004978179931640625,8.167532932538518e-05
439,pop50,1,0.00046062469482421875,0.0
439,pop35,1,0.0004124641418457031,0.0
440,pop18,3,0.002517143885294596,0.002897287021463634
440,pop19,2,0.0004258155822753906,9.5367431640625e-06
440,pop51,2,0.00042951107025146484,5.602836608886719e-06
440,pop9,4,0.00043320655822753906,4.429359073580915e-05
441,pop41,2,0.003238677978515625,0.002729654312133789
441,pop53,2,0.0004086494445800781,1.239776611328125e-05
441,pop54,1,0.006482601165771484,0.0
441,pop52,3,0.000478823979695638,5.141605357302493e-05
441,pop48,1,0.008317947387695312,0.0
441,pop12,4,0.0004987120628356934,6.776969476409704e-05
441,pop7,1,0.00039887428283691406,0.0
442,pop56,3,0.005339384078979492,0.0035093498306779194
442,pop2,3,0.002982536951700846,0.0036253607729685214
442,pop49,3,0.000499566396077474,6.057031183981601e-05
442,pop48,1,0.0005342960357666016,0.0
442,pop52,1,0.00048613548278808594,0.0
442,pop53,1,0.0004401206970214844,0.0
442,pop50,1,0.0004603862762451172,0.0
442,pop44,1,0.00043010711669921875,0.0
443,pop39,2,0.003645181655883789,0.0031194686889648438
443,pop38,1,0.00040411949157714844,0.0
443,pop18,2,0.0004197359085083008,1.1086463928222656e-05
443,pop19,2,0.00043702125549316406,9.298324584960938e-06
443,pop20,4,0.0004322528839111328,9.210798154869965e-06
444,pop9,4,0.0019192695617675781,0.002424669417662776
444,pop51,1,0.00042700767517089844,0.0
444,pop47,1,0.00041604042053222656,0.0
445,pop23,5,0.0016476631164550782,0.0023979724262966047
445,pop16,1,0.0004069805145263672,0.0
446,pop28,2,0.0032873153686523438,0.002802610397338867
446,pop51,6,0.0004334847132364909,1.4764262881844051e-05
446,pop4,6,0.003571112950642904,0.004428023895355883
446,pop10,2,0.010235905647277832,0.0011197328567504883
446,pop50,1,0.000492095947265625,0.0
446,pop16,1,0.00046443939208984375,0.0
447,pop21,5,0.0017466545104980469,0.002537956535659394
447,pop23,1,0.00038886070251464844,0.0
447,pop16,1,0.0004119873046875,0.0
447,pop50,1,0.0005841255187988281,0.0
447,pop53,1,0.0005767345428466797,0.0
447,pop1,1,0.00039649009704589844,0.0
447,pop15,1,0.00043201446533203125,0.0
448,pop16,2,0.0033262968063354492,0.002800583839416504
448,pop23,2,0.004019021987915039,0.0036101341247558594
448,pop24,2,0.0047261714935302734,0.004319429397583008
448,pop14,1,0.009115219116210938,0.0
448,pop50,3,0.00046070416768391925,1.0349185137227967e-05
448,pop17,1,0.009597301483154297,0.0
448,pop33,2,0.0004286766052246094,1.3113021850585938e-05
448,pop32,2,0.0005369186401367188,0.00010561943054199219
448,pop53,1,0.00045943260192871094,0.0
448,pop1,1,0.0004374980926513672,0.0
448,pop15,1,0.0005421638488769531,0.0
449,pop57,2,0.003977537155151367,0.0034618377685546875
449,pop56,4,0.0004552602767944336,6.555871498832485e-05
449,pop48,1,0.0003981590270996094,0.0
449,pop52,1,0.0004115104675292969,0.0
449,pop53,1,0.0004146099090576172,0.0
449,pop51,1,0.0004451274871826172,0.0
450,pop10,2,0.0034072399139404297,0.0029060840606689453
450,pop51,1,0.0004639625549316406,0.0
450,pop43,1,0.0004181861877441406,0.0
450,pop40,2,0.004245400428771973,0.0037151575088500977
450,pop41,1,0.00041556358337402344,0.0
450,pop53,2,0.00043451786041259766,1.0848045349121094e-05
450,pop54,1,0.008700132369995117,0.0
450,pop52,3,0.0004994869232177734,7.992133123368159e-05
450,pop1,1,0.00040435791015625,0.0
450,pop15,1,0.0003952980041503906,0.0
451,pop27,3,0.005042235056559245,0.003237137652002496
451,pop14,2,0.0004131793975830078,1.2874603271484375e-05
451,pop24,3,0.003906726837158203,0.004794887185106559
451,pop23,1,0.01055908203125,0.0
451,pop50,1,0.0004410743713378906,0.0
451,pop44,1,0.0004050731658935547,0.0
452,pop37,4,0.0018352270126342773,0.002257191992918118
452,pop52,1,0.00041747093200683594,0.0
452,pop53,1,0.0004222393035888672,0.0
452,pop7,1,0.0004067420959472656,0.0
453,pop42,2,0.003487229347229004,0.002940058708190918
453,pop43,1,0.0004975795745849609,0.0
453,pop51,1,0.0004322528839111328,0.0
453,pop9,4,0.0004743337631225586,9.513536171534899e-05
454,pop53,3,0.004485368728637695,0.002852906801668881
454,pop54,1,0.006507396697998047,0.0
454,pop41,1,0.0004298686981201172,0.0
454,pop40,4,0.0004982352256774902,9.298498430216392e-05
454,pop43,1,0.0004203319549560547,0.0
454,pop51,1,0.00045299530029296875,0.0
454,pop19,1,0.0004425048828125,0.0
454,pop20,1,0.000377655029296875,0.0
455,pop4,2,0.0034924745559692383,0.0029670000076293945
455,pop51,2,0.00042057037353515625,1.0728836059570312e-05
455,pop9,3,0.00046944618225097656,0.00010374377486248494
455,pop50,1,0.00046324729919433594,0.0
455,pop14,1,0.00043392181396484375,0.0
455,pop24,1,0.0004367828369140625,0.0
456,pop55,5,0.0015091896057128906,0.0020923604939127346
457,pop44,5,0.0016595840454101563,0.002359900560062752
457,pop50,1,0.0004429817199707031,0.0
457,pop16,1,0.00041484832763671875,0.0
458,pop30,2,0.003306269645690918,0.00280916690826416
458,pop31,1,0.0003864765167236328,0.0
458,pop17,4,0.0004591941833496094,6.154132668498856e-05
458,pop50,1,0.000446319580078125,0.0
458,pop14,1,0.00042366981506347656,0.0
458,pop24,1,0.0004181861877441406,0.0
459,pop18,3,0.0026172796885172525,0.0030449325408348567
459,pop38,4,0.0004525184631347656,4.654080894656344e-05
460,pop56,5,0.001791238784790039,0.0026538864015860308
460,pop48,1,0.0003936290740966797,0.0
460,pop52,1,0.0003955364227294922,0.0
460,pop53,1,0.00043511390686035156,0.0
460,pop51,1,0.00043487548828125,0.0
461,pop9,5,0.0016034603118896484,0.0023093295377847717
461,pop51,1,0.0004286766052246094,0.0
461,pop10,1,0.0003993511199951172,0.0
462,pop31,2,0.0033206939697265625,0.0028314590454101562
462,pop17,2,0.005117893218994141,0.004692554473876953
462,pop50,2,0.00045108795166015625,1.0251998901367188e-05
462,pop33,2,0.00043833255767822266,2.2292137145996094e-05
462,pop32,2,0.0005166530609130859,8.678436279296875e-05
462,pop53,1,0.0004703998565673828,0.0
462,pop52,1,0.0005733966827392578,0.0
463,pop6,4,0.003912448883056641,0.003494850074607552
463,pop1,2,0.00041806697845458984,1.5139579772949219e-05
463,pop53,2,0.0004405975341796875,2.2172927856445312e-05
463,pop50,2,0.0006799697875976562,0.00023221969604492188
463,pop44,1,0.000408172607421875,0.0
463,pop27,1,0.0004382133483886719,0.0
463,pop25,1,0.00040531158447265625,0.0
463,pop17,2,0.0006022453308105469,2.9087066650390625e-05
463,pop15,1,0.0003974437713623047,0.0
464,pop32,5,0.0018452167510986327,0.0026414018729539763
464,pop33,1,0.00040411949157714844,0.0
464,pop50,1,0.000438690185546875,0.0
464,pop53,1,0.0004642009735107422,0.0
464,pop1,1,0.0003998279571533203,0.0
464,pop15,1,0.0004031658172607422,0.0
465,pop14,3,0.0025320053100585938,0.0028922751582517166
465,pop24,3,0.0005179246266682943,0.00011830789126694163
465,pop50,1,0.0005404949188232422,0.0
465,pop51,1,0.0005104541778564453,0.0
465,pop19,1,0.00048422813415527344,0.0
465,pop20,1,0.00046563148498535156,0.0
466,pop45,3,0.002587477366129557,0.002966956721496257
466,pop46,2,0.00042951107025146484,3.254413604736328e-05
466,pop20,1,0.0076503753662109375,0.0
466,pop44,4,0.0004898905754089355,0.00010446099591858771
466,pop50,1,0.0004570484161376953,0.0
466,pop53,1,0.0004324913024902344,0.0
466,pop47,1,0.0003769397735595703,0.0
467,pop52,4,0.0019075274467468262,0.0024831417277047024
467,pop55,2,0.003314971923828125,0.0029375553131103516
467,pop48,4,0.00043195486068725586,3.1350173368649924e-05
468,pop46,2,0.003594040870666504,0.0030499696731567383
468,pop20,3,0.0005669593811035156,0.0001370014370104862
468,pop19,1,0.00044083595275878906,0.0
468,pop51,1,0.0004482269287109375,0.0
468,pop50,1,0.0004527568817138672,0.0
468,pop14,1,0.00045013427734375,0.0
468,pop24,1,0.00039386749267578125,0.0
469,pop47,2,0.00307309627532959,0.0025578737258911133
469,pop53,2,0.004282951354980469,0.0038671493530273438
469,pop54,1,0.008482694625854492,0.0
469,pop52,2,0.0005286931991577148,8.404254913330078e-05
469,pop55,1,0.00041556358337402344,0.0
470,pop28,2,0.0033042430877685547,0.0027685165405273438
470,pop51,2,0.0004369020462036133,7.987022399902344e-06
470,pop4,3,0.00047326087951660156,9.626345120709882e-05
470,pop50,1,0.0004260540008544922,0.0
470,pop14,1,0.0004172325134277344,0.0
470,pop24,1,0.0003910064697265625,0.0
471,pop16,3,0.002430121103922526,0.0027488249842365416
471,pop23,4,0.0032500624656677246,0.004906200919892978
471,pop24,3,0.007240772247314453,0.004926105933590043
471,pop50,1,0.0004220008850097656,0.0
471,pop14,1,0.010408878326416016,0.0
471,pop21,1,0.00039958953857421875,0.0
471,pop22,2,0.0005571842193603516,0.00014638900756835938
472,pop57,2,0.003997325897216797,0.003471851348876953
472,pop56,1,0.0005044937133789062,0.0
472,pop2,4,0.0004966259002685547,8.411835234657662e-05
472,pop49,1,0.0004138946533203125,0.0
472,pop48,1,0.0003941059112548828,0.0
472,pop52,1,0.0004379749298095703,0.0
472,pop53,1,0.00047326087951660156,0.0
472,pop1,1,0.00042557716369628906,0.0
472,pop6,1,0.00038695335388183594,0.0
473,pop27,5,0.0018113613128662109,0.0026488371032644107
473,pop44,1,0.0004506111145019531,0.0
474,pop53,2,0.0032355785369873047,0.002707958221435547
474,pop52,2,0.0005102157592773438,6.556510925292969e-05
474,pop37,4,0.0004412531852722168,3.5449633857154995e-05
474,pop55,1,0.0005619525909423828,0.0
475,pop55,5,0.0015526294708251953,0.0021075354932343646
475,pop50,1,0.0004248619079589844,0.0
475,pop51,1,0.00045108795166015625,0.0
475,pop10,1,0.0004017353057861328,0.0
476,pop44,2,0.003450751304626465,0.0028988122940063477
476,pop50,4,0.000452578067779541,1.1082457515813544e-05
476,pop14,3,0.003770033518473307,0.004770589449131956
476,pop24,6,0.003887017567952474,0.004794765951642773
476,pop23,3,0.009930292765299479,0.007199532949110311
476,pop16,2,0.0004189014434814453,5.9604644775390625e-06
476,pop21,1,0.012259244918823242,0.0
476,pop22,1,0.011831998825073242,0.0
476,pop51,1,0.0007638931274414062,0.0
476,pop53,1,0.00047326087951660156,0.0
476,pop35,1,0.0002319812774658203,0.0
477,pop33,3,0.0025490125020345054,0.0029272544982117186
477,pop32,4,0.00046128034591674805,4.67426221684715e-05
477,pop50,1,0.00045013427734375,0.0
477,pop44,1,0.0004017353057861328,0.0
478,pop4,2,0.003481268882751465,0.002972722053527832
478,pop51,1,0.0004355907440185547,0.0
478,pop53,1,0.007014274597167969,0.0
478,pop50,3,0.0004283587137858073,7.605349213454084e-06
478,pop17,2,0.005024075508117676,0.004602313041687012
478,pop33,2,0.0004996061325073242,7.355213165283203e-05
478,pop32,2,0.0005433559417724609,0.0001125335693359375
478,pop35,1,0.0003986358642578125,0.0
479,pop31,2,0.0035845041275024414,0.0030628442764282227
479,pop17,3,0.0005167325337727865,0.00012462494879767055
479,pop50,1,0.0004534721374511719,0.0
479,pop51,1,0.0005855560302734375,0.0
479,pop19,1,0.00045680999755859375,0.0
479,pop20,1,0.0004050731658935547,0.0
480,pop45,3,0.002584060033162435,0.0030058291541927512
480,pop46,2,0.00041222572326660156,1.239776611328125e-05
480,pop20,2,0.0044231414794921875,0.00400996208190918
480,pop44,2,0.0004241466522216797,6.4373016357421875e-06
481,pop52,2,0.0034018754959106445,0.00283968448638916
481,pop55,1,0.0067636966705322266,0.0
481,pop50,4,0.0004451274871826172,1.2312651952433927e-05
481,pop14,2,0.0005555152893066406,0.00015163421630859375
481,pop16,1,0.0004534721374511719,0.0
481,pop23,1,0.00043272972106933594,0.0
481,pop24,3,0.004499514897664388,0.005746432513129988
481,pop17,2,0.0004818439483642578,3.0279159545898438e-05
481,pop44,1,0.00042319297790527344,0.0
482,pop16,4,0.0019129514694213867,0.0024930708875789027
482,pop23,4,0.0032455921173095703,0.004912492663890273
482,pop24,3,0.003520409266153971,0.004283205198447816
482,pop50,2,0.00046885013580322266,6.794929504394531e-06
482,pop14,2,0.005729317665100098,0.005153059959411621
482,pop21,2,0.0004259347915649414,2.7418136596679688e-06
482,pop22,2,0.0005637407302856445,0.00014102458953857422
482,pop44,1,0.00041556358337402344,0.0
483,pop53,3,0.004286050796508789,0.002675619217750622
483,pop52,2,0.0004336833953857422,3.5762786865234375e-06
484,pop55,3,0.004431724548339844,0.0028366509177282498
484,pop52,2,0.0005451440811157227,0.00011456012725830078
484,pop53,1,0.0004355907440185547,0.0
484,pop51,1,0.00043320655822753906,0.0
484,pop19,1,0.0003962516784667969,0.0
484,pop20,1,0.0003924369812011719,0.0
485,pop36,2,0.0033860206604003906,0.002857685089111328
485,pop10,3,0.0004754066467285156,5.414569393003505e-05
485,pop51,1,0.0004253387451171875,0.0
485,pop50,1,0.00043964385986328125,0.0
485,pop16,1,0.00041174888610839844,0.0
486,pop24,5,0.0018817901611328125,0.002772343320265805
486,pop14,1,0.0004107952117919922,0.0
486,pop50,1,0.00045800209045410156,0.0
486,pop53,1,0.0004343986511230469,0.0
486,pop52,1,0.00041174888610839844,0.0
487,pop38,3,0.0056044260660807295,0.00364918961082953
487,pop18,1,0.0004265308380126953,0.0
487,pop19,1,0.0004322528839111328,0.0
487,pop20,1,0.008918523788452148,0.0
487,pop46,1,0.0003921985626220703,0.0
487,pop45,1,0.0004029273986816406,0.0
487,pop44,3,0.0004929701487223307,8.082456254014128e-05
487,pop50,1,0.0005290508270263672,0.0
487,pop16,1,0.0004673004150390625,0.0
488,pop50,3,0.0023824373881022134,0.0026988697368754734
488,pop14,2,0.00040340423583984375,1.6927719116210938e-05
488,pop24,3,0.0004978974660237631,9.88026331962507e-05
488,pop53,1,0.0004353523254394531,0.0
488,pop1,1,0.0004076957702636719,0.0
488,pop6,1,0.00041747093200683594,0.0
489,pop41,2,0.0034323930740356445,0.002938389778137207
489,pop53,2,0.0004914999008178711,6.61611557006836e-05
489,pop54,1,0.0069887638092041016,0.0
489,pop52,4,0.0005009174346923828,0.00011523623575958811
489,pop47,1,0.00039887428283691406,0.0
490,pop47,4,0.0018472075462341309,0.0022323357767176483
490,pop53,1,0.00046563148498535156,0.0
490,pop52,1,0.000560760498046875,0.0
490,pop34,1,0.0004515647888183594,0.0
490,pop35,1,0.0004029273986816406,0.0
491,pop28,2,0.0034728050231933594,0.002962827682495117
491,pop51,2,0.0004426240921020508,1.2516975402832031e-05
491,pop9,3,0.0004432996114095052,5.6266223416160375e-05
491,pop50,1,0.00048089027404785156,0.0
491,pop44,1,0.0004093647003173828,0.0
492,pop27,5,0.0018319129943847657,0.0027378946682735544
492,pop25,1,0.00039505958557128906,0.0
492,pop17,1,0.00039839744567871094,0.0
492,pop50,1,0.0004284381866455078,0.0
492,pop53,1,0.00043463706970214844,0.0
492,pop52,1,0.00043487548828125,0.0
493,pop53,2,0.0033026933670043945,0.0028012990951538086
493,pop52,3,0.0036363601684570312,0.0045112497852846465
493,pop48,2,0.004182577133178711,0.0037665367126464844
493,pop56,1,0.009052515029907227,0.0
493,pop2,1,0.00039649009704589844,0.0
493,pop49,1,0.009535074234008789,0.0
493,pop55,2,0.00044524669647216797,2.2292137145996094e-05
493,pop50,1,0.00047016143798828125,0.0
493,pop44,1,0.0004010200500488281,0.0
494,pop40,2,0.0034835338592529297,0.0029697418212890625
494,pop41,1,0.0004241466522216797,0.0
494,pop53,1,0.0073015689849853516,0.0
494,pop50,2,0.0004960298538208008,5.8531761169433594e-05
494,pop17,3,0.0005425612131754557,8.102335024473148e-06
494,pop16,1,0.0004093647003173828,0.0
495,pop39,2,0.0037775039672851562,0.003226757049560547
495,pop38,3,0.003059943517049154,0.003682423465194207
495,pop18,3,0.00041548411051432293,9.24279950082038e-06
495,pop19,3,0.0004265308380126953,4.63538696652021e-06
495,pop20,4,0.002853989601135254,0.0042280245159724604
496,pop23,2,0.0038747787475585938,0.0033059120178222656
496,pop24,3,0.0005095005035400391,6.220882454810076e-05
496,pop14,1,0.0004336833953857422,0.0
496,pop50,1,0.00044083595275878906,0.0
496,pop53,1,0.00043010711669921875,0.0
496,pop52,1,0.0004558563232421875,0.0
497,pop21,2,0.004099369049072266,0.0035529136657714844
497,pop23,1,0.00045943260192871094,0.0
497,pop24,3,0.00046483675638834637,5.3381748893940685e-05
497,pop14,1,0.0004181861877441406,0.0
497,pop50,1,0.00043129920959472656,0.0
497,pop44,1,0.0004076957702636719,0.0
498,pop45,2,0.003771066665649414,0.0032410621643066406
498,pop44,2,0.0041463375091552734,0.0037364959716796875
498,pop50,2,0.0004495382308959961,1.823902130126953e-05
498,pop17,2,0.0004949569702148438,7.486343383789062e-05
498,pop53,1,0.00043129920959472656,0.0
498,pop7,1,0.0003902912139892578,0.0
499,pop38,5,0.001914215087890625,0.002850631851407186
499,pop18,1,0.0004401206970214844,0.0
499,pop19,1,0.00041031837463378906,0.0
499,pop51,1,0.0004239082336425781,0.0
499,pop10,1,0.0003943443298339844,0.0
500,pop50,2,0.003571152687072754,0.002999424934387207
500,pop55,4,0.00045746564865112305,4.7899406592466255e-05
501,pop37,5,0.0015960216522216796,0.0021854381959537294
501,pop33,1,0.0005514621734619141,0.0
501,pop50,1,0.0005803108215332031,0.0
501,pop51,1,0.00046324729919433594,0.0
501,pop19,1,0.0004184246063232422,0.0
501,pop20,1,0.0004184246063232422,0.0
502,pop36,2,0.0036237239837646484,0.0030503273010253906
502,pop51,2,0.00043082237243652344,2.86102294921875e-06
502,pop9,4,0.00043785572052001953,2.212833976876068e-05
502,pop10,1,0.00040531158447265625,0.0
503,pop47,4,0.003743112087249756,0.0033628153790703917
503,pop51,3,0.0004951159159342448,5.435746079661612e-05
503,pop10,1,0.009831905364990234,0.0
503,pop4,2,0.0005873441696166992,0.0001844167709350586
503,pop53,1,0.0004649162292480469,0.0
503,pop1,1,0.00043582916259765625,0.0
503,pop15,1,0.00039839744567871094,0.0
504,pop27,2,0.004182696342468262,0.0036548376083374023
504,pop14,1,0.0007364749908447266,0.0
504,pop50,1,0.0004673004150390625,0.0
504,pop16,1,0.0004267692565917969,0.0
504,pop23,3,0.004676342010498047,0.006022784671869387
504,pop24,4,0.003745853900909424,0.00574622004232504
504,pop21,2,0.0004355907440185547,2.384185791015625e-07
505,pop53,3,0.004617134730021159,0.002936881550540855
505,pop50,3,0.00044337908426920575,1.432673269000817e-05
505,pop17,2,0.005172252655029297,0.004734992980957031
505,pop25,1,0.0003955364227294922,0.0
505,pop27,1,0.0005862712860107422,0.0
505,pop44,1,0.0004420280456542969,0.0
505,pop33,2,0.0004259347915649414,3.5762786865234375e-07
505,pop32,2,0.0005314350128173828,1.52587890625e-05
505,pop55,1,0.0004019737243652344,0.0
506,pop21,2,0.004112124443054199,0.00359189510345459
506,pop23,1,0.0003867149353027344,0.0
506,pop24,3,0.00045752525329589844,3.2200339371405886e-05
506,pop14,1,0.0004291534423828125,0.0
506,pop50,1,0.0006215572357177734,0.0
506,pop44,1,0.0005581378936767578,0.0
507,pop22,5,0.0016077518463134765,0.002263767580348458
507,pop21,1,0.0004200935363769531,0.0
507,pop23,1,0.00042176246643066406,0.0
507,pop16,1,0.00042629241943359375,0.0
508,pop40,2,0.0034617185592651367,0.0029164552688598633
508,pop41,1,0.00042366981506347656,0.0
508,pop53,1,0.000431060791015625,0.0
508,pop50,1,0.0004317760467529297,0.0
508,pop14,1,0.0004341602325439453,0.0
508,pop24,3,0.0004794597625732422,9.859523534665467e-05
509,pop38,2,0.004104971885681152,0.0035439729690551758
509,pop39,1,0.00042438507080078125,0.0
509,pop44,1,0.009476900100708008,0.0
509,pop50,3,0.0005042552947998047,5.46601133454427e-05
509,pop33,2,0.0006496906280517578,7.05718994140625e-05
509,pop32,4,0.0005023479461669922,0.00015549955099108606
509,pop53,1,0.0004425048828125,0.0
509,pop1,1,0.0006070137023925781,0.0
509,pop15,1,0.00040984153747558594,0.0
510,pop50,3,0.0024232864379882812,0.002718008756386348
510,pop14,4,0.0028687119483947754,0.004252030869585788
510,pop24,2,0.010622859001159668,0.0011490583419799805
510,pop23,2,0.00042760372161865234,8.702278137207031e-06
510,pop21,2,0.0005398988723754883,0.00010669231414794922
510,pop16,1,0.00046443939208984375,0.0
510,pop51,1,0.00044155120849609375,0.0
510,pop19,1,0.0004088878631591797,0.0
510,pop20,1,0.0004127025604248047,0.0
511,pop37,5,0.0015933990478515625,0.0021979589339117577
511,pop52,1,0.0004341602325439453,0.0
511,pop53,1,0.00044035911560058594,0.0
511,pop1,1,0.0004317760467529297,0.0
511,pop15,1,0.0003979206085205078,0.0
512,pop47,2,0.003358006477355957,0.0028153657913208008
512,pop51,2,0.0004425048828125,3.123283386230469e-05
512,pop9,3,0.0005118846893310547,8.641875986596128e-05
513,pop53,2,0.0035752058029174805,0.003021836280822754
513,pop52,3,0.0004387696584065755,9.830892326448886e-06
513,pop48,1,0.008487939834594727,0.0
513,pop12,4,0.0004591941833496094,5.438792377346425e-05
513,pop34,1,0.00040435791015625,0.0
513,pop35,1,0.00040030479431152344,0.0
514,pop8,2,0.0036677122116088867,0.0031088590621948242
514,pop51,1,0.00047779083251953125,0.0
514,pop43,1,0.0004374980926513672,0.0
514,pop40,4,0.00047332048416137695,6.51514212925826e-05
514,pop41,1,0.0003998279571533203,0.0
514,pop53,1,0.000476837158203125,0.0
514,pop52,1,0.0004067420959472656,0.0
515,pop33,3,0.0028335253397623696,0.0032151916914982376
515,pop32,3,0.0004755655924479167,6.819058495962071e-05
515,pop50,1,0.0004742145538330078,0.0
515,pop53,1,0.0005240440368652344,0.0
515,pop52,1,0.0004036426544189453,0.0
516,pop52,5,0.0017152786254882812,0.0025299527879355166
517,pop16,2,0.003877997398376465,0.0033086538314819336
517,pop23,1,0.0004260540008544922,0.0
517,pop24,1,0.009193181991577148,0.0
517,pop14,4,0.0004691481590270996,9.306594872278359e-05
517,pop50,1,0.0005602836608886719,0.0
517,pop51,1,0.0004725456237792969,0.0
517,pop10,1,0.0004165172576904297,0.0
518,pop36,2,0.0037268400192260742,0.0032039880752563477
518,pop51,1,0.00041937828063964844,0.0
518,pop50,1,0.000499725341796875,0.0
518,pop14,1,0.00044417381286621094,0.0
518,pop24,2,0.006679058074951172,0.006260871887207031
518,pop23,2,0.006093144416809082,0.005611538887023926
518,pop21,2,0.006563305854797363,0.006085038185119629
518,pop22,4,0.00047385692596435547,5.861231161732583e-05
519,pop22,5,0.0016559600830078126,0.002342752046142566
519,pop21,1,0.0005507469177246094,0.0
519,pop23,1,0.0005638599395751953,0.0
519,pop16,1,0.0005483627319335938,0.0
520,pop40,2,0.00355374813079834,0.003031611442565918
520,pop41,1,0.0004124641418457031,0.0
520,pop53,1,0.0004394054412841797,0.0
520,pop1,2,0.0005124807357788086,4.947185516357422e-05
520,pop6,4,0.0004757046699523926,7.577893188939511e-05
520,pop15,1,0.00041866302490234375,0.0
521,pop48,3,0.005434989929199219,0.003496991037029972
521,pop52,2,0.0004398822784423828,4.76837158203125e-06
521,pop12,3,0.00046952565511067707,6.692454767853714e-05
521,pop55,1,0.000408172607421875,0.0
522,pop24,6,0.0031919082005818686,0.0038344576423928103
522,pop14,2,0.004819631576538086,0.004420757293701172
522,pop50,1,0.00042366981506347656,0.0
522,pop53,1,0.0004425048828125,0.0
522,pop1,1,0.0004222393035888672,0.0
522,pop15,1,0.00044035911560058594,0.0
523,pop41,3,0.0026129881540934243,0.0028953785895184008
523,pop40,1,0.007263660430908203,0.0
523,pop53,1,0.00043511390686035156,0.0
523,pop50,2,0.0006589889526367188,0.00016760826110839844
523,pop44,1,0.0004246234893798828,0.0
523,pop27,1,0.000415802001953125,0.0
523,pop25,1,0.00047016143798828125,0.0
523,pop17,4,0.0005262494087219238,6.761056036353075e-05
523,pop51,1,0.0004506111145019531,0.0
523,pop10,1,0.00042247772216796875,0.0
524,pop28,2,0.0036863088607788086,0.003149867057800293
524,pop51,2,0.0005155801773071289,7.522106170654297e-05
524,pop9,3,0.00046753883361816406,7.506513454883151e-05
524,pop19,1,0.0004813671112060547,0.0
524,pop18,1,0.0004329681396484375,0.0
525,pop37,5,0.0016849994659423827,0.002265724402975953
525,pop52,1,0.00047588348388671875,0.0
525,pop53,1,0.00044608116149902344,0.0
525,pop7,1,0.00040912628173828125,0.0
526,pop53,4,0.003655374050140381,0.003192803423160927
526,pop50,2,0.00045740604400634766,1.0728836059570312e-06
526,pop17,3,0.0004769166310628255,7.987896158178312e-05
526,pop7,1,0.00038933753967285156,0.0
527,pop52,5,0.0017276763916015624,0.002471013864721717
528,pop16,3,0.0027468204498291016,0.0032084911028949763
528,pop23,5,0.004636621475219727,0.005165925773015857
528,pop24,3,0.010466337203979492,0.0010906673606572391
528,pop14,1,0.009193897247314453,0.0
528,pop21,2,0.006390690803527832,0.005976557731628418
528,pop22,2,0.0005913972854614258,0.00019371509552001953
528,pop50,1,0.0004968643188476562,0.0
528,pop51,1,0.0004723072052001953,0.0
528,pop19,1,0.00044727325439453125,0.0
528,pop20,1,0.0004086494445800781,0.0
529,pop23,2,0.00426173210144043,0.003720998764038086
529,pop24,4,0.0004863142967224121,8.643329118656532e-05
529,pop14,1,0.0004336833953857422,0.0
529,pop50,1,0.00046825408935546875,0.0
529,pop16,1,0.0004138946533203125,0.0
530,pop45,2,0.004104137420654297,0.0035736560821533203
530,pop44,1,0.00041866302490234375,0.0
530,pop50,2,0.00044095516204833984,9.655952453613281e-06
530,pop17,2,0.0050612688064575195,0.00464022159576416
530,pop33,2,0.00042760372161865234,1.2755393981933594e-05
530,pop32,2,0.0062100887298583984,0.005801677703857422
530,pop37,2,0.0005477666854858398,7.808208465576172e-05
530,pop52,1,0.0004630088806152344,0.0
530,pop53,1,0.00045871734619140625,0.0
530,pop1,1,0.0004394054412841797,0.0
530,pop6,1,0.0003991127014160156,0.0
531,pop40,5,0.0017741203308105468,0.0025350777946501965
531,pop43,1,0.00040411949157714844,0.0
531,pop51,1,0.0004894733428955078,0.0
531,pop19,1,0.0004146099090576172,0.0
531,pop18,1,0.0004291534423828125,0.0
532,pop48,5,0.0019388675689697265,0.002901522031276066
532,pop52,1,0.00042438507080078125,0.0
532,pop55,1,0.0003829002380371094,0.0
533,pop24,4,0.0075991153717041016,0.004275940966978541
533,pop23,4,0.00044161081314086914,5.0613399140170484e-05
533,pop16,2,0.0004106760025024414,3.4570693969726562e-06
533,pop50,2,0.00045669078826904297,3.898143768310547e-05
533,pop14,1,0.010757207870483398,0.0
533,pop51,1,0.00040602684020996094,0.0
534,pop28,2,0.003718137741088867,0.003132343292236328
534,pop36,1,0.0005459785461425781,0.0
534,pop10,5,0.002423667907714844,0.0038411248087344436
534,pop51,3,0.00047977765401204425,7.11434364003439e-05
534,pop4,1,0.010754823684692383,0.0
534,pop53,1,0.00046944618225097656,0.0
534,pop52,1,0.00043654441833496094,0.0
535,pop10,2,0.0038299560546875,0.0032854080200195312
535,pop51,1,0.00047707557678222656,0.0
535,pop50,2,0.0004369020462036133,8.702278137207031e-06
535,pop17,4,0.0004710555076599121,0.00011917964745582557
535,pop25,1,0.0004050731658935547,0.0
535,pop27,1,0.00043010711669921875,0.0
535,pop44,1,0.00042128562927246094,0.0
535,pop55,1,0.00040912628173828125,0.0
536,pop42,2,0.0039479732513427734,0.003396749496459961
536,pop43,1,0.00039267539978027344,0.0
536,pop51,2,0.0004950761795043945,7.259845733642578e-05
536,pop9,4,0.00045877695083618164,7.24585354142757e-05
536,pop50,1,0.00046062469482421875,0.0
536,pop14,1,0.0004684925079345703,0.0
536,pop24,1,0.00057220458984375,0.0
537,pop30,2,0.003880023956298828,0.0033125877380371094
537,pop31,1,0.0004096031188964844,0.0
537,pop17,4,0.000533759593963623,0.000177609870094391
537,pop50,1,0.0004413127899169922,0.0
537,pop51,1,0.00045490264892578125,0.0
537,pop19,1,0.0004398822784423828,0.0
537,pop20,1,0.00043129920959472656,0.0
538,pop18,2,0.0041730403900146484,0.0035898685455322266
538,pop38,2,0.005156517028808594,0.004716634750366211
538,pop39,1,0.000431060791015625,0.0
538,pop44,3,0.0005554358164469401,0.00011062936075000031
538,pop50,1,0.00048160552978515625,0.0
538,pop35,1,0.0005552768707275391,0.0
539,pop56,5,0.0020354747772216796,0.003024249495010183
539,pop48,1,0.0004107952117919922,0.0
539,pop52,1,0.0004210472106933594,0.0
539,pop53,1,0.0004432201385498047,0.0
539,pop47,1,0.0003962516784667969,0.0
540,pop9,5,0.0017985820770263672,0.0026246441901951714
540,pop51,1,0.00043487548828125,0.0
540,pop53,1,0.0004341602325439453,0.0
540,pop52,1,0.00043654441833496094,0.0
541,pop21,5,0.0020971298217773438,0.003189075481500393
541,pop23,1,0.00043272972106933594,0.0
541,pop16,1,0.00048613548278808594,0.0
541,pop50,1,0.0004508495330810547,0.0
541,pop51,1,0.0004794597625732422,0.0
541,pop10,1,0.00038886070251464844,0.0
542,pop41,3,0.002661546071370443,0.003083185925683214
542,pop40,2,0.004300475120544434,0.0038803815841674805
542,pop53,1,0.008503437042236328,0.0
542,pop54,3,0.0004295508066813151,2.099648287077412e-06
542,pop52,1,0.0004150867462158203,0.0
543,pop16,2,0.0039217472076416016,0.003374338150024414
543,pop23,2,0.004726290702819824,0.004300236701965332
543,pop24,2,0.0056705474853515625,0.005222320556640625
543,pop14,1,0.00042057037353515625,0.0
543,pop50,2,0.0004526376724243164,1.0609626770019531e-05
543,pop17,2,0.0006208419799804688,0.0001838207244873047
543,pop53,1,0.0005593299865722656,0.0
543,pop1,1,0.0004494190216064453,0.0
543,pop15,1,0.0003859996795654297,0.0
544,pop28,2,0.0037992000579833984,0.003272533416748047
544,pop51,5,0.0004592418670654297,5.509675397355151e-05
544,pop43,2,0.0004749298095703125,2.9802322387695312e-05
544,pop40,1,0.00942540168762207,0.0
544,pop4,1,0.01111745834350586,0.0
544,pop19,1,0.00044035911560058594,0.0
544,pop20,1,0.01328420639038086,0.0
544,pop46,1,0.00042510032653808594,0.0
544,pop10,1,0.014354467391967773,0.0
544,pop53,2,0.007506728172302246,0.007027745246887207
544,pop54,1,0.014568090438842773,0.0
544,pop52,3,0.0003306865692138672,8.862823860767862e-05
544,pop13,1,0.009333372116088867,0.0
545,pop6,4,0.002281367778778076,0.003042113930319202
545,pop1,1,0.0003993511199951172,0.0
545,pop53,1,0.00047898292541503906,0.0
545,pop50,1,0.0004177093505859375,0.0
545,pop14,1,0.0004210472106933594,0.0
545,pop24,1,0.00040984153747558594,0.0
546,pop32,5,0.0020150661468505858,0.0030568463452404003
546,pop33,1,0.0004086494445800781,0.0
546,pop50,1,0.0004601478576660156,0.0
546,pop35,1,0.000400543212890625,0.0
547,pop14,4,0.004456162452697754,0.003995258392125292
547,pop24,4,0.003005504608154297,0.004341133832530674
547,pop23,1,0.010257720947265625,0.0
547,pop50,1,0.00045108795166015625,0.0
547,pop53,1,0.0004363059997558594,0.0
547,pop1,1,0.0003838539123535156,0.0
547,pop6,1,0.00039958953857421875,0.0
548,pop46,2,0.004019260406494141,0.003467082977294922
548,pop45,1,0.00046372413635253906,0.0
548,pop44,4,0.0004718899726867676,0.00010129035576868677
548,pop50,1,0.0004260540008544922,0.0
548,pop35,1,0.0003681182861328125,0.0
549,pop57,2,0.004400730133056641,0.0038220882415771484
549,pop56,1,0.008889436721801758,0.0
549,pop2,1,0.0004382133483886719,0.0
549,pop49,1,0.009508848190307617,0.0
549,pop48,1,0.00045990943908691406,0.0
549,pop52,4,0.0028980374336242676,0.004077596953728008
549,pop12,2,0.00608062744140625,0.005630970001220703
549,pop53,1,0.0004286766052246094,0.0
549,pop51,1,0.00044727325439453125,0.0
549,pop10,1,0.0003993511199951172,0.0
550,pop44,5,0.0019405364990234375,0.0028653190242650733
550,pop50,1,0.0004696846008300781,0.0
550,pop55,1,0.00042128562927246094,0.0
551,pop47,2,0.0035001039505004883,0.0029605627059936523
551,pop53,1,0.0005464553833007812,0.0
551,pop50,2,0.00047075748443603516,8.463859558105469e-06
551,pop17,2,0.00583195686340332,0.005396127700805664
551,pop55,1,0.009806156158447266,0.0
551,pop52,2,0.00043022632598876953,2.0265579223632812e-06
551,pop48,2,0.0063925981521606445,0.005944371223449707
551,pop49,2,0.006791830062866211,0.006357669830322266
551,pop2,1,0.013915538787841797,0.0
551,pop12,2,0.0005446672439575195,0.00010836124420166016
552,pop42,2,0.003968715667724609,0.0034399032592773438
552,pop43,1,0.0005595684051513672,0.0
552,pop51,2,0.0005042552947998047,5.555152893066406e-05
552,pop10,4,0.0005162954330444336,6.636467980710486e-05
552,pop53,1,0.00045871734619140625,0.0
552,pop1,1,0.00046944618225097656,0.0
552,pop15,1,0.0005588531494140625,0.0
553,pop28,2,0.0038428306579589844,0.0032863616943359375
553,pop36,1,0.0004436969757080078,0.0
553,pop10,4,0.00047218799591064453,6.734607455776265e-05
553,pop51,1,0.0004630088806152344,0.0
553,pop50,1,0.00046372413635253906,0.0
553,pop55,1,0.0005600452423095703,0.0
554,pop4,5,0.001860666275024414,0.0028031349457916734
554,pop51,1,0.0004436969757080078,0.0
554,pop10,1,0.0004086494445800781,0.0
555,pop31,2,0.003996849060058594,0.003443002700805664
555,pop17,4,0.00048726797103881836,0.00010451866088456018
555,pop50,1,0.0006239414215087891,0.0
555,pop35,1,0.0004062652587890625,0.0
556,pop55,5,0.003300333023071289,0.003523228245445455
556,pop52,2,0.0005286931991577148,5.1140785217285156e-05
557,pop8,2,0.003934383392333984,0.0033872127532958984
557,pop51,1,0.0004162788391113281,0.0
557,pop50,3,0.0004475911458333333,3.1510562941954535e-05
557,pop17,1,0.009976387023925781,0.0
557,pop25,1,0.0004100799560546875,0.0
557,pop27,1,0.00043582916259765625,0.0
557,pop44,1,0.00041556358337402344,0.0
557,pop33,2,0.00042688846588134766,1.5616416931152344e-05
557,pop32,4,0.00046008825302124023,4.765669981246278e-05
557,pop53,1,0.0004684925079345703,0.0
557,pop7,1,0.0004031658172607422,0.0
558,pop22,4,0.002123117446899414,0.0027788078817956125
558,pop51,1,0.000431060791015625,0.0
558,pop53,1,0.0004642009735107422,0.0
558,pop7,1,0.0005373954772949219,0.0
559,pop10,2,0.0039141178131103516,0.0033822059631347656
559,pop51,1,0.00042700767517089844,0.0
559,pop50,3,0.0004488627115885417,1.616369341936216e-05
559,pop17,1,0.009961128234863281,0.0
559,pop25,1,0.00043129920959472656,0.0
559,pop27,1,0.0004372596740722656,0.0
559,pop44,1,0.00041866302490234375,0.0
559,pop33,2,0.00042998790740966797,7.987022399902344e-06
559,pop32,4,0.0004898309707641602,6.748562017187553e-05
559,pop55,1,0.00042319297790527344,0.0
560,pop56,4,0.007025778293609619,0.0038474929318658936
560,pop2,2,0.00040435791015625,2.384185791015625e-06
560,pop49,1,0.009578704833984375,0.0
560,pop48,1,0.010636568069458008,0.0
560,pop52,1,0.0008273124694824219,0.0
561,pop16,2,0.004221320152282715,0.0037058591842651367
561,pop50,2,0.00047004222869873047,1.0728836059570312e-06
561,pop17,3,0.0005062421162923177,0.00011863607770417932
561,pop53,1,0.0005452632904052734,0.0
561,pop1,1,0.0003962516784667969,0.0
561,pop15,1,0.00041484832763671875,0.0
562,pop47,3,0.004955450693766276,0.003182029699667417
562,pop53,2,0.0005682706832885742,0.0001138448715209961
562,pop51,1,0.0004634857177734375,0.0
562,pop19,1,0.0004267692565917969,0.0
562,pop20,1,0.0005598068237304688,0.0
563,pop37,5,0.0017057418823242187,0.0024762968569295475
563,pop33,1,0.0004222393035888672,0.0
563,pop50,1,0.00047016143798828125,0.0
563,pop51,1,0.00045561790466308594,0.0
564,pop53,3,0.0027036666870117188,0.0031430129134344966
564,pop54,3,0.00046563148498535156,5.7306159267910936e-05
564,pop7,1,0.00039649009704589844,0.0
565,pop52,3,0.002762873967488607,0.0032423326879032436
565,pop12,3,0.0005448659261067709,8.44496272614517e-05
565,pop53,1,0.0004734992980957031,0.0
565,pop50,1,0.0004773139953613281,0.0
565,pop14,1,0.0005695819854736328,0.0
565,pop24,1,0.0005435943603515625,0.0
566,pop6,2,0.004207253456115723,0.0036753416061401367
566,pop1,1,0.0004146099090576172,0.0
566,pop53,2,0.00044023990631103516,1.9431114196777344e-05
566,pop54,2,0.00481259822845459,0.004410862922668457
566,pop52,3,0.00046706199645996094,4.70504835227852e-05
566,pop51,1,0.00043511390686035156,0.0
567,pop32,5,0.0021379947662353515,0.003211931387050029
567,pop33,1,0.0004284381866455078,0.0
567,pop50,1,0.000431060791015625,0.0
567,pop53,1,0.00046825408935546875,0.0
567,pop1,1,0.0004172325134277344,0.0
567,pop6,1,0.0005438327789306641,0.0
568,pop44,4,0.0023097991943359375,0.003106142159955893
568,pop50,1,0.0004401206970214844,0.0
568,pop14,1,0.00043487548828125,0.0
568,pop24,1,0.0004277229309082031,0.0
569,pop42,2,0.004071235656738281,0.003473997116088867
569,pop43,1,0.000431060791015625,0.0
569,pop51,3,0.00045220057169596356,1.4016543348979109e-05
569,pop10,1,0.008758783340454102,0.0
569,pop4,1,0.009543895721435547,0.0
569,pop22,4,0.0004897117614746094,6.695976349849604e-05
569,pop21,1,0.00040841102600097656,0.0
569,pop23,1,0.00043702125549316406,0.0
569,pop24,1,0.0005793571472167969,0.0
570,pop47,4,0.0020235776901245117,0.002549625290703127
570,pop53,1,0.000446319580078125,0.0
570,pop52,1,0.00042891502380371094,0.0
570,pop34,1,0.00042939186096191406,0.0
570,pop35,1,0.0005102157592773438,0.0
571,pop39,2,0.004247307777404785,0.0036982297897338867
571,pop38,4,0.0005245804786682129,6.0728767912092786e-05
571,pop18,1,0.0004010200500488281,0.0
571,pop19,1,0.0004298686981201172,0.0
571,pop51,1,0.00042557716369628906,0.0
571,pop50,1,0.000423431396484375,0.0
571,pop16,1,0.00044989585876464844,0.0
572,pop23,2,0.0043860673904418945,0.003851771354675293
572,pop16,1,0.00040435791015625,0.0
572,pop50,2,0.0006510019302368164,0.00018465518951416016
572,pop44,2,0.0004241466522216797,6.4373016357421875e-06
572,pop27,2,0.00044977664947509766,1.704692840576172e-05
572,pop25,2,0.00044524669647216797,1.4424324035644531e-05
572,pop17,1,0.01295614242553711,0.0
572,pop55,1,0.013445854187011719,0.0
572,pop52,1,0.000453948974609375,0.0
572,pop12,1,0.016367435455322266,0.0
573,pop40,2,0.004014372825622559,0.0034810304641723633
573,pop43,1,0.00048828125,0.0
573,pop51,3,0.0005366007486979166,5.9287285994113296e-05
573,pop10,2,0.0052596330642700195,0.004724621772766113
573,pop22,3,0.0004494984944661458,5.7263600898721024e-05
573,pop19,1,0.00045680999755859375,0.0
573,pop20,1,0.0004894733428955078,0.0
574,pop24,5,0.002218008041381836,0.003423526797842944
574,pop14,2,0.0047065019607543945,0.004277586936950684
574,pop50,1,0.000461578369140625,0.0
574,pop44,1,0.0004305839538574219,0.0
575,pop4,5,0.0019338130950927734,0.0028390714654809076
575,pop51,1,0.00044536590576171875,0.0
575,pop53,1,0.00046634674072265625,0.0
575,pop1,1,0.0004374980926513672,0.0
575,pop15,1,0.0003972053527832031,0.0
576,pop56,5,0.002092409133911133,0.0031701679133277617
576,pop48,1,0.00041484832763671875,0.0
576,pop52,1,0.0004363059997558594,0.0
576,pop53,1,0.0004620552062988281,0.0
576,pop47,1,0.0004184246063232422,0.0
577,pop16,3,0.002954244613647461,0.003488836172520237
577,pop50,3,0.0004646778106689453,6.843900725558912e-06
577,pop17,1,0.0100250244140625,0.0
577,pop25,1,0.0004115104675292969,0.0
577,pop27,1,0.0004482269287109375,0.0
577,pop44,1,0.0004489421844482422,0.0
577,pop33,2,0.0004363059997558594,7.62939453125e-06
577,pop32,3,0.0005218982696533203,0.0001235755181487455
578,pop52,3,0.002841393152872721,0.0033299939776161025
578,pop12,4,0.0004654526710510254,6.87405408728565e-05
578,pop53,1,0.00041937828063964844,0.0
578,pop1,1,0.0004177093505859375,0.0
578,pop6,1,0.0005426406860351562,0.0
579,pop47,2,0.00364840030670166,0.0030983686447143555
579,pop51,4,0.00044989585876464844,1.4198421918997041e-05
579,pop10,4,0.005860865116119385,0.005423741968392314
579,pop4,1,0.011191606521606445,0.0
579,pop50,1,0.0004944801330566406,0.0
579,pop55,2,0.0004425048828125,2.002716064453125e-05
579,pop52,1,0.00041174888610839844,0.0
580,pop27,2,0.004757404327392578,0.004180908203125
580,pop25,1,0.0004665851593017578,0.0
580,pop17,4,0.0005189180374145508,9.949748917844771e-05
580,pop50,1,0.0004546642303466797,0.0
580,pop51,1,0.0004639625549316406,0.0
580,pop19,1,0.00044083595275878906,0.0
580,pop18,1,0.00041222572326660156,0.0
581,pop18,2,0.004373669624328613,0.0038286447525024414
581,pop19,1,0.00046324729919433594,0.0
581,pop51,2,0.00043582916259765625,2.384185791015625e-07
581,pop10,2,0.005081295967102051,0.004657864570617676
581,pop22,1,0.010770559310913086,0.0
581,pop21,1,0.015610456466674805,0.0
581,pop23,1,0.0004379749298095703,0.0
581,pop24,4,0.00044280290603637695,2.3381056805145208e-05
581,pop14,2,0.007839441299438477,0.007426261901855469
581,pop50,1,0.0006070137023925781,0.0
581,pop44,1,0.00043320655822753906,0.0
582,pop9,5,0.0019429683685302734,0.0028888793495532752
582,pop51,1,0.0004508495330810547,0.0
582,pop50,1,0.0004763603210449219,0.0
582,pop14,1,0.0004057884216308594,0.0
582,pop24,1,0.00042247772216796875,0.0
583,pop41,2,0.003980755805969238,0.003415226936340332
583,pop53,1,0.000438690185546875,0.0
583,pop50,2,0.0005986690521240234,0.00013566017150878906
583,pop17,3,0.00048200289408365887,5.633185193093849e-05
583,pop16,1,0.0004169940948486328,0.0
583,pop23,1,0.0005688667297363281,0.0
583,pop24,1,0.0003917217254638672,0.0
584,pop32,5,0.002129077911376953,0.0032014539064889073
584,pop33,1,0.0004277229309082031,0.0
584,pop50,1,0.00046825408935546875,0.0
584,pop51,1,0.00045680999755859375,0.0
584,pop19,1,0.00039839744567871094,0.0
584,pop20,1,0.0003886222839355469,0.0
585,pop40,2,0.003987431526184082,0.0034662485122680664
585,pop41,1,0.0004425048828125,0.0
585,pop53,1,0.008240461349487305,0.0
585,pop54,4,0.0004323720932006836,1.9779044958106443e-05
585,pop52,1,0.00042319297790527344,0.0
586,pop52,3,0.002814690272013346,0.0033027898170962127
586,pop12,4,0.0004944205284118652,8.546921573088702e-05
586,pop53,1,0.0004508495330810547,0.0
586,pop1,1,0.0004100799560546875,0.0
586,pop6,1,0.0004105567932128906,0.0
587,pop38,5,0.002194643020629883,0.003398689668256723
587,pop18,1,0.00040078163146972656,0.0
587,pop19,1,0.0003914833068847656,0.0
587,pop51,1,0.0004591941833496094,0.0
587,pop50,1,0.00045299530029296875,0.0
587,pop16,1,0.00040984153747558594,0.0
588,pop50,5,0.001955556869506836,0.00291087964609407
588,pop17,2,0.005185246467590332,0.004781365394592285
588,pop33,2,0.0006077289581298828,0.000186920166015625
588,pop32,2,0.0005414485931396484,6.175041198730469e-05
588,pop51,1,0.0004761219024658203,0.0
588,pop19,1,0.00045108795166015625,0.0
588,pop20,1,0.00038242340087890625,0.0
589,pop14,2,0.004651427268981934,0.0037943124771118164
589,pop50,1,0.0004382133483886719,0.0
589,pop16,2,0.0004363059997558594,2.6464462280273438e-05
589,pop23,2,0.0004171133041381836,7.987022399902344e-06
589,pop24,4,0.0004405379295349121,3.572277970506699e-05
590,pop57,2,0.0047348737716674805,0.004166007041931152
590,pop56,1,0.00041747093200683594,0.0
590,pop2,3,0.0004939238230387369,0.00010626843825948448
590,pop49,4,0.0030652284622192383,0.00461855355730225
590,pop48,1,0.0004124641418457031,0.0
590,pop52,1,0.0006921291351318359,0.0
590,pop55,1,0.0004112720489501953,0.0
590,pop50,1,0.0004763603210449219,0.0
590,pop16,1,0.0005729198455810547,0.0
591,pop16,2,0.0043065547943115234,0.0037698745727539062
591,pop23,1,0.00041413307189941406,0.0
591,pop24,4,0.0005513429641723633,8.739927252197295e-05
591,pop14,1,0.0004401206970214844,0.0
591,pop50,1,0.00047969818115234375,0.0
591,pop51,1,0.00045013427734375,0.0
591,pop19,1,0.0004227161407470703,0.0
591,pop18,1,0.0004506111145019531,0.0
592,pop47,2,0.0038530826568603516,0.0033249855041503906
592,pop51,2,0.00045037269592285156,2.1457672119140625e-06
592,pop9,4,0.0004353523254394531,3.058130717950827e-05
592,pop10,1,0.0004413127899169922,0.0
593,pop32,4,0.002609074115753174,0.0036656679035741704
593,pop33,1,0.000415802001953125,0.0
593,pop50,1,0.00045418739318847656,0.0
593,pop44,1,0.0003895759582519531,0.0
594,pop40,2,0.004130125045776367,0.0036170482635498047
594,pop41,1,0.00041413307189941406,0.0
594,pop53,3,0.00048502286275227863,4.3866139008742915e-05
594,pop1,1,0.0004208087921142578,0.0
594,pop15,1,0.0004069805145263672,0.0
595,pop33,3,0.0031026204427083335,0.0037290152368752846
595,pop32,4,0.00046449899673461914,7.568247987249332e-05
595,pop50,1,0.0004527568817138672,0.0
595,pop51,1,0.0006129741668701172,0.0
595,pop10,1,0.00039124488830566406,0.0
596,pop36,2,0.004189252853393555,0.003662109375
596,pop10,3,0.0005718866984049479,0.0001105140340078648
596,pop51,1,0.0004329681396484375,0.0
596,pop50,1,0.0004475116729736328,0.0
596,pop35,1,0.0003962516784667969,0.0
597,pop55,4,0.0021994709968566895,0.0028807494536300573
597,pop50,1,0.00042891502380371094,0.0
597,pop51,1,0.0004570484161376953,0.0
597,pop19,1,0.0003981590270996094,0.0
597,pop20,1,0.00040435791015625,0.0
598,pop8,2,0.004171609878540039,0.003613710403442383
598,pop51,8,0.00043514370918273926,8.331547715248313e-05
598,pop10,2,0.010850191116333008,0.002018451690673828
598,pop19,5,0.00039944648742675783,7.907717110345568e-05
598,pop20,4,0.006812453269958496,0.006661097699935865
598,pop4,3,0.008886575698852539,0.0059988521508431
598,pop22,2,0.0003857612609863281,4.5299530029296875e-05
599,pop10,3,0.005613247553507487,0.0035890479755364578
599,pop51,2,0.0004394054412841797,2.4557113647460938e-05
599,pop4,1,0.00970315933227539,0.0
599,pop43,1,0.0004055500030517578,0.0
599,pop40,1,0.010024547576904297,0.0
599,pop41,1,0.00042724609375,0.0
599,pop53,2,0.00042307376861572266,5.960464477539062e-07
599,pop54,2,0.005813717842102051,0.0052613019943237305
599,pop52,2,0.00043463706970214844,7.62939453125e-06
599,pop12,2,0.0004992485046386719,5.745887756347656e-05
599,pop7,1,0.0004100799560546875,0.0
600,pop18,2,0.004591941833496094,0.004021167755126953
600,pop19,1,0.00047278404235839844,0.0
600,pop20,3,0.00373991330464681,0.004692071209158367
600,pop46,1,0.00046133995056152344,0.0
600,pop45,1,0.00044035911560058594,0.0
600,pop44,1,0.01124262809753418,0.0
600,pop50,2,0.0004928112030029297,2.6941299438476562e-05
600,pop17,2,0.0005748271942138672,0.00015234947204589844
600,pop53,1,0.0005059242248535156,0.0
600,pop1,1,0.0004923343658447266,0.0
600,pop6,1,0.00047206878662109375,0.0
601,pop9,5,0.0019232273101806641,0.0028432711129889694
601,pop51,1,0.00044989585876464844,0.0
601,pop53,1,0.00046634674072265625,0.0
601,pop7,1,0.000400543212890625,0.0
602,pop41,2,0.00417172908782959,0.00362551212310791
602,pop53,4,0.00046712160110473633,3.695540850784063e-05
602,pop1,1,0.0005536079406738281,0.0
602,pop15,1,0.00039386749267578125,0.0
603,pop14,2,0.0047141313552856445,0.004132390022277832
603,pop24,1,0.010316610336303711,0.0
603,pop23,4,0.0004776120185852051,0.00010159182885666231
603,pop16,1,0.00043463706970214844,0.0
603,pop50,1,0.00045418739318847656,0.0
603,pop53,1,0.000423431396484375,0.0
603,pop47,1,0.0003974437713623047,0.0
604,pop47,5,0.0018072128295898438,0.002643810699700316
604,pop53,1,0.0004279613494873047,0.0
604,pop1,1,0.0005822181701660156,0.0
604,pop6,1,0.0004074573516845703,0.0
605,pop40,2,0.004147171974182129,0.0035861730575561523
605,pop41,1,0.0005424022674560547,0.0
605,pop53,3,0.0004913806915283203,7.723290103044006e-05
605,pop50,1,0.0004649162292480469,0.0
605,pop16,1,0.0003921985626220703,0.0
606,pop37,5,0.001861906051635742,0.0026891185332788814
606,pop33,1,0.000396728515625,0.0
606,pop50,1,0.0004620552062988281,0.0
606,pop51,1,0.0005009174346923828,0.0
606,pop19,1,0.0004456043243408203,0.0
606,pop18,1,0.00040912628173828125,0.0
607,pop42,2,0.004384636878967285,0.00385129451751709
607,pop43,1,0.0004012584686279297,0.0
607,pop51,2,0.0005182027816772461,4.208087921142578e-05
607,pop4,1,0.009589910507202148,0.0
607,pop22,4,0.0004659891128540039,6.869051942243832e-05
607,pop21,1,0.0003876686096191406,0.0
607,pop23,1,0.00043654441833496094,0.0
607,pop16,1,0.0004184246063232422,0.0
608,pop38,2,0.0050498247146606445,0.004498839378356934
608,pop39,1,0.0005211830139160156,0.0
608,pop44,4,0.0005209445953369141,0.00010967319426137878
608,pop50,1,0.0006048679351806641,0.0
608,pop16,1,0.00039577484130859375,0.0
609,pop32,4,0.0026409029960632324,0.0036590620823094937
609,pop33,1,0.0004088878631591797,0.0
609,pop50,1,0.00045943260192871094,0.0
609,pop51,1,0.00045418739318847656,0.0
609,pop10,1,0.00041365623474121094,0.0
610,pop55,5,0.001878070831298828,0.0027232263092659757
610,pop50,1,0.00042819976806640625,0.0
610,pop51,1,0.0004286766052246094,0.0
611,pop41,2,0.004236698150634766,0.0037221908569335938
611,pop53,2,0.0004558563232421875,3.0994415283203125e-06
611,pop54,1,0.008426904678344727,0.0
611,pop52,3,0.0036056836446126304,0.004467214563932852
611,pop13,3,0.0004731019337972005,7.429186516422827e-05
611,pop1,1,0.00039839744567871094,0.0
611,pop6,1,0.0004069805145263672,0.0
612,pop45,3,0.0032035509745279946,0.0038271582863704436
612,pop44,4,0.00047975778579711914,9.210186781352165e-05
612,pop46,1,0.00041031837463378906,0.0
612,pop20,1,0.0003998279571533203,0.0
613,pop48,5,0.0020908832550048826,0.0031994783859473977
613,pop52,1,0.0004305839538574219,0.0
613,pop53,1,0.00044035911560058594,0.0
613,pop1,1,0.00041031837463378906,0.0
613,pop15,1,0.00042319297790527344,0.0
614,pop23,6,0.0056226253509521484,0.005295224876886477
614,pop24,6,0.004195451736450195,0.005247496794037168
614,pop16,2,0.00042176246643066406,5.0067901611328125e-06
614,pop50,2,0.0005106925964355469,7.009506225585938e-05
614,pop14,2,0.0005818605422973633,0.0001405477523803711
614,pop21,1,0.013706684112548828,0.0
614,pop53,1,0.000461578369140625,0.0
614,pop47,1,0.0004172325134277344,0.0
615,pop24,5,0.0023308277130126955,0.003550417455421886
615,pop23,1,0.000423431396484375,0.0
615,pop16,1,0.0005371570587158203,0.0
615,pop50,1,0.0004572868347167969,0.0
615,pop53,1,0.00042700767517089844,0.0
615,pop1,1,0.0003979206085205078,0.0
615,pop6,1,0.0004036426544189453,0.0
616,pop8,2,0.0044394731521606445,0.0038765668869018555
616,pop51,2,0.0004220008850097656,0.0
616,pop9,3,0.0004923343658447266,0.00010015623701599672
616,pop50,1,0.0004763603210449219,0.0
616,pop16,1,0.0004184246063232422,0.0
617,pop10,3,0.00596165657043457,0.00384163293986253
617,pop51,3,0.0004763603210449219,6.651579258801725e-05
617,pop43,3,0.00044496854146321613,1.5539738581828538e-05
617,pop40,2,0.010799646377563477,0.000982046127319336
617,pop4,1,0.011993885040283203,0.0
617,pop41,1,0.0004227161407470703,0.0
617,pop53,3,0.000511010487874349,6.375794062444386e-05
617,pop7,1,0.0004024505615234375,0.0
618,pop18,2,0.004742264747619629,0.004194855690002441
618,pop19,1,0.0004112720489501953,0.0
618,pop20,1,0.009759902954101562,0.0
618,pop46,1,0.0004143714904785156,0.0
618,pop45,1,0.000457763671875,0.0
618,pop44,2,0.005880594253540039,0.005465269088745117
618,pop50,2,0.0004572868347167969,0.0
618,pop17,3,0.0004970232645670573,9.827480282349887e-05
618,pop53,1,0.00044655799865722656,0.0
618,pop1,1,0.0004379749298095703,0.0
618,pop6,1,0.0004115104675292969,0.0
619,pop14,3,0.0033768812815348306,0.004070076686322447
619,pop24,5,0.002427339553833008,0.003916652302625104
619,pop23,2,0.005403637886047363,0.0049866437911987305
619,pop16,2,0.00048792362213134766,7.808208465576172e-05
619,pop50,1,0.00046563148498535156,0.0
620,pop40,5,0.001998138427734375,0.002927144341129791
620,pop43,1,0.00042176246643066406,0.0
620,pop51,1,0.00042724609375,0.0
620,pop19,1,0.00040459632873535156,0.0
620,pop20,1,0.00038123130798339844,0.0
621,pop30,2,0.004233360290527344,0.0036950111389160156
621,pop48,2,0.005298733711242676,0.0048819780349731445
621,pop49,3,0.00043543179829915363,3.258251559525919e-05
621,pop52,1,0.0004420280456542969,0.0
621,pop55,1,0.0005915164947509766,0.0
622,pop21,4,0.0028032660484313965,0.0039025968902283437
622,pop23,1,0.000408172607421875,0.0
622,pop16,1,0.00043582916259765625,0.0
622,pop50,1,0.00048470497131347656,0.0
622,pop51,1,0.00043702125549316406,0.0
622,pop19,1,0.0004248619079589844,0.0
622,pop18,1,0.0004017353057861328,0.0
623,pop27,5,0.002283620834350586,0.0035278978831978394
623,pop25,1,0.0004239082336425781,0.0
623,pop17,1,0.00042247772216796875,0.0
623,pop50,1,0.0004127025604248047,0.0
623,pop51,1,0.0004470348358154297,0.0
623,pop19,1,0.0004107952117919922,0.0
623,pop18,1,0.00045108795166015625,0.0
624,pop52,3,0.003007650375366211,0.0035415086146546155
624,pop12,3,0.0005385875701904297,0.00013976006815061309
624,pop53,1,0.000438690185546875,0.0
624,pop1,1,0.00040984153747558594,0.0
624,pop6,1,0.0004153251647949219,0.0
625,pop55,5,0.0018923282623291016,0.002761388475398071
625,pop50,1,0.0006194114685058594,0.0
625,pop53,1,0.00043392181396484375,0.0
625,pop1,1,0.00042247772216796875,0.0
625,pop15,1,0.00041675567626953125,0.0
626,pop8,2,0.004367351531982422,0.0037908554077148438
626,pop51,3,0.00047850608825683594,2.047162864684807e-05
626,pop4,2,0.005230307579040527,0.004853367805480957
626,pop22,3,0.0004581610361735026,5.015386034680442e-05
626,pop50,1,0.0004825592041015625,0.0
626,pop44,1,0.0004317760467529297,0.0
627,pop46,2,0.004745841026306152,0.004160523414611816
627,pop45,1,0.0004401206970214844,0.0
627,pop44,1,0.00040531158447265625,0.0
627,pop50,2,0.0005317926406860352,7.236003875732422e-05
627,pop33,2,0.0004181861877441406,6.9141387939453125e-06
627,pop32,3,0.0004969437917073568,3.5217866712808075e-05
627,pop53,1,0.0005877017974853516,0.0
627,pop52,1,0.0004286766052246094,0.0
628,pop28,2,0.004356026649475098,0.0037969350814819336
628,pop51,3,0.0004459222157796224,8.479422676308402e-06
628,pop4,2,0.005785584449768066,0.00533449649810791
628,pop53,3,0.00795141855875651,0.005326771621316226
628,pop54,3,0.004081249237060547,0.005044589998967497
628,pop10,1,0.0005803108215332031,0.0
629,pop57,2,0.005202054977416992,0.0046253204345703125
629,pop56,3,0.00046761830647786457,8.451578994665682e-05
629,pop48,1,0.0004169940948486328,0.0
629,pop52,1,0.00043201446533203125,0.0
629,pop53,1,0.00045490264892578125,0.0
629,pop50,1,0.0004436969757080078,0.0
629,pop44,1,0.0004420280456542969,0.0
630,pop45,2,0.00472569465637207,0.004186391830444336
630,pop44,1,0.00039649009704589844,0.0
630,pop50,3,0.0004887580871582031,6.370819251477328e-05
630,pop33,2,0.0005657672882080078,0.00014019012451171875
630,pop32,3,0.000503381093343099,0.00013015796038110786
630,pop35,1,0.00038886070251464844,0.0
631,pop48,4,0.002567887306213379,0.003545955036618159
631,pop52,1,0.0004146099090576172,0.0
631,pop53,1,0.0005762577056884766,0.0
631,pop7,1,0.0003826618194580078,0.0
632,pop24,5,0.002409505844116211,0.0037927895158462043
632,pop23,1,0.010231494903564453,0.0
632,pop14,1,0.00041866302490234375,0.0
632,pop50,1,0.0004863739013671875,0.0
632,pop44,1,0.0004143714904785156,0.0
633,pop18,2,0.004845738410949707,0.0042639970779418945
633,pop19,2,0.00047969818115234375,7.128715515136719e-05
633,pop20,4,0.00047522783279418945,0.00010207453347119022
633,pop51,1,0.0004343986511230469,0.0
633,pop10,1,0.0004363059997558594,0.0
634,pop14,3,0.003398338953653971,0.004108825831327374
634,pop24,5,0.00046634674072265625,7.248316929901066e-05
634,pop23,1,0.010501861572265625,0.0
634,pop50,1,0.0004601478576660156,0.0
634,pop53,1,0.00046253204345703125,0.0
634,pop1,1,0.0004181861877441406,0.0
634,pop6,1,0.0004100799560546875,0.0
635,pop40,2,0.0041207075119018555,0.003564000129699707
635,pop41,1,0.0003948211669921875,0.0
635,pop53,2,0.0005030632019042969,6.961822509765625e-05
635,pop52,3,0.0036074320475260415,0.004506734540551924
635,pop12,3,0.0005134741465250651,0.00010765900579521788
635,pop47,1,0.0003898143768310547,0.0
636,pop8,2,0.004373788833618164,0.0037932395935058594
636,pop51,3,0.0004459222157796224,3.532745165966808e-06
636,pop4,1,0.009552001953125,0.0
636,pop22,4,0.00047343969345092773,9.570826407461047e-05
636,pop21,1,0.0003993511199951172,0.0
636,pop23,1,0.00043201446533203125,0.0
636,pop16,1,0.00041866302490234375,0.0
636,pop50,1,0.0004963874816894531,0.0
637,pop31,2,0.004596352577209473,0.00406491756439209
637,pop30,1,0.00043129920959472656,0.0
637,pop48,3,0.00042359034220377606,1.2587858755253684e-05
637,pop52,1,0.0004177093505859375,0.0
638,pop22,4,0.002333223819732666,0.0031374596706596016
638,pop51,1,0.0005786418914794922,0.0
638,pop50,1,0.0004677772521972656,0.0
638,pop55,1,0.0004086494445800781,0.0
639,pop36,2,0.004385828971862793,0.003842949867248535
639,pop51,2,0.0004372596740722656,2.0742416381835938e-05
639,pop4,3,0.0044403076171875,0.005528711898346262
639,pop43,1,0.0004506111145019531,0.0
639,pop40,1,0.012002944946289062,0.0
639,pop41,1,0.0004391670227050781,0.0
639,pop53,2,0.0005625486373901367,7.76052474975586e-05
639,pop50,1,0.0005800724029541016,0.0
639,pop16,1,0.0004143714904785156,0.0
640,pop30,2,0.004264116287231445,0.003734111785888672
640,pop48,1,0.0004258155822753906,0.0
640,pop52,4,0.0004697442054748535,6.904191536284807e-05
640,pop53,1,0.0004589557647705078,0.0
640,pop1,1,0.0004394054412841797,0.0
640,pop15,1,0.0004124641418457031,0.0
641,pop27,5,0.0024280548095703125,0.003687880706252167
641,pop25,1,0.00042319297790527344,0.0
641,pop17,1,0.0005710124969482422,0.0
641,pop50,1,0.0004494190216064453,0.0
641,pop16,1,0.0004062652587890625,0.0
642,pop28,2,0.004368424415588379,0.0038295984268188477
642,pop51,4,0.0004481673240661621,6.908741439269871e-06
642,pop4,2,0.011900186538696289,0.0011513233184814453
642,pop10,2,0.006286978721618652,0.0057212114334106445
642,pop53,1,0.012554168701171875,0.0
642,pop54,3,0.0004653135935465495,5.771841935846777e-05
642,pop52,1,0.0004572868347167969,0.0
642,pop55,1,0.00041222572326660156,0.0
643,pop57,2,0.005039691925048828,0.004488945007324219
643,pop56,1,0.010087966918945312,0.0
643,pop2,2,0.005866408348083496,0.005458712577819824
643,pop49,1,0.0004172325134277344,0.0
643,pop48,1,0.0005755424499511719,0.0
643,pop52,2,0.00043380260467529297,1.8477439880371094e-05
643,pop12,3,0.00046936670939127606,7.595402106828637e-05
643,pop53,1,0.000457763671875,0.0
643,pop1,1,0.0004298686981201172,0.0
643,pop15,1,0.0004057884216308594,0.0
644,pop24,6,0.0041486819585164385,0.005200607262673355
644,pop23,4,0.0029195547103881836,0.004323826804138793
644,pop16,4,0.00046241283416748047,5.265772671588596e-05
644,pop50,4,0.0005221962928771973,0.00013350667409572456
644,pop14,5,0.00050506591796875,6.957683247182357e-05
644,pop17,2,0.007250428199768066,0.006802201271057129
645,pop14,3,0.003428856531778971,0.004144823491290228
645,pop24,4,0.0004932880401611328,6.674975115202516e-05
645,pop23,1,0.010717630386352539,0.0
645,pop50,1,0.0004360675811767578,0.0
645,pop53,1,0.0004482269287109375,0.0
645,pop52,1,0.0005586147308349609,0.0
646,pop53,3,0.0029183228810628257,0.0032995452402499684
646,pop54,2,0.004711031913757324,0.004289746284484863
646,pop52,2,0.0004240274429321289,6.318092346191406e-06
646,pop12,3,0.0004990895589192709,5.1295406224266454e-05
646,pop7,1,0.00041747093200683594,0.0
647,pop6,2,0.004735469818115234,0.004145145416259766
647,pop1,1,0.0004138946533203125,0.0
647,pop53,3,0.0004941622416178385,0.00011031582968988936
647,pop51,1,0.0004239082336425781,0.0
647,pop19,1,0.0004189014434814453,0.0
647,pop20,1,0.00040721893310546875,0.0
648,pop44,2,0.004528641700744629,0.003957629203796387
648,pop50,2,0.00047338008880615234,2.1338462829589844e-05
648,pop33,2,0.0004373788833618164,2.8252601623535156e-05
648,pop32,3,0.0004983743031819662,9.958789680379864e-05
648,pop51,1,0.00046515464782714844,0.0
648,pop19,1,0.0004401206970214844,0.0
648,pop18,1,0.0004127025604248047,0.0
649,pop37,4,0.002261340618133545,0.003016973850118999
649,pop33,1,0.0004284381866455078,0.0
649,pop50,1,0.0004324913024902344,0.0
649,pop44,1,0.0004413127899169922,0.0
650,pop42,2,0.004641532897949219,0.004092216491699219
650,pop43,2,0.0005013942718505859,6.842613220214844e-05
650,pop40,3,0.0005416075388590494,8.157036402757625e-05
650,pop51,1,0.0004730224609375,0.0
650,pop19,1,0.0004096031188964844,0.0
650,pop20,1,0.0003769397735595703,0.0
651,pop38,2,0.00511014461517334,0.004527449607849121
651,pop18,2,0.0003293752670288086,0.00010025501251220703
651,pop19,5,0.00039782524108886717,8.059854232285317e-05
651,pop20,2,0.012018799781799316,0.0013908147811889648
651,pop51,4,0.0004044175148010254,8.588950721333514e-05
651,pop4,1,0.011538505554199219,0.0
651,pop9,3,0.0005404949188232422,9.095869295435955e-05
652,pop45,2,0.004892587661743164,0.004349231719970703
652,pop46,1,0.00045013427734375,0.0
652,pop20,4,0.00041234493255615234,1.1876141336662337e-05
653,pop18,6,0.0019246339797973633,0.003296095256157759
653,pop19,5,0.0004300117492675781,1.286983401654337e-05
653,pop20,2,0.011947989463806152,0.0012537240982055664
653,pop38,3,0.010108391443888346,0.006988131947502249
653,pop51,2,0.00042068958282470703,0.00016033649444580078
653,pop43,1,0.0004336833953857422,0.0
653,pop40,1,0.016587018966674805,0.0
653,pop41,1,0.0004203319549560547,0.0
653,pop53,2,0.0003660917282104492,0.00011026859283447266
653,pop52,3,0.0002983411153157552,4.6209077224699594e-05
653,pop10,1,0.00024080276489257812,0.0
654,pop40,2,0.004456162452697754,0.0038923025131225586
654,pop41,1,0.00042629241943359375,0.0
654,pop53,1,0.00045752525329589844,0.0
654,pop54,1,0.008888721466064453,0.0
654,pop52,2,0.000584721565246582,0.00010192394256591797
654,pop12,3,0.000514984130859375,0.00011587061181846129
654,pop3,1,0.00040435791015625,0.0
654,pop0,1,0.0004010200500488281,0.0
654,pop1,1,0.000499725341796875,0.0
654,pop15,1,0.0004584789276123047,0.0
655,pop22,4,0.002393662929534912,0.003257905094003533
655,pop51,1,0.0004382133483886719,0.0
655,pop19,1,0.0004432201385498047,0.0
655,pop20,1,0.00040078163146972656,0.0
656,pop39,2,0.0048667192459106445,0.004305481910705566
656,pop38,4,0.00047576427459716797,8.183515859477137e-05
656,pop18,1,0.000415802001953125,0.0
656,pop19,1,0.000423431396484375,0.0
656,pop51,1,0.0005908012390136719,0.0
656,pop53,1,0.0004336833953857422,0.0
656,pop1,1,0.00040459632873535156,0.0
656,pop6,1,0.0004456043243408203,0.0
657,pop4,3,0.006376187006632487,0.004167620151063411
657,pop51,2,0.00044596195220947266,9.894371032714844e-06
657,pop22,2,0.0004901885986328125,7.2479248046875e-05
657,pop50,1,0.0004885196685791016,0.0
657,pop44,1,0.00042057037353515625,0.0
658,pop56,3,0.006659110387166341,0.004305674668104897
658,pop48,2,0.005551457405090332,0.005164504051208496
658,pop52,1,0.0009064674377441406,0.0
659,pop23,2,0.005050063133239746,0.004491448402404785
659,pop24,3,0.0005346139272054037,0.0001304749289556468
659,pop14,1,0.00043129920959472656,0.0
659,pop50,1,0.00046753883361816406,0.0
659,pop53,1,0.0004482269287109375,0.0
659,pop47,1,0.0004050731658935547,0.0
660,pop30,2,0.004435539245605469,0.0038862228393554688
660,pop48,4,0.0004888772964477539,0.00010990042698005865
660,pop52,1,0.000431060791015625,0.0
660,pop53,1,0.0005669593811035156,0.0
660,pop51,1,0.0004875659942626953,0.0
660,pop19,1,0.00043845176696777344,0.0
660,pop18,1,0.00041937828063964844,0.0
661,pop27,5,0.0023972511291503905,0.0038255079845510476
661,pop25,1,0.0004143714904785156,0.0
661,pop17,1,0.00044608116149902344,0.0
661,pop50,1,0.0004372596740722656,0.0
661,pop51,1,0.000438690185546875,0.0
662,pop14,3,0.006868839263916016,0.004462247710283241
662,pop24,1,0.011864185333251953,0.0
662,pop23,2,0.005927681922912598,0.0055435895919799805
662,pop21,2,0.0005023479461669922,8.320808410644531e-05
662,pop16,1,0.00041413307189941406,0.0
662,pop50,1,0.0004482269287109375,0.0
662,pop53,1,0.0005710124969482422,0.0
662,pop7,1,0.0004024505615234375,0.0
663,pop37,5,0.0019153594970703126,0.0028433571303910304
663,pop33,1,0.00041985511779785156,0.0
663,pop50,1,0.0004420280456542969,0.0
663,pop51,1,0.0004658699035644531,0.0
664,pop42,2,0.004706144332885742,0.004141330718994141
664,pop43,2,0.00047016143798828125,7.867813110351562e-05
664,pop40,2,0.00516963005065918,0.004748106002807617
664,pop51,3,0.00045744578043619793,1.492270924982893e-05
664,pop4,1,0.01167440414428711,0.0
664,pop10,3,0.0005027453104654948,0.00010507929038359532
664,pop47,1,0.00041961669921875,0.0
665,pop38,2,0.00527191162109375,0.00469970703125
665,pop18,1,0.00041103363037109375,0.0
665,pop19,1,0.00044536590576171875,0.0
665,pop51,2,0.00046646595001220703,6.556510925292969e-06
665,pop22,1,0.011348962783813477,0.0
665,pop50,5,0.0005463600158691406,0.00017193802423024022
665,pop14,2,0.0004253387451171875,0.00017070770263671875
665,pop24,2,0.009053230285644531,0.008603811264038086
665,pop23,2,0.0004540681838989258,1.1086463928222656e-05
665,pop21,1,0.018583297729492188,0.0
665,pop16,1,0.00042057037353515625,0.0
665,pop44,3,0.0004634857177734375,3.799766886355693e-06
665,pop27,3,0.0002548694610595703,7.755020126004502e-06
665,pop25,2,0.00030517578125,5.340576171875e-05
665,pop17,1,0.013316869735717773,0.0
665,pop33,2,0.0004916191101074219,1.8835067749023438e-05
665,pop32,3,0.0005036195119222006,5.062165396081658e-05
666,pop21,2,0.005417585372924805,0.004848957061767578
666,pop22,3,0.0004725456237792969,8.011597456000628e-05
666,pop51,1,0.0004413127899169922,0.0
666,pop50,1,0.0004394054412841797,0.0
666,pop44,1,0.00040459632873535156,0.0
667,pop52,5,0.002138042449951172,0.0031539369962716324
667,pop53,1,0.0004496574401855469,0.0
667,pop50,1,0.0004317760467529297,0.0
667,pop14,1,0.0004665851593017578,0.0
667,pop24,1,0.0004546642303466797,0.0
668,pop55,2,0.004244089126586914,0.003669261932373047
668,pop52,4,0.0004942417144775391,0.00012099502119478165
668,pop53,1,0.000568389892578125,0.0
668,pop47,1,0.000408172607421875,0.0
669,pop44,4,0.0026607513427734375,0.003647436987551236
669,pop50,1,0.00046253204345703125,0.0
669,pop51,1,0.0004444122314453125,0.0
669,pop10,1,0.00037360191345214844,0.0
670,pop45,2,0.004820585250854492,0.004279375076293945
670,pop44,1,0.0005278587341308594,0.0
670,pop50,3,0.0005098183949788412,4.664413726248989e-05
670,pop17,1,0.010936498641967773,0.0
670,pop14,2,0.006168246269226074,0.005626559257507324
670,pop24,3,0.0004799365997314453,0.00010786906022567213
670,pop53,1,0.0004658699035644531,0.0
670,pop1,1,0.0004513263702392578,0.0
670,pop15,1,0.00040340423583984375,0.0
671,pop22,5,0.0020633220672607424,0.0029830089275763774
671,pop21,1,0.00046324729919433594,0.0
671,pop23,1,0.00045800209045410156,0.0
671,pop16,1,0.00042629241943359375,0.0
671,pop50,1,0.0004971027374267578,0.0
671,pop53,1,0.0005958080291748047,0.0
671,pop47,1,0.0005831718444824219,0.0
672,pop50,3,0.003386894861857096,0.004065654817348081
672,pop17,4,0.00047957897186279297,8.784559967193899e-05
672,pop53,1,0.0004298686981201172,0.0
672,pop1,1,0.0004420280456542969,0.0
672,pop15,1,0.0003981590270996094,0.0
673,pop16,2,0.00483095645904541,0.004272580146789551
673,pop23,2,0.005986213684082031,0.00555872917175293
673,pop24,1,0.011980772018432617,0.0
673,pop21,1,0.012478351593017578,0.0
673,pop22,4,0.0004762411117553711,7.165291497261173e-05
673,pop51,1,0.00044608116149902344,0.0
673,pop50,1,0.0005092620849609375,0.0
673,pop44,1,0.00042247772216796875,0.0
674,pop46,2,0.004885554313659668,0.004317164421081543
674,pop45,1,0.00046563148498535156,0.0
674,pop44,1,0.0004165172576904297,0.0
674,pop50,2,0.00044715404510498047,1.8715858459472656e-05
674,pop17,3,0.0005505084991455078,0.00014534788681666341
674,pop53,1,0.0004718303680419922,0.0
674,pop1,1,0.0004417896270751953,0.0
674,pop15,1,0.00039124488830566406,0.0
675,pop8,2,0.004812479019165039,0.004247426986694336
675,pop51,3,0.0004908243815104166,7.234117185857779e-05
675,pop4,1,0.010157346725463867,0.0
675,pop22,3,0.0006260871887207031,0.00022056394706772823
675,pop21,1,0.0004191398620605469,0.0
675,pop23,1,0.0004794597625732422,0.0
675,pop16,1,0.0004475116729736328,0.0
675,pop50,1,0.0004699230194091797,0.0
675,pop19,1,0.00044345855712890625,0.0
675,pop18,1,0.0003986358642578125,0.0
676,pop4,2,0.004823803901672363,0.004273772239685059
676,pop51,1,0.0004699230194091797,0.0
676,pop22,4,0.000554203987121582,0.0001904167189288596
676,pop21,1,0.0005636215209960938,0.0
676,pop23,1,0.00043773651123046875,0.0
676,pop16,1,0.0005986690521240234,0.0
676,pop50,1,0.0005066394805908203,0.0
676,pop53,1,0.00043511390686035156,0.0
676,pop47,1,0.0002608299255371094,0.0
677,pop14,4,0.0028463006019592285,0.00406511975569711
677,pop50,1,0.0005509853363037109,0.0
677,pop51,1,0.00042319297790527344,0.0
678,pop37,4,0.0023875832557678223,0.0032294489757647717
678,pop33,1,0.0005557537078857422,0.0
678,pop50,1,0.00044274330139160156,0.0
678,pop44,1,0.00041961669921875,0.0
679,pop42,2,0.004813551902770996,0.004253268241882324
679,pop43,1,0.0004229545593261719,0.0
679,pop40,4,0.0004887580871582031,6.749288465429524e-05
679,pop41,1,0.0004215240478515625,0.0
679,pop53,1,0.0005688667297363281,0.0
679,pop50,1,0.00045800209045410156,0.0
679,pop44,1,0.0004055500030517578,0.0
680,pop38,2,0.005251288414001465,0.0046738386154174805
680,pop18,1,0.0004353523254394531,0.0
680,pop19,1,0.00041675567626953125,0.0
680,pop51,1,0.0004601478576660156,0.0
680,pop43,1,0.00041222572326660156,0.0
680,pop40,1,0.010589599609375,0.0
680,pop41,1,0.0004138946533203125,0.0
680,pop53,1,0.011059761047363281,0.0
680,pop52,2,0.0004273653030395508,2.2530555725097656e-05
680,pop12,4,0.00047659873962402344,5.154061575022858e-05
680,pop34,1,0.0004124641418457031,0.0
680,pop35,1,0.0004029273986816406,0.0
681,pop52,5,0.002123260498046875,0.003275952583175759
682,pop55,5,0.0020327091217041014,0.003027986069115278
682,pop50,1,0.00047206878662109375,0.0
682,pop51,1,0.0004627704620361328,0.0
682,pop19,1,0.0004107952117919922,0.0
682,pop20,1,0.00040602684020996094,0.0
683,pop45,2,0.005074262619018555,0.004516124725341797
683,pop44,2,0.00042235851287841797,5.125999450683594e-06
683,pop50,2,0.0005140304565429688,4.00543212890625e-05
683,pop17,4,0.0005744099617004395,0.00018786547242508357
683,pop25,1,0.0004076957702636719,0.0
683,pop27,1,0.0004067420959472656,0.0
683,pop35,1,0.0004096031188964844,0.0
684,pop33,3,0.0033910274505615234,0.004074720336704859
684,pop32,3,0.00045307477315266925,2.3191100998427167e-05
684,pop50,1,0.000606536865234375,0.0
684,pop55,1,0.0003948211669921875,0.0
685,pop9,4,0.002570211887359619,0.0035007868042950035
685,pop51,1,0.00045800209045410156,0.0
685,pop50,1,0.0004851818084716797,0.0
685,pop55,1,0.0003960132598876953,0.0
686,pop47,4,0.0023384690284729004,0.003154951538556888
686,pop53,1,0.0004534721374511719,0.0
686,pop1,1,0.0004634857177734375,0.0
686,pop15,1,0.0003819465637207031,0.0
687,pop31,2,0.004637956619262695,0.0041065216064453125
687,pop17,3,0.0005623499552408854,0.00010716649186433467
687,pop50,1,0.0004718303680419922,0.0
687,pop35,1,0.00038051605224609375,0.0
688,pop36,2,0.004793286323547363,0.004228949546813965
688,pop51,2,0.00048804283142089844,3.123283386230469e-05
688,pop22,4,0.0004743337631225586,9.956145478366685e-05
688,pop53,1,0.0004858970642089844,0.0
688,pop1,1,0.00043320655822753906,0.0
688,pop15,1,0.0003955364227294922,0.0
689,pop57,2,0.005465507507324219,0.004877805709838867
689,pop56,4,0.0004899501800537109,0.00012579636179869684
689,pop48,1,0.00040411949157714844,0.0
689,pop52,1,0.0005328655242919922,0.0
689,pop53,1,0.00046372413635253906,0.0
689,pop51,1,0.0004341602325439453,0.0
689,pop19,1,0.00045990943908691406,0.0
689,pop20,1,0.0003941059112548828,0.0
690,pop22,5,0.0021003246307373046,0.0032257881030266036
690,pop51,1,0.00046753883361816406,0.0
691,pop16,2,0.004899501800537109,0.004317045211791992
691,pop23,1,0.0004208087921142578,0.0
691,pop24,1,0.012270450592041016,0.0
692,pop8,2,0.004759073257446289,0.004185676574707031
692,pop51,2,0.0005736351013183594,0.00012803077697753906
692,pop22,2,0.005988597869873047,0.005568981170654297
692,pop53,1,0.0004763603210449219,0.0
692,pop50,2,0.0004731416702270508,1.1920928955078125e-07
692,pop14,2,0.000586390495300293,7.987022399902344e-06
692,pop24,3,0.0004533131917317708,5.482256529117045e-05
692,pop55,1,0.00022792816162109375,0.0
693,pop52,4,0.0025788545608520508,0.0034869542173260834
693,pop53,1,0.0005698204040527344,0.0
693,pop50,1,0.00045108795166015625,0.0
693,pop14,1,0.00044536590576171875,0.0
693,pop24,1,0.0004239082336425781,0.0
694,pop32,4,0.0029029250144958496,0.004046767773048597
694,pop33,1,0.0005776882171630859,0.0
694,pop50,1,0.0004382133483886719,0.0
694,pop53,1,0.0004191398620605469,0.0
694,pop52,1,0.00045108795166015625,0.0
695,pop41,2,0.004675626754760742,0.0041315555572509766
695,pop53,2,0.0004380941390991211,8.463859558105469e-06
695,pop52,3,0.0036945343017578125,0.004438797905337249
695,pop12,2,0.005829930305480957,0.005371451377868652
695,pop50,1,0.0004725456237792969,0.0
695,pop14,1,0.0004417896270751953,0.0
695,pop24,1,0.0004355907440185547,0.0
696,pop18,2,0.0052918195724487305,0.004723668098449707
696,pop19,1,0.0004379749298095703,0.0
696,pop51,1,0.0004911422729492188,0.0
696,pop22,2,0.006184816360473633,0.00577235221862793
696,pop21,1,0.00043082237243652344,0.0
696,pop23,2,0.00044977664947509766,1.0728836059570312e-06
696,pop16,1,0.0004127025604248047,0.0
697,pop40,2,0.004486441612243652,0.003912806510925293
697,pop41,1,0.00040030479431152344,0.0
697,pop53,2,0.004964947700500488,0.004511713981628418
697,pop1,2,0.0004413127899169922,6.67572021484375e-06
697,pop6,3,0.0004944801330566406,9.813350421605585e-05
697,pop50,1,0.0004544258117675781,0.0
697,pop14,1,0.0005879402160644531,0.0
697,pop24,1,0.0003800392150878906,0.0
698,pop50,3,0.0034050941467285156,0.004072321268753948
698,pop17,2,0.005968213081359863,0.00553739070892334
698,pop44,3,0.0004264513651529948,7.224603129935908e-06
699,pop4,2,0.005004525184631348,0.004442572593688965
699,pop51,2,0.00044846534729003906,1.6689300537109375e-06
699,pop22,4,0.0005217194557189941,0.00010789598157871552
699,pop47,1,0.0004267692565917969,0.0
700,pop55,2,0.004255175590515137,0.0037077665328979492
700,pop52,3,0.0004363059997558594,1.1802723068070076e-05
701,pop47,5,0.0019406795501708985,0.0029060450844760693
701,pop53,1,0.0004513263702392578,0.0
701,pop52,1,0.00042629241943359375,0.0
702,pop36,2,0.004706978797912598,0.0041474103927612305
702,pop51,2,0.0005370378494262695,0.00030553340911865234
702,pop50,1,0.0005202293395996094,0.0
702,pop16,1,0.000457763671875,0.0
702,pop23,1,0.00046062469482421875,0.0
702,pop21,1,0.0004298686981201172,0.0
702,pop22,4,0.0004552006721496582,3.014292396586953e-05
702,pop10,1,0.0002460479736328125,0.0
703,pop57,2,0.0054209232330322266,0.004836559295654297
703,pop56,3,0.00048669179280598957,7.484579924745887e-05
703,pop48,1,0.00039315223693847656,0.0
703,pop52,1,0.00047898292541503906,0.0
703,pop53,1,0.00044727325439453125,0.0
703,pop51,1,0.0006046295166015625,0.0
703,pop10,1,0.0004165172576904297,0.0
704,pop10,2,0.00491642951965332,0.004348039627075195
704,pop51,1,0.0004668235778808594,0.0
704,pop22,1,0.010772705078125,0.0
704,pop21,3,0.01104736328125,0.007528086447318437
704,pop23,3,0.005482832590738933,0.00710736836923997
704,pop24,1,0.00040602684020996094,0.0
705,pop39,2,0.004994750022888184,0.004433035850524902
705,pop38,3,0.0005096594492594401,0.00012009929512589997
705,pop18,1,0.0004487037658691406,0.0
705,pop19,1,0.0005586147308349609,0.0
705,pop51,1,0.00045228004455566406,0.0
705,pop50,1,0.00048232078552246094,0.0
705,pop35,1,0.0004012584686279297,0.0
706,pop56,2,0.005228757858276367,0.004656314849853516
706,pop48,1,0.010439395904541016,0.0
706,pop52,2,0.00048828125,5.054473876953125e-05
706,pop12,4,0.0004912018775939941,0.00011213208452488158
706,pop34,1,0.00039768218994140625,0.0
706,pop35,1,0.0003986358642578125,0.0
707,pop33,3,0.0035456021626790366,0.0043086008073884765
707,pop32,2,0.006195664405822754,0.005769848823547363
707,pop37,3,0.0005110899607340494,9.753084709600148e-05
707,pop52,1,0.0004134178161621094,0.0
707,pop53,1,0.00041794776916503906,0.0
707,pop1,1,0.00044989585876464844,0.0
707,pop6,1,0.0004088878631591797,0.0
708,pop31,2,0.0053577423095703125,0.003690481185913086
708,pop17,4,0.0005158782005310059,0.0001122254480042089
708,pop50,1,0.0005095005035400391,0.0
708,pop35,1,0.0004551410675048828,0.0
709,pop8,2,0.004846096038818359,0.0042417049407958984
709,pop51,1,0.0004265308380126953,0.0
709,pop53,4,0.0004944205284118652,0.00010589534709143914
709,pop52,1,0.00041794776916503906,0.0
709,pop34,1,0.0004203319549560547,0.0
709,pop35,1,0.0003936290740966797,0.0
710,pop41,2,0.0046645402908325195,0.0040694475173950195
710,pop53,1,0.0004596710205078125,0.0
710,pop52,2,0.005353212356567383,0.004508256912231445
710,pop12,4,0.0005083084106445312,8.354589809653337e-05
710,pop51,1,0.0004680156707763672,0.0
710,pop10,1,0.0005707740783691406,0.0
711,pop18,3,0.0036269028981526694,0.004416965376651874
711,pop38,4,0.0004904866218566895,6.779841666743293e-05
711,pop19,1,0.0004527568817138672,0.0
711,pop51,1,0.0005021095275878906,0.0
711,pop53,1,0.00046825408935546875,0.0
711,pop1,1,0.00043392181396484375,0.0
711,pop15,1,0.0004096031188964844,0.0
712,pop4,2,0.004972100257873535,0.004393935203552246
712,pop51,1,0.00042438507080078125,0.0
712,pop22,4,0.003057539463043213,0.00450890418996947
712,pop21,2,0.007814168930053711,0.007573127746582031
712,pop23,1,0.00025272369384765625,0.0
712,pop24,1,0.0002465248107910156,0.0
713,pop36,2,0.00480961799621582,0.004234790802001953
713,pop51,1,0.0008761882781982422,0.0
713,pop50,1,0.00048470497131347656,0.0
713,pop16,2,0.00035369396209716797,0.00012028217315673828
713,pop23,2,0.0004398822784423828,7.152557373046875e-07
713,pop21,2,0.00042319297790527344,1.0728836059570312e-05
713,pop22,3,0.00046761830647786457,6.806153328349996e-05
714,pop44,2,0.00499725341796875,0.004409313201904297
714,pop50,2,0.0004494190216064453,9.298324584960938e-06
714,pop33,2,0.00043952465057373047,2.1338462829589844e-05
714,pop32,4,0.0004696846008300781,8.378081112580963e-05
714,pop51,1,0.0004744529724121094,0.0
714,pop19,1,0.0004162788391113281,0.0
714,pop18,1,0.0004048347473144531,0.0
715,pop36,2,0.004932045936584473,0.0043801069259643555
715,pop51,2,0.0004515647888183594,1.2636184692382812e-05
715,pop22,3,0.0004939238230387369,7.356603057641935e-05
715,pop50,1,0.0005183219909667969,0.0
715,pop44,1,0.0004138946533203125,0.0
716,pop48,2,0.005068182945251465,0.004494071006774902
716,pop52,4,0.0005181431770324707,0.00011898930935656941
716,pop53,1,0.00045180320739746094,0.0
716,pop51,1,0.00046563148498535156,0.0
716,pop19,1,0.00045990943908691406,0.0
716,pop20,1,0.0004169940948486328,0.0
717,pop37,4,0.002492368221282959,0.0033961229074372396
717,pop52,1,0.0004067420959472656,0.0
717,pop53,1,0.0006277561187744141,0.0
717,pop1,1,0.0004334449768066406,0.0
717,pop6,1,0.0005781650543212891,0.0
718,pop42,2,0.0051670074462890625,0.00463557243347168
718,pop43,1,0.00042438507080078125,0.0
718,pop51,3,0.0006605784098307291,0.0002842302357370967
718,pop50,4,0.0004125237464904785,8.556360422872201e-05
718,pop16,3,0.000452121098836263,3.1467840542784845e-05
718,pop23,2,0.0006110668182373047,0.00016498565673828125
718,pop21,1,0.0004012584686279297,0.0
718,pop22,4,0.00038254261016845703,7.93845261964782e-05
718,pop35,1,0.0002315044403076172,0.0
719,pop38,3,0.007561604181925456,0.004965142775102649
719,pop39,1,0.0005664825439453125,0.0
719,pop44,1,0.012211322784423828,0.0
719,pop50,2,0.0005695819854736328,6.008148193359375e-05
719,pop14,2,0.007299661636352539,0.006594419479370117
719,pop24,4,0.00047582387924194336,9.423030610229001e-05
719,pop23,1,0.0004227161407470703,0.0
719,pop16,1,0.0004265308380126953,0.0
719,pop53,1,0.00048661231994628906,0.0
719,pop1,1,0.00044155120849609375,0.0
719,pop15,1,0.0004131793975830078,0.0
720,pop33,3,0.003589789072672526,0.004392738520981129
720,pop32,1,0.011518239974975586,0.0
720,pop50,3,0.0004578431447347005,1.4183178184489207e-05
720,pop14,2,0.012834548950195312,0.0005462169647216797
720,pop24,2,0.00726163387298584,0.006831526756286621
720,pop17,3,0.0004984537760416666,9.714971191848166e-05
720,pop51,1,0.0004949569702148438,0.0
720,pop19,1,0.0004448890686035156,0.0
720,pop18,1,0.00044918060302734375,0.0
721,pop41,3,0.0033751328786214194,0.004066349958175427
721,pop40,4,0.0005077719688415527,0.00010023940140020672
721,pop53,1,0.000446319580078125,0.0
721,pop52,1,0.0004191398620605469,0.0
721,pop34,1,0.0004036426544189453,0.0
721,pop35,1,0.0003857612609863281,0.0
722,pop28,2,0.004785895347595215,0.0042220354080200195
722,pop36,1,0.0004296302795410156,0.0
722,pop10,1,0.012072563171386719,0.0
722,pop51,1,0.00047016143798828125,0.0
722,pop19,1,0.00041365623474121094,0.0
722,pop20,3,0.00045228004455566406,3.18703012821889e-05
722,pop46,1,0.00041103363037109375,0.0
722,pop45,1,0.0004420280456542969,0.0
722,pop44,1,0.0004570484161376953,0.0
723,pop24,2,0.0060732364654541016,0.0054666996002197266
723,pop23,1,0.011406183242797852,0.0
723,pop21,1,0.013772010803222656,0.0
723,pop22,4,0.0004470944404602051,5.034652313697727e-05
723,pop51,1,0.00042939186096191406,0.0
723,pop10,1,0.0004286766052246094,0.0
724,pop22,5,0.0021939754486083986,0.00341057533369407
724,pop51,1,0.00047397613525390625,0.0
724,pop53,1,0.0004813671112060547,0.0
724,pop52,1,0.0004150867462158203,0.0
725,pop52,3,0.0033594767252604165,0.004011481128872535
725,pop12,3,0.00047198931376139325,8.213149975782965e-05
725,pop53,1,0.0004711151123046875,0.0
725,pop50,1,0.0004980564117431641,0.0
725,pop44,1,0.00044417381286621094,0.0
726,pop36,2,0.004943490028381348,0.004377007484436035
726,pop51,2,0.0005333423614501953,6.222724914550781e-05
726,pop22,3,0.0005298455556233724,8.928053357967609e-05
726,pop53,1,0.00047850608825683594,0.0
726,pop7,1,0.00038909912109375,0.0
727,pop48,3,0.007013877232869466,0.004580085853113059
727,pop52,2,0.00042378902435302734,1.919269561767578e-05
727,pop12,2,0.0005340576171875,9.679794311523438e-05
727,pop53,1,0.0004475116729736328,0.0
727,pop1,1,0.0004322528839111328,0.0
727,pop6,1,0.0004057884216308594,0.0
728,pop53,4,0.004993617534637451,0.004403865320366037
728,pop54,2,0.0005476474761962891,0.00011944770812988281
728,pop47,1,0.00040078163146972656,0.0
729,pop6,4,0.002912759780883789,0.004187479994001525
729,pop1,1,0.00043773651123046875,0.0
729,pop53,1,0.00046706199645996094,0.0
729,pop51,1,0.00044798851013183594,0.0
730,pop32,3,0.00763400395711263,0.005005325986324542
730,pop33,1,0.0004439353942871094,0.0
730,pop50,2,0.00045669078826904297,2.0623207092285156e-05
730,pop17,2,0.0004885196685791016,6.389617919921875e-05
730,pop51,1,0.0004329681396484375,0.0
731,pop40,4,0.005113005638122559,0.00464953179449979
731,pop41,1,0.0004317760467529297,0.0
731,pop53,1,0.011058807373046875,0.0
731,pop54,2,0.0005326271057128906,0.00012111663818359375
731,pop52,1,0.0004401206970214844,0.0
731,pop34,1,0.0004055500030517578,0.0
731,pop35,1,0.0003941059112548828,0.0
732,pop42,2,0.005135893821716309,0.004575610160827637
732,pop43,1,0.0005261898040771484,0.0
732,pop51,4,0.0005127191543579102,5.9563980536416614e-05
732,pop4,3,0.008207559585571289,0.005570217571627401
732,pop10,1,0.011642932891845703,0.0
732,pop53,3,0.00047357877095540363,4.107739861937563e-05
732,pop7,1,0.00039768218994140625,0.0
733,pop33,3,0.0037066141764322915,0.004541393165863939
733,pop32,4,0.0004761219024658203,7.933590930549029e-05
733,pop50,1,0.0004932880401611328,0.0
733,pop51,1,0.00043964385986328125,0.0
733,pop10,1,0.0005896091461181641,0.0
734,pop52,4,0.0026711225509643555,0.0037145835156728742
734,pop12,3,0.004127979278564453,0.005241722089611214
734,pop48,2,0.006372809410095215,0.005941033363342285
734,pop49,1,0.013452291488647461,0.0
734,pop2,1,0.013875246047973633,0.0
734,pop56,2,0.0005284547805786133,0.00010001659393310547
734,pop53,1,0.0004436969757080078,0.0
734,pop50,1,0.00047898292541503906,0.0
734,pop16,1,0.000415802001953125,0.0
735,pop36,2,0.0048618316650390625,0.004269599914550781
735,pop51,2,0.000476837158203125,2.384185791015625e-06
735,pop4,1,0.012063264846801758,0.0
735,pop43,1,0.00043082237243652344,0.0
735,pop40,1,0.012300252914428711,0.0
735,pop41,1,0.00042176246643066406,0.0
735,pop53,2,0.006355762481689453,0.006101846694946289
735,pop54,1,0.012550830841064453,0.0
735,pop52,2,0.00046122074127197266,2.396106719970703e-05
735,pop48,4,0.00047510862350463867,8.471485097759288e-05
735,pop1,1,0.0002448558807373047,0.0
735,pop6,1,0.00022268295288085938,0.0
736,pop23,3,0.00792535146077474,0.005227568869241055
736,pop16,1,0.0004119873046875,0.0
736,pop50,2,0.00047707557678222656,8.58306884765625e-06
736,pop17,3,0.0004685719807942708,3.181456503091635e-05
736,pop55,1,0.0004165172576904297,0.0
737,pop30,2,0.0048389434814453125,0.004258871078491211
737,pop31,1,0.0005712509155273438,0.0
737,pop17,3,0.0005360444386800131,0.00011427893256547236
737,pop50,1,0.0006005764007568359,0.0
737,pop51,1,0.00043511390686035156,0.0
737,pop19,1,0.00044035911560058594,0.0
737,pop20,1,0.00039839744567871094,0.0
738,pop27,4,0.0032500028610229492,0.004601965383427064
738,pop25,1,0.0004062652587890625,0.0
738,pop17,1,0.00043392181396484375,0.0
738,pop50,1,0.0004401206970214844,0.0
738,pop53,1,0.00046563148498535156,0.0
738,pop1,1,0.0004405975341796875,0.0
738,pop6,1,0.000415802001953125,0.0
739,pop31,2,0.005069375038146973,0.004513859748840332
739,pop30,1,0.0004107952117919922,0.0
739,pop48,1,0.0004258155822753906,0.0
739,pop52,2,0.0004724264144897461,1.895427703857422e-05
739,pop12,3,0.00047930081685384113,6.908006616129044e-05
739,pop53,1,0.00045037269592285156,0.0
739,pop1,1,0.0004317760467529297,0.0
739,pop15,1,0.00040221214294433594,0.0
740,pop8,2,0.0051517486572265625,0.004572868347167969
740,pop51,2,0.0005096197128295898,6.115436553955078e-05
740,pop4,3,0.0004971822102864584,0.00010733397420774347
740,pop50,1,0.0005862712860107422,0.0
740,pop14,1,0.0005700588226318359,0.0
740,pop24,1,0.00041937828063964844,0.0
741,pop22,5,0.0022210121154785157,0.0033470337302626894
741,pop51,1,0.00044846534729003906,0.0
741,pop47,1,0.0003902912139892578,0.0
742,pop48,2,0.0053054094314575195,0.004732251167297363
742,pop52,3,0.00043272972106933594,8.538803112388162e-06
742,pop55,1,0.00986480712890625,0.0
742,pop12,4,0.0004993081092834473,9.165983203774335e-05
742,pop53,1,0.0004611015319824219,0.0
742,pop51,1,0.0004906654357910156,0.0
742,pop19,1,0.0004482269287109375,0.0
742,pop18,1,0.0004131793975830078,0.0
743,pop42,2,0.00513148307800293,0.004590511322021484
743,pop43,1,0.0004150867462158203,0.0
743,pop51,5,0.0005472183227539062,5.3601544709226825e-05
743,pop4,2,0.011925816535949707,0.0006653070449829102
743,pop10,3,0.008403539657592773,0.005683899635836538
743,pop53,2,0.0005456209182739258,4.947185516357422e-05
743,pop52,1,0.0004010200500488281,0.0
744,pop21,3,0.008296489715576172,0.005450377107483617
744,pop22,3,0.0004703998565673828,5.763651007684447e-05
744,pop51,1,0.00047516822814941406,0.0
744,pop19,1,0.00041985511779785156,0.0
744,pop18,1,0.00041413307189941406,0.0
745,pop44,2,0.005273222923278809,0.00471651554107666
745,pop50,3,0.0005042552947998047,6.155848902100733e-05
745,pop14,2,0.012649893760681152,0.0009611845016479492
745,pop17,2,0.006629824638366699,0.006169915199279785
745,pop24,3,0.0004349549611409505,1.250934115724627e-05
745,pop23,1,0.00042510032653808594,0.0
745,pop16,1,0.0004191398620605469,0.0
746,pop53,5,0.0022916316986083983,0.003493911870529854
746,pop54,2,0.005260825157165527,0.004839062690734863
746,pop47,1,0.00038623809814453125,0.0
747,pop40,2,0.004996776580810547,0.004431486129760742
747,pop43,1,0.0004572868347167969,0.0
747,pop51,5,0.0005204200744628907,5.6355495350236596e-05
747,pop4,2,0.01276397705078125,0.0011496543884277344
747,pop10,1,0.011980295181274414,0.0
747,pop9,3,0.0004947185516357422,0.00010310843243067841
747,pop47,1,0.00023245811462402344,0.0
748,pop33,2,0.005484223365783691,0.004911541938781738
748,pop37,4,0.00044989585876464844,3.940547770324187e-05
748,pop52,1,0.00041604042053222656,0.0
748,pop55,1,0.00042366981506347656,0.0
749,pop52,4,0.0027010440826416016,0.0038077490343592286
749,pop12,2,0.006016731262207031,0.005548715591430664
749,pop48,2,0.0065659284591674805,0.006136775016784668
749,pop49,3,0.004896958669026692,0.006051222094000024
749,pop2,3,0.010179440180460611,0.0068773456623050485
749,pop56,1,0.014410972595214844,0.0
749,pop53,1,0.0004627704620361328,0.0
749,pop50,1,0.0005216598510742188,0.0
749,pop16,1,0.0003304481506347656,0.0
750,pop30,2,0.004936814308166504,0.004372000694274902
750,pop48,1,0.0004379749298095703,0.0
750,pop52,2,0.0004438161849975586,1.2993812561035156e-05
750,pop12,4,0.00044333934783935547,2.4492505182051555e-05
750,pop55,1,0.0004420280456542969,0.0
751,pop27,5,0.0027604103088378906,0.004438075855793992
751,pop25,1,0.00040411949157714844,0.0
751,pop17,1,0.0004382133483886719,0.0
751,pop50,1,0.0004391670227050781,0.0
751,pop16,1,0.0005505084991455078,0.0
752,pop31,2,0.005010247230529785,0.0044411420822143555
752,pop30,1,0.0005931854248046875,0.0
752,pop48,2,0.00042891502380371094,4.76837158203125e-07
752,pop49,4,0.0004908442497253418,0.00011364283221906019
752,pop52,1,0.0004398822784423828,0.0
752,pop53,1,0.0004642009735107422,0.0
752,pop47,1,0.00039076805114746094,0.0
753,pop46,2,0.005323529243469238,0.004769682884216309
753,pop20,1,0.0004181861877441406,0.0
753,pop19,1,0.0004191398620605469,0.0
753,pop51,2,0.0004394054412841797,1.6689300537109375e-06
753,pop4,1,0.011747121810913086,0.0
753,pop50,3,0.00045220057169596356,2.7375833615284685e-05
753,pop44,4,0.0039176344871521,0.006067712370954427
753,pop33,2,0.0004442930221557617,2.586841583251953e-05
753,pop32,2,0.00044786930084228516,2.6106834411621094e-05
754,pop14,4,0.005990564823150635,0.005425592982153461
754,pop24,4,0.0036197304725646973,0.005368947409411965
754,pop23,2,0.006708621978759766,0.0062940120697021484
754,pop21,1,0.014045476913452148,0.0
754,pop50,1,0.0005044937133789062,0.0
754,pop51,1,0.0004336833953857422,0.0
755,pop45,2,0.005567431449890137,0.004999756813049316
755,pop44,5,0.0025867462158203126,0.004259668547143218
755,pop50,3,0.0004620552062988281,1.005323822131539e-05
755,pop17,1,0.01276707649230957,0.0
755,pop53,1,0.00048613548278808594,0.0
755,pop7,1,0.0004153251647949219,0.0
756,pop41,2,0.005153536796569824,0.004569411277770996
756,pop53,2,0.005215287208557129,0.004754900932312012
756,pop54,1,0.009764432907104492,0.0
756,pop52,4,0.00048547983169555664,9.854079198503818e-05
756,pop50,1,0.0005009174346923828,0.0
756,pop14,1,0.0004668235778808594,0.0
756,pop24,1,0.0004146099090576172,0.0
757,pop48,2,0.005473971366882324,0.004938483238220215
757,pop52,1,0.0007925033569335938,0.0
758,pop33,2,0.005710601806640625,0.0051212310791015625
758,pop37,3,0.00047858556111653644,9.986567265776089e-05
758,pop52,1,0.0004496574401855469,0.0
758,pop53,1,0.0004379749298095703,0.0
758,pop1,1,0.00043129920959472656,0.0
758,pop15,1,0.0004086494445800781,0.0
759,pop9,5,0.0024262428283691405,0.003778175056877244
759,pop51,1,0.0004546642303466797,0.0
759,pop53,1,0.00048065185546875,0.0
759,pop52,1,0.00044918060302734375,0.0
760,pop16,3,0.0038046836853027344,0.004673039722469425
760,pop23,2,0.0005081892013549805,4.279613494873047e-05
760,pop21,4,0.0004296302795410156,3.4113858098100283e-05
760,pop50,1,0.00047779083251953125,0.0
760,pop55,1,0.0004107952117919922,0.0
761,pop21,3,0.00844136873881022,0.005598860792101403
761,pop23,2,0.006764769554138184,0.006342530250549316
761,pop24,1,0.014139890670776367,0.0
761,pop14,2,0.0006462335586547852,0.00017368793487548828
761,pop50,1,0.00046825408935546875,0.0
761,pop53,1,0.00043201446533203125,0.0
761,pop47,1,0.00039887428283691406,0.0
762,pop44,2,0.005314350128173828,0.004721641540527344
762,pop50,1,0.0004820823669433594,0.0
762,pop55,1,0.009979963302612305,0.0
762,pop52,4,0.0005050301551818848,6.964626119240671e-05
762,pop53,1,0.0004718303680419922,0.0
762,pop51,1,0.0006186962127685547,0.0
763,pop53,3,0.003485600153605143,0.00422990451551594
763,pop54,4,0.0005201101303100586,9.214322886452614e-05
763,pop47,1,0.0004062652587890625,0.0
764,pop30,2,0.00509190559387207,0.004516124725341797
764,pop48,4,0.00046122074127197266,6.66441769536883e-05
764,pop52,1,0.00044226646423339844,0.0
765,pop46,3,0.0037973721822102866,0.004600217088476492
765,pop20,4,0.00048804283142089844,0.0001508761107071874
765,pop45,1,0.0004162788391113281,0.0
765,pop44,1,0.00042438507080078125,0.0
765,pop50,1,0.00048160552978515625,0.0
765,pop55,1,0.0004124641418457031,0.0
766,pop50,3,0.003685474395751953,0.004483129417969356
766,pop17,3,0.0005783240000406901,0.0001729849428645899
766,pop35,1,0.00039696693420410156,0.0
767,pop55,3,0.006485859553019206,0.004202374659963295
767,pop52,3,0.00478816032409668,0.006162880853519587
767,pop48,2,0.006428718566894531,0.005988121032714844
767,pop49,2,0.006786704063415527,0.006357073783874512
767,pop2,2,0.0071527957916259766,0.006732463836669922
767,pop13,2,0.0004267692565917969,3.0994415283203125e-06
768,pop47,2,0.0046585798263549805,0.00412905216217041
768,pop51,4,0.00041472911834716797,9.139403916753078e-05
768,pop10,3,0.00449363390604655,0.005877699732919793
768,pop4,1,0.013822078704833984,0.0
768,pop9,3,0.0004387696584065755,3.394951829838829e-05
769,pop57,2,0.00599515438079834,0.005431532859802246
769,pop56,2,0.01323246955871582,0.001314401626586914
769,pop48,3,0.004262844721476237,0.005433125495090162
769,pop49,2,0.006927013397216797,0.006469011306762695
769,pop2,3,0.005000511805216472,0.00636357199726532
769,pop52,1,0.00046372413635253906,0.0
769,pop53,1,0.00046706199645996094,0.0
769,pop1,1,0.00044345855712890625,0.0
769,pop15,1,0.0004050731658935547,0.0
770,pop6,5,0.002502918243408203,0.004058500407308019
771,pop32,5,0.002711915969848633,0.004346806615228454
771,pop33,1,0.0004363059997558594,0.0
771,pop50,1,0.0006375312805175781,0.0
771,pop53,1,0.0005946159362792969,0.0
771,pop7,1,0.00042057037353515625,0.0
772,pop14,2,0.005932927131652832,0.005330681800842285
772,pop50,2,0.0005477666854858398,6.23464584350586e-05
772,pop17,2,0.006860136985778809,0.006412386894226074
772,pop25,1,0.0004363059997558594,0.0
772,pop27,1,0.0004303455352783203,0.0
772,pop44,1,0.0004696846008300781,0.0
772,pop55,1,0.013439416885375977,0.0
772,pop52,3,0.0004647572835286458,1.5329818180312457e-05
773,pop45,3,0.003958066304524739,0.004901384076896579
773,pop46,2,0.0004372596740722656,1.1205673217773438e-05
773,pop20,4,0.0004611015319824219,8.28999261880318e-05
773,pop44,1,0.0004298686981201172,0.0
774,pop21,2,0.0062983036041259766,0.005728960037231445
774,pop22,4,0.0004240274429321289,6.539148403121222e-06
774,pop51,1,0.00044274330139160156,0.0
775,pop53,5,0.0023023128509521485,0.0034846717353156863
775,pop47,1,0.0004138946533203125,0.0
776,pop10,4,0.005609631538391113,0.00514366221405324
776,pop51,1,0.0006113052368164062,0.0
776,pop19,2,0.0004265308380126953,8.821487426757812e-06
776,pop20,2,0.0005115270614624023,8.857250213623047e-05
776,pop18,1,0.0003886222839355469,0.0
777,pop39,2,0.0055762529373168945,0.005023598670959473
777,pop38,2,0.0064699649810791016,0.00603032112121582
777,pop18,1,0.0004355907440185547,0.0
777,pop19,1,0.0004241466522216797,0.0
777,pop20,3,0.00048152605692545575,6.779514734029954e-05
778,pop56,5,0.007567262649536133,0.005842639573370548
778,pop48,2,0.0061948299407958984,0.005769968032836914
778,pop2,1,0.014367103576660156,0.0
778,pop49,1,0.00043392181396484375,0.0
778,pop52,2,0.0004913806915283203,4.3392181396484375e-05
778,pop55,1,0.0004515647888183594,0.0
779,pop18,5,0.0025969028472900392,0.004272457585801786
779,pop38,5,0.0030442237854003905,0.0051298022770926025
779,pop19,3,0.0004471143086751302,1.9887914428223993e-05
779,pop20,1,0.013749122619628906,0.0
779,pop51,1,0.000461578369140625,0.0
779,pop53,1,0.0005104541778564453,0.0
779,pop1,1,0.00042939186096191406,0.0
779,pop15,1,0.00032210350036621094,0.0
780,pop4,4,0.0029765963554382324,0.0041957788205740035
780,pop51,1,0.00043964385986328125,0.0
780,pop10,1,0.00042510032653808594,0.0
781,pop8,2,0.005293607711791992,0.0047283172607421875
781,pop51,2,0.00045692920684814453,1.3232231140136719e-05
781,pop10,3,0.0005435148874918619,0.00010486810478314421
781,pop53,1,0.0004725456237792969,0.0
781,pop1,1,0.0004334449768066406,0.0
781,pop6,1,0.00043463706970214844,0.0
782,pop22,4,0.0027768611907958984,0.003903081101020959
782,pop51,1,0.0004658699035644531,0.0
782,pop50,1,0.00044798851013183594,0.0
782,pop55,1,0.0004100799560546875,0.0
783,pop42,2,0.005465984344482422,0.004885435104370117
783,pop43,1,0.0004229545593261719,0.0
783,pop40,4,0.00047457218170166016,0.0001050148591338949
783,pop41,1,0.00039386749267578125,0.0
783,pop53,1,0.0004799365997314453,0.0
783,pop50,1,0.0004918575286865234,0.0
783,pop16,1,0.0004265308380126953,0.0
784,pop16,2,0.0055942535400390625,0.00500035285949707
784,pop50,2,0.0004712343215942383,1.1086463928222656e-05
784,pop17,4,0.0005604028701782227,6.354772061430425e-05
784,pop44,1,0.00041222572326660156,0.0
785,pop44,3,0.007659753163655599,0.0050689508697154845
785,pop50,3,0.0005563894907633463,5.7042804190483174e-05
785,pop17,1,0.012439727783203125,0.0
785,pop55,4,0.00045174360275268555,1.9565128181274907e-05
785,pop52,1,0.0004191398620605469,0.0
786,pop30,2,0.005144357681274414,0.00456547737121582
786,pop48,1,0.00040984153747558594,0.0
786,pop52,2,0.00045621395111083984,1.895427703857422e-05
786,pop12,4,0.00045675039291381836,5.1285597317858005e-05
786,pop34,1,0.0004038810729980469,0.0
786,pop35,1,0.0004105567932128906,0.0
787,pop57,2,0.006065011024475098,0.0054885149002075195
787,pop56,4,0.0004699230194091797,7.165916206542876e-05
787,pop48,1,0.0004329681396484375,0.0
787,pop52,1,0.0004303455352783203,0.0
787,pop53,1,0.00048661231994628906,0.0
787,pop1,1,0.00044226646423339844,0.0
787,pop15,1,0.0004000663757324219,0.0
788,pop40,2,0.005212306976318359,0.004652976989746094
788,pop43,1,0.0004119873046875,0.0
788,pop51,3,0.0004333655039469401,2.3788817003720227e-06
788,pop10,1,0.011882305145263672,0.0
788,pop9,4,0.0005269646644592285,7.15496847124768e-05
788,pop50,1,0.00046634674072265625,0.0
788,pop16,1,0.00026035308837890625,0.0
789,pop52,4,0.0029317736625671387,0.0041738302662288895
789,pop12,1,0.011527538299560547,0.0
789,pop48,3,0.0004904270172119141,0.00010652428987563193
789,pop53,1,0.0004818439483642578,0.0
789,pop51,1,0.0004687309265136719,0.0
789,pop10,1,0.0004372596740722656,0.0
790,pop27,5,0.0028478145599365235,0.004622964887446699
790,pop25,1,0.0004229545593261719,0.0
790,pop17,1,0.000446319580078125,0.0
790,pop50,1,0.00048828125,0.0
790,pop35,1,0.00040602684020996094,0.0
791,pop47,4,0.002580404281616211,0.003633432738912554
792,pop37,4,0.002711355686187744,0.0037897778739088015
792,pop33,1,0.00043511390686035156,0.0
792,pop50,1,0.00045609474182128906,0.0
792,pop16,1,0.0004162788391113281,0.0
793,pop38,2,0.006223082542419434,0.00565946102142334
793,pop18,1,0.00045108795166015625,0.0
793,pop19,1,0.0007903575897216797,0.0
793,pop20,1,0.0005898475646972656,0.0
793,pop46,1,0.00043320655822753906,0.0
793,pop51,2,0.0003724098205566406,0.00011563301086425781
793,pop22,3,0.00044353802998860675,1.1777545325373599e-05
794,pop10,3,0.007451216379801433,0.0049180712048393985
794,pop51,2,0.0005419254302978516,9.107589721679688e-05
794,pop4,3,0.0005928675333658854,0.0001465600633479076
794,pop50,1,0.0004749298095703125,0.0
794,pop16,1,0.0005633831024169922,0.0
795,pop39,2,0.005598545074462891,0.005036115646362305
795,pop38,1,0.012617349624633789,0.0
795,pop18,1,0.0004248619079589844,0.0
795,pop19,2,0.00044977664947509766,3.4570693969726562e-06
795,pop20,1,0.013226509094238281,0.0
795,pop51,1,0.000457763671875,0.0
795,pop53,1,0.01315617561340332,0.0
795,pop54,1,0.00046563148498535156,0.0
795,pop52,4,0.00047343969345092773,3.768574076051702e-05
795,pop55,1,0.00039076805114746094,0.0
796,pop56,5,0.00270228385925293,0.004369288749576078
796,pop48,1,0.0004096031188964844,0.0
796,pop52,1,0.00045800209045410156,0.0
796,pop53,1,0.000438690185546875,0.0
796,pop50,1,0.0004901885986328125,0.0
796,pop14,1,0.0004050731658935547,0.0
796,pop24,1,0.000423431396484375,0.0
797,pop18,3,0.00408482551574707,0.005052736507827606
797,pop38,1,0.012913227081298828,0.0
797,pop19,1,0.0008327960968017578,0.0
797,pop51,1,0.0004429817199707031,0.0
797,pop46,2,0.0004189014434814453,1.0728836059570312e-05
797,pop20,2,0.008010506629943848,0.0074378252029418945
797,pop45,1,0.00043463706970214844,0.0
797,pop44,3,0.00043765703837076825,1.1108588857788608e-05
798,pop8,2,0.005455970764160156,0.004889011383056641
798,pop51,3,0.0005311965942382812,6.033576158710886e-05
798,pop10,1,0.011587381362915039,0.0
798,pop4,4,0.00048035383224487305,0.00010095772375368498
798,pop50,1,0.00047779083251953125,0.0
798,pop14,1,0.0004544258117675781,0.0
798,pop24,1,0.00043082237243652344,0.0
799,pop22,4,0.00550311803817749,0.0050433049514161665
799,pop51,1,0.0004923343658447266,0.0
799,pop50,1,0.00045490264892578125,0.0
799,pop14,1,0.000461578369140625,0.0
799,pop24,2,0.00043773651123046875,6.9141387939453125e-06
800,pop42,2,0.005440473556518555,0.00484466552734375
800,pop43,1,0.0004146099090576172,0.0
800,pop40,4,0.0005089044570922852,6.439828818130716e-05
800,pop41,1,0.000415802001953125,0.0
800,pop53,1,0.0005910396575927734,0.0
800,pop7,1,0.0005431175231933594,0.0
801,pop30,2,0.005249738693237305,0.004674196243286133
801,pop48,4,0.0004417896270751953,3.448137715640271e-05
801,pop52,1,0.0004439353942871094,0.0
801,pop55,1,0.0003833770751953125,0.0
802,pop27,5,0.0028236865997314452,0.0046662858104065345
802,pop25,1,0.0004131793975830078,0.0
802,pop17,1,0.0004410743713378906,0.0
802,pop50,1,0.0006248950958251953,0.0
802,pop53,1,0.0004780292510986328,0.0
802,pop51,1,0.0004711151123046875,0.0
803,pop28,2,0.005506396293640137,0.004961133003234863
803,pop51,2,0.0005410909652709961,0.00027048587799072266
803,pop50,1,0.0004999637603759766,0.0
803,pop16,1,0.0004515647888183594,0.0
803,pop23,1,0.0005998611450195312,0.0
803,pop21,1,0.00042128562927246094,0.0
803,pop22,4,0.0004348158836364746,3.0166958288716187e-05
803,pop53,1,0.0002682209014892578,0.0
803,pop1,1,0.00027680397033691406,0.0
803,pop15,1,0.00022482872009277344,0.0
804,pop24,5,0.0028627395629882814,0.004757858102551032
804,pop23,1,0.0004153251647949219,0.0
804,pop16,1,0.0003974437713623047,0.0
805,pop9,5,0.002499961853027344,0.003966740660830416
805,pop51,1,0.0004611015319824219,0.0
805,pop53,1,0.0004734992980957031,0.0
805,pop1,1,0.0004305839538574219,0.0
805,pop6,1,0.0004138946533203125,0.0
806,pop40,5,0.0024300098419189455,0.0038093578503885987
806,pop43,1,0.0005557537078857422,0.0
806,pop51,1,0.00043892860412597656,0.0
806,pop19,1,0.0004646778106689453,0.0
806,pop20,1,0.0004088878631591797,0.0
807,pop8,2,0.005492091178894043,0.004910588264465332
807,pop51,4,0.0005347132682800293,7.97905408802973e-05
807,pop10,1,0.011470317840576172,0.0
807,pop4,1,0.012641191482543945,0.0
807,pop19,2,0.00043189525604248047,3.2186508178710938e-06
807,pop20,4,0.0004640817642211914,6.336520419037477e-05
807,pop53,1,0.0004923343658447266,0.0
807,pop7,1,0.00040149688720703125,0.0
808,pop42,2,0.005519390106201172,0.004950046539306641
808,pop43,2,0.00044465065002441406,4.553794860839844e-05
808,pop40,4,0.000428617000579834,2.4162976084505723e-05
808,pop51,1,0.0004444122314453125,0.0
809,pop30,2,0.005214691162109375,0.0046482086181640625
809,pop48,1,0.012962102890014648,0.0
809,pop52,2,0.0004347562789916992,3.933906555175781e-06
809,pop12,4,0.0004994869232177734,7.801553569253195e-05
809,pop53,1,0.0004909038543701172,0.0
809,pop50,1,0.0004649162292480469,0.0
809,pop44,1,0.0004277229309082031,0.0
810,pop27,2,0.0063555240631103516,0.005784273147583008
810,pop25,1,0.0004458427429199219,0.0
810,pop17,4,0.00045233964920043945,2.2973937456684232e-05
810,pop50,1,0.0004930496215820312,0.0
810,pop44,1,0.0004172325134277344,0.0
811,pop36,2,0.005379676818847656,0.004792928695678711
811,pop10,3,0.0006146430969238281,4.602281470739733e-05
811,pop51,1,0.000457763671875,0.0
811,pop50,1,0.0004813671112060547,0.0
811,pop55,1,0.0005784034729003906,0.0
812,pop50,5,0.002525138854980469,0.003961033544652113
812,pop17,4,0.003714323043823242,0.005463630005149367
812,pop44,2,0.006826519966125488,0.006411910057067871
812,pop53,1,0.000461578369140625,0.0
812,pop1,1,0.0004603862762451172,0.0
812,pop6,1,0.0005471706390380859,0.0
813,pop55,2,0.004965543746948242,0.004383563995361328
813,pop52,2,0.0003514289855957031,8.177757263183594e-05
813,pop48,2,0.006240963935852051,0.00576174259185791
813,pop49,5,0.0031615257263183593,0.00536374655780861
813,pop2,3,0.01104267438252767,0.007545001406835315
813,pop56,2,0.015288591384887695,0.0006175041198730469
813,pop34,1,0.0002453327178955078,0.0
813,pop35,1,0.0002372264862060547,0.0
814,pop53,3,0.0036562283833821616,0.004420291105779032
814,pop50,4,0.0004602670669555664,1.0913348403130361e-05
814,pop17,5,0.002886390686035156,0.004823053927470922
814,pop44,1,0.012448549270629883,0.0
814,pop7,1,0.00038623809814453125,0.0
815,pop38,3,0.008571227391560873,0.00567607321685102
815,pop18,1,0.00043845176696777344,0.0
815,pop19,2,0.0004521608352661133,7.748603820800781e-06
815,pop20,1,0.013593912124633789,0.0
815,pop51,2,0.0004905462265014648,2.2649765014648438e-06
815,pop4,2,0.0075800418853759766,0.007153034210205078
815,pop43,1,0.0005738735198974609,0.0
815,pop40,1,0.014325380325317383,0.0
815,pop41,1,0.0004439353942871094,0.0
815,pop53,1,0.0006117820739746094,0.0
815,pop50,2,0.0004209280014038086,0.00015795230865478516
815,pop17,2,0.0003839731216430664,5.3048133850097656e-05
815,pop16,1,0.0002524852752685547,0.0
816,pop10,4,0.0057825446128845215,0.005239617831524779
816,pop51,2,0.0004483461380004883,2.0384788513183594e-05
816,pop4,2,0.00044786930084228516,3.135204315185547e-05
817,pop18,3,0.004195451736450195,0.005123709026476957
817,pop38,4,0.0004564523696899414,2.0206238314502497e-05
817,pop19,1,0.0004177093505859375,0.0
817,pop51,1,0.0004420280456542969,0.0
817,pop10,1,0.0004317760467529297,0.0
818,pop22,3,0.007225990295410156,0.00476079770036981
818,pop51,2,0.0004673004150390625,1.2159347534179688e-05
818,pop50,2,0.0004787445068359375,1.0728836059570312e-05
818,pop14,2,0.000512242317199707,8.690357208251953e-05
818,pop24,2,0.0005350112915039062,0.00012302398681640625
818,pop19,1,0.0004227161407470703,0.0
818,pop18,1,0.0003910064697265625,0.0
819,pop40,3,0.0073023637135823565,0.004769701217336265
819,pop41,1,0.00040149688720703125,0.0
819,pop53,1,0.0004391670227050781,0.0
819,pop54,3,0.00045339266459147137,3.207081933375445e-05
819,pop52,1,0.00043702125549316406,0.0
819,pop55,1,0.00041222572326660156,0.0
820,pop23,4,0.0034066438674926758,0.004937270536871788
820,pop16,1,0.0004258155822753906,0.0
820,pop50,1,0.00044274330139160156,0.0
820,pop55,1,0.00042319297790527344,0.0
821,pop4,3,0.008657217025756836,0.00598005288970269
821,pop51,4,0.00046455860137939453,1.533079665688401e-05
821,pop19,2,0.00044345855712890625,9.5367431640625e-07
821,pop20,1,0.012677907943725586,0.0
821,pop10,2,0.007255911827087402,0.006838679313659668
821,pop50,2,0.0003838539123535156,9.417533874511719e-05
821,pop33,2,0.00045621395111083984,1.6570091247558594e-05
821,pop32,2,0.0005573034286499023,0.00011217594146728516
821,pop35,1,0.0003352165222167969,0.0
822,pop16,2,0.005803465843200684,0.00523531436920166
822,pop23,1,0.012809276580810547,0.0
822,pop21,1,0.014173746109008789,0.0
822,pop22,1,0.0004391670227050781,0.0
822,pop51,1,0.00048089027404785156,0.0
822,pop50,2,0.00042247772216796875,0.00011777877807617188
822,pop14,2,0.00034415721893310547,9.882450103759766e-05
822,pop24,3,0.00041961669921875,4.771509727356381e-05
822,pop53,1,0.00040411949157714844,0.0
822,pop54,1,0.0003478527069091797,0.0
822,pop52,1,0.00025916099548339844,0.0
823,pop44,3,0.0039179325103759766,0.004858152638406703
823,pop50,2,0.00047147274017333984,2.6106834411621094e-05
823,pop17,3,0.0005052089691162109,7.651787914926123e-05
824,pop57,2,0.0061997175216674805,0.005638241767883301
824,pop56,2,0.00043213367462158203,1.0728836059570312e-06
824,pop48,2,0.006731510162353516,0.006136417388916016
824,pop2,1,0.0004210472106933594,0.0
824,pop49,4,0.0004761815071105957,8.755958834910215e-05
824,pop52,1,0.0005853176116943359,0.0
824,pop53,1,0.0004527568817138672,0.0
824,pop1,1,0.0004420280456542969,0.0
824,pop6,1,0.0004181861877441406,0.0
825,pop9,4,0.0029268264770507812,0.004131871763802443
825,pop51,1,0.0004839897155761719,0.0
825,pop53,1,0.00047707557678222656,0.0
825,pop1,1,0.0005958080291748047,0.0
825,pop6,1,0.00040793418884277344,0.0
826,pop31,2,0.005499124526977539,0.004929065704345703
826,pop30,1,0.00040149688720703125,0.0
826,pop48,2,0.007125973701477051,0.006641745567321777
826,pop52,3,0.0005125999450683594,0.00010182027303598328
826,pop53,1,0.0006153583526611328,0.0
826,pop50,1,0.0005173683166503906,0.0
826,pop16,1,0.0004191398620605469,0.0
827,pop53,4,0.00288313627243042,0.004028469354427307
827,pop1,1,0.0004265308380126953,0.0
827,pop15,1,0.0004017353057861328,0.0
828,pop38,2,0.006235957145690918,0.005634665489196777
828,pop18,1,0.0004725456237792969,0.0
828,pop19,2,0.0004253387451171875,3.0994415283203125e-06
828,pop20,4,0.0004557967185974121,2.6246287920499124e-05
828,pop51,1,0.00046253204345703125,0.0
828,pop10,1,0.0004208087921142578,0.0
829,pop10,2,0.005590200424194336,0.005022525787353516
829,pop51,1,0.0006060600280761719,0.0
829,pop19,1,0.0004839897155761719,0.0
829,pop20,2,0.006933450698852539,0.00652003288269043
829,pop46,1,0.0004315376281738281,0.0
829,pop45,1,0.00042557716369628906,0.0
829,pop44,3,0.0005534489949544271,8.461684035449583e-05
829,pop50,1,0.0004916191101074219,0.0
829,pop53,1,0.0004398822784423828,0.0
829,pop1,1,0.00045680999755859375,0.0
829,pop6,1,0.0003924369812011719,0.0
830,pop4,2,0.005711913108825684,0.0051299333572387695
830,pop51,3,0.0005241235097249349,5.2797141036042236e-05
830,pop19,1,0.00040531158447265625,0.0
830,pop20,1,0.013395309448242188,0.0
830,pop46,1,0.0004363059997558594,0.0
830,pop10,1,0.014204978942871094,0.0
830,pop43,1,0.0004277229309082031,0.0
830,pop40,1,0.0148773193359375,0.0
830,pop41,1,0.00042366981506347656,0.0
830,pop53,1,0.0004916191101074219,0.0
830,pop50,2,0.0003854036331176758,9.930133819580078e-05
830,pop17,3,0.0003357728322347005,7.086136380538547e-05
830,pop44,1,0.0002422332763671875,0.0
831,pop41,2,0.0056885480880737305,0.0050972700119018555
831,pop53,1,0.00045752525329589844,0.0
831,pop50,2,0.0006150007247924805,0.0001691579818725586
831,pop17,3,0.005068620045979817,0.006548894696177443
831,pop16,1,0.0004379749298095703,0.0
831,pop23,1,0.00043511390686035156,0.0
831,pop24,2,0.00041306018829345703,1.0609626770019531e-05
831,pop14,2,0.0004982948303222656,5.221366882324219e-05
832,pop48,4,0.006288409233093262,0.005823423343679967
832,pop56,1,0.0005445480346679688,0.0
832,pop2,1,0.0004253387451171875,0.0
832,pop49,3,0.0004984537760416666,0.00011744244189360487
832,pop52,1,0.00041675567626953125,0.0
832,pop55,1,0.00041484832763671875,0.0
833,pop33,3,0.00420387585957845,0.0052339109150237925
833,pop32,4,0.000491023063659668,0.00010552123232309805
833,pop50,1,0.000606536865234375,0.0
833,pop51,1,0.0004494190216064453,0.0
833,pop19,1,0.0004611015319824219,0.0
833,pop20,1,0.0004246234893798828,0.0
834,pop39,2,0.005881071090698242,0.005323171615600586
834,pop38,2,0.008228421211242676,0.007783055305480957
834,pop18,3,0.00043384234110514325,3.7764245257430786e-06
834,pop19,3,0.000444332758585612,6.622526377359918e-06
834,pop20,2,0.014858603477478027,0.0012661218643188477
834,pop46,1,0.0004086494445800781,0.0
834,pop45,1,0.0004303455352783203,0.0
834,pop44,2,0.005091667175292969,0.0046389102935791016
834,pop50,3,0.00027902921040852863,6.425025600245074e-06
834,pop17,1,0.010505199432373047,0.0
834,pop14,2,0.00031316280364990234,6.186962127685547e-05
834,pop51,1,0.00027060508728027344,0.0
834,pop10,1,0.00024056434631347656,0.0
835,pop23,5,0.0030037879943847655,0.004844092226743658
835,pop21,2,0.007648468017578125,0.007078886032104492
835,pop16,1,0.00042891502380371094,0.0
835,pop50,1,0.0004794597625732422,0.0
835,pop35,1,0.00040435791015625,0.0
836,pop16,3,0.004332701365152995,0.005419076793202719
836,pop23,5,0.0005159854888916015,0.00010798423584784329
836,pop21,1,0.01437687873840332,0.0
836,pop50,1,0.00046825408935546875,0.0
836,pop35,1,0.0004119873046875,0.0
837,pop46,3,0.0040433406829833984,0.004993875517736694
837,pop20,2,0.006710648536682129,0.006292223930358887
837,pop51,2,0.0004813671112060547,0.0
837,pop10,1,0.014434576034545898,0.0
837,pop43,1,0.0004596710205078125,0.0
837,pop40,1,0.014265298843383789,0.0
837,pop41,1,0.0004208087921142578,0.0
837,pop53,1,0.00046515464782714844,0.0
837,pop50,2,0.00041556358337402344,4.1484832763671875e-05
837,pop17,3,0.0003229777018229167,8.070561835603676e-05
837,pop44,1,0.00023508071899414062,0.0
838,pop28,2,0.005575060844421387,0.005008578300476074
838,pop51,3,0.0005006790161132812,5.427257390735536e-05
838,pop4,2,0.0070934295654296875,0.006642818450927734
838,pop10,3,0.0004956722259521484,7.08326578489254e-05
838,pop50,1,0.00048422813415527344,0.0
838,pop16,1,0.000423431396484375,0.0
839,pop24,4,0.0073010921478271484,0.006755342282489283
839,pop23,2,0.00043845176696777344,1.430511474609375e-05
839,pop21,2,0.007963776588439941,0.007547974586486816
839,pop22,2,0.0005171298980712891,2.6702880859375e-05
839,pop16,1,0.000240325927734375,0.0
840,pop42,2,0.0058977603912353516,0.005328178405761719
840,pop43,2,0.000517725944519043,6.878376007080078e-05
840,pop51,4,0.00042998790740966797,3.5152189832938714e-05
840,pop19,3,0.0005288918813069662,0.0002064796968912546
840,pop46,1,0.000408172607421875,0.0
840,pop20,1,0.01503896713256836,0.0
840,pop40,1,0.015188217163085938,0.0
840,pop41,1,0.0004246234893798828,0.0
840,pop53,1,0.0004730224609375,0.0
840,pop50,2,0.0003865957260131836,0.00012671947479248047
840,pop33,2,0.0002499818801879883,2.9802322387695312e-06
840,pop32,3,0.00028936068216959637,6.079637406849226e-05
840,pop18,1,0.00023865699768066406,0.0
841,pop23,3,0.004542350769042969,0.005705702847289166
841,pop21,1,0.017529010772705078,0.0
841,pop24,4,0.0004768967628479004,5.602744664797279e-05
841,pop14,1,0.00042510032653808594,0.0
841,pop50,1,0.00047588348388671875,0.0
841,pop51,1,0.0004315376281738281,0.0
842,pop6,2,0.006137847900390625,0.005578756332397461
842,pop1,1,0.00043892860412597656,0.0
842,pop53,4,0.0034636855125427246,0.005163523743943429
842,pop54,2,0.0005588531494140625,2.2411346435546875e-05
842,pop51,1,0.0004379749298095703,0.0
843,pop32,4,0.003497302532196045,0.005163891890305198
843,pop33,1,0.0004303455352783203,0.0
843,pop50,1,0.0006263256072998047,0.0
843,pop53,1,0.00045943260192871094,0.0
843,pop51,1,0.0004811286926269531,0.0
844,pop14,3,0.004438479741414388,0.005539940832361669
844,pop24,3,0.0005762577056884766,0.00012516967833985963
844,pop50,1,0.0004992485046386719,0.0
844,pop53,1,0.0004730224609375,0.0
844,pop7,1,0.0003960132598876953,0.0
845,pop45,2,0.006172895431518555,0.005579710006713867
845,pop44,2,0.006462812423706055,0.005999088287353516
845,pop50,1,0.0005016326904296875,0.0
845,pop55,1,0.011207818984985352,0.0
845,pop52,3,0.00044798851013183594,5.4263146766381465e-06
846,pop21,4,0.0038521289825439453,0.005703570988748511
846,pop23,1,0.00042700767517089844,0.0
846,pop16,1,0.0003867149353027344,0.0
846,pop50,1,0.0004630088806152344,0.0
846,pop51,1,0.0004572868347167969,0.0
847,pop36,2,0.0056552886962890625,0.005045652389526367
847,pop51,4,0.00046837329864501953,2.5331623411557076e-05
847,pop4,5,0.003040122985839844,0.005123459773235968
847,pop10,1,0.013451814651489258,0.0
847,pop50,1,0.00046896934509277344,0.0
847,pop16,1,0.0002503395080566406,0.0
848,pop18,2,0.006179928779602051,0.00556027889251709
848,pop19,2,0.0005190372467041016,6.461143493652344e-05
848,pop20,2,0.007083535194396973,0.0065451860427856445
848,pop51,2,0.0005315542221069336,6.973743438720703e-05
848,pop4,2,0.0005186796188354492,7.045269012451172e-05
848,pop50,1,0.00047850608825683594,0.0
848,pop55,1,0.0004146099090576172,0.0
849,pop33,3,0.004217227300008138,0.005238211130339084
849,pop32,3,0.0005275408426920573,0.00012748630806395732
849,pop50,1,0.0004923343658447266,0.0
849,pop53,1,0.0004432201385498047,0.0
849,pop47,1,0.0005657672882080078,0.0
850,pop39,2,0.006085395812988281,0.005499601364135742
850,pop44,2,0.007039666175842285,0.006569504737854004
850,pop50,2,0.0004538297653198242,1.1563301086425781e-05
850,pop14,3,0.0005560715993245443,7.746741079113078e-05
850,pop53,1,0.00045418739318847656,0.0
850,pop1,1,0.0004439353942871094,0.0
850,pop6,1,0.00039124488830566406,0.0
851,pop28,2,0.005693793296813965,0.00512850284576416
851,pop51,4,0.0004634261131286621,1.7057762171333057e-06
851,pop4,2,0.014127135276794434,0.000680088996887207
851,pop10,1,0.013686180114746094,0.0
851,pop50,1,0.0006105899810791016,0.0
851,pop33,2,0.000400543212890625,6.198883056640625e-06
851,pop32,2,0.010095953941345215,0.009674429893493652
851,pop37,2,0.00028252601623535156,3.0279159545898438e-05
851,pop52,1,0.0002498626708984375,0.0
851,pop55,1,0.00023627281188964844,0.0
852,pop23,3,0.004646142323811849,0.0057445653549597665
852,pop21,1,0.014103412628173828,0.0
852,pop24,5,0.00045666694641113283,5.625134595715179e-05
852,pop14,2,0.0072536468505859375,0.006814002990722656
852,pop50,1,0.0004703998565673828,0.0
852,pop53,1,0.0005090236663818359,0.0
852,pop7,1,0.0004220008850097656,0.0
853,pop44,2,0.006109118461608887,0.005536913871765137
853,pop50,1,0.00043892860412597656,0.0
853,pop55,2,0.005756378173828125,0.0053446292877197266
853,pop52,2,0.0005860328674316406,0.00014448165893554688
853,pop34,1,0.00042819976806640625,0.0
853,pop35,1,0.00041413307189941406,0.0
854,pop6,4,0.006694316864013672,0.006234276876417937
854,pop1,1,0.00045752525329589844,0.0
854,pop53,3,0.0005203088124593099,0.00010004499899985973
854,pop54,1,0.012787580490112305,0.0
854,pop51,1,0.0004954338073730469,0.0
854,pop19,1,0.00043201446533203125,0.0
854,pop18,1,0.00042819976806640625,0.0
855,pop45,2,0.006323695182800293,0.005746006965637207
855,pop44,3,0.004774014155069987,0.006035737217991993
855,pop50,2,0.0004659891128540039,2.586841583251953e-05
855,pop17,2,0.0004595518112182617,4.851818084716797e-05
855,pop55,1,0.0005879402160644531,0.0
856,pop21,5,0.009150123596191407,0.007118698893455762
856,pop23,3,0.00513768196105957,0.006530851693755386
856,pop16,1,0.0004317760467529297,0.0
856,pop50,1,0.0004558563232421875,0.0
856,pop53,1,0.0004756450653076172,0.0
856,pop7,1,0.00040435791015625,0.0
857,pop39,2,0.0060122013092041016,0.005440473556518555
857,pop44,2,0.006923079490661621,0.006534218788146973
857,pop50,2,0.00046837329864501953,1.895427703857422e-05
857,pop17,3,0.0004564921061197917,2.673219403970356e-05
858,pop23,3,0.004644076029459636,0.005868208424111355
858,pop24,3,0.0005153814951578776,0.00010870864701103576
858,pop16,1,0.0003979206085205078,0.0
858,pop50,1,0.0004405975341796875,0.0
858,pop51,1,0.0004439353942871094,0.0
859,pop52,5,0.0025681018829345702,0.0040481610294539295
859,pop53,1,0.0004754066467285156,0.0
859,pop7,1,0.00042438507080078125,0.0
860,pop47,4,0.0028370022773742676,0.004013147945612185
860,pop53,1,0.0004780292510986328,0.0
860,pop50,1,0.0005066394805908203,0.0
860,pop44,1,0.0004038810729980469,0.0
861,pop53,3,0.003908395767211914,0.004763616603078971
861,pop54,3,0.0005011558532714844,9.587293009710942e-05
861,pop51,1,0.0004432201385498047,0.0
861,pop10,1,0.00041866302490234375,0.0
862,pop10,3,0.004183530807495117,0.005098099981653671
862,pop51,3,0.00044767061869303387,2.796270384114453e-06
862,pop19,2,0.0005830526351928711,0.0001398324966430664
862,pop46,1,0.0004372596740722656,0.0
862,pop20,3,0.0005101362864176432,5.39624813890147e-05
863,pop45,2,0.006323456764221191,0.0057440996170043945
863,pop44,2,0.006634950637817383,0.006193876266479492
863,pop50,2,0.0005410909652709961,5.8770179748535156e-05
863,pop17,2,0.0006198883056640625,0.0001938343048095703
863,pop51,1,0.0004608631134033203,0.0
863,pop19,1,0.0004451274871826172,0.0
863,pop20,1,0.0004107952117919922,0.0
864,pop37,5,0.0023818016052246094,0.0037826367182035867
864,pop52,1,0.0004534721374511719,0.0
864,pop55,1,0.0004127025604248047,0.0
865,pop56,7,0.006095852170671735,0.0065116806907122024
865,pop2,2,0.014856815338134766,0.0007295608520507812
865,pop48,1,0.0004050731658935547,0.0
865,pop52,1,0.0004248619079589844,0.0
865,pop34,1,0.0004284381866455078,0.0
865,pop35,1,0.0002300739288330078,0.0
866,pop48,3,0.004317045211791992,0.0053831405394309225
866,pop49,2,0.006862640380859375,0.006426811218261719
866,pop2,2,0.008087396621704102,0.007653474807739258
866,pop56,2,0.015809059143066406,0.0007925033569335938
866,pop52,2,0.0005391836166381836,7.665157318115234e-05
866,pop12,2,0.0004830360412597656,6.699562072753906e-05
866,pop53,1,0.0002777576446533203,0.0
866,pop7,1,0.0003383159637451172,0.0
867,pop16,2,0.006282210350036621,0.0057135820388793945
867,pop23,1,0.00044727325439453125,0.0
867,pop24,4,0.0005388259887695312,7.072055309581242e-05
867,pop14,1,0.0004286766052246094,0.0
867,pop50,1,0.00047969818115234375,0.0
867,pop53,1,0.0004487037658691406,0.0
867,pop1,1,0.00044417381286621094,0.0
867,pop6,1,0.0003924369812011719,0.0
868,pop44,2,0.006189465522766113,0.0055817365646362305
868,pop50,1,0.0004906654357910156,0.0
868,pop55,1,0.01124119758605957,0.0
868,pop52,5,0.0004489421844482422,1.3657035767914033e-05
868,pop12,1,0.014022588729858398,0.0
869,pop21,2,0.007220625877380371,0.006624817848205566
869,pop23,1,0.0004146099090576172,0.0
869,pop24,4,0.0004735589027404785,9.074706846694287e-05
869,pop14,2,0.007289409637451172,0.006870269775390625
869,pop50,1,0.0006084442138671875,0.0
869,pop53,1,0.0004851818084716797,0.0
869,pop1,1,0.00041675567626953125,0.0
869,pop6,1,0.0004267692565917969,0.0
870,pop52,3,0.004041194915771484,0.005001534204716669
870,pop12,3,0.0004897912343343099,6.956631250553088e-05
870,pop53,1,0.0004851818084716797,0.0
870,pop7,1,0.0004146099090576172,0.0
871,pop47,4,0.0028837919235229492,0.0040885000376830165
871,pop51,1,0.0004940032958984375,0.0
871,pop19,1,0.00043129920959472656,0.0
871,pop20,1,0.0004127025604248047,0.0
872,pop53,2,0.005712985992431641,0.0051271915435791016
872,pop54,3,0.0004391670227050781,1.843393495567103e-05
872,pop52,1,0.00044083595275878906,0.0
873,pop8,2,0.006031394004821777,0.005467534065246582
873,pop51,3,0.00046698252360026043,7.025149069026174e-06
873,pop4,3,0.004814545313517253,0.006192609401004502
873,pop10,2,0.0005633831024169922,7.62939453125e-06
873,pop19,1,0.00042939186096191406,0.0
873,pop18,1,0.00041604042053222656,0.0
874,pop30,2,0.005855202674865723,0.005266785621643066
874,pop31,1,0.0004329681396484375,0.0
874,pop17,3,0.0005136330922444662,9.45544024800623e-05
874,pop50,1,0.00047206878662109375,0.0
874,pop53,1,0.0004665851593017578,0.0
874,pop1,1,0.00044083595275878906,0.0
874,pop6,1,0.0004284381866455078,0.0
875,pop27,4,0.0038141608238220215,0.005694916625237359
875,pop25,1,0.00041294097900390625,0.0
875,pop17,1,0.000423431396484375,0.0
875,pop50,1,0.00045871734619140625,0.0
875,pop53,1,0.0006086826324462891,0.0
875,pop7,1,0.00041985511779785156,0.0
876,pop46,2,0.006328463554382324,0.005725741386413574
876,pop45,1,0.0004496574401855469,0.0
876,pop44,2,0.0004291534423828125,7.152557373046875e-07
876,pop50,2,0.0004754066467285156,2.6226043701171875e-06
876,pop14,2,0.0076149702072143555,0.007027268409729004
876,pop24,3,0.0004417896270751953,2.6611187725615448e-05
877,pop24,2,0.007184386253356934,0.0065888166427612305
877,pop14,4,0.00046259164810180664,6.530240379250104e-05
877,pop50,1,0.00045013427734375,0.0
877,pop53,1,0.000453948974609375,0.0
877,pop7,1,0.0004611015319824219,0.0
878,pop47,5,0.002438259124755859,0.0039364479681646535
878,pop51,1,0.0004456043243408203,0.0
878,pop10,1,0.0004124641418457031,0.0
879,pop50,4,0.003292858600616455,0.004788928995146845
879,pop14,1,0.01319265365600586,0.0
879,pop17,2,0.007578134536743164,0.00714421272277832
879,pop33,2,0.000614166259765625,0.00016355514526367188
879,pop32,3,0.000518957773844401,9.416162280975789e-05
879,pop37,1,0.0002384185791015625,0.0
879,pop52,1,0.00034546852111816406,0.0
879,pop53,1,0.00027489662170410156,0.0
879,pop51,1,0.0002608299255371094,0.0
879,pop19,1,0.0002739429473876953,0.0
879,pop20,1,0.00024080276489257812,0.0
880,pop55,3,0.007452249526977539,0.004846585593650383
880,pop52,2,0.0004419088363647461,1.1086463928222656e-05
880,pop12,2,0.0005128383636474609,8.058547973632812e-05
881,pop22,2,0.006028413772583008,0.005446195602416992
881,pop21,1,0.0005609989166259766,0.0
881,pop23,3,0.0005213419596354166,8.357817237540364e-05
881,pop16,1,0.00042438507080078125,0.0
881,pop50,1,0.0004973411560058594,0.0
881,pop51,1,0.0004875659942626953,0.0
881,pop19,1,0.0004353523254394531,0.0
881,pop18,1,0.00041604042053222656,0.0
882,pop40,2,0.005873441696166992,0.0053234100341796875
882,pop41,1,0.0005943775177001953,0.0
882,pop53,1,0.0004673004150390625,0.0
882,pop52,3,0.0005233287811279297,6.333413530894519e-05
882,pop13,3,0.005214691162109375,0.006722842899321738
882,pop34,1,0.00044608116149902344,0.0
882,pop35,1,0.0003352165222167969,0.0
883,pop14,3,0.009029388427734375,0.005965084691701877
883,pop50,2,0.0004742145538330078,1.2636184692382812e-05
883,pop17,1,0.014239072799682617,0.0
883,pop55,1,0.012050390243530273,0.0
883,pop52,3,0.0048635005950927734,0.006315706642345583
883,pop54,1,0.013514041900634766,0.0
883,pop12,3,0.0004795392354329427,9.115000013050853e-05
883,pop53,1,0.0002644062042236328,0.0
883,pop1,1,0.0002512931823730469,0.0
883,pop6,1,0.00023317337036132812,0.0
884,pop36,2,0.005981564521789551,0.005386471748352051
884,pop51,2,0.0004677772521972656,1.6450881958007812e-05
884,pop4,4,0.0005246996879577637,0.0001356044705845575
884,pop50,1,0.0004551410675048828,0.0
884,pop16,1,0.0004131793975830078,0.0
885,pop18,3,0.0045833587646484375,0.005744895968177783
885,pop38,3,0.005500634511311849,0.00714856593059298
885,pop19,2,0.00044274330139160156,3.0994415283203125e-06
885,pop20,2,0.0004451274871826172,2.1219253540039062e-05
885,pop51,1,0.00046563148498535156,0.0
886,pop33,3,0.004496177037556966,0.005614656656460916
886,pop32,4,0.0005544424057006836,7.88582740795679e-05
886,pop50,1,0.00048804283142089844,0.0
886,pop53,1,0.00048732757568359375,0.0
886,pop52,1,0.00042700767517089844,0.0
887,pop37,4,0.0030316710472106934,0.004191717247110525
887,pop52,1,0.0004611015319824219,0.0
887,pop53,1,0.0006129741668701172,0.0
887,pop47,1,0.0003726482391357422,0.0
888,pop56,4,0.010303795337677002,0.005656033610742969
888,pop2,2,0.014842748641967773,0.0005919933319091797
888,pop49,2,0.0004850625991821289,5.8770179748535156e-05
888,pop48,1,0.0004200935363769531,0.0
888,pop52,1,0.00044727325439453125,0.0
888,pop55,1,0.0004436969757080078,0.0
889,pop48,3,0.00435177485148112,0.005446734127953177
889,pop49,1,0.013345479965209961,0.0
889,pop2,3,0.009964942932128906,0.006765914026790749
889,pop56,2,0.015226960182189941,0.0011485815048217773
889,pop52,4,0.0003612041473388672,7.982056767978475e-05
889,pop12,1,0.0167236328125,0.0
889,pop13,1,0.009293079376220703,0.0
889,pop53,1,0.00028824806213378906,0.0
889,pop7,1,0.00023794174194335938,0.0
890,pop21,2,0.007413744926452637,0.00681912899017334
890,pop23,4,0.000492095947265625,9.727667942250157e-05
890,pop16,1,0.00042510032653808594,0.0
890,pop50,1,0.0004677772521972656,0.0
890,pop53,1,0.00047516822814941406,0.0
890,pop1,1,0.00041937828063964844,0.0
890,pop6,1,0.00040841102600097656,0.0
891,pop53,5,0.0025760173797607423,0.004114947983509082
891,pop51,1,0.00046563148498535156,0.0
892,pop57,2,0.006997108459472656,0.0064013004302978516
892,pop56,5,0.003268861770629883,0.0056497293767765735
892,pop2,1,0.015465497970581055,0.0
892,pop48,1,0.0004298686981201172,0.0
892,pop52,1,0.0004622936248779297,0.0
892,pop55,1,0.0004124641418457031,0.0
893,pop9,5,0.00274505615234375,0.004460370363587381
893,pop51,1,0.00045013427734375,0.0
893,pop47,1,0.000415802001953125,0.0
894,pop6,5,0.0029224395751953126,0.00484567448104562
894,pop1,1,0.00042700767517089844,0.0
894,pop53,1,0.0005807876586914062,0.0
894,pop50,1,0.00046944618225097656,0.0
894,pop16,1,0.0004315376281738281,0.0
895,pop23,4,0.007096469402313232,0.006600357118129378
895,pop21,2,0.00048172473907470703,5.4955482482910156e-05
895,pop16,1,0.000415802001953125,0.0
895,pop50,1,0.0005066394805908203,0.0
895,pop51,1,0.00046133995056152344,0.0
896,pop8,2,0.006288290023803711,0.0057141780853271484
896,pop51,3,0.0003860791524251302,9.876676489063286e-05
896,pop9,3,0.005305767059326172,0.006931807936242246
896,pop10,1,0.01678919792175293,0.0
896,pop19,1,0.0002510547637939453,0.0
896,pop20,1,0.01033163070678711,0.0
896,pop46,1,0.0002465248107910156,0.0
896,pop45,1,0.00024056434631347656,0.0
896,pop44,1,0.010777711868286133,0.0
896,pop50,2,0.00029265880584716797,7.271766662597656e-06
896,pop14,2,0.006104469299316406,0.00584101676940918
896,pop24,2,0.0003274679183959961,6.377696990966797e-05
896,pop53,1,0.00028443336486816406,0.0
896,pop1,1,0.0002589225769042969,0.0
896,pop15,1,0.00023889541625976562,0.0
897,pop30,2,0.005971074104309082,0.005400300025939941
897,pop31,1,0.00040841102600097656,0.0
897,pop17,2,0.008233904838562012,0.007796883583068848
897,pop50,2,0.00036644935607910156,0.00011277198791503906
897,pop33,2,0.0005021095275878906,7.176399230957031e-05
897,pop32,3,0.0005075931549072266,0.00010010419831229206
897,pop53,1,0.00026988983154296875,0.0
897,pop47,1,0.00023293495178222656,0.0
898,pop46,2,0.006378293037414551,0.0058106184005737305
898,pop45,1,0.00044727325439453125,0.0
898,pop44,1,0.00048542022705078125,0.0
898,pop50,4,0.00041610002517700195,0.00015135659203929124
898,pop14,2,0.008167505264282227,0.007567882537841797
898,pop24,2,0.009224534034729004,0.008632540702819824
898,pop23,2,0.00042557716369628906,1.0967254638671875e-05
898,pop21,1,0.018885374069213867,0.0
898,pop16,2,0.0003393888473510742,0.0001035928726196289
898,pop17,1,0.019435405731201172,0.0
898,pop55,1,0.009168624877929688,0.0
898,pop52,2,0.0002459287643432617,3.933906555175781e-06
898,pop48,2,0.005360960960388184,0.005123496055603027
898,pop56,2,0.0003796815872192383,8.344650268554688e-07
898,pop53,1,0.00025177001953125,0.0
899,pop50,3,0.004358530044555664,0.005322814029113851
899,pop14,3,0.009830077489217123,0.006658151602259024
899,pop24,5,0.003520345687866211,0.005981446022585904
899,pop53,1,0.0004715919494628906,0.0
899,pop1,1,0.00044465065002441406,0.0
899,pop15,1,0.0003829002380371094,0.0
900,pop55,3,0.007429361343383789,0.004853816925041235
900,pop52,2,0.0004355907440185547,8.344650268554688e-06
900,pop12,3,0.0005627473195393881,9.840158628330739e-05
900,pop53,1,0.0004992485046386719,0.0
900,pop51,1,0.00046634674072265625,0.0
900,pop19,1,0.00042724609375,0.0
900,pop18,1,0.00041985511779785156,0.0
901,pop31,2,0.006114840507507324,0.005536198616027832
901,pop17,4,0.0004902482032775879,5.7173594267294685e-05
901,pop50,1,0.00045180320739746094,0.0
901,pop14,1,0.0004353523254394531,0.0
901,pop24,1,0.0004322528839111328,0.0
902,pop38,3,0.009553035100301107,0.00635902463871971
902,pop18,1,0.00043964385986328125,0.0
902,pop19,1,0.0004475116729736328,0.0
902,pop51,1,0.0008649826049804688,0.0
903,pop4,2,0.00640869140625,0.005817890167236328
903,pop51,2,0.0005192756652832031,7.390975952148438e-05
903,pop10,3,0.0004936059315999349,4.42972623414354e-05
904,pop45,2,0.0066301822662353516,0.006051301956176758
904,pop44,1,0.0004124641418457031,0.0
904,pop50,3,0.0004055500030517578,0.00010471778986823953
904,pop17,3,0.005202770233154297,0.006628121311459282
904,pop14,3,0.0054225921630859375,0.007253598485975667
904,pop27,2,0.0003381967544555664,8.71419906616211e-05
904,pop25,2,0.00033676624298095703,8.928775787353516e-05
904,pop24,3,0.00030191739400227863,6.889604836580812e-05
904,pop51,1,0.0002651214599609375,0.0
904,pop19,1,0.0002570152282714844,0.0
904,pop20,1,0.00023651123046875,0.0
905,pop37,5,0.0025302410125732423,0.003934390060304496
905,pop33,1,0.00042319297790527344,0.0
905,pop50,1,0.0004801750183105469,0.0
905,pop51,1,0.0004668235778808594,0.0
905,pop19,1,0.0004582405090332031,0.0
905,pop18,1,0.0004363059997558594,0.0
906,pop48,5,0.002845573425292969,0.004663212866262564
906,pop52,1,0.00045752525329589844,0.0
906,pop53,1,0.00048828125,0.0
906,pop1,1,0.0004162788391113281,0.0
906,pop15,1,0.0004248619079589844,0.0
907,pop30,2,0.005835771560668945,0.005247354507446289
907,pop31,1,0.00044655799865722656,0.0
907,pop17,4,0.0004705190658569336,7.445944297222612e-05
907,pop50,1,0.00046944618225097656,0.0
907,pop53,1,0.0004210472106933594,0.0
907,pop7,1,0.0003802776336669922,0.0
908,pop50,4,0.0033634305000305176,0.0049127688992799705
908,pop17,2,0.007573843002319336,0.007155418395996094
908,pop14,2,0.0005750656127929688,3.6716461181640625e-05
908,pop51,1,0.0004744529724121094,0.0
909,pop41,3,0.004183053970336914,0.005197139125607842
909,pop40,3,0.000474850336710612,2.942278038371612e-05
909,pop53,1,0.0005121231079101562,0.0
909,pop52,1,0.00045800209045410156,0.0
910,pop52,3,0.004194577534993489,0.0052052160993523834
910,pop12,3,0.000482479731241862,8.394598956268132e-05
910,pop53,1,0.0004889965057373047,0.0
910,pop51,1,0.0004630088806152344,0.0
910,pop10,1,0.0004329681396484375,0.0
911,pop9,5,0.002813577651977539,0.004523378261381643
911,pop51,1,0.0006146430969238281,0.0
911,pop53,1,0.0004513263702392578,0.0
911,pop1,1,0.0004494190216064453,0.0
911,pop15,1,0.0003879070281982422,0.0
912,pop6,5,0.0028693675994873047,0.004704665080247997
912,pop1,1,0.0004425048828125,0.0
912,pop53,1,0.00045871734619140625,0.0
912,pop52,1,0.0004372596740722656,0.0
912,pop34,1,0.0003898143768310547,0.0
912,pop35,1,0.00040435791015625,0.0
913,pop38,2,0.0071076154708862305,0.006529688835144043
913,pop18,1,0.0004515647888183594,0.0
913,pop19,1,0.0004410743713378906,0.0
913,pop51,1,0.0005087852478027344,0.0
913,pop50,2,0.0005068778991699219,2.3603439331054688e-05
913,pop17,3,0.0004895528157552084,7.807042574369719e-05
913,pop53,1,0.0004744529724121094,0.0
913,pop7,1,0.0004241466522216797,0.0
914,pop45,2,0.006612062454223633,0.006031513214111328
914,pop44,2,0.0004227161407470703,6.4373016357421875e-06
914,pop50,2,0.0004794597625732422,4.76837158203125e-07
914,pop17,4,0.00046247243881225586,1.6554539572848042e-05
915,pop48,5,0.002909994125366211,0.004775058550809026
915,pop52,1,0.000461578369140625,0.0
915,pop53,1,0.00047397613525390625,0.0
915,pop1,1,0.0004200935363769531,0.0
915,pop15,1,0.0004076957702636719,0.0
916,pop30,2,0.006043791770935059,0.005463242530822754
916,pop31,1,0.00040793418884277344,0.0
916,pop17,4,0.00047451257705688477,4.952608003561692e-05
916,pop50,1,0.0005240440368652344,0.0
916,pop16,1,0.0003876686096191406,0.0
917,pop42,2,0.006400108337402344,0.0058155059814453125
917,pop43,1,0.0004239082336425781,0.0
917,pop51,2,0.0004642009735107422,8.58306884765625e-06
917,pop4,3,0.0005749861399332682,0.00012101495993716397
917,pop50,1,0.0004818439483642578,0.0
917,pop35,1,0.00041937828063964844,0.0
918,pop27,5,0.0032453536987304688,0.005419766200098377
918,pop25,1,0.0005023479461669922,0.0
918,pop17,1,0.0005335807800292969,0.0
918,pop50,1,0.0005605220794677734,0.0
918,pop51,1,0.00047850608825683594,0.0
918,pop19,1,0.0005085468292236328,0.0
918,pop18,1,0.0004932880401611328,0.0
919,pop47,2,0.0054798126220703125,0.004933357238769531
919,pop53,1,0.0004868507385253906,0.0
919,pop52,2,0.000532984733581543,5.352497100830078e-05
919,pop12,4,0.0004521012306213379,2.2723288788447548e-05
919,pop55,1,0.00022792816162109375,0.0
920,pop31,2,0.006133913993835449,0.0055435895919799805
920,pop17,1,0.015312910079956055,0.0
920,pop50,2,0.0003968477249145508,0.00012362003326416016
920,pop33,2,0.00043261051177978516,9.417533874511719e-06
920,pop32,4,0.00044339895248413086,6.245255673929914e-05
920,pop53,1,0.0005309581756591797,0.0
920,pop54,1,0.00023746490478515625,0.0
920,pop52,1,0.0003437995910644531,0.0
921,pop37,5,0.0024729251861572267,0.00402742079830043
921,pop52,1,0.00047326087951660156,0.0
922,pop50,3,0.004334608713785808,0.005365469279716453
922,pop17,4,0.0005192756652832031,4.8601438754952994e-05
922,pop16,1,0.00043201446533203125,0.0
923,pop41,2,0.00602877140045166,0.005442500114440918
923,pop53,3,0.004377444585164388,0.0055567547030933575
923,pop54,2,0.0005377531051635742,0.00012958049774169922
923,pop51,1,0.0004584789276123047,0.0
923,pop19,1,0.00045490264892578125,0.0
923,pop20,1,0.0004222393035888672,0.0
924,pop32,5,0.003071880340576172,0.00520002142991924
924,pop33,1,0.0004210472106933594,0.0
924,pop50,1,0.0004792213439941406,0.0
924,pop55,1,0.0004124641418457031,0.0
925,pop28,2,0.006187796592712402,0.005607962608337402
925,pop51,4,0.0004227161407470703,0.00010257943780655577
925,pop4,4,0.004146873950958252,0.006468746638920964
925,pop10,2,0.008123159408569336,0.007679939270019531
925,pop53,1,0.00026702880859375,0.0
925,pop52,1,0.0002574920654296875,0.0
926,pop36,2,0.006138324737548828,0.005567789077758789
926,pop51,3,0.00046634674072265625,1.937019514857573e-05
926,pop4,2,0.007670164108276367,0.00723576545715332
926,pop10,3,0.0005060036977132162,8.588196259022446e-05
926,pop50,1,0.0002892017364501953,0.0
926,pop55,1,0.00023508071899414062,0.0
927,pop18,2,0.007060408592224121,0.0064629316329956055
927,pop19,1,0.0004963874816894531,0.0
927,pop51,1,0.0004744529724121094,0.0
927,pop9,4,0.00047534704208374023,7.769361989313235e-05
928,pop38,2,0.007447719573974609,0.0068662166595458984
928,pop18,1,0.0004296302795410156,0.0
928,pop19,1,0.00044274330139160156,0.0
928,pop51,4,0.0003928542137145996,8.357283276871365e-05
928,pop9,1,0.015042543411254883,0.0
928,pop10,2,0.004904270172119141,0.004461526870727539
928,pop43,2,0.0002459287643432617,2.7418136596679688e-06
928,pop40,2,0.0002671480178833008,2.491474151611328e-05
929,pop45,2,0.006687521934509277,0.006113886833190918
929,pop44,2,0.0004134178161621094,7.152557373046875e-06
929,pop50,2,0.0005692243576049805,0.00031197071075439453
929,pop27,1,0.0004227161407470703,0.0
929,pop25,1,0.0004711151123046875,0.0
929,pop17,3,0.006758054097493489,0.008923784632779245
929,pop55,1,0.00866842269897461,0.0
929,pop52,2,0.00026404857635498047,2.7418136596679688e-06
929,pop48,3,0.00750422477722168,0.005143726052968017
929,pop56,1,0.011418819427490234,0.0
929,pop2,1,0.011989355087280273,0.0
929,pop49,3,0.00029667218526204425,8.712980433343152e-05
929,pop53,1,0.00027632713317871094,0.0
929,pop51,1,0.00039124488830566406,0.0
929,pop19,1,0.0005061626434326172,0.0
929,pop20,1,0.0004448890686035156,0.0
930,pop42,2,0.006421685218811035,0.0058640241622924805
930,pop43,2,0.00039899349212646484,1.7881393432617188e-06
930,pop40,4,0.0004763007164001465,6.184179377562369e-05
930,pop51,1,0.00045680999755859375,0.0
931,pop47,3,0.007343212763468425,0.0047930940698785885
931,pop53,2,0.00047278404235839844,5.4836273193359375e-06
931,pop54,3,0.0004967053731282552,0.00010343526263405871
931,pop50,1,0.0004813671112060547,0.0
931,pop14,1,0.00025153160095214844,0.0
931,pop24,1,0.00024628639221191406,0.0
932,pop39,2,0.006581664085388184,0.005970120429992676
932,pop44,1,0.014647483825683594,0.0
932,pop50,1,0.000518798828125,0.0
932,pop55,1,0.013192415237426758,0.0
932,pop52,3,0.0005209445953369141,5.86425702868977e-05
932,pop53,1,0.0002605915069580078,0.0
932,pop51,1,0.0002894401550292969,0.0
933,pop57,2,0.007051229476928711,0.006449699401855469
933,pop56,2,0.007642030715942383,0.00719761848449707
933,pop2,3,0.0004783471425374349,7.989675008613945e-05
933,pop49,1,0.0004489421844482422,0.0
933,pop48,1,0.0004444122314453125,0.0
933,pop52,1,0.0005829334259033203,0.0
933,pop53,1,0.0006380081176757812,0.0
933,pop1,1,0.0002536773681640625,0.0
933,pop6,1,0.0002295970916748047,0.0
934,pop46,2,0.006556868553161621,0.005957961082458496
934,pop45,1,0.0004177093505859375,0.0
934,pop44,1,0.014584064483642578,0.0
934,pop50,1,0.0004761219024658203,0.0
934,pop14,1,0.0169525146484375,0.0
934,pop24,4,0.00042945146560668945,9.611514645977991e-06
935,pop55,2,0.005765557289123535,0.005172610282897949
935,pop52,3,0.0004817644755045573,8.469652005634313e-05
935,pop53,1,0.0004622936248779297,0.0
935,pop1,1,0.00044989585876464844,0.0
935,pop15,1,0.0004367828369140625,0.0
936,pop31,2,0.006240248680114746,0.005640625953674316
936,pop17,4,0.0005015730857849121,0.00010095181164164065
936,pop50,1,0.0004944801330566406,0.0
936,pop35,1,0.0002288818359375,0.0
937,pop50,3,0.004391670227050781,0.005406977051954144
937,pop17,4,0.0004887580871582031,7.573252734411573e-05
937,pop53,1,0.0004646778106689453,0.0
937,pop1,1,0.0004329681396484375,0.0
937,pop15,1,0.00040221214294433594,0.0
938,pop28,2,0.006106972694396973,0.00552523136138916
938,pop51,1,0.0004715919494628906,0.0
938,pop53,3,0.0005759398142496744,0.00011842234797123727
938,pop50,1,0.0004658699035644531,0.0
938,pop55,1,0.0003886222839355469,0.0
939,pop10,2,0.0064907073974609375,0.005928754806518555
939,pop51,2,0.0003548860549926758,9.739398956298828e-05
939,pop9,4,0.0004838109016418457,9.755244768037674e-05
939,pop47,1,0.00024271011352539062,0.0
940,pop4,4,0.006751716136932373,0.006271019297530537
940,pop51,1,0.0005033016204833984,0.0
940,pop10,2,0.00045990943908691406,3.361701965332031e-05
941,pop46,2,0.006514072418212891,0.005929708480834961
941,pop45,1,0.00046825408935546875,0.0
941,pop44,1,0.01350092887878418,0.0
941,pop50,3,0.00046515464782714844,5.736960735139607e-05
941,pop14,3,0.015462001164754232,0.012120599689187744
941,pop27,1,0.00042891502380371094,0.0
941,pop25,1,0.00043964385986328125,0.0
941,pop17,1,0.0008528232574462891,0.0
941,pop31,1,0.0002429485321044922,0.0
941,pop30,1,0.00035762786865234375,0.0
941,pop48,1,0.0002677440643310547,0.0
941,pop52,1,0.0003535747528076172,0.0
941,pop53,1,0.0002701282501220703,0.0
941,pop16,1,0.0002541542053222656,0.0
941,pop23,3,0.019204060236612957,0.00791681719192279
941,pop21,1,0.014295816421508789,0.0
941,pop24,6,0.0028891563415527344,0.005355489097427328
941,pop51,1,0.000560760498046875,0.0
941,pop19,1,0.0005233287811279297,0.0
941,pop20,1,0.00047135353088378906,0.0
942,pop28,2,0.006155729293823242,0.005575418472290039
942,pop51,2,0.00037086009979248047,0.00011718273162841797
942,pop9,4,0.00042247772216796875,0.00011198353405751734
943,pop16,3,0.004594723383585612,0.005681634052523412
943,pop23,2,0.0004336833953857422,7.152557373046875e-06
943,pop21,4,0.0004899501800537109,8.023413977844162e-05
943,pop50,1,0.00047707557678222656,0.0
943,pop51,1,0.0004801750183105469,0.0
944,pop44,5,0.0028873443603515624,0.004759763793732082
944,pop50,1,0.0004820823669433594,0.0
944,pop53,1,0.0004999637603759766,0.0
944,pop52,1,0.0004508495330810547,0.0
945,pop52,5,0.0027023792266845704,0.004354496720123262
945,pop53,1,0.0004668235778808594,0.0
945,pop50,1,0.0005013942718505859,0.0
945,pop44,1,0.00041937828063964844,0.0
946,pop6,2,0.006539583206176758,0.00594639778137207
946,pop1,1,0.000492095947265625,0.0
946,pop53,1,0.00045990943908691406,0.0
946,pop52,2,0.007294178009033203,0.00687718391418457
946,pop12,3,0.0005344549814860026,0.00017031324947501886
947,pop48,5,0.002950572967529297,0.004833968058012808
947,pop52,1,0.00045013427734375,0.0
947,pop53,1,0.0004925727844238281,0.0
947,pop50,1,0.0004591941833496094,0.0
947,pop14,1,0.0004532337188720703,0.0
947,pop24,1,0.0004239082336425781,0.0
948,pop30,2,0.006107211112976074,0.005507826805114746
948,pop31,1,0.0004246234893798828,0.0
948,pop17,4,0.000494837760925293,6.631069638544817e-05
948,pop50,1,0.0005064010620117188,0.0
948,pop14,1,0.0004444122314453125,0.0
948,pop24,1,0.0002357959747314453,0.0
949,pop50,3,0.004383007685343425,0.005426175749797325
949,pop17,4,0.0004935264587402344,9.674419592765564e-05
949,pop35,1,0.00039267539978027344,0.0
950,pop24,3,0.0051784515380859375,0.006602744699021036
950,pop14,2,0.00042879581451416016,2.0265579223632812e-06
950,pop50,6,0.0004736979802449544,0.00012730416658236272
950,pop17,4,0.0071489810943603516,0.0066989240372240695
950,pop33,2,0.0006924867630004883,0.00010192394256591797
950,pop32,2,0.009003758430480957,0.008546710014343262
950,pop37,1,0.0002512931823730469,0.0
950,pop52,1,0.0002579689025878906,0.0
950,pop53,1,0.0002875328063964844,0.0
950,pop25,1,0.00024771690368652344,0.0
950,pop27,1,0.00024890899658203125,0.0
950,pop44,1,0.00025463104248046875,0.0
950,pop55,2,0.012235045433044434,0.011777520179748535
951,pop27,5,0.003305339813232422,0.005509298599967151
951,pop25,1,0.0004184246063232422,0.0
951,pop17,1,0.0004138946533203125,0.0
951,pop50,1,0.0004341602325439453,0.0
951,pop35,1,0.0002307891845703125,0.0
952,pop41,2,0.006197333335876465,0.005606293678283691
952,pop53,2,0.0064247846603393555,0.005974888801574707
952,pop54,1,0.012286186218261719,0.0
952,pop52,2,0.007109642028808594,0.006677389144897461
952,pop12,4,0.0005037188529968262,8.281818196944348e-05
952,pop50,1,0.0002841949462890625,0.0
952,pop44,1,0.0002410411834716797,0.0
953,pop4,4,0.003457486629486084,0.0050574130225634105
953,pop51,1,0.0004563331604003906,0.0
953,pop53,1,0.0004918575286865234,0.0
953,pop7,1,0.00041413307189941406,0.0
954,pop22,5,0.0028412342071533203,0.0046481252002627035
954,pop51,1,0.0004553794860839844,0.0
954,pop53,1,0.0004687309265136719,0.0
954,pop1,1,0.0004203319549560547,0.0
954,pop6,1,0.00024175643920898438,0.0
955,pop40,2,0.006189942359924316,0.005619168281555176
955,pop41,1,0.0005886554718017578,0.0
955,pop53,2,0.00044357776641845703,8.225440979003906e-06
955,pop52,3,0.0005513032277425131,8.751084217890823e-05
955,pop50,1,0.0004780292510986328,0.0
955,pop44,1,0.00043964385986328125,0.0
956,pop14,5,0.0031530380249023436,0.005331318288838816
956,pop50,1,0.0004918575286865234,0.0
956,pop44,1,0.00041961669921875,0.0
957,pop33,3,0.00478355089823405,0.006035151426974499
957,pop32,4,0.00044906139373779297,3.764768275379113e-05
957,pop50,1,0.0005979537963867188,0.0
957,pop55,1,0.0004227161407470703,0.0
958,pop56,4,0.011146247386932373,0.00615153367538347
958,pop2,4,0.004249870777130127,0.006498076437150046
958,pop49,1,0.0004343986511230469,0.0
958,pop48,1,0.0005588531494140625,0.0
958,pop52,1,0.0002503395080566406,0.0
958,pop53,1,0.0003533363342285156,0.0
958,pop50,1,0.00026726722717285156,0.0
958,pop16,1,0.0002548694610595703,0.0
959,pop21,2,0.007954597473144531,0.007382392883300781
959,pop23,1,0.0004372596740722656,0.0
959,pop24,4,0.0004429817199707031,3.7679942580720605e-05
959,pop14,1,0.0004725456237792969,0.0
959,pop50,1,0.00043582916259765625,0.0
959,pop55,1,0.0004036426544189453,0.0
960,pop53,4,0.00340425968170166,0.004763132854970997
960,pop51,1,0.00046515464782714844,0.0
960,pop19,1,0.00044083595275878906,0.0
960,pop20,1,0.0004012584686279297,0.0
961,pop32,2,0.007314085960388184,0.00672757625579834
961,pop33,1,0.0004448890686035156,0.0
961,pop37,3,0.00047318140665690106,4.4816492431901095e-05
961,pop52,1,0.00025010108947753906,0.0
961,pop55,1,0.000244140625,0.0
962,pop18,3,0.004978259404500325,0.006309674402191583
962,pop38,3,0.0005132357279459635,9.0601221136899e-05
962,pop19,1,0.0004906654357910156,0.0
962,pop51,1,0.0004932880401611328,0.0
962,pop50,1,0.00049591064453125,0.0
962,pop16,1,0.00041174888610839844,0.0
963,pop47,5,0.002605724334716797,0.004273841941254789
963,pop51,1,0.00046944618225097656,0.0
963,pop10,1,0.0004372596740722656,0.0
964,pop44,2,0.00663912296295166,0.006047368049621582
964,pop50,1,0.0006418228149414062,0.0
964,pop55,1,0.012081623077392578,0.0
964,pop52,2,0.007028341293334961,0.0065844058990478516
964,pop12,3,0.0005337397257486979,0.00011274793066737953
964,pop53,1,0.0004889965057373047,0.0
964,pop51,1,0.0003590583801269531,0.0
964,pop19,1,0.0002551078796386719,0.0
964,pop18,1,0.0002281665802001953,0.0
965,pop30,2,0.006191253662109375,0.005607128143310547
965,pop48,1,0.000453948974609375,0.0
965,pop52,3,0.0005555947621663412,8.95117745863066e-05
965,pop53,1,0.0004734992980957031,0.0
965,pop50,1,0.000469207763671875,0.0
965,pop16,1,0.0002391338348388672,0.0
966,pop50,3,0.004598299662272136,0.0057248774791958616
966,pop55,4,0.0004852414131164551,8.932529136137725e-05
966,pop51,1,0.0004875659942626953,0.0
966,pop19,1,0.0004508495330810547,0.0
966,pop18,1,0.0004253387451171875,0.0
967,pop41,2,0.006407022476196289,0.005824089050292969
967,pop53,2,0.0005086660385131836,1.4901161193847656e-05
967,pop52,2,0.0073462724685668945,0.00675809383392334
967,pop54,2,0.007046222686767578,0.0066072940826416016
967,pop50,2,0.0005860328674316406,0.0003135204315185547
967,pop44,1,0.00043010711669921875,0.0
967,pop27,1,0.000354766845703125,0.0
967,pop25,1,0.0002529621124267578,0.0
967,pop17,2,0.0003420114517211914,7.450580596923828e-05
967,pop51,1,0.0002734661102294922,0.0
967,pop19,1,0.0002543926239013672,0.0
967,pop20,1,0.00023818016052246094,0.0
968,pop23,3,0.005208810170491536,0.006620933114286168
968,pop24,3,0.0005126794179280599,0.00011719953991642483
968,pop16,1,0.0004291534423828125,0.0
968,pop50,1,0.0004699230194091797,0.0
968,pop55,1,0.00040411949157714844,0.0
969,pop8,2,0.006659269332885742,0.006113529205322266
969,pop51,2,0.0003616809844970703,0.00010275840759277344
969,pop9,3,0.00047961870829264325,7.875860638947672e-05
969,pop53,1,0.0002627372741699219,0.0
969,pop52,1,0.0002493858337402344,0.0
970,pop39,2,0.006726384162902832,0.00613248348236084
970,pop38,2,0.008266210556030273,0.007846593856811523
970,pop18,1,0.0004436969757080078,0.0
970,pop19,1,0.0004754066467285156,0.0
970,pop51,3,0.0004096031188964844,9.158646273543294e-05
970,pop4,1,0.015485286712646484,0.0
970,pop50,3,0.00043837229410807293,0.00011523361861976697
970,pop17,3,0.009933153788248697,0.007369453370480255
970,pop25,2,0.00033462047576904297,9.119510650634766e-05
970,pop27,1,0.010886430740356445,0.0
970,pop33,2,0.00026607513427734375,1.1205673217773438e-05
970,pop32,2,0.00036978721618652344,3.337860107421875e-05
970,pop53,1,0.00029754638671875,0.0
970,pop1,1,0.00026869773864746094,0.0
970,pop6,1,0.0002980232238769531,0.0
971,pop57,2,0.007545590400695801,0.006965756416320801
971,pop56,4,0.0004907846450805664,8.2355330240791e-05
971,pop48,1,0.0004363059997558594,0.0
971,pop52,1,0.0004496574401855469,0.0
971,pop53,1,0.00043582916259765625,0.0
971,pop50,1,0.0004885196685791016,0.0
971,pop14,1,0.00048065185546875,0.0
971,pop24,1,0.00023889541625976562,0.0
972,pop27,2,0.007746338844299316,0.007148146629333496
972,pop25,1,0.00044536590576171875,0.0
972,pop17,1,0.0004496574401855469,0.0
972,pop50,1,0.0005156993865966797,0.0
972,pop55,1,0.013104677200317383,0.0
972,pop52,4,0.004135012626647949,0.00657420456303468
972,pop13,2,0.008201837539672852,0.007786273956298828
972,pop34,1,0.00024819374084472656,0.0
972,pop35,1,0.00023293495178222656,0.0
973,pop56,2,0.007303595542907715,0.006690382957458496
973,pop48,3,0.00044767061869303387,9.47761751026779e-06
973,pop52,1,0.0004398822784423828,0.0
974,pop53,2,0.006191372871398926,0.0055762529373168945
974,pop54,4,0.0005043148994445801,7.856740077285357e-05
974,pop52,1,0.0004012584686279297,0.0
974,pop34,1,0.0005648136138916016,0.0
974,pop35,1,0.0003974437713623047,0.0
975,pop47,5,0.0025539398193359375,0.004149601081450582
975,pop51,1,0.0004801750183105469,0.0
975,pop10,1,0.00043272972106933594,0.0
976,pop41,2,0.006441473960876465,0.005859971046447754
976,pop53,2,0.0004546642303466797,4.76837158203125e-07
976,pop54,1,0.012403249740600586,0.0
976,pop52,3,0.0004849433898925781,6.535191988524859e-05
976,pop51,1,0.0006000995635986328,0.0
977,pop46,2,0.0068253278732299805,0.006221413612365723
977,pop20,4,0.00047135353088378906,7.89530963346173e-05
977,pop19,1,0.0004146099090576172,0.0
977,pop51,1,0.0004754066467285156,0.0
977,pop50,1,0.0004913806915283203,0.0
977,pop14,1,0.00043201446533203125,0.0
977,pop24,1,0.0006005764007568359,0.0
978,pop33,3,0.004918734232584636,0.006229538294342856
978,pop32,4,0.0004558563232421875,4.1252959840044215e-05
978,pop50,1,0.0005276203155517578,0.0
978,pop51,1,0.0004792213439941406,0.0
979,pop21,5,0.003543567657470703,0.006089583513564834
979,pop23,1,0.0004184246063232422,0.0
979,pop16,1,0.0004100799560546875,0.0
979,pop50,1,0.0005037784576416016,0.0
979,pop53,1,0.00043511390686035156,0.0
979,pop7,1,0.0004191398620605469,0.0
980,pop18,3,0.005003690719604492,0.0063716797116907375
980,pop38,2,0.008225560188293457,0.007676243782043457
980,pop19,2,0.00045239925384521484,2.1576881408691406e-05
980,pop20,3,0.0005180835723876953,0.00011363607419399145
980,pop51,1,0.00027060508728027344,0.0
980,pop47,1,0.00023698806762695312,0.0
981,pop30,2,0.006344199180603027,0.0057610273361206055
981,pop48,2,0.00033414363861083984,9.143352508544922e-05
981,pop49,3,0.009218692779541016,0.006808671393172464
981,pop2,2,0.005416750907897949,0.00501406192779541
981,pop56,1,0.01840972900390625,0.0
981,pop52,2,0.0002537965774536133,5.960464477539062e-07
981,pop12,3,0.00030223528544108075,5.705343258311605e-05
982,pop8,2,0.006619453430175781,0.006054401397705078
982,pop51,2,0.0004698038101196289,1.7881393432617188e-06
982,pop10,2,0.007483720779418945,0.006900310516357422
982,pop43,1,0.0004093647003173828,0.0
982,pop40,1,0.014657735824584961,0.0
982,pop41,1,0.0004401206970214844,0.0
982,pop53,2,0.0004292726516723633,5.7578086853027344e-05
982,pop50,2,0.0005584955215454102,0.00029790401458740234
982,pop44,1,0.00043272972106933594,0.0
982,pop27,1,0.00024437904357910156,0.0
982,pop25,1,0.0002396106719970703,0.0
982,pop17,3,0.0003376007080078125,0.00011262243609035127
982,pop1,1,0.0002524852752685547,0.0
982,pop6,1,0.00023603439331054688,0.0
983,pop39,2,0.006888747215270996,0.006309151649475098
983,pop38,3,0.0004736582438151042,8.440384374916262e-05
983,pop18,1,0.00041294097900390625,0.0
983,pop19,1,0.000438690185546875,0.0
983,pop51,1,0.0004899501800537109,0.0
983,pop53,1,0.0006132125854492188,0.0
983,pop7,1,0.000396728515625,0.0
984,pop53,5,0.0028943538665771483,0.0046179334908926254
984,pop54,1,0.012303590774536133,0.0
984,pop50,1,0.0004699230194091797,0.0
984,pop44,1,0.0004401206970214844,0.0
985,pop47,2,0.005882740020751953,0.0053060054779052734
985,pop51,2,0.0003572702407836914,0.00010144710540771484
985,pop9,4,0.0003552436828613281,8.612440108365658e-05
985,pop10,1,0.00023818016052246094,0.0
986,pop9,4,0.0035938620567321777,0.005211562111434961
986,pop51,1,0.0005044937133789062,0.0
986,pop50,1,0.0004951953887939453,0.0
986,pop44,1,0.0004150867462158203,0.0
987,pop23,2,0.007732987403869629,0.007118105888366699
987,pop24,1,0.015975236892700195,0.0
987,pop14,1,0.0005898475646972656,0.0
987,pop50,3,0.0005109310150146484,0.00021928608487635496
987,pop17,1,0.015750408172607422,0.0
987,pop32,3,0.0004514058430989583,9.997186663471089e-05
987,pop33,1,0.0002722740173339844,0.0
987,pop53,1,0.00037860870361328125,0.0
987,pop7,1,0.0002677440643310547,0.0
988,pop56,4,0.003957509994506836,0.005922618958979402
988,pop48,1,0.0004172325134277344,0.0
988,pop52,1,0.00045609474182128906,0.0
988,pop53,1,0.0004703998565673828,0.0
988,pop51,1,0.00047087669372558594,0.0
989,pop33,3,0.004922787348429362,0.006228791632448209
989,pop32,4,0.0004916787147521973,7.367314931353702e-05
989,pop50,1,0.00046133995056152344,0.0
989,pop53,1,0.00046944618225097656,0.0
989,pop7,1,0.00038743019104003906,0.0
990,pop21,2,0.008063077926635742,0.007459878921508789
990,pop22,4,0.000496208667755127,0.00011495934410011225
990,pop51,1,0.0002739429473876953,0.0
990,pop50,1,0.00029087066650390625,0.0
990,pop35,1,0.00024366378784179688,0.0
991,pop39,2,0.0069735050201416016,0.0063703060150146484
991,pop38,1,0.017057418823242188,0.0
991,pop18,1,0.0004181861877441406,0.0
991,pop19,1,0.0004398822784423828,0.0
991,pop20,2,0.008431077003479004,0.00787365436553955
991,pop46,1,0.0004222393035888672,0.0
991,pop45,1,0.000423431396484375,0.0
991,pop44,3,0.00038933753967285156,0.0001060731376837849
991,pop50,1,0.0002655982971191406,0.0
991,pop53,1,0.0002980232238769531,0.0
991,pop47,1,0.00032591819763183594,0.0
992,pop37,5,0.0027016639709472657,0.004274384799327044
992,pop52,1,0.0004324913024902344,0.0
992,pop53,1,0.0002856254577636719,0.0
992,pop1,1,0.0003440380096435547,0.0
992,pop6,1,0.00023174285888671875,0.0
993,pop18,3,0.005052248636881511,0.006424519524025319
993,pop38,4,0.000555872917175293,8.093538233391196e-05
993,pop19,1,0.00042176246643066406,0.0
993,pop51,1,0.0004665851593017578,0.0
993,pop53,1,0.00046706199645996094,0.0
993,pop1,1,0.0002532005310058594,0.0
993,pop6,1,0.00022673606872558594,0.0
994,pop53,2,0.006178379058837891,0.0055806636810302734
994,pop52,2,0.00726008415222168,0.006774187088012695
994,pop55,2,0.007119536399841309,0.006683230400085449
994,pop50,2,0.00038909912109375,0.00012803077697753906
994,pop17,2,0.0005060434341430664,6.92605972290039e-05
994,pop14,1,0.0002493858337402344,0.0
994,pop24,1,0.0002803802490234375,0.0
995,pop47,4,0.003239572048187256,0.004678634888198775
995,pop53,1,0.00045299530029296875,0.0
995,pop50,1,0.00046825408935546875,0.0
995,pop16,1,0.00042700767517089844,0.0
996,pop36,2,0.006521821022033691,0.00592958927154541
996,pop51,2,0.00037598609924316406,0.00010967254638671875
996,pop9,4,0.000314176082611084,7.562067850295812e-05
996,pop53,1,0.0002779960632324219,0.0
996,pop1,1,0.0002586841583251953,0.0
996,pop15,1,0.00022912025451660156,0.0
997,pop38,2,0.007721304893493652,0.007119536399841309
997,pop18,1,0.00045108795166015625,0.0
997,pop19,1,0.0004527568817138672,0.0
997,pop20,1,0.015267133712768555,0.0
997,pop46,1,0.0004200935363769531,0.0
997,pop45,1,0.0004439353942871094,0.0
997,pop44,3,0.000467379887898763,5.608137927892637e-05
997,pop50,1,0.0003037452697753906,0.0
997,pop14,1,0.00025773048400878906,0.0
997,pop24,1,0.0002353191375732422,0.0
998,pop45,2,0.007382512092590332,0.006800055503845215
998,pop46,1,0.00042629241943359375,0.0
998,pop20,4,0.00045794248580932617,6.927800965029387e-05
998,pop19,1,0.00044035911560058594,0.0
998,pop51,1,0.0004677772521972656,0.0
998,pop50,1,0.0003757476806640625,0.0
998,pop16,1,0.0003380775451660156,0.0
999,pop42,2,0.006886124610900879,0.006282687187194824
999,pop43,1,0.00041937828063964844,0.0
999,pop40,3,0.0005609989166259766,9.24689177609453e-05
999,pop41,1,0.0003895759582519531,0.0
999,pop53,1,0.0004608631134033203,0.0
999,pop50,1,0.0004684925079345703,0.0
999,pop14,1,0.00041031837463378906,0.0
999,pop24,1,0.000583648681640625,0.0
1000,pop22,5,0.002826881408691406,0.004675221732972777
1000,pop51,1,0.0004703998565673828,0.0
1000,pop10,1,0.0004315376281738281,0.0
1001,pop9,5,0.002925872802734375,0.004842006371737835
1001,pop51,1,0.0004718303680419922,0.0
1001,pop19,1,0.0004832744598388672,0.0
1001,pop18,1,0.0004646778106689453,0.0
1002,pop56,2,0.007549643516540527,0.006960034370422363
1002,pop2,1,0.015543937683105469,0.0
1002,pop49,4,0.0004559159278869629,5.3215265861012104e-05
1002,pop48,1,0.0004322528839111328,0.0
1002,pop52,1,0.0004227161407470703,0.0
1002,pop53,1,0.00046324729919433594,0.0
1002,pop51,1,0.000255584716796875,0.0
1003,pop39,2,0.0070275068283081055,0.006446242332458496
1003,pop44,2,0.00032913684844970703,8.308887481689453e-05
1003,pop50,2,0.00044977664947509766,6.449222564697266e-05
1003,pop33,3,0.00040260950724283856,6.42476017907851e-05
1003,pop32,3,0.00676576296488444,0.009092605362275383
1003,pop37,3,0.00028514862060546875,3.914278365132223e-05
1004,pop55,2,0.006029367446899414,0.005408287048339844
1004,pop52,4,0.003839433193206787,0.005998583397035451
1004,pop54,1,0.013771772384643555,0.0
1004,pop12,2,0.0004930496215820312,6.508827209472656e-05
1004,pop53,1,0.00025343894958496094,0.0
1004,pop7,1,0.0003256797790527344,0.0
1005,pop31,2,0.0066879987716674805,0.006086468696594238
1005,pop17,3,0.00048049290974934894,2.479655108844638e-05
1005,pop50,1,0.0004677772521972656,0.0
1005,pop44,1,0.0004215240478515625,0.0
1006,pop37,5,0.0027224540710449217,0.004428552085048548
1006,pop52,1,0.0005154609680175781,0.0
1006,pop55,1,0.0004374980926513672,0.0
1007,pop38,2,0.007700920104980469,0.007104158401489258
1007,pop18,1,0.00041174888610839844,0.0
1007,pop19,2,0.0004361867904663086,4.172325134277344e-06
1007,pop51,5,0.00042514801025390626,9.427872547932698e-05
1007,pop43,3,0.0004105567932128906,0.00013593846009526757
1007,pop40,2,0.012268900871276855,0.0027228593826293945
1007,pop10,1,0.01661372184753418,0.0
1007,pop4,1,0.009531974792480469,0.0
1007,pop41,1,0.00024199485778808594,0.0
1007,pop53,1,0.00025391578674316406,0.0
1007,pop50,3,0.00045069058736165363,0.00012835725513469273
1007,pop14,1,0.0002396106719970703,0.0
1007,pop27,1,0.0003376007080078125,0.0
1007,pop44,1,0.00025343894958496094,0.0
1007,pop17,3,0.0004968643188476562,0.00018330414659224606
1007,pop20,1,0.00045609474182128906,0.0
1008,pop45,2,0.007186770439147949,0.006592869758605957
1008,pop44,1,0.0004417896270751953,0.0
1008,pop50,3,0.0004947185516357422,0.00021214707919942223
1008,pop17,1,0.015873432159423828,0.0
1008,pop32,4,0.0003750920295715332,6.913817640771344e-05
1008,pop33,1,0.000247955322265625,0.0
1008,pop53,1,0.0002751350402832031,0.0
1008,pop1,1,0.0002503395080566406,0.0
1008,pop15,1,0.00026702880859375,0.0
1009,pop56,5,0.0032761096954345703,0.005507407508025929
1009,pop48,1,0.0004279613494873047,0.0
1009,pop52,1,0.0004341602325439453,0.0
1009,pop53,1,0.00047278404235839844,0.0
1009,pop1,1,0.00040912628173828125,0.0
1009,pop6,1,0.00023889541625976562,0.0
1010,pop10,5,0.0030469894409179688,0.005067362800575038
1011,pop28,2,0.00661468505859375,0.006035327911376953
1011,pop51,1,0.0006110668182373047,0.0
1011,pop43,1,0.0004508495330810547,0.0
1011,pop40,1,0.015169620513916016,0.0
1011,pop41,1,0.0004296302795410156,0.0
1011,pop53,3,0.00039641062418619793,0.00013671267727237286
1011,pop1,1,0.00025010108947753906,0.0
1011,pop15,1,0.0003418922424316406,0.0
1012,pop30,2,0.006569504737854004,0.0059784650802612305
1012,pop31,1,0.0004513263702392578,0.0
1012,pop17,3,0.006521542867024739,0.008580218736723287
1012,pop50,2,0.0003979206085205078,0.00011014938354492188
1012,pop14,2,0.00957942008972168,0.009334802627563477
1012,pop24,2,0.00029671192169189453,4.7087669372558594e-05
1012,pop53,1,0.0002713203430175781,0.0
1012,pop7,1,0.00025177001953125,0.0
1013,pop8,2,0.006837010383605957,0.0062721967697143555
1013,pop51,2,0.00046372413635253906,3.814697265625e-06
1013,pop43,1,0.0004203319549560547,0.0
1013,pop40,1,0.013839483261108398,0.0
1013,pop41,1,0.000415802001953125,0.0
1013,pop53,3,0.0005317529042561849,0.00010609248746311883
1013,pop19,1,0.00025010108947753906,0.0
1013,pop20,1,0.00024509429931640625,0.0
1014,pop38,2,0.008023619651794434,0.007402777671813965
1014,pop39,1,0.0005247592926025391,0.0
1014,pop44,2,0.00859677791595459,0.008159041404724121
1014,pop50,2,0.0003838539123535156,0.00011110305786132812
1014,pop33,2,0.00039708614349365234,5.996227264404297e-05
1014,pop32,3,0.0003075599670410156,7.797514773184031e-05
1014,pop35,1,0.00023412704467773438,0.0
1015,pop56,2,0.007410764694213867,0.006819486618041992
1015,pop2,1,0.015827417373657227,0.0
1015,pop49,1,0.0004374980926513672,0.0
1015,pop48,1,0.0005567073822021484,0.0
1015,pop52,2,0.000347137451171875,0.00010561943054199219
1015,pop12,3,0.0005064010620117188,0.0001260746685545798
1015,pop53,1,0.0002601146697998047,0.0
1015,pop51,1,0.00025725364685058594,0.0
1015,pop19,1,0.0002484321594238281,0.0
1015,pop18,1,0.00031828880310058594,0.0
1016,pop16,3,0.0049025217692057295,0.006207189723538164
1016,pop23,2,0.0004565715789794922,9.5367431640625e-06
1016,pop21,1,0.017600536346435547,0.0
1016,pop50,2,0.00043404102325439453,0.0001722574234008789
1016,pop33,2,0.0003515481948852539,0.00010454654693603516
1016,pop32,4,0.00041687488555908203,0.0001247210065263769
1016,pop51,1,0.00027370452880859375,0.0
1016,pop19,1,0.0002567768096923828,0.0
1016,pop18,1,0.000232696533203125,0.0
1017,pop52,4,0.006907403469085693,0.006320039470197514
1017,pop12,2,0.0005586147308349609,0.0001227855682373047
1017,pop53,1,0.00043702125549316406,0.0
1017,pop47,1,0.00023293495178222656,0.0
1018,pop6,5,0.003222084045410156,0.005502468186854801
1018,pop1,1,0.000438690185546875,0.0
1018,pop15,1,0.00040650367736816406,0.0
1019,pop48,2,0.00736546516418457,0.006766796112060547
1019,pop52,4,0.0038205385208129883,0.005962543450423792
1019,pop54,1,0.013889312744140625,0.0
1019,pop12,2,0.0005408525466918945,0.00010597705841064453
1019,pop53,1,0.0002701282501220703,0.0
1019,pop51,1,0.00026869773864746094,0.0
1019,pop10,1,0.0002319812774658203,0.0
1020,pop21,3,0.011318047841389975,0.007602683401870262
1020,pop23,1,0.0004489421844482422,0.0
1020,pop24,4,0.0004945993423461914,8.478345362172081e-05
1020,pop14,2,0.008657097816467285,0.008234858512878418
1020,pop50,1,0.0002846717834472656,0.0
1020,pop35,1,0.00022745132446289062,0.0
1021,pop31,2,0.0067899227142333984,0.006205320358276367
1021,pop30,1,0.0004525184631347656,0.0
1021,pop48,2,0.00033533573150634766,8.094310760498047e-05
1021,pop56,1,0.01795029640197754,0.0
1021,pop2,4,0.00035941600799560547,0.00011576793359710134
1021,pop49,1,0.00023221969604492188,0.0
1021,pop52,1,0.0002579689025878906,0.0
1021,pop53,1,0.0002684593200683594,0.0
1021,pop50,1,0.0002694129943847656,0.0
1021,pop14,1,0.00024509429931640625,0.0
1021,pop24,1,0.00025343894958496094,0.0
1022,pop38,2,0.007977962493896484,0.0073871612548828125
1022,pop39,1,0.0004372596740722656,0.0
1022,pop44,3,0.009360710779825846,0.006736028480723766
1022,pop50,6,0.0003377199172973633,8.026858170212502e-05
1022,pop17,4,0.0078102946281433105,0.007926801995289034
1022,pop55,2,0.004521727561950684,0.004282593727111816
1022,pop53,1,0.0002808570861816406,0.0
1022,pop7,1,0.00022149085998535156,0.0
1023,pop24,5,0.003619384765625,0.006175650344540565
1023,pop14,1,0.00046324729919433594,0.0
1023,pop50,1,0.0005047321319580078,0.0
1023,pop51,1,0.00044918060302734375,0.0
1023,pop19,1,0.00044536590576171875,0.0
1023,pop18,1,0.00033593177795410156,0.0
1024,pop4,3,0.009754419326782227,0.006485367958268335
1024,pop51,1,0.000484466552734375,0.0
1024,pop10,2,0.0004175901412963867,2.7060508728027344e-05
1025,pop47,5,0.0027114391326904298,0.004466074949716901
1025,pop51,1,0.0002830028533935547,0.0
1026,pop16,2,0.007291316986083984,0.006696939468383789
1026,pop23,1,0.0004506111145019531,0.0
1026,pop24,4,0.0004982352256774902,6.356245019964536e-05
1026,pop14,1,0.00042939186096191406,0.0
1026,pop50,1,0.00047707557678222656,0.0
1026,pop44,1,0.0004324913024902344,0.0
1027,pop6,2,0.007458209991455078,0.0068781375885009766
1027,pop1,1,0.0004620552062988281,0.0
1027,pop53,2,0.00044405460357666016,1.3947486877441406e-05
1027,pop52,4,0.0005104541778564453,6.420214368355002e-05
1027,pop7,1,0.0002307891845703125,0.0
1028,pop38,3,0.010938326517740885,0.007349100572407721
1028,pop39,1,0.0004303455352783203,0.0
1028,pop44,2,0.013698577880859375,0.003598451614379883
1028,pop45,2,0.00032460689544677734,8.07046890258789e-05
1028,pop46,2,0.00033342838287353516,7.95125961303711e-05
1028,pop20,1,0.009860515594482422,0.0
1028,pop50,3,0.00027378400166829425,1.810551519937643e-05
1028,pop17,1,0.011455535888671875,0.0
1028,pop55,2,0.009907960891723633,0.00032973289489746094
1028,pop52,3,0.004082918167114258,0.004870109173175616
1028,pop53,2,0.0004203319549560547,0.00011801719665527344
1028,pop12,3,0.0004353523254394531,0.00018785326501325576
1028,pop54,1,0.00045037269592285156,0.0
1028,pop47,1,0.0004608631134033203,0.0
1029,pop40,3,0.007482290267944336,0.0050789890417548235
1029,pop41,3,0.0003523826599121094,0.00014945415902586773
1029,pop53,3,0.00035961469014485675,7.665131568700645e-05
1029,pop1,2,0.0005172491073608398,7.927417755126953e-05
1029,pop6,3,0.006211598714192708,0.0081850314928397
1029,pop50,2,0.0002695322036743164,1.1920928955078125e-07
1029,pop17,1,0.011464118957519531,0.0
1029,pop44,1,0.011147022247314453,0.0
1029,pop45,1,0.00024962425231933594,0.0
1029,pop46,1,0.00024628639221191406,0.0
1029,pop20,2,0.006140708923339844,0.00573277473449707
1029,pop19,2,0.0004884004592895508,0.00013315677642822266
1029,pop18,2,0.00024831295013427734,5.841255187988281e-06
1029,pop38,2,0.00026798248291015625,2.1219253540039062e-05
1030,pop14,3,0.005293846130371094,0.006765353369887741
1030,pop24,4,0.0004863142967224121,6.770465861737621e-05
1030,pop50,1,0.0004885196685791016,0.0
1030,pop53,1,0.000457763671875,0.0
1030,pop52,1,0.00023865699768066406,0.0
1031,pop32,5,0.0035189151763916015,0.0060466860500423885
1031,pop33,1,0.00043272972106933594,0.0
1031,pop50,1,0.0004608631134033203,0.0
1031,pop14,1,0.0004563331604003906,0.0
1031,pop24,1,0.00039958953857421875,0.0
1032,pop44,2,0.007315635681152344,0.006699562072753906
1032,pop50,2,0.00046515464782714844,9.5367431640625e-07
1032,pop17,3,0.0004946390787760416,5.9973002363415145e-05
1032,pop14,1,0.0004451274871826172,0.0
1032,pop24,1,0.00044345855712890625,0.0
1033,pop50,3,0.004853963851928711,0.006057066513102038
1033,pop17,3,0.000545342763264974,8.246051226398265e-05
1033,pop53,1,0.0004515647888183594,0.0
1033,pop1,1,0.00043082237243652344,0.0
1033,pop15,1,0.0004012584686279297,0.0
1034,pop36,2,0.0068138837814331055,0.006216645240783691
1034,pop51,2,0.0003497600555419922,9.298324584960938e-05
1034,pop22,4,0.0003216266632080078,8.162955660071864e-05
1034,pop47,1,0.0002434253692626953,0.0
1035,pop42,2,0.007094144821166992,0.006499528884887695
1035,pop43,2,0.00041472911834716797,2.9802322387695312e-06
1035,pop40,2,0.0076563358306884766,0.007086038589477539
1035,pop51,2,0.0003666877746582031,0.00010538101196289062
1035,pop10,2,0.00041878223419189453,1.2278556823730469e-05
1035,pop47,1,0.00023317337036132812,0.0
1036,pop9,5,0.0030817508697509764,0.005230576854468905
1036,pop51,1,0.000469207763671875,0.0
1037,pop52,4,0.0036240816116333008,0.0055102167369230825
1037,pop55,2,0.0069122314453125,0.006483554840087891
1037,pop12,3,0.0005386670430501302,0.00017009304931439405
1037,pop53,1,0.0002791881561279297,0.0
1037,pop50,1,0.000286102294921875,0.0
1037,pop16,1,0.0003383159637451172,0.0
1038,pop48,3,0.009952624638875326,0.006639424388628692
1038,pop52,2,0.0004469156265258789,4.410743713378906e-06
1038,pop12,3,0.00047278404235839844,9.241070499627996e-05
1038,pop53,1,0.00038313865661621094,0.0
1038,pop1,1,0.00025653839111328125,0.0
1038,pop6,1,0.00022101402282714844,0.0
1039,pop57,2,0.008095145225524902,0.007499814033508301
1039,pop56,1,0.01583099365234375,0.0
1039,pop2,3,0.0004811286926269531,7.450342174529907e-05
1039,pop49,1,0.00042724609375,0.0
1039,pop48,1,0.0004265308380126953,0.0
1039,pop52,1,0.0004248619079589844,0.0
1039,pop3,1,0.00024247169494628906,0.0
1039,pop0,1,0.0002429485321044922,0.0
1039,pop1,1,0.00024509429931640625,0.0
1039,pop15,1,0.00032806396484375,0.0
1040,pop27,4,0.004457831382751465,0.006704206957509036
1040,pop25,1,0.0004162788391113281,0.0
1040,pop17,1,0.00044465065002441406,0.0
1040,pop50,1,0.0005016326904296875,0.0
1040,pop53,1,0.0004582405090332031,0.0
1040,pop47,1,0.0002570152282714844,0.0
1041,pop41,3,0.004783948262532552,0.0060545141600281795
1041,pop40,4,0.000500798225402832,7.494662531152059e-05
1041,pop53,1,0.0004887580871582031,0.0
1041,pop50,1,0.0004897117614746094,0.0
1041,pop16,1,0.0002391338348388672,0.0
1042,pop55,3,0.008669296900431315,0.005724268787247122
1042,pop52,2,0.0004419088363647461,1.2755393981933594e-05
1042,pop12,2,0.0005079507827758789,8.26120376586914e-05
1042,pop53,1,0.000270843505859375,0.0
1042,pop1,1,0.0002455711364746094,0.0
1042,pop15,1,0.00022935867309570312,0.0
1043,pop45,2,0.00760495662689209,0.007017254829406738
1043,pop44,1,0.00041937828063964844,0.0
1043,pop50,3,0.00041333834330240887,8.973925266414498e-05
1043,pop33,2,0.00043761730194091797,6.556510925292969e-06
1043,pop32,1,0.017262697219848633,0.0
1043,pop17,4,0.0003720521926879883,6.81644721870357e-05
1043,pop53,1,0.00028133392333984375,0.0
1043,pop1,1,0.00026988983154296875,0.0
1043,pop15,1,0.0002503395080566406,0.0
1044,pop24,3,0.005811373392740886,0.007485245945985374
1044,pop23,3,0.0004972616831461588,5.2926895935162086e-05
1045,pop16,3,0.005054314931233724,0.006423738464767226
1045,pop23,4,0.0004799365997314453,3.8439034953526255e-05
1045,pop50,1,0.0004944801330566406,0.0
1045,pop55,1,0.00032806396484375,0.0
1046,pop14,3,0.005534648895263672,0.0068887359782557845
1046,pop27,1,0.0004169940948486328,0.0
1046,pop25,1,0.0005948543548583984,0.0
1046,pop17,1,0.0007207393646240234,0.0
1046,pop31,1,0.0002338886260986328,0.0
1046,pop30,1,0.0002429485321044922,0.0
1046,pop48,1,0.0002491474151611328,0.0
1046,pop52,1,0.00025177001953125,0.0
1046,pop53,1,0.0002560615539550781,0.0
1046,pop50,2,0.0004221200942993164,0.00014030933380126953
1046,pop16,1,0.00024080276489257812,0.0
1046,pop23,2,0.013574719429016113,0.00017583370208740234
1046,pop21,1,0.01440882682800293,0.0
1046,pop24,3,0.0004623730977376302,0.00018577018522079688
1046,pop51,1,0.0005152225494384766,0.0
1046,pop19,1,0.0008976459503173828,0.0
1046,pop18,1,0.0004646778106689453,0.0
1046,pop38,1,0.0004696846008300781,0.0
1046,pop39,1,0.0004622936248779297,0.0
1046,pop44,1,0.0004801750183105469,0.0
1046,pop45,1,0.0004775524139404297,0.0
1046,pop46,1,0.00047135353088378906,0.0
1046,pop20,1,0.0004372596740722656,0.0
1047,pop48,3,0.0050809383392333984,0.006412262027719308
1047,pop56,1,0.016254663467407227,0.0
1047,pop2,3,0.00045935312906901043,7.483997638897086e-05
1047,pop49,1,0.0004169940948486328,0.0
1047,pop52,1,0.00025725364685058594,0.0
1047,pop53,1,0.0002734661102294922,0.0
1047,pop1,1,0.0002589225769042969,0.0
1047,pop15,1,0.0002269744873046875,0.0
1048,pop46,2,0.007546782493591309,0.006971240043640137
1048,pop45,1,0.0004658699035644531,0.0
1048,pop44,2,0.0003408193588256836,9.906291961669922e-05
1048,pop50,5,0.0005712509155273438,0.00013603137038027997
1048,pop33,3,0.0004963080088297526,0.00020081491167828338
1048,pop32,4,0.003178894519805908,0.004527588633128704
1048,pop27,2,0.0003476142883300781,8.726119995117188e-05
1048,pop25,3,0.0002513726552327474,5.555147208309585e-06
1048,pop17,2,0.00690615177154541,0.006284594535827637
1048,pop53,1,0.0005939006805419922,0.0
1048,pop1,1,0.0004978179931640625,0.0
1048,pop6,1,0.00045490264892578125,0.0
1049,pop28,2,0.006769418716430664,0.006185293197631836
1049,pop51,1,0.0004913806915283203,0.0
1049,pop53,2,0.007711648941040039,0.007445573806762695
1049,pop54,3,0.003096421559651693,0.003877011727364128
1049,pop52,3,0.0003027915954589844,4.277338283855939e-05
1049,pop48,2,0.005434632301330566,0.005190730094909668
1049,pop56,1,0.011382579803466797,0.0
1049,pop2,1,0.012572288513183594,0.0
1049,pop49,1,0.00025200843811035156,0.0
1049,pop1,1,0.00036597251892089844,0.0
1049,pop15,1,0.0003631114959716797,0.0
1050,pop30,2,0.007156968116760254,0.00659024715423584
1050,pop48,4,0.0004284381866455078,3.0418230561733902e-05
1050,pop52,1,0.0002644062042236328,0.0
1050,pop53,1,0.0002720355987548828,0.0
1050,pop1,1,0.000240325927734375,0.0
1050,pop6,1,0.00023317337036132812,0.0
1051,pop8,2,0.0069626569747924805,0.00637209415435791
1051,pop51,8,0.00043192505836486816,0.00015837015527208462
1051,pop43,2,0.00040781497955322266,1.8477439880371094e-05
1051,pop40,1,0.014488697052001953,0.0
1051,pop10,1,0.016253948211669922,0.0
1051,pop4,1,0.009395837783813477,0.0
1051,pop19,7,0.0005278246743338448,0.00014958722402027397
1051,pop46,6,0.0003730456034342448,9.553900490827799e-05
1051,pop20,7,0.019682066781180247,0.016213697361895818
1051,pop45,4,0.0003699660301208496,0.00011832653971601434
1051,pop44,2,0.025504589080810547,0.013216733932495117
1051,pop18,5,0.00042591094970703127,8.830537535439877e-05
1051,pop38,2,0.03448224067687988,0.004240751266479492
1051,pop53,1,0.0006568431854248047,0.0
1051,pop50,3,0.0007832050323486328,0.00018136127972979933
1051,pop17,1,0.044651031494140625,0.0
1051,pop55,2,0.019003748893737793,0.01852262020111084
1051,pop52,2,0.0005118846893310547,1.5497207641601562e-05
1051,pop48,2,0.02439415454864502,0.024143338203430176
1051,pop49,2,0.0004993677139282227,9.953975677490234e-05
1052,pop56,4,0.00431138277053833,0.0064676701925737755
1052,pop48,1,0.0004477500915527344,0.0
1052,pop52,1,0.0004405975341796875,0.0
1052,pop53,1,0.0004696846008300781,0.0
1052,pop7,1,0.00038886070251464844,0.0
1053,pop50,3,0.004892905553181966,0.006309510893988399
1053,pop33,2,0.0004417896270751953,1.4543533325195312e-05
1053,pop32,4,0.0004375576972961426,3.7198408322941125e-05
1053,pop16,1,0.00024819374084472656,0.0
1054,pop36,2,0.0069075822830200195,0.006326556205749512
1054,pop51,4,0.0003057718276977539,6.776720460974759e-05
1054,pop43,2,0.0003514289855957031,0.00010418891906738281
1054,pop40,2,0.00855863094329834,0.008102774620056152
1054,pop19,3,0.0003291765848795573,8.41268176323225e-05
1054,pop20,2,0.005603790283203125,0.005359649658203125
1054,pop22,2,0.0002856254577636719,2.7179718017578125e-05
1054,pop18,1,0.0004444122314453125,0.0
1055,pop9,5,0.0030637741088867187,0.005139790682681721
1055,pop51,1,0.00026535987854003906,0.0
1055,pop19,1,0.0002484321594238281,0.0
1055,pop18,1,0.0003275871276855469,0.0
1056,pop52,3,0.0048800309499104815,0.006158456680662407
1056,pop12,4,0.0004973411560058594,5.1870426287328655e-05
1056,pop55,1,0.0002505779266357422,0.0
1057,pop55,2,0.006459951400756836,0.00585484504699707
1057,pop52,4,0.00039762258529663086,8.111373150899637e-05
1057,pop12,4,0.004460394382476807,0.007096446760231829
1057,pop13,2,0.004933953285217285,0.004549622535705566
1057,pop54,1,0.00024127960205078125,0.0
1057,pop53,1,0.00026607513427734375,0.0
1057,pop47,1,0.00022554397583007812,0.0
1058,pop45,3,0.005396366119384766,0.006932296169327225
1058,pop46,2,0.00045239925384521484,2.014636993408203e-05
1058,pop20,2,0.008477091789245605,0.008045792579650879
1058,pop44,3,0.00034817059834798175,7.773867609016361e-05
1058,pop50,1,0.0002791881561279297,0.0
1058,pop51,1,0.0003476142883300781,0.0
1059,pop24,2,0.00865638256072998,0.008062481880187988
1059,pop23,3,0.005961974461873372,0.007784325744959142
1059,pop21,2,0.0004429817199707031,3.0994415283203125e-06
1059,pop16,1,0.0004074573516845703,0.0
1060,pop48,5,0.003305387496948242,0.0056140434868031585
1060,pop52,1,0.00044727325439453125,0.0
1060,pop55,1,0.0004246234893798828,0.0
1061,pop23,4,0.004474461078643799,0.007119691769379816
1061,pop24,2,0.0004222393035888672,0.0001571178436279297
1061,pop14,2,0.013875842094421387,0.002598881721496582
1061,pop50,2,0.00037872791290283203,0.00011169910430908203
1061,pop17,3,0.006432851155598958,0.008452417262659852
1061,pop25,1,0.0004725456237792969,0.0
1061,pop27,1,0.00024271011352539062,0.0
1061,pop21,2,0.00032532215118408203,6.306171417236328e-05
1061,pop16,1,0.0002491474151611328,0.0
1061,pop53,1,0.0003287792205810547,0.0
1061,pop1,1,0.0002639293670654297,0.0
1061,pop15,1,0.00023603439331054688,0.0
1062,pop33,3,0.005262295405069987,0.0067279645243523145
1062,pop32,4,0.0004709959030151367,7.122263731830184e-05
1062,pop50,1,0.0004889965057373047,0.0
1062,pop53,1,0.0002696514129638672,0.0
1062,pop52,1,0.00025725364685058594,0.0
1063,pop31,2,0.007046103477478027,0.006446480751037598
1063,pop17,3,0.00045450528462727863,3.28477779016198e-05
1063,pop50,1,0.0004794597625732422,0.0
1063,pop55,1,0.00023794174194335938,0.0
1064,pop14,4,0.0042920708656311035,0.006506838058727275
1064,pop50,1,0.0004546642303466797,0.0
1064,pop16,1,0.0003864765167236328,0.0
1065,pop28,2,0.006926059722900391,0.006339550018310547
1065,pop36,1,0.0003936290740966797,0.0
1065,pop10,5,0.003627157211303711,0.006620583327546387
1065,pop51,3,0.0003352165222167969,0.00010130292921458311
1065,pop4,1,0.009508848190307617,0.0
1065,pop53,1,0.0003750324249267578,0.0
1065,pop52,1,0.00023293495178222656,0.0
1066,pop30,2,0.00684356689453125,0.006250143051147461
1066,pop31,1,0.00041985511779785156,0.0
1066,pop17,4,0.00040918588638305664,0.00013267435623771464
1066,pop50,1,0.0002579689025878906,0.0
1066,pop16,1,0.0002357959747314453,0.0
1067,pop9,5,0.0031692028045654298,0.005318929724889322
1067,pop51,1,0.0002465248107910156,0.0
1068,pop18,2,0.00786590576171875,0.007264852523803711
1068,pop19,1,0.0004849433898925781,0.0
1068,pop51,1,0.0004494190216064453,0.0
1068,pop43,1,0.00040149688720703125,0.0
1068,pop40,1,0.015192747116088867,0.0
1068,pop41,1,0.0004317760467529297,0.0
1068,pop53,1,0.0006124973297119141,0.0
1068,pop50,2,0.0003790855407714844,0.00013017654418945312
1068,pop17,2,0.005445241928100586,0.0050966739654541016
1068,pop14,1,0.0002617835998535156,0.0
1068,pop24,3,0.00025161107381184894,8.887468057597014e-06
1069,pop53,4,0.007107973098754883,0.006599842046204823
1069,pop54,1,0.014111042022705078,0.0
1069,pop50,5,0.00032625198364257815,9.604293483649295e-05
1069,pop17,5,0.006276893615722656,0.007589821283739867
1069,pop25,1,0.0004534721374511719,0.0
1069,pop27,1,0.0002493858337402344,0.0
1069,pop44,2,0.0054656267166137695,0.005199313163757324
1069,pop55,1,0.009967565536499023,0.0
1070,pop6,4,0.004084646701812744,0.006168936523592485
1070,pop1,1,0.0004181861877441406,0.0
1070,pop53,1,0.00048065185546875,0.0
1070,pop50,1,0.0004949569702148438,0.0
1070,pop55,1,0.00041866302490234375,0.0
1071,pop38,5,0.003643178939819336,0.006217695504981197
1071,pop18,1,0.0004260540008544922,0.0
1071,pop19,1,0.0004494190216064453,0.0
1071,pop51,1,0.0004410743713378906,0.0
1071,pop50,1,0.0003066062927246094,0.0
1071,pop35,1,0.00032830238342285156,0.0
1072,pop30,2,0.006979465484619141,0.006415605545043945
1072,pop48,3,0.0004974206288655599,6.149330315208865e-05
1072,pop52,1,0.00043654441833496094,0.0
1072,pop53,1,0.0002505779266357422,0.0
1072,pop51,1,0.0002460479736328125,0.0
1073,pop9,5,0.0032157421112060545,0.005313061633272182
1073,pop51,1,0.00025582313537597656,0.0
1073,pop47,1,0.000240325927734375,0.0
1074,pop22,4,0.0037613511085510254,0.005547511303431412
1074,pop51,1,0.00048232078552246094,0.0
1074,pop53,1,0.0002582073211669922,0.0
1074,pop1,1,0.0002434253692626953,0.0
1074,pop15,1,0.00023818016052246094,0.0
1075,pop39,2,0.007700681686401367,0.007132768630981445
1075,pop44,1,0.0004279613494873047,0.0
1075,pop50,2,0.0003788471221923828,0.00011777877807617188
1075,pop33,2,0.0003458261489868164,0.0001043081283569336
1075,pop32,3,0.0003364086151123047,6.82179955063853e-05
1075,pop53,1,0.00026035308837890625,0.0
1075,pop47,1,0.00023126602172851562,0.0
1076,pop40,4,0.0037070512771606445,0.005543083303006544
1076,pop41,1,0.00042366981506347656,0.0
1076,pop53,1,0.00043964385986328125,0.0
1076,pop52,1,0.00047206878662109375,0.0
1077,pop42,2,0.007466435432434082,0.006884455680847168
1077,pop43,1,0.0004818439483642578,0.0
1077,pop40,4,0.0004799962043762207,7.035779835693058e-05
1077,pop41,1,0.00023937225341796875,0.0
1077,pop53,1,0.0002734661102294922,0.0
1077,pop50,1,0.00028252601623535156,0.0
1077,pop16,1,0.00023818016052246094,0.0
1078,pop23,5,0.0035794734954833984,0.006062234997601214
1078,pop16,1,0.00042510032653808594,0.0
1078,pop50,1,0.0004870891571044922,0.0
1078,pop53,1,0.0006201267242431641,0.0
1078,pop47,1,0.00023746490478515625,0.0
1079,pop33,3,0.00531458854675293,0.006804322813407375
1079,pop32,3,0.00047024091084798175,3.523561679630503e-05
1079,pop50,1,0.0004680156707763672,0.0
1079,pop55,1,0.0004017353057861328,0.0
1080,pop31,2,0.007246851921081543,0.006657242774963379
1080,pop17,2,0.006840944290161133,0.006403207778930664
1080,pop50,4,0.00045871734619140625,5.097476201970202e-05
1080,pop33,4,0.0003502368927001953,0.0001020033148074177
1080,pop32,4,0.003080904483795166,0.004690259646859307
1080,pop44,1,0.00023651123046875,0.0
1080,pop27,1,0.00024509429931640625,0.0
1080,pop25,1,0.0002448558807373047,0.0
1080,pop14,1,0.0005521774291992188,0.0
1080,pop24,1,0.00045108795166015625,0.0
1081,pop28,2,0.0070143938064575195,0.006450057029724121
1081,pop51,1,0.0004703998565673828,0.0
1081,pop50,2,0.00039637088775634766,0.00014793872833251953
1081,pop33,2,0.0003679990768432617,0.00012195110321044922
1081,pop32,4,0.000306546688079834,8.286278361952221e-05
1081,pop53,1,0.0002682209014892578,0.0
1081,pop1,1,0.00026917457580566406,0.0
1081,pop15,1,0.0002353191375732422,0.0
1082,pop6,2,0.007695674896240234,0.007128477096557617
1082,pop1,1,0.0004761219024658203,0.0
1082,pop53,4,0.0004936456680297852,3.162283408320718e-05
1082,pop7,1,0.00040221214294433594,0.0
1083,pop38,2,0.008836627006530762,0.008231759071350098
1083,pop39,1,0.00041794776916503906,0.0
1083,pop44,2,0.00913858413696289,0.008724451065063477
1083,pop50,1,0.0002865791320800781,0.0
1083,pop55,1,0.00861668586730957,0.0
1083,pop52,2,0.00025475025177001953,4.649162292480469e-06
1083,pop48,2,0.005381226539611816,0.005127072334289551
1083,pop56,4,0.0030747056007385254,0.0048450120003185404
1083,pop2,1,0.011939764022827148,0.0
1083,pop53,1,0.0003018379211425781,0.0
1083,pop7,1,0.00023651123046875,0.0
1084,pop30,2,0.007144808769226074,0.006586909294128418
1084,pop48,1,0.0004162788391113281,0.0
1084,pop52,2,0.0003362894058227539,9.238719940185547e-05
1084,pop12,4,0.0003274679183959961,7.589288814075366e-05
1084,pop53,1,0.00026416778564453125,0.0
1084,pop50,1,0.0002677440643310547,0.0
1084,pop16,1,0.0002434253692626953,0.0
1085,pop37,5,0.0028969764709472655,0.004774851790723143
1085,pop52,1,0.0002460479736328125,0.0
1085,pop53,1,0.0002658367156982422,0.0
1085,pop1,1,0.00033354759216308594,0.0
1085,pop15,1,0.00022840499877929688,0.0
1086,pop42,2,0.007503509521484375,0.006922006607055664
1086,pop43,1,0.0004494190216064453,0.0
1086,pop40,1,0.014488697052001953,0.0
1086,pop41,1,0.00045299530029296875,0.0
1086,pop53,4,0.0025208592414855957,0.00367645179609238
1086,pop54,2,0.00033152103424072266,8.928775787353516e-05
1086,pop1,1,0.0003542900085449219,0.0
1086,pop15,1,0.00022459030151367188,0.0
1087,pop6,3,0.005260626475016276,0.006857383523716036
1087,pop1,2,0.00034487247467041016,9.071826934814453e-05
1087,pop53,2,0.0003497600555419922,0.00010061264038085938
1087,pop50,3,0.00034085909525553387,9.618179656751165e-05
1087,pop17,1,0.017930030822753906,0.0
1087,pop25,1,0.00041866302490234375,0.0
1087,pop27,1,0.0004601478576660156,0.0
1087,pop44,1,0.00025582313537597656,0.0
1087,pop33,2,0.0002459287643432617,8.702278137207031e-06
1087,pop32,3,0.0002849896748860677,5.163302215097189e-05
1088,pop30,2,0.0068749189376831055,0.006270289421081543
1088,pop31,1,0.00041222572326660156,0.0
1088,pop17,5,0.0039084434509277345,0.007238142730302224
1088,pop50,3,0.00035421053568522137,0.00010752410655096454
1088,pop44,1,0.019783973693847656,0.0
1088,pop35,1,0.0002315044403076172,0.0
1089,pop10,2,0.0073316097259521484,0.006742954254150391
1089,pop51,3,0.00032981236775716144,9.455520403876197e-05
1089,pop43,3,0.00036787986755371094,9.232495887815821e-05
1089,pop40,4,0.006564676761627197,0.006550978325482519
1089,pop4,1,0.009449481964111328,0.0
1089,pop41,1,0.0002613067626953125,0.0
1089,pop53,2,0.00026702880859375,8.821487426757812e-06
1089,pop52,2,0.00031316280364990234,5.5670738220214844e-05
1089,pop50,1,0.00028896331787109375,0.0
1089,pop44,1,0.00035381317138671875,0.0
1090,pop50,3,0.005163987477620442,0.006543440970766379
1090,pop17,3,0.0005632241566975912,0.00010677716245560723
1090,pop51,1,0.0004832744598388672,0.0
1090,pop19,1,0.00043702125549316406,0.0
1090,pop20,1,0.00022721290588378906,0.0
1091,pop36,2,0.007043957710266113,0.00645291805267334
1091,pop10,4,0.004257559776306152,0.006895279109172313
1091,pop51,5,0.00032677650451660154,8.441453477536461e-05
1091,pop4,3,0.00697636604309082,0.0046408923150695405
1091,pop43,2,0.00029277801513671875,4.792213439941406e-05
1091,pop40,1,0.009645700454711914,0.0
1091,pop19,1,0.0002605915069580078,0.0
1091,pop20,1,0.0002486705780029297,0.0
1092,pop45,2,0.007774949073791504,0.007171511650085449
1092,pop44,1,0.0004227161407470703,0.0
1092,pop50,2,0.0003497600555419922,9.584426879882812e-05
1092,pop17,3,0.006271203358968099,0.008320630055543933
1092,pop25,2,0.0003273487091064453,9.274482727050781e-05
1092,pop27,2,0.0002726316452026367,1.4185905456542969e-05
1092,pop16,1,0.00024819374084472656,0.0
1093,pop24,2,0.009083151817321777,0.008480191230773926
1093,pop14,3,0.0005164941151936849,0.0001349936765260025
1093,pop50,1,0.0004937648773193359,0.0
1093,pop51,1,0.00047135353088378906,0.0
1093,pop19,1,0.0002586841583251953,0.0
1093,pop20,1,0.0002875328063964844,0.0
1094,pop22,5,0.0031631946563720702,0.005299002082321519
1094,pop51,1,0.0002524852752685547,0.0
1094,pop53,1,0.00027561187744140625,0.0
1094,pop1,1,0.00024771690368652344,0.0
1094,pop15,1,0.0003325939178466797,0.0
1095,pop40,4,0.003804922103881836,0.005635012573073343
1095,pop41,1,0.0004260540008544922,0.0
1095,pop53,1,0.0004718303680419922,0.0
1095,pop50,1,0.0004999637603759766,0.0
1095,pop55,1,0.00023293495178222656,0.0
1096,pop23,3,0.006036599477132161,0.007810003269302891
1096,pop21,4,0.0005014538764953613,8.26187246335548e-05
1096,pop16,1,0.0002422332763671875,0.0
1096,pop50,1,0.0002608299255371094,0.0
1096,pop53,1,0.0002560615539550781,0.0
1096,pop1,1,0.0002498626708984375,0.0
1096,pop6,1,0.00023484230041503906,0.0
1097,pop33,3,0.005396525065104167,0.006900082639322492
1097,pop32,2,0.009111285209655762,0.008683323860168457
1097,pop50,2,0.0005280971527099609,0.00026226043701171875
1097,pop44,1,0.00041675567626953125,0.0
1097,pop27,1,0.00025153160095214844,0.0
1097,pop25,1,0.00025272369384765625,0.0
1097,pop17,2,0.0002816915512084961,2.1338462829589844e-05
1097,pop55,1,0.00024580955505371094,0.0
1098,pop37,5,0.003009510040283203,0.004872279931855078
1098,pop52,1,0.0002570152282714844,0.0
1098,pop53,1,0.0002989768981933594,0.0
1098,pop47,1,0.000331878662109375,0.0
1099,pop21,4,0.004840433597564697,0.007428832312763218
1099,pop23,1,0.0004506111145019531,0.0
1099,pop16,1,0.00041413307189941406,0.0
1099,pop50,1,0.000453948974609375,0.0
1099,pop51,1,0.0002529621124267578,0.0
1099,pop10,1,0.00023245811462402344,0.0
1100,pop24,2,0.009083271026611328,0.00848245620727539
1100,pop14,3,0.0005048116048177084,9.738581009717745e-05
1100,pop50,1,0.0006270408630371094,0.0
1100,pop51,1,0.0004661083221435547,0.0
1100,pop19,1,0.0002503395080566406,0.0
1100,pop18,1,0.00024080276489257812,0.0
1101,pop23,3,0.00594329833984375,0.0076745787914373675
1101,pop21,4,0.0004755854606628418,7.498565172761015e-05
1101,pop16,1,0.0002491474151611328,0.0
1101,pop50,1,0.0002923011779785156,0.0
1101,pop53,1,0.000255584716796875,0.0
1101,pop1,1,0.0002522468566894531,0.0
1101,pop15,1,0.00022459030151367188,0.0
1102,pop37,5,0.0029462337493896484,0.004882996997569998
1102,pop33,1,0.0002491474151611328,0.0
1102,pop50,1,0.0002830028533935547,0.0
1102,pop44,1,0.0002396106719970703,0.0
1103,pop4,5,0.003401327133178711,0.005806104779306165
1103,pop51,1,0.0004734992980957031,0.0
1103,pop19,1,0.0002505779266357422,0.0
1103,pop20,1,0.0002334117889404297,0.0
1104,pop47,3,0.008878946304321289,0.005874776532066603
1104,pop51,2,0.0003732442855834961,0.00010955333709716797
1104,pop10,2,0.0003085136413574219,5.888938903808594e-05
1105,pop36,2,0.007237434387207031,0.0066602230072021484
1105,pop10,2,0.008990287780761719,0.00839996337890625
1105,pop51,1,0.00028324127197265625,0.0
1105,pop47,3,0.0002494653065999349,1.2468377386367519e-05
1106,pop22,5,0.003193950653076172,0.005311310817189592
1106,pop51,1,0.0002551078796386719,0.0
1106,pop53,1,0.00027370452880859375,0.0
1106,pop1,1,0.00024437904357910156,0.0
1106,pop15,1,0.00023412704467773438,0.0
1107,pop40,2,0.007187604904174805,0.00661158561706543
1107,pop41,1,0.00044417381286621094,0.0
1107,pop53,1,0.014443397521972656,0.0
1107,pop50,3,0.00037280718485514325,8.859773269092393e-05
1107,pop17,3,0.0066445668538411455,0.008783009872567495
1107,pop55,2,0.0003584623336791992,0.0001119375228881836
1107,pop51,1,0.00037026405334472656,0.0
1107,pop10,1,0.00024008750915527344,0.0
1108,pop33,3,0.0055081844329833984,0.0070600562165616205
1108,pop32,4,0.00047022104263305664,7.701240727006651e-05
1108,pop50,1,0.00025177001953125,0.0
1108,pop51,1,0.0002529621124267578,0.0
1109,pop23,3,0.006014664967854817,0.007653812860932524
1109,pop21,1,0.018677473068237305,0.0
1109,pop24,3,0.0005124409993489584,0.0001141681223420287
1109,pop14,1,0.0004417896270751953,0.0
1109,pop50,1,0.0002467632293701172,0.0
1109,pop35,1,0.00032329559326171875,0.0
1110,pop32,3,0.011705716451009115,0.007884821764998351
1110,pop33,1,0.0006620883941650391,0.0
1110,pop37,1,0.00023698806762695312,0.0
1110,pop52,3,0.000598748524983724,0.0003169563368365083
1110,pop53,1,0.00026988983154296875,0.0
1110,pop50,2,0.0002815723419189453,4.291534423828125e-06
1110,pop17,1,0.012242555618286133,0.0
1110,pop25,1,0.00026106834411621094,0.0
1110,pop27,1,0.0002930164337158203,0.0
1110,pop44,1,0.0002655982971191406,0.0
1110,pop55,1,0.02365565299987793,0.0
1110,pop51,1,0.0005583763122558594,0.0
1110,pop19,1,0.0004775524139404297,0.0
1110,pop18,1,0.0004885196685791016,0.0
1111,pop44,2,0.00780642032623291,0.00720369815826416
1111,pop50,2,0.00046813488006591797,6.556510925292969e-06
1111,pop17,3,0.0005326271057128906,9.832350597953632e-05
1111,pop51,1,0.00024819374084472656,0.0
1112,pop39,2,0.007718086242675781,0.007143259048461914
1112,pop38,4,0.0005242228507995605,0.00016545848942934883
1112,pop18,1,0.00023603439331054688,0.0
1112,pop19,1,0.00024080276489257812,0.0
1112,pop51,1,0.00026297569274902344,0.0
1112,pop47,1,0.0002446174621582031,0.0
1113,pop31,2,0.0073528289794921875,0.006773471832275391
1113,pop17,4,0.0003749728202819824,7.892886131315523e-05
1113,pop50,1,0.0002739429473876953,0.0
1113,pop53,1,0.0002551078796386719,0.0
1113,pop52,1,0.000244140625,0.0
1114,pop37,4,0.003601253032684326,0.005351298784231436
1114,pop52,1,0.0002541542053222656,0.0
1114,pop55,1,0.00023555755615234375,0.0
1115,pop36,2,0.007389664649963379,0.006797671318054199
1115,pop10,4,0.00036215782165527344,6.960618065151643e-05
1115,pop51,1,0.0003006458282470703,0.0
1115,pop53,1,0.0002541542053222656,0.0
1115,pop52,1,0.0002644062042236328,0.0
1116,pop57,2,0.008727192878723145,0.008142590522766113
1116,pop56,3,0.00047016143798828125,2.360945923457552e-05
1116,pop48,1,0.00024366378784179688,0.0
1116,pop52,1,0.0002434253692626953,0.0
1117,pop27,5,0.0038146018981933595,0.006643759961487742
1117,pop14,1,0.00025010108947753906,0.0
1117,pop24,1,0.0002453327178955078,0.0
1118,pop41,3,0.005123297373453776,0.006548501576898049
1118,pop40,3,0.0005348523457845052,6.614539051192211e-05
1118,pop53,1,0.0004611015319824219,0.0
1118,pop50,1,0.0002579689025878906,0.0
1118,pop16,1,0.00022745132446289062,0.0
1119,pop16,3,0.005358378092447917,0.006969433814990506
1119,pop23,2,0.00036013126373291016,0.00010573863983154297
1119,pop24,4,0.00044035911560058594,1.637034813983134e-05
1120,pop23,4,0.009364604949951172,0.008893700384862748
1120,pop24,4,0.004962027072906494,0.007978826593992053
1120,pop14,1,0.00024437904357910156,0.0
1120,pop50,1,0.00028133392333984375,0.0
1120,pop53,1,0.0002677440643310547,0.0
1120,pop1,1,0.0002532005310058594,0.0
1120,pop6,1,0.00023436546325683594,0.0
1121,pop46,2,0.008044242858886719,0.007444858551025391
1121,pop45,1,0.00044274330139160156,0.0
1121,pop44,1,0.016700029373168945,0.0
1121,pop50,2,0.0003695487976074219,0.00010275840759277344
1121,pop33,2,0.00033402442932128906,8.7738037109375e-05
1121,pop32,3,0.0002791086832682292,2.5744300343480022e-05
1121,pop55,1,0.0002391338348388672,0.0
1122,pop8,2,0.007503867149353027,0.006917834281921387
1122,pop51,2,0.00035750865936279297,8.499622344970703e-05
1122,pop10,3,0.00337068239847819,0.0041822102219886996
1122,pop43,1,0.00024366378784179688,0.0
1122,pop40,1,0.009479284286499023,0.0
1122,pop41,1,0.00024700164794921875,0.0
1122,pop53,2,0.005063533782958984,0.004788875579833984
1122,pop52,3,0.0002853075663248698,4.859854719973486e-05
1122,pop13,1,0.010748147964477539,0.0
1122,pop48,2,0.0003814697265625,0.00013017654418945312
1122,pop1,1,0.00036406517028808594,0.0
1122,pop6,1,0.0002346038818359375,0.0
1123,pop56,5,0.0036747932434082033,0.006332893816039871
1123,pop48,1,0.00024580955505371094,0.0
1123,pop52,1,0.00026297569274902344,0.0
1123,pop34,1,0.0003235340118408203,0.0
1123,pop35,1,0.00022864341735839844,0.0
1124,pop52,5,0.0032941341400146485,0.00548749368324725
1124,pop53,1,0.00038504600524902344,0.0
1124,pop51,1,0.0002543926239013672,0.0
1124,pop19,1,0.00024580955505371094,0.0
1124,pop18,1,0.0002384185791015625,0.0
1125,pop55,4,0.003683745861053467,0.005399148616538842
1125,pop50,1,0.0004990100860595703,0.0
1125,pop16,1,0.0002377033233642578,0.0
1126,pop48,5,0.006792449951171875,0.007799953503758423
1126,pop56,2,0.0004019737243652344,4.0531158447265625e-06
1126,pop52,1,0.0002498626708984375,0.0
1126,pop53,1,0.0002536773681640625,0.0
1126,pop50,1,0.00026679039001464844,0.0
1126,pop14,1,0.0002510547637939453,0.0
1126,pop24,1,0.0003421306610107422,0.0
1127,pop10,2,0.007567882537841797,0.006978511810302734
1127,pop51,1,0.0004551410675048828,0.0
1127,pop50,2,0.0006135702133178711,0.0003515481948852539
1127,pop44,1,0.0004189014434814453,0.0
1127,pop27,1,0.00024127960205078125,0.0
1127,pop25,1,0.00025177001953125,0.0
1127,pop17,4,0.0003166794776916504,5.433521625266852e-05
1127,pop35,1,0.00033974647521972656,0.0
1128,pop44,4,0.0042861104011535645,0.006420970146492213
1128,pop50,1,0.00045037269592285156,0.0
1128,pop51,1,0.0003657341003417969,0.0
1128,pop19,1,0.0002532005310058594,0.0
1128,pop18,1,0.00024437904357910156,0.0
1129,pop39,2,0.007993340492248535,0.007378935813903809
1129,pop38,2,0.00926661491394043,0.008817911148071289
1129,pop18,1,0.0004372596740722656,0.0
1129,pop19,1,0.0004711151123046875,0.0
1129,pop20,1,0.009972333908081055,0.0
1129,pop46,1,0.00025081634521484375,0.0
1129,pop45,1,0.00027561187744140625,0.0
1129,pop44,1,0.010206222534179688,0.0
1129,pop50,2,0.0002791881561279297,1.1920928955078125e-05
1129,pop17,2,0.00033915042877197266,8.07046890258789e-05
1129,pop35,1,0.00037097930908203125,0.0
1130,pop37,4,0.00372922420501709,0.005543907269238462
1130,pop52,1,0.00024080276489257812,0.0
1130,pop53,1,0.0002548694610595703,0.0
1130,pop1,1,0.0002465248107910156,0.0
1130,pop6,1,0.0003650188446044922,0.0
1131,pop57,2,0.008647918701171875,0.00804448127746582
1131,pop56,1,0.0004608631134033203,0.0
1131,pop48,1,0.016552448272705078,0.0
1131,pop52,4,0.0003806948661804199,7.900156655915865e-05
1131,pop53,1,0.0002646446228027344,0.0
1131,pop50,1,0.000278472900390625,0.0
1131,pop14,1,0.00025010108947753906,0.0
1131,pop24,1,0.00023937225341796875,0.0
1132,pop14,3,0.005821545918782552,0.007617495410246552
1132,pop24,4,0.0004475116729736328,1.522429112980124e-05
1132,pop50,1,0.0002872943878173828,0.0
1132,pop51,1,0.00028514862060546875,0.0
1132,pop19,1,0.00025272369384765625,0.0
1132,pop20,1,0.00023412704467773438,0.0
1133,pop24,4,0.004884958267211914,0.007504056566199885
1133,pop14,1,0.0004401206970214844,0.0
1133,pop50,1,0.0005185604095458984,0.0
1133,pop53,1,0.0004734992980957031,0.0
1133,pop7,1,0.0002300739288330078,0.0
1134,pop41,2,0.007781863212585449,0.007179617881774902
1134,pop40,3,0.0005542437235514323,8.268974422381371e-05
1134,pop43,1,0.00025177001953125,0.0
1134,pop51,1,0.0002663135528564453,0.0
1134,pop19,1,0.000255584716796875,0.0
1134,pop20,1,0.00023412704467773438,0.0
1135,pop16,2,0.008198857307434082,0.007597565650939941
1135,pop50,2,0.0004564523696899414,0.00018870830535888672
1135,pop17,4,0.0003572702407836914,8.37624053942184e-05
1135,pop51,1,0.0002646446228027344,0.0
1136,pop23,2,0.008981466293334961,0.008394479751586914
1136,pop24,4,0.00039452314376831055,5.301969682169614e-05
1136,pop14,1,0.000247955322265625,0.0
1136,pop50,1,0.00027561187744140625,0.0
1136,pop51,1,0.0002486705780029297,0.0
1137,pop48,5,0.0035701274871826174,0.006088411261546855
1137,pop52,1,0.0004467964172363281,0.0
1137,pop53,1,0.0002636909484863281,0.0
1137,pop50,1,0.00028252601623535156,0.0
1137,pop14,1,0.00024962425231933594,0.0
1137,pop24,1,0.0002536773681640625,0.0
1138,pop18,5,0.003579235076904297,0.006421435402187602
1138,pop38,5,0.003995037078857422,0.007357239428026539
1138,pop19,3,0.0002930959065755208,5.861423775686326e-05
1138,pop20,1,0.010456323623657227,0.0
1138,pop46,1,0.00033283233642578125,0.0
1138,pop51,2,0.0002486705780029297,5.7220458984375e-06
1139,pop53,3,0.004977703094482422,0.006401323584803444
1139,pop50,2,0.0003663301467895508,9.310245513916016e-05
1139,pop17,3,0.0004971822102864584,9.283117210086087e-05
1139,pop1,1,0.0002486705780029297,0.0
1139,pop6,1,0.00023221969604492188,0.0
1140,pop9,5,0.0033178329467773438,0.005705170199947649
1140,pop51,1,0.0002961158752441406,0.0
1140,pop53,1,0.0002715587615966797,0.0
1140,pop1,1,0.0002465248107910156,0.0
1140,pop15,1,0.0002257823944091797,0.0
1141,pop4,2,0.007532596588134766,0.006925106048583984
1141,pop51,1,0.00046062469482421875,0.0
1141,pop50,6,0.0004121065139770508,0.0001406776530572476
1141,pop17,4,0.008475184440612793,0.008562419772870849
1141,pop44,1,0.00042057037353515625,0.0
1141,pop25,1,0.00035953521728515625,0.0
1141,pop27,2,0.0061838626861572266,0.005847454071044922
1141,pop14,1,0.012543439865112305,0.0
1141,pop33,2,0.00037276744842529297,0.00012099742889404297
1141,pop32,2,0.0005003213882446289,0.0002390146255493164
1141,pop35,1,0.00043845176696777344,0.0
1142,pop47,3,0.009047667185465494,0.006004043703275536
1142,pop51,9,0.0004647307925754123,0.0002046654289693028
1142,pop19,6,0.0004519224166870117,0.00017499900697888764
1142,pop46,2,0.00036466121673583984,0.00011837482452392578
1142,pop20,3,0.014668146769205729,0.013283233171400028
1142,pop18,2,0.00025784969329833984,8.344650268554688e-07
1142,pop38,1,0.012875556945800781,0.0
1142,pop10,1,0.01205587387084961,0.0
1142,pop43,2,0.0004228353500366211,5.9485435485839844e-05
1142,pop40,1,0.02562117576599121,0.0
1142,pop53,1,0.0005943775177001953,0.0
1142,pop50,2,0.0005743503570556641,1.1920928955078125e-06
1142,pop16,2,0.0005450248718261719,8.535385131835938e-05
1142,pop23,2,0.0005168914794921875,1.52587890625e-05
1142,pop21,1,0.0009875297546386719,0.0
1142,pop22,3,0.0005775292714436849,0.00015384759246389032
1143,pop52,4,0.0040094852447509766,0.0061302388709003905
1143,pop54,3,0.005330483118693034,0.006899507995724803
1143,pop55,1,0.0002415180206298828,0.0
1143,pop50,1,0.00027632713317871094,0.0
1143,pop44,1,0.00026416778564453125,0.0
1144,pop37,4,0.003707587718963623,0.005452498958430183
1144,pop52,1,0.0002512931823730469,0.0
1144,pop53,1,0.00025653839111328125,0.0
1144,pop47,1,0.00023794174194335938,0.0
1145,pop16,2,0.007934093475341797,0.007326602935791016
1145,pop50,2,0.0003858804702758789,0.00011241436004638672
1145,pop17,4,0.005057275295257568,0.00815094959298729
1145,pop25,4,0.0002751350402832031,4.343473527686519e-05
1145,pop27,2,0.0003985166549682617,4.1365623474121094e-05
1145,pop55,1,0.010545492172241211,0.0
1145,pop52,2,0.00032258033752441406,6.270408630371094e-05
1145,pop53,1,0.0002732276916503906,0.0
1145,pop1,1,0.0004837512969970703,0.0
1145,pop6,1,0.0004658699035644531,0.0
1146,pop28,2,0.007562875747680664,0.006979227066040039
1146,pop36,1,0.0004470348358154297,0.0
1146,pop10,1,0.009259700775146484,0.0
1146,pop51,2,0.00026667118072509766,1.1920928955078125e-07
1146,pop4,2,0.005174756050109863,0.004899144172668457
1146,pop50,2,0.0002905130386352539,8.940696716308594e-06
1146,pop17,3,0.00032409032185872394,3.4377133533601324e-05
1146,pop53,1,0.0002856254577636719,0.0
1146,pop7,1,0.00023651123046875,0.0
1147,pop38,5,0.003774690628051758,0.006587306207400749
1147,pop18,1,0.00023889541625976562,0.0
1147,pop19,1,0.0002503395080566406,0.0
1147,pop51,1,0.0002598762512207031,0.0
1147,pop50,1,0.0002727508544921875,0.0
1147,pop16,1,0.00034689903259277344,0.0
1148,pop32,5,0.0039054393768310548,0.006790315099575227
1148,pop33,1,0.00024318695068359375,0.0
1148,pop50,1,0.0002765655517578125,0.0
1148,pop53,1,0.0002727508544921875,0.0
1148,pop1,1,0.0002448558807373047,0.0
1148,pop6,1,0.00024080276489257812,0.0
1149,pop36,2,0.00740814208984375,0.006856203079223633
1149,pop10,1,0.016982316970825195,0.0
1149,pop51,1,0.0002703666687011719,0.0
1149,pop43,1,0.00024437904357910156,0.0
1149,pop40,3,0.0033107598622639975,0.004255882996943333
1149,pop41,3,0.0002532800038655599,9.385203007529272e-06
1149,pop53,4,0.002775430679321289,0.0042631057479512995
1149,pop50,1,0.00028443336486816406,0.0
1149,pop16,1,0.00023508071899414062,0.0
1150,pop9,5,0.003370189666748047,0.005708433539035499
1150,pop51,1,0.0002675056457519531,0.0
1150,pop53,1,0.000293731689453125,0.0
1150,pop1,1,0.0002562999725341797,0.0
1150,pop15,1,0.00024008750915527344,0.0
1151,pop47,2,0.00691986083984375,0.0063381195068359375
1151,pop51,3,0.0003749529520670573,0.0001587237954581997
1151,pop10,2,0.004854321479797363,0.004610896110534668
1151,pop4,2,0.0003064870834350586,3.254413604736328e-05
1151,pop50,1,0.0002758502960205078,0.0
1151,pop44,1,0.00026345252990722656,0.0
1152,pop16,2,0.008339881896972656,0.0077250003814697266
1152,pop23,1,0.0004410743713378906,0.0
1152,pop24,4,0.00034415721893310547,8.673235689543704e-05
1153,pop42,2,0.007985711097717285,0.007402300834655762
1153,pop43,1,0.00046372413635253906,0.0
1153,pop40,2,0.008388042449951172,0.00795888900756836
1153,pop41,1,0.00025010108947753906,0.0
1153,pop53,1,0.00026488304138183594,0.0
1153,pop52,3,0.0002662340799967448,1.0744424962317532e-05
1153,pop55,1,0.0002465248107910156,0.0
1154,pop6,5,0.003658437728881836,0.006427137809806901
1154,pop1,1,0.00024700164794921875,0.0
1154,pop53,1,0.00025582313537597656,0.0
1154,pop7,1,0.0002522468566894531,0.0
1155,pop30,2,0.007412552833557129,0.006835341453552246
1155,pop31,1,0.0004487037658691406,0.0
1155,pop17,5,0.002340412139892578,0.004081093546396639
1155,pop50,3,0.00034197171529134113,0.00011162714985493454
1155,pop14,1,0.011067628860473633,0.0
1155,pop44,1,0.00025582313537597656,0.0
1155,pop27,1,0.0003650188446044922,0.0
1155,pop25,1,0.00027632713317871094,0.0
1155,pop35,1,0.00045418739318847656,0.0
1156,pop27,2,0.009157896041870117,0.008557319641113281
1156,pop25,1,0.00047087669372558594,0.0
1156,pop17,4,0.00035262107849121094,8.430263168016058e-05
1156,pop50,1,0.0002853870391845703,0.0
1156,pop44,1,0.0002422332763671875,0.0
1157,pop53,3,0.005096991856892903,0.006554352353931155
1157,pop54,3,0.0004665056864420573,7.212817693843581e-05
1157,pop1,1,0.0002410411834716797,0.0
1157,pop15,1,0.00023603439331054688,0.0
1158,pop28,2,0.007572054862976074,0.006988167762756348
1158,pop36,1,0.0004286766052246094,0.0
1158,pop10,4,0.002572000026702881,0.0039413404175921195
1158,pop51,4,0.00028121471405029297,5.855834050567215e-06
1158,pop43,2,0.0002950429916381836,5.5670738220214844e-05
1158,pop40,1,0.009694337844848633,0.0
1158,pop4,2,0.005660295486450195,0.005419492721557617
1158,pop47,1,0.000240325927734375,0.0
1159,pop36,2,0.007552146911621094,0.006962299346923828
1159,pop10,4,0.00024831295013427734,3.0087064419088274e-06
1160,pop50,3,0.0053526560465494795,0.006922315575663652
1160,pop17,4,0.00044995546340942383,9.343641681537824e-05
1160,pop14,1,0.0002346038818359375,0.0
1160,pop24,1,0.00023245811462402344,0.0
1161,pop45,2,0.008300542831420898,0.007721662521362305
1161,pop44,3,0.0003616809844970703,9.07920989377321e-05
1161,pop50,3,0.0004673004150390625,0.000280042082701802
1161,pop27,1,0.00024580955505371094,0.0
1161,pop25,1,0.0002491474151611328,0.0
1161,pop17,1,0.01154780387878418,0.0
1161,pop14,2,0.006112098693847656,0.005864858627319336
1161,pop24,4,0.0002995133399963379,3.601753380886824e-05
1162,pop46,2,0.008075952529907227,0.0074541568756103516
1162,pop45,1,0.0004444122314453125,0.0
1162,pop44,2,0.0003885030746459961,2.8014183044433594e-05
1162,pop50,2,0.0005837678909301758,0.00029337406158447266
1162,pop27,1,0.00024437904357910156,0.0
1162,pop25,1,0.00024008750915527344,0.0
1162,pop17,2,0.006237149238586426,0.005971789360046387
1162,pop55,1,0.01029205322265625,0.0
1162,pop52,2,0.00036513805389404297,0.00010025501251220703
1162,pop12,3,0.00027179718017578125,3.726709413436786e-05
1162,pop53,1,0.0005352497100830078,0.0
1162,pop7,1,0.00043773651123046875,0.0
1163,pop56,2,0.00867307186126709,0.008074641227722168
1163,pop48,4,0.000387728214263916,9.253749236081266e-05
1163,pop52,1,0.0002620220184326172,0.0
1163,pop53,1,0.00039505958557128906,0.0
1163,pop1,1,0.00024390220642089844,0.0
1163,pop6,1,0.00023651123046875,0.0
1164,pop55,4,0.003875911235809326,0.005650978525952695
1164,pop52,1,0.00024771690368652344,0.0
1164,pop34,1,0.00024580955505371094,0.0
1164,pop35,1,0.0002231597900390625,0.0
1165,pop10,3,0.0105592409769694,0.007040901818913019
1165,pop51,2,0.00037086009979248047,9.834766387939453e-05
1165,pop4,1,0.01727437973022461,0.0
1165,pop19,1,0.00025534629821777344,0.0
1165,pop20,1,0.0101470947265625,0.0
1165,pop46,1,0.0002467632293701172,0.0
1165,pop45,1,0.00024700164794921875,0.0
1165,pop44,4,0.002970278263092041,0.004639747278950179
1165,pop50,3,0.00028896331787109375,1.0754413492862238e-05
1165,pop17,1,0.01224064826965332,0.0
1165,pop53,1,0.0004885196685791016,0.0
1165,pop7,1,0.0002238750457763672,0.0
1166,pop44,5,0.005617761611938476,0.006398995452924188
1166,pop50,6,0.0005244016647338867,0.00024865654794242997
1166,pop27,2,0.00025010108947753906,1.1920928955078125e-06
1166,pop25,2,0.00030040740966796875,6.127357482910156e-05
1166,pop17,4,0.00636136531829834,0.006150160851300791
1166,pop14,2,0.0004153251647949219,6.651878356933594e-05
1166,pop33,2,0.00047898292541503906,1.430511474609375e-06
1166,pop32,2,0.0005356073379516602,7.402896881103516e-05
1166,pop24,1,0.0004725456237792969,0.0
1167,pop39,2,0.008321166038513184,0.007715344429016113
1167,pop38,3,0.0004839897155761719,1.0780809049605946e-05
1167,pop18,1,0.0002579689025878906,0.0
1167,pop19,1,0.00024175643920898438,0.0
1167,pop51,1,0.00035762786865234375,0.0
1167,pop10,1,0.00023865699768066406,0.0
1168,pop57,2,0.009224534034729004,0.008616089820861816
1168,pop56,1,0.0004558563232421875,0.0
1168,pop48,4,0.00031679868698120117,7.912792162398017e-05
1168,pop52,1,0.00023984909057617188,0.0
1168,pop53,1,0.0003523826599121094,0.0
1168,pop1,1,0.00025010108947753906,0.0
1168,pop15,1,0.000240325927734375,0.0
1169,pop42,2,0.008057951927185059,0.007466435432434082
1169,pop43,1,0.0005676746368408203,0.0
1169,pop40,2,0.008466482162475586,0.008068561553955078
1169,pop41,1,0.0002446174621582031,0.0
1169,pop53,2,0.0002619028091430664,8.344650268554688e-07
1169,pop52,3,0.0003275871276855469,0.00010936181651181687
1169,pop51,1,0.00027060508728027344,0.0
1169,pop10,1,0.00023436546325683594,0.0
1170,pop21,4,0.005300939083099365,0.008221268772923349
1170,pop23,1,0.00024700164794921875,0.0
1170,pop16,1,0.00024127960205078125,0.0
1170,pop50,1,0.0002846717834472656,0.0
1170,pop51,1,0.0002644062042236328,0.0
1170,pop10,1,0.00023412704467773438,0.0
1171,pop53,4,0.007911264896392822,0.007481618107447234
1171,pop54,1,0.015380382537841797,0.0
1171,pop52,2,0.0003083944320678711,6.878376007080078e-05
1171,pop51,1,0.0002636909484863281,0.0
1171,pop10,1,0.0002455711364746094,0.0
1172,pop28,2,0.007698774337768555,0.007096290588378906
1172,pop51,1,0.0003712177276611328,0.0
1172,pop50,2,0.00026702880859375,1.0251998901367188e-05
1172,pop17,3,0.000276645024617513,2.0357776179600815e-05
1172,pop55,1,0.00025153160095214844,0.0
1173,pop39,2,0.008081912994384766,0.007467985153198242
1173,pop38,1,0.018372297286987305,0.0
1173,pop18,1,0.00047135353088378906,0.0
1173,pop19,1,0.00045037269592285156,0.0
1173,pop20,3,0.0036905606587727866,0.0048754912409137915
1173,pop46,1,0.00025773048400878906,0.0
1173,pop45,1,0.0002491474151611328,0.0
1173,pop44,2,0.005717039108276367,0.0053746700286865234
1173,pop50,2,0.00034236907958984375,5.6743621826171875e-05
1173,pop17,1,0.012228727340698242,0.0
1173,pop25,1,0.00023889541625976562,0.0
1173,pop27,1,0.0002593994140625,0.0
1173,pop53,2,0.006353139877319336,0.005822896957397461
1173,pop54,2,0.0005857944488525391,1.9073486328125e-06
1173,pop7,1,0.0003991127014160156,0.0
1174,pop57,2,0.009023308753967285,0.008437752723693848
1174,pop56,2,0.005979418754577637,0.005532622337341309
1174,pop48,3,0.003822803497314453,0.004899609654268945
1174,pop52,4,0.0002884864807128906,7.18560135764099e-05
1174,pop13,2,0.00497591495513916,0.004722714424133301
1174,pop2,1,0.0002415180206298828,0.0
1174,pop49,1,0.012033462524414062,0.0
1174,pop12,3,0.0002886454264322917,6.111902114503894e-05
1174,pop3,1,0.0004661083221435547,0.0
1174,pop0,1,0.000453948974609375,0.0
1174,pop1,1,0.0006127357482910156,0.0
1174,pop6,1,0.0004177093505859375,0.0
1175,pop22,4,0.004125714302062988,0.006110347421663166
1175,pop51,1,0.00026726722717285156,0.0
1175,pop53,1,0.0003056526184082031,0.0
1175,pop52,1,0.0003643035888671875,0.0
1176,pop40,3,0.00853880246480306,0.005880444240226889
1176,pop43,3,0.00032138824462890625,8.739940801932215e-05
1176,pop51,5,0.00042715072631835935,0.00015256915871560123
1176,pop19,3,0.0005777676900227865,0.00024350792867930404
1176,pop20,2,0.00530087947845459,0.004849553108215332
1176,pop22,4,0.0031331777572631836,0.004689776773965851
1176,pop21,1,0.030398130416870117,0.0
1176,pop46,1,0.0004687309265136719,0.0
1177,pop33,3,0.0058125654856363935,0.007621864430741015
1177,pop32,4,0.0004991888999938965,5.7641944412758635e-05
1177,pop50,1,0.00029468536376953125,0.0
1177,pop53,1,0.0002586841583251953,0.0
1177,pop1,1,0.0002529621124267578,0.0
1177,pop6,1,0.00022935867309570312,0.0
1178,pop4,2,0.008066773414611816,0.007446408271789551
1178,pop51,1,0.0004515647888183594,0.0
1178,pop53,4,0.00033795833587646484,7.688555593780658e-05
1178,pop50,1,0.0002665519714355469,0.0
1178,pop55,1,0.0003020763397216797,0.0
1179,pop37,4,0.0036679506301879883,0.005629364362406277
1179,pop52,1,0.0002510547637939453,0.0
1180,pop50,3,0.0054779847462972,0.007104248773943022
1180,pop17,5,0.003875732421875,0.007205509715004026
1180,pop25,2,0.0003361701965332031,9.274482727050781e-05
1180,pop27,1,0.010742425918579102,0.0
1180,pop44,1,0.00025463104248046875,0.0
1181,pop45,3,0.005743821461995442,0.007529788646722006
1181,pop46,2,0.00037789344787597656,3.600120544433594e-05
1181,pop20,3,0.0035796165466308594,0.004597390443249489
1181,pop44,2,0.0003552436828613281,0.000110626220703125
1181,pop50,1,0.00027823448181152344,0.0
1181,pop53,1,0.000270843505859375,0.0
1181,pop52,1,0.00023746490478515625,0.0
1182,pop55,3,0.00963886578877767,0.006385877841768023
1182,pop52,3,0.0003123283386230469,8.297788645037877e-05
1182,pop13,2,0.004936337471008301,0.004698634147644043
1182,pop48,2,0.005518436431884766,0.0051615238189697266
1182,pop56,1,0.01166224479675293,0.0
1182,pop2,3,0.0003116925557454427,6.522228703241161e-05
1182,pop49,2,0.006088376045227051,0.005850434303283691
1182,pop53,1,0.00026035308837890625,0.0
1182,pop50,1,0.0002689361572265625,0.0
1182,pop14,1,0.00025963783264160156,0.0
1182,pop24,1,0.000591278076171875,0.0
1183,pop10,2,0.007964611053466797,0.007356882095336914
1183,pop51,1,0.0006105899810791016,0.0
1183,pop53,4,0.002512693405151367,0.003720863504445141
1183,pop54,1,0.008754730224609375,0.0
1183,pop50,1,0.0002777576446533203,0.0
1183,pop16,1,0.00023937225341796875,0.0
1184,pop31,2,0.007909774780273438,0.007322072982788086
1184,pop17,4,0.0002995133399963379,6.08769465060437e-05
1184,pop50,1,0.00025463104248046875,0.0
1184,pop51,1,0.0002739429473876953,0.0
1185,pop32,3,0.012671311696370443,0.008568062347004144
1185,pop33,2,0.0003521442413330078,9.965896606445312e-05
1185,pop37,3,0.0002707640329996745,3.765571361091736e-05
1185,pop50,1,0.0002830028533935547,0.0
1185,pop44,1,0.0002446174621582031,0.0
1186,pop16,3,0.005709330240885417,0.007483856296098555
1186,pop23,3,0.006727536519368489,0.009024784262595889
1186,pop24,2,0.00026237964630126953,1.919269561767578e-05
1187,pop53,5,0.0033460617065429687,0.005815888729977933
1187,pop50,1,0.0002770423889160156,0.0
1187,pop14,1,0.0002505779266357422,0.0
1187,pop24,1,0.00024437904357910156,0.0
1188,pop22,4,0.004025757312774658,0.006163954937396018
1188,pop51,1,0.00026297569274902344,0.0
1188,pop53,1,0.0002529621124267578,0.0
1188,pop1,1,0.00024318695068359375,0.0
1188,pop6,1,0.0003437995910644531,0.0
1189,pop40,2,0.007745146751403809,0.007141232490539551
1189,pop43,1,0.00048422813415527344,0.0
1189,pop51,2,0.00037479400634765625,9.465217590332031e-05
1189,pop4,1,0.009666919708251953,0.0
1189,pop5,1,0.00024080276489257812,0.0
1189,pop10,1,0.00036907196044921875,0.0
1189,pop47,4,0.002974271774291992,0.004477310332125978
1189,pop53,2,0.01353299617767334,0.013043761253356934
1190,pop4,2,0.008015751838684082,0.0074149370193481445
1190,pop51,2,0.0003647804260253906,0.00011301040649414062
1190,pop19,2,0.0003434419631958008,0.00010192394256591797
1190,pop20,2,0.005188584327697754,0.004927515983581543
1190,pop43,1,0.00028514862060546875,0.0
1190,pop40,2,0.00031173229217529297,6.186962127685547e-05
1190,pop41,1,0.00024175643920898438,0.0
1190,pop53,1,0.0002548694610595703,0.0
1190,pop1,1,0.00026297569274902344,0.0
1190,pop6,1,0.0002338886260986328,0.0
1191,pop6,5,0.003729724884033203,0.0066218043512808284
1192,pop30,2,0.007470965385437012,0.006893754005432129
1192,pop48,3,0.004123369852701823,0.00548841893317034
1192,pop49,5,0.002403068542480469,0.00421495045661032
1192,pop2,3,0.004152854283650716,0.005519330946951067
1192,pop56,1,0.00025916099548339844,0.0
1192,pop52,1,0.000247955322265625,0.0
1192,pop53,1,0.0005557537078857422,0.0
1192,pop47,1,0.0004343986511230469,0.0
1193,pop37,5,0.0031346797943115233,0.005430967346211751
1193,pop52,1,0.00026917457580566406,0.0
1193,pop53,1,0.0002715587615966797,0.0
1193,pop47,1,0.0003273487091064453,0.0
1194,pop50,3,0.005698442459106445,0.007325874022461794
1194,pop16,1,0.0004987716674804688,0.0
1194,pop23,1,0.020336389541625977,0.0
1194,pop24,3,0.0002976258595784505,6.552892707683717e-05
1194,pop14,1,0.0002543926239013672,0.0
1194,pop53,1,0.00025963783264160156,0.0
1194,pop1,1,0.00035643577575683594,0.0
1194,pop6,1,0.00023436546325683594,0.0
1195,pop32,4,0.004977524280548096,0.007710259019329611
1195,pop33,1,0.00023651123046875,0.0
1195,pop50,1,0.0002675056457519531,0.0
1195,pop53,1,0.00028705596923828125,0.0
1195,pop1,1,0.00024700164794921875,0.0
1195,pop6,1,0.00033092498779296875,0.0
1196,pop16,2,0.008543848991394043,0.007937788963317871
1196,pop23,1,0.019167423248291016,0.0
1196,pop24,4,0.00035578012466430664,6.902668230816851e-05
1196,pop14,1,0.0002567768096923828,0.0
1196,pop50,1,0.0002770423889160156,0.0
1196,pop53,1,0.0003783702850341797,0.0
1196,pop1,1,0.0002758502960205078,0.0
1196,pop6,1,0.00023555755615234375,0.0
1197,pop4,2,0.008249402046203613,0.007645964622497559
1197,pop51,1,0.0010154247283935547,0.0
1198,pop8,2,0.00807642936706543,0.007482290267944336
1198,pop51,4,0.0003648996353149414,0.00010249787746441022
1198,pop19,3,0.0004767576853434245,0.00010842888576396078
1198,pop20,1,0.009695291519165039,0.0
1198,pop43,2,0.0002605915069580078,1.1444091796875e-05
1198,pop40,1,0.00988006591796875,0.0
1198,pop22,4,0.00026875734329223633,3.2519619041857005e-05
1198,pop18,1,0.00046062469482421875,0.0
1199,pop46,2,0.008424997329711914,0.007857084274291992
1199,pop20,3,0.0003562768300374349,7.143341414329762e-05
1199,pop19,1,0.000240325927734375,0.0
1199,pop51,1,0.00027489662170410156,0.0
1199,pop50,1,0.00028824806213378906,0.0
1199,pop14,1,0.0003647804260253906,0.0
1199,pop24,1,0.0002524852752685547,0.0
1200,pop56,2,0.00913536548614502,0.008542656898498535
1200,pop2,2,0.0054138898849487305,0.004957318305969238
1200,pop49,1,0.0002627372741699219,0.0
1200,pop48,1,0.000244140625,0.0
1200,pop52,3,0.00035508473714192707,0.00011786808415328341
1200,pop3,1,0.0002372264862060547,0.0
1200,pop0,1,0.0002257823944091797,0.0
1200,pop1,1,0.00036454200744628906,0.0
1200,pop6,1,0.00023889541625976562,0.0
1201,pop42,2,0.008219122886657715,0.0076111555099487305
1201,pop43,2,0.0003782510757446289,0.0001302957534790039
1201,pop51,2,0.0003600120544433594,0.00011658668518066406
1201,pop4,1,0.009513378143310547,0.0
1201,pop5,1,0.00023293495178222656,0.0
1201,pop10,1,0.0002434253692626953,0.0
1201,pop40,4,0.00031936168670654297,6.927126574134967e-05
1201,pop41,1,0.0003523826599121094,0.0
1201,pop53,1,0.0002665519714355469,0.0
1201,pop7,1,0.0005562305450439453,0.0
1202,pop31,2,0.007879495620727539,0.007293701171875
1202,pop30,1,0.00044226646423339844,0.0
1202,pop48,1,0.00025153160095214844,0.0
1202,pop52,4,0.00028759241104125977,5.5207513187330496e-05
1202,pop53,1,0.00036978721618652344,0.0
1202,pop51,1,0.00026106834411621094,0.0
1202,pop10,1,0.00023818016052246094,0.0
1203,pop50,3,0.005600293477376302,0.00723835541981382
1203,pop14,3,0.00043662389119466144,5.656111955537243e-05
1203,pop53,1,0.0002760887145996094,0.0
1203,pop1,1,0.0002624988555908203,0.0
1203,pop15,1,0.0002446174621582031,0.0
1204,pop14,5,0.0039231300354003905,0.006990159761568559
1204,pop50,1,0.0002942085266113281,0.0
1204,pop16,1,0.0002455711364746094,0.0
1205,pop24,4,0.005186200141906738,0.008209247158500611
1205,pop23,1,0.00023698806762695312,0.0
1205,pop16,1,0.0002353191375732422,0.0
1206,pop41,3,0.005625804265340169,0.0071282211032676615
1206,pop40,1,0.0161893367767334,0.0
1206,pop53,5,0.002037382125854492,0.0034999465537521564
1206,pop54,1,0.008638620376586914,0.0
1206,pop50,1,0.00025916099548339844,0.0
1206,pop16,1,0.0002465248107910156,0.0
1207,pop23,3,0.012985865275065104,0.008769921216763277
1207,pop24,3,0.00027298927307128906,2.2095456021299787e-05
1207,pop14,1,0.0003342628479003906,0.0
1207,pop50,1,0.000370025634765625,0.0
1207,pop55,1,0.00023698806762695312,0.0
1208,pop48,3,0.005867163340250651,0.007690900304726374
1208,pop49,4,0.0003364682197570801,9.136384969457544e-05
1208,pop52,1,0.00025773048400878906,0.0
1208,pop53,1,0.00038313865661621094,0.0
1208,pop51,1,0.0002675056457519531,0.0
1208,pop19,1,0.00035762786865234375,0.0
1208,pop20,1,0.0003333091735839844,0.0
1209,pop21,2,0.010097026824951172,0.009459733963012695
1209,pop23,1,0.0006170272827148438,0.0
1209,pop24,4,0.0003123283386230469,7.932354888290287e-05
1209,pop14,1,0.0003533363342285156,0.0
1209,pop50,1,0.0002799034118652344,0.0
1209,pop55,1,0.000240325927734375,0.0
1210,pop28,2,0.008083820343017578,0.007498025894165039
1210,pop51,2,0.0003094673156738281,4.1484832763671875e-05
1210,pop4,3,0.0002636114756266276,4.945230225278233e-06
1210,pop10,1,0.00023674964904785156,0.0
1211,pop39,2,0.008583307266235352,0.007999181747436523
1211,pop44,4,0.000246584415435791,6.227187953170152e-06
1212,pop6,2,0.00897824764251709,0.008394837379455566
1212,pop1,1,0.0004525184631347656,0.0
1212,pop53,2,0.0002728700637817383,1.3113021850585938e-06
1212,pop54,3,0.00028626124064127606,6.060439998996036e-05
1212,pop50,1,0.0003991127014160156,0.0
1212,pop16,1,0.00023674964904785156,0.0
1213,pop30,2,0.00769197940826416,0.00709688663482666
1213,pop48,2,0.0002510547637939453,9.298324584960938e-06
1213,pop49,4,0.0003224611282348633,0.00012796377359171267
1213,pop52,1,0.00026106834411621094,0.0
1213,pop53,1,0.000293731689453125,0.0
1213,pop47,1,0.00023937225341796875,0.0
1214,pop16,2,0.0087127685546875,0.008094072341918945
1214,pop23,1,0.00044655799865722656,0.0
1214,pop24,4,0.00033336877822875977,7.066836381201107e-05
1214,pop14,1,0.00027298927307128906,0.0
1214,pop50,1,0.000263214111328125,0.0
1214,pop44,1,0.0002353191375732422,0.0
1215,pop4,4,0.0044165849685668945,0.006795212098778739
1215,pop51,1,0.0002701282501220703,0.0
1215,pop50,1,0.00026226043701171875,0.0
1215,pop35,1,0.0002391338348388672,0.0
1216,pop8,2,0.007901906967163086,0.00728297233581543
1216,pop51,3,0.0003579457600911458,9.812932068508822e-05
1216,pop4,1,0.016948223114013672,0.0
1216,pop19,1,0.00046443939208984375,0.0
1216,pop46,2,0.0002518892288208008,8.344650268554688e-07
1216,pop20,2,0.0059043169021606445,0.005550026893615723
1216,pop45,1,0.000301361083984375,0.0
1216,pop44,1,0.012219429016113281,0.0
1216,pop50,2,0.00043511390686035156,0.00016045570373535156
1216,pop33,2,0.00035631656646728516,9.691715240478516e-05
1216,pop32,2,0.0002988576889038086,4.8279762268066406e-05
1216,pop53,2,0.0008524656295776367,3.1113624572753906e-05
1216,pop54,2,0.0005211830139160156,7.772445678710938e-05
1216,pop52,1,0.0004894733428955078,0.0
1217,pop18,2,0.009186863899230957,0.008588194847106934
1217,pop19,1,0.0004730224609375,0.0
1217,pop20,5,0.002323341369628906,0.004048135065543031
1217,pop46,2,0.00025713443756103516,4.649162292480469e-06
1217,pop45,2,0.00024831295013427734,5.602836608886719e-06
1217,pop44,1,0.010926246643066406,0.0
1218,pop52,6,0.0029524564743041992,0.005784446808210227
1218,pop13,1,0.016796350479125977,0.0
1218,pop53,1,0.0002579689025878906,0.0
1218,pop51,1,0.0002837181091308594,0.0
1218,pop19,1,0.0002529621124267578,0.0
1218,pop20,1,0.00023746490478515625,0.0
1219,pop10,2,0.008295059204101562,0.007718563079833984
1219,pop51,2,0.0003559589385986328,0.00010228157043457031
1219,pop4,1,0.013799190521240234,0.0
1219,pop43,1,0.00024771690368652344,0.0
1219,pop40,1,0.009361982345581055,0.0
1219,pop41,1,0.00023627281188964844,0.0
1219,pop53,2,0.005000948905944824,0.004746079444885254
1219,pop1,2,0.0002510547637939453,5.7220458984375e-06
1219,pop6,3,0.00030914942423502606,7.777888232885623e-05
1219,pop52,1,0.00034332275390625,0.0
1220,pop42,2,0.008375883102416992,0.007775783538818359
1220,pop43,2,0.00033724308013916016,9.000301361083984e-05
1220,pop51,2,0.0002834796905517578,2.1457672119140625e-06
1220,pop4,2,0.0049964189529418945,0.004752516746520996
1220,pop40,1,0.00993037223815918,0.0
1220,pop41,1,0.0002543926239013672,0.0
1220,pop53,2,0.000522613525390625,0.00010919570922851562
1220,pop54,1,0.00024437904357910156,0.0
1220,pop52,3,0.003921906153361003,0.00493781735306256
1220,pop55,1,0.010196685791015625,0.0
1220,pop12,3,0.0003707408905029297,0.0001771130731999671
1220,pop1,1,0.0004951953887939453,0.0
1220,pop15,1,0.0004413127899169922,0.0
1221,pop31,2,0.008257269859313965,0.0076628923416137695
1221,pop30,1,0.00043272972106933594,0.0
1221,pop48,5,0.005232715606689453,0.006016010775866373
1221,pop49,4,0.013189733028411865,0.010095383675319782
1221,pop2,3,0.004131158192952474,0.005493701631229663
1221,pop56,1,0.0002560615539550781,0.0
1221,pop52,2,0.0005081892013549805,3.802776336669922e-05
1221,pop37,2,0.0005702972412109375,8.893013000488281e-05
1221,pop34,1,0.0004723072052001953,0.0
1221,pop35,1,0.0004134178161621094,0.0
1222,pop50,2,0.008540153503417969,0.007899045944213867
1222,pop44,1,0.01783156394958496,0.0
1222,pop45,1,0.00024580955505371094,0.0
1222,pop46,1,0.0003688335418701172,0.0
1222,pop20,4,0.0002440810203552246,1.3734958913091317e-06
1223,pop28,2,0.007957816123962402,0.007365822792053223
1223,pop51,2,0.0002675056457519531,2.6226043701171875e-06
1223,pop4,4,0.0002612471580505371,9.308062552696336e-06
1224,pop39,2,0.008521080017089844,0.007932901382446289
1224,pop38,3,0.0003959337870279948,0.00013522969724867696
1224,pop18,1,0.0002551078796386719,0.0
1224,pop19,1,0.0002512931823730469,0.0
1224,pop51,1,0.00025463104248046875,0.0
1224,pop50,1,0.0003001689910888672,0.0
1224,pop16,1,0.000232696533203125,0.0
1225,pop6,2,0.008901596069335938,0.00828862190246582
1225,pop1,1,0.0004711151123046875,0.0
1225,pop53,2,0.0002620220184326172,2.1457672119140625e-06
1225,pop41,2,0.00026547908782958984,1.6808509826660156e-05
1225,pop40,2,0.004946112632751465,0.0047081708908081055
1225,pop50,2,0.0002683401107788086,5.841255187988281e-06
1225,pop17,2,0.0003464221954345703,8.988380432128906e-05
1225,pop51,1,0.0002644062042236328,0.0
1225,pop19,1,0.00025963783264160156,0.0
1225,pop20,1,0.0002570152282714844,0.0
1226,pop30,2,0.0077010393142700195,0.007123827934265137
1226,pop48,3,0.0044714609781901045,0.005975131377349964
1226,pop49,5,0.0073238849639892575,0.005811683313935802
1226,pop2,2,0.01241755485534668,0.0008432865142822266
1226,pop56,1,0.00024509429931640625,0.0
1226,pop52,1,0.012505769729614258,0.0
1226,pop13,1,0.012726783752441406,0.0
1227,pop38,2,0.009652853012084961,0.009056806564331055
1227,pop18,1,0.0005877017974853516,0.0
1227,pop19,2,0.0003056526184082031,5.555152893066406e-05
1227,pop20,1,0.010007858276367188,0.0
1227,pop51,1,0.0002617835998535156,0.0
1227,pop50,2,0.0005249977111816406,9.298324584960938e-06
1227,pop14,1,0.0002579689025878906,0.0
1227,pop27,1,0.00024819374084472656,0.0
1227,pop25,1,0.0002639293670654297,0.0
1227,pop17,4,0.00037872791290283203,0.00013607817420708095
1227,pop16,1,0.0005972385406494141,0.0
1228,pop9,5,0.003505849838256836,0.006220832267587715
1228,pop51,1,0.0002694129943847656,0.0
1228,pop19,1,0.00025916099548339844,0.0
1228,pop20,1,0.00024056434631347656,0.0
1229,pop47,5,0.003154897689819336,0.00549249457586021
1229,pop51,1,0.00035500526428222656,0.0
1230,pop40,4,0.006623566150665283,0.006465433688136452
1230,pop41,2,0.0003644227981567383,0.0001119375228881836
1230,pop53,2,0.004555225372314453,0.004291057586669922
1230,pop54,1,0.008553504943847656,0.0
1230,pop43,1,0.00025200843811035156,0.0
1230,pop51,3,0.00042438507080078125,0.0001114458313901818
1230,pop4,1,0.011295080184936523,0.0
1230,pop50,1,0.0002808570861816406,0.0
1230,pop16,1,0.0002560615539550781,0.0
1230,pop23,1,0.0002562999725341797,0.0
1230,pop21,1,0.00024700164794921875,0.0
1230,pop22,3,0.0005469322204589844,0.0001183504319261416
1230,pop19,1,0.0006735324859619141,0.0
1230,pop18,1,0.0004611015319824219,0.0
1231,pop24,4,0.005264580249786377,0.008415470788372159
1231,pop14,1,0.0002491474151611328,0.0
1231,pop50,1,0.00028777122497558594,0.0
1231,pop51,1,0.00025653839111328125,0.0
1231,pop19,1,0.00024700164794921875,0.0
1231,pop18,1,0.00023794174194335938,0.0
1232,pop41,2,0.008120059967041016,0.007478952407836914
1232,pop53,2,0.009036779403686523,0.008665084838867188
1232,pop52,4,0.0003491640090942383,5.537794378988179e-05
1232,pop47,1,0.0003399848937988281,0.0
1233,pop23,2,0.009717941284179688,0.009087800979614258
1233,pop24,4,0.0003822445869445801,0.00015016551279633367
1233,pop14,1,0.0002522468566894531,0.0
1233,pop50,1,0.00040459632873535156,0.0
1233,pop51,1,0.00027108192443847656,0.0
1233,pop19,1,0.0003628730773925781,0.0
1233,pop18,1,0.00023603439331054688,0.0
1234,pop4,3,0.011462847391764322,0.007672105397673328
1234,pop51,1,0.00027942657470703125,0.0
1234,pop19,1,0.0002765655517578125,0.0
1234,pop20,1,0.010381460189819336,0.0
1234,pop46,1,0.0002377033233642578,0.0
1234,pop45,1,0.00025010108947753906,0.0
1234,pop44,3,0.000249942143758138,2.4802663380825098e-06
1235,pop52,5,0.0034819126129150392,0.0061396909027040016
1235,pop53,1,0.0002760887145996094,0.0
1235,pop50,1,0.0002741813659667969,0.0
1235,pop16,1,0.0002384185791015625,0.0
1236,pop30,2,0.00790715217590332,0.007302522659301758
1236,pop48,2,0.0002503395080566406,1.4781951904296875e-05
1236,pop49,2,0.011323332786560059,0.0005594491958618164
1236,pop2,2,0.0002397298812866211,1.1920928955078125e-07
1236,pop56,1,0.011741161346435547,0.0
1236,pop52,3,0.004366477330525716,0.005803062119366608
1236,pop55,3,0.011696179707845053,0.009677953099334224
1236,pop50,3,0.0005790392557779948,3.56876502344095e-05
1236,pop44,1,0.027988910675048828,0.0
1236,pop17,2,0.0006986856460571289,0.00022017955780029297
1236,pop51,1,0.0005786418914794922,0.0
1236,pop19,1,0.0004856586456298828,0.0
1236,pop20,1,0.0004508495330810547,0.0
1237,pop27,4,0.005167484283447266,0.008135817758948971
1237,pop25,1,0.00027370452880859375,0.0
1237,pop17,1,0.00025343894958496094,0.0
1237,pop50,1,0.00029468536376953125,0.0
1237,pop53,1,0.0002486705780029297,0.0
1237,pop47,1,0.00023174285888671875,0.0
1238,pop36,2,0.008184552192687988,0.007575869560241699
1238,pop51,2,0.0002617835998535156,1.8835067749023438e-05
1238,pop4,1,0.009990692138671875,0.0
1238,pop50,5,0.0003535747528076172,8.817852405431335e-05
1238,pop17,3,0.008660316467285156,0.005935307335339703
1238,pop55,1,0.010120391845703125,0.0
1238,pop33,3,0.0003840923309326172,0.00017331177692457236
1238,pop32,1,0.014505386352539062,0.0
1238,pop37,3,0.0004954338073730469,7.330198504294913e-05
1238,pop16,1,0.0004620552062988281,0.0
1239,pop37,5,0.0031633853912353517,0.005383778792066219
1239,pop33,1,0.0002570152282714844,0.0
1239,pop50,1,0.0002808570861816406,0.0
1239,pop51,1,0.00027179718017578125,0.0
1239,pop10,1,0.0003387928009033203,0.0
1240,pop32,5,0.004088020324707032,0.007439756330322131
1240,pop33,1,0.00026297569274902344,0.0
1240,pop50,1,0.00028228759765625,0.0
1240,pop53,1,0.00025200843811035156,0.0
1240,pop1,1,0.0002608299255371094,0.0
1240,pop15,1,0.0003342628479003906,0.0
1241,pop10,3,0.008992592493693033,0.0063954282799098
1241,pop51,4,0.00036221742630004883,0.00015831607415684964
1241,pop4,5,0.002240419387817383,0.0038687933421281636
1241,pop47,1,0.00023508071899414062,0.0
1242,pop31,2,0.008114457130432129,0.007526993751525879
1242,pop30,1,0.0004279613494873047,0.0
1242,pop48,4,0.0002783536911010742,5.0597146817670716e-05
1242,pop52,1,0.0002589225769042969,0.0
1242,pop53,1,0.00027942657470703125,0.0
1242,pop50,1,0.0003058910369873047,0.0
1242,pop16,1,0.00024890899658203125,0.0
1243,pop50,3,0.005844593048095703,0.007599964011827236
1243,pop55,3,0.00027902921040852863,4.002040481670549e-05
1243,pop51,1,0.00026035308837890625,0.0
1244,pop28,2,0.008001208305358887,0.007400393486022949
1244,pop51,2,0.0002599954605102539,5.602836608886719e-06
1244,pop4,1,0.010112285614013672,0.0
1244,pop50,2,0.0005394220352172852,3.254413604736328e-05
1244,pop14,1,0.0002627372741699219,0.0
1244,pop27,2,0.00028645992279052734,3.3974647521972656e-05
1244,pop25,2,0.00030815601348876953,5.066394805908203e-05
1244,pop17,4,0.0004723072052001953,0.00013095725095943687
1244,pop16,1,0.0004355907440185547,0.0
1245,pop39,2,0.008406877517700195,0.007808208465576172
1245,pop38,4,0.0003286600112915039,7.221810531129096e-05
1245,pop18,1,0.00023555755615234375,0.0
1245,pop19,1,0.0002532005310058594,0.0
1245,pop20,1,0.0003566741943359375,0.0
1246,pop38,5,0.003990840911865234,0.0072593871715649376
1246,pop18,1,0.0002372264862060547,0.0
1246,pop19,1,0.0002465248107910156,0.0
1246,pop51,1,0.00027823448181152344,0.0
1246,pop50,1,0.0002856254577636719,0.0
1246,pop55,1,0.00024008750915527344,0.0
1247,pop9,5,0.0034305095672607423,0.0060902290373639695
1247,pop51,1,0.000270843505859375,0.0
1248,pop40,2,0.008107542991638184,0.007497191429138184
1248,pop41,1,0.00043702125549316406,0.0
1248,pop53,3,0.006349007288614909,0.0043344694628359584
1248,pop54,1,0.008770942687988281,0.0
1248,pop50,3,0.0002951622009277344,2.836546573156257e-05
1248,pop44,2,0.005718588829040527,0.005480647087097168
1248,pop17,2,0.00029718875885009766,8.344650268554688e-07
1249,pop4,3,0.008867661158243815,0.006483761916077328
1249,pop51,2,0.0002804994583129883,1.823902130126953e-05
1249,pop43,1,0.00024509429931640625,0.0
1249,pop40,1,0.00963902473449707,0.0
1249,pop41,1,0.0002505779266357422,0.0
1249,pop53,2,0.00027239322662353516,1.3113021850585938e-06
1249,pop54,1,0.009586334228515625,0.0
1249,pop52,2,0.0003045797348022461,3.516674041748047e-05
1250,pop44,5,0.005771780014038086,0.0068643884754283156
1250,pop50,5,0.0003871917724609375,0.0001383855043500085
1250,pop55,2,0.009492993354797363,0.0010489225387573242
1250,pop33,2,0.00031316280364990234,6.496906280517578e-05
1250,pop32,1,0.012482881546020508,0.0
1250,pop52,2,0.0003769397735595703,0.0001266002655029297
1250,pop12,3,0.00037749608357747394,0.00018083818278845877
1250,pop53,1,0.0005013942718505859,0.0
1251,pop56,5,0.003966426849365235,0.007207482269264672
1251,pop48,1,0.0002524852752685547,0.0
1251,pop52,1,0.0002779960632324219,0.0
1251,pop53,1,0.0002658367156982422,0.0
1251,pop51,1,0.00026917457580566406,0.0
1251,pop19,1,0.0002589225769042969,0.0
1251,pop20,1,0.00022935867309570312,0.0
1252,pop47,4,0.0038883090019226074,0.006042302535012045
1252,pop53,1,0.00027108192443847656,0.0
1252,pop50,1,0.0002830028533935547,0.0
1252,pop44,1,0.00024318695068359375,0.0
1253,pop37,5,0.003141307830810547,0.00556640384408283
1253,pop52,1,0.0002582073211669922,0.0
1253,pop53,1,0.0002846717834472656,0.0
1253,pop7,1,0.0002415180206298828,0.0
1254,pop50,5,0.0036368370056152344,0.0065126670350793645
1254,pop55,4,0.0024416446685791016,0.0036792695143743697
1254,pop17,1,0.011203765869140625,0.0
1254,pop51,1,0.00025653839111328125,0.0
1254,pop19,1,0.00037360191345214844,0.0
1254,pop20,1,0.0002474784851074219,0.0
1255,pop40,2,0.008172392845153809,0.007560133934020996
1255,pop41,1,0.00024509429931640625,0.0
1255,pop53,3,0.0002665519714355469,6.4240425039803885e-06
1255,pop1,3,0.000255584716796875,1.2662398540563019e-05
1255,pop6,2,0.005349159240722656,0.005108356475830078
1255,pop54,1,0.009655475616455078,0.0
1255,pop52,4,0.00030601024627685547,6.355823011708946e-05
1256,pop57,2,0.009893178939819336,0.00929570198059082
1256,pop56,4,0.00026667118072509766,3.711622915850151e-05
1256,pop48,1,0.0002434253692626953,0.0
1256,pop52,1,0.0003619194030761719,0.0
1256,pop53,1,0.0002646446228027344,0.0
1256,pop1,1,0.0002467632293701172,0.0
1256,pop15,1,0.0002319812774658203,0.0
1257,pop48,2,0.008818387985229492,0.008198261260986328
1257,pop52,3,0.00030231475830078125,7.826547586294513e-05
1257,pop53,1,0.0002753734588623047,0.0
1257,pop51,1,0.0002722740173339844,0.0
1257,pop19,1,0.0003478527069091797,0.0
1257,pop20,1,0.00023794174194335938,0.0
1258,pop21,4,0.008129477500915527,0.008238496665143766
1258,pop23,1,0.00026297569274902344,0.0
1258,pop24,2,0.00030672550201416016,5.3763389587402344e-05
1258,pop14,1,0.0002636909484863281,0.0
1258,pop50,1,0.0002789497375488281,0.0
1258,pop53,1,0.0002598762512207031,0.0
1258,pop7,1,0.00023651123046875,0.0
1259,pop16,2,0.009096264839172363,0.008503079414367676
1259,pop23,3,0.003899812698364258,0.0051560779214601185
1259,pop24,4,0.0031263232231140137,0.004846090837778075
1259,pop14,1,0.0002608299255371094,0.0
1259,pop50,1,0.0002682209014892578,0.0
1259,pop53,1,0.0002524852752685547,0.0
1259,pop1,1,0.00023603439331054688,0.0
1259,pop6,1,0.000225067138671875,0.0
1260,pop8,2,0.008417367935180664,0.007813692092895508
1260,pop51,3,0.0002754529317220052,5.841120028499908e-06
1260,pop19,2,0.0003056526184082031,4.3392181396484375e-05
1260,pop20,3,0.0037637551625569663,0.004981872076314146
1260,pop4,2,0.0002593994140625,2.1457672119140625e-05
1260,pop10,1,0.0002498626708984375,0.0
1261,pop27,3,0.01020487149556478,0.007543857992951561
1261,pop25,1,0.00025081634521484375,0.0
1261,pop17,2,0.00030171871185302734,3.826618194580078e-05
1261,pop50,1,0.0002703666687011719,0.0
1261,pop53,1,0.0002722740173339844,0.0
1261,pop52,1,0.0002562999725341797,0.0
1262,pop33,5,0.003932476043701172,0.007185450661224079
1262,pop32,5,0.002462148666381836,0.004287748107612596
1262,pop50,3,0.00030954678853352863,5.019804273433282e-05
1262,pop17,1,0.011350393295288086,0.0
1262,pop53,1,0.0002818107604980469,0.0
1262,pop47,1,0.0004329681396484375,0.0
1263,pop45,3,0.006247043609619141,0.008243779915390445
1263,pop46,2,0.00025141239166259766,1.0728836059570312e-06
1263,pop20,2,0.0053827762603759766,0.005117654800415039
1263,pop44,1,0.011171817779541016,0.0
1263,pop50,2,0.0002703666687011719,9.5367431640625e-07
1263,pop17,3,0.0003173351287841797,8.093061219606779e-05
1263,pop35,1,0.00022339820861816406,0.0
1264,pop55,4,0.006088316440582275,0.006063466502885095
1264,pop50,2,0.00033473968505859375,5.745887756347656e-05
1264,pop17,2,0.0003306865692138672,7.796287536621094e-05
1264,pop35,1,0.00022912025451660156,0.0
1265,pop42,2,0.00876152515411377,0.008188366889953613
1265,pop43,1,0.0002396106719970703,0.0
1265,pop51,1,0.00027680397033691406,0.0
1265,pop19,1,0.0002579689025878906,0.0
1265,pop20,1,0.010440349578857422,0.0
1265,pop46,1,0.00024390220642089844,0.0
1265,pop45,1,0.0002646446228027344,0.0
1265,pop44,2,0.005806565284729004,0.005544304847717285
1265,pop50,1,0.0002818107604980469,0.0
1265,pop55,2,0.005297064781188965,0.005045533180236816
1265,pop52,3,0.00034745534261067707,0.00011812757752483065
1265,pop12,1,0.012707710266113281,0.0
1265,pop37,2,0.00048482418060302734,2.491474151611328e-05
1266,pop44,2,0.009026050567626953,0.008406400680541992
1266,pop50,1,0.0003657341003417969,0.0
1266,pop55,1,0.008584737777709961,0.0
1266,pop52,2,0.0003635883331298828,0.00010991096496582031
1266,pop48,3,0.00761715571085612,0.005081331302181873
1266,pop56,5,0.002513742446899414,0.004438494752821653
1266,pop2,2,0.006073951721191406,0.00583958625793457
1266,pop49,2,0.006268739700317383,0.006027698516845703
1266,pop53,1,0.0006618499755859375,0.0
1266,pop1,1,0.0004820823669433594,0.0
1266,pop15,1,0.0006020069122314453,0.0
1267,pop56,5,0.0039898395538330075,0.007295630267366397
1267,pop48,1,0.0002486705780029297,0.0
1267,pop52,1,0.0002639293670654297,0.0
1267,pop55,1,0.00023412704467773438,0.0
1268,pop37,5,0.0032050609588623047,0.005693981874885326
1268,pop33,1,0.0002505779266357422,0.0
1268,pop50,1,0.0002913475036621094,0.0
1268,pop14,1,0.00026726722717285156,0.0
1268,pop24,1,0.00036025047302246094,0.0
1269,pop40,2,0.008313655853271484,0.0077130794525146484
1269,pop41,1,0.0002570152282714844,0.0
1269,pop53,2,0.0003190040588378906,4.863739013671875e-05
1269,pop52,4,0.0003173947334289551,5.556108915351073e-05
1269,pop51,1,0.00025844573974609375,0.0
1269,pop10,1,0.00024008750915527344,0.0
1270,pop21,2,0.010626673698425293,0.01003873348236084
1270,pop23,1,0.0002524852752685547,0.0
1270,pop24,4,0.00029718875885009766,7.895228637050939e-05
1270,pop14,1,0.0002543926239013672,0.0
1270,pop50,1,0.0002903938293457031,0.0
1270,pop53,1,0.0002579689025878906,0.0
1270,pop47,1,0.00023031234741210938,0.0
1271,pop53,3,0.012470165888468424,0.01674853639019408
1271,pop54,4,0.0003198385238647461,7.992651720604934e-05
1271,pop51,1,0.0002579689025878906,0.0
1271,pop19,1,0.0002884864807128906,0.0
1271,pop18,1,0.00024390220642089844,0.0
1272,pop22,5,0.0077152252197265625,0.014554732214962195
1272,pop51,1,0.00026488304138183594,0.0
1272,pop47,1,0.00038123130798339844,0.0
1273,pop24,4,0.008579015731811523,0.008951765216990318
1273,pop23,2,0.005577802658081055,0.005326032638549805
1273,pop21,2,0.0003126859664916992,5.924701690673828e-05
1274,pop52,5,0.003955316543579101,0.007108385294157008
1274,pop53,1,0.0002892017364501953,0.0
1274,pop50,1,0.00025653839111328125,0.0
1274,pop16,1,0.00024008750915527344,0.0
1275,pop30,2,0.009084463119506836,0.008462667465209961
1275,pop48,3,0.003844579060872396,0.005003188610252928
1275,pop49,3,0.0002856254577636719,4.309026954292589e-05
1275,pop52,1,0.000240325927734375,0.0
1276,pop48,4,0.002608954906463623,0.003950396573959793
1276,pop52,1,0.00023889541625976562,0.0
1277,pop16,3,0.0033756891886393228,0.004331573016449676
1277,pop23,3,0.003809769948323568,0.0050417187496470724
1277,pop21,2,0.0003260374069213867,8.237361907958984e-05
1277,pop50,1,0.00029397010803222656,0.0
1277,pop51,1,0.00027942657470703125,0.0
1277,pop19,1,0.0002512931823730469,0.0
1277,pop18,1,0.0002295970916748047,0.0
1278,pop8,2,0.004553675651550293,0.004178404808044434
1278,pop51,1,0.00024962425231933594,0.0
1278,pop43,1,0.00024175643920898438,0.0
1278,pop40,1,0.009392976760864258,0.0
1278,pop41,1,0.00023818016052246094,0.0
1278,pop53,2,0.00501704216003418,0.0047566890716552734
1278,pop1,2,0.00024449825286865234,2.9802322387695312e-06
1278,pop6,4,0.00031691789627075195,4.626898613074807e-05
1278,pop50,1,0.0002684593200683594,0.0
1278,pop55,1,0.00024390220642089844,0.0
1279,pop44,4,0.002595365047454834,0.003893063218573522
1279,pop50,1,0.0002739429473876953,0.0
1279,pop16,1,0.0002353191375732422,0.0
1280,pop40,2,0.004416108131408691,0.004054427146911621
1280,pop41,1,0.00024008750915527344,0.0
1280,pop53,1,0.0002658367156982422,0.0
1280,pop52,4,0.00029021501541137695,3.786480939286195e-05
1281,pop32,4,0.002911388874053955,0.004499222019750125
1281,pop33,1,0.0002384185791015625,0.0
1281,pop50,1,0.00027489662170410156,0.0
1281,pop51,1,0.00025963783264160156,0.0
1282,pop28,2,0.0045746564865112305,0.004192471504211426
1282,pop51,2,0.00027763843536376953,8.940696716308594e-06
1282,pop43,2,0.00028264522552490234,4.374980926513672e-05
1282,pop40,3,0.0003104209899902344,5.3492260320797134e-05
1282,pop10,1,0.000232696533203125,0.0
1283,pop4,2,0.004758000373840332,0.004398941993713379
1283,pop51,1,0.0002663135528564453,0.0
1283,pop43,1,0.0002446174621582031,0.0
1283,pop40,1,0.009464502334594727,0.0
1283,pop41,1,0.00033593177795410156,0.0
1283,pop53,1,0.00029850006103515625,0.0
1283,pop54,4,0.00030481815338134766,6.792994692215517e-05
1283,pop52,1,0.00025534629821777344,0.0
1283,pop34,1,0.00025010108947753906,0.0
1283,pop35,1,0.00023818016052246094,0.0
1284,pop33,3,0.003419796625773112,0.004416615608523914
1284,pop32,4,0.0002759695053100586,3.852268066145449e-05
1284,pop50,1,0.0002605915069580078,0.0
1284,pop53,1,0.00027561187744140625,0.0
1284,pop7,1,0.00023984909057617188,0.0
1285,pop45,2,0.005009651184082031,0.004656791687011719
1285,pop44,1,0.0002486705780029297,0.0
1285,pop50,1,0.0002765655517578125,0.0
1285,pop55,2,0.004710555076599121,0.004463315010070801
1285,pop52,2,0.0003027915954589844,5.030632019042969e-05
1285,pop13,3,0.0003043810526529948,8.172167538046114e-05
1285,pop34,1,0.0002315044403076172,0.0
1285,pop35,1,0.00023245811462402344,0.0
1286,pop37,5,0.0017946243286132812,0.002985420004872843
1286,pop52,1,0.0002574920654296875,0.0
1286,pop53,1,0.0002646446228027344,0.0
1286,pop1,1,0.0002486705780029297,0.0
1286,pop6,1,0.0002338886260986328,0.0
1287,pop24,3,0.007359107335408528,0.004959305438049357
1287,pop14,1,0.00028896331787109375,0.0
1287,pop50,2,0.00028574466705322266,4.649162292480469e-06
1287,pop17,2,0.00037741661071777344,8.130073547363281e-05
1287,pop31,1,0.0002410411834716797,0.0
1287,pop30,1,0.00024509429931640625,0.0
1287,pop48,1,0.0002560615539550781,0.0
1287,pop52,1,0.00027680397033691406,0.0
1287,pop53,1,0.00030303001403808594,0.0
1287,pop16,1,0.00045180320739746094,0.0
1288,pop52,4,0.004639327526092529,0.004307046948747377
1288,pop48,2,0.00031304359436035156,6.4849853515625e-05
1289,pop48,3,0.006552457809448242,0.004398022490999823
1289,pop52,2,0.0003434419631958008,2.9802322387695312e-06
1289,pop12,3,0.0002491474151611328,7.735449066094606e-06
1290,pop46,2,0.004891872406005859,0.0045354366302490234
1290,pop45,1,0.00027108192443847656,0.0
1290,pop44,1,0.00026297569274902344,0.0
1290,pop50,2,0.00027251243591308594,6.198883056640625e-06
1290,pop17,1,0.01146841049194336,0.0
1290,pop25,1,0.0002410411834716797,0.0
1290,pop27,1,0.0002472400665283203,0.0
1290,pop14,1,0.0002677440643310547,0.0
1290,pop55,1,0.010711431503295898,0.0
1290,pop52,4,0.00991833209991455,0.010765411161087165
1290,pop48,1,0.028357982635498047,0.0
1290,pop12,2,0.0005769729614257812,0.00010371208190917969
1291,pop47,4,0.002242147922515869,0.00330082843762405
1291,pop53,1,0.0002872943878173828,0.0
1291,pop50,1,0.00028705596923828125,0.0
1291,pop14,1,0.0002570152282714844,0.0
1291,pop24,1,0.00025391578674316406,0.0
1292,pop53,7,0.00281282833644322,0.00395195047662137
1292,pop54,2,0.009001731872558594,0.0003216266632080078
1292,pop50,1,0.0002923011779785156,0.0
1292,pop14,1,0.0002522468566894531,0.0
1292,pop24,1,0.0002460479736328125,0.0
1293,pop22,4,0.0023928284645080566,0.0035897987087108426
1293,pop51,1,0.0002582073211669922,0.0
1293,pop19,1,0.00025391578674316406,0.0
1293,pop20,1,0.0003440380096435547,0.0
1294,pop4,2,0.004778146743774414,0.004323244094848633
1294,pop5,1,0.0002465248107910156,0.0
1294,pop10,1,0.0003581047058105469,0.0
1294,pop51,2,0.00043785572052001953,3.5643577575683594e-05
1294,pop43,1,0.00023984909057617188,0.0
1294,pop40,1,0.011076688766479492,0.0
1294,pop41,1,0.0002524852752685547,0.0
1294,pop53,4,0.00039082765579223633,0.0001979183246857318
1295,pop33,3,0.003495931625366211,0.004513081251185616
1295,pop32,4,0.0003147721290588379,6.519590267162029e-05
1295,pop50,1,0.00029277801513671875,0.0
1295,pop51,1,0.00028061866760253906,0.0
1295,pop10,1,0.00023555755615234375,0.0
1296,pop37,5,0.0018280982971191407,0.003075146274267319
1296,pop33,1,0.00024271011352539062,0.0
1296,pop50,1,0.00027561187744140625,0.0
1296,pop44,1,0.00023818016052246094,0.0
1297,pop14,4,0.005484402179718018,0.005187043213312783
1297,pop24,1,0.012204885482788086,0.0
1297,pop23,1,0.00025844573974609375,0.0
1297,pop21,1,0.012664318084716797,0.0
1297,pop22,2,0.0003235340118408203,7.534027099609375e-05
1297,pop51,1,0.00026917457580566406,0.0
1297,pop10,1,0.0004608631134033203,0.0
1298,pop57,2,0.005370616912841797,0.0049915313720703125
1298,pop56,1,0.010477304458618164,0.0
1298,pop48,1,0.010466575622558594,0.0
1298,pop52,5,0.002490997314453125,0.004208653430925184
1298,pop13,2,0.005468487739562988,0.005129218101501465
1298,pop54,2,0.005441784858703613,0.0052002668380737305
1298,pop12,1,0.01271963119506836,0.0
1298,pop53,1,0.0005869865417480469,0.0
1298,pop1,1,0.00048279762268066406,0.0
1298,pop15,1,0.00042057037353515625,0.0
1299,pop32,5,0.0023926734924316407,0.0041253028918042485
1299,pop33,1,0.00024199485778808594,0.0
1299,pop50,1,0.00027108192443847656,0.0
1299,pop14,1,0.00026726722717285156,0.0
1299,pop24,1,0.0002346038818359375,0.0
1300,pop28,2,0.0045233964920043945,0.004185795783996582
1300,pop51,1,0.0002601146697998047,0.0
1300,pop43,1,0.0002551078796386719,0.0
1300,pop40,3,0.00028777122497558594,5.9205947024628876e-05
1300,pop41,1,0.00024271011352539062,0.0
1300,pop53,1,0.0002894401550292969,0.0
1300,pop50,1,0.00026917457580566406,0.0
1300,pop16,1,0.00035572052001953125,0.0
1301,pop52,3,0.0031719207763671875,0.004051323676784298
1301,pop12,4,0.00027638673782348633,3.731093654737475e-05
1302,pop46,2,0.004813432693481445,0.004454851150512695
1302,pop45,1,0.0002562999725341797,0.0
1302,pop44,4,0.0002701282501220703,3.140208924081115e-05
1302,pop50,1,0.0002827644348144531,0.0
1302,pop53,1,0.00027179718017578125,0.0
1302,pop52,1,0.0003561973571777344,0.0
1303,pop33,3,0.003470182418823242,0.004476451145572907
1303,pop32,4,0.00026535987854003906,2.8689096942829513e-05
1303,pop50,1,0.0002880096435546875,0.0
1303,pop16,1,0.0002353191375732422,0.0
1304,pop18,3,0.003519137700398763,0.004559312449177076
1304,pop38,1,0.011009454727172852,0.0
1304,pop19,1,0.0003650188446044922,0.0
1304,pop51,1,0.0002655982971191406,0.0
1304,pop50,2,0.0003472566604614258,5.996227264404297e-05
1304,pop17,4,0.00033789873123168945,8.924507345081863e-05
1304,pop53,1,0.00042128562927246094,0.0
1304,pop54,1,0.0002617835998535156,0.0
1304,pop52,1,0.0002522468566894531,0.0
1305,pop6,4,0.0026687979698181152,0.004054497947291586
1305,pop1,1,0.000270843505859375,0.0
1305,pop53,1,0.0002715587615966797,0.0
1305,pop51,1,0.00027060508728027344,0.0
1305,pop19,1,0.00025272369384765625,0.0
1305,pop20,1,0.00023293495178222656,0.0
1306,pop55,2,0.004260063171386719,0.0039017200469970703
1306,pop52,3,0.00033624966939290363,5.287137688184909e-05
1306,pop54,3,0.0033971468607584634,0.004386362073407316
1306,pop53,1,0.0002720355987548828,0.0
1306,pop50,1,0.0002872943878173828,0.0
1306,pop14,1,0.0002541542053222656,0.0
1306,pop24,1,0.0002574920654296875,0.0
1307,pop56,5,0.006664085388183594,0.005191474771215894
1307,pop48,2,0.005377650260925293,0.005130171775817871
1307,pop52,3,0.0038315455118815103,0.005052958470972192
1307,pop54,1,0.010275125503540039,0.0
1307,pop12,2,0.0003045797348022461,5.6862831115722656e-05
1307,pop53,1,0.0002849102020263672,0.0
1307,pop1,1,0.0004792213439941406,0.0
1307,pop15,1,0.00043463706970214844,0.0
1308,pop53,5,0.0037862300872802735,0.00429138382435511
1308,pop1,2,0.00024950504302978516,1.1801719665527344e-05
1308,pop6,2,0.00032913684844970703,8.356571197509766e-05
1308,pop51,1,0.0002894401550292969,0.0
1308,pop19,1,0.0002460479736328125,0.0
1308,pop20,1,0.00023412704467773438,0.0
1309,pop4,6,0.005462209383646647,0.005197203381631564
1309,pop51,7,0.00031794820513044087,9.080371267941443e-05
1309,pop43,2,0.00027763843536376953,3.1113624572753906e-05
1309,pop40,1,0.009661197662353516,0.0
1309,pop10,3,0.007764339447021484,0.005322160051418875
1309,pop19,1,0.00044417381286621094,0.0
1309,pop18,1,0.000457763671875,0.0
1310,pop41,3,0.003308852513631185,0.004165092713572305
1310,pop40,2,0.004955172538757324,0.004696488380432129
1310,pop53,1,0.0002608299255371094,0.0
1310,pop47,2,0.00024080276489257812,1.6689300537109375e-06
1311,pop23,3,0.007405837376912435,0.004979240889102697
1311,pop24,3,0.0003108978271484375,7.199241029791493e-05
1311,pop14,1,0.0002601146697998047,0.0
1311,pop50,1,0.0002899169921875,0.0
1311,pop51,1,0.00028634071350097656,0.0
1311,pop19,1,0.0002720355987548828,0.0
1311,pop18,1,0.0002620220184326172,0.0
1312,pop16,3,0.0035070578257242837,0.004453647916654185
1312,pop23,4,0.0029575228691101074,0.004617723936266359
1312,pop21,2,0.0062181949615478516,0.0059773921966552734
1312,pop50,1,0.0002732276916503906,0.0
1312,pop53,1,0.0002715587615966797,0.0
1312,pop52,1,0.00025463104248046875,0.0
1313,pop8,2,0.004563689231872559,0.00422060489654541
1313,pop51,1,0.0003800392150878906,0.0
1313,pop43,1,0.00024056434631347656,0.0
1313,pop40,1,0.009872198104858398,0.0
1313,pop41,1,0.0002601146697998047,0.0
1313,pop53,1,0.0004878044128417969,0.0
1313,pop54,1,0.00023794174194335938,0.0
1313,pop52,2,0.0003770589828491211,0.0001195669174194336
1313,pop13,2,0.005928635597229004,0.005685925483703613
1314,pop44,4,0.0025919079780578613,0.003990129492205919
1315,pop14,2,0.005418062210083008,0.005039215087890625
1315,pop50,2,0.0002790689468383789,4.887580871582031e-06
1315,pop17,2,0.005715489387512207,0.005466818809509277
1315,pop44,1,0.010914325714111328,0.0
1315,pop45,1,0.00024962425231933594,0.0
1315,pop46,1,0.00024247169494628906,0.0
1315,pop20,3,0.0002555052439371745,1.4358438782566917e-05
1316,pop57,2,0.005503654479980469,0.005122661590576172
1316,pop56,4,0.006355226039886475,0.0061565741733521475
1316,pop48,3,0.007581313451131185,0.00504649759644717
1316,pop2,5,0.0027204036712646486,0.004544391235851532
1316,pop49,3,0.004364013671875,0.005659530959200234
1316,pop52,1,0.0004937648773193359,0.0
1316,pop53,1,0.0005419254302978516,0.0
1316,pop51,1,0.0006034374237060547,0.0
1316,pop10,1,0.0004863739013671875,0.0
1317,pop32,2,0.005682587623596191,0.0052803754806518555
1317,pop33,1,0.0002474784851074219,0.0
1317,pop37,3,0.0002853075663248698,5.120556674676165e-05
1317,pop52,1,0.0002613067626953125,0.0
1317,pop53,1,0.0002722740173339844,0.0
1317,pop1,1,0.0002505779266357422,0.0
1317,pop6,1,0.00040841102600097656,0.0
1318,pop33,2,0.005251526832580566,0.0048645734786987305
1318,pop37,4,0.000306546688079834,6.113923012860352e-05
1318,pop52,1,0.0002582073211669922,0.0
1318,pop53,1,0.00027942657470703125,0.0
1318,pop1,1,0.0002644062042236328,0.0
1318,pop6,1,0.00046443939208984375,0.0
1319,pop36,2,0.004698753356933594,0.004334211349487305
1319,pop51,1,0.00026917457580566406,0.0
1319,pop43,1,0.000255584716796875,0.0
1319,pop40,1,0.010298728942871094,0.0
1319,pop41,1,0.0002465248107910156,0.0
1319,pop53,2,0.0003546476364135742,6.54458999633789e-05
1319,pop52,3,0.00037018458048502606,0.00010006336841872553
1319,pop50,1,0.00029587745666503906,0.0
1319,pop44,1,0.0005657672882080078,0.0
1320,pop10,4,0.0025323033332824707,0.0038908855039328735
1321,pop31,2,0.00468897819519043,0.0043370723724365234
1321,pop17,3,0.0003314812978108724,0.00010463675698494546
1321,pop50,1,0.0002970695495605469,0.0
1321,pop51,1,0.00025725364685058594,0.0
1321,pop10,1,0.0003616809844970703,0.0
1322,pop39,3,0.0033986568450927734,0.004256972727574226
1322,pop44,4,0.007212638854980469,0.01186087910976402
1322,pop50,6,0.00043924649556477863,0.00012159492973837432
1322,pop14,2,0.0004241466522216797,6.985664367675781e-05
1322,pop24,1,0.0002579689025878906,0.0
1322,pop23,1,0.0002543926239013672,0.0
1322,pop16,1,0.00025343894958496094,0.0
1322,pop17,1,0.013579607009887695,0.0
1322,pop45,1,0.0004718303680419922,0.0
1322,pop46,1,0.0006053447723388672,0.0
1322,pop20,1,0.028162240982055664,0.0
1322,pop19,1,0.0008535385131835938,0.0
1322,pop18,1,0.00047969818115234375,0.0
1322,pop38,1,0.0004420280456542969,0.0
1322,pop53,1,0.0005648136138916016,0.0
1322,pop52,2,0.0005931854248046875,4.2438507080078125e-05
1322,pop12,4,0.0004832148551940918,2.5071601143601726e-05
1322,pop55,1,0.00044226646423339844,0.0
1323,pop38,4,0.005624532699584961,0.005345081306168319
1323,pop18,1,0.0003535747528076172,0.0
1323,pop19,1,0.00036144256591796875,0.0
1323,pop51,2,0.0003739595413208008,0.00010287761688232422
1323,pop9,2,0.00035381317138671875,0.00011134147644042969
1323,pop53,1,0.0005171298980712891,0.0
1323,pop1,1,0.0004649162292480469,0.0
1323,pop15,1,0.00043892860412597656,0.0
1324,pop9,5,0.0020502567291259765,0.0034924992562159578
1324,pop51,1,0.0002753734588623047,0.0
1324,pop53,1,0.000301361083984375,0.0
1324,pop1,1,0.0002532005310058594,0.0
1324,pop6,1,0.00025582313537597656,0.0
1325,pop24,2,0.005710482597351074,0.005342364311218262
1325,pop14,3,0.0003166993459065755,9.167028150579732e-05
1325,pop50,1,0.0003027915954589844,0.0
1325,pop35,1,0.0002295970916748047,0.0
1326,pop55,2,0.0043801069259643555,0.0040291547775268555
1326,pop52,2,0.00025832653045654297,1.5497207641601562e-06
1326,pop48,4,0.0002817511558532715,6.170491504147525e-05
1326,pop53,1,0.0002732276916503906,0.0
1326,pop51,1,0.0002772808074951172,0.0
1326,pop19,1,0.0002644062042236328,0.0
1326,pop18,1,0.00023484230041503906,0.0
1327,pop53,4,0.0024309754371643066,0.0036828824188467227
1327,pop41,2,0.00024378299713134766,2.7418136596679688e-06
1327,pop40,1,0.010076522827148438,0.0
1327,pop54,4,0.00026607513427734375,3.61449957447415e-05
1327,pop7,1,0.00022721290588378906,0.0
1328,pop4,5,0.0021027088165283202,0.003592827890394827
1328,pop51,3,0.0002555052439371745,6.013738127515352e-06
1328,pop10,2,0.0052727460861206055,0.004938006401062012
1328,pop47,1,0.00025773048400878906,0.0
1329,pop23,2,0.005388140678405762,0.0050209760665893555
1329,pop24,3,0.00029397010803222656,5.010648784582859e-05
1329,pop14,1,0.0002713203430175781,0.0
1329,pop50,1,0.0002868175506591797,0.0
1329,pop51,1,0.0002853870391845703,0.0
1329,pop10,1,0.00023698806762695312,0.0
1330,pop16,2,0.004995822906494141,0.004605531692504883
1330,pop23,1,0.011048078536987305,0.0
1330,pop24,4,0.000291287899017334,7.191440571621384e-05
1330,pop14,1,0.0002639293670654297,0.0
1330,pop50,1,0.00031447410583496094,0.0
1330,pop53,1,0.00039315223693847656,0.0
1330,pop47,1,0.00023365020751953125,0.0
1331,pop50,4,0.0026482343673706055,0.003900261638670893
1331,pop17,2,0.005836844444274902,0.0055702924728393555
1331,pop25,1,0.0002503395080566406,0.0
1331,pop27,1,0.00025916099548339844,0.0
1331,pop14,1,0.00025653839111328125,0.0
1331,pop55,1,0.010692596435546875,0.0
1331,pop52,2,0.0003293752670288086,6.854534149169922e-05
1331,pop53,1,0.0005512237548828125,0.0
1331,pop16,1,0.0005855560302734375,0.0
1332,pop47,2,0.004207611083984375,0.0038814544677734375
1332,pop53,1,0.00025725364685058594,0.0
1332,pop41,1,0.0002498626708984375,0.0
1332,pop40,1,0.01058650016784668,0.0
1332,pop43,1,0.000362396240234375,0.0
1332,pop51,2,0.0004966259002685547,2.09808349609375e-05
1332,pop50,1,0.0002961158752441406,0.0
1332,pop16,1,0.00026869773864746094,0.0
1332,pop23,1,0.0002734661102294922,0.0
1332,pop21,1,0.00025963783264160156,0.0
1332,pop22,3,0.0004975001017252604,1.3267921927585097e-05
1333,pop22,5,0.0020070552825927736,0.0033877137490210553
1333,pop51,1,0.00025534629821777344,0.0
1333,pop50,1,0.0004837512969970703,0.0
1333,pop52,1,0.00025200843811035156,0.0
1333,pop55,1,0.0004646778106689453,0.0
1334,pop41,3,0.003317594528198242,0.004223331371026985
1334,pop40,3,0.00029786427815755207,7.83988381702963e-05
1334,pop53,1,0.00037384033203125,0.0
1334,pop52,1,0.0002658367156982422,0.0
1335,pop32,4,0.0029381513595581055,0.004482404386292817
1335,pop33,1,0.0002570152282714844,0.0
1335,pop50,1,0.0002582073211669922,0.0
1335,pop53,1,0.0003840923309326172,0.0
1335,pop52,1,0.00025272369384765625,0.0
1336,pop33,2,0.005144834518432617,0.0047872066497802734
1336,pop50,2,0.00028502941131591797,2.4437904357910156e-05
1336,pop17,5,0.00031461715698242185,0.00010906815887827786
1336,pop25,1,0.00042819976806640625,0.0
1336,pop35,1,0.0002288818359375,0.0
1337,pop36,2,0.004637598991394043,0.004283308982849121
1337,pop51,2,0.0002657175064086914,7.748603820800781e-06
1337,pop4,4,0.00026530027389526367,2.9542926587084813e-05
1337,pop50,1,0.0003447532653808594,0.0
1337,pop44,1,0.0002460479736328125,0.0
1338,pop24,4,0.003012239933013916,0.004611067685859395
1338,pop14,1,0.00024962425231933594,0.0
1338,pop50,1,0.00025963783264160156,0.0
1338,pop53,1,0.0002536773681640625,0.0
1338,pop47,1,0.0002372264862060547,0.0
1339,pop23,3,0.003758033116658529,0.0048666873435930375
1339,pop21,4,0.0002562403678894043,2.03993359183965e-05
1339,pop16,1,0.000247955322265625,0.0
1340,pop27,4,0.0029335618019104004,0.004562834309042511
1340,pop14,1,0.00025725364685058594,0.0
1340,pop24,1,0.00034356117248535156,0.0
1341,pop10,2,0.004887700080871582,0.004502654075622559
1341,pop51,1,0.0002655982971191406,0.0
1341,pop50,2,0.0005513429641723633,6.139278411865234e-05
1341,pop44,1,0.00023984909057617188,0.0
1341,pop27,1,0.00023651123046875,0.0
1341,pop25,1,0.00023365020751953125,0.0
1341,pop17,4,0.00031936168670654297,5.9856003999713535e-05
1341,pop53,1,0.0005383491516113281,0.0
1341,pop1,1,0.0004553794860839844,0.0
1341,pop6,1,0.00043511390686035156,0.0
1342,pop31,2,0.0047386884689331055,0.004361510276794434
1342,pop17,4,0.00029289722442626953,4.898747620465303e-05
1342,pop50,1,0.0003097057342529297,0.0
1342,pop53,1,0.00028634071350097656,0.0
1342,pop1,1,0.000247955322265625,0.0
1342,pop6,1,0.00023221969604492188,0.0
1343,pop38,2,0.005600333213806152,0.005221009254455566
1343,pop39,1,0.00026798248291015625,0.0
1343,pop44,1,0.01114511489868164,0.0
1343,pop50,4,0.00043636560440063477,0.00015678721683093862
1343,pop14,1,0.00035691261291503906,0.0
1343,pop17,2,0.0066901445388793945,0.00643765926361084
1343,pop33,2,0.0003693103790283203,0.00010609626770019531
1343,pop32,3,0.0003815491994222005,0.0001813459560124047
1343,pop53,1,0.0005857944488525391,0.0
1343,pop1,1,0.00047397613525390625,0.0
1343,pop15,1,0.0004169940948486328,0.0
1344,pop16,2,0.005155801773071289,0.004788637161254883
1344,pop23,4,0.00028002262115478516,3.6490701523390076e-05
1344,pop21,1,0.01215815544128418,0.0
1344,pop24,1,0.0002758502960205078,0.0
1345,pop22,4,0.002492666244506836,0.003723766847001792
1345,pop51,1,0.000270843505859375,0.0
1345,pop53,1,0.0002925395965576172,0.0
1345,pop7,1,0.00022554397583007812,0.0
1346,pop42,2,0.004988312721252441,0.0046263933181762695
1346,pop43,1,0.00025343894958496094,0.0
1346,pop51,2,0.0002688169479370117,2.5033950805664062e-06
1346,pop10,4,0.0002740025520324707,2.5586643256999585e-05
1346,pop19,1,0.00025391578674316406,0.0
1346,pop20,1,0.0002493858337402344,0.0
1347,pop21,3,0.008028984069824219,0.0054120035029553825
1347,pop23,1,0.011650323867797852,0.0
1347,pop24,1,0.0002512931823730469,0.0
1347,pop14,2,0.0003319978713989258,4.3272972106933594e-05
1347,pop50,1,0.0003783702850341797,0.0
1347,pop53,1,0.0002951622009277344,0.0
1347,pop1,1,0.0002484321594238281,0.0
1347,pop6,1,0.00023651123046875,0.0
1348,pop6,4,0.005346477031707764,0.005045928835001752
1348,pop1,2,0.00030517578125,6.031990051269531e-05
1348,pop53,2,0.00028717517852783203,3.933906555175781e-06
1348,pop50,3,0.00028888384501139325,1.537794701290843e-05
1348,pop17,1,0.012113571166992188,0.0
1348,pop55,2,0.0003223419189453125,7.62939453125e-05
1349,pop56,2,0.0053681135177612305,0.005023598670959473
1349,pop48,1,0.010335206985473633,0.0
1349,pop52,5,0.00030527114868164065,6.961326058858748e-05
1349,pop13,1,0.010266304016113281,0.0
1349,pop53,1,0.0003027915954589844,0.0
1349,pop47,1,0.0006034374237060547,0.0
1350,pop47,5,0.001901865005493164,0.003210876637614165
1350,pop53,1,0.000293731689453125,0.0
1350,pop1,1,0.0002601146697998047,0.0
1350,pop6,1,0.0002300739288330078,0.0
1351,pop10,5,0.0021114349365234375,0.0036041862475334444
1351,pop51,1,0.00026035308837890625,0.0
1351,pop50,1,0.0002644062042236328,0.0
1351,pop16,1,0.00026607513427734375,0.0
1352,pop30,2,0.0046350955963134766,0.00429081916809082
1352,pop31,1,0.0002486705780029297,0.0
1352,pop17,5,0.0027342796325683593,0.004909364279601809
1352,pop50,3,0.00027378400166829425,1.508435911016393e-05
1352,pop44,1,0.011626243591308594,0.0
1352,pop51,1,0.00024580955505371094,0.0
1352,pop10,1,0.0004630088806152344,0.0
1353,pop40,2,0.004668116569519043,0.004301905632019043
1353,pop41,1,0.00024437904357910156,0.0
1353,pop53,2,0.0141068696975708,0.01383817195892334
1353,pop50,3,0.000455776850382487,0.00012474074843291303
1353,pop14,1,0.00026416778564453125,0.0
1353,pop27,1,0.00035572052001953125,0.0
1353,pop44,1,0.000247955322265625,0.0
1353,pop17,3,0.010438203811645508,0.01424605564179476
1353,pop54,1,0.0004620552062988281,0.0
1353,pop52,3,0.0006962617238362631,0.00019657196967550454
1353,pop12,1,0.030075788497924805,0.0
1353,pop51,1,0.0005905628204345703,0.0
1353,pop10,1,0.0004401206970214844,0.0
1354,pop8,2,0.00480198860168457,0.004438877105712891
1354,pop51,4,0.00028705596923828125,4.906762096901534e-05
1354,pop4,5,0.0024113178253173826,0.004305285366913079
1354,pop10,1,0.011322975158691406,0.0
1355,pop44,2,0.0050296783447265625,0.004682302474975586
1355,pop50,3,0.00036565462748209637,0.00012822787680180113
1355,pop17,2,0.006241321563720703,0.0059719085693359375
1355,pop25,2,0.0003038644790649414,5.8770179748535156e-05
1355,pop27,1,0.000423431396484375,0.0
1355,pop33,2,0.00036156177520751953,9.97781753540039e-05
1355,pop32,4,0.0003159642219543457,0.00011530002044213144
1355,pop53,1,0.0005218982696533203,0.0
1355,pop47,1,0.00044918060302734375,0.0
1356,pop57,2,0.005568981170654297,0.005205631256103516
1356,pop56,1,0.00025081634521484375,0.0
1356,pop48,3,0.00031113624572753906,4.0441769781696524e-05
1356,pop52,1,0.00024318695068359375,0.0
1356,pop34,1,0.0002377033233642578,0.0
1356,pop35,1,0.0002315044403076172,0.0
1357,pop22,5,0.0020855426788330077,0.0035624538701678485
1357,pop51,1,0.0003848075866699219,0.0
1357,pop53,1,0.0002760887145996094,0.0
1357,pop1,1,0.0002722740173339844,0.0
1357,pop15,1,0.0002257823944091797,0.0
1358,pop45,2,0.00537264347076416,0.005004763603210449
1358,pop44,3,0.01287515958150228,0.011427273966683263
1358,pop50,4,0.00042438507080078125,0.00014381878248183598
1358,pop14,1,0.00024771690368652344,0.0
1358,pop27,1,0.00048732757568359375,0.0
1358,pop17,1,0.013671636581420898,0.0
1358,pop55,1,0.02490973472595215,0.0
1358,pop52,1,0.0006189346313476562,0.0
1358,pop12,2,0.015354156494140625,0.01488184928894043
1359,pop48,4,0.0053732991218566895,0.005069690864596312
1359,pop56,1,0.011600732803344727,0.0
1359,pop2,4,0.00028312206268310547,5.7162936424307345e-05
1359,pop49,2,0.0061376094818115234,0.005898237228393555
1359,pop52,1,0.0002598762512207031,0.0
1359,pop53,1,0.0003864765167236328,0.0
1359,pop51,1,0.0005269050598144531,0.0
1359,pop19,1,0.0004839897155761719,0.0
1359,pop20,1,0.0004525184631347656,0.0
1360,pop39,2,0.004991769790649414,0.004639863967895508
1360,pop38,2,0.006010174751281738,0.005658507347106934
1360,pop18,1,0.0003554821014404297,0.0
1360,pop19,1,0.0002529621124267578,0.0
1360,pop51,1,0.000514984130859375,0.0
1360,pop50,1,0.0002727508544921875,0.0
1360,pop16,2,0.00040984153747558594,0.0001609325408935547
1360,pop23,2,0.0003541707992553711,0.00011169910430908203
1360,pop21,2,0.0003523826599121094,9.703636169433594e-05
1360,pop22,3,0.0005359649658203125,6.601396718532363e-05
1361,pop53,2,0.004702329635620117,0.0043141841888427734
1361,pop54,3,0.0034233729044596353,0.004504206023129432
1361,pop52,2,0.00030684471130371094,3.7670135498046875e-05
1361,pop34,1,0.00024890899658203125,0.0
1361,pop35,1,0.0002396106719970703,0.0
1362,pop42,2,0.005043625831604004,0.004671216011047363
1362,pop43,1,0.0003485679626464844,0.0
1362,pop51,4,0.0002595186233520508,1.1605010561648334e-05
1362,pop10,2,0.010922074317932129,0.0006793737411499023
1362,pop4,1,0.01066279411315918,0.0
1362,pop53,3,0.0040547847747802734,0.0051785723595724155
1362,pop54,1,0.011002540588378906,0.0
1362,pop52,2,0.006393909454345703,0.005893707275390625
1362,pop48,4,0.007327437400817871,0.011856839092160698
1362,pop56,1,0.030115365982055664,0.0
1362,pop50,1,0.0005741119384765625,0.0
1362,pop14,1,0.0005092620849609375,0.0
1362,pop24,1,0.0004744529724121094,0.0
1363,pop40,2,0.004760265350341797,0.004396677017211914
1363,pop41,1,0.0002722740173339844,0.0
1363,pop53,3,0.007064342498779297,0.004762532605040824
1363,pop1,4,0.000278472900390625,4.433527943407271e-05
1363,pop6,4,0.0032091736793518066,0.005054449718387805
1363,pop51,1,0.0005364418029785156,0.0
1363,pop19,1,0.0005869865417480469,0.0
1363,pop20,1,0.0004622936248779297,0.0
1364,pop37,4,0.0024237632751464844,0.00355178189720958
1364,pop33,1,0.000255584716796875,0.0
1364,pop50,1,0.0002989768981933594,0.0
1364,pop51,1,0.00039887428283691406,0.0
1364,pop19,1,0.00028634071350097656,0.0
1364,pop18,1,0.00035834312438964844,0.0
1365,pop50,2,0.00509035587310791,0.004699826240539551
1365,pop17,3,0.0002892017364501953,4.1296685734595727e-05
1365,pop25,1,0.00035572052001953125,0.0
1365,pop27,1,0.0002377033233642578,0.0
1365,pop44,1,0.0002422332763671875,0.0
1366,pop24,6,0.004088878631591797,0.005279424439309557
1366,pop23,2,0.00025403499603271484,1.3113021850585938e-06
1366,pop21,1,0.012585639953613281,0.0
1366,pop14,1,0.0002512931823730469,0.0
1366,pop50,1,0.00026535987854003906,0.0
1366,pop35,1,0.00022530555725097656,0.0
1367,pop23,4,0.002989053726196289,0.004580433783843156
1367,pop16,1,0.00024199485778808594,0.0
1367,pop50,1,0.00029015541076660156,0.0
1367,pop51,1,0.00026607513427734375,0.0
1367,pop19,1,0.0002505779266357422,0.0
1367,pop20,1,0.000247955322265625,0.0
1368,pop30,2,0.004741072654724121,0.00433957576751709
1368,pop31,1,0.00024008750915527344,0.0
1368,pop17,4,0.0002980232238769531,6.277452979366779e-05
1368,pop50,1,0.00029730796813964844,0.0
1368,pop53,1,0.00030112266540527344,0.0
1368,pop1,1,0.00025725364685058594,0.0
1368,pop6,1,0.00023031234741210938,0.0
1369,pop8,2,0.0048885345458984375,0.004524946212768555
1369,pop51,1,0.0002491474151611328,0.0
1369,pop47,2,0.005343794822692871,0.004908204078674316
1369,pop53,3,0.004129091898600261,0.005106673241581553
1369,pop54,2,0.005759596824645996,0.005503535270690918
1370,pop48,2,0.005313992500305176,0.0049446821212768555
1370,pop52,2,0.0002611875534057617,5.841255187988281e-06
1370,pop12,3,0.0002986590067545573,3.93211600144863e-05
1371,pop39,2,0.005124211311340332,0.00475919246673584
1371,pop44,4,0.0031958818435668945,0.004979704077119399
1371,pop50,3,0.0005004405975341797,0.0001556350514100786
1371,pop17,1,0.01327967643737793,0.0
1371,pop25,1,0.0002503395080566406,0.0
1371,pop27,1,0.0003662109375,0.0
1371,pop33,2,0.00046515464782714844,9.5367431640625e-06
1371,pop32,2,0.0004955530166625977,4.5180320739746094e-05
1371,pop16,1,0.00045990943908691406,0.0
1372,pop53,3,0.0032674471537272134,0.004121344652377693
1372,pop54,1,0.009279966354370117,0.0
1372,pop52,2,0.0003103017807006836,5.5670738220214844e-05
1372,pop13,3,0.00029508272806803387,7.575793859768888e-05
1372,pop51,1,0.0002899169921875,0.0
1372,pop19,1,0.00036454200744628906,0.0
1372,pop20,1,0.0004582405090332031,0.0
1373,pop28,2,0.004836916923522949,0.004485487937927246
1373,pop51,1,0.00028443336486816406,0.0
1373,pop50,2,0.00029480457305908203,7.987022399902344e-06
1373,pop17,3,0.0003062884012858073,6.244756632085618e-05
1373,pop53,1,0.00030684471130371094,0.0
1373,pop1,1,0.0002579689025878906,0.0
1373,pop6,1,0.00022935867309570312,0.0
1374,pop52,5,0.004292345046997071,0.004856457244116735
1374,pop13,2,0.005398988723754883,0.0051419734954833984
1374,pop55,2,0.005362153053283691,0.004891037940979004
1374,pop56,1,0.00025582313537597656,0.0
1374,pop48,1,0.000370025634765625,0.0
1374,pop50,3,0.0006830692291259766,0.00016315578735714208
1374,pop17,1,0.030015230178833008,0.0
1374,pop32,2,0.0005342960357666016,4.553794860839844e-05
1374,pop33,1,0.0005984306335449219,0.0
1374,pop16,1,0.00045990943908691406,0.0
1375,pop46,2,0.00513458251953125,0.004766702651977539
1375,pop45,1,0.0002493858337402344,0.0
1375,pop44,3,0.0002918243408203125,5.972563860848326e-05
1375,pop50,1,0.0002732276916503906,0.0
1375,pop53,1,0.00026869773864746094,0.0
1375,pop1,1,0.0002608299255371094,0.0
1375,pop6,1,0.00023603439331054688,0.0
1376,pop27,5,0.002489328384399414,0.004393914973923074
1376,pop25,1,0.00023508071899414062,0.0
1376,pop17,1,0.0002467632293701172,0.0
1376,pop50,1,0.00027060508728027344,0.0
1376,pop51,1,0.00036978721618652344,0.0
1377,pop16,2,0.005290031433105469,0.004921913146972656
1377,pop23,3,0.007938385009765625,0.005442639491306396
1377,pop21,1,0.012542963027954102,0.0
1377,pop24,3,0.00027632713317871094,2.2368186623256525e-05
1377,pop14,1,0.00026416778564453125,0.0
1377,pop50,1,0.00034546852111816406,0.0
1377,pop51,1,0.0002837181091308594,0.0
1378,pop45,2,0.005466461181640625,0.005098581314086914
1378,pop44,1,0.0004851818084716797,0.0
1378,pop27,1,0.000263214111328125,0.0
1378,pop25,1,0.0002598762512207031,0.0
1378,pop17,3,0.00028133392333984375,3.2753425719361676e-05
1378,pop50,1,0.0002779960632324219,0.0
1378,pop51,1,0.0002741813659667969,0.0
1379,pop40,2,0.004908561706542969,0.004545450210571289
1379,pop41,1,0.0002677440643310547,0.0
1379,pop53,3,0.00035389264424641925,0.00013300200374018436
1379,pop47,2,0.005189657211303711,0.004742622375488281
1379,pop54,1,0.011252641677856445,0.0
1379,pop52,4,0.0005657076835632324,0.00027646083200595547
1379,pop13,1,0.027329683303833008,0.0
1380,pop37,4,0.002410709857940674,0.003563353057924891
1380,pop33,1,0.0002529621124267578,0.0
1380,pop50,1,0.0002872943878173828,0.0
1380,pop14,1,0.00027060508728027344,0.0
1380,pop24,1,0.00024080276489257812,0.0
1381,pop50,2,0.005142331123352051,0.004739165306091309
1381,pop17,1,0.011530160903930664,0.0
1381,pop25,1,0.0002551078796386719,0.0
1381,pop27,1,0.00023698806762695312,0.0
1381,pop44,4,0.00025212764739990234,4.945389869854818e-06
1382,pop8,2,0.004956364631652832,0.004595637321472168
1382,pop51,4,0.0004150271415710449,0.0001218053401322945
1382,pop10,2,0.005279421806335449,0.00487363338470459
1382,pop4,2,0.005681514739990234,0.005441188812255859
1382,pop22,1,0.011284112930297852,0.0
1382,pop21,2,0.0005513429641723633,0.0001081228256225586
1382,pop23,1,0.00047206878662109375,0.0
1382,pop16,1,0.00044083595275878906,0.0
1382,pop50,1,0.0005576610565185547,0.0
1383,pop18,3,0.003765583038330078,0.0049092673499568865
1383,pop38,3,0.00028904279073079425,5.785318513278079e-05
1383,pop19,1,0.0002627372741699219,0.0
1383,pop51,1,0.0002617835998535156,0.0
1383,pop53,1,0.0002856254577636719,0.0
1383,pop1,1,0.0002536773681640625,0.0
1383,pop6,1,0.0002372264862060547,0.0
1384,pop6,5,0.002393484115600586,0.004064456140324214
1384,pop1,1,0.00024080276489257812,0.0
1384,pop53,1,0.00037932395935058594,0.0
1384,pop50,1,0.00026106834411621094,0.0
1384,pop14,1,0.0003807544708251953,0.0
1384,pop24,1,0.00025343894958496094,0.0
1385,pop47,5,0.0019564151763916014,0.003248780357959114
1385,pop53,1,0.0002741813659667969,0.0
1385,pop50,1,0.00027751922607421875,0.0
1385,pop14,1,0.0003876686096191406,0.0
1385,pop24,1,0.00026297569274902344,0.0
1386,pop10,2,0.005028367042541504,0.004651665687561035
1386,pop51,2,0.00026547908782958984,1.1801719665527344e-05
1386,pop9,3,0.0002693335215250651,4.16527258018952e-05
1386,pop19,1,0.00025653839111328125,0.0
1386,pop18,1,0.0004410743713378906,0.0
1387,pop16,2,0.005397439002990723,0.005034089088439941
1387,pop23,1,0.011729001998901367,0.0
1387,pop21,1,0.00027489662170410156,0.0
1387,pop22,4,0.0002619028091430664,2.1696418193818682e-05
1387,pop51,1,0.0006310939788818359,0.0
1387,pop10,1,0.00045228004455566406,0.0
1388,pop14,3,0.003878037134806315,0.005020646741113427
1388,pop24,4,0.00031489133834838867,6.292565415517451e-05
1388,pop50,1,0.0002548694610595703,0.0
1388,pop51,1,0.0002818107604980469,0.0
1388,pop10,1,0.0002493858337402344,0.0
1389,pop44,3,0.0036520163218180337,0.004602936595777603
1389,pop50,3,0.0003608862559000651,0.00014099529081497146
1389,pop17,2,0.0059566497802734375,0.005706071853637695
1389,pop25,2,0.0002466440200805664,8.344650268554688e-07
1389,pop27,1,0.0003399848937988281,0.0
1389,pop14,3,0.004752715428670247,0.006203108546601812
1389,pop24,2,0.00033783912658691406,8.511543273925781e-05
1390,pop57,2,0.0058362483978271484,0.00547027587890625
1390,pop56,1,0.011374235153198242,0.0
1390,pop2,3,0.004396915435791016,0.005854197265445574
1390,pop49,2,0.00032830238342285156,8.678436279296875e-05
1390,pop48,1,0.00034499168395996094,0.0
1390,pop52,1,0.0002741813659667969,0.0
1390,pop53,1,0.0002789497375488281,0.0
1390,pop51,1,0.0002892017364501953,0.0
1390,pop19,1,0.0004680156707763672,0.0
1390,pop18,1,0.00044274330139160156,0.0
1391,pop22,4,0.0025626420974731445,0.0038669073053950124
1391,pop51,1,0.00026917457580566406,0.0
1391,pop53,1,0.00028014183044433594,0.0
1391,pop1,1,0.0004284381866455078,0.0
1391,pop6,1,0.00024056434631347656,0.0
1392,pop40,2,0.004970908164978027,0.004632115364074707
1392,pop43,1,0.00025177001953125,0.0
1392,pop51,2,0.0004379749298095703,0.0001895427703857422
1392,pop9,4,0.00029355287551879883,5.5319372338553303e-05
1392,pop19,1,0.0004942417144775391,0.0
1392,pop18,1,0.0005757808685302734,0.0
1393,pop50,6,0.0020927985509236655,0.003477205164696874
1393,pop17,3,0.015511592229207357,0.014158108396997252
1393,pop31,1,0.00024127960205078125,0.0
1393,pop30,1,0.000240325927734375,0.0
1393,pop48,1,0.0002644062042236328,0.0
1393,pop52,1,0.0002644062042236328,0.0
1393,pop53,2,0.0004178285598754883,0.00014126300811767578
1393,pop33,2,0.0005010366439819336,4.172325134277344e-06
1393,pop32,3,0.0113832155863444,0.015444856703671957
1393,pop25,2,0.0004868507385253906,1.9073486328125e-06
1393,pop27,1,0.0006248950958251953,0.0
1393,pop55,2,0.0006070137023925781,0.00013184547424316406
1393,pop1,1,0.0005459785461425781,0.0
1393,pop6,1,0.00045752525329589844,0.0
1394,pop6,4,0.0028603672981262207,0.004442818973220995
1394,pop1,1,0.00024771690368652344,0.0
1394,pop53,1,0.0002636909484863281,0.0
1394,pop7,1,0.00022983551025390625,0.0
1395,pop47,5,0.0019271373748779297,0.003244208824880521
1395,pop51,1,0.0002613067626953125,0.0
1395,pop10,1,0.000240325927734375,0.0
1396,pop10,6,0.005360325177510579,0.005006091096335378
1396,pop51,5,0.0002745151519775391,1.6957310883098118e-05
1396,pop4,2,0.011255025863647461,0.00048065185546875
1396,pop53,1,0.00029659271240234375,0.0
1396,pop1,1,0.00025463104248046875,0.0
1396,pop6,1,0.00048828125,0.0
1397,pop9,4,0.0026319026947021484,0.004070100224697006
1397,pop51,1,0.00027060508728027344,0.0
1398,pop55,5,0.0019962310791015623,0.0033410234359434535
1398,pop52,1,0.0002665519714355469,0.0
1398,pop34,1,0.00023937225341796875,0.0
1398,pop35,1,0.0002334117889404297,0.0
1399,pop4,2,0.005150318145751953,0.004782676696777344
1399,pop51,2,0.00038123130798339844,0.0001220703125
1399,pop9,4,0.0002943277359008789,7.176409132053985e-05
1399,pop53,1,0.0005352497100830078,0.0
1399,pop1,1,0.0004634857177734375,0.0
1399,pop15,1,0.0004146099090576172,0.0
1400,pop42,2,0.005171537399291992,0.004798412322998047
1400,pop43,1,0.00023698806762695312,0.0
1400,pop40,4,0.0003260970115661621,4.733565825882605e-05
1400,pop41,1,0.0002617835998535156,0.0
1400,pop53,1,0.0002841949462890625,0.0
1400,pop7,1,0.0002346038818359375,0.0
1401,pop18,2,0.005633711814880371,0.005256056785583496
1401,pop38,3,0.004377603530883789,0.005843745073996468
1401,pop39,1,0.0002498626708984375,0.0
1401,pop44,2,0.00033342838287353516,8.404254913330078e-05
1401,pop50,1,0.0002892017364501953,0.0
1401,pop35,1,0.0004520416259765625,0.0
1402,pop14,3,0.0038875738779703775,0.005033487321438738
1402,pop24,4,0.0003039836883544922,4.758735695840125e-05
1402,pop50,1,0.0002720355987548828,0.0
1402,pop53,1,0.00026535987854003906,0.0
1402,pop7,1,0.0002384185791015625,0.0
1403,pop40,2,0.0049353837966918945,0.0045768022537231445
1403,pop41,1,0.00025391578674316406,0.0
1403,pop53,2,0.00042951107025146484,0.0001767873764038086
1403,pop52,4,0.0002968311309814453,7.299639485825799e-05
1403,pop13,1,0.010983705520629883,0.0
1403,pop54,1,0.010544776916503906,0.0
1403,pop12,3,0.0003611246744791667,0.00013355148648181358
1403,pop7,1,0.0004074573516845703,0.0
1404,pop41,3,0.0034755071004231772,0.0044822929358591225
1404,pop40,1,0.009839296340942383,0.0
1404,pop53,2,0.005254507064819336,0.004991769790649414
1404,pop52,4,0.0003241300582885742,0.0001267217176567249
1404,pop50,1,0.00028896331787109375,0.0
1404,pop14,1,0.00025153160095214844,0.0
1404,pop24,1,0.0002465248107910156,0.0
1405,pop32,5,0.002512693405151367,0.004437405615055159
1405,pop33,1,0.0002486705780029297,0.0
1405,pop50,1,0.0002639293670654297,0.0
1405,pop16,1,0.00024962425231933594,0.0
1406,pop33,3,0.00374452273050944,0.004795187638199095
1406,pop32,4,0.0003190040588378906,3.823664675163622e-05
1406,pop50,1,0.00028443336486816406,0.0
1406,pop16,1,0.0003597736358642578,0.0
1407,pop36,2,0.004901289939880371,0.00454866886138916
1407,pop51,2,0.00038230419158935547,0.00010788440704345703
1407,pop22,4,0.0003432035446166992,0.00017689039851623287
1407,pop53,1,0.0005950927734375,0.0
1407,pop1,1,0.0005307197570800781,0.0
1407,pop15,1,0.00042939186096191406,0.0
1408,pop24,5,0.002577972412109375,0.004515043615012653
1408,pop14,1,0.00028896331787109375,0.0
1408,pop50,1,0.00029730796813964844,0.0
1408,pop44,1,0.0003380775451660156,0.0
1409,pop48,4,0.005932271480560303,0.005673099446380389
1409,pop56,2,0.005890011787414551,0.005628466606140137
1409,pop2,2,0.006718158721923828,0.006473064422607422
1409,pop49,2,0.01246786117553711,0.0005238056182861328
1409,pop52,1,0.01219034194946289,0.0
1409,pop13,1,0.013112306594848633,0.0
1410,pop39,2,0.0051844120025634766,0.00480961799621582
1410,pop44,1,0.00028133392333984375,0.0
1410,pop50,1,0.00028586387634277344,0.0
1410,pop55,1,0.010174989700317383,0.0
1410,pop52,6,0.0024733543395996094,0.004505798934114822
1410,pop12,1,0.012358903884887695,0.0
1410,pop48,1,0.02816605567932129,0.0
1410,pop53,1,0.0005633831024169922,0.0
1410,pop7,1,0.0005903244018554688,0.0
1411,pop53,5,0.002110910415649414,0.0035791059076190454
1411,pop1,1,0.00025963783264160156,0.0
1411,pop6,1,0.0002353191375732422,0.0
1412,pop44,3,0.0071438948313395185,0.004804908314362457
1412,pop50,2,0.00028526782989501953,1.0728836059570312e-06
1412,pop14,3,0.0003104209899902344,8.213811291577228e-05
1412,pop53,1,0.00026416778564453125,0.0
1412,pop47,1,0.0002346038818359375,0.0
1413,pop57,2,0.005883574485778809,0.005513787269592285
1413,pop56,3,0.00410914421081543,0.005317586180521029
1413,pop48,4,0.003182828426361084,0.005084038483402712
1413,pop52,1,0.00027179718017578125,0.0
1413,pop53,1,0.00029349327087402344,0.0
1413,pop51,1,0.0005159378051757812,0.0
1414,pop50,5,0.0023909091949462892,0.0037739054203671817
1414,pop55,3,0.006698926289876302,0.004563583972489231
1414,pop52,1,0.010885000228881836,0.0
1414,pop44,3,0.00043972333272298175,0.00014377573843008722
1414,pop27,1,0.0002491474151611328,0.0
1414,pop25,1,0.0004336833953857422,0.0
1414,pop17,2,0.016193032264709473,0.01568615436553955
1414,pop14,1,0.00047516822814941406,0.0
1414,pop24,1,0.0004901885986328125,0.0
1415,pop6,3,0.007303794225056966,0.004915115804073789
1415,pop1,1,0.00025534629821777344,0.0
1415,pop53,2,0.00040709972381591797,2.6345252990722656e-05
1415,pop52,3,0.000333865483601888,8.828794471608562e-05
1415,pop55,1,0.0002498626708984375,0.0
1416,pop47,4,0.002387821674346924,0.0035545242875199886
1416,pop53,1,0.0002722740173339844,0.0
1416,pop50,1,0.00030231475830078125,0.0
1416,pop55,1,0.0002307891845703125,0.0
1417,pop10,4,0.007859289646148682,0.004355997147596191
1417,pop51,4,0.0002757906913757324,1.0645563096429291e-05
1417,pop4,3,0.007625738779703776,0.00521931620443697
1417,pop19,2,0.00035393238067626953,9.644031524658203e-05
1417,pop20,2,0.0066661834716796875,0.0062236785888671875
1417,pop46,1,0.0004563331604003906,0.0
1417,pop45,1,0.00047969818115234375,0.0
1417,pop44,1,0.0004801750183105469,0.0
1417,pop50,2,0.0005261898040771484,3.6716461181640625e-05
1417,pop53,2,0.0005496740341186523,2.658367156982422e-05
1417,pop41,2,0.00046896934509277344,2.6226043701171875e-06
1417,pop40,2,0.0006029605865478516,0.000110626220703125
1417,pop16,1,0.00043320655822753906,0.0
1418,pop55,5,0.003827619552612305,0.00434813846801683
1418,pop52,2,0.0003376007080078125,7.867813110351562e-05
1419,pop42,2,0.005149126052856445,0.004787921905517578
1419,pop43,1,0.00024366378784179688,0.0
1419,pop51,2,0.00036919116973876953,0.00012218952178955078
1419,pop22,4,0.0002868175506591797,6.047660089937355e-05
1419,pop53,1,0.0005328655242919922,0.0
1419,pop1,1,0.0004889965057373047,0.0
1419,pop15,1,0.0004878044128417969,0.0
1420,pop31,2,0.005037069320678711,0.004676342010498047
1420,pop17,4,0.000308990478515625,4.8256061764838016e-05
1420,pop50,1,0.0003943443298339844,0.0
1420,pop14,1,0.0002562999725341797,0.0
1420,pop24,1,0.0002532005310058594,0.0
1421,pop38,3,0.007766882578531901,0.00523862950035948
1421,pop18,1,0.00025272369384765625,0.0
1421,pop19,2,0.0002593994140625,7.152557373046875e-07
1421,pop20,2,0.0003756284713745117,1.728534698486328e-05
1421,pop51,1,0.00027370452880859375,0.0
1421,pop53,1,0.0002827644348144531,0.0
1421,pop7,1,0.00022912025451660156,0.0
1422,pop28,2,0.004856467247009277,0.004494071006774902
1422,pop36,1,0.00023984909057617188,0.0
1422,pop10,1,0.011191129684448242,0.0
1422,pop51,2,0.000385284423828125,3.5762786865234375e-06
1422,pop4,1,0.01174306869506836,0.0
1422,pop19,1,0.00024819374084472656,0.0
1422,pop20,2,0.006758689880371094,0.0063931941986083984
1422,pop46,1,0.00024366378784179688,0.0
1422,pop45,1,0.0004837512969970703,0.0
1422,pop44,2,0.014678239822387695,0.014201164245605469
1422,pop50,3,0.0007100105285644531,0.00017560441482654868
1422,pop14,2,0.0005044937133789062,9.5367431640625e-07
1422,pop27,2,0.0004508495330810547,5.4836273193359375e-06
1422,pop25,1,0.0006055831909179688,0.0
1422,pop17,3,0.0005180835723876953,1.5991234900672566e-05
1423,pop46,2,0.005284667015075684,0.004908442497253418
1423,pop45,1,0.0002617835998535156,0.0
1423,pop44,1,0.00025272369384765625,0.0
1423,pop50,3,0.00034228960673014325,9.54850451759011e-05
1423,pop14,1,0.0003349781036376953,0.0
1423,pop17,2,0.006630420684814453,0.006384849548339844
1423,pop33,2,0.0004119873046875,4.9591064453125e-05
1423,pop32,2,0.007485508918762207,0.007239699363708496
1423,pop37,2,0.0006135702133178711,0.00017464160919189453
1423,pop52,1,0.0009775161743164062,0.0
1423,pop54,1,0.0004837512969970703,0.0
1423,pop53,1,0.0006089210510253906,0.0
1423,pop47,1,0.0004527568817138672,0.0
1424,pop45,2,0.0055081844329833984,0.005137205123901367
1424,pop44,1,0.0002532005310058594,0.0
1424,pop50,2,0.00027573108673095703,6.318092346191406e-06
1424,pop14,3,0.008278926213582357,0.005685647894120335
1424,pop24,5,0.002886390686035156,0.00521762730663427
1424,pop53,1,0.0002696514129638672,0.0
1424,pop7,1,0.00042128562927246094,0.0
1425,pop37,4,0.002442598342895508,0.0036603698799449187
1425,pop52,1,0.00025773048400878906,0.0
1425,pop34,1,0.0002536773681640625,0.0
1425,pop35,1,0.0003414154052734375,0.0
1426,pop14,5,0.002464485168457031,0.0043302707160771435
1426,pop50,1,0.00028228759765625,0.0
1426,pop44,1,0.00023865699768066406,0.0
1427,pop36,2,0.004942774772644043,0.004589200019836426
1427,pop51,2,0.00044536590576171875,0.00018477439880371094
1427,pop9,3,0.00031177202860514325,6.016510151690668e-05
1427,pop47,1,0.00042247772216796875,0.0
1428,pop24,7,0.0037842818668910433,0.0055706777382108505
1428,pop23,2,0.00036263465881347656,1.9073486328125e-06
1428,pop21,1,0.012578487396240234,0.0
1428,pop14,1,0.012506961822509766,0.0
1429,pop48,4,0.005543172359466553,0.005249024023299159
1429,pop49,4,0.006230652332305908,0.005997093425305328
1429,pop2,3,0.004394690195719401,0.005761820470749458
1429,pop52,1,0.0003750324249267578,0.0
1429,pop53,1,0.0005724430084228516,0.0
1429,pop47,1,0.00041675567626953125,0.0
1430,pop10,5,0.002171897888183594,0.0037897017618888774
1431,pop21,4,0.009715259075164795,0.005414761146093417
1431,pop23,3,0.004323720932006836,0.005741751697139573
1431,pop24,3,0.004590908686319987,0.005935014325379164
1431,pop14,1,0.0003719329833984375,0.0
1431,pop50,1,0.0004074573516845703,0.0
1431,pop53,1,0.0002770423889160156,0.0
1431,pop1,1,0.000591278076171875,0.0
1431,pop6,1,0.0004341602325439453,0.0
1432,pop56,3,0.007732391357421875,0.005213061026952152
1432,pop48,3,0.0002758502960205078,2.7367295937121855e-05
1432,pop52,1,0.00025844573974609375,0.0
1432,pop55,1,0.00023651123046875,0.0
1433,pop41,2,0.005147576332092285,0.0047751665115356445
1433,pop53,4,0.0003158450126647949,5.699235805768961e-05
1433,pop50,1,0.00030732154846191406,0.0
1433,pop44,1,0.00024271011352539062,0.0
1434,pop32,5,0.0025321006774902343,0.0044529658784894545
1434,pop33,1,0.00024771690368652344,0.0
1434,pop50,1,0.00028705596923828125,0.0
1434,pop53,1,0.00028061866760253906,0.0
1434,pop1,1,0.0002605915069580078,0.0
1434,pop15,1,0.00022554397583007812,0.0
1435,pop42,2,0.005184650421142578,0.004826784133911133
1435,pop43,1,0.00025081634521484375,0.0
1435,pop51,2,0.0002741813659667969,3.0994415283203125e-06
1435,pop4,4,0.000284731388092041,4.790919607258718e-05
1436,pop38,2,0.005883693695068359,0.0054759979248046875
1436,pop18,1,0.00025010108947753906,0.0
1436,pop19,1,0.00024700164794921875,0.0
1436,pop51,2,0.0003739595413208008,0.0001176595687866211
1436,pop22,4,0.0004143714904785156,0.0002357273802387423
1436,pop53,1,0.0005910396575927734,0.0
1436,pop52,1,0.00048041343688964844,0.0
1437,pop28,2,0.004922151565551758,0.004565715789794922
1437,pop51,2,0.00032711029052734375,5.030632019042969e-05
1437,pop4,4,0.0003033876419067383,5.474666343375219e-05
1437,pop19,1,0.0002472400665283203,0.0
1437,pop18,1,0.00024819374084472656,0.0
1438,pop24,2,0.006168961524963379,0.00579988956451416
1438,pop14,3,0.0003380775451660156,0.00011194016772047956
1438,pop50,1,0.00029349327087402344,0.0
1438,pop35,1,0.0002334117889404297,0.0
1439,pop10,2,0.005139827728271484,0.004756927490234375
1439,pop51,2,0.0003770589828491211,9.59634780883789e-05
1439,pop22,3,0.0038570562998453775,0.005110784384606552
1439,pop50,2,0.0006101131439208984,2.09808349609375e-05
1439,pop33,2,0.00047969818115234375,3.0994415283203125e-05
1439,pop32,2,0.0006047487258911133,1.0371208190917969e-05
1439,pop14,1,0.0004754066467285156,0.0
1439,pop24,1,0.0004622936248779297,0.0
1440,pop45,2,0.005704760551452637,0.005314230918884277
1440,pop44,1,0.00024628639221191406,0.0
1440,pop50,2,0.0003509521484375,4.9591064453125e-05
1440,pop33,2,0.0002466440200805664,1.3113021850585938e-06
1440,pop32,4,0.00028973817825317383,6.985977132487624e-05
1440,pop51,1,0.0005474090576171875,0.0
1440,pop19,1,0.00048160552978515625,0.0
1440,pop20,1,0.00044226646423339844,0.0
1441,pop37,4,0.002456367015838623,0.0037071901337166874
1441,pop52,1,0.0002701282501220703,0.0
1441,pop53,1,0.0002875328063964844,0.0
1441,pop7,1,0.0002346038818359375,0.0
1442,pop36,2,0.004990696907043457,0.00464475154876709
1442,pop51,2,0.00026404857635498047,1.2755393981933594e-05
1442,pop4,3,0.00029158592224121094,4.740914128487166e-05
1442,pop53,1,0.0002803802490234375,0.0
1442,pop1,1,0.00025773048400878906,0.0
1442,pop15,1,0.00040793418884277344,0.0
1443,pop48,3,0.003777106602986654,0.004838572167043418
1443,pop49,4,0.006275296211242676,0.00604009467014658
1443,pop2,4,0.0033851265907287598,0.005336556958843744
1443,pop52,1,0.0002791881561279297,0.0
1443,pop53,1,0.0004963874816894531,0.0
1443,pop51,1,0.0005352497100830078,0.0
1443,pop19,1,0.0005130767822265625,0.0
1443,pop20,1,0.00045299530029296875,0.0
1444,pop41,2,0.005216002464294434,0.004856228828430176
1444,pop53,3,0.000537872314453125,0.00022314679890501378
1444,pop54,1,0.0003371238708496094,0.0
1444,pop52,3,0.003992716471354167,0.004980810390976058
1444,pop55,1,0.01002645492553711,0.0
1444,pop50,4,0.0005043148994445801,0.00011928322108825654
1444,pop44,1,0.0002529621124267578,0.0
1444,pop27,1,0.0004508495330810547,0.0
1444,pop25,1,0.0004892349243164062,0.0
1444,pop17,1,0.03183579444885254,0.0
1444,pop31,1,0.0004258155822753906,0.0
1444,pop30,1,0.0004329681396484375,0.0
1444,pop48,1,0.0004558563232421875,0.0
1444,pop51,1,0.0005393028259277344,0.0
1444,pop16,3,0.00038854281107584637,0.00010649179343159501
1444,pop23,2,0.020168542861938477,0.01957392692565918
1444,pop24,1,0.042504072189331055,0.0
1444,pop33,2,0.0007503032684326172,0.00021076202392578125
1444,pop32,4,0.0005511641502380371,6.312475204136392e-05
1444,pop37,1,0.00042939186096191406,0.0
1445,pop32,5,0.0026027202606201173,0.004501832599982783
1445,pop33,1,0.00026416778564453125,0.0
1445,pop50,1,0.0003180503845214844,0.0
1445,pop35,1,0.00022459030151367188,0.0
1446,pop48,6,0.002063314119974772,0.0039010499636025556
1446,pop49,1,0.012994050979614258,0.0
1446,pop52,1,0.00025773048400878906,0.0
1447,pop23,5,0.0026355266571044924,0.004563201858107033
1447,pop16,1,0.00025725364685058594,0.0
1447,pop50,1,0.0002956390380859375,0.0
1447,pop51,1,0.0002760887145996094,0.0
1447,pop19,1,0.0002613067626953125,0.0
1447,pop20,1,0.0003414154052734375,0.0
1448,pop30,2,0.004969239234924316,0.004602789878845215
1448,pop31,1,0.00024437904357910156,0.0
1448,pop17,3,0.00470884641011556,0.006237276719394956
1448,pop50,1,0.00030922889709472656,0.0
1448,pop14,2,0.00032651424407958984,5.3763389587402344e-05
1448,pop24,1,0.0004622936248779297,0.0
1449,pop33,3,0.003824949264526367,0.004967938594837492
1449,pop32,2,0.006433606147766113,0.006189942359924316
1449,pop50,1,0.0002818107604980469,0.0
1449,pop53,2,0.005698084831237793,0.005427956581115723
1449,pop41,2,0.00025343894958496094,2.6226043701171875e-06
1449,pop40,1,0.011669397354125977,0.0
1449,pop54,1,0.011704683303833008,0.0
1449,pop52,2,0.0006022453308105469,9.202957153320312e-05
1449,pop48,2,0.014956951141357422,0.01447606086730957
1449,pop56,1,0.03150343894958496,0.0
1449,pop2,3,0.0005201498667399088,6.688716514486946e-05
1449,pop49,1,0.00044846534729003906,0.0
1449,pop51,1,0.0006852149963378906,0.0
1450,pop50,5,0.0024275779724121094,0.003973602359881951
1450,pop17,3,0.008882681528727213,0.006156525137052985
1450,pop25,1,0.0002446174621582031,0.0
1450,pop27,1,0.000244140625,0.0
1450,pop44,1,0.013063907623291016,0.0
1450,pop14,3,0.0006279150644938151,7.405582815391111e-05
1450,pop53,1,0.0005919933319091797,0.0
1450,pop1,1,0.0004680156707763672,0.0
1450,pop15,1,0.0004756450653076172,0.0
1451,pop55,2,0.0047419071197509766,0.004382610321044922
1451,pop52,2,0.0003820657730102539,0.0001195669174194336
1451,pop48,3,0.004147926966349284,0.005501231729820985
1451,pop56,1,0.0002551078796386719,0.0
1451,pop2,1,0.00025916099548339844,0.0
1451,pop49,3,0.00028204917907714844,4.930943518589725e-05
1451,pop53,1,0.0005831718444824219,0.0
1451,pop50,1,0.0005705356597900391,0.0
1451,pop44,1,0.00047516822814941406,0.0
1452,pop37,5,0.0020530223846435547,0.003486889284855867
1452,pop33,1,0.0002894401550292969,0.0
1452,pop50,1,0.0002918243408203125,0.0
1452,pop51,1,0.0002846717834472656,0.0
1452,pop10,1,0.0005481243133544922,0.0
1453,pop48,3,0.003807544708251953,0.004953240863443651
1453,pop49,1,0.011517524719238281,0.0
1453,pop2,1,0.00024199485778808594,0.0
1453,pop56,1,0.012238502502441406,0.0
1453,pop52,4,0.0004813671112060547,0.0002662927944764076
1453,pop55,2,0.005660653114318848,0.0052956342697143555
1453,pop13,1,0.02628636360168457,0.0
1453,pop54,1,0.025089740753173828,0.0
1454,pop52,5,0.004479360580444336,0.005091308754221513
1454,pop55,1,0.010182380676269531,0.0
1454,pop56,1,0.00024962425231933594,0.0
1454,pop48,1,0.0002529621124267578,0.0
1454,pop53,1,0.0006318092346191406,0.0
1454,pop50,2,0.000582575798034668,1.3113021850585938e-06
1454,pop17,2,0.0007292032241821289,0.00022399425506591797
1454,pop25,1,0.0005621910095214844,0.0
1454,pop27,1,0.00043964385986328125,0.0
1454,pop14,1,0.000499725341796875,0.0
1454,pop51,1,0.0005562305450439453,0.0
1454,pop19,1,0.0004756450653076172,0.0
1454,pop18,1,0.00046944618225097656,0.0
1455,pop27,5,0.0026597499847412108,0.004693102272608043
1455,pop44,1,0.0002434253692626953,0.0
1455,pop50,1,0.00028443336486816406,0.0
1455,pop16,1,0.00036787986755371094,0.0
1456,pop8,2,0.005138874053955078,0.004757404327392578
1456,pop51,3,0.00033624966939290363,9.342141984414738e-05
1456,pop10,3,0.0040598710378011065,0.005257309207508023
1456,pop22,2,0.00027740001678466797,2.9921531677246094e-05
1457,pop16,2,0.005693912506103516,0.0052890777587890625
1457,pop23,1,0.00025963783264160156,0.0
1457,pop24,4,0.00029730796813964844,7.343698620388591e-05
1457,pop14,1,0.00025534629821777344,0.0
1457,pop50,1,0.0002923011779785156,0.0
1457,pop53,1,0.0002765655517578125,0.0
1457,pop1,1,0.00028014183044433594,0.0
1457,pop6,1,0.00045418739318847656,0.0
1458,pop42,2,0.005370020866394043,0.0049964189529418945
1458,pop43,1,0.00024175643920898438,0.0
1458,pop51,2,0.0002682209014892578,3.814697265625e-06
1458,pop10,1,0.010886430740356445,0.0
1458,pop53,2,0.005615592002868652,0.005341172218322754
1458,pop41,2,0.0002511739730834961,4.649162292480469e-06
1458,pop40,2,0.006119847297668457,0.0058716535568237305
1458,pop52,3,0.0005440711975097656,7.528466977669504e-05
1459,pop28,2,0.0050144195556640625,0.004639148712158203
1459,pop36,1,0.00023865699768066406,0.0
1459,pop10,2,0.005953550338745117,0.005701780319213867
1459,pop51,1,0.0002789497375488281,0.0
1459,pop53,1,0.0002865791320800781,0.0
1459,pop54,1,0.011818885803222656,0.0
1459,pop52,2,0.0005754232406616211,7.355213165283203e-05
1459,pop48,2,0.014111638069152832,0.013654589653015137
1459,pop49,2,0.0005615949630737305,8.71419906616211e-05
1460,pop33,3,0.003922303517659505,0.005101782650307407
1460,pop32,3,0.0002876122792561849,5.63227694669721e-05
1460,pop50,1,0.0003120899200439453,0.0
1460,pop53,1,0.0002875328063964844,0.0
1460,pop52,1,0.0002543926239013672,0.0
1461,pop55,3,0.0032619635264078775,0.004175729091164676
1461,pop52,3,0.0002845923105875651,3.384778857184257e-05
1462,pop37,4,0.0025055408477783203,0.003797873865365566
1462,pop33,1,0.0002498626708984375,0.0
1462,pop50,1,0.0003113746643066406,0.0
1462,pop51,1,0.0002503395080566406,0.0
1463,pop22,4,0.0026520490646362305,0.004045782349667827
1463,pop51,1,0.0002703666687011719,0.0
1463,pop19,1,0.00025844573974609375,0.0
1463,pop20,1,0.00025844573974609375,0.0
1464,pop28,2,0.005172848701477051,0.004811406135559082
1464,pop36,1,0.00025200843811035156,0.0
1464,pop10,4,0.0002586841583251953,1.7932976390020183e-05
1464,pop51,1,0.00048661231994628906,0.0
1465,pop37,5,0.0020664215087890627,0.003524439708685186
1465,pop33,1,0.00024199485778808594,0.0
1465,pop50,1,0.00028586387634277344,0.0
1465,pop51,1,0.0005404949188232422,0.0
1466,pop9,4,0.0027824044227600098,0.004292297597999032
1466,pop51,1,0.00027060508728027344,0.0
1466,pop10,1,0.0002613067626953125,0.0
1467,pop4,2,0.005421042442321777,0.005030989646911621
1467,pop51,2,0.00028574466705322266,1.990795135498047e-05
1467,pop10,2,0.005737423896789551,0.005468964576721191
1467,pop53,3,0.004160086313883464,0.005280642396349827
1467,pop54,2,0.0003612041473388672,0.00011706352233886719
1467,pop1,1,0.0005211830139160156,0.0
1467,pop6,1,0.0005776882171630859,0.0
1468,pop18,2,0.0057697296142578125,0.005367755889892578
1468,pop38,1,0.012215852737426758,0.0
1468,pop39,1,0.0002396106719970703,0.0
1468,pop44,2,0.00647580623626709,0.0062264204025268555
1468,pop50,3,0.00048224131266276043,0.000149569019877086
1468,pop17,1,0.014160633087158203,0.0
1468,pop55,2,0.012008070945739746,0.011549115180969238
1468,pop52,1,0.0009279251098632812,0.0
1468,pop53,4,0.0006229877471923828,8.867680901259939e-05
1468,pop54,1,0.027375221252441406,0.0
1468,pop1,1,0.00047659873962402344,0.0
1468,pop6,1,0.000446319580078125,0.0
1469,pop40,5,0.0022424697875976563,0.003865991166736879
1469,pop41,1,0.0002486705780029297,0.0
1469,pop53,1,0.0003833770751953125,0.0
1469,pop1,1,0.0002560615539550781,0.0
1469,pop6,1,0.0002474784851074219,0.0
1470,pop32,5,0.0026588916778564455,0.004691354160822166
1470,pop33,1,0.00035572052001953125,0.0
1470,pop50,1,0.0003008842468261719,0.0
1470,pop51,1,0.00028395652770996094,0.0
1470,pop19,1,0.00026345252990722656,0.0
1470,pop20,1,0.0004401206970214844,0.0
1471,pop22,5,0.002206087112426758,0.0037326117218157246
1471,pop21,1,0.000354766845703125,0.0
1471,pop23,1,0.00026535987854003906,0.0
1471,pop16,1,0.0002486705780029297,0.0
1471,pop50,1,0.0005648136138916016,0.0
1471,pop53,1,0.0005207061767578125,0.0
1471,pop52,1,0.0006070137023925781,0.0
1472,pop37,4,0.002572298049926758,0.0038099734555277474
1472,pop33,1,0.00024819374084472656,0.0
1472,pop50,1,0.00030350685119628906,0.0
1472,pop51,1,0.00030994415283203125,0.0
1472,pop19,1,0.0005152225494384766,0.0
1472,pop18,1,0.0004496574401855469,0.0
1473,pop39,2,0.005433797836303711,0.005072832107543945
1473,pop38,2,0.0064171552658081055,0.00616300106048584
1473,pop18,1,0.0002422332763671875,0.0
1473,pop19,1,0.0003681182861328125,0.0
1473,pop20,1,0.012398958206176758,0.0
1473,pop46,1,0.0002853870391845703,0.0
1473,pop45,1,0.00024700164794921875,0.0
1473,pop44,1,0.013060569763183594,0.0
1473,pop50,1,0.0005719661712646484,0.0
1473,pop55,1,0.02291584014892578,0.0
1473,pop52,4,0.0005879402160644531,8.69772086284681e-05
1473,pop54,1,0.02701854705810547,0.0
1473,pop53,1,0.0006191730499267578,0.0
1473,pop51,1,0.0005223751068115234,0.0
1473,pop10,1,0.0004353523254394531,0.0
1474,pop53,2,0.00516664981842041,0.0047615766525268555
1474,pop52,3,0.003809213638305664,0.004858493442237744
1474,pop55,1,0.009986162185668945,0.0
1474,pop12,4,0.0002658367156982422,2.4019414641655424e-05
1474,pop34,1,0.000438690185546875,0.0
1474,pop35,1,0.0004394054412841797,0.0
1475,pop44,2,0.005681037902832031,0.005297422409057617
1475,pop50,2,0.0002765655517578125,1.0728836059570312e-05
1475,pop17,3,0.00031185150146484375,5.900847791409007e-05
1475,pop53,1,0.00040435791015625,0.0
1475,pop1,1,0.00037217140197753906,0.0
1475,pop15,1,0.0002205371856689453,0.0
1476,pop57,2,0.006171584129333496,0.005800843238830566
1476,pop56,2,0.0064966678619384766,0.006142854690551758
1476,pop48,1,0.00025200843811035156,0.0
1476,pop52,2,0.00026023387908935547,8.344650268554688e-07
1476,pop12,2,0.0002542734146118164,4.410743713378906e-06
1477,pop6,2,0.0058498382568359375,0.005495309829711914
1477,pop1,1,0.0002701282501220703,0.0
1477,pop53,1,0.0002636909484863281,0.0
1477,pop52,4,0.0002949237823486328,3.2747640223808555e-05
1477,pop55,1,0.00024580955505371094,0.0
1478,pop47,5,0.0020328521728515624,0.0034797322536665254
1478,pop53,1,0.0002608299255371094,0.0
1478,pop52,1,0.00037479400634765625,0.0
1479,pop50,3,0.003830115000406901,0.00485706082147024
1479,pop17,4,0.0003101229667663574,5.1176028734403324e-05
1479,pop53,1,0.0002815723419189453,0.0
1479,pop1,1,0.000255584716796875,0.0
1479,pop15,1,0.00023746490478515625,0.0
1480,pop48,5,0.002461147308349609,0.004298914924476803
1480,pop52,1,0.0002620220184326172,0.0
1480,pop53,1,0.0004050731658935547,0.0
1480,pop51,1,0.0002751350402832031,0.0
1480,pop10,1,0.0002562999725341797,0.0
1481,pop31,2,0.005304932594299316,0.004933714866638184
1481,pop17,4,0.0003058910369873047,6.13428811147406e-05
1481,pop50,1,0.0002605915069580078,0.0
1481,pop51,1,0.0005004405975341797,0.0
1481,pop19,1,0.0005068778991699219,0.0
1481,pop18,1,0.00043773651123046875,0.0
1482,pop46,2,0.005643963813781738,0.005271553993225098
1482,pop20,4,0.0002518296241760254,9.801838399800414e-06
1482,pop19,1,0.0002613067626953125,0.0
1482,pop51,1,0.0002899169921875,0.0
1483,pop14,3,0.004186789194742839,0.005369320707173444
1483,pop24,4,0.000274658203125,4.505827304438164e-05
1483,pop50,1,0.00028133392333984375,0.0
1483,pop51,1,0.0003764629364013672,0.0
1483,pop10,1,0.0002434253692626953,0.0
1484,pop52,2,0.005379915237426758,0.004997968673706055
1484,pop54,4,0.00030034780502319336,5.538022120817596e-05
1484,pop53,1,0.00027060508728027344,0.0
1484,pop1,1,0.0003917217254638672,0.0
1484,pop15,1,0.00023865699768066406,0.0
1485,pop27,5,0.0027080535888671874,0.004723105966291217
1485,pop25,1,0.00026154518127441406,0.0
1485,pop17,1,0.00026726722717285156,0.0
1485,pop50,1,0.0002789497375488281,0.0
1485,pop53,1,0.0002815723419189453,0.0
1485,pop7,1,0.0004417896270751953,0.0
1486,pop8,2,0.00526273250579834,0.004887223243713379
1486,pop51,5,0.0002639293670654297,6.469891316637322e-06
1486,pop10,3,0.00778508186340332,0.005339010671234592
1486,pop4,3,0.004049539566040039,0.005299201193307327
1486,pop50,1,0.0005474090576171875,0.0
1486,pop16,1,0.0004696846008300781,0.0
1487,pop37,4,0.002535700798034668,0.0038186673519704784
1487,pop52,1,0.0002617835998535156,0.0
1487,pop53,1,0.0002849102020263672,0.0
1487,pop1,1,0.0002541542053222656,0.0
1487,pop15,1,0.0004394054412841797,0.0
1488,pop53,3,0.003610849380493164,0.004566529656290559
1488,pop41,2,0.0003085136413574219,4.8160552978515625e-05
1488,pop40,1,0.010807275772094727,0.0
1488,pop54,2,0.0056705474853515625,0.005321025848388672
1488,pop52,1,0.012166976928710938,0.0
1488,pop13,2,0.013456225395202637,0.013195633888244629
1489,pop48,3,0.004004557927449544,0.00508566719901586
1489,pop56,1,0.012220382690429688,0.0
1489,pop2,5,0.00031890869140625,4.532326528224619e-05
1489,pop49,2,0.006364941596984863,0.006121516227722168
1489,pop52,1,0.0006282329559326172,0.0
1489,pop53,1,0.0006549358367919922,0.0
1489,pop1,1,0.00046825408935546875,0.0
1489,pop15,1,0.0004444122314453125,0.0
1490,pop21,3,0.008920033772786459,0.006038699798164469
1490,pop23,3,0.00025208791097005207,3.339751782329988e-06
1490,pop24,5,0.0028923511505126952,0.005121920742982583
1490,pop14,1,0.0004661083221435547,0.0
1490,pop50,1,0.0008413791656494141,0.0
1490,pop53,1,0.0005652904510498047,0.0
1490,pop52,1,0.0005071163177490234,0.0
1490,pop55,1,0.00046539306640625,0.0
1491,pop56,3,0.008301496505737305,0.0056116191430981965
1491,pop48,1,0.00026297569274902344,0.0
1491,pop52,5,0.002897787094116211,0.004738216161227873
1491,pop55,1,0.010800361633300781,0.0
1491,pop54,1,0.02344036102294922,0.0
1491,pop51,1,0.0005466938018798828,0.0
1491,pop19,1,0.0005013942718505859,0.0
1491,pop20,1,0.000461578369140625,0.0
1492,pop38,3,0.008246183395385742,0.0055788700688930585
1492,pop18,1,0.00025010108947753906,0.0
1492,pop19,2,0.00027942657470703125,2.4318695068359375e-05
1492,pop20,2,0.0065348148345947266,0.0061113834381103516
1492,pop51,2,0.0004532337188720703,4.00543212890625e-05
1492,pop53,1,0.0005006790161132812,0.0
1492,pop50,2,0.000560760498046875,2.765655517578125e-05
1492,pop17,2,0.0006105899810791016,6.222724914550781e-05
1492,pop10,1,0.0004630088806152344,0.0
1493,pop24,5,0.0027751922607421875,0.004905008933579737
1493,pop14,1,0.0002512931823730469,0.0
1493,pop50,1,0.0002722740173339844,0.0
1493,pop53,1,0.0002696514129638672,0.0
1493,pop47,1,0.0004215240478515625,0.0
1494,pop10,2,0.005471229553222656,0.00511479377746582
1494,pop51,1,0.0002694129943847656,0.0
1494,pop22,1,0.01119852066040039,0.0
1494,pop21,3,0.0005666414896647135,0.00015648958809001825
1494,pop23,1,0.0004961490631103516,0.0
1494,pop16,1,0.0004715919494628906,0.0
1494,pop50,1,0.0007011890411376953,0.0
1494,pop53,1,0.0006520748138427734,0.0
1494,pop1,1,0.00047087669372558594,0.0
1494,pop6,1,0.0005714893341064453,0.0
1495,pop42,2,0.005483508110046387,0.005107998847961426
1495,pop43,1,0.0002448558807373047,0.0
1495,pop40,1,0.010905981063842773,0.0
1495,pop41,1,0.0002551078796386719,0.0
1495,pop53,3,0.004083871841430664,0.005186849280190628
1495,pop54,1,0.01115870475769043,0.0
1495,pop52,3,0.0005177656809488932,0.00020533274048038138
1495,pop51,1,0.00046896934509277344,0.0
1495,pop19,1,0.0004956722259521484,0.0
1495,pop18,1,0.0004334449768066406,0.0
1496,pop47,3,0.006449381510416667,0.004311643088355415
1496,pop53,3,0.00422215461730957,0.0053805003833072235
1496,pop41,2,0.0004220008850097656,0.00016450881958007812
1496,pop40,2,0.0004216432571411133,0.00016963481903076172
1496,pop7,1,0.00043702125549316406,0.0
1497,pop27,2,0.0064411163330078125,0.0059468746185302734
1497,pop25,1,0.00035881996154785156,0.0
1497,pop17,1,0.00035858154296875,0.0
1497,pop50,2,0.00037479400634765625,0.00010943412780761719
1497,pop14,2,0.0004394054412841797,5.888938903808594e-05
1497,pop24,3,0.0003514289855957031,7.667817281631596e-05
1497,pop51,1,0.0006589889526367188,0.0
1497,pop19,1,0.0005235671997070312,0.0
1497,pop20,1,0.00043487548828125,0.0
1498,pop45,2,0.005922675132751465,0.005559325218200684
1498,pop44,1,0.0003561973571777344,0.0
1498,pop50,2,0.000396728515625,9.5367431640625e-05
1498,pop55,2,0.005415081977844238,0.005045533180236816
1498,pop52,2,0.00041174888610839844,6.127357482910156e-05
1498,pop12,3,0.00042502085367838543,4.8789993147275624e-05
1499,pop36,2,0.005234718322753906,0.004866600036621094
1499,pop10,2,0.005982637405395508,0.005545377731323242
1499,pop51,3,0.00046563148498535156,0.00011183703644692846
1499,pop4,3,0.009446144104003906,0.012918778416207807
1499,pop9,2,0.0005056858062744141,3.8623809814453125e-05
1500,pop46,2,0.005750894546508789,0.005391120910644531
1500,pop45,1,0.0003573894500732422,0.0
1500,pop44,1,0.0002505779266357422,0.0
1500,pop50,1,0.00051116943359375,0.0
1500,pop53,2,0.00043511390686035156,0.00014495849609375
1500,pop52,6,0.0004680951436360677,0.00015890031404455893
1500,pop55,1,0.011027097702026367,0.0
1500,pop13,1,0.027095556259155273,0.0
1500,pop47,1,0.00042128562927246094,0.0
1501,pop37,5,0.0021358489990234374,0.003625819830096804
1501,pop33,1,0.0002651214599609375,0.0
1501,pop50,1,0.0005223751068115234,0.0
1501,pop44,1,0.0004494190216064453,0.0
1502,pop48,3,0.004182179768880208,0.005325173031490594
1502,pop56,1,0.012353658676147461,0.0
1502,pop2,1,0.00024700164794921875,0.0
1502,pop49,4,0.00026100873947143555,3.599148383785475e-05
1502,pop52,1,0.0005004405975341797,0.0
1502,pop34,1,0.0004429817199707031,0.0
1502,pop35,1,0.0004303455352783203,0.0
1503,pop41,3,0.0038330554962158203,0.0049582598648299
1503,pop40,4,0.00031065940856933594,6.797208738369776e-05
1503,pop53,1,0.00027751922607421875,0.0
1503,pop1,1,0.00026702880859375,0.0
1503,pop6,1,0.0004127025604248047,0.0
1504,pop9,5,0.002374887466430664,0.004116657882270621
1504,pop51,1,0.0004725456237792969,0.0
1504,pop50,1,0.0010263919830322266,0.0
1504,pop53,1,0.0005125999450683594,0.0
1504,pop52,1,0.0005521774291992188,0.0
1504,pop55,1,0.00043511390686035156,0.0
1505,pop4,2,0.005549311637878418,0.005165219306945801
1505,pop51,3,0.0003867149353027344,0.00011910258922107838
1505,pop10,1,0.011110305786132812,0.0
1505,pop53,2,0.0057964324951171875,0.005320549011230469
1505,pop54,1,0.010848760604858398,0.0
1505,pop52,4,0.0004571676254272461,0.0002132983339560149
1505,pop19,1,0.00046825408935546875,0.0
1505,pop18,1,0.0004630088806152344,0.0
1506,pop18,2,0.005975484848022461,0.005586862564086914
1506,pop19,1,0.0002608299255371094,0.0
1506,pop51,2,0.0005662441253662109,5.412101745605469e-05
1506,pop50,1,0.0003027915954589844,0.0
1506,pop16,1,0.00024437904357910156,0.0
1506,pop23,1,0.0002636909484863281,0.0
1506,pop21,1,0.0002892017364501953,0.0
1506,pop22,4,0.0005136728286743164,8.67158067481644e-05
1506,pop53,1,0.0005638599395751953,0.0
1506,pop1,1,0.00046634674072265625,0.0
1506,pop15,1,0.0005967617034912109,0.0
1507,pop40,3,0.007391452789306641,0.0049756018351479045
1507,pop41,3,0.00025177001953125,6.435829747844648e-06
1507,pop53,3,0.00388487180074056,0.005089269178098478
1507,pop54,1,0.011556625366210938,0.0
1507,pop52,2,0.0006948709487915039,0.00020754337310791016
1507,pop48,2,0.014762163162231445,0.014285564422607422
1507,pop56,3,0.02078390121459961,0.014389209489091838
1507,pop2,3,0.010871013005574545,0.014593734932150404
1507,pop49,1,0.000457763671875,0.0
1507,pop51,1,0.0005953311920166016,0.0
1507,pop10,1,0.0004715919494628906,0.0
1508,pop22,4,0.0027517080307006836,0.004183856915109213
1508,pop51,1,0.00027680397033691406,0.0
1508,pop50,1,0.0005352497100830078,0.0
1508,pop55,1,0.0005753040313720703,0.0
1509,pop21,4,0.0068801045417785645,0.006589977178198996
1509,pop23,2,0.0064465999603271484,0.006082773208618164
1509,pop16,1,0.00025916099548339844,0.0
1509,pop50,2,0.00041854381561279297,0.00012743473052978516
1509,pop33,2,0.00036513805389404297,0.00010979175567626953
1509,pop32,2,0.0005437135696411133,8.189678192138672e-05
1509,pop53,1,0.00054168701171875,0.0
1509,pop52,1,0.0004367828369140625,0.0
1510,pop56,2,0.0060803890228271484,0.0057048797607421875
1510,pop48,2,0.0003628730773925781,0.00011968612670898438
1510,pop52,2,0.0004609823226928711,3.3736228942871094e-05
1510,pop53,2,0.00042629241943359375,0.00013971328735351562
1510,pop50,4,0.0004991292953491211,0.00012918739914146078
1510,pop55,2,0.005779862403869629,0.0055283308029174805
1510,pop17,2,0.015903830528259277,0.015413880348205566
1510,pop31,1,0.0004911422729492188,0.0
1510,pop30,1,0.0004687309265136719,0.0
1510,pop33,2,0.0004951953887939453,5.7220458984375e-06
1510,pop32,2,0.00060272216796875,0.00010943412780761719
1510,pop51,1,0.0006570816040039062,0.0
1511,pop42,2,0.005510926246643066,0.005143284797668457
1511,pop43,1,0.0003669261932373047,0.0
1511,pop40,1,0.011004924774169922,0.0
1511,pop41,1,0.0002486705780029297,0.0
1511,pop53,2,0.005948901176452637,0.00532376766204834
1511,pop54,2,0.01891648769378662,0.00791633129119873
1511,pop52,4,0.0034042000770568848,0.005224730669803
1511,pop55,1,0.024568557739257812,0.0
1511,pop12,1,0.03222298622131348,0.0
1512,pop47,2,0.005022287368774414,0.00437164306640625
1512,pop53,1,0.011471986770629883,0.0
1512,pop54,1,0.010924339294433594,0.0
1512,pop52,1,0.012126922607421875,0.0
1512,pop13,1,0.012943267822265625,0.0
1513,pop23,4,0.0032741427421569824,0.005102252241773591
1513,pop16,1,0.00025010108947753906,0.0
1513,pop50,1,0.0004017353057861328,0.0
1513,pop55,1,0.00023937225341796875,0.0
1514,pop30,2,0.005123615264892578,0.004746913909912109
1514,pop48,1,0.00026798248291015625,0.0
1514,pop52,4,0.0004945993423461914,0.00017696188405593092
1514,pop55,2,0.006298184394836426,0.005823969841003418
1514,pop50,2,0.00047969818115234375,0.0002071857452392578
1514,pop53,1,0.0005712509155273438,0.0
1514,pop13,1,0.026947736740112305,0.0
1514,pop12,4,0.0005198121070861816,8.680881935741198e-05
1514,pop14,1,0.0004985332489013672,0.0
1514,pop24,1,0.00048160552978515625,0.0
1515,pop6,3,0.008313735326131185,0.005649457683829953
1515,pop1,3,0.0002930164337158203,5.463098717285308e-05
1515,pop53,3,0.003904104232788086,0.0049452741254962206
1515,pop54,1,0.011915922164916992,0.0
1515,pop52,3,0.0005425612131754557,6.953879765100358e-05
1515,pop55,1,0.024623632431030273,0.0
1515,pop12,3,0.0005764961242675781,0.0001564695681998197
1515,pop50,1,0.0005695819854736328,0.0
1515,pop16,1,0.000438690185546875,0.0
1516,pop37,5,0.002127265930175781,0.003640804486169721
1516,pop52,1,0.00044083595275878906,0.0
1516,pop3,1,0.0005884170532226562,0.0
1516,pop0,1,0.0004355907440185547,0.0
1516,pop1,1,0.0004947185516357422,0.0
1516,pop6,1,0.0004494190216064453,0.0
1517,pop9,5,0.002375030517578125,0.004118298533802801
1517,pop51,1,0.0005452632904052734,0.0
1517,pop19,1,0.0004930496215820312,0.0
1517,pop20,1,0.00044345855712890625,0.0
1518,pop47,4,0.002619028091430664,0.003915021900665364
1518,pop53,1,0.0003979206085205078,0.0
1518,pop50,1,0.0005176067352294922,0.0
1518,pop16,1,0.0004239082336425781,0.0
1519,pop31,2,0.005372762680053711,0.005018711090087891
1519,pop17,4,0.00035893917083740234,0.00018566130238537477
1519,pop50,1,0.0005583763122558594,0.0
1519,pop53,1,0.0005552768707275391,0.0
1519,pop1,1,0.0004892349243164062,0.0
1519,pop6,1,0.0006282329559326172,0.0
1520,pop14,5,0.005234956741333008,0.0060640438919073265
1520,pop24,2,0.000331878662109375,8.320808410644531e-05
1520,pop50,1,0.000274658203125,0.0
1520,pop53,1,0.0002732276916503906,0.0
1520,pop47,1,0.0004241466522216797,0.0
1521,pop52,2,0.005417227745056152,0.005045294761657715
1521,pop55,1,0.01009678840637207,0.0
1521,pop50,4,0.0004944205284118652,0.00011163049336697622
1521,pop17,5,0.009183788299560547,0.011994429079369347
1521,pop25,2,0.00035750865936279297,0.00010955333709716797
1521,pop27,2,0.015456914901733398,0.015205860137939453
1521,pop44,1,0.02966594696044922,0.0
1521,pop53,1,0.000568389892578125,0.0
1521,pop1,1,0.0005297660827636719,0.0
1521,pop6,1,0.0004425048828125,0.0
1522,pop53,5,0.004496526718139648,0.005114206853559096
1522,pop54,2,0.0002843141555786133,3.9696693420410156e-05
1522,pop1,1,0.00048351287841796875,0.0
1522,pop15,1,0.0004119873046875,0.0
1523,pop41,3,0.003770748774210612,0.004875003621033644
1523,pop40,3,0.000276486078898112,4.6427933086508085e-05
1523,pop53,1,0.0002732276916503906,0.0
1523,pop7,1,0.0002300739288330078,0.0
1524,pop40,4,0.002826988697052002,0.004322642626842099
1524,pop41,1,0.0002560615539550781,0.0
1524,pop53,1,0.0002751350402832031,0.0
1524,pop50,1,0.00026035308837890625,0.0
1524,pop16,1,0.0002396106719970703,0.0
1525,pop21,4,0.00687938928604126,0.0065827486359831535
1525,pop23,2,0.0002676248550415039,1.1324882507324219e-05
1525,pop24,1,0.00034332275390625,0.0
1526,pop30,2,0.005179643630981445,0.004801034927368164
1526,pop31,1,0.0002396106719970703,0.0
1526,pop17,2,0.00702822208404541,0.006561398506164551
1526,pop25,2,0.0004214048385620117,0.00016415119171142578
1526,pop27,3,0.00047659873962402344,0.0001614771564008875
1526,pop50,1,0.0005681514739990234,0.0
1526,pop53,1,0.0005514621734619141,0.0
1526,pop1,1,0.0004992485046386719,0.0
1526,pop15,1,0.0004203319549560547,0.0
1527,pop16,3,0.004052162170410156,0.005172288977083191
1527,pop23,2,0.006550908088684082,0.006284117698669434
1527,pop21,4,0.0002586841583251953,3.0053983524621813e-05
1528,pop33,3,0.004174391428629558,0.00543942137130715
1528,pop32,3,0.0003112951914469401,4.222918858292362e-05
1528,pop50,1,0.00029397010803222656,0.0
1528,pop55,1,0.0002396106719970703,0.0
1529,pop55,3,0.006805817286173503,0.0045485986416314225
1529,pop52,4,0.0035164356231689453,0.0050207899328865565
1529,pop12,1,0.012581348419189453,0.0
1529,pop13,2,0.013693928718566895,0.013439059257507324
1529,pop54,1,0.00046825408935546875,0.0
1529,pop53,1,0.0004940032958984375,0.0
1529,pop47,1,0.0004436969757080078,0.0
1530,pop38,4,0.0033407211303710938,0.005246917072529022
1530,pop18,1,0.00024318695068359375,0.0
1530,pop19,1,0.00025343894958496094,0.0
1530,pop51,1,0.000263214111328125,0.0
1531,pop10,5,0.004853057861328125,0.005560550301188473
1531,pop51,3,0.0002891222635904948,1.4386124291718496e-05
1531,pop4,1,0.012319564819335938,0.0
1531,pop43,1,0.00046634674072265625,0.0
1531,pop40,2,0.0006107091903686523,0.00011599063873291016
1531,pop41,1,0.0004868507385253906,0.0
1531,pop53,1,0.0005900859832763672,0.0
1531,pop50,1,0.0005738735198974609,0.0
1531,pop14,1,0.0005655288696289062,0.0
1531,pop24,1,0.00046706199645996094,0.0
1532,pop14,5,0.0026769161224365233,0.004760380157665167
1532,pop50,1,0.0002677440643310547,0.0
1532,pop44,1,0.00025272369384765625,0.0
1533,pop28,2,0.005403757095336914,0.005035877227783203
1533,pop51,7,0.0005003043583461217,0.00012260338559162402
1533,pop4,2,0.021072745323181152,0.00882256031036377
1533,pop43,2,0.0003489255905151367,9.334087371826172e-05
1533,pop40,1,0.025125503540039062,0.0
1533,pop10,3,0.019023895263671875,0.013104690501694655
1533,pop22,2,0.000513911247253418,8.26120376586914e-05
1533,pop19,1,0.0006608963012695312,0.0
1533,pop20,1,0.0004291534423828125,0.0
1534,pop36,2,0.005408763885498047,0.005034685134887695
1534,pop51,1,0.00026226043701171875,0.0
1534,pop53,2,0.012993097305297852,0.012714385986328125
1534,pop50,1,0.0005726814270019531,0.0
1534,pop14,3,0.0005296071370442709,9.393618056796302e-05
1534,pop24,1,0.00043702125549316406,0.0
1535,pop31,2,0.005432248115539551,0.0050629377365112305
1535,pop17,3,0.004837830861409505,0.0064791022884600575
1535,pop50,1,0.0007224082946777344,0.0
1535,pop55,2,0.0005829334259033203,0.00012254714965820312
1535,pop52,1,0.0005123615264892578,0.0
1535,pop34,1,0.00042438507080078125,0.0
1535,pop35,1,0.0004162788391113281,0.0
1536,pop53,4,0.002887547016143799,0.004285521040627522
1536,pop1,3,0.00033545494079589844,0.00010604187288935801
1536,pop6,2,0.006593585014343262,0.0062454938888549805
1536,pop54,2,0.0004380941390991211,0.00018084049224853516
1536,pop15,1,0.00044465065002441406,0.0
1537,pop38,2,0.0062340497970581055,0.005872368812561035
1537,pop18,1,0.000247955322265625,0.0
1537,pop19,2,0.00026035308837890625,4.5299530029296875e-06
1537,pop20,2,0.006459236145019531,0.006192684173583984
1537,pop51,2,0.0004955530166625977,4.172325134277344e-06
1537,pop53,1,0.0005338191986083984,0.0
1537,pop50,2,0.0005645751953125,1.2159347534179688e-05
1537,pop17,2,0.01616990566253662,0.015554308891296387
1537,pop25,2,0.00045096874237060547,3.4570693969726562e-06
1537,pop27,2,0.0004858970642089844,6.628036499023438e-05
1538,pop10,2,0.0055571794509887695,0.005184769630432129
1538,pop51,2,0.0002651214599609375,1.33514404296875e-05
1538,pop4,4,0.00031113624572753906,5.535907931633413e-05
1538,pop53,1,0.0005486011505126953,0.0
1538,pop1,1,0.0004878044128417969,0.0
1538,pop15,1,0.0002429485321044922,0.0
1539,pop14,5,0.005269813537597656,0.006044808645380877
1539,pop24,2,0.0003573894500732422,0.000102996826171875
1539,pop50,1,0.0002684593200683594,0.0
1539,pop51,1,0.0006694793701171875,0.0
1539,pop10,1,0.0004544258117675781,0.0
1540,pop32,5,0.002835845947265625,0.004917549637029466
1540,pop33,1,0.0002906322479248047,0.0
1540,pop50,1,0.0006616115570068359,0.0
1540,pop51,1,0.0005469322204589844,0.0
1540,pop19,1,0.0004744529724121094,0.0
1540,pop18,1,0.000453948974609375,0.0
1541,pop4,2,0.005719900131225586,0.005348920822143555
1541,pop51,1,0.0002651214599609375,0.0
1541,pop50,6,0.000504771868387858,0.00010562422182751078
1541,pop44,2,0.018172860145568848,0.017902255058288574
1541,pop27,2,0.00044846534729003906,2.3603439331054688e-05
1541,pop25,2,0.0005298852920532227,9.930133819580078e-05
1541,pop17,2,0.03747665882110596,0.005303025245666504
1541,pop31,1,0.00042366981506347656,0.0
1541,pop30,1,0.0004172325134277344,0.0
1541,pop48,1,0.0004436969757080078,0.0
1541,pop52,1,0.000789642333984375,0.0
1541,pop55,1,0.0004603862762451172,0.0
1541,pop16,3,0.0004215240478515625,9.3871745948475e-05
1541,pop23,3,0.03006291389465332,0.021189361488467062
1541,pop14,2,0.0005984306335449219,5.936622619628906e-05
1541,pop24,3,0.03420193990071615,0.02384382940432839
1541,pop33,2,0.0004456043243408203,4.315376281738281e-05
1541,pop32,2,0.0003540515899658203,2.6226043701171875e-05
1542,pop18,2,0.006068229675292969,0.005695819854736328
1542,pop19,1,0.0002562999725341797,0.0
1542,pop51,1,0.00040602684020996094,0.0
1542,pop50,2,0.00040781497955322266,0.0001271963119506836
1542,pop17,3,0.00036183993021647137,0.00014450084830226547
1542,pop16,1,0.0004673004150390625,0.0
1543,pop22,5,0.0023355484008789062,0.004011994447096103
1543,pop51,1,0.0005340576171875,0.0
1543,pop50,1,0.0005924701690673828,0.0
1543,pop44,1,0.000469207763671875,0.0
1544,pop36,2,0.0054988861083984375,0.005133390426635742
1544,pop51,2,0.00044476985931396484,6.35385513305664e-05
1544,pop22,4,0.0005487799644470215,9.277399295260037e-05
1544,pop10,1,0.0004436969757080078,0.0
1545,pop31,2,0.005428910255432129,0.005054354667663574
1545,pop17,2,0.00705265998840332,0.006328105926513672
1545,pop25,3,0.0004514058430989583,0.00015590707632754788
1545,pop27,2,0.00758516788482666,0.007093548774719238
1545,pop14,1,0.0005173683166503906,0.0
1545,pop50,1,0.0005941390991210938,0.0
1545,pop55,1,0.027707815170288086,0.0
1545,pop52,2,0.0005674362182617188,2.2649765014648438e-05
1545,pop12,3,0.0005260308583577474,5.996731519299383e-05
1545,pop34,1,0.0004096031188964844,0.0
1545,pop35,1,0.00043892860412597656,0.0
1546,pop53,4,0.0028961896896362305,0.004304804559070518
1546,pop47,1,0.000415802001953125,0.0
1547,pop39,3,0.003917773564656575,0.0051134686018641995
1547,pop38,1,0.012770652770996094,0.0
1547,pop44,3,0.00957504908243815,0.013036049508474161
1547,pop50,2,0.0005451440811157227,2.586841583251953e-05
1547,pop14,3,0.0005576610565185547,6.725967991472394e-05
1548,pop44,4,0.0031704306602478027,0.004810249821787642
1548,pop50,1,0.0003056526184082031,0.0
1548,pop53,1,0.0002593994140625,0.0
1548,pop47,1,0.0005974769592285156,0.0
1549,pop57,2,0.0065125226974487305,0.006137967109680176
1549,pop56,2,0.006794333457946777,0.006537318229675293
1549,pop48,2,0.0067138671875,0.006134510040283203
1549,pop49,3,0.0005253156026204427,0.0002793264924066744
1549,pop52,1,0.0004999637603759766,0.0
1549,pop53,1,0.0005786418914794922,0.0
1549,pop47,1,0.00044536590576171875,0.0
1550,pop50,5,0.002529287338256836,0.004294133402309496
1550,pop17,5,0.0030988216400146484,0.005247973778789848
1550,pop14,2,0.007296085357666016,0.006817340850830078
1550,pop25,1,0.0004687309265136719,0.0
1550,pop27,1,0.00047206878662109375,0.0
1550,pop55,1,0.0004432201385498047,0.0
1551,pop6,2,0.006152033805847168,0.005788683891296387
1551,pop1,1,0.0002562999725341797,0.0
1551,pop53,2,0.005931496620178223,0.0054045915603637695
1551,pop47,2,0.005810141563415527,0.005392909049987793
1551,pop51,2,0.0005202293395996094,3.5762786865234375e-06
1551,pop10,1,0.02661299705505371,0.0
1551,pop50,2,0.0006036758422851562,1.8596649169921875e-05
1551,pop17,3,0.0006042321523030599,0.00015209091402648822
1552,pop10,2,0.0057125091552734375,0.005323648452758789
1552,pop51,2,0.00040984153747558594,0.00010776519775390625
1552,pop22,4,0.0004317760467529297,0.00014758331515941415
1552,pop21,1,0.00042128562927246094,0.0
1552,pop23,1,0.0005662441253662109,0.0
1552,pop16,1,0.00045800209045410156,0.0
1552,pop50,1,0.0006546974182128906,0.0
1553,pop8,2,0.005527496337890625,0.005157470703125
1553,pop51,5,0.0004683017730712891,0.00011432765282938618
1553,pop10,3,0.01286625862121582,0.01072257577898586
1553,pop19,2,0.00038301944732666016,0.00012290477752685547
1553,pop20,2,0.006668686866760254,0.006425261497497559
1553,pop53,1,0.02709817886352539,0.0
1553,pop50,2,0.0005675554275512695,2.872943878173828e-05
1553,pop17,3,0.0005864302317301432,0.00014895308722810588
1554,pop52,3,0.003833611806233724,0.004961586850506462
1554,pop12,3,0.0002891222635904948,5.261703526121769e-05
1554,pop53,1,0.0004918575286865234,0.0
1554,pop50,1,0.0006921291351318359,0.0
1554,pop44,1,0.0004782676696777344,0.0
1555,pop41,2,0.005639433860778809,0.005277037620544434
1555,pop53,1,0.0003695487976074219,0.0
1555,pop51,3,0.00036517779032389325,0.00010276925540359329
1555,pop10,1,0.011745929718017578,0.0
1555,pop9,3,0.0005134741465250651,6.379893876237521e-05
1555,pop19,1,0.0005252361297607422,0.0
1555,pop20,1,0.0004291534423828125,0.0
1556,pop40,2,0.005503296852111816,0.005140900611877441
1556,pop43,1,0.00025153160095214844,0.0
1556,pop51,2,0.0003924369812011719,0.00012803077697753906
1556,pop10,3,0.0003046989440917969,7.933596901300269e-05
1556,pop47,1,0.0004353523254394531,0.0
1557,pop30,2,0.0052939653396606445,0.004905819892883301
1557,pop31,1,0.0002498626708984375,0.0
1557,pop17,2,0.007166743278503418,0.006922364234924316
1557,pop50,1,0.000583648681640625,0.0
1557,pop55,1,0.02493762969970703,0.0
1557,pop52,1,0.0005095005035400391,0.0
1557,pop12,2,0.015913009643554688,0.01546335220336914
1558,pop4,4,0.008982598781585693,0.004989699549352991
1558,pop51,4,0.0003281235694885254,0.00010406764441884448
1558,pop10,1,0.011739730834960938,0.0
1558,pop43,1,0.00026345252990722656,0.0
1558,pop40,1,0.0259552001953125,0.0
1558,pop41,1,0.00047278404235839844,0.0
1558,pop53,2,0.0006206035614013672,3.0994415283203125e-06
1559,pop18,3,0.0043023427327473955,0.0054204267114345665
1559,pop38,4,0.0002765655517578125,3.0177614444634373e-05
1559,pop19,1,0.0005278587341308594,0.0
1559,pop51,1,0.0005948543548583984,0.0
1559,pop10,1,0.0005404949188232422,0.0
1560,pop36,2,0.0054302215576171875,0.005029201507568359
1560,pop10,1,0.01222991943359375,0.0
1560,pop51,2,0.00037419795989990234,8.666515350341797e-05
1560,pop9,4,0.000457763671875,2.353651500345802e-05
1561,pop57,2,0.006465911865234375,0.00609278678894043
1561,pop56,1,0.012727499008178711,0.0
1561,pop2,1,0.01343679428100586,0.0
1561,pop49,3,0.009552717208862305,0.013010228821301891
1561,pop48,2,0.006750226020812988,0.006298661231994629
1561,pop52,3,0.0005090236663818359,3.845616050381727e-05
1561,pop53,1,0.000545501708984375,0.0
1561,pop51,1,0.00049591064453125,0.0
1562,pop24,5,0.0029694557189941405,0.005290275795544838
1562,pop14,1,0.0002498626708984375,0.0
1562,pop50,1,0.0003063678741455078,0.0
1562,pop35,1,0.00042724609375,0.0
1563,pop27,2,0.0066803693771362305,0.006303906440734863
1563,pop25,1,0.00026679039001464844,0.0
1563,pop17,4,0.00043004751205444336,0.00028859888869011644
1563,pop50,1,0.0006003379821777344,0.0
1563,pop53,1,0.0005843639373779297,0.0
1563,pop47,1,0.00045228004455566406,0.0
1564,pop55,2,0.005164742469787598,0.004788517951965332
1564,pop52,3,0.00034689903259277344,0.00010884341278750539
1564,pop12,2,0.00656282901763916,0.006319165229797363
1564,pop13,3,0.0005540847778320312,9.529528272881595e-05
1564,pop53,1,0.0005466938018798828,0.0
1564,pop1,1,0.0005066394805908203,0.0
1564,pop6,1,0.0004487037658691406,0.0
1565,pop39,2,0.005824565887451172,0.005441427230834961
1565,pop38,2,0.006767630577087402,0.006525635719299316
1565,pop18,1,0.0002465248107910156,0.0
1565,pop19,1,0.00038242340087890625,0.0
1565,pop51,2,0.0004113912582397461,0.00012576580047607422
1565,pop4,2,0.013573884963989258,0.013128042221069336
1565,pop53,3,0.009321371714274088,0.012434106739495169
1565,pop1,3,0.0004981358846028646,1.9637677699325333e-05
1565,pop6,2,0.016709566116333008,0.016162395477294922
1565,pop54,2,0.0005654096603393555,0.00013530254364013672
1566,pop50,4,0.0031660795211791992,0.0046287271538943565
1566,pop17,3,0.004680156707763672,0.00625476094352015
1566,pop33,2,0.0003629922866821289,9.40561294555664e-05
1566,pop32,2,0.0005775690078735352,0.00012862682342529297
1566,pop53,1,0.000980377197265625,0.0
1566,pop7,1,0.0004241466522216797,0.0
1566,pop6,1,0.0004513263702392578,0.0
1567,pop6,5,0.0026668548583984376,0.004663405665669572
1567,pop1,1,0.0002541542053222656,0.0
1567,pop53,1,0.0002562999725341797,0.0
1567,pop51,1,0.0005478858947753906,0.0
1567,pop10,1,0.00045490264892578125,0.0
1568,pop10,5,0.0024621009826660155,0.0042465363973234775
1568,pop51,1,0.00028634071350097656,0.0
1568,pop53,1,0.00028133392333984375,0.0
1568,pop52,1,0.00045561790466308594,0.0
1569,pop41,2,0.0057038068771362305,0.005314230918884277
1569,pop53,1,0.00027370452880859375,0.0
1569,pop1,2,0.00037598609924316406,8.654594421386719e-05
1569,pop6,4,0.0003871321678161621,0.00010038276925356928
1569,pop15,1,0.0004360675811767578,0.0
1570,pop45,2,0.006145596504211426,0.005787253379821777
1570,pop44,2,0.006416440010070801,0.006033539772033691
1570,pop50,2,0.0006022453308105469,7.009506225585938e-05
1570,pop32,3,0.0005970795949300131,0.00012105409712908056
1570,pop33,1,0.0004372596740722656,0.0
1570,pop53,1,0.0005619525909423828,0.0
1570,pop52,1,0.0006334781646728516,0.0
1571,pop46,2,0.005851387977600098,0.005489468574523926
1571,pop45,1,0.00025272369384765625,0.0
1571,pop44,2,0.006540894508361816,0.006283879280090332
1571,pop50,1,0.0003135204315185547,0.0
1571,pop14,1,0.00038170814514160156,0.0
1571,pop24,3,0.00047270456949869793,1.6864732557552386e-05
1572,pop48,4,0.0031897425651550293,0.004912952051824874
1572,pop52,1,0.0002567768096923828,0.0
1572,pop53,1,0.00027251243591308594,0.0
1572,pop51,1,0.0005471706390380859,0.0
1572,pop19,1,0.0005099773406982422,0.0
1572,pop18,1,0.0006031990051269531,0.0
1573,pop38,2,0.006518006324768066,0.006153464317321777
1573,pop39,1,0.00023818016052246094,0.0
1573,pop44,4,0.015398085117340088,0.015077850923815757
1573,pop45,2,0.00046193599700927734,1.990795135498047e-05
1573,pop46,2,0.00046813488006591797,9.417533874511719e-06
1573,pop20,1,0.029955387115478516,0.0
1573,pop50,2,0.0005944967269897461,6.61611557006836e-05
1573,pop14,2,0.01792895793914795,0.017434000968933105
1573,pop24,2,0.000605463981628418,0.00011289119720458984
1573,pop53,1,0.0005965232849121094,0.0
1573,pop47,1,0.0004439353942871094,0.0
1574,pop14,3,0.008667548497517904,0.005872319461317325
1574,pop50,2,0.0004309415817260742,0.00014269351959228516
1574,pop33,2,0.00036835670471191406,0.00010943412780761719
1574,pop32,3,0.0003566741943359375,0.00013740455245748356
1574,pop51,1,0.0005259513854980469,0.0
1575,pop40,2,0.005615711212158203,0.005244255065917969
1575,pop43,1,0.00026106834411621094,0.0
1575,pop51,2,0.0004379749298095703,6.699562072753906e-05
1575,pop10,4,0.0004089474678039551,0.00020231782381307386
1575,pop50,1,0.0005307197570800781,0.0
1575,pop16,1,0.0004794597625732422,0.0
1576,pop30,2,0.005432724952697754,0.005045533180236816
1576,pop31,1,0.0002446174621582031,0.0
1576,pop17,2,0.014996647834777832,0.014707446098327637
1576,pop50,1,0.000560760498046875,0.0
1576,pop55,1,0.025023698806762695,0.0
1576,pop52,3,0.0005943775177001953,0.00013882937321847125
1576,pop12,2,0.01600015163421631,0.015560507774353027
1576,pop53,1,0.0005388259887695312,0.0
1576,pop51,1,0.0005326271057128906,0.0
1576,pop19,1,0.0004734992980957031,0.0
1576,pop18,1,0.0004661083221435547,0.0
1577,pop18,2,0.006232619285583496,0.0058220624923706055
1577,pop19,1,0.0002498626708984375,0.0
1577,pop51,3,0.0003558794657389323,0.0001189780111045333
1577,pop10,3,0.004340807596842448,0.0056268813019003045
1577,pop43,2,0.0003560781478881836,0.0001035928726196289
1577,pop40,3,0.0005180040995279948,8.150111284543476e-05
1578,pop6,3,0.00827638308207194,0.0055911107369300645
1578,pop1,1,0.0002675056457519531,0.0
1578,pop53,1,0.0002665519714355469,0.0
1578,pop54,1,0.011572599411010742,0.0
1578,pop52,2,0.0004942417144775391,2.6226043701171875e-06
1578,pop48,2,0.0004718303680419922,1.1444091796875e-05
1579,pop56,5,0.0028184890747070313,0.004972175224571969
1579,pop48,1,0.00047779083251953125,0.0
1579,pop52,1,0.0004932880401611328,0.0
1579,pop53,1,0.0006439685821533203,0.0
1579,pop51,1,0.00048160552978515625,0.0
1579,pop10,1,0.0004782676696777344,0.0
1580,pop42,2,0.005876421928405762,0.005500435829162598
1580,pop43,1,0.0002498626708984375,0.0
1580,pop40,4,0.003319382667541504,0.004872818183681199
1580,pop41,3,0.000324249267578125,0.0001070551633800476
1580,pop53,2,0.006157517433166504,0.005640864372253418
1580,pop50,1,0.0005629062652587891,0.0
1580,pop55,1,0.0005705356597900391,0.0
1581,pop32,5,0.0028559207916259766,0.005015045482355879
1581,pop33,1,0.00025773048400878906,0.0
1581,pop50,1,0.000667572021484375,0.0
1581,pop51,1,0.0005095005035400391,0.0
1581,pop19,1,0.0004963874816894531,0.0
1581,pop20,1,0.0004317760467529297,0.0
1582,pop22,4,0.0029148459434509277,0.004467962964923776
1582,pop51,1,0.0005307197570800781,0.0
1582,pop50,1,0.0005533695220947266,0.0
1582,pop55,1,0.0004611015319824219,0.0
1583,pop31,2,0.005626201629638672,0.005246639251708984
1583,pop17,4,0.003881216049194336,0.0058761407538916975
1583,pop50,4,0.0005858540534973145,5.276660876710891e-05
1583,pop55,2,0.012276768684387207,0.01179039478302002
1583,pop44,2,0.01476585865020752,0.014284253120422363
1584,pop53,4,0.002949535846710205,0.00442779507686677
1584,pop41,2,0.00025641918182373047,1.537799835205078e-05
1584,pop40,1,0.012590885162353516,0.0
1584,pop54,1,0.011495828628540039,0.0
1584,pop52,2,0.0005058050155639648,2.968311309814453e-05
1584,pop48,2,0.015438675880432129,0.014963030815124512
1584,pop56,1,0.03145027160644531,0.0
1584,pop2,2,0.016385793685913086,0.01592540740966797
1584,pop49,2,0.000546574592590332,0.00010907649993896484
1584,pop1,1,0.0005018711090087891,0.0
1584,pop6,1,0.0004181861877441406,0.0
1585,pop10,3,0.00766905148824056,0.005168100487098404
1585,pop51,2,0.00046694278717041016,8.857250213623047e-05
1585,pop4,3,0.0004188219706217448,0.00015263784273080027
1585,pop53,1,0.0005080699920654297,0.0
1585,pop52,1,0.0005061626434326172,0.0
1586,pop45,3,0.004259347915649414,0.005438318448363202
1586,pop44,3,0.010075569152832031,0.013847139025924216
1586,pop50,5,0.0004895687103271485,0.00011140477466226029
1586,pop17,4,0.012433230876922607,0.014126151742405172
1586,pop51,1,0.0006537437438964844,0.0
1586,pop19,1,0.0004782676696777344,0.0
1586,pop20,1,0.0004696846008300781,0.0
1586,pop46,1,0.00042819976806640625,0.0
1586,pop25,2,0.0004699230194091797,2.6226043701171875e-06
1586,pop27,1,0.0006148815155029297,0.0
1586,pop55,1,0.030202627182006836,0.0
1586,pop52,2,0.000638127326965332,1.1801719665527344e-05
1586,pop37,3,0.0005316734313964844,8.835802405911638e-05
1586,pop34,1,0.0004630088806152344,0.0
1586,pop35,1,0.00041604042053222656,0.0
1587,pop46,2,0.005914092063903809,0.005537629127502441
1587,pop20,4,0.0035442113876342773,0.005347917314965765
1587,pop19,3,0.00041222572326660156,9.285722653707813e-05
1587,pop18,2,0.0003559589385986328,0.00010585784912109375
1587,pop38,2,0.015016317367553711,0.01455545425415039
1587,pop51,1,0.0005457401275634766,0.0
1587,pop53,1,0.0005502700805664062,0.0
1587,pop1,1,0.0005030632019042969,0.0
1587,pop6,1,0.0004551410675048828,0.0
1588,pop14,2,0.0064084529876708984,0.00602412223815918
1588,pop24,2,0.0072411298751831055,0.006998419761657715
1588,pop23,1,0.0004742145538330078,0.0
1588,pop16,1,0.0003666877746582031,0.0
1588,pop50,1,0.000308990478515625,0.0
1588,pop51,2,0.0005648136138916016,4.5299530029296875e-06
1588,pop22,4,0.0005460381507873535,0.00010301522677242776
1588,pop21,1,0.037693023681640625,0.0
1588,pop53,1,0.0005741119384765625,0.0
1588,pop1,1,0.0004892349243164062,0.0
1588,pop6,1,0.0004680156707763672,0.0
1589,pop23,6,0.004674315452575684,0.00608718486125085
1589,pop21,1,0.014646291732788086,0.0
1589,pop16,1,0.0004527568817138672,0.0
1589,pop50,1,0.0006260871887207031,0.0
1589,pop53,1,0.0005600452423095703,0.0
1589,pop7,1,0.000423431396484375,0.0
1590,pop37,5,0.0023280620574951173,0.003956229965931087
1590,pop52,1,0.00047016143798828125,0.0
1590,pop53,1,0.0005817413330078125,0.0
1590,pop1,1,0.00048041343688964844,0.0
1590,pop15,1,0.00042057037353515625,0.0
1591,pop9,4,0.003084421157836914,0.0046827952473436655
1591,pop51,1,0.000560760498046875,0.0
1591,pop50,1,0.0005404949188232422,0.0
1591,pop55,1,0.00043392181396484375,0.0
1592,pop47,5,0.0022255420684814454,0.003844812410328498
1592,pop53,1,0.0005855560302734375,0.0
1592,pop50,1,0.0005660057067871094,0.0
1592,pop16,1,0.000457763671875,0.0
1593,pop40,2,0.005688667297363281,0.005316495895385742
1593,pop41,1,0.0002532005310058594,0.0
1593,pop53,2,0.00041484832763671875,0.00014662742614746094
1593,pop52,4,0.0034005045890808105,0.005178390641580527
1593,pop13,1,0.02761363983154297,0.0
1593,pop37,2,0.0005666017532348633,9.357929229736328e-05
1593,pop1,1,0.0004975795745849609,0.0
1593,pop15,1,0.0004284381866455078,0.0
1594,pop21,5,0.0031442165374755858,0.005276490621238409
1594,pop23,3,0.00042931238810221356,0.0001338676385582204
1594,pop24,1,0.014319896697998047,0.0
1594,pop16,2,0.00044035911560058594,0.0001800060272216797
1594,pop50,2,0.0004559755325317383,0.00018966197967529297
1594,pop51,1,0.0005595684051513672,0.0
1594,pop22,1,0.0004839897155761719,0.0
1594,pop53,1,0.0005962848663330078,0.0
1594,pop47,1,0.000583648681640625,0.0
1595,pop8,2,0.0057220458984375,0.0053560733795166016
1595,pop51,2,0.0004067420959472656,0.00013446807861328125
1595,pop4,4,0.0003591775894165039,0.00011984731878043942
1595,pop19,1,0.0005087852478027344,0.0
1595,pop18,1,0.0004825592041015625,0.0
1596,pop52,3,0.004020293553670247,0.004993608494420334
1596,pop12,4,0.0003612637519836426,0.00017691055192832627
1596,pop53,1,0.0005066394805908203,0.0
1596,pop50,1,0.0005221366882324219,0.0
1596,pop44,1,0.00045680999755859375,0.0
1597,pop4,2,0.005839109420776367,0.0054781436920166016
1597,pop51,1,0.0002841949462890625,0.0
1597,pop19,1,0.0002722740173339844,0.0
1597,pop20,1,0.012730121612548828,0.0
1597,pop46,1,0.00023603439331054688,0.0
1597,pop45,1,0.0004475116729736328,0.0
1597,pop44,1,0.0004744529724121094,0.0
1597,pop50,3,0.0005668799082438151,1.1908736881898392e-05
1597,pop17,1,0.032045602798461914,0.0
1597,pop25,1,0.0005922317504882812,0.0
1597,pop27,1,0.000469207763671875,0.0
1597,pop14,1,0.0007467269897460938,0.0
1597,pop24,1,0.00047659873962402344,0.0
1597,pop23,1,0.0005245208740234375,0.0
1597,pop16,1,0.0005028247833251953,0.0
1597,pop33,2,0.0005677938461303711,6.520748138427734e-05
1597,pop32,4,0.0005640983581542969,8.35021718845248e-05
1597,pop53,1,0.0006020069122314453,0.0
1597,pop52,1,0.0005135536193847656,0.0
1598,pop57,2,0.006688475608825684,0.006301522254943848
1598,pop56,1,0.013371467590332031,0.0
1598,pop48,1,0.012946128845214844,0.0
1598,pop52,4,0.00047904253005981445,0.00014562314981994575
1598,pop53,1,0.000576019287109375,0.0
1598,pop50,1,0.0005943775177001953,0.0
1598,pop44,1,0.00045800209045410156,0.0
1599,pop42,2,0.005901813507080078,0.0055408477783203125
1599,pop43,2,0.0003606081008911133,0.00010907649993896484
1599,pop51,3,0.0004611810048421224,0.00013956502208810646
1599,pop19,3,0.00044091542561848957,0.00010924850485023513
1599,pop20,1,0.013144254684448242,0.0
1599,pop40,2,0.013782620429992676,0.013280272483825684
1599,pop41,1,0.0005872249603271484,0.0
1599,pop53,2,0.0005756616592407227,1.633167266845703e-05
1599,pop50,2,0.0005333423614501953,1.1205673217773438e-05
1599,pop17,1,0.03449249267578125,0.0
1599,pop55,1,0.028449535369873047,0.0
1599,pop52,4,0.0005778670310974121,0.00012104872792919549
1599,pop48,1,0.03525686264038086,0.0
1599,pop56,1,0.0004899501800537109,0.0
1599,pop18,1,0.0004825592041015625,0.0
1600,pop22,5,0.0024187564849853516,0.0041424106376883735
1600,pop51,1,0.0005638599395751953,0.0
1600,pop50,1,0.0005609989166259766,0.0
1600,pop35,1,0.0004374980926513672,0.0
1601,pop53,3,0.007559617360432942,0.005065836835815781
1601,pop54,3,0.0003561973571777344,9.202112972828263e-05
1601,pop52,1,0.0005199909210205078,0.0
1602,pop45,2,0.0062830448150634766,0.005898714065551758
1602,pop44,4,0.00029546022415161133,4.992048239659038e-05
1602,pop50,1,0.0006105899810791016,0.0
1602,pop55,1,0.00045680999755859375,0.0
1603,pop14,5,0.002838897705078125,0.00494170326224241
1603,pop50,1,0.0005950927734375,0.0
1603,pop44,1,0.0004742145538330078,0.0
1604,pop40,5,0.002477121353149414,0.004282768192931843
1604,pop41,1,0.00025844573974609375,0.0
1604,pop53,1,0.0005409717559814453,0.0
1604,pop1,1,0.0004570484161376953,0.0
1604,pop15,1,0.0004394054412841797,0.0
1605,pop16,3,0.004212141036987305,0.005506983927615366
1605,pop23,3,0.00030414263407389325,6.336863043058948e-05
1605,pop50,1,0.0005605220794677734,0.0
1605,pop53,1,0.0005979537963867188,0.0
1605,pop1,1,0.0004603862762451172,0.0
1605,pop15,1,0.00048351287841796875,0.0
1606,pop33,3,0.004386027654012044,0.005608773165016869
1606,pop32,4,0.000359952449798584,0.00019435723868151244
1606,pop50,1,0.0005877017974853516,0.0
1606,pop51,1,0.0005166530609130859,0.0
1606,pop19,1,0.0005059242248535156,0.0
1606,pop18,1,0.00044274330139160156,0.0
1607,pop24,6,0.004923860232035319,0.006288714920948677
1607,pop23,2,0.0004813671112060547,1.1444091796875e-05
1607,pop16,1,0.0002484321594238281,0.0
1607,pop50,2,0.0004668235778808594,5.14984130859375e-05
1607,pop51,1,0.0006651878356933594,0.0
1607,pop22,1,0.00044846534729003906,0.0
1607,pop21,1,0.03585481643676758,0.0
1607,pop14,1,0.000507354736328125,0.0
1607,pop55,1,0.00044536590576171875,0.0
1608,pop39,2,0.005902767181396484,0.005547285079956055
1608,pop38,1,0.0002486705780029297,0.0
1608,pop18,1,0.0002586841583251953,0.0
1608,pop19,1,0.00047397613525390625,0.0
1608,pop51,1,0.00028204917907714844,0.0
1608,pop46,2,0.00048029422760009766,2.2649765014648438e-06
1608,pop20,1,0.03043341636657715,0.0
1608,pop45,1,0.0006108283996582031,0.0
1608,pop44,1,0.03174185752868652,0.0
1608,pop50,3,0.0005748271942138672,7.394820413241779e-06
1608,pop17,2,0.017311811447143555,0.016823768615722656
1608,pop14,2,0.000498652458190918,1.8477439880371094e-05
1608,pop24,2,0.0006353855133056641,2.384185791015625e-07
1608,pop53,1,0.0005755424499511719,0.0
1608,pop52,1,0.00048804283142089844,0.0
1609,pop50,2,0.005944728851318359,0.005551338195800781
1609,pop33,2,0.0002561807632446289,1.0132789611816406e-05
1609,pop32,2,0.007401704788208008,0.007143735885620117
1609,pop37,3,0.0005147457122802734,7.71315118066847e-05
1609,pop52,1,0.0004909038543701172,0.0
1609,pop53,1,0.0006463527679443359,0.0
1609,pop1,1,0.0005009174346923828,0.0
1609,pop15,1,0.0005543231964111328,0.0
1610,pop41,2,0.005785226821899414,0.005420684814453125
1610,pop53,1,0.0002892017364501953,0.0
1610,pop54,1,0.011202335357666016,0.0
1610,pop52,4,0.0005623102188110352,0.0002533708969521452
1610,pop3,1,0.00043201446533203125,0.0
1610,pop0,1,0.0004184246063232422,0.0
1610,pop1,1,0.0004515647888183594,0.0
1610,pop15,1,0.000446319580078125,0.0
1611,pop23,4,0.006813228130340576,0.0064863429646417866
1611,pop21,2,0.0002657175064086914,5.602836608886719e-06
1611,pop16,1,0.00046443939208984375,0.0
1612,pop37,4,0.0027739405632019043,0.0041674291542044915
1612,pop52,1,0.0005040168762207031,0.0
1612,pop34,1,0.0004153251647949219,0.0
1612,pop35,1,0.00041484832763671875,0.0
1613,pop21,2,0.006997466087341309,0.006609559059143066
1613,pop23,2,0.0003782510757446289,9.262561798095703e-05
1613,pop24,4,0.0003553628921508789,0.0001113229042794547
1613,pop16,1,0.00042438507080078125,0.0
1614,pop8,2,0.0056989192962646484,0.0053331851959228516
1614,pop51,4,0.0004591941833496094,0.00011429864762206224
1614,pop19,4,0.00047713518142700195,0.0001295623875212896
1614,pop20,2,0.006745338439941406,0.006314992904663086
1614,pop46,1,0.00025153160095214844,0.0
1614,pop18,2,0.0005038976669311523,3.4570693969726562e-06
1614,pop38,1,0.03419804573059082,0.0
1614,pop22,3,0.0005654493967692057,0.00012359074796782564
1615,pop4,2,0.005929708480834961,0.005545377731323242
1615,pop51,1,0.0002484321594238281,0.0
1615,pop53,1,0.0003879070281982422,0.0
1615,pop54,2,0.011597752571105957,0.011345267295837402
1615,pop52,2,0.0005679130554199219,5.6743621826171875e-05
1616,pop14,3,0.004538059234619141,0.005800683665811297
1616,pop24,4,0.0003994107246398926,0.00019916182767875263
1616,pop50,1,0.000553131103515625,0.0
1616,pop53,1,0.0005283355712890625,0.0
1616,pop52,1,0.00048089027404785156,0.0
1617,pop28,2,0.005597352981567383,0.005213022232055664
1617,pop51,2,0.00039315223693847656,0.00011968612670898438
1617,pop4,4,0.0005414485931396484,8.063219764667963e-05
1617,pop47,1,0.00044608116149902344,0.0
1618,pop38,2,0.006587505340576172,0.006216764450073242
1618,pop18,1,0.00035309791564941406,0.0
1618,pop19,2,0.00042879581451416016,6.830692291259766e-05
1618,pop20,1,0.012948989868164062,0.0
1618,pop51,2,0.0005502700805664062,2.002716064453125e-05
1618,pop10,1,0.02621603012084961,0.0
1618,pop53,3,0.009123086929321289,0.012136944810076444
1618,pop1,1,0.0004961490631103516,0.0
1618,pop6,1,0.03318142890930176,0.0
1618,pop7,2,0.0004949569702148438,6.723403930664062e-05
1618,pop54,1,0.029637813568115234,0.0
1618,pop52,3,0.0005483627319335938,8.371717966977976e-05
1619,pop18,2,0.006412029266357422,0.00603938102722168
1619,pop19,1,0.00025916099548339844,0.0
1619,pop51,1,0.0002779960632324219,0.0
1619,pop50,2,0.000525355339050293,0.00012624263763427734
1619,pop33,2,0.0003654956817626953,7.05718994140625e-05
1619,pop32,3,0.000503381093343099,6.262874831670282e-05
1619,pop16,1,0.00045871734619140625,0.0
1620,pop42,2,0.005928397178649902,0.00554502010345459
1620,pop43,1,0.00025844573974609375,0.0
1620,pop51,2,0.0004183053970336914,0.00016605854034423828
1620,pop50,3,0.0004654725392659505,0.00011838986312040532
1620,pop33,2,0.0004717111587524414,6.794929504394531e-06
1620,pop32,3,0.0005247592926025391,6.44947596209063e-05
1620,pop10,1,0.0005342960357666016,0.0
1621,pop22,5,0.002397918701171875,0.004142705798327101
1621,pop51,1,0.0005404949188232422,0.0
1621,pop50,1,0.000598907470703125,0.0
1621,pop35,1,0.00044608116149902344,0.0
1622,pop53,2,0.005646467208862305,0.005219221115112305
1622,pop50,3,0.0004527568817138672,0.00012605753429015552
1622,pop33,3,0.0004241466522216797,0.00011775609234236345
1622,pop32,1,0.014482259750366211,0.0
1622,pop37,4,0.000508427619934082,6.419738457920578e-05
1622,pop16,1,0.0004425048828125,0.0
1623,pop39,2,0.005926966667175293,0.005550026893615723
1623,pop44,1,0.013297319412231445,0.0
1623,pop50,1,0.0006594657897949219,0.0
1623,pop55,3,0.008935769399007162,0.011857772925416073
1623,pop52,2,0.0005123615264892578,2.09808349609375e-05
1623,pop12,3,0.0004838307698567708,3.916133523161441e-05
1624,pop50,3,0.004181305567423503,0.005264439018756761
1624,pop33,2,0.0003609657287597656,0.00010156631469726562
1624,pop32,4,0.00036704540252685547,0.0001244262342586337
1624,pop44,1,0.00047016143798828125,0.0
1625,pop41,2,0.005868196487426758,0.005465030670166016
1625,pop53,1,0.0004413127899169922,0.0
1625,pop54,1,0.0002338886260986328,0.0
1625,pop52,3,0.008984883626302084,0.012171959622837392
1625,pop55,2,0.0005267858505249023,7.903575897216797e-05
1626,pop21,3,0.00939504305521647,0.006365714722757326
1626,pop23,2,0.013535737991333008,0.00015282630920410156
1626,pop24,4,0.0004069209098815918,0.00018088605439737045
1626,pop14,1,0.0006532669067382812,0.0
1626,pop50,1,0.000579833984375,0.0
1626,pop53,2,0.0005657672882080078,3.4332275390625e-05
1626,pop1,1,0.0008132457733154297,0.0
1626,pop7,1,0.0004298686981201172,0.0
1626,pop6,1,0.00044846534729003906,0.0
1627,pop32,5,0.0029551506042480467,0.005244014500866637
1627,pop33,1,0.0004489421844482422,0.0
1627,pop50,1,0.0005924701690673828,0.0
1627,pop35,1,0.00041484832763671875,0.0
1628,pop10,2,0.005990862846374512,0.005604147911071777
1628,pop51,2,0.0003777742385864258,7.033348083496094e-06
1628,pop4,1,0.013270139694213867,0.0
1628,pop50,2,0.00043010711669921875,0.0001430511474609375
1628,pop17,4,0.0005248785018920898,2.7322342671232942e-05
1628,pop16,1,0.00045800209045410156,0.0
1629,pop46,2,0.006027340888977051,0.005643963813781738
1629,pop20,1,0.012398958206176758,0.0
1629,pop19,1,0.0003917217254638672,0.0
1629,pop51,4,0.0004892349243164062,0.000125612542933637
1629,pop4,2,0.020628809928894043,0.00786745548248291
1629,pop10,3,0.009858051935831705,0.013174434923705309
1629,pop50,2,0.000598907470703125,9.298324584960938e-06
1629,pop17,2,0.000628352165222168,0.00012958049774169922
1629,pop35,1,0.0004405975341796875,0.0
1630,pop33,3,0.004521369934082031,0.005684398672756751
1630,pop32,3,0.005072116851806641,0.006821721537487563
1630,pop37,2,0.0005282163619995117,8.14199447631836e-05
1630,pop52,1,0.000484466552734375,0.0
1631,pop23,4,0.0035194754600524902,0.005492903543085232
1631,pop16,1,0.0002524852752685547,0.0
1631,pop50,1,0.0005068778991699219,0.0
1631,pop53,1,0.0005419254302978516,0.0
1631,pop47,1,0.0004336833953857422,0.0
1632,pop4,4,0.013437747955322266,0.010427744589900518
1632,pop51,4,0.0004665851593017578,0.00010174203836142665
1632,pop43,2,0.0003534555435180664,0.00010907649993896484
1632,pop40,1,0.025933027267456055,0.0
1632,pop10,1,0.02696847915649414,0.0
1632,pop50,3,0.000629583994547526,3.2426290234091085e-05
1632,pop17,1,0.034418344497680664,0.0
1632,pop14,3,0.0005582968393961588,5.571461252689336e-05
1632,pop53,1,0.0006136894226074219,0.0
1632,pop7,1,0.00044226646423339844,0.0
1633,pop53,2,0.005683541297912598,0.005280137062072754
1633,pop54,1,0.010769844055175781,0.0
1633,pop52,1,0.012062788009643555,0.0
1633,pop13,1,0.012738466262817383,0.0
1634,pop44,2,0.0063021183013916016,0.0059185028076171875
1634,pop50,2,0.0004285573959350586,0.0001348257064819336
1634,pop33,2,0.00041472911834716797,5.447864532470703e-05
1634,pop32,3,0.00045490264892578125,0.00016098545523216565
1634,pop51,1,0.0006403923034667969,0.0
1634,pop10,1,0.0005171298980712891,0.0
1635,pop9,5,0.002504301071166992,0.004387280316717079
1635,pop51,1,0.0006682872772216797,0.0
1635,pop50,1,0.0005774497985839844,0.0
1635,pop14,1,0.0004973411560058594,0.0
1635,pop24,1,0.00047278404235839844,0.0
1636,pop47,4,0.0027871131896972656,0.0042704889257237
1636,pop53,1,0.0004878044128417969,0.0
1636,pop1,1,0.0004639625549316406,0.0
1636,pop6,1,0.0004405975341796875,0.0
1637,pop38,3,0.009170214335123697,0.006221113706851883
1637,pop18,2,0.0003317594528198242,8.285045623779297e-05
1637,pop19,2,0.00048720836639404297,2.2292137145996094e-05
1637,pop20,1,0.0004634857177734375,0.0
1637,pop46,1,0.0004413127899169922,0.0
1637,pop45,1,0.00044655799865722656,0.0
1637,pop44,1,0.0004794597625732422,0.0
1637,pop50,1,0.0006151199340820312,0.0
1637,pop53,1,0.0005593299865722656,0.0
1637,pop41,1,0.0005037784576416016,0.0
1637,pop40,3,0.0005431969960530599,9.108907239239821e-05
1637,pop43,1,0.0004744529724121094,0.0
1637,pop51,1,0.0005366802215576172,0.0
1638,pop18,3,0.004493872324625651,0.005773098320587708
1638,pop38,3,0.0003791650136311849,0.00017966115657047958
1638,pop19,1,0.00047397613525390625,0.0
1638,pop51,1,0.0005197525024414062,0.0
1638,pop50,1,0.0006215572357177734,0.0
1638,pop16,1,0.0004489421844482422,0.0
1639,pop39,2,0.005992770195007324,0.00561368465423584
1639,pop38,4,0.0004062652587890625,0.00016743138871674773
1639,pop18,1,0.00047087669372558594,0.0
1639,pop19,1,0.0005009174346923828,0.0
1639,pop51,1,0.0005278587341308594,0.0
1639,pop53,1,0.0006513595581054688,0.0
1639,pop1,1,0.0005104541778564453,0.0
1639,pop15,1,0.0004582405090332031,0.0
1640,pop23,3,0.004598935445149739,0.006029879047114319
1640,pop21,2,0.007476449012756348,0.007230401039123535
1640,pop24,2,0.0006254911422729492,0.00016367435455322266
1640,pop14,1,0.0005688667297363281,0.0
1640,pop50,1,0.0005636215209960938,0.0
1640,pop51,2,0.0005704164505004883,8.463859558105469e-06
1640,pop19,1,0.0008604526519775391,0.0
1640,pop46,1,0.0004398822784423828,0.0
1640,pop20,1,0.0005404949188232422,0.0
1641,pop36,2,0.00586545467376709,0.005472779273986816
1641,pop51,2,0.0005273818969726562,1.5735626220703125e-05
1641,pop4,3,0.0005366007486979166,8.384435662583117e-05
1641,pop50,1,0.0005762577056884766,0.0
1641,pop55,1,0.0004734992980957031,0.0
1642,pop52,4,0.006233870983123779,0.0059126628427874795
1642,pop55,1,0.023496389389038086,0.0
1642,pop50,4,0.000606238842010498,4.782309873467827e-05
1642,pop44,1,0.028432130813598633,0.0
1642,pop45,1,0.0004763603210449219,0.0
1642,pop46,1,0.0004429817199707031,0.0
1642,pop20,2,0.01525425910949707,0.014799118041992188
1642,pop19,2,0.0004830360412597656,1.2636184692382812e-05
1642,pop51,2,0.0006612539291381836,0.0001233816146850586
1642,pop53,1,0.00055694580078125,0.0
1642,pop17,1,0.03663444519042969,0.0
1642,pop33,2,0.00046837329864501953,1.4662742614746094e-05
1642,pop32,2,0.0006110668182373047,0.0001270771026611328
1643,pop57,2,0.006866812705993652,0.006459832191467285
1643,pop56,1,0.0002505779266357422,0.0
1643,pop48,4,0.00045603513717651367,0.00013147799745940515
1643,pop52,1,0.0005240440368652344,0.0
1643,pop53,1,0.0005850791931152344,0.0
1643,pop1,1,0.00046062469482421875,0.0
1643,pop15,1,0.0004279613494873047,0.0
1644,pop45,2,0.0064896345138549805,0.006102204322814941
1644,pop44,2,0.006414890289306641,0.005967140197753906
1644,pop50,2,0.0004609823226928711,0.00015676021575927734
1644,pop14,4,0.00815737247467041,0.013374113459035155
1644,pop24,2,0.0005071163177490234,4.7206878662109375e-05
1645,pop40,2,0.005850076675415039,0.005480527877807617
1645,pop43,1,0.00025343894958496094,0.0
1645,pop51,3,0.0004355112711588542,0.00012192654546272976
1645,pop4,1,0.012665033340454102,0.0
1645,pop10,2,0.01405489444732666,0.013575911521911621
1645,pop53,3,0.010053157806396484,0.013368185658760565
1645,pop54,2,0.0005551576614379883,0.00010526180267333984
1645,pop1,1,0.0005085468292236328,0.0
1645,pop15,1,0.0005929470062255859,0.0
1646,pop46,2,0.0062133073806762695,0.005807042121887207
1646,pop20,1,0.0003554821014404297,0.0
1646,pop19,1,0.00026345252990722656,0.0
1646,pop51,5,0.0005123138427734375,0.0001216786591086377
1646,pop4,3,0.019199450810750324,0.013313944555437003
1646,pop10,4,0.0071312785148620605,0.011413980305987795
1646,pop53,1,0.00047898292541503906,0.0
1646,pop7,1,0.00041413307189941406,0.0
1647,pop4,5,0.0026534080505371095,0.0045423035390930525
1647,pop51,1,0.0005280971527099609,0.0
1647,pop50,1,0.0005629062652587891,0.0
1647,pop55,1,0.0004658699035644531,0.0
1648,pop47,4,0.0027348995208740234,0.004197565466805019
1648,pop53,1,0.0005171298980712891,0.0
1648,pop7,1,0.0004379749298095703,0.0
1649,pop38,2,0.0067446231842041016,0.0063703060150146484
1649,pop18,1,0.000247955322265625,0.0
1649,pop19,1,0.0002658367156982422,0.0
1649,pop51,1,0.0002999305725097656,0.0
1649,pop53,2,0.000606536865234375,5.4836273193359375e-05
1649,pop54,3,0.0005223751068115234,7.592125103897889e-05
1649,pop1,1,0.000499725341796875,0.0
1649,pop15,1,0.0004284381866455078,0.0
1650,pop27,4,0.0037859678268432617,0.005905723651617884
1650,pop25,1,0.0004432201385498047,0.0
1650,pop17,1,0.0005376338958740234,0.0
1650,pop50,1,0.0005214214324951172,0.0
1650,pop51,1,0.0005476474761962891,0.0
1650,pop19,1,0.00047969818115234375,0.0
1650,pop20,1,0.0004620552062988281,0.0
1651,pop55,2,0.005442976951599121,0.005073904991149902
1651,pop52,3,0.004467089970906575,0.005786545265547924
1651,pop48,2,0.0005644559860229492,8.094310760498047e-05
1651,pop53,1,0.0005571842193603516,0.0
1651,pop50,1,0.0005300045013427734,0.0
1651,pop16,1,0.0004532337188720703,0.0
1652,pop16,3,0.004422187805175781,0.005650906532840255
1652,pop23,4,0.00042945146560668945,0.00012030153277053655
1652,pop50,1,0.0007050037384033203,0.0
1652,pop44,1,0.00044155120849609375,0.0
1653,pop24,5,0.003247642517089844,0.005486849092588345
1653,pop14,3,0.0049326419830322266,0.006457442285708225
1653,pop50,1,0.0005891323089599609,0.0
1653,pop51,1,0.0005109310150146484,0.0
1653,pop19,1,0.0004782676696777344,0.0
1653,pop18,1,0.0004544258117675781,0.0
1654,pop37,5,0.002359437942504883,0.0039549627106031954
1654,pop52,1,0.0004870891571044922,0.0
1654,pop53,1,0.0005362033843994141,0.0
1654,pop47,1,0.00043487548828125,0.0
1655,pop14,2,0.006743431091308594,0.00635218620300293
1655,pop50,2,0.0005339384078979492,2.4437904357910156e-05
1655,pop32,4,0.0005812644958496094,5.4201043826247934e-05
1655,pop33,1,0.00043272972106933594,0.0
1655,pop51,1,0.0005035400390625,0.0
1655,pop10,1,0.00047397613525390625,0.0
1656,pop9,4,0.0031679272651672363,0.004850599279887365
1656,pop51,1,0.0006351470947265625,0.0
1656,pop50,1,0.0005967617034912109,0.0
1656,pop35,1,0.0004394054412841797,0.0
1657,pop38,2,0.006815910339355469,0.006422758102416992
1657,pop18,1,0.0003523826599121094,0.0
1657,pop19,1,0.0002465248107910156,0.0
1657,pop51,1,0.0004055500030517578,0.0
1657,pop53,3,0.009683926900227865,0.012844621310166626
1657,pop54,1,0.025365591049194336,0.0
1657,pop1,2,0.00047528743743896484,1.9669532775878906e-05
1657,pop6,1,0.032225608825683594,0.0
1657,pop50,3,0.0006818771362304688,0.00013730964589055833
1657,pop14,1,0.0006303787231445312,0.0
1657,pop17,3,0.0005551973978678385,5.2162778973971874e-05
1657,pop16,1,0.0004630088806152344,0.0
1658,pop48,3,0.00857869784037272,0.005802444436414289
1658,pop52,4,0.00712817907333374,0.011617866810796813
1658,pop13,1,0.02729487419128418,0.0
1658,pop54,1,0.026460886001586914,0.0
1658,pop12,3,0.0005821386973063151,9.34447413241775e-05
1658,pop53,1,0.0005865097045898438,0.0
1658,pop47,1,0.0004525184631347656,0.0
1659,pop30,2,0.005604386329650879,0.005229830741882324
1659,pop48,1,0.0004680156707763672,0.0
1659,pop52,5,0.005926656723022461,0.01072970175895636
1659,pop54,1,0.025058507919311523,0.0
1659,pop12,2,0.015384197235107422,0.014911651611328125
1659,pop53,1,0.0006327629089355469,0.0
1659,pop51,1,0.0005638599395751953,0.0
1659,pop19,1,0.0005145072937011719,0.0
1659,pop20,1,0.00043702125549316406,0.0
1660,pop6,5,0.002816438674926758,0.00491926506677244
1661,pop42,2,0.006200432777404785,0.005822539329528809
1661,pop43,1,0.0002498626708984375,0.0
1661,pop51,3,0.0004317760467529297,0.00011714353436191106
1661,pop19,4,0.0004493594169616699,0.00011380602825547324
1661,pop18,2,0.000529170036315918,7.736682891845703e-05
1661,pop38,2,0.015149235725402832,0.014702677726745605
1661,pop20,2,0.016176223754882812,0.015609264373779297
1661,pop22,2,0.015851855278015137,0.015383124351501465
1661,pop21,1,0.042089223861694336,0.0
1661,pop23,1,0.00044989585876464844,0.0
1661,pop24,2,0.0005931854248046875,0.00013256072998046875
1661,pop14,1,0.0005505084991455078,0.0
1661,pop50,1,0.00064849853515625,0.0
1662,pop36,2,0.005858182907104492,0.005489826202392578
1662,pop51,2,0.0005205869674682617,1.8715858459472656e-05
1662,pop4,4,0.0005853772163391113,0.00012804946450023792
1662,pop50,1,0.0006225109100341797,0.0
1662,pop35,1,0.0004565715789794922,0.0
1663,pop52,4,0.003152608871459961,0.004852832162755129
1663,pop53,1,0.0004818439483642578,0.0
1663,pop1,1,0.0004646778106689453,0.0
1663,pop6,1,0.0005052089691162109,0.0
1664,pop46,2,0.006197929382324219,0.005802631378173828
1664,pop20,1,0.00024247169494628906,0.0
1664,pop19,1,0.0003788471221923828,0.0
1664,pop51,2,0.000408172607421875,0.0001480579376220703
1664,pop4,4,0.0005101561546325684,7.061163304872209e-05
1664,pop53,1,0.0005567073822021484,0.0
1664,pop52,1,0.0004658699035644531,0.0
1665,pop55,2,0.005423784255981445,0.004998922348022461
1665,pop52,4,0.0004566311836242676,0.00020502281498324988
1665,pop53,1,0.0005824565887451172,0.0
1665,pop47,1,0.0004534721374511719,0.0
1666,pop14,5,0.002924346923828125,0.005109404516750447
1666,pop50,1,0.0005574226379394531,0.0
1666,pop55,1,0.0004508495330810547,0.0
1667,pop56,2,0.006864070892333984,0.0064716339111328125
1667,pop2,3,0.0004875659942626953,0.000164852382508644
1667,pop49,1,0.0005629062652587891,0.0
1667,pop48,1,0.0005977153778076172,0.0
1667,pop52,1,0.0004892349243164062,0.0
1667,pop53,1,0.0005648136138916016,0.0
1667,pop51,1,0.0006740093231201172,0.0
1668,pop31,2,0.005957245826721191,0.005575060844421387
1668,pop30,1,0.0002434253692626953,0.0
1668,pop48,2,0.00048065185546875,2.6226043701171875e-06
1668,pop49,4,0.0005739927291870117,4.747119872272648e-05
1668,pop52,1,0.0005009174346923828,0.0
1668,pop53,1,0.0005285739898681641,0.0
1668,pop1,1,0.0004737377166748047,0.0
1668,pop15,1,0.00043487548828125,0.0
1669,pop10,4,0.0062119364738464355,0.0058085348833363465
1669,pop51,2,0.00037932395935058594,0.0001163482666015625
1669,pop43,1,0.00047516822814941406,0.0
1669,pop40,1,0.026094436645507812,0.0
1669,pop41,1,0.00045561790466308594,0.0
1669,pop53,4,0.007278501987457275,0.011549764260793384
1669,pop54,1,0.026004314422607422,0.0
1670,pop24,4,0.011734366416931152,0.013120703056280878
1670,pop14,2,0.0006036758422851562,0.0001246929168701172
1670,pop50,1,0.0006878376007080078,0.0
1670,pop51,1,0.0005307197570800781,0.0
1670,pop19,1,0.0004811286926269531,0.0
1670,pop18,1,0.0005927085876464844,0.0
1671,pop37,5,0.0024302005767822266,0.00387682012734501
1671,pop33,1,0.0004515647888183594,0.0
1671,pop50,1,0.0010020732879638672,0.0
1671,pop44,1,0.0004899501800537109,0.0
1671,pop45,1,0.000469207763671875,0.0
1671,pop46,1,0.0004754066467285156,0.0
1671,pop20,1,0.0004315376281738281,0.0
1672,pop38,2,0.0068361759185791016,0.006452322006225586
1672,pop18,1,0.0002560615539550781,0.0
1672,pop19,1,0.00046133995056152344,0.0
1672,pop20,1,0.0006265640258789062,0.0
1672,pop46,1,0.00045871734619140625,0.0
1672,pop45,1,0.0005183219909667969,0.0
1672,pop44,1,0.0004582405090332031,0.0
1672,pop50,1,0.0006284713745117188,0.0
1672,pop53,2,0.0005886554718017578,2.3365020751953125e-05
1672,pop41,2,0.00048232078552246094,5.4836273193359375e-06
1672,pop40,1,0.029071807861328125,0.0
1672,pop54,1,0.029445171356201172,0.0
1672,pop52,2,0.0005518198013305664,5.805492401123047e-05
1672,pop48,2,0.016578316688537598,0.016060233116149902
1672,pop49,4,0.0005042552947998047,5.729442028498763e-05
1672,pop55,1,0.00047516822814941406,0.0
1673,pop52,3,0.004146416982014974,0.005214451016912374
1673,pop13,4,0.0004470348358154297,0.000134641496622818
1673,pop53,1,0.0005881786346435547,0.0
1673,pop1,1,0.0005125999450683594,0.0
1673,pop15,1,0.0004448890686035156,0.0
1674,pop46,3,0.004209756851196289,0.005488676279558679
1674,pop20,1,0.00055694580078125,0.0
1674,pop51,1,0.000518798828125,0.0
1674,pop19,1,0.0005440711975097656,0.0
1674,pop18,2,0.0004380941390991211,8.463859558105469e-06
1674,pop38,4,0.0005366802215576172,6.790996551019751e-05
1675,pop14,4,0.0035232901573181152,0.005488832072717828
1675,pop50,1,0.0005125999450683594,0.0
1675,pop53,1,0.0005946159362792969,0.0
1675,pop1,1,0.0004837512969970703,0.0
1675,pop6,1,0.00043702125549316406,0.0
1676,pop44,2,0.006421804428100586,0.006043910980224609
1676,pop50,2,0.0004411935806274414,0.00015819072723388672
1676,pop17,3,0.00043662389119466144,0.00014767798104552997
1676,pop51,1,0.0005271434783935547,0.0
1677,pop18,2,0.006723523139953613,0.006347298622131348
1677,pop19,2,0.00037217140197753906,0.00011205673217773438
1677,pop51,2,0.0004134178161621094,0.00015401840209960938
1677,pop9,4,0.0004903078079223633,5.468121145651473e-05
1677,pop20,1,0.0004432201385498047,0.0
1678,pop30,2,0.005693554878234863,0.005311846733093262
1678,pop31,1,0.0002434253692626953,0.0
1678,pop17,4,0.01626068353652954,0.01579835542181768
1678,pop50,3,0.0006171067555745443,2.707028060829479e-05
1678,pop44,1,0.03064560890197754,0.0
1678,pop55,1,0.028494596481323242,0.0
1678,pop52,2,0.0005075931549072266,3.6716461181640625e-05
1678,pop48,2,0.000614166259765625,0.0001316070556640625
1678,pop53,1,0.0006194114685058594,0.0
1678,pop47,1,0.0004105567932128906,0.0
1679,pop6,4,0.010737597942352295,0.011974809013613297
1679,pop1,1,0.0004553794860839844,0.0
1679,pop53,1,0.0005671977996826172,0.0
1679,pop51,1,0.0005426406860351562,0.0
1679,pop10,2,0.000529170036315918,7.18832015991211e-05
1680,pop37,5,0.0024223804473876955,0.0039575817475213685
1680,pop52,1,0.0005211830139160156,0.0
1680,pop53,1,0.0005934238433837891,0.0
1680,pop7,1,0.0004291534423828125,0.0
1681,pop46,2,0.006245613098144531,0.0058667659759521484
1681,pop45,1,0.00027871131896972656,0.0
1681,pop44,1,0.0002570152282714844,0.0
1681,pop50,2,0.0007765293121337891,0.0002193450927734375
1681,pop14,3,0.013457218805948893,0.018210063944724464
1681,pop27,3,0.012696027755737305,0.017286965629821432
1681,pop25,2,0.0004596710205078125,1.430511474609375e-05
1681,pop17,1,0.0341792106628418,0.0
1681,pop24,2,0.0005496740341186523,6.020069122314453e-05
1681,pop51,1,0.0005831718444824219,0.0
1681,pop10,1,0.00048422813415527344,0.0
1682,pop57,2,0.007220149040222168,0.0068389177322387695
1682,pop56,3,0.00047850608825683594,0.0001792035626294548
1682,pop48,1,0.0004737377166748047,0.0
1682,pop52,1,0.0005438327789306641,0.0
1682,pop53,1,0.0005776882171630859,0.0
1682,pop51,1,0.0005242824554443359,0.0
1682,pop10,1,0.0004544258117675781,0.0
1683,pop45,2,0.006581783294677734,0.006198883056640625
1683,pop44,1,0.0002598762512207031,0.0
1683,pop50,2,0.0004521608352661133,0.00012767314910888672
1683,pop17,4,0.0006744861602783203,0.00017240705063445384
1683,pop25,1,0.0004551410675048828,0.0
1683,pop27,1,0.0004467964172363281,0.0
1683,pop14,1,0.0004935264587402344,0.0
1683,pop53,1,0.0005137920379638672,0.0
1683,pop1,1,0.0005185604095458984,0.0
1683,pop15,1,0.0004398822784423828,0.0
1684,pop40,2,0.005958676338195801,0.005561947822570801
1684,pop41,1,0.0002543926239013672,0.0
1684,pop53,2,0.0005029439926147461,4.1604042053222656e-05
1684,pop54,2,0.013655662536621094,0.013151884078979492
1684,pop52,2,0.013500690460205078,0.012562751770019531
1685,pop4,2,0.006229877471923828,0.005843400955200195
1685,pop51,3,0.0004831949869791667,8.855409382409906e-05
1685,pop43,2,0.0004762411117553711,0.00010883808135986328
1685,pop40,1,0.026549339294433594,0.0
1685,pop10,4,0.0004982352256774902,8.250495082200617e-05
1685,pop19,1,0.0005447864532470703,0.0
1685,pop18,1,0.00047326087951660156,0.0
1686,pop47,2,0.005356550216674805,0.005007505416870117
1686,pop53,6,0.0005260308583577474,5.07547306938472e-05
1686,pop41,2,0.0005025863647460938,2.6941299438476562e-05
1686,pop40,1,0.02800893783569336,0.0
1686,pop1,3,0.0005581378936767578,0.0002529004966030428
1686,pop7,1,0.000484466552734375,0.0
1686,pop6,1,0.03630685806274414,0.0
1686,pop54,1,0.030560731887817383,0.0
1686,pop52,4,0.0005242228507995605,0.00017647632865166443
1686,pop50,3,0.0007407665252685547,0.00017949303840968691
1686,pop55,2,0.03353548049926758,0.0036513805389404297
1686,pop44,1,0.00047278404235839844,0.0
1686,pop27,1,0.0004801750183105469,0.0
1686,pop25,1,0.0005147457122802734,0.0
1686,pop17,1,0.04743075370788574,0.0
1686,pop48,1,0.047048091888427734,0.0
1686,pop12,4,0.00042045116424560547,9.877185661755383e-05
1686,pop15,1,0.00023293495178222656,0.0
1687,pop30,2,0.005747556686401367,0.0053789615631103516
1687,pop31,1,0.00034928321838378906,0.0
1687,pop17,4,0.0005084872245788574,3.406106891130543e-05
1687,pop50,1,0.0005643367767333984,0.0
1687,pop16,1,0.0004405975341796875,0.0
1688,pop6,3,0.004553874333699544,0.005857227812108511
1688,pop1,2,0.0003650188446044922,5.4836273193359375e-05
1688,pop53,3,0.009025017420450846,0.012199817161706403
1688,pop41,2,0.0004843473434448242,2.2649765014648438e-06
1688,pop40,1,0.025333881378173828,0.0
1688,pop54,1,0.0004558563232421875,0.0
1688,pop52,2,0.0004878044128417969,2.0265579223632812e-05
1688,pop12,4,0.0005344748497009277,7.671140938985474e-05
1689,pop8,2,0.0060242414474487305,0.005648970603942871
1689,pop51,2,0.00041306018829345703,0.00013124942779541016
1689,pop43,1,0.0002512931823730469,0.0
1689,pop40,1,0.026232481002807617,0.0
1689,pop41,1,0.00047397613525390625,0.0
1689,pop53,3,0.009621938069661459,0.01280382002427385
1689,pop1,2,0.0005064010620117188,1.430511474609375e-06
1689,pop6,1,0.031099557876586914,0.0
1689,pop50,2,0.0008057355880737305,0.00017940998077392578
1689,pop44,1,0.0005037784576416016,0.0
1689,pop27,1,0.0005412101745605469,0.0
1689,pop25,1,0.0004715919494628906,0.0
1689,pop17,3,0.0006130536397298177,0.00010057503126404793
1689,pop10,1,0.0004565715789794922,0.0
1690,pop27,3,0.009665330251057943,0.0065672127639910495
1690,pop25,1,0.0004935264587402344,0.0
1690,pop17,1,0.029352188110351562,0.0
1690,pop50,1,0.0005900859832763672,0.0
1690,pop53,1,0.026440143585205078,0.0
1690,pop54,1,0.00044798851013183594,0.0
1690,pop52,1,0.0008981227874755859,0.0
1691,pop18,2,0.006670832633972168,0.006289362907409668
1691,pop19,1,0.0002567768096923828,0.0
1691,pop51,2,0.0003883838653564453,0.00011920928955078125
1691,pop43,1,0.00048351287841796875,0.0
1691,pop40,1,0.026742219924926758,0.0
1691,pop41,1,0.00047588348388671875,0.0
1691,pop53,2,0.014162302017211914,0.013636350631713867
1691,pop1,2,0.0004965066909790039,1.7881393432617188e-06
1691,pop6,3,0.0005753835042317709,7.913445905358302e-05
1691,pop10,1,0.0004596710205078125,0.0
1692,pop30,3,0.003949960072835286,0.004986293536559721
1692,pop31,2,0.00033652782440185547,8.857250213623047e-05
1692,pop17,1,0.030696868896484375,0.0
1692,pop48,1,0.00047588348388671875,0.0
1692,pop52,1,0.0005309581756591797,0.0
1692,pop53,1,0.0009202957153320312,0.0
1692,pop51,2,0.0005643367767333984,4.7206878662109375e-05
1692,pop50,2,0.0006173849105834961,3.826618194580078e-05
1692,pop33,2,0.000484466552734375,1.4066696166992188e-05
1692,pop32,4,0.0005567073822021484,0.00016374097837866327
1692,pop19,1,0.0005159378051757812,0.0
1692,pop20,1,0.00046563148498535156,0.0
1693,pop28,2,0.00598299503326416,0.005611538887023926
1693,pop51,2,0.0005484819412231445,1.3232231140136719e-05
1693,pop43,2,0.0005350112915039062,5.269050598144531e-05
1693,pop40,4,0.0005276799201965332,4.726836235669643e-05
1694,pop22,5,0.002638435363769531,0.004284878527385092
1694,pop51,1,0.0005233287811279297,0.0
1694,pop50,1,0.0005450248718261719,0.0
1694,pop35,1,0.0004184246063232422,0.0
1695,pop50,3,0.004347403844197591,0.005498756272020738
1695,pop17,3,0.0005125204722086588,0.0002126927438979317
1695,pop53,1,0.0005471706390380859,0.0
1695,pop47,1,0.0005555152893066406,0.0
1696,pop41,2,0.006136655807495117,0.005751371383666992
1696,pop40,2,0.013407468795776367,0.013154029846191406
1696,pop43,1,0.0005865097045898438,0.0
1696,pop51,4,0.000573575496673584,3.63943344866499e-05
1696,pop10,3,0.009681463241577148,0.012896592789579919
1696,pop4,2,0.014730691909790039,0.014282941818237305
1696,pop50,1,0.0005850791931152344,0.0
1696,pop14,1,0.0005104541778564453,0.0
1696,pop24,1,0.0004734992980957031,0.0
1697,pop21,2,0.0073729753494262695,0.006992936134338379
1697,pop23,2,0.014658689498901367,0.014402389526367188
1697,pop24,4,0.004163682460784912,0.006253441407344487
1698,pop42,2,0.0061914920806884766,0.00580596923828125
1698,pop43,2,0.0003591775894165039,0.00011026859283447266
1698,pop40,1,0.024571657180786133,0.0
1698,pop51,7,0.0005545956747872489,0.00024941088657455
1698,pop19,7,0.000522545405796596,0.00016075054425176402
1698,pop20,4,0.02541106939315796,0.016542580482219696
1698,pop18,2,0.0004786252975463867,1.704692840576172e-05
1698,pop38,2,0.018468022346496582,0.017969727516174316
1698,pop46,1,0.00047135353088378906,0.0
1698,pop50,7,0.0006967272077287946,0.0001714892751907705
1698,pop16,4,0.00047212839126586914,3.2259881751871154e-05
1698,pop23,9,0.014583508173624674,0.02637141401666862
1698,pop21,4,0.04840505123138428,0.034601329705742576
1698,pop22,2,0.03016030788421631,0.007315993309020996
1698,pop10,1,0.04043745994567871,0.0
1698,pop4,1,0.04380226135253906,0.0
1698,pop24,5,0.06053147315979004,0.03068262119118586
1698,pop14,2,0.06833422183990479,0.005304217338562012
1698,pop44,1,0.0005424022674560547,0.0
1698,pop27,1,0.0004887580871582031,0.0
1698,pop25,1,0.0006363391876220703,0.0
1698,pop17,2,0.03819894790649414,0.037598609924316406
1698,pop33,2,0.0007475614547729492,0.00019919872283935547
1698,pop37,1,0.0005159378051757812,0.0
1698,pop52,1,0.0006222724914550781,0.0
1698,pop53,1,0.0008375644683837891,0.0
1698,pop32,2,0.0006561279296875,0.00013065338134765625
1698,pop35,1,0.00045990943908691406,0.0
1699,pop55,2,0.005600452423095703,0.005223989486694336
1699,pop52,2,0.00036847591400146484,0.00010836124420166016
1699,pop13,4,0.000489652156829834,5.738918318756813e-05
1700,pop45,2,0.006654143333435059,0.006281495094299316
1700,pop44,1,0.0002677440643310547,0.0
1700,pop50,2,0.00039827823638916016,9.28640365600586e-05
1700,pop17,4,0.0005936026573181152,0.00010167334727960564
1700,pop53,1,0.0005633831024169922,0.0
1700,pop47,1,0.0004649162292480469,0.0
1701,pop18,2,0.006686568260192871,0.006301999092102051
1701,pop19,1,0.00025916099548339844,0.0
1701,pop51,2,0.0004202127456665039,0.0001538991928100586
1701,pop43,1,0.0007269382476806641,0.0
1701,pop53,2,0.0005487203598022461,2.6106834411621094e-05
1701,pop41,2,0.0004622936248779297,2.5510787963867188e-05
1701,pop40,1,0.02829766273498535,0.0
1701,pop50,2,0.0008327960968017578,0.0002353191375732422
1701,pop14,1,0.0004994869232177734,0.0
1701,pop27,1,0.0004534721374511719,0.0
1701,pop25,1,0.00055694580078125,0.0
1701,pop17,4,0.0005209445953369141,3.9028618925258836e-05
1701,pop16,1,0.00046563148498535156,0.0
1702,pop32,2,0.007371664047241211,0.006976127624511719
1702,pop33,2,0.0003610849380493164,0.0001035928726196289
1702,pop37,3,0.000530242919921875,8.506855978529507e-05
1702,pop50,1,0.0005161762237548828,0.0
1702,pop51,1,0.0005395412445068359,0.0
1702,pop10,1,0.0004620552062988281,0.0
1703,pop33,3,0.0046910444895426435,0.006021452597898361
1703,pop37,3,0.0004904270172119141,6.777241198602558e-05
1703,pop50,1,0.0005085468292236328,0.0
1703,pop51,1,0.0005235671997070312,0.0
1704,pop53,3,0.004171689351399739,0.005208470580338802
1704,pop41,2,0.0003546476364135742,0.00010597705841064453
1704,pop40,1,0.025982141494750977,0.0
1704,pop52,3,0.0005206267038981119,4.131656321469026e-05
1705,pop56,5,0.003089284896850586,0.005277627457938007
1705,pop48,1,0.0004870891571044922,0.0
1705,pop52,1,0.0005013942718505859,0.0
1705,pop53,1,0.0005390644073486328,0.0
1705,pop51,1,0.00064849853515625,0.0
1705,pop10,1,0.00044989585876464844,0.0
1706,pop38,5,0.003110980987548828,0.005248497208669329
1706,pop18,1,0.0004792213439941406,0.0
1706,pop19,1,0.0004973411560058594,0.0
1706,pop51,1,0.0004978179931640625,0.0
1706,pop53,1,0.0005981922149658203,0.0
1706,pop1,1,0.0004839897155761719,0.0
1706,pop6,1,0.00043511390686035156,0.0
1707,pop14,3,0.0047833919525146484,0.006161401722416499
1707,pop24,4,0.0004971027374267578,0.00016982065189982066
1707,pop50,1,0.0005807876586914062,0.0
1707,pop51,1,0.00048065185546875,0.0
1707,pop19,1,0.0004973411560058594,0.0
1707,pop20,1,0.00045990943908691406,0.0
1708,pop30,2,0.00580906867980957,0.005418539047241211
1708,pop48,4,0.008860111236572266,0.014520679600373603
1708,pop49,4,0.008195459842681885,0.013308583587327534
1708,pop2,1,0.03319668769836426,0.0
1708,pop52,4,0.008314847946166992,0.013463777895020916
1708,pop53,1,0.0006020069122314453,0.0
1708,pop1,1,0.00047588348388671875,0.0
1708,pop15,1,0.0004372596740722656,0.0
1709,pop22,5,0.002637624740600586,0.004387832737199982
1709,pop51,1,0.0004906654357910156,0.0
1709,pop47,1,0.00058746337890625,0.0
1710,pop55,2,0.005627989768981934,0.005260825157165527
1710,pop52,2,0.00037539005279541016,0.0001119375228881836
1710,pop13,4,0.000508725643157959,0.00010659848714729493
1710,pop53,1,0.0005106925964355469,0.0
1710,pop50,1,0.0005772113800048828,0.0
1710,pop14,1,0.0005028247833251953,0.0
1710,pop24,1,0.00046515464782714844,0.0
1711,pop39,2,0.006530046463012695,0.006134986877441406
1711,pop38,4,0.0004094839096069336,9.235212213895288e-05
1711,pop18,1,0.00046944618225097656,0.0
1712,pop23,2,0.007210135459899902,0.006814360618591309
1712,pop24,3,0.00046324729919433594,0.00017247943310219388
1712,pop14,1,0.00048542022705078125,0.0
1712,pop50,1,0.0005609989166259766,0.0
1712,pop51,1,0.0005939006805419922,0.0
1712,pop10,1,0.0006053447723388672,0.0
1713,pop44,4,0.010088026523590088,0.010846994168806823
1713,pop45,1,0.0004773139953613281,0.0
1713,pop46,1,0.0004413127899169922,0.0
1713,pop20,1,0.029558897018432617,0.0
1713,pop19,1,0.0005142688751220703,0.0
1713,pop51,1,0.0005412101745605469,0.0
1713,pop50,2,0.0005778074264526367,3.4570693969726562e-06
1713,pop17,2,0.0007226467132568359,0.00022745132446289062
1713,pop25,1,0.0004372596740722656,0.0
1713,pop27,1,0.0007586479187011719,0.0
1713,pop53,1,0.0006008148193359375,0.0
1713,pop1,1,0.0005068778991699219,0.0
1713,pop15,1,0.00044727325439453125,0.0
1714,pop37,4,0.003046870231628418,0.004512831179596446
1714,pop52,1,0.0004646778106689453,0.0
1715,pop46,2,0.006426453590393066,0.006054282188415527
1715,pop45,1,0.0004868507385253906,0.0
1715,pop44,4,0.0004985928535461426,3.764348317056604e-05
1715,pop50,1,0.0005564689636230469,0.0
1715,pop51,1,0.0005664825439453125,0.0
1716,pop41,2,0.006392717361450195,0.00599980354309082
1716,pop40,2,0.012748003005981445,0.01249241828918457
1716,pop43,1,0.00045800209045410156,0.0
1716,pop51,2,0.0005848407745361328,4.267692565917969e-05
1716,pop10,2,0.000536799430847168,3.9696693420410156e-05
1716,pop53,1,0.0006248950958251953,0.0
1716,pop7,1,0.0004487037658691406,0.0
1717,pop21,4,0.004015862941741943,0.006162903914663814
1717,pop23,1,0.00044083595275878906,0.0
1717,pop16,1,0.00044727325439453125,0.0
1718,pop33,3,0.004617770512898763,0.005932889580239184
1718,pop32,4,0.0004341006278991699,0.00011637310430827078
1718,pop50,1,0.0005688667297363281,0.0
1718,pop44,1,0.000457763671875,0.0
1719,pop53,2,0.00599825382232666,0.005587220191955566
1719,pop41,1,0.00025916099548339844,0.0
1719,pop40,1,0.027324676513671875,0.0
1719,pop43,1,0.0006155967712402344,0.0
1719,pop51,2,0.0005223751068115234,1.049041748046875e-05
1719,pop19,3,0.0007147789001464844,0.00020490492209676952
1719,pop46,1,0.0004885196685791016,0.0
1719,pop20,3,0.011069774627685547,0.015028053061055136
1719,pop18,2,0.0004684925079345703,5.7220458984375e-06
1719,pop38,3,0.0005430380503336588,0.00010580634629356516
1720,pop4,3,0.01386562983194987,0.011618026014450675
1720,pop51,3,0.0004704793294270833,0.00013352807482109273
1720,pop10,3,0.009510437647501627,0.01280528052897297
1720,pop50,2,0.0006020069122314453,3.790855407714844e-05
1720,pop17,2,0.0005950927734375,8.153915405273438e-05
1720,pop16,1,0.0004448890686035156,0.0
1721,pop47,4,0.008712828159332275,0.009369834925938557
1721,pop53,2,0.0006480216979980469,8.249282836914062e-05
1721,pop50,1,0.0005321502685546875,0.0
1721,pop16,1,0.0005979537963867188,0.0
1722,pop32,2,0.007849812507629395,0.007465004920959473
1722,pop33,2,0.00035059452056884766,0.00010526180267333984
1722,pop37,4,0.0005296468734741211,8.805984651603296e-05
1722,pop50,1,0.0005860328674316406,0.0
1722,pop14,1,0.0004894733428955078,0.0
1722,pop24,1,0.0004773139953613281,0.0
1723,pop56,4,0.0038605928421020508,0.005825835782976222
1723,pop48,1,0.0004582405090332031,0.0
1723,pop52,1,0.0004951953887939453,0.0
1723,pop53,1,0.0005786418914794922,0.0
1723,pop1,1,0.00045609474182128906,0.0
1723,pop15,1,0.00041556358337402344,0.0
1724,pop41,2,0.006314396858215332,0.005915522575378418
1724,pop40,4,0.00046259164810180664,0.0001578703141169097
1724,pop43,1,0.0004570484161376953,0.0
1724,pop51,1,0.0005435943603515625,0.0
1724,pop19,1,0.0004999637603759766,0.0
1724,pop20,1,0.0004665851593017578,0.0
1725,pop16,2,0.0066689252853393555,0.006291985511779785
1725,pop23,1,0.03007364273071289,0.0
1725,pop24,4,0.0005655288696289062,9.18284563336224e-05
1725,pop14,1,0.0004966259002685547,0.0
1725,pop50,1,0.0006208419799804688,0.0
1725,pop51,1,0.0005035400390625,0.0
1725,pop19,1,0.0006489753723144531,0.0
1725,pop18,1,0.0004467964172363281,0.0
1726,pop9,4,0.0033870339393615723,0.004926531147145235
1726,pop51,1,0.0005447864532470703,0.0
1726,pop19,1,0.000492095947265625,0.0
1726,pop20,1,0.00044727325439453125,0.0
1727,pop27,3,0.015085617701212565,0.012290730660832699
1727,pop25,1,0.0002505779266357422,0.0
1727,pop17,3,0.000553131103515625,9.308060008153799e-05
1727,pop50,1,0.0006101131439208984,0.0
1727,pop53,1,0.0005698204040527344,0.0
1727,pop1,1,0.0005266666412353516,0.0
1727,pop6,1,0.0004482269287109375,0.0
1728,pop53,6,0.0070152680079142255,0.010290163045944004
1728,pop41,2,0.0005458593368530273,7.426738739013672e-05
1728,pop40,1,0.02652120590209961,0.0
1728,pop1,1,0.0004987716674804688,0.0
1728,pop6,1,0.032655954360961914,0.0
1728,pop7,2,0.0004373788833618164,1.3947486877441406e-05
1728,pop54,1,0.030725479125976562,0.0
1728,pop52,3,0.0005760987599690756,5.305597637845e-05
1729,pop47,3,0.01157538096110026,0.0095095140166377
1729,pop53,3,0.009756167729695639,0.012955824650610272
1729,pop54,2,0.0005559921264648438,6.842613220214844e-05
1729,pop50,1,0.0006325244903564453,0.0
1729,pop44,1,0.0004477500915527344,0.0
1730,pop48,4,0.010373115539550781,0.011139715267120924
1730,pop56,3,0.0005216598510742188,5.111396304025406e-05
1730,pop52,1,0.0005064010620117188,0.0
1730,pop53,1,0.0005443096160888672,0.0
1730,pop7,1,0.00042176246643066406,0.0
1731,pop36,2,0.0060007572174072266,0.005599498748779297
1731,pop10,1,0.027231454849243164,0.0
1731,pop51,1,0.0006175041198730469,0.0
1731,pop50,1,0.0006260871887207031,0.0
1731,pop55,2,0.014701247215270996,0.014245867729187012
1731,pop52,3,0.0005393028259277344,1.8683053482178312e-05
1732,pop28,2,0.006061434745788574,0.005682587623596191
1732,pop36,1,0.00046324729919433594,0.0
1732,pop10,1,0.027811050415039062,0.0
1732,pop51,2,0.0009453296661376953,1.1920928955078125e-06
1732,pop46,1,0.000484466552734375,0.0
1732,pop20,1,0.03363609313964844,0.0
1732,pop19,2,0.0006099939346313477,4.780292510986328e-05
1732,pop18,2,0.0004400014877319336,1.728534698486328e-05
1732,pop38,2,0.01987433433532715,0.019368410110473633
1733,pop50,2,0.006523489952087402,0.006110787391662598
1733,pop55,1,0.024034500122070312,0.0
1733,pop52,2,0.0007724761962890625,0.00019931793212890625
1733,pop54,1,0.026700973510742188,0.0
1733,pop53,1,0.0005934238433837891,0.0
1734,pop31,2,0.006259441375732422,0.0058765411376953125
1734,pop17,4,0.0005607008934020996,0.00012662735690018194
1734,pop25,1,0.000423431396484375,0.0
1734,pop27,1,0.0004889965057373047,0.0
1734,pop14,1,0.0005176067352294922,0.0
1734,pop50,1,0.0006477832794189453,0.0
1734,pop55,1,0.0004627704620361328,0.0
1735,pop10,3,0.013054291407267252,0.010767713915462248
1735,pop51,1,0.0005600452423095703,0.0
1735,pop19,1,0.0005049705505371094,0.0
1735,pop20,1,0.03027033805847168,0.0
1735,pop46,1,0.00044918060302734375,0.0
1735,pop45,1,0.0004630088806152344,0.0
1735,pop44,2,0.0005627870559692383,6.568431854248047e-05
1735,pop50,1,0.0005700588226318359,0.0
1735,pop53,1,0.0005612373352050781,0.0
1735,pop7,1,0.0004215240478515625,0.0
1736,pop24,2,0.007636666297912598,0.007240891456604004
1736,pop14,2,0.01596522331237793,0.015410661697387695
1736,pop50,2,0.000552058219909668,1.3470649719238281e-05
1736,pop17,2,0.0005968809127807617,0.00011146068572998047
1736,pop51,1,0.0005190372467041016,0.0
1736,pop19,1,0.0004951953887939453,0.0
1736,pop18,1,0.0004801750183105469,0.0
1737,pop52,2,0.006388545036315918,0.005988478660583496
1737,pop55,1,0.024850845336914062,0.0
1737,pop50,1,0.000579833984375,0.0
1737,pop14,4,0.0005342960357666016,1.4479880885839164e-05
1737,pop24,1,0.00048041343688964844,0.0
1738,pop55,4,0.009390413761138916,0.010284331473915562
1738,pop52,2,0.00048530101776123047,2.205371856689453e-05
1738,pop12,2,0.0006036758422851562,2.1696090698242188e-05
1738,pop53,1,0.0005364418029785156,0.0
1738,pop50,1,0.0005717277526855469,0.0
1738,pop44,1,0.00047135353088378906,0.0
1739,pop16,3,0.004664897918701172,0.005873247094927908
1739,pop23,4,0.0005317330360412598,6.96617667590885e-05
1739,pop50,1,0.0005867481231689453,0.0
1739,pop51,1,0.0005786418914794922,0.0
1739,pop10,1,0.0004794597625732422,0.0
1740,pop27,3,0.005140066146850586,0.006664858073135995
1740,pop25,2,0.0004929304122924805,1.5616416931152344e-05
1740,pop17,1,0.0008454322814941406,0.0
1740,pop14,1,0.0004916191101074219,0.0
1740,pop50,1,0.0005133152008056641,0.0
1740,pop55,1,0.02736067771911621,0.0
1740,pop52,2,0.0005016326904296875,2.384185791015625e-06
1740,pop12,4,0.0005001425743103027,4.675660515711424e-05
1740,pop34,1,0.0004265308380126953,0.0
1740,pop35,1,0.00044608116149902344,0.0
1741,pop50,6,0.0035115480422973633,0.0063933412176332555
1741,pop16,2,0.0004781484603881836,2.0384788513183594e-05
1741,pop23,2,0.015648603439331055,0.015208959579467773
1741,pop21,1,0.0338900089263916,0.0
1741,pop44,2,0.03271162509918213,0.003061652183532715
1741,pop14,1,0.00047850608825683594,0.0
1741,pop27,1,0.00046896934509277344,0.0
1741,pop25,1,0.0005142688751220703,0.0
1741,pop17,2,0.019219636917114258,0.018693208694458008
1741,pop55,2,0.016312241554260254,0.015848517417907715
1741,pop52,2,0.0007030963897705078,0.00016260147094726562
1741,pop12,2,0.0007121562957763672,0.0001971721649169922
1741,pop51,1,0.0006160736083984375,0.0
1741,pop10,1,0.00045180320739746094,0.0
1742,pop23,3,0.01951940854390462,0.013370274622813198
1742,pop24,2,0.0005112886428833008,5.8531761169433594e-05
1742,pop14,1,0.0004634857177734375,0.0
1742,pop50,1,0.0007693767547607422,0.0
1742,pop53,1,0.0005626678466796875,0.0
1742,pop51,1,0.0005505084991455078,0.0
1743,pop37,5,0.0048430442810058595,0.008530377552565846
1743,pop52,1,0.0005304813385009766,0.0
1743,pop53,1,0.0005452632904052734,0.0
1743,pop47,1,0.0004470348358154297,0.0
1744,pop21,2,0.01610708236694336,0.015475749969482422
1744,pop23,1,0.0005135536193847656,0.0
1744,pop24,3,0.0006270408630371094,0.00013464058188878485
1744,pop14,1,0.0004582405090332031,0.0
1744,pop50,1,0.0005674362182617188,0.0
1744,pop53,1,0.0006055831909179688,0.0
1744,pop1,1,0.00047278404235839844,0.0
1744,pop6,1,0.00048232078552246094,0.0
1745,pop36,2,0.012683868408203125,0.012084245681762695
1745,pop10,4,0.0005169510841369629,7.060479009023925e-05
1745,pop51,1,0.0005755424499511719,0.0
1745,pop53,1,0.0005483627319335938,0.0
1745,pop52,1,0.0005924701690673828,0.0
1746,pop28,2,0.012121200561523438,0.011517047882080078
1746,pop36,1,0.0006177425384521484,0.0
1746,pop10,4,0.0005416274070739746,0.0001314437299152984
1746,pop51,1,0.0005764961242675781,0.0
1746,pop47,1,0.0004477500915527344,0.0
1747,pop10,2,0.012880921363830566,0.01228344440460205
1747,pop51,2,0.0005522966384887695,8.702278137207031e-06
1747,pop9,3,0.0005184014638264974,0.00011249068173920352
1747,pop50,1,0.0006103515625,0.0
1747,pop14,1,0.0004894733428955078,0.0
1747,pop24,1,0.0004525184631347656,0.0
1748,pop27,2,0.01514291763305664,0.01452326774597168
1748,pop14,2,0.016543030738830566,0.016080737113952637
1748,pop24,4,0.0005630850791931152,5.662362825954799e-05
1748,pop50,1,0.0006513595581054688,0.0
1748,pop44,1,0.0004940032958984375,0.0
1749,pop50,3,0.008826653162638346,0.011588469758247118
1749,pop14,3,0.010381301244099935,0.013999952485960506
1749,pop24,2,0.0006031990051269531,0.00015997886657714844
1749,pop53,1,0.0005884170532226562,0.0
1749,pop47,1,0.00046181678771972656,0.0
1750,pop57,2,0.014930248260498047,0.014350652694702148
1750,pop56,3,0.010941743850708008,0.014826589104809357
1750,pop48,3,0.010850191116333008,0.014461791538693152
1750,pop52,3,0.010741392771402994,0.014459464764421049
1750,pop12,1,0.03069162368774414,0.0
1750,pop55,1,0.000492095947265625,0.0
1750,pop50,1,0.0005977153778076172,0.0
1750,pop44,1,0.00043511390686035156,0.0
1751,pop40,2,0.01259458065032959,0.011991143226623535
1751,pop43,1,0.0004715919494628906,0.0
1751,pop51,1,0.0005605220794677734,0.0
1751,pop19,1,0.0006647109985351562,0.0
1751,pop20,1,0.030900239944458008,0.0
1751,pop46,1,0.0004353523254394531,0.0
1751,pop45,1,0.0004754066467285156,0.0
1751,pop44,1,0.032048702239990234,0.0
1751,pop50,2,0.0005488395690917969,1.2159347534179688e-05
1751,pop14,2,0.0005363225936889648,4.1365623474121094e-05
1751,pop24,4,0.0005347728729248047,8.342078357534764e-05
1751,pop53,1,0.0006120204925537109,0.0
1751,pop7,1,0.0004832744598388672,0.0
1752,pop6,5,0.0059490203857421875,0.010910329939761416
1753,pop4,2,0.013113737106323242,0.012497901916503906
1753,pop51,2,0.0006049871444702148,6.020069122314453e-05
1753,pop10,1,0.02651214599609375,0.0
1753,pop19,4,0.0005820393562316895,4.957282866986196e-05
1753,pop20,4,0.008089423179626465,0.013219669829489076
1753,pop18,3,0.0004661083221435547,3.0031278421765197e-05
1753,pop38,1,0.035886287689208984,0.0
1754,pop32,5,0.006526374816894531,0.011975236644657375
1754,pop33,1,0.00047278404235839844,0.0
1754,pop50,1,0.0006287097930908203,0.0
1754,pop55,1,0.0004620552062988281,0.0
1755,pop56,4,0.007816493511199951,0.01253158623756532
1755,pop48,1,0.00047898292541503906,0.0
1755,pop52,1,0.000484466552734375,0.0
1755,pop53,1,0.0007195472717285156,0.0
1755,pop50,1,0.0006864070892333984,0.0
1755,pop14,1,0.0006055831909179688,0.0
1755,pop24,1,0.0004839897155761719,0.0
1756,pop41,2,0.01362156867980957,0.012982606887817383
1756,pop53,2,0.000629425048828125,6.937980651855469e-05
1756,pop54,2,0.013817429542541504,0.013208746910095215
1756,pop52,2,0.0005151033401489258,2.777576446533203e-05
1756,pop12,2,0.0005471706390380859,3.409385681152344e-05
1756,pop34,1,0.00043964385986328125,0.0
1756,pop35,1,0.00044846534729003906,0.0
1757,pop31,2,0.013059020042419434,0.012415766716003418
1757,pop17,4,0.0005379915237426758,5.9111101536088155e-05
1757,pop50,1,0.0005631446838378906,0.0
1757,pop44,1,0.0004889965057373047,0.0
1758,pop52,3,0.009218374888102213,0.012247376883217998
1758,pop37,3,0.0004878838857014974,5.625207802196441e-05
1758,pop55,1,0.00044083595275878906,0.0
1759,pop50,4,0.007163822650909424,0.011259664179275156
1759,pop44,2,0.014826655387878418,0.014341950416564941
1759,pop45,1,0.0005123615264892578,0.0
1759,pop46,1,0.00046706199645996094,0.0
1759,pop20,1,0.031594276428222656,0.0
1759,pop19,1,0.0005214214324951172,0.0
1759,pop51,1,0.0005342960357666016,0.0
1759,pop17,2,0.0006008148193359375,7.939338684082031e-05
1759,pop53,1,0.0008041858673095703,0.0
1759,pop54,1,0.0004649162292480469,0.0
1759,pop52,1,0.0005614757537841797,0.0
1760,pop8,2,0.013015508651733398,0.012403249740600586
1760,pop51,3,0.0005575021107991537,3.131331524459239e-05
1760,pop10,3,0.010099013646443685,0.013630574417822514
1760,pop4,2,0.0005918741226196289,9.906291961669922e-05
1760,pop53,1,0.0006473064422607422,0.0
1760,pop1,1,0.0004894733428955078,0.0
1760,pop6,1,0.0004317760467529297,0.0
1761,pop9,4,0.006859958171844482,0.010878216501247302
1761,pop51,1,0.000499725341796875,0.0
1761,pop53,1,0.0006043910980224609,0.0
1761,pop1,1,0.0004994869232177734,0.0
1761,pop6,1,0.0004508495330810547,0.0
1762,pop53,2,0.012720704078674316,0.012067914009094238
1762,pop54,2,0.013676285743713379,0.01323997974395752
1762,pop52,2,0.0005081892013549805,1.823902130126953e-05
1762,pop12,3,0.0004896322886149088,3.0023285505636748e-05
1762,pop55,1,0.00044035911560058594,0.0
1763,pop28,2,0.01239311695098877,0.011807560920715332
1763,pop51,3,0.0005657672882080078,1.1142083592937396e-05
1763,pop19,2,0.0005028247833251953,1.430511474609375e-06
1763,pop20,3,0.011209805806477865,0.015189331643889118
1763,pop22,2,0.0005886554718017578,0.0001125335693359375
1763,pop10,1,0.00046253204345703125,0.0
1764,pop40,2,0.01289975643157959,0.012014031410217285
1764,pop41,1,0.0004963874816894531,0.0
1764,pop53,3,0.0006557305653889974,9.098521417589342e-05
1764,pop51,4,0.0006159543991088867,7.473471762080277e-05
1764,pop19,3,0.0006059805552164713,0.0001026078027988459
1764,pop18,3,0.0004749298095703125,1.0780809049605946e-05
1764,pop38,2,0.020253419876098633,0.019805431365966797
1764,pop39,1,0.0006046295166015625,0.0
1764,pop44,1,0.00043773651123046875,0.0
1764,pop45,1,0.00045371055603027344,0.0
1764,pop46,1,0.0006358623504638672,0.0
1764,pop20,2,0.018641352653503418,0.018193364143371582
1764,pop10,2,0.019240260124206543,0.018759846687316895
1765,pop50,4,0.0068596601486206055,0.010816338004241002
1765,pop17,2,0.016299009323120117,0.01580047607421875
1765,pop44,2,0.0005931854248046875,6.437301635742188e-05
1765,pop51,1,0.0005209445953369141,0.0
1766,pop42,2,0.013170003890991211,0.012569665908813477
1766,pop43,1,0.00048470497131347656,0.0
1766,pop51,1,0.0005025863647460938,0.0
1766,pop53,1,0.027344226837158203,0.0
1766,pop52,2,0.0005184412002563477,3.933906555175781e-06
1766,pop12,3,0.0004737377166748047,2.6071701186104874e-05
1767,pop45,2,0.013959765434265137,0.013361811637878418
1767,pop44,2,0.014431476593017578,0.013946056365966797
1767,pop50,2,0.0006170272827148438,4.291534423828125e-06
1767,pop17,3,0.0005332628885904948,3.0164321470398185e-05
1767,pop51,1,0.0005474090576171875,0.0
1768,pop18,2,0.01388692855834961,0.01329946517944336
1768,pop19,1,0.0005028247833251953,0.0
1768,pop20,4,0.00048482418060302734,7.206820251592357e-05
1769,pop4,2,0.013843774795532227,0.013215303421020508
1769,pop51,1,0.0005512237548828125,0.0
1769,pop53,1,0.026272058486938477,0.0
1769,pop54,1,0.026081562042236328,0.0
1769,pop52,2,0.0005124807357788086,8.702278137207031e-06
1769,pop12,3,0.0004819234212239583,1.22290113699905e-05
1770,pop52,2,0.013591647148132324,0.012938857078552246
1770,pop54,3,0.0005369981129964193,6.445724173450094e-05
1770,pop53,1,0.0006971359252929688,0.0
1770,pop50,1,0.0005795955657958984,0.0
1770,pop16,1,0.00046706199645996094,0.0
1771,pop53,6,0.013563156127929688,0.013014143872453936
1771,pop54,3,0.009003798166910807,0.011992059038688488
1771,pop7,1,0.0004134178161621094,0.0
1772,pop40,5,0.005389261245727539,0.009622023014714326
1772,pop41,3,0.0004867712656656901,2.15100015291785e-05
1772,pop53,2,0.01388406753540039,0.013342618942260742
1772,pop50,1,0.0005650520324707031,0.0
1772,pop55,1,0.0004527568817138672,0.0
1773,pop38,2,0.015630006790161133,0.014998435974121094
1773,pop18,1,0.00046896934509277344,0.0
1773,pop19,1,0.0005140304565429688,0.0
1773,pop20,4,0.00045412778854370117,2.0340035904835496e-05
1774,pop14,3,0.010370969772338867,0.01386292121915147
1774,pop24,4,0.0005418658256530762,8.463093477825096e-05
1774,pop50,1,0.0005793571472167969,0.0
1774,pop51,1,0.0004978179931640625,0.0
1775,pop30,2,0.01266944408416748,0.0120314359664917
1775,pop31,1,0.0004467964172363281,0.0
1775,pop17,5,0.007264566421508789,0.013311783996892038
1775,pop25,1,0.000476837158203125,0.0
1775,pop27,1,0.03778481483459473,0.0
1775,pop44,1,0.0004930496215820312,0.0
1775,pop50,2,0.0005723237991333008,2.562999725341797e-05
1775,pop35,1,0.00043010711669921875,0.0
1776,pop22,4,0.006761789321899414,0.010637788030273772
1776,pop51,1,0.0009589195251464844,0.0
1776,pop53,1,0.0005908012390136719,0.0
1776,pop52,1,0.0005104541778564453,0.0
1776,pop34,1,0.0004515647888183594,0.0
1776,pop35,1,0.0004413127899169922,0.0
1777,pop24,4,0.008517980575561523,0.013708500363154274
1777,pop14,1,0.00047087669372558594,0.0
1777,pop50,1,0.000579833984375,0.0
1777,pop51,1,0.0005662441253662109,0.0
1777,pop10,1,0.0004496574401855469,0.0
1778,pop16,3,0.009740193684895834,0.012982485489232372
1778,pop23,2,0.00045752525329589844,4.5299530029296875e-06
1778,pop21,3,0.0005292097727457682,9.650590635021226e-05
1778,pop50,1,0.0005588531494140625,0.0
1778,pop51,1,0.0005593299865722656,0.0
1778,pop19,1,0.0004968643188476562,0.0
1778,pop18,1,0.0004038810729980469,0.0
1779,pop8,2,0.012741684913635254,0.012153267860412598
1779,pop51,1,0.0006339550018310547,0.0
1779,pop53,1,0.027727127075195312,0.0
1779,pop52,1,0.0004940032958984375,0.0
1779,pop12,1,0.0316004753112793,0.0
1780,pop50,3,0.008930206298828125,0.01174243415521476
1780,pop17,4,0.0005658268928527832,0.00011529546006112731
1780,pop53,1,0.0006029605865478516,0.0
1780,pop47,1,0.00042557716369628906,0.0
1781,pop45,2,0.014127731323242188,0.013519525527954102
1781,pop44,1,0.027013301849365234,0.0
1781,pop50,2,0.000769495964050293,0.00016748905181884766
1781,pop14,1,0.0005125999450683594,0.0
1781,pop27,1,0.0004439353942871094,0.0
1781,pop25,1,0.0004925727844238281,0.0
1781,pop17,4,0.000587165355682373,8.121055747024869e-05
1781,pop51,1,0.0005452632904052734,0.0
1781,pop10,1,0.00043511390686035156,0.0
1782,pop18,2,0.014245867729187012,0.01364147663116455
1782,pop19,2,0.0005617141723632812,6.4849853515625e-05
1782,pop20,3,0.010931173960367838,0.014707218602192556
1782,pop51,1,0.0007913112640380859,0.0
1782,pop53,1,0.0005447864532470703,0.0
1782,pop50,2,0.0005906820297241211,5.960464477539062e-07
1782,pop17,2,0.0005712509155273438,4.1484832763671875e-05
1782,pop55,1,0.00047135353088378906,0.0
1783,pop40,3,0.0172272523244222,0.011756912051624643
1783,pop41,1,0.0004825592041015625,0.0
1783,pop53,3,0.0006110668182373047,6.524687901299347e-05
1783,pop1,1,0.0006530284881591797,0.0
1783,pop15,1,0.00044345855712890625,0.0
1784,pop39,2,0.014009952545166016,0.013395547866821289
1784,pop38,1,0.03150200843811035,0.0
1784,pop18,1,0.0005085468292236328,0.0
1784,pop19,4,0.0005002021789550781,1.691764209232978e-05
1784,pop20,3,0.01028911272684733,0.013760984049603657
1784,pop51,3,0.0005559921264648438,1.4170703970831788e-05
1784,pop4,3,0.011140823364257812,0.014991953908348591
1784,pop53,1,0.0006439685821533203,0.0
1784,pop7,1,0.0004398822784423828,0.0
1785,pop44,5,0.006054115295410156,0.01097148581590223
1785,pop50,1,0.0005960464477539062,0.0
1785,pop51,1,0.0005331039428710938,0.0
1785,pop10,1,0.00043964385986328125,0.0
1786,pop46,3,0.00935061772664388,0.012458457247390396
1786,pop20,2,0.015392899513244629,0.014759421348571777
1786,pop45,1,0.0004723072052001953,0.0
1786,pop44,1,0.031297922134399414,0.0
1786,pop27,1,0.0006258487701416016,0.0
1786,pop25,1,0.0005996227264404297,0.0
1786,pop17,2,0.01940596103668213,0.01890385150909424
1786,pop50,2,0.0005453824996948242,2.2649765014648438e-06
1786,pop14,2,0.0005183219909667969,7.152557373046875e-06
1786,pop24,2,0.0006409883499145508,3.445148468017578e-05
1786,pop51,1,0.0005075931549072266,0.0
1786,pop10,1,0.0004634857177734375,0.0
1787,pop33,3,0.009556214014689127,0.012736496007623166
1787,pop32,4,0.0005395412445068359,6.545121965171959e-05
1787,pop50,1,0.0005638599395751953,0.0
1787,pop14,1,0.0004703998565673828,0.0
1787,pop24,1,0.0004334449768066406,0.0
1788,pop23,3,0.010216236114501953,0.0136703482206593
1788,pop21,3,0.0005466938018798828,9.23990170293644e-05
1788,pop16,1,0.00048232078552246094,0.0
1788,pop50,1,0.0005712509155273438,0.0
1788,pop51,1,0.0005669593811035156,0.0
1788,pop10,1,0.0004482269287109375,0.0
1789,pop36,2,0.012443780899047852,0.011832952499389648
1789,pop10,1,0.029274940490722656,0.0
1789,pop51,2,0.0006053447723388672,5.459785461425781e-05
1789,pop50,2,0.0005815029144287109,1.5020370483398438e-05
1789,pop17,4,0.0005345344543457031,5.297669411557005e-05
1790,pop10,2,0.012786030769348145,0.012180209159851074
1790,pop51,1,0.0005612373352050781,0.0
1790,pop53,1,0.027730703353881836,0.0
1790,pop52,1,0.0009360313415527344,0.0
1791,pop52,4,0.007128596305847168,0.011207304296208066
1791,pop12,3,0.010894060134887695,0.014713480539343907
1791,pop53,1,0.0006968975067138672,0.0
1791,pop51,1,0.0005009174346923828,0.0
1791,pop19,1,0.0005116462707519531,0.0
1791,pop20,1,0.0005269050598144531,0.0
1792,pop38,2,0.01556551456451416,0.01495373249053955
1792,pop18,1,0.0004968643188476562,0.0
1792,pop19,1,0.00047278404235839844,0.0
1792,pop20,1,0.03097248077392578,0.0
1792,pop46,1,0.0006070137023925781,0.0
1792,pop45,1,0.0004761219024658203,0.0
1792,pop44,1,0.031981706619262695,0.0
1792,pop50,1,0.0005323886871337891,0.0
1792,pop53,1,0.029390335083007812,0.0
1792,pop54,1,0.028631210327148438,0.0
1792,pop52,2,0.00047409534454345703,1.0609626770019531e-05
1792,pop12,4,0.0005016326904296875,5.8437118424614946e-05
1792,pop34,1,0.00045800209045410156,0.0
1792,pop35,1,0.00047135353088378906,0.0
1793,pop24,5,0.006905937194824218,0.012670522698180456
1793,pop14,1,0.0005061626434326172,0.0
1793,pop50,1,0.0006167888641357422,0.0
1793,pop53,1,0.0005404949188232422,0.0
1793,pop1,1,0.0005185604095458984,0.0
1793,pop6,1,0.00044608116149902344,0.0
1794,pop8,2,0.013249993324279785,0.012624144554138184
1794,pop51,5,0.0005409717559814453,4.538878632130351e-05
1794,pop10,2,0.029398560523986816,0.0010951757431030273
1794,pop4,2,0.01546013355255127,0.01499021053314209
1794,pop22,3,0.0005584557851155599,8.90069773831754e-05
1794,pop19,1,0.0005254745483398438,0.0
1794,pop18,1,0.0004742145538330078,0.0
1795,pop32,5,0.006819772720336914,0.012576779637312317
1795,pop33,1,0.0004711151123046875,0.0
1795,pop50,1,0.0006296634674072266,0.0
1795,pop16,1,0.0004830360412597656,0.0
1796,pop30,2,0.01277172565460205,0.01215660572052002
1796,pop48,4,0.0005577206611633301,8.00393177473642e-05
1796,pop52,1,0.0005118846893310547,0.0
1796,pop53,1,0.0005159378051757812,0.0
1796,pop50,1,0.0006213188171386719,0.0
1796,pop16,1,0.0004794597625732422,0.0
1797,pop16,3,0.009272575378417969,0.012362523763829816
1797,pop23,4,0.0006254315376281738,0.0001157784745263134
1797,pop50,1,0.0005850791931152344,0.0
1797,pop53,1,0.0005807876586914062,0.0
1797,pop47,1,0.0004258155822753906,0.0
1798,pop40,3,0.019058624903361004,0.013189067822059357
1798,pop41,3,0.0004832744598388672,2.4598358603106313e-05
1798,pop53,5,0.018288183212280273,0.014596469864256492
1798,pop1,4,0.0004998445510864258,2.9272374464032384e-05
1798,pop6,4,0.008835554122924805,0.014417128383861624
1798,pop51,1,0.0005292892456054688,0.0
1798,pop19,1,0.0005009174346923828,0.0
1798,pop20,1,0.0004520416259765625,0.0
1799,pop47,4,0.006381332874298096,0.010054420640425187
1799,pop53,1,0.0006513595581054688,0.0
1799,pop50,1,0.0006084442138671875,0.0
1799,pop44,1,0.0004937648773193359,0.0
1800,pop9,4,0.0067729949951171875,0.010827775504453584
1800,pop51,1,0.0005831718444824219,0.0
1801,pop39,2,0.0138627290725708,0.013259530067443848
1801,pop38,1,0.0004642009735107422,0.0
1801,pop18,1,0.0005924701690673828,0.0
1801,pop19,2,0.0004922151565551758,1.919269561767578e-05
1801,pop20,1,0.03165411949157715,0.0
1801,pop51,1,0.0005164146423339844,0.0
1801,pop22,4,0.0005760788917541504,0.00012113686159488624
1802,pop46,2,0.014025449752807617,0.013413190841674805
1802,pop20,4,0.0005086064338684082,9.133678149339445e-05
1802,pop19,1,0.0004990100860595703,0.0
1802,pop51,1,0.0005059242248535156,0.0
1802,pop47,1,0.0004494190216064453,0.0
1803,pop38,2,0.015612602233886719,0.014998912811279297
1803,pop18,1,0.0004990100860595703,0.0
1803,pop19,2,0.0005509853363037109,3.7670135498046875e-05
1803,pop20,1,0.0314486026763916,0.0
1803,pop51,1,0.0005657672882080078,0.0
1803,pop50,3,0.0005731582641601562,4.8792582107615104e-05
1803,pop17,1,0.035440921783447266,0.0
1803,pop14,2,0.0005691051483154297,7.128715515136719e-05
1803,pop24,4,0.000507652759552002,6.599294806387909e-05
1803,pop53,1,0.0005805492401123047,0.0
1803,pop52,1,0.0005099773406982422,0.0
1804,pop30,2,0.012854576110839844,0.01221466064453125
1804,pop48,3,0.0004878044128417969,1.6714259059096352e-05
1804,pop52,1,0.0006165504455566406,0.0
1805,pop48,5,0.011992549896240235,0.014035704570936513
1805,pop56,2,0.0005937814712524414,0.00011408329010009766
1805,pop52,1,0.0005130767822265625,0.0
1805,pop53,1,0.0005447864532470703,0.0
1805,pop1,1,0.0004973411560058594,0.0
1805,pop6,1,0.0004444122314453125,0.0
1806,pop42,2,0.013951897621154785,0.013324141502380371
1806,pop43,1,0.00045013427734375,0.0
1806,pop51,1,0.0005431175231933594,0.0
1806,pop53,6,0.010395566622416178,0.01392113014622005
1806,pop54,2,0.030314207077026367,0.0017306804656982422
1806,pop1,2,0.0005697011947631836,5.233287811279297e-05
1806,pop6,1,0.03646731376647949,0.0
1806,pop52,3,0.0005951722462972006,8.45048038000876e-05
1806,pop55,1,0.029936552047729492,0.0
1806,pop50,1,0.0006861686706542969,0.0
1806,pop44,1,0.0004949569702148438,0.0
1807,pop16,3,0.009863138198852539,0.013221480439886605
1807,pop23,3,0.0006736914316813151,0.00015093689216550386
1807,pop50,1,0.0006194114685058594,0.0
1807,pop53,1,0.0005781650543212891,0.0
1807,pop47,1,0.0004227161407470703,0.0
1808,pop40,2,0.01362752914428711,0.01299595832824707
1808,pop41,1,0.0005147457122802734,0.0
1808,pop53,5,0.01260995864868164,0.014825704479011763
1808,pop1,4,0.0004982352256774902,1.9554230107786435e-05
1808,pop6,3,0.02369538942972819,0.016557783812038453
1808,pop7,1,0.0005502700805664062,0.0
1808,pop54,3,0.010854721069335938,0.014572260692166826
1808,pop52,3,0.0006051858266194662,0.00011070948742830617
1809,pop47,2,0.012195825576782227,0.011582612991333008
1809,pop53,2,0.014335274696350098,0.013834118843078613
1809,pop54,3,0.0005150636037190756,6.706313392720317e-05
1809,pop7,1,0.0004363059997558594,0.0
1810,pop9,5,0.0057451725006103516,0.010425617133803616
1810,pop51,1,0.0005660057067871094,0.0
1810,pop50,1,0.0006015300750732422,0.0
1810,pop44,1,0.00048351287841796875,0.0
1811,pop55,2,0.012022137641906738,0.011414647102355957
1811,pop52,4,0.0005390644073486328,5.634981631979084e-05
1811,pop12,2,0.016123652458190918,0.015638232231140137
1812,pop14,4,0.00789189338684082,0.012583907348820582
1812,pop50,1,0.0005691051483154297,0.0
1812,pop51,1,0.0005903244018554688,0.0
1812,pop19,1,0.0005102157592773438,0.0
1812,pop20,1,0.0004718303680419922,0.0
1813,pop22,4,0.00688856840133667,0.010925517648498619
1813,pop51,1,0.0005772113800048828,0.0
1813,pop50,1,0.0005896091461181641,0.0
1813,pop55,1,0.00046825408935546875,0.0
1814,pop50,4,0.007649481296539307,0.011630041886135433
1814,pop14,2,0.0005686283111572266,7.295608520507812e-05
1814,pop27,3,0.0004776318868001302,2.638762242611453e-05
1814,pop25,2,0.0006103515625,6.651878356933594e-05
1814,pop44,1,0.0005922317504882812,0.0
1814,pop17,4,0.0006269216537475586,8.157356760157087e-05
1814,pop53,1,0.0006010532379150391,0.0
1814,pop52,1,0.0005462169647216797,0.0
1815,pop46,3,0.00972453753153483,0.01297303868268298
1815,pop20,1,0.029083728790283203,0.0
1815,pop45,1,0.0004775524139404297,0.0
1815,pop44,1,0.031072378158569336,0.0
1815,pop50,2,0.0007824897766113281,0.00020194053649902344
1815,pop14,1,0.0005223751068115234,0.0
1815,pop27,1,0.0005941390991210938,0.0
1815,pop25,1,0.0004742145538330078,0.0
1815,pop17,4,0.0005506277084350586,7.399325499848727e-05
1815,pop51,1,0.0005588531494140625,0.0
1815,pop10,1,0.0004646778106689453,0.0
1816,pop38,3,0.010521252950032553,0.014104258748577169
1816,pop18,2,0.0004736185073852539,3.540515899658203e-05
1816,pop19,1,0.001054525375366211,0.0
1816,pop39,1,0.0005049705505371094,0.0
1816,pop44,1,0.0004687309265136719,0.0
1816,pop50,3,0.0009298324584960938,0.0001492325099130977
1816,pop53,3,0.0006903807322184244,0.00018413338511762722
1816,pop51,3,0.0007156531016031901,0.00019491437810585573
1816,pop22,2,0.016980767250061035,0.016507506370544434
1816,pop10,1,0.039194345474243164,0.0
1816,pop33,1,0.0006070137023925781,0.0
1817,pop40,2,0.013366460800170898,0.012756109237670898
1817,pop41,1,0.0006108283996582031,0.0
1817,pop53,1,0.0005555152893066406,0.0
1817,pop52,2,0.000492095947265625,1.430511474609375e-05
1817,pop12,4,0.0004813671112060547,5.503158409819491e-05
1817,pop34,1,0.0004284381866455078,0.0
1817,pop35,1,0.0005638599395751953,0.0
1818,pop47,3,0.008060216903686523,0.010679213528488251
1818,pop53,3,0.0005719661712646484,2.383947360514402e-05
1818,pop1,2,0.000476837158203125,1.1444091796875e-05
1818,pop6,3,0.011756499608357748,0.01593079245274406
1818,pop54,3,0.011147260665893555,0.014867563445639822
1818,pop52,2,0.000516057014465332,2.014636993408203e-05
1818,pop55,1,0.031829118728637695,0.0
1819,pop37,5,0.004957389831542969,0.008850772934927061
1819,pop52,1,0.0005464553833007812,0.0
1819,pop34,1,0.0004820823669433594,0.0
1819,pop35,1,0.0004894733428955078,0.0
1820,pop21,3,0.022637367248535156,0.015599462562144378
1820,pop23,2,0.016079068183898926,0.015595078468322754
1820,pop24,3,0.012302319208780924,0.016720217286086126
1820,pop14,2,0.0005114078521728516,3.719329833984375e-05
1820,pop50,3,0.0007801850636800131,0.0001619991037790152
1820,pop44,4,0.0005171895027160645,6.889685909772426e-05
1820,pop27,1,0.0004937648773193359,0.0
1820,pop25,1,0.0005095005035400391,0.0
1820,pop17,1,0.03755474090576172,0.0
1821,pop27,5,0.013632869720458985,0.01599843042731507
1821,pop25,3,0.0004578431447347005,1.8449688994922824e-05
1821,pop17,2,0.017551302909851074,0.017042040824890137
1821,pop50,1,0.0006225109100341797,0.0
1821,pop55,1,0.03009176254272461,0.0
1821,pop52,2,0.0005065202713012695,8.702278137207031e-06
1821,pop37,2,0.0005447864532470703,6.580352783203125e-05
1822,pop44,2,0.014657258987426758,0.014033079147338867
1822,pop50,2,0.0005893707275390625,4.887580871582031e-05
1822,pop14,4,0.0005891919136047363,9.96928087692982e-05
1822,pop35,1,0.0004317760467529297,0.0
1823,pop36,2,0.013540983200073242,0.012933969497680664
1823,pop51,3,0.0005246003468831381,2.7205035295668672e-05
1823,pop4,1,0.02804851531982422,0.0
1823,pop10,3,0.0005338191986083984,0.00010043225230559623
1823,pop50,1,0.0006663799285888672,0.0
1823,pop14,1,0.0004904270172119141,0.0
1823,pop24,1,0.0004734992980957031,0.0
1824,pop52,3,0.009662469228108725,0.012825697295449117
1824,pop12,4,0.0005226731300354004,0.00012045098866791991
1824,pop53,1,0.0007121562957763672,0.0
1824,pop50,1,0.0005919933319091797,0.0
1824,pop14,1,0.0004811286926269531,0.0
1824,pop24,1,0.0004608631134033203,0.0
1825,pop8,2,0.013728976249694824,0.0130995512008667
1825,pop51,2,0.0005161762237548828,5.0067901611328125e-06
1825,pop9,3,0.00046316782633463543,3.0369032830848944e-05
1825,pop10,1,0.0004496574401855469,0.0
1826,pop55,2,0.012554049491882324,0.011882424354553223
1826,pop52,4,0.008228003978729248,0.01333622647656553
1826,pop12,2,0.01569998264312744,0.015189766883850098
1826,pop48,2,0.0005954504013061523,8.83340835571289e-05
1826,pop53,1,0.0007066726684570312,0.0
1826,pop1,1,0.0004851818084716797,0.0
1826,pop6,1,0.0004208087921142578,0.0
1827,pop22,4,0.0062258243560791016,0.009839862536280438
1827,pop21,3,0.012596368789672852,0.017191868281248992
1827,pop23,1,0.034334659576416016,0.0
1827,pop51,1,0.0006048679351806641,0.0
1827,pop19,1,0.000492095947265625,0.0
1827,pop20,1,0.0004544258117675781,0.0
1828,pop40,2,0.013860464096069336,0.013252496719360352
1828,pop41,1,0.0004932880401611328,0.0
1828,pop53,1,0.0005445480346679688,0.0
1828,pop47,3,0.0004538695017496745,1.2786489139499623e-05
1829,pop57,2,0.016582489013671875,0.015960216522216797
1829,pop56,1,0.0004482269287109375,0.0
1829,pop48,4,0.0005336999893188477,9.46863260567676e-05
1829,pop52,1,0.0005502700805664062,0.0
1829,pop53,1,0.0005397796630859375,0.0
1829,pop50,1,0.000507354736328125,0.0
1829,pop14,1,0.0006513595581054688,0.0
1829,pop24,1,0.00045418739318847656,0.0
1830,pop6,4,0.016024351119995117,0.01552798531977864
1830,pop1,1,0.00048351287841796875,0.0
1830,pop53,1,0.0005383491516113281,0.0
1830,pop54,2,0.0005249977111816406,7.987022399902344e-05
1830,pop52,1,0.0005218982696533203,0.0
1830,pop55,1,0.00046563148498535156,0.0
1831,pop56,2,0.016143441200256348,0.015491127967834473
1831,pop48,3,0.0005780855814615885,0.00015625306059351086
1831,pop52,1,0.0005040168762207031,0.0
1831,pop53,1,0.00051116943359375,0.0
1831,pop51,1,0.0006096363067626953,0.0
1831,pop10,1,0.0004558563232421875,0.0
1832,pop41,3,0.009717941284179688,0.012842826633262368
1832,pop40,4,0.000529944896697998,7.694262451571236e-05
1832,pop53,1,0.0005924701690673828,0.0
1832,pop7,1,0.0004253387451171875,0.0
1833,pop31,2,0.013612031936645508,0.012978315353393555
1833,pop30,1,0.0004792213439941406,0.0
1833,pop48,3,0.011550029118855795,0.015666266052084533
1833,pop56,2,0.018777847290039062,0.018294572830200195
1833,pop2,1,0.03750157356262207,0.0
1833,pop49,1,0.0006051063537597656,0.0
1833,pop52,2,0.0006412267684936523,0.00012743473052978516
1833,pop34,1,0.0004761219024658203,0.0
1833,pop35,1,0.0004138946533203125,0.0
1834,pop32,5,0.0068089962005615234,0.012465252914213975
1834,pop33,1,0.0004775524139404297,0.0
1834,pop50,1,0.0005705356597900391,0.0
1834,pop44,1,0.00046181678771972656,0.0
1835,pop27,2,0.016622185707092285,0.015976786613464355
1835,pop25,1,0.00044655799865722656,0.0
1835,pop17,3,0.0006127357482910156,0.00013075485836624886
1835,pop50,1,0.0005919933319091797,0.0
1835,pop51,1,0.0005960464477539062,0.0
1835,pop19,1,0.0005316734313964844,0.0
1835,pop18,1,0.0005445480346679688,0.0
1836,pop52,2,0.014206767082214355,0.013567566871643066
1836,pop12,2,0.0158538818359375,0.015411615371704102
1837,pop8,2,0.013584136962890625,0.012963533401489258
1837,pop51,2,0.0005903244018554688,7.534027099609375e-05
1837,pop4,1,0.029445171356201172,0.0
1837,pop50,3,0.0006173451741536459,4.4758956540435585e-05
1837,pop17,1,0.034059762954711914,0.0
1837,pop25,1,0.00047135353088378906,0.0
1837,pop27,1,0.03778505325317383,0.0
1837,pop44,1,0.0004932880401611328,0.0
1837,pop14,2,0.000525355339050293,3.6954879760742188e-06
1837,pop24,4,0.0005607008934020996,0.00011633243304041804
1837,pop55,1,0.0005972385406494141,0.0
1838,pop40,2,0.014001131057739258,0.013366937637329102
1838,pop43,1,0.00047135353088378906,0.0
1838,pop51,2,0.000516057014465332,1.0728836059570312e-06
1838,pop4,4,0.0005857944488525391,7.333939187883144e-05
1838,pop50,1,0.0005910396575927734,0.0
1838,pop16,1,0.0004696846008300781,0.0
1839,pop28,2,0.013402342796325684,0.012778162956237793
1839,pop51,1,0.0005366802215576172,0.0
1839,pop50,2,0.0006896257400512695,1.0848045349121094e-05
1839,pop44,3,0.0005844434102376302,7.260288323516314e-05
1839,pop53,1,0.0005209445953369141,0.0
1839,pop52,1,0.0005216598510742188,0.0
1840,pop21,5,0.006867837905883789,0.012595188159530148
1840,pop23,1,0.0005137920379638672,0.0
1840,pop16,1,0.0005741119384765625,0.0
1840,pop50,1,0.0005745887756347656,0.0
1840,pop53,1,0.0005512237548828125,0.0
1840,pop1,1,0.00045037269592285156,0.0
1840,pop15,1,0.00043010711669921875,0.0
1841,pop22,5,0.005574226379394531,0.009963451601195623
1841,pop51,1,0.0005700588226318359,0.0
1841,pop53,1,0.0005779266357421875,0.0
1841,pop1,1,0.0004792213439941406,0.0
1841,pop15,1,0.00043964385986328125,0.0
1842,pop41,2,0.013890385627746582,0.013270020484924316
1842,pop53,4,0.0005759596824645996,0.00011674873315414925
1842,pop1,1,0.0005083084106445312,0.0
1842,pop6,1,0.032759904861450195,0.0
1842,pop7,1,0.00042438507080078125,0.0
1842,pop54,1,0.02978825569152832,0.0
1842,pop52,4,0.0005753040313720703,9.774013195948134e-05
1842,pop50,1,0.0008504390716552734,0.0
1842,pop51,1,0.0006222724914550781,0.0
1843,pop4,3,0.01822980244954427,0.01245089515092956
1843,pop51,1,0.000568389892578125,0.0
1843,pop50,2,0.0006148815155029297,4.076957702636719e-05
1843,pop17,2,0.0005443096160888672,5.364418029785156e-05
1843,pop16,1,0.0004417896270751953,0.0
1844,pop53,3,0.008960326512654623,0.01182327378056257
1844,pop1,2,0.0005761384963989258,5.543231964111328e-05
1844,pop6,1,0.03362464904785156,0.0
1844,pop50,3,0.0007390181223551432,0.00013069229018429797
1844,pop44,1,0.0004489421844482422,0.0
1844,pop27,1,0.0004630088806152344,0.0
1844,pop25,1,0.00046753883361816406,0.0
1844,pop17,3,0.01393270492553711,0.01900317106556568
1844,pop33,2,0.0004922151565551758,1.1086463928222656e-05
1844,pop32,2,0.00058746337890625,9.5367431640625e-05
1844,pop51,1,0.0005686283111572266,0.0
1844,pop10,1,0.00046181678771972656,0.0
1845,pop48,4,0.015179991722106934,0.014617244456794586
1845,pop49,3,0.00048542022705078125,3.102008050401801e-05
1845,pop52,1,0.0005276203155517578,0.0
1845,pop55,1,0.00044083595275878906,0.0
1846,pop42,2,0.014283299446105957,0.013679146766662598
1846,pop43,1,0.0004680156707763672,0.0
1846,pop51,1,0.0004894733428955078,0.0
1846,pop50,4,0.0006448030471801758,0.0001638862414995325
1846,pop44,2,0.03362226486206055,0.004339694976806641
1846,pop14,1,0.0006313323974609375,0.0
1846,pop27,2,0.00048828125,3.337860107421875e-06
1846,pop25,2,0.0004974603652954102,2.7298927307128906e-05
1846,pop17,4,0.01037752628326416,0.01691687708722991
1846,pop53,1,0.0006344318389892578,0.0
1846,pop1,1,0.0005338191986083984,0.0
1846,pop15,1,0.0005125999450683594,0.0
1847,pop16,3,0.01013644536336263,0.013545246643929842
1847,pop23,2,0.0004889965057373047,1.2159347534179688e-05
1847,pop21,3,0.0005507469177246094,0.0001164792904739303
1847,pop50,1,0.0006034374237060547,0.0
1847,pop51,1,0.0006096363067626953,0.0
1847,pop19,1,0.00051116943359375,0.0
1847,pop18,1,0.0004725456237792969,0.0
1848,pop27,2,0.016240596771240234,0.01564311981201172
1848,pop44,3,0.0005502700805664062,0.00010606724274189582
1848,pop50,1,0.0005035400390625,0.0
1848,pop53,1,0.0005457401275634766,0.0
1848,pop1,1,0.0004470348358154297,0.0
1848,pop15,1,0.0005738735198974609,0.0
1849,pop22,4,0.006593525409698486,0.010453765197296365
1849,pop21,1,0.0004799365997314453,0.0
1849,pop23,1,0.0004906654357910156,0.0
1849,pop16,1,0.0004382133483886719,0.0
1850,pop45,2,0.015027880668640137,0.014423727989196777
1850,pop44,2,0.016045689582824707,0.01542055606842041
1850,pop50,2,0.0007320642471313477,0.00011241436004638672
1850,pop17,3,0.0006411075592041016,0.00010108629107701433
1850,pop35,1,0.00041937828063964844,0.0
1851,pop18,3,0.009922981262207031,0.013253006358851835
1851,pop38,2,0.017542004585266113,0.01703822612762451
1851,pop19,1,0.0008597373962402344,0.0
1851,pop20,1,0.0004971027374267578,0.0
1851,pop46,1,0.0004875659942626953,0.0
1851,pop51,3,0.0005808671315511068,1.4379537338659532e-05
1851,pop22,2,0.016771674156188965,0.016300320625305176
1851,pop10,1,0.03737592697143555,0.0
1851,pop47,2,0.00045311450958251953,1.0609626770019531e-05
1852,pop14,5,0.013424921035766601,0.01574250375942772
1852,pop24,2,0.0005562305450439453,4.982948303222656e-05
1852,pop50,1,0.000484466552734375,0.0
1852,pop53,1,0.0006151199340820312,0.0
1852,pop52,1,0.0004699230194091797,0.0
1853,pop50,3,0.009772698084513346,0.012970434642968102
1853,pop44,1,0.0305020809173584,0.0
1853,pop17,2,0.017537593841552734,0.016897201538085938
1853,pop25,1,0.00047469139099121094,0.0
1853,pop27,2,0.0005457401275634766,6.413459777832031e-05
1853,pop14,1,0.00048422813415527344,0.0
1853,pop24,1,0.0006272792816162109,0.0
1854,pop47,5,0.00538339614868164,0.009658463609087327
1854,pop53,1,0.0006039142608642578,0.0
1854,pop1,1,0.000484466552734375,0.0
1854,pop15,1,0.0004200935363769531,0.0
1855,pop21,3,0.022054115931193035,0.015172508626815021
1855,pop23,1,0.00043845176696777344,0.0
1855,pop24,2,0.00047385692596435547,7.510185241699219e-06
1856,pop33,3,0.010653098424275717,0.014297429370495586
1856,pop32,4,0.0005469322204589844,8.463171138436634e-05
1856,pop50,1,0.0005729198455810547,0.0
1856,pop55,1,0.00044226646423339844,0.0
1857,pop23,2,0.016431689262390137,0.015815138816833496
1857,pop24,4,0.0005402565002441406,9.257535847360102e-05
1857,pop14,1,0.0004889965057373047,0.0
1857,pop50,1,0.0006563663482666016,0.0
1857,pop53,1,0.0004963874816894531,0.0
1857,pop1,1,0.0006396770477294922,0.0
1857,pop6,1,0.0004684925079345703,0.0
1858,pop10,3,0.01912697156270345,0.013132632100086474
1858,pop51,3,0.0005736351013183594,1.3655925800765913e-05
1858,pop4,3,0.010229031244913736,0.013768927576390342
1858,pop22,2,0.00057220458984375,7.987022399902344e-05
1859,pop24,5,0.006873655319213867,0.012608439012957901
1859,pop14,1,0.0005173683166503906,0.0
1859,pop50,1,0.0005397796630859375,0.0
1859,pop51,1,0.000492095947265625,0.0
1859,pop19,1,0.0005016326904296875,0.0
1859,pop18,1,0.0004487037658691406,0.0
1860,pop37,4,0.006387114524841309,0.009922501126011823
1860,pop33,1,0.0004892349243164062,0.0
1860,pop50,1,0.0006325244903564453,0.0
1860,pop51,1,0.0005257129669189453,0.0
1860,pop19,1,0.00048089027404785156,0.0
1860,pop20,1,0.0004754066467285156,0.0
1861,pop36,2,0.013140320777893066,0.012539982795715332
1861,pop51,2,0.0005166530609130859,4.0531158447265625e-06
1861,pop19,2,0.0005625486373901367,3.9458274841308594e-05
1861,pop20,3,0.011612812678019205,0.015670098862776455
1861,pop50,4,0.0006199479103088379,1.9531688153252884e-05
1861,pop17,3,0.01375722885131836,0.018600492768979744
1861,pop44,1,0.03565025329589844,0.0
1861,pop53,1,0.0005240440368652344,0.0
1861,pop1,1,0.0005078315734863281,0.0
1861,pop6,1,0.00045013427734375,0.0
1862,pop55,4,0.006490588188171387,0.010331863732956593
1863,pop53,4,0.007298171520233154,0.011595023105827596
1863,pop1,1,0.0004830360412597656,0.0
1863,pop6,1,0.03314471244812012,0.0
1863,pop7,2,0.00044989585876464844,3.0279159545898438e-05
1863,pop54,1,0.029721498489379883,0.0
1863,pop52,3,0.0005818208058675131,7.406861996952764e-05
1864,pop48,4,0.008115708827972412,0.013005067625551802
1864,pop52,1,0.0004911422729492188,0.0
1864,pop53,1,0.0006620883941650391,0.0
1864,pop50,1,0.0005524158477783203,0.0
1864,pop16,1,0.000453948974609375,0.0
1865,pop16,3,0.010222752888997396,0.013693680727567478
1865,pop23,3,0.0005163351694742838,9.302955952090726e-05
1865,pop50,1,0.0005879402160644531,0.0
1865,pop51,1,0.0005586147308349609,0.0
1865,pop10,1,0.0004620552062988281,0.0
1866,pop14,3,0.011106252670288086,0.014890457506463714
1866,pop24,3,0.0005084673563639323,6.903067673567287e-05
1866,pop50,1,0.0005795955657958984,0.0
1866,pop51,1,0.0005254745483398438,0.0
1867,pop31,2,0.013168692588806152,0.012571454048156738
1867,pop17,2,0.0171738862991333,0.016640543937683105
1867,pop50,2,0.0005545616149902344,1.1920928955078125e-05
1867,pop33,2,0.0004957914352416992,2.753734588623047e-05
1867,pop32,3,0.0005497932434082031,9.0363052892927e-05
1867,pop51,1,0.0005838871002197266,0.0
1867,pop10,1,0.000469207763671875,0.0
1868,pop8,2,0.0134429931640625,0.012841224670410156
1868,pop51,2,0.0005526542663574219,2.3603439331054688e-05
1868,pop4,1,0.028411865234375,0.0
1868,pop50,2,0.0005636215209960938,2.5272369384765625e-05
1868,pop17,4,0.0005694031715393066,0.00010884981559576147
1868,pop53,1,0.0005526542663574219,0.0
1868,pop1,1,0.0005145072937011719,0.0
1868,pop6,1,0.00041413307189941406,0.0
1869,pop18,3,0.0108642578125,0.014573880025529378
1869,pop38,1,0.03263115882873535,0.0
1869,pop19,1,0.0005152225494384766,0.0
1869,pop51,1,0.0007829666137695312,0.0
1869,pop53,1,0.0005414485931396484,0.0
1869,pop50,2,0.0006295442581176758,3.135204315185547e-05
1869,pop17,4,0.0005413293838500977,5.455892853529831e-05
1869,pop14,1,0.0004947185516357422,0.0
1869,pop24,1,0.0005717277526855469,0.0
1870,pop47,4,0.006695091724395752,0.010594847815079755
1870,pop53,1,0.0005598068237304688,0.0
1870,pop50,1,0.0005185604095458984,0.0
1870,pop55,1,0.0006337165832519531,0.0
1871,pop21,3,0.023089011510213215,0.01586835910830767
1871,pop23,3,0.0006078879038492838,9.846453193095901e-05
1871,pop16,1,0.0005028247833251953,0.0
1871,pop50,1,0.0005819797515869141,0.0
1871,pop53,1,0.0005564689636230469,0.0
1871,pop1,1,0.00044083595275878906,0.0
1871,pop6,1,0.00044918060302734375,0.0
1872,pop23,3,0.011138518651326498,0.0148600829686585
1872,pop24,4,0.0005224347114562988,5.4139755540537595e-05
1872,pop16,1,0.0004603862762451172,0.0
1873,pop37,4,0.006623685359954834,0.010426667959904878
1873,pop33,1,0.0004532337188720703,0.0
1873,pop50,1,0.0006401538848876953,0.0
1873,pop51,1,0.0005309581756591797,0.0
1873,pop19,1,0.0004932880401611328,0.0
1873,pop20,1,0.00046324729919433594,0.0
1874,pop36,2,0.013782382011413574,0.013172745704650879
1874,pop51,1,0.0008723735809326172,0.0
1874,pop53,1,0.0005929470062255859,0.0
1874,pop50,2,0.0005937814712524414,9.500980377197266e-05
1874,pop17,1,0.03699016571044922,0.0
1874,pop33,2,0.0004923343658447266,1.6689300537109375e-05
1874,pop32,2,0.020740628242492676,0.020316004753112793
1874,pop37,3,0.0005273024241129557,8.358043942058707e-05
1874,pop52,1,0.0005419254302978516,0.0
1874,pop34,1,0.00044083595275878906,0.0
1874,pop35,1,0.0004220008850097656,0.0
1875,pop39,2,0.014030694961547852,0.013406753540039062
1875,pop38,1,0.03254890441894531,0.0
1875,pop18,1,0.000469207763671875,0.0
1875,pop19,1,0.0005025863647460938,0.0
1875,pop51,1,0.0007622241973876953,0.0
1875,pop53,2,0.0005695819854736328,4.57763671875e-05
1875,pop50,2,0.0007930994033813477,0.0001283884048461914
1875,pop44,1,0.0006215572357177734,0.0
1875,pop27,1,0.00047278404235839844,0.0
1875,pop25,1,0.0004239082336425781,0.0
1875,pop17,3,0.0005634625752766927,7.219172145547701e-05
1875,pop7,1,0.000415802001953125,0.0
1876,pop30,2,0.013666629791259766,0.013038396835327148
1876,pop31,1,0.0005643367767333984,0.0
1876,pop17,4,0.0006223917007446289,0.00018773654063432643
1876,pop50,1,0.0005583763122558594,0.0
1876,pop53,1,0.0006380081176757812,0.0
1876,pop47,1,0.00044465065002441406,0.0
1877,pop28,2,0.013861775398254395,0.013231158256530762
1877,pop36,1,0.00041937828063964844,0.0
1877,pop10,4,0.0005102753639221191,5.7865857906586194e-05
1877,pop51,1,0.0005686283111572266,0.0
1877,pop19,1,0.0005266666412353516,0.0
1877,pop20,1,0.0004494190216064453,0.0
1878,pop16,2,0.014946222305297852,0.014323711395263672
1878,pop23,1,0.00047898292541503906,0.0
1878,pop24,4,0.0004944801330566406,3.4446740731307755e-05
1878,pop14,1,0.0005390644073486328,0.0
1878,pop50,1,0.0006017684936523438,0.0
1878,pop44,1,0.0004889965057373047,0.0
1879,pop18,3,0.010849793752034506,0.014562601321198614
1879,pop38,1,0.03255176544189453,0.0
1879,pop19,2,0.0005609989166259766,8.463859558105469e-05
1879,pop20,2,0.0004533529281616211,1.2040138244628906e-05
1879,pop46,2,0.0004807710647583008,1.9669532775878906e-05
1879,pop45,2,0.0005471706390380859,6.222724914550781e-05
1879,pop44,2,0.0006163120269775391,0.0001475811004638672
1879,pop50,3,0.000591437021891276,8.601181322443288e-05
1879,pop17,2,0.0185396671295166,0.01805281639099121
1879,pop25,1,0.0004734992980957031,0.0
1879,pop27,1,0.0004742145538330078,0.0
1879,pop51,2,0.0004309415817260742,0.00012576580047607422
1879,pop55,1,0.038004398345947266,0.0
1879,pop52,1,0.0005147457122802734,0.0
1879,pop37,2,0.0006799697875976562,0.00018715858459472656
1879,pop33,1,0.00042700767517089844,0.0
1879,pop32,1,0.00026154518127441406,0.0
1879,pop53,1,0.0005147457122802734,0.0
1879,pop1,1,0.00029158592224121094,0.0
1879,pop15,1,0.00023317337036132812,0.0
1880,pop36,2,0.013041257858276367,0.012423515319824219
1880,pop10,1,0.031360626220703125,0.0
1880,pop51,2,0.0005321502685546875,1.52587890625e-05
1880,pop22,4,0.0005564093589782715,0.0001551185772836452
1880,pop50,1,0.0005803108215332031,0.0
1880,pop16,1,0.0004992485046386719,0.0
1881,pop9,4,0.007536113262176514,0.012043592794682315
1881,pop51,1,0.0005505084991455078,0.0
1881,pop50,1,0.0006964206695556641,0.0
1881,pop14,1,0.0005137920379638672,0.0
1881,pop24,1,0.00048232078552246094,0.0
1882,pop31,2,0.014199137687683105,0.01355898380279541
1882,pop17,4,0.0005579590797424316,0.0001185083494567053
1882,pop50,1,0.0005476474761962891,0.0
1882,pop51,1,0.0005288124084472656,0.0
1882,pop19,1,0.0004949569702148438,0.0
1882,pop18,1,0.000446319580078125,0.0
1883,pop23,2,0.01618170738220215,0.015584945678710938
1883,pop24,4,0.0005273222923278809,7.878144572091337e-05
1883,pop14,1,0.0006296634674072266,0.0
1883,pop50,1,0.0005159378051757812,0.0
1883,pop51,1,0.0005788803100585938,0.0
1883,pop19,1,0.00048279762268066406,0.0
1883,pop18,1,0.0005950927734375,0.0
1884,pop46,2,0.014662027359008789,0.014048576354980469
1884,pop45,1,0.0004565715789794922,0.0
1884,pop44,1,0.0004706382751464844,0.0
1884,pop50,1,0.0005972385406494141,0.0
1884,pop17,1,0.03341364860534668,0.0
1884,pop31,1,0.0004820823669433594,0.0
1884,pop30,1,0.0004405975341796875,0.0
1884,pop48,1,0.0005202293395996094,0.0
1884,pop52,4,0.0005788803100585938,6.0330501197866975e-05
1884,pop53,3,0.02446118990580241,0.016957600240667697
1884,pop41,2,0.00047838687896728516,2.014636993408203e-05
1884,pop40,2,0.01770484447479248,0.017229199409484863
1884,pop7,1,0.00042891502380371094,0.0
1885,pop38,3,0.022880395253499348,0.01576033992987953
1885,pop18,1,0.0004630088806152344,0.0
1885,pop19,1,0.0005297660827636719,0.0
1885,pop51,1,0.000946044921875,0.0
1885,pop50,4,0.0006503462791442871,5.811850216314913e-05
1885,pop16,2,0.0004818439483642578,1.3113021850585938e-05
1885,pop23,2,0.0004601478576660156,9.5367431640625e-06
1885,pop21,2,0.021570324897766113,0.021094441413879395
1885,pop22,2,0.01725912094116211,0.016788244247436523
1885,pop44,1,0.04092907905578613,0.0
1885,pop17,2,0.0006417036056518555,0.0001150369644165039
1885,pop53,1,0.0005893707275390625,0.0
1885,pop1,1,0.0005137920379638672,0.0
1885,pop15,1,0.00040531158447265625,0.0
1886,pop45,2,0.015905380249023438,0.015268325805664062
1886,pop44,4,0.008085966110229492,0.013097442719529779
1886,pop50,2,0.0005931854248046875,6.151199340820312e-05
1886,pop17,2,0.0005984306335449219,7.62939453125e-05
1887,pop50,5,0.006470632553100586,0.011535247216678498
1887,pop17,3,0.012050469716389975,0.016318031628991862
1887,pop44,1,0.03144717216491699,0.0
1887,pop33,2,0.00046885013580322266,1.4185905456542969e-05
1887,pop32,2,0.0005583763122558594,0.00010228157043457031
1887,pop53,1,0.000667572021484375,0.0
1887,pop51,1,0.0005803108215332031,0.0
1887,pop10,1,0.00044536590576171875,0.0
1888,pop31,2,0.014235258102416992,0.013609170913696289
1888,pop17,4,0.0005809664726257324,9.156443336737045e-05
1888,pop50,1,0.0006375312805175781,0.0
1888,pop53,1,0.0005931854248046875,0.0
1888,pop1,1,0.0004687309265136719,0.0
1888,pop6,1,0.00044345855712890625,0.0
1889,pop23,5,0.006951379776000977,0.01275128039527641
1889,pop16,1,0.0004565715789794922,0.0
1889,pop50,1,0.0005674362182617188,0.0
1889,pop53,1,0.0005278587341308594,0.0
1889,pop52,1,0.0004901885986328125,0.0
1890,pop44,2,0.015547752380371094,0.014914512634277344
1890,pop50,2,0.0005816221237182617,5.125999450683594e-06
1890,pop17,4,0.0005484819412231445,4.9840746751844074e-05
1890,pop53,1,0.0005440711975097656,0.0
1890,pop52,1,0.0005218982696533203,0.0
1891,pop24,4,0.009149134159088135,0.014761351176307617
1891,pop14,1,0.0006117820739746094,0.0
1891,pop50,1,0.0006277561187744141,0.0
1891,pop53,1,0.0006403923034667969,0.0
1891,pop7,1,0.0004131793975830078,0.0
1892,pop55,4,0.006900787353515625,0.011005418742485118
1892,pop50,1,0.0005762577056884766,0.0
1892,pop44,1,0.00045299530029296875,0.0
1893,pop46,2,0.014785289764404297,0.01418304443359375
1893,pop45,1,0.00047206878662109375,0.0
1893,pop44,2,0.000546574592590332,8.094310760498047e-05
1893,pop50,2,0.0008150339126586914,8.33272933959961e-05
1893,pop27,1,0.0006282329559326172,0.0
1893,pop25,1,0.0004661083221435547,0.0
1893,pop17,1,0.03891730308532715,0.0
1893,pop33,1,0.0004603862762451172,0.0
1893,pop37,4,0.0005132555961608887,5.635747606749361e-05
1893,pop52,1,0.00046944618225097656,0.0
1893,pop34,1,0.0004363059997558594,0.0
1893,pop35,1,0.0004401206970214844,0.0
1894,pop23,5,0.006753730773925781,0.012370605192113925
1894,pop16,1,0.00047016143798828125,0.0
1894,pop50,1,0.0005209445953369141,0.0
1894,pop51,1,0.0005948543548583984,0.0
1894,pop10,1,0.00045228004455566406,0.0
1895,pop57,2,0.01673257350921631,0.01613008975982666
1895,pop56,3,0.0004992485046386719,2.737352639729071e-05
1895,pop48,1,0.0005960464477539062,0.0
1895,pop52,1,0.000518798828125,0.0
1896,pop6,2,0.01541757583618164,0.014811038970947266
1896,pop1,1,0.0005238056182861328,0.0
1896,pop53,1,0.0005943775177001953,0.0
1896,pop50,2,0.0007822513580322266,0.00018286705017089844
1896,pop44,1,0.00046896934509277344,0.0
1896,pop27,1,0.0005064010620117188,0.0
1896,pop25,1,0.0005786418914794922,0.0
1896,pop17,3,0.0005953311920166016,0.0001291085954382254
1896,pop51,1,0.000614166259765625,0.0
1896,pop19,1,0.0004949569702148438,0.0
1896,pop18,1,0.0004379749298095703,0.0
1897,pop56,4,0.008591651916503906,0.013829872752542738
1897,pop48,1,0.0004756450653076172,0.0
1897,pop52,1,0.0005235671997070312,0.0
1897,pop53,1,0.0005867481231689453,0.0
1897,pop1,1,0.0005049705505371094,0.0
1897,pop6,1,0.0004513263702392578,0.0
1898,pop32,5,0.007207489013671875,0.013335556952438163
1898,pop33,1,0.0005192756652832031,0.0
1898,pop50,1,0.0006785392761230469,0.0
1898,pop51,1,0.0005853176116943359,0.0
1899,pop52,2,0.014968395233154297,0.014314413070678711
1899,pop55,4,0.0005124211311340332,6.413113551916166e-05
1899,pop50,1,0.0006577968597412109,0.0
1899,pop16,1,0.0004858970642089844,0.0
1900,pop40,5,0.00616908073425293,0.011154084607451415
1900,pop41,1,0.0004894733428955078,0.0
1900,pop53,1,0.0005888938903808594,0.0
1900,pop52,1,0.0004940032958984375,0.0
1900,pop34,1,0.0004608631134033203,0.0
1900,pop35,1,0.00045037269592285156,0.0
1901,pop8,2,0.014516711235046387,0.013901352882385254
1901,pop51,2,0.0005557537078857422,4.5299530029296875e-06
1901,pop4,4,0.0005293488502502441,0.00010235065167496451
1901,pop53,1,0.0005576610565185547,0.0
1901,pop1,1,0.0005216598510742188,0.0
1901,pop15,1,0.00042939186096191406,0.0
1902,pop21,2,0.01721322536468506,0.01659715175628662
1902,pop23,4,0.0005981326103210449,5.3992037647131676e-05
1902,pop16,1,0.0004661083221435547,0.0
1902,pop50,1,0.0006551742553710938,0.0
1902,pop53,1,0.0005578994750976562,0.0
1902,pop7,1,0.00045037269592285156,0.0
1903,pop37,5,0.005188894271850586,0.009225824942170953
1903,pop33,1,0.0006151199340820312,0.0
1903,pop50,1,0.0006396770477294922,0.0
1903,pop51,1,0.0005817413330078125,0.0
1903,pop19,1,0.0005133152008056641,0.0
1903,pop20,1,0.0004611015319824219,0.0
1904,pop45,2,0.016080021858215332,0.015464425086975098
1904,pop44,1,0.0006816387176513672,0.0
1904,pop27,1,0.000476837158203125,0.0
1904,pop25,1,0.0005044937133789062,0.0
1904,pop17,4,0.0005980730056762695,0.0001245750764835472
1904,pop50,1,0.0006608963012695312,0.0
1904,pop53,1,0.0005636215209960938,0.0
1904,pop47,1,0.00041294097900390625,0.0
1905,pop46,3,0.010534207026163736,0.01410652825632032
1905,pop45,2,0.00047957897186279297,1.3947486877441406e-05
1905,pop44,2,0.019045710563659668,0.018441081047058105
1905,pop50,4,0.0006402134895324707,0.00012147050780134417
1905,pop14,3,0.015213886896769205,0.020702138261243085
1905,pop27,1,0.0004467964172363281,0.0
1905,pop25,1,0.0004611015319824219,0.0
1905,pop17,1,0.037760257720947266,0.0
1905,pop20,1,0.0004711151123046875,0.0
1905,pop19,1,0.0004775524139404297,0.0
1905,pop51,2,0.0005383491516113281,2.8371810913085938e-05
1905,pop24,3,0.0005528132120768229,0.00010341859143999438
1905,pop10,1,0.0004916191101074219,0.0
1906,pop41,3,0.010378599166870117,0.013884661215020591
1906,pop40,3,0.0005589326222737631,0.00011003292233456608
1906,pop53,1,0.0005178451538085938,0.0
1906,pop1,1,0.0004494190216064453,0.0
1906,pop6,1,0.0004267692565917969,0.0
1907,pop30,2,0.013918042182922363,0.013281702995300293
1907,pop31,1,0.0004563331604003906,0.0
1907,pop17,3,0.000614166259765625,6.886872427240176e-05
1907,pop50,1,0.0006301403045654297,0.0
1907,pop51,1,0.0005614757537841797,0.0
1908,pop16,2,0.015094995498657227,0.01449894905090332
1908,pop23,1,0.03401970863342285,0.0
1908,pop24,4,0.000523984432220459,6.503855527814302e-05
1908,pop14,1,0.0004744529724121094,0.0
1908,pop50,1,0.0006015300750732422,0.0
1908,pop51,1,0.0005936622619628906,0.0
1908,pop10,1,0.00047016143798828125,0.0
1909,pop18,2,0.015667438507080078,0.015075922012329102
1909,pop19,1,0.0006573200225830078,0.0
1909,pop51,1,0.0005533695220947266,0.0
1909,pop22,4,0.0005437731742858887,0.00013910353933475019
1910,pop44,2,0.014640331268310547,0.014005184173583984
1910,pop50,2,0.0005619525909423828,3.7670135498046875e-05
1910,pop17,2,0.01742732524871826,0.01686275005340576
1910,pop25,2,0.00045871734619140625,5.4836273193359375e-06
1910,pop27,4,0.0005218982696533203,5.3567566734013774e-05
1910,pop51,1,0.0005896091461181641,0.0
1911,pop21,3,0.023621002833048504,0.01626397094708845
1911,pop22,2,0.0005233287811279297,6.341934204101562e-05
1911,pop51,1,0.0005857944488525391,0.0
1911,pop19,1,0.0005128383636474609,0.0
1911,pop18,1,0.0004444122314453125,0.0
1912,pop4,2,0.014394164085388184,0.013761162757873535
1912,pop51,1,0.0005667209625244141,0.0
1912,pop22,4,0.000565648078918457,0.00017704794966656387
1913,pop42,2,0.014407038688659668,0.013797402381896973
1913,pop43,1,0.00048065185546875,0.0
1913,pop40,2,0.01529085636138916,0.014802813529968262
1913,pop41,1,0.0004856586456298828,0.0
1913,pop53,4,0.008659899234771729,0.014014786279083362
1913,pop1,2,0.0005816221237182617,4.6372413635253906e-05
1913,pop6,1,0.03762960433959961,0.0
1913,pop54,2,0.0006085634231567383,0.00016772747039794922
1913,pop47,1,0.0004241466522216797,0.0
1914,pop27,2,0.01757228374481201,0.01693594455718994
1914,pop25,1,0.00048422813415527344,0.0
1914,pop17,2,0.018423080444335938,0.01791691780090332
1914,pop50,2,0.0006150007247924805,1.728534698486328e-05
1914,pop14,2,0.0005463361740112305,3.6597251892089844e-05
1914,pop55,1,0.0004324913024902344,0.0
1915,pop22,5,0.005958652496337891,0.01078989103864009
1915,pop51,1,0.0006241798400878906,0.0
1915,pop53,1,0.0006191730499267578,0.0
1915,pop1,1,0.0004904270172119141,0.0
1915,pop15,1,0.0005543231964111328,0.0
1916,pop32,4,0.00859445333480835,0.013866452086033673
1916,pop33,1,0.00045180320739746094,0.0
1916,pop50,1,0.0006325244903564453,0.0
1916,pop53,1,0.0005898475646972656,0.0
1916,pop52,1,0.0005097389221191406,0.0
1917,pop8,2,0.013835430145263672,0.013237237930297852
1917,pop51,5,0.0005358219146728516,1.102164506062054e-05
1917,pop10,4,0.015587091445922852,0.015119245977435074
1917,pop4,4,0.008192062377929688,0.013255970841081037
1918,pop37,5,0.005316257476806641,0.00949932461122931
1918,pop52,1,0.00048232078552246094,0.0
1918,pop53,1,0.0005731582641601562,0.0
1918,pop1,1,0.0004999637603759766,0.0
1918,pop6,1,0.0004620552062988281,0.0
1919,pop45,2,0.015467405319213867,0.014853715896606445
1919,pop44,1,0.00048828125,0.0
1919,pop50,3,0.0006336371103922526,7.674815487474654e-05
1919,pop17,2,0.017351984977722168,0.01687324047088623
1919,pop14,2,0.0005016326904296875,1.239776611328125e-05
1919,pop24,3,0.0005315939585367838,7.0156757224023e-05
1919,pop53,1,0.0005595684051513672,0.0
1919,pop51,1,0.0005955696105957031,0.0
1920,pop18,2,0.015434980392456055,0.014772176742553711
1920,pop19,1,0.00051116943359375,0.0
1920,pop51,1,0.000576019287109375,0.0
1920,pop43,1,0.0004477500915527344,0.0
1920,pop40,2,0.016150236129760742,0.015651226043701172
1920,pop41,1,0.0004963874816894531,0.0
1920,pop53,2,0.0005301237106323242,2.5153160095214844e-05
1920,pop54,2,0.01635432243347168,0.015888690948486328
1920,pop52,3,0.0005127588907877604,1.0110247226581097e-05
1920,pop55,1,0.030681371688842773,0.0
1920,pop12,2,0.000638127326965332,0.00016367435455322266
1920,pop1,1,0.0004971027374267578,0.0
1920,pop15,1,0.0004119873046875,0.0
1921,pop44,4,0.018388092517852783,0.018332272071785723
1921,pop50,5,0.0008572101593017578,0.00018976972296117666
1921,pop14,3,0.0005070368448893229,2.635888451357962e-05
1921,pop27,1,0.0004622936248779297,0.0
1921,pop25,1,0.00046539306640625,0.0
1921,pop17,1,0.03647971153259277,0.0
1921,pop24,1,0.03975796699523926,0.0
1921,pop53,1,0.0005326271057128906,0.0
1921,pop51,1,0.0007538795471191406,0.0
1921,pop19,1,0.0005192756652832031,0.0
1921,pop20,1,0.0004608631134033203,0.0
1921,pop46,1,0.0005218982696533203,0.0
1921,pop45,1,0.0004787445068359375,0.0
1921,pop32,4,0.0005177855491638184,4.672833088011228e-05
1921,pop33,1,0.0006306171417236328,0.0
1922,pop31,2,0.013990044593811035,0.013372540473937988
1922,pop17,4,0.0005741119384765625,0.0001134565606432523
1922,pop50,1,0.0005774497985839844,0.0
1922,pop51,1,0.0005204677581787109,0.0
1922,pop19,1,0.0005545616149902344,0.0
1922,pop20,1,0.00043129920959472656,0.0
1923,pop30,2,0.013313651084899902,0.012701869010925293
1923,pop31,1,0.0004780292510986328,0.0
1923,pop17,4,0.000559687614440918,9.513416670699779e-05
1923,pop50,1,0.00060272216796875,0.0
1923,pop53,1,0.0005369186401367188,0.0
1923,pop1,1,0.0004696846008300781,0.0
1923,pop15,1,0.00043654441833496094,0.0
1924,pop22,4,0.006890237331390381,0.011029315703717412
1924,pop51,1,0.0005638599395751953,0.0
1924,pop10,1,0.0004711151123046875,0.0
1925,pop18,2,0.016399741172790527,0.015775084495544434
1925,pop19,1,0.0005362033843994141,0.0
1925,pop20,1,0.03302884101867676,0.0
1925,pop46,1,0.0004775524139404297,0.0
1925,pop45,1,0.0005805492401123047,0.0
1925,pop44,4,0.0005518794059753418,0.00010742356139498961
1925,pop50,1,0.0006258487701416016,0.0
1925,pop53,1,0.0005602836608886719,0.0
1925,pop7,1,0.0004267692565917969,0.0
1926,pop33,3,0.010605891545613607,0.014217884032872972
1926,pop32,3,0.0006088415781656901,0.00010753397437036963
1926,pop50,1,0.0005290508270263672,0.0
1926,pop35,1,0.00041961669921875,0.0
1927,pop10,5,0.018516111373901366,0.014724417143577865
1927,pop51,4,0.0005617141723632812,2.2191506467579218e-05
1927,pop4,3,0.011004924774169922,0.014734876094445981
1927,pop19,1,0.0005042552947998047,0.0
1927,pop20,1,0.0004115104675292969,0.0
1928,pop53,3,0.009543339411417643,0.012625026410182268
1928,pop54,1,0.028439760208129883,0.0
1928,pop52,4,0.0005563497543334961,8.086547021555744e-05
1928,pop51,1,0.0005021095275878906,0.0
1929,pop48,5,0.006415748596191406,0.011685719153118234
1929,pop52,1,0.0005238056182861328,0.0
1929,pop53,1,0.0006270408630371094,0.0
1929,pop50,1,0.0006589889526367188,0.0
1929,pop44,1,0.0004515647888183594,0.0
1930,pop14,5,0.006898403167724609,0.012599728545363457
1930,pop50,1,0.0006909370422363281,0.0
1930,pop51,1,0.0005481243133544922,0.0
1930,pop10,1,0.0004820823669433594,0.0
1931,pop24,2,0.017932653427124023,0.01729607582092285
1931,pop14,1,0.0005414485931396484,0.0
1931,pop50,2,0.0005903244018554688,5.0067901611328125e-06
1931,pop17,4,0.0005713701248168945,0.00012555737875134012
1931,pop35,1,0.00041294097900390625,0.0
1932,pop55,3,0.017472505569458008,0.011900996110365972
1932,pop52,5,0.00674290657043457,0.012151640222440644
1932,pop53,2,0.015140771865844727,0.014562606811523438
1932,pop56,1,0.0004775524139404297,0.0
1932,pop48,1,0.037506103515625,0.0
1932,pop51,1,0.0005402565002441406,0.0
1932,pop19,1,0.0005352497100830078,0.0
1932,pop18,1,0.0004901885986328125,0.0
1933,pop4,2,0.014358162879943848,0.013746142387390137
1933,pop51,1,0.0009436607360839844,0.0
1933,pop53,1,0.0005598068237304688,0.0
1933,pop50,3,0.0007340908050537109,0.00011947332387990364
1933,pop17,2,0.018920183181762695,0.018439292907714844
1933,pop32,3,0.0005735556284586588,0.00011672066109242738
1933,pop33,1,0.0004642009735107422,0.0
1933,pop35,1,0.0004470348358154297,0.0
1934,pop27,2,0.017018675804138184,0.01640498638153076
1934,pop25,1,0.00047469139099121094,0.0
1934,pop17,3,0.0005482832590738932,4.362705322839923e-05
1934,pop50,1,0.0005335807800292969,0.0
1934,pop44,1,0.00046563148498535156,0.0
1935,pop32,5,0.007036256790161133,0.01289375593070123
1935,pop33,1,0.00047087669372558594,0.0
1935,pop50,1,0.0005962848663330078,0.0
1935,pop51,1,0.0005970001220703125,0.0
1935,pop19,1,0.0004870891571044922,0.0
1935,pop20,1,0.0006163120269775391,0.0
1936,pop47,4,0.013609170913696289,0.013093471068001223
1936,pop53,3,0.011508305867513021,0.015478829937660884
1936,pop54,2,0.0006138086318969727,0.0001271963119506836
1937,pop57,2,0.017529964447021484,0.016922712326049805
1937,pop56,1,0.0005176067352294922,0.0
1937,pop2,4,0.0005218982696533203,6.403902619046003e-05
1937,pop49,1,0.0005955696105957031,0.0
1937,pop48,1,0.0004324913024902344,0.0
1937,pop52,1,0.0005004405975341797,0.0
1937,pop53,1,0.0006902217864990234,0.0
1937,pop1,1,0.000453948974609375,0.0
1937,pop6,1,0.0004246234893798828,0.0
1938,pop6,2,0.016722559928894043,0.01610696315765381
1938,pop1,1,0.0005362033843994141,0.0
1938,pop53,2,0.0005925893783569336,6.186962127685547e-05
1938,pop54,1,0.02951645851135254,0.0
1938,pop52,2,0.0007281303405761719,0.000209808349609375
1938,pop56,1,0.0004608631134033203,0.0
1938,pop48,2,0.019016146659851074,0.018535256385803223
1938,pop49,4,0.020573079586029053,0.020070774249762738
1938,pop2,4,0.010968625545501709,0.018059085034738454
1938,pop50,1,0.000644683837890625,0.0
1938,pop14,1,0.0005102157592773438,0.0
1938,pop24,1,0.0004570484161376953,0.0
1939,pop56,2,0.017047405242919922,0.016406536102294922
1939,pop48,1,0.0005068778991699219,0.0
1939,pop52,4,0.0005003809928894043,1.6577700884731052e-05
1939,pop55,1,0.00045680999755859375,0.0
1940,pop32,5,0.007448148727416992,0.013775643365645608
1940,pop33,1,0.00046539306640625,0.0
1940,pop50,1,0.0005619525909423828,0.0
1940,pop16,1,0.00044798851013183594,0.0
1941,pop39,2,0.015428423881530762,0.014795899391174316
1941,pop38,1,0.03418469429016113,0.0
1941,pop18,1,0.00045943260192871094,0.0
1941,pop19,1,0.0005271434783935547,0.0
1941,pop51,2,0.0008894205093383789,0.00021159648895263672
1941,pop50,2,0.000621795654296875,1.1920928955078125e-06
1941,pop16,2,0.0005311965942382812,6.937980651855469e-05
1941,pop23,3,0.0005256334940592448,5.746673637523653e-05
1941,pop21,2,0.0007143020629882812,0.0002665519714355469
1941,pop22,4,0.0005071759223937988,6.61450175200607e-05
1941,pop24,1,0.0004863739013671875,0.0
1942,pop28,2,0.014339208602905273,0.013710498809814453
1942,pop51,3,0.0006012121836344401,1.7040211718516446e-05
1942,pop4,2,0.017354965209960938,0.016901254653930664
1942,pop9,3,0.00048081080118815106,1.0059518748086123e-05
1943,pop36,2,0.014466404914855957,0.013814806938171387
1943,pop10,3,0.02320241928100586,0.016296576020300133
1943,pop51,4,0.0005618929862976074,1.0998793273665791e-05
1943,pop22,3,0.011723995208740234,0.015923269481217108
1943,pop4,2,0.000544428825378418,2.6106834411621094e-05
1944,pop16,3,0.010768810907999674,0.014469830298827792
1944,pop23,4,0.0005599260330200195,8.243777044642509e-05
1944,pop50,1,0.0007100105285644531,0.0
1944,pop53,1,0.0005805492401123047,0.0
1944,pop7,1,0.0004379749298095703,0.0
1945,pop21,3,0.012133916219075521,0.016401363058446295
1945,pop22,3,0.010311126708984375,0.013820678375409746
1945,pop23,2,0.0005271434783935547,2.6941299438476562e-05
1945,pop24,1,0.043523550033569336,0.0
1945,pop16,1,0.0005028247833251953,0.0
1945,pop50,2,0.0005849599838256836,1.895427703857422e-05
1945,pop17,2,0.0005776882171630859,0.00010347366333007812
1945,pop53,1,0.0005469322204589844,0.0
1945,pop7,1,0.0004439353942871094,0.0
1946,pop10,3,0.020297924677530926,0.01392378911687006
1946,pop51,2,0.0005567073822021484,2.1696090698242188e-05
1946,pop4,3,0.0005528132120768229,0.00010154697321607951
1946,pop53,1,0.0006227493286132812,0.0
1946,pop1,1,0.0005021095275878906,0.0
1946,pop6,1,0.00040650367736816406,0.0
1947,pop24,5,0.007326889038085938,0.01354069735830424
1947,pop14,1,0.0005435943603515625,0.0
1947,pop50,1,0.0005140304565429688,0.0
1947,pop51,1,0.0005543231964111328,0.0
1947,pop19,1,0.0005068778991699219,0.0
1947,pop20,1,0.0004477500915527344,0.0
1948,pop55,2,0.013030290603637695,0.01240229606628418
1948,pop52,3,0.010866244633992514,0.014654741293596538
1948,pop48,3,0.011555115381876627,0.01567970120323032
1948,pop49,2,0.0005496740341186523,9.930133819580078e-05
1948,pop53,1,0.0005865097045898438,0.0
1948,pop50,1,0.0006732940673828125,0.0
1948,pop44,1,0.0004909038543701172,0.0
1949,pop4,5,0.006145334243774414,0.011043501832431538
1949,pop51,1,0.0005731582641601562,0.0
1949,pop53,1,0.0006146430969238281,0.0
1949,pop52,1,0.0005037784576416016,0.0
1950,pop56,2,0.016977429389953613,0.016338706016540527
1950,pop2,3,0.0005129973093668619,5.382994289166029e-05
1950,pop49,1,0.00045037269592285156,0.0
1950,pop48,1,0.0004863739013671875,0.0
1950,pop52,1,0.0005342960357666016,0.0
1950,pop53,1,0.0006616115570068359,0.0
1950,pop51,1,0.00048661231994628906,0.0
1951,pop32,5,0.007341766357421875,0.013537891336274794
1951,pop33,1,0.0004928112030029297,0.0
1951,pop50,1,0.0005521774291992188,0.0
1951,pop51,1,0.0008959770202636719,0.0
1951,pop46,1,0.0004532337188720703,0.0
1951,pop20,1,0.0004248619079589844,0.0
1951,pop19,1,0.0005140304565429688,0.0
1951,pop18,1,0.0004551410675048828,0.0
1952,pop9,5,0.006132316589355469,0.011161994466378925
1952,pop51,1,0.0006875991821289062,0.0
1952,pop53,1,0.0006136894226074219,0.0
1952,pop1,1,0.0004520416259765625,0.0
1952,pop6,1,0.00044417381286621094,0.0
1953,pop42,2,0.014693260192871094,0.014093875885009766
1953,pop43,1,0.0005781650543212891,0.0
1953,pop51,1,0.0005135536193847656,0.0
1953,pop22,1,0.03128695487976074,0.0
1953,pop21,1,0.04237961769104004,0.0
1954,pop44,3,0.010373910268147787,0.013890026784210538
1954,pop50,2,0.0006042718887329102,3.0875205993652344e-05
1954,pop53,4,0.0006109476089477539,0.00010000948943229432
1955,pop39,2,0.01535046100616455,0.014757275581359863
1955,pop38,1,0.03439474105834961,0.0
1955,pop18,1,0.0006113052368164062,0.0
1955,pop19,1,0.00046634674072265625,0.0
1955,pop51,1,0.000993490219116211,0.0
1955,pop50,1,0.0006475448608398438,0.0
1955,pop16,1,0.00048279762268066406,0.0
1955,pop23,2,0.0005599260330200195,4.971027374267578e-05
1955,pop21,2,0.0004762411117553711,1.8477439880371094e-05
1955,pop22,4,0.0005006790161132812,5.956672415872025e-05
1955,pop24,1,0.0004718303680419922,0.0
1956,pop36,2,0.013783812522888184,0.01319420337677002
1956,pop51,2,0.0007452964782714844,0.00021886825561523438
1956,pop50,7,0.0005884511130196708,0.00022961558609191663
1956,pop16,3,0.000492095947265625,1.4581916271601474e-05
1956,pop23,3,0.016106685002644856,0.022082363716824042
1956,pop21,2,0.026093482971191406,0.02513432502746582
1956,pop53,1,0.0009672641754150391,0.0
1956,pop22,1,0.03781890869140625,0.0
1956,pop14,2,0.025992751121520996,0.025345921516418457
1956,pop24,1,0.0534060001373291,0.0
1956,pop17,3,0.008852402369181315,0.011874712374527826
1956,pop44,1,0.024027109146118164,0.0
1956,pop55,1,0.02131819725036621,0.0
1956,pop52,1,0.0005443096160888672,0.0
1957,pop55,3,0.018167575200398762,0.012477408685866363
1957,pop52,4,0.008063316345214844,0.012849514480307108
1957,pop56,1,0.0006077289581298828,0.0
1957,pop48,2,0.018622994422912598,0.01815640926361084
1957,pop49,2,0.019975662231445312,0.01951909065246582
1957,pop2,2,0.021300196647644043,0.02085578441619873
1957,pop12,3,0.00048462549845377606,7.423803105771857e-06
1958,pop4,2,0.01487112045288086,0.014236211776733398
1958,pop51,2,0.0006204843521118164,3.4689903259277344e-05
1958,pop10,3,0.0005083878835042318,6.10377432023282e-05
1958,pop50,1,0.0005829334259033203,0.0
1958,pop44,1,0.0004665851593017578,0.0
1959,pop38,3,0.023457924524943035,0.016146993019369244
1959,pop39,1,0.00046133995056152344,0.0
1959,pop44,1,0.03341031074523926,0.0
1959,pop50,2,0.0006350278854370117,3.349781036376953e-05
1959,pop14,3,0.0005849997202555338,8.29864109918488e-05
1959,pop53,1,0.0006031990051269531,0.0
1959,pop1,1,0.0005018711090087891,0.0
1959,pop15,1,0.00040459632873535156,0.0
1960,pop50,3,0.01069331169128418,0.014257756301801311
1960,pop14,3,0.012419462203979492,0.016833296953923948
1960,pop24,3,0.0006180604298909506,8.527197127842007e-05
1960,pop51,1,0.0005517005920410156,0.0
1960,pop10,1,0.00045990943908691406,0.0
1961,pop31,2,0.014758706092834473,0.014135479927062988
1961,pop30,1,0.0004572868347167969,0.0
1961,pop48,2,0.0005040168762207031,8.821487426757812e-06
1961,pop49,3,0.012927770614624023,0.017580131171006586
1961,pop2,3,0.0005319118499755859,0.00010266017201089706
1961,pop52,1,0.0005581378936767578,0.0
1961,pop53,1,0.0005500316619873047,0.0
1961,pop50,1,0.0006546974182128906,0.0
1961,pop44,1,0.00048804283142089844,0.0
1962,pop18,2,0.016907334327697754,0.016270756721496582
1962,pop38,1,0.03471207618713379,0.0
1962,pop39,1,0.0004684925079345703,0.0
1962,pop44,2,0.01763010025024414,0.017154932022094727
1962,pop50,2,0.0006409883499145508,9.179115295410156e-06
1962,pop17,3,0.0006146430969238281,8.988243408912584e-05
1962,pop53,1,0.0005562305450439453,0.0
1962,pop1,1,0.00048089027404785156,0.0
1962,pop6,1,0.0004169940948486328,0.0
1963,pop28,2,0.014576435089111328,0.013964176177978516
1963,pop51,3,0.0007432301839192709,0.0003170005115429788
1963,pop53,3,0.0004875659942626953,0.0001295740088797848
1963,pop50,3,0.0006387233734130859,2.4108193836234912e-05
1963,pop16,3,0.0005241235097249349,5.0196532867396406e-05
1963,pop23,3,0.0005745093027750651,6.957148735118495e-05
1963,pop21,2,0.0007268190383911133,0.00023496150970458984
1963,pop22,4,0.0005283951759338379,8.519793350188006e-05
1963,pop52,1,0.0002651214599609375,0.0
1964,pop9,5,0.006130838394165039,0.011145186308351818
1964,pop51,1,0.0006437301635742188,0.0
1964,pop50,1,0.0006124973297119141,0.0
1964,pop16,1,0.0004444122314453125,0.0
1965,pop42,2,0.014585494995117188,0.013995885848999023
1965,pop43,1,0.00044608116149902344,0.0
1965,pop40,3,0.01098791758219401,0.014839975902710223
1965,pop41,1,0.0004489421844482422,0.0
1965,pop53,2,0.0007132291793823242,0.0001035928726196289
1965,pop51,1,0.0005576610565185547,0.0
1965,pop19,1,0.0005109310150146484,0.0
1965,pop20,1,0.0005815029144287109,0.0
1966,pop23,5,0.007384252548217773,0.013657877208355772
1966,pop16,1,0.00047016143798828125,0.0
1966,pop50,1,0.00055694580078125,0.0
1966,pop55,1,0.0004658699035644531,0.0
1967,pop48,3,0.01125025749206543,0.015107581984824875
1967,pop49,3,0.0005230108896891276,7.178216403494837e-05
1967,pop52,1,0.00047779083251953125,0.0
1967,pop34,1,0.0005788803100585938,0.0
1967,pop35,1,0.00045800209045410156,0.0
1968,pop14,5,0.007152748107910156,0.013119810035709067
1968,pop50,1,0.0005793571472167969,0.0
1968,pop51,1,0.0005774497985839844,0.0
1968,pop19,1,0.0004937648773193359,0.0
1968,pop18,1,0.00046253204345703125,0.0
1969,pop27,4,0.018449783325195312,0.017960750753441113
1969,pop25,1,0.0004677772521972656,0.0
1969,pop17,2,0.0005842447280883789,9.500980377197266e-05
1969,pop50,1,0.0006949901580810547,0.0
1969,pop51,1,0.0005941390991210938,0.0
1969,pop10,1,0.0004627704620361328,0.0
1970,pop28,2,0.013954639434814453,0.013350963592529297
1970,pop51,4,0.0006021261215209961,5.337981142801498e-05
1970,pop4,5,0.007252931594848633,0.013494786267719189
1970,pop10,1,0.03504586219787598,0.0
1970,pop53,1,0.0006544589996337891,0.0
1970,pop52,1,0.000629425048828125,0.0
1971,pop42,2,0.014697074890136719,0.0140838623046875
1971,pop43,2,0.0004718303680419922,4.76837158203125e-06
1971,pop40,2,0.03301525115966797,0.0019202232360839844
1971,pop51,5,0.0005706310272216797,6.268071148692207e-05
1971,pop10,4,0.017019450664520264,0.016633220515610607
1971,pop4,1,0.034142255783081055,0.0
1971,pop53,3,0.024026950200398762,0.016686028815302255
1971,pop41,2,0.0005091428756713867,1.895427703857422e-05
1971,pop54,2,0.0006086826324462891,0.00013136863708496094
1971,pop19,1,0.0005295276641845703,0.0
1971,pop20,1,0.00044989585876464844,0.0
1972,pop52,7,0.004859992436000279,0.01046549394056386
1972,pop55,1,0.027923107147216797,0.0
1972,pop48,2,0.01687157154083252,0.016269326210021973
1972,pop49,1,0.038069963455200195,0.0
1972,pop53,1,0.0006687641143798828,0.0
1972,pop51,1,0.0005927085876464844,0.0
1972,pop19,1,0.0004928112030029297,0.0
1972,pop18,1,0.00044989585876464844,0.0
1973,pop40,4,0.007835865020751953,0.012547405460538367
1973,pop41,1,0.0004744529724121094,0.0
1973,pop53,1,0.0005667209625244141,0.0
1973,pop50,1,0.0006101131439208984,0.0
1973,pop14,1,0.0005190372467041016,0.0
1973,pop24,1,0.00047707557678222656,0.0
1974,pop46,3,0.010801394780476889,0.014478215485775919
1974,pop20,1,0.0318143367767334,0.0
1974,pop45,1,0.0004849433898925781,0.0
1974,pop44,2,0.017938613891601562,0.01750040054321289
1974,pop50,2,0.000620722770690918,9.179115295410156e-06
1974,pop17,1,0.03854060173034668,0.0
1974,pop55,1,0.03093576431274414,0.0
1974,pop52,3,0.0006430943806966146,7.554529691182624e-05
1974,pop53,1,0.0006208419799804688,0.0
1974,pop7,1,0.0004413127899169922,0.0
1975,pop47,5,0.005746030807495117,0.010430377626985614
1975,pop53,1,0.0005278587341308594,0.0
1975,pop7,1,0.0005705356597900391,0.0
1976,pop57,2,0.01794290542602539,0.01733112335205078
1976,pop56,3,0.0005770524342854818,7.561098158330136e-05
1976,pop48,1,0.0004892349243164062,0.0
1976,pop52,1,0.0005202293395996094,0.0
1976,pop53,1,0.0005445480346679688,0.0
1976,pop7,1,0.0005936622619628906,0.0
1977,pop6,2,0.017046689987182617,0.01640152931213379
1977,pop1,1,0.0005185604095458984,0.0
1977,pop53,1,0.029425859451293945,0.0
1977,pop52,2,0.0005040168762207031,1.1920928955078125e-05
1977,pop12,3,0.0005313555399576823,7.42423698486285e-05
1978,pop38,2,0.017092108726501465,0.016490817070007324
1978,pop18,1,0.0004942417144775391,0.0
1978,pop19,1,0.00045752525329589844,0.0
1978,pop20,1,0.034085988998413086,0.0
1978,pop46,1,0.0006215572357177734,0.0
1978,pop45,1,0.0005104541778564453,0.0
1978,pop44,3,0.0005941390991210938,0.00012264220191713358
1978,pop50,1,0.0006248950958251953,0.0
1978,pop53,1,0.0005767345428466797,0.0
1978,pop47,1,0.0004458427429199219,0.0
1979,pop27,3,0.023190657297770183,0.016000425589635204
1979,pop14,2,0.0004878044128417969,2.0503997802734375e-05
1979,pop24,3,0.0005300045013427734,5.893361339683783e-05
1979,pop50,1,0.0008881092071533203,0.0
1979,pop55,1,0.00047087669372558594,0.0
1979,pop52,1,0.00045561790466308594,0.0
1980,pop42,2,0.015413999557495117,0.014796733856201172
1980,pop43,1,0.00044655799865722656,0.0
1980,pop51,2,0.0005795955657958984,1.9073486328125e-06
1980,pop4,1,0.037007808685302734,0.0
1980,pop22,4,0.0005208849906921387,7.012128643507876e-05
1980,pop21,1,0.0004858970642089844,0.0
1980,pop23,1,0.0004627704620361328,0.0
1980,pop16,1,0.0006124973297119141,0.0
1981,pop41,2,0.015740394592285156,0.015072822570800781
1981,pop53,2,0.014812946319580078,0.014301538467407227
1981,pop54,1,0.029232501983642578,0.0
1981,pop52,2,0.0004990100860595703,2.384185791015625e-07
1981,pop12,4,0.0005549192428588867,0.00011628039766701727
1981,pop50,1,0.0005896091461181641,0.0
1981,pop14,1,0.0006344318389892578,0.0
1981,pop24,1,0.0005028247833251953,0.0
1982,pop21,2,0.018870949745178223,0.01823580265045166
1982,pop22,4,0.0005156397819519043,6.578892199330127e-05
1982,pop51,1,0.0006630420684814453,0.0
1982,pop19,1,0.0005238056182861328,0.0
1982,pop20,1,0.0004744529724121094,0.0
1983,pop10,3,0.023296912511189777,0.016695156479364228
1983,pop51,3,0.0007735888163248698,0.00015570787852773487
1983,pop50,3,0.0006165504455566406,4.983347552791176e-05
1983,pop16,1,0.00043964385986328125,0.0
1983,pop23,1,0.00048041343688964844,0.0
1983,pop21,1,0.00047087669372558594,0.0
1983,pop22,3,0.01181491216023763,0.016041374187281802
1983,pop43,1,0.0005176067352294922,0.0
1983,pop11,1,0.00043129920959472656,0.0
1983,pop17,1,0.04651975631713867,0.0
1983,pop14,2,0.0006045103073120117,6.449222564697266e-05
1983,pop24,1,0.00047135353088378906,0.0
1984,pop56,2,0.016770362854003906,0.016173601150512695
1984,pop48,1,0.0005075931549072266,0.0
1984,pop52,2,0.017174720764160156,0.016594886779785156
1984,pop53,1,0.03027653694152832,0.0
1984,pop54,1,0.03121662139892578,0.0
1984,pop55,1,0.029732704162597656,0.0
1984,pop50,3,0.0006127357482910156,1.991711004195368e-05
1984,pop44,1,0.03740644454956055,0.0
1984,pop33,2,0.000507354736328125,1.3589859008789062e-05
1984,pop32,3,0.0006046295166015625,0.00011197367762371083
1984,pop16,1,0.00048613548278808594,0.0
1985,pop32,4,0.008982837200164795,0.014528692592470728
1985,pop33,1,0.0006170272827148438,0.0
1985,pop50,1,0.0007131099700927734,0.0
1985,pop53,1,0.0005574226379394531,0.0
1985,pop1,1,0.0004489421844482422,0.0
1985,pop6,1,0.0004487037658691406,0.0
1986,pop48,2,0.01579904556274414,0.015179634094238281
1986,pop52,2,0.0005115270614624023,1.7523765563964844e-05
1986,pop55,2,0.014006733894348145,0.013513684272766113
1986,pop50,2,0.0007551908493041992,0.00016200542449951172
1986,pop33,2,0.0004884004592895508,1.0132789611816406e-05
1986,pop32,3,0.0005100568135579427,4.29437390333651e-05
1986,pop53,1,0.0005612373352050781,0.0
1986,pop51,1,0.0005831718444824219,0.0
1987,pop14,3,0.011149962743123373,0.014977339775717056
1987,pop24,4,0.0005800724029541016,6.960863053820773e-05
1987,pop50,1,0.0006394386291503906,0.0
1987,pop51,1,0.0005793571472167969,0.0
1987,pop10,1,0.00047326087951660156,0.0
1988,pop28,2,0.014828324317932129,0.014232277870178223
1988,pop51,2,0.0005704164505004883,2.562999725341797e-05
1988,pop22,4,0.0004991292953491211,3.9413591075704796e-05
1989,pop46,2,0.01615428924560547,0.015505790710449219
1989,pop20,1,0.00045418739318847656,0.0
1989,pop19,1,0.0006539821624755859,0.0
1989,pop51,2,0.0007690191268920898,0.00028121471405029297
1989,pop53,1,0.000553131103515625,0.0
1989,pop50,1,0.0006201267242431641,0.0
1989,pop16,2,0.0006470680236816406,0.00012493133544921875
1989,pop23,3,0.0004958311716715494,3.283912421008718e-05
1989,pop21,2,0.0006716251373291016,0.0001633167266845703
1989,pop22,4,0.000582575798034668,8.77909041070605e-05
1989,pop10,1,0.0004730224609375,0.0
1990,pop27,3,0.02474069595336914,0.017054200092013187
1990,pop14,2,0.0004975795745849609,2.384185791015625e-06
1990,pop24,3,0.000522772471110026,8.939739458619515e-05
1990,pop50,1,0.0006382465362548828,0.0
1990,pop51,1,0.0005650520324707031,0.0
1990,pop10,1,0.0004622936248779297,0.0
1991,pop8,2,0.0145721435546875,0.013975858688354492
1991,pop51,2,0.0005658864974975586,1.7881393432617188e-06
1991,pop10,4,0.0005266070365905762,0.00011862173421457698
1991,pop50,1,0.0006303787231445312,0.0
1991,pop14,1,0.0005159378051757812,0.0
1991,pop24,1,0.0005037784576416016,0.0
1992,pop37,5,0.005429506301879883,0.009756392930280513
1992,pop33,1,0.0004596710205078125,0.0
1992,pop50,1,0.0005848407745361328,0.0
1992,pop51,1,0.0005829334259033203,0.0
1992,pop19,1,0.0006518363952636719,0.0
1992,pop20,1,0.00046443939208984375,0.0
1993,pop45,2,0.016401171684265137,0.015771985054016113
1993,pop44,1,0.00049591064453125,0.0
1993,pop50,2,0.0005737543106079102,2.4199485778808594e-05
1993,pop53,5,0.014313125610351562,0.016948517209965784
1993,pop54,3,0.022356192270914715,0.015482959224081624
1993,pop52,5,0.01412057876586914,0.01659211484974706
1993,pop55,1,0.029937267303466797,0.0
1993,pop47,1,0.000457763671875,0.0
1994,pop44,3,0.02304863929748535,0.01593990890518631
1994,pop45,3,0.0004642009735107422,6.843900725558912e-06
1994,pop46,3,0.0005159378051757812,4.905632457585024e-05
1994,pop20,6,0.011937220891316732,0.016181679176382895
1994,pop19,3,0.0005052089691162109,1.8051713838933006e-05
1994,pop18,3,0.0005338191986083984,5.243799713921888e-05
1994,pop38,1,0.04285764694213867,0.0
1995,pop39,2,0.015926718711853027,0.015279889106750488
1995,pop38,2,0.0193026065826416,0.018821239471435547
1995,pop18,3,0.00046674410502115887,1.1069288474070325e-05
1995,pop19,3,0.0005684693654378256,6.0806969589871445e-05
1995,pop20,4,0.018910527229309082,0.018326962893530814
1995,pop46,1,0.00048160552978515625,0.0
1995,pop45,1,0.00044536590576171875,0.0
1995,pop44,2,0.0006417036056518555,0.00013911724090576172
1995,pop50,1,0.0006201267242431641,0.0
1995,pop53,1,0.0006458759307861328,0.0
1995,pop47,1,0.00044083595275878906,0.0
1996,pop36,2,0.014887332916259766,0.014255523681640625
1996,pop10,4,0.0005415081977844238,5.8610584099178e-05
1996,pop51,1,0.0005559921264648438,0.0
1996,pop19,1,0.0005216598510742188,0.0
1996,pop20,1,0.00044155120849609375,0.0
1997,pop55,5,0.005944299697875977,0.010686041351047657
1997,pop52,1,0.0005326271057128906,0.0
1997,pop34,1,0.000431060791015625,0.0
1997,pop35,1,0.0004296302795410156,0.0
1998,pop40,5,0.006197452545166016,0.011271335896413144
1998,pop41,2,0.0005040168762207031,2.384185791015625e-05
1998,pop53,1,0.02978062629699707,0.0
1998,pop43,1,0.0004525184631347656,0.0
1998,pop51,1,0.000591278076171875,0.0
1998,pop19,1,0.0004858970642089844,0.0
1998,pop20,1,0.0004742145538330078,0.0
1999,pop57,2,0.01717531681060791,0.016580700874328613
1999,pop56,2,0.01763474941253662,0.017133355140686035
1999,pop2,2,0.018745779991149902,0.018283963203430176
1999,pop49,2,0.0005906820297241211,9.119510650634766e-05
1999,pop48,1,0.00045609474182128906,0.0
1999,pop52,1,0.0005297660827636719,0.0
1999,pop53,1,0.0005624294281005859,0.0
1999,pop50,1,0.0007178783416748047,0.0
1999,pop16,1,0.0004940032958984375,0.0
2000,pop6,2,0.015949249267578125,0.015339374542236328
2000,pop1,1,0.0005214214324951172,0.0
2000,pop53,1,0.031473398208618164,0.0
2000,pop54,1,0.00046563148498535156,0.0
2000,pop52,4,0.00864499807357788,0.013777441148995328
2000,pop13,2,0.017238974571228027,0.016792893409729004
2000,pop51,1,0.0005738735198974609,0.0
2000,pop19,1,0.0005192756652832031,0.0
2000,pop20,1,0.0004360675811767578,0.0
2001,pop42,2,0.015721440315246582,0.01510608196258545
2001,pop43,1,0.00048089027404785156,0.0
2001,pop51,2,0.0006042718887329102,8.14199447631836e-05
2001,pop10,3,0.0005695025126139323,5.956150188973841e-05
2001,pop50,1,0.0006103515625,0.0
2001,pop44,1,0.0004601478576660156,0.0
2002,pop32,5,0.007490301132202148,0.013822936525814886
2002,pop33,1,0.0004918575286865234,0.0
2002,pop50,1,0.000518798828125,0.0
2002,pop53,1,0.0006299018859863281,0.0
2002,pop1,1,0.0004584789276123047,0.0
2002,pop6,1,0.00045680999755859375,0.0
2003,pop14,4,0.009142100811004639,0.014834827493204023
2003,pop50,1,0.0006346702575683594,0.0
2003,pop51,1,0.0005297660827636719,0.0
2004,pop30,2,0.014720678329467773,0.014079093933105469
2004,pop31,1,0.0005838871002197266,0.0
2004,pop17,4,0.0005443096160888672,4.187386440119797e-05
2004,pop50,1,0.00064849853515625,0.0
2004,pop14,1,0.00047516822814941406,0.0
2004,pop24,1,0.0005242824554443359,0.0
2005,pop22,5,0.006015253067016601,0.010960220713634124
2005,pop51,1,0.000568389892578125,0.0
2005,pop19,1,0.0005252361297607422,0.0
2005,pop20,1,0.0006098747253417969,0.0
2006,pop9,5,0.0061645984649658205,0.011213789398418312
2006,pop51,1,0.0005629062652587891,0.0
2006,pop50,1,0.0006330013275146484,0.0
2006,pop35,1,0.00041294097900390625,0.0
2007,pop41,3,0.010315418243408203,0.01370919064315162
2007,pop40,1,0.031185388565063477,0.0
2007,pop53,1,0.0005857944488525391,0.0
2007,pop52,2,0.0005079507827758789,3.2186508178710938e-06
2007,pop48,4,0.0005460381507873535,8.264400553797851e-05
2008,pop21,2,0.018848299980163574,0.01821601390838623
2008,pop23,1,0.0006597042083740234,0.0
2008,pop24,4,0.0004960298538208008,5.2394754330167225e-05
2008,pop14,1,0.0004985332489013672,0.0
2008,pop50,1,0.0005605220794677734,0.0
2008,pop44,1,0.0004754066467285156,0.0
2009,pop46,2,0.016282200813293457,0.01563417911529541
2009,pop45,1,0.0006074905395507812,0.0
2009,pop44,1,0.031430721282958984,0.0
2009,pop50,2,0.0005701780319213867,1.823902130126953e-05
2009,pop33,3,0.00048152605692545575,4.449060758679201e-06
2009,pop32,2,0.020310401916503906,0.01989150047302246
2009,pop37,3,0.0006054242451985677,0.00010913605937115367
2009,pop51,1,0.0006635189056396484,0.0
2009,pop19,1,0.0006866455078125,0.0
2009,pop18,1,0.0004742145538330078,0.0
2010,pop44,3,0.021593809127807617,0.014809203127755856
2010,pop45,1,0.0004520416259765625,0.0
2010,pop46,1,0.0005135536193847656,0.0
2010,pop20,1,0.03519725799560547,0.0
2010,pop19,2,0.0005087852478027344,8.344650268554688e-06
2010,pop18,2,0.0004878044128417969,5.245208740234375e-06
2010,pop38,3,0.000471035639444987,2.6091558331151757e-05
2010,pop51,1,0.0006406307220458984,0.0
2011,pop39,2,0.01609182357788086,0.015451669692993164
2011,pop44,4,0.0005612373352050781,0.00010521055585497254
2011,pop50,1,0.0005948543548583984,0.0
2011,pop51,1,0.0006520748138427734,0.0
2011,pop19,1,0.0006635189056396484,0.0
2011,pop18,1,0.00045752525329589844,0.0
2012,pop36,2,0.014870405197143555,0.014284849166870117
2012,pop51,2,0.0005472898483276367,8.702278137207031e-06
2012,pop22,4,0.0005344152450561523,6.445982607495748e-05
2012,pop19,1,0.0004863739013671875,0.0
2012,pop18,1,0.00044918060302734375,0.0
2013,pop55,3,0.01847243309020996,0.012703027230614288
2013,pop50,2,0.0006084442138671875,1.049041748046875e-05
2013,pop33,2,0.0004935264587402344,9.5367431640625e-06
2013,pop32,2,0.0005116462707519531,2.5510787963867188e-05
2013,pop16,1,0.0004534721374511719,0.0
2014,pop40,2,0.014696240425109863,0.014076828956604004
2014,pop41,1,0.0004937648773193359,0.0
2014,pop53,2,0.015894651412963867,0.015377998352050781
2014,pop52,3,0.0006568431854248047,0.00011879531187092332
2014,pop47,1,0.00045561790466308594,0.0
2015,pop33,3,0.011616230010986328,0.015639176819513906
2015,pop32,3,0.0005646546681722006,0.00011982383210951479
2015,pop50,1,0.0005993843078613281,0.0
2015,pop51,1,0.0005788803100585938,0.0
2015,pop19,1,0.0004916191101074219,0.0
2015,pop20,1,0.0006062984466552734,0.0
2016,pop53,3,0.010191043217976889,0.013550765194295565
2016,pop54,3,0.0005259513854980469,5.655430753916803e-05
2016,pop7,1,0.00043511390686035156,0.0
2017,pop37,5,0.0055425167083740234,0.010040200559087904
2017,pop52,1,0.0005331039428710938,0.0
2018,pop42,2,0.014906883239746094,0.014287233352661133
2018,pop43,1,0.0004949569702148438,0.0
2018,pop40,1,0.03158259391784668,0.0
2018,pop41,1,0.00046372413635253906,0.0
2018,pop53,2,0.0005438327789306641,4.220008850097656e-05
2018,pop54,3,0.0005742708841959635,0.00015769502190191945
2018,pop51,1,0.0006053447723388672,0.0
2018,pop10,1,0.0004546642303466797,0.0
2019,pop14,2,0.01762866973876953,0.01697516441345215
2019,pop24,4,0.0004769563674926758,9.402431982379435e-06
2020,pop9,5,0.006475019454956055,0.0118563923856116
2020,pop51,1,0.0005102157592773438,0.0
2020,pop50,1,0.0006406307220458984,0.0
2020,pop55,1,0.0004687309265136719,0.0
2021,pop41,2,0.016005516052246094,0.015364408493041992
2021,pop40,1,0.03131294250488281,0.0
2021,pop43,1,0.0006392002105712891,0.0
2021,pop51,3,0.000522613525390625,2.3576531662514624e-05
2021,pop10,1,0.03156638145446777,0.0
2021,pop4,3,0.0005620320638020834,7.12687685902603e-05
2021,pop53,1,0.0005891323089599609,0.0
2021,pop52,1,0.0004990100860595703,0.0
2022,pop21,3,0.0260008970896403,0.01797764190401674
2022,pop22,1,0.03170657157897949,0.0
2022,pop23,1,0.0005178451538085938,0.0
2022,pop24,4,0.0005524158477783203,0.000113267771491249
2022,pop14,1,0.0005397796630859375,0.0
2022,pop50,1,0.0006570816040039062,0.0
2022,pop51,1,0.000579833984375,0.0
2023,pop44,2,0.016501188278198242,0.015868186950683594
2023,pop50,2,0.0006413459777832031,3.886222839355469e-05
2023,pop55,4,0.0005504488945007324,0.00010406969270891747
2023,pop51,1,0.0005271434783935547,0.0
2023,pop19,1,0.0005297660827636719,0.0
2023,pop18,1,0.00046944618225097656,0.0
2024,pop39,2,0.01555335521697998,0.014953017234802246
2024,pop38,1,0.0005021095275878906,0.0
2024,pop18,1,0.0004878044128417969,0.0
2024,pop19,1,0.0004870891571044922,0.0
2024,pop51,4,0.0005733370780944824,4.682190505891253e-05
2024,pop4,2,0.034465909004211426,0.0018116235733032227
2024,pop10,2,0.017727017402648926,0.017276644706726074
2024,pop53,3,0.02482771873474121,0.017154955256014206
2024,pop41,2,0.0004987716674804688,4.76837158203125e-07
2024,pop40,1,0.03646349906921387,0.0
2024,pop54,2,0.0006937980651855469,7.605552673339844e-05
2024,pop50,1,0.0005772113800048828,0.0
2024,pop44,1,0.0004951953887939453,0.0
2025,pop52,3,0.010775486628214518,0.014426068157612729
2025,pop48,3,0.00048772493998209637,1.015326046508164e-05
2026,pop30,2,0.0143052339553833,0.013678431510925293
2026,pop48,3,0.000511010487874349,4.0548140265625854e-05
2026,pop52,1,0.0005781650543212891,0.0
2026,pop55,1,0.00043654441833496094,0.0
2027,pop46,2,0.01573193073272705,0.01515185832977295
2027,pop20,1,0.0004897117614746094,0.0
2027,pop19,1,0.0006229877471923828,0.0
2027,pop51,3,0.0006284713745117188,5.1086524077783874e-05
2027,pop4,2,0.016880512237548828,0.016414880752563477
2027,pop10,2,0.0005784034729003906,0.00010895729064941406
2027,pop47,1,0.0004286766052246094,0.0
2028,pop53,2,0.014650583267211914,0.013682365417480469
2028,pop54,1,0.00047779083251953125,0.0
2028,pop52,5,0.007279014587402344,0.013495399265630141
2028,pop48,1,0.03464221954345703,0.0
2028,pop55,2,0.014648199081420898,0.014183282852172852
2029,pop16,2,0.015825510025024414,0.015198945999145508
2029,pop23,1,0.0005795955657958984,0.0
2029,pop24,4,0.0005571842193603516,5.730111676003726e-05
2029,pop14,1,0.0005030632019042969,0.0
2029,pop50,1,0.0005788803100585938,0.0
2029,pop53,1,0.0006847381591796875,0.0
2029,pop52,1,0.000514984130859375,0.0
2030,pop24,5,0.0074846744537353516,0.013820368870470582
2030,pop14,1,0.0004999637603759766,0.0
2030,pop50,1,0.0005617141723632812,0.0
2030,pop53,1,0.0006651878356933594,0.0
2030,pop1,1,0.0004889965057373047,0.0
2030,pop6,1,0.0005669593811035156,0.0
2031,pop10,2,0.015875816345214844,0.015246152877807617
2031,pop51,1,0.0006604194641113281,0.0
2031,pop22,1,0.030971050262451172,0.0
2031,pop21,1,0.00048351287841796875,0.0
2031,pop23,1,0.04163932800292969,0.0
2031,pop16,1,0.0005991458892822266,0.0
2031,pop50,7,0.0005413804735456194,0.00014663125930796213
2031,pop55,3,0.011835416158040365,0.01617317143445699
2031,pop52,4,0.009873032569885254,0.015746505120859972
2031,pop12,2,0.021643996238708496,0.021159768104553223
2031,pop53,3,0.0005804697672526041,1.711565707376987e-05
2031,pop33,6,0.0005212624867757162,0.00016033914844312776
2031,pop32,2,0.03453218936920166,0.03413045406341553
2031,pop37,3,0.01659544308980306,0.022761939423570583
2032,pop56,5,0.007426118850708008,0.013754504349583658
2032,pop48,1,0.0005652904510498047,0.0
2032,pop52,1,0.0004894733428955078,0.0
2032,pop34,1,0.0004246234893798828,0.0
2032,pop35,1,0.0004208087921142578,0.0
2033,pop27,2,0.01902306079864502,0.018176913261413574
2033,pop25,1,0.0005300045013427734,0.0
2033,pop17,1,0.0006682872772216797,0.0
2033,pop50,2,0.0006264448165893555,7.283687591552734e-05
2033,pop14,2,0.0005016326904296875,1.6689300537109375e-06
2033,pop24,4,0.0005509853363037109,0.00013020437854777925
2033,pop53,1,0.0006420612335205078,0.0
2033,pop47,1,0.0004291534423828125,0.0
2034,pop37,4,0.007055878639221191,0.011306911588429027
2034,pop52,1,0.00047206878662109375,0.0
2035,pop44,2,0.015965938568115234,0.01536107063293457
2035,pop50,3,0.0006493727366129557,6.557170757653316e-05
2035,pop17,1,0.037251949310302734,0.0
2035,pop33,2,0.0004767179489135742,1.537799835205078e-05
2035,pop32,3,0.0005180040995279948,0.0001030770649583723
2035,pop51,1,0.000568389892578125,0.0
2035,pop10,1,0.0004742145538330078,0.0
2036,pop39,2,0.015441179275512695,0.014827251434326172
2036,pop38,3,0.0005936622619628906,5.640233141226374e-05
2036,pop18,1,0.00047850608825683594,0.0
2036,pop19,1,0.00048804283142089844,0.0
2036,pop51,1,0.0006432533264160156,0.0
2036,pop50,1,0.0006225109100341797,0.0
2036,pop14,1,0.00048804283142089844,0.0
2036,pop24,1,0.0004734992980957031,0.0
2037,pop46,3,0.010784228642781576,0.01435432254415009
2037,pop20,3,0.0006314913431803385,0.00016116124060506555
2037,pop51,2,0.0005491971969604492,3.3736228942871094e-05
2037,pop19,3,0.0005087852478027344,2.1917225759351972e-05
2037,pop18,2,0.0004936456680297852,2.5033950805664062e-06
2037,pop38,2,0.02139747142791748,0.02077305316925049
2037,pop10,1,0.0004801750183105469,0.0
2038,pop53,3,0.009971062342325846,0.013184984897666221
2038,pop1,2,0.0005104541778564453,2.6226043701171875e-05
2038,pop6,3,0.0005153020222981771,5.761195843543258e-05
2038,pop50,1,0.0006103515625,0.0
2038,pop44,1,0.000484466552734375,0.0
2039,pop4,4,0.008017241954803467,0.012931446793042388
2039,pop51,1,0.0005819797515869141,0.0
2039,pop10,1,0.0004508495330810547,0.0
2040,pop8,2,0.01470804214477539,0.014112472534179688
2040,pop51,1,0.0005815029144287109,0.0
2040,pop22,1,0.03089427947998047,0.0
2040,pop21,2,0.022428035736083984,0.021956205368041992
2040,pop23,1,0.00047898292541503906,0.0
2040,pop24,3,0.0005737940470377604,0.00012649917537671735
2040,pop14,1,0.0005352497100830078,0.0
2040,pop50,1,0.0005850791931152344,0.0
2040,pop35,1,0.00044226646423339844,0.0
2041,pop45,2,0.01634848117828369,0.01573193073272705
2041,pop46,1,0.00044655799865722656,0.0
2041,pop20,4,0.0005204081535339355,9.600935529430726e-05
2041,pop19,1,0.0005128383636474609,0.0
2041,pop51,1,0.0005435943603515625,0.0
2041,pop53,1,0.0005950927734375,0.0
2041,pop1,1,0.0005047321319580078,0.0
2041,pop15,1,0.0005884170532226562,0.0
2042,pop57,2,0.018506288528442383,0.017894744873046875
2042,pop56,1,0.03574109077453613,0.0
2042,pop2,4,0.01944810152053833,0.018953941455736614
2042,pop49,3,0.012418270111083984,0.01679542852341383
2042,pop48,1,0.0004901885986328125,0.0
2042,pop52,1,0.0006449222564697266,0.0
2042,pop53,1,0.0006322860717773438,0.0
2042,pop50,1,0.0006570816040039062,0.0
2042,pop44,1,0.0006067752838134766,0.0
2043,pop6,5,0.007385778427124024,0.013693044230837165
2043,pop1,1,0.0005080699920654297,0.0
2043,pop53,1,0.0005865097045898438,0.0
2043,pop51,1,0.0005600452423095703,0.0
2043,pop10,1,0.0004582405090332031,0.0
2044,pop24,5,0.007626008987426758,0.014148820920914693
2044,pop14,1,0.0005867481231689453,0.0
2044,pop50,1,0.0006761550903320312,0.0
2044,pop51,1,0.0005521774291992188,0.0
2045,pop50,4,0.008542060852050781,0.013692865512721003
2045,pop17,1,0.03468680381774902,0.0
2045,pop33,2,0.0004918575286865234,9.5367431640625e-07
2045,pop32,4,0.0005005598068237305,5.333826470198759e-05
2045,pop14,1,0.0005030632019042969,0.0
2045,pop24,1,0.00048279762268066406,0.0
2046,pop31,2,0.015371084213256836,0.014733552932739258
2046,pop17,4,0.0005107522010803223,2.3968109002346478e-05
2046,pop50,1,0.0005612373352050781,0.0
2046,pop55,1,0.0004673004150390625,0.0
2047,pop18,3,0.011909246444702148,0.016045087847934014
2047,pop38,1,0.03746676445007324,0.0
2047,pop19,1,0.00046753883361816406,0.0
2047,pop51,1,0.0007038116455078125,0.0
2047,pop22,4,0.0005608797073364258,0.0001327274859389839
2047,pop21,1,0.0006010532379150391,0.0
2047,pop23,1,0.0004799365997314453,0.0
2047,pop16,1,0.00048828125,0.0
2047,pop50,1,0.0006189346313476562,0.0
2047,pop44,1,0.00047516822814941406,0.0
2048,pop36,2,0.015326619148254395,0.014708876609802246
2048,pop51,1,0.0006196498870849609,0.0
2048,pop22,4,0.0005175471305847168,6.167773324760639e-05
2048,pop21,1,0.0004551410675048828,0.0
2048,pop23,1,0.0005142688751220703,0.0
2048,pop24,1,0.00045228004455566406,0.0
2049,pop40,5,0.006389617919921875,0.011651486654734575
2049,pop41,1,0.00048470497131347656,0.0
2049,pop53,1,0.0005643367767333984,0.0
2049,pop50,1,0.0006334781646728516,0.0
2049,pop14,1,0.0005154609680175781,0.0
2049,pop24,1,0.0004892349243164062,0.0
2050,pop46,2,0.015890955924987793,0.015276789665222168
2050,pop20,5,0.00047249794006347655,1.768763791435591e-05
2050,pop19,3,0.0005563894907633463,7.851886363098692e-05
2050,pop18,2,0.0005642175674438477,6.496906280517578e-05
2050,pop38,1,0.03904247283935547,0.0
2050,pop51,1,0.0005729198455810547,0.0
2051,pop45,2,0.01656210422515869,0.015927672386169434
2051,pop44,1,0.0005090236663818359,0.0
2051,pop50,1,0.0005133152008056641,0.0
2051,pop55,3,0.000482479731241862,2.4649401377472594e-06
2051,pop52,1,0.0005087852478027344,0.0
2052,pop6,3,0.02386307716369629,0.016440966832782893
2052,pop1,1,0.0005369186401367188,0.0
2052,pop53,2,0.0005713701248168945,3.3020973205566406e-05
2052,pop54,1,0.0325772762298584,0.0
2052,pop52,4,0.009481310844421387,0.015564420119153604
2052,pop55,2,0.03255021572113037,0.0009082555770874023
2052,pop12,3,0.0005124409993489584,6.338716629277737e-05
2052,pop51,1,0.0007205009460449219,0.0
2053,pop23,5,0.007681941986083985,0.01418248578342888
2053,pop16,1,0.0006170272827148438,0.0
2053,pop50,1,0.0006511211395263672,0.0
2053,pop35,1,0.0004680156707763672,0.0
2054,pop9,5,0.006383323669433593,0.011644414470476271
2054,pop51,1,0.0006051063537597656,0.0
2054,pop53,1,0.0005540847778320312,0.0
2054,pop1,1,0.0004878044128417969,0.0
2054,pop15,1,0.000446319580078125,0.0
2055,pop41,3,0.010202884674072266,0.013675528108423802
2055,pop40,1,0.031761884689331055,0.0
2055,pop53,2,0.0006124973297119141,6.914138793945312e-05
2055,pop54,1,0.030722856521606445,0.0
2055,pop52,2,0.0006395578384399414,4.887580871582031e-06
2055,pop48,4,0.0005434155464172363,8.8454959672456e-05
2055,pop1,1,0.0005083084106445312,0.0
2055,pop15,1,0.00046062469482421875,0.0
2056,pop21,5,0.007348012924194336,0.013437053863949899
2056,pop23,1,0.00046062469482421875,0.0
2056,pop16,1,0.0004734992980957031,0.0
2056,pop50,1,0.0005927085876464844,0.0
2056,pop51,1,0.0005614757537841797,0.0
2056,pop19,1,0.0005183219909667969,0.0
2056,pop20,1,0.00046563148498535156,0.0
2057,pop47,5,0.005742788314819336,0.010452048772918962
2057,pop51,1,0.0005619525909423828,0.0
2057,pop10,1,0.0004811286926269531,0.0
2058,pop38,3,0.0243378480275472,0.016827552913672425
2058,pop18,1,0.0004596710205078125,0.0
2058,pop19,1,0.0005409717559814453,0.0
2058,pop51,3,0.0005811850229899088,1.088110865452754e-05
2058,pop9,1,0.0357511043548584,0.0
2058,pop10,1,0.03792881965637207,0.0
2058,pop11,1,0.0004673004150390625,0.0
2058,pop43,1,0.0006470680236816406,0.0
2058,pop50,2,0.0006896257400512695,0.00033032894134521484
2058,pop44,1,0.0005123615264892578,0.0
2058,pop27,2,0.0003758668899536133,0.0001195669174194336
2058,pop25,2,0.00038063526153564453,0.0001264810562133789
2058,pop17,2,0.0007587671279907227,0.00021135807037353516
2058,pop14,1,0.00029540061950683594,0.0
2058,pop53,1,0.0003237724304199219,0.0
2058,pop1,1,0.0003998279571533203,0.0
2058,pop6,1,0.000240325927734375,0.0
2059,pop52,4,0.00796961784362793,0.012834980935981262
2059,pop54,3,0.011148770650227865,0.014961437061259613
2059,pop48,2,0.018262863159179688,0.017748117446899414
2059,pop49,2,0.01964437961578369,0.019187569618225098
2059,pop2,2,0.0005648136138916016,0.000118255615234375
2059,pop53,1,0.00058746337890625,0.0
2059,pop1,1,0.0004904270172119141,0.0
2059,pop6,1,0.0004723072052001953,0.0
2060,pop18,3,0.01206644376118978,0.01629851718083275
2060,pop38,1,0.037220001220703125,0.0
2060,pop19,1,0.00048804283142089844,0.0
2060,pop51,1,0.0005891323089599609,0.0
2060,pop50,2,0.0006382465362548828,6.9141387939453125e-06
2060,pop33,2,0.0004767179489135742,9.179115295410156e-06
2060,pop32,4,0.0005391836166381836,5.7168902575401366e-05
2060,pop44,1,0.0005996227264404297,0.0
2061,pop40,4,0.008225202560424805,0.013227079578623594
2061,pop41,1,0.0004870891571044922,0.0
2061,pop53,1,0.0006124973297119141,0.0
2061,pop50,1,0.0006136894226074219,0.0
2061,pop44,1,0.0004782676696777344,0.0
2062,pop46,4,0.008632659912109375,0.014053817934617834
2062,pop20,3,0.03789059321085612,0.003186709669107725
2062,pop45,2,0.0004436969757080078,2.2172927856445312e-05
2062,pop44,1,0.03580617904663086,0.0
2062,pop19,4,0.00046122074127197266,0.00012243223507785528
2062,pop18,3,0.0004092852274576823,0.00010381193822522954
2062,pop38,1,0.04291200637817383,0.0
2062,pop51,5,0.0005375385284423828,0.00011622514229074079
2062,pop10,4,0.021129727363586426,0.02059061475056645
2062,pop4,3,0.013765176137288412,0.01869602555140892
2063,pop48,3,0.011423508326212565,0.015373086693653145
2063,pop49,1,0.03434467315673828,0.0
2063,pop52,3,0.0005112489064534506,2.4578579940894706e-05
2063,pop54,2,0.03152322769165039,0.00025200843811035156
2063,pop53,2,0.017507195472717285,0.01689136028289795
2063,pop12,3,0.0006281534830729166,0.00013109254777592623
2063,pop47,1,0.0004317760467529297,0.0
2064,pop28,2,0.01531219482421875,0.014688491821289062
2064,pop51,1,0.0005953311920166016,0.0
2064,pop22,4,0.0005658864974975586,0.00013638360700885167
2064,pop21,1,0.0004475116729736328,0.0
2064,pop23,1,0.0006034374237060547,0.0
2064,pop16,1,0.0004715919494628906,0.0
2064,pop50,1,0.0005903244018554688,0.0
2064,pop55,1,0.00044536590576171875,0.0
2065,pop16,2,0.017117738723754883,0.016503334045410156
2065,pop23,1,0.0004699230194091797,0.0
2065,pop24,3,0.0004987716674804688,3.8996320813339684e-05
2065,pop14,1,0.0005457401275634766,0.0
2065,pop50,1,0.0006082057952880859,0.0
2065,pop44,1,0.0006189346313476562,0.0
2066,pop56,2,0.01832413673400879,0.017690181732177734
2066,pop2,1,0.03888225555419922,0.0
2066,pop49,1,0.03508734703063965,0.0
2066,pop48,3,0.0005739529927571615,8.885271858185101e-05
2066,pop52,1,0.0005393028259277344,0.0
2066,pop53,1,0.0005955696105957031,0.0
2066,pop51,1,0.0005908012390136719,0.0
2067,pop27,2,0.019532203674316406,0.018658876419067383
2067,pop44,1,0.0004951953887939453,0.0
2067,pop50,1,0.0006315708160400391,0.0
2067,pop14,1,0.0004961490631103516,0.0
2067,pop24,4,0.0005387663841247559,5.276203020848248e-05
2067,pop23,1,0.0004832744598388672,0.0
2067,pop16,1,0.0005061626434326172,0.0
2068,pop53,3,0.02025262514750163,0.013836153157293184
2068,pop50,2,0.0008440017700195312,0.00011610984802246094
2068,pop33,3,0.0005492369333902994,5.784172095959561e-05
2068,pop32,1,0.03890681266784668,0.0
2068,pop37,2,0.0005695819854736328,8.940696716308594e-05
2068,pop16,1,0.0004057884216308594,0.0
2068,pop23,1,0.0006234645843505859,0.0
2068,pop24,1,0.0006036758422851562,0.0
2069,pop41,2,0.01662731170654297,0.01599717140197754
2069,pop53,2,0.000635981559753418,4.1365623474121094e-05
2069,pop54,3,0.0005993048350016276,0.00017387023496433056
2069,pop51,1,0.0005347728729248047,0.0
2069,pop19,1,0.0005207061767578125,0.0
2069,pop18,1,0.0004496574401855469,0.0
2070,pop47,5,0.005959510803222656,0.010860930919202044
2070,pop53,1,0.0006656646728515625,0.0
2070,pop7,1,0.0004906654357910156,0.0
2071,pop52,4,0.01686948537826538,0.016304295043422748
2071,pop54,1,0.03079819679260254,0.0
2071,pop55,1,0.029947757720947266,0.0
2071,pop50,3,0.0005799134572347006,3.3692931041002766e-05
2071,pop44,2,0.01866757869720459,0.018200993537902832
2071,pop17,2,0.020687222480773926,0.02004539966583252
2071,pop25,1,0.000499725341796875,0.0
2071,pop27,1,0.0004553794860839844,0.0
2071,pop14,2,0.0007030963897705078,2.8133392333984375e-05
2072,pop32,4,0.009339988231658936,0.015159195106601858
2072,pop33,1,0.0004980564117431641,0.0
2072,pop50,1,0.0005993843078613281,0.0
2072,pop53,1,0.0006783008575439453,0.0
2072,pop52,1,0.0005574226379394531,0.0
2073,pop38,3,0.02506113052368164,0.017277661305189693
2073,pop18,1,0.0004832744598388672,0.0
2073,pop19,1,0.0006375312805175781,0.0
2073,pop51,1,0.0005793571472167969,0.0
2073,pop9,3,0.0005698204040527344,0.00010992518641219184
2074,pop28,2,0.015411019325256348,0.014783978462219238
2074,pop51,4,0.0005438327789306641,4.0311428115155496e-05
2074,pop19,2,0.00048172473907470703,1.704692840576172e-05
2074,pop20,1,0.03782010078430176,0.0
2074,pop4,2,0.01933753490447998,0.01883995532989502
2074,pop53,3,0.012694597244262695,0.017061385450038526
2074,pop54,1,0.038021087646484375,0.0
2074,pop52,2,0.0005271434783935547,3.0279159545898438e-05
2074,pop48,2,0.0005536079406738281,5.412101745605469e-05
2075,pop22,5,0.006412076950073242,0.011649688470836939
2076,pop55,3,0.01968518892923991,0.013500424152529788
2076,pop52,2,0.0006200075149536133,9.167194366455078e-05
2076,pop53,2,0.0006017684936523438,6.9141387939453125e-06
2076,pop50,1,0.0010402202606201172,0.0
2076,pop51,1,0.0005598068237304688,0.0
2076,pop19,1,0.0005164146423339844,0.0
2076,pop20,1,0.0004792213439941406,0.0
2076,pop46,1,0.0004448890686035156,0.0
2076,pop45,1,0.00047469139099121094,0.0
2076,pop44,1,0.0005998611450195312,0.0
2077,pop50,4,0.008742272853851318,0.013839271510232242
2077,pop33,2,0.00046122074127197266,4.088878631591797e-05
2077,pop32,3,0.0005507469177246094,0.0001212800105542346
2077,pop53,1,0.0009517669677734375,0.0
2077,pop51,1,0.0005586147308349609,0.0
2077,pop19,1,0.0005173683166503906,0.0
2077,pop20,1,0.0005235671997070312,0.0
2078,pop36,2,0.015572547912597656,0.014939308166503906
2078,pop51,3,0.0005376338958740234,2.1347007780970405e-05
2078,pop4,3,0.0005422433217366537,2.935960210009922e-05
2078,pop50,1,0.0010747909545898438,0.0
2078,pop19,1,0.0005512237548828125,0.0
2078,pop20,1,0.00044417381286621094,0.0
2078,pop46,1,0.00046944618225097656,0.0
2078,pop45,1,0.0005941390991210938,0.0
2078,pop44,1,0.00045180320739746094,0.0
2079,pop45,3,0.011534293492635092,0.015563732700837862
2079,pop44,3,0.011952797571818033,0.01599323708782291
2079,pop50,2,0.0006357431411743164,2.5153160095214844e-05
2079,pop17,1,0.03737497329711914,0.0
2079,pop25,1,0.00046944618225097656,0.0
2079,pop27,1,0.00045990943908691406,0.0
2079,pop46,1,0.0006649494171142578,0.0
2079,pop20,1,0.0004932880401611328,0.0
2079,pop19,2,0.00039458274841308594,0.00011920928955078125
2079,pop51,2,0.0004401206970214844,0.00016355514526367188
2079,pop55,1,0.036341190338134766,0.0
2079,pop52,4,0.0006191730499267578,2.1041030578310636e-05
2079,pop48,2,0.04621326923370361,0.0002027750015258789
2079,pop49,1,0.0484468936920166,0.0
2079,pop18,1,0.00025916099548339844,0.0
2080,pop6,2,0.01758742332458496,0.01699042320251465
2080,pop1,1,0.000518798828125,0.0
2080,pop53,2,0.0005260705947875977,1.2040138244628906e-05
2080,pop54,4,0.0005321502685546875,0.0001113773355592811
2080,pop51,1,0.00048041343688964844,0.0
2080,pop19,1,0.0004923343658447266,0.0
2080,pop18,1,0.00047588348388671875,0.0
2081,pop48,3,0.011762142181396484,0.01588478096008232
2081,pop49,1,0.03368377685546875,0.0
2081,pop52,1,0.033440589904785156,0.0
2081,pop55,3,0.011309226353963217,0.015243007095893551
2081,pop50,2,0.0008709430694580078,0.0001690387725830078
2081,pop44,1,0.00047588348388671875,0.0
2081,pop27,1,0.0004642009735107422,0.0
2081,pop25,1,0.00045943260192871094,0.0
2081,pop17,1,0.04717826843261719,0.0
2081,pop14,2,0.0005213022232055664,4.756450653076172e-05
2081,pop24,1,0.0004951953887939453,0.0
2082,pop56,4,0.009493887424468994,0.015325329411230514
2082,pop48,1,0.0004401206970214844,0.0
2082,pop52,1,0.0005433559417724609,0.0
2082,pop53,1,0.0006611347198486328,0.0
2082,pop47,1,0.00041866302490234375,0.0
2083,pop33,3,0.011942307154337565,0.016089408669793415
2083,pop32,2,0.019144773483276367,0.018703460693359375
2083,pop37,3,0.0005361239115397135,0.00011437754289101175
2083,pop52,1,0.0006072521209716797,0.0
2083,pop53,1,0.0005972385406494141,0.0
2083,pop1,1,0.0006489753723144531,0.0
2083,pop6,1,0.00044846534729003906,0.0
2084,pop42,2,0.01517951488494873,0.014479994773864746
2084,pop43,2,0.00046265125274658203,1.4662742614746094e-05
2084,pop40,1,0.033510446548461914,0.0
2084,pop51,3,0.0005675156911214193,1.3394419054052627e-05
2084,pop10,2,0.01699650287628174,0.016514897346496582
2084,pop9,2,0.0005369186401367188,5.7697296142578125e-05
2084,pop19,1,0.0005125999450683594,0.0
2084,pop18,1,0.0004458427429199219,0.0
2085,pop14,5,0.007366991043090821,0.013559400616463118
2085,pop24,1,0.00047588348388671875,0.0
2086,pop23,2,0.017970681190490723,0.017360806465148926
2086,pop24,4,0.0004886984825134277,2.722745131690192e-05
2086,pop14,1,0.0005159378051757812,0.0
2086,pop50,1,0.0010881423950195312,0.0
2086,pop17,1,0.00048351287841796875,0.0
2086,pop25,1,0.0004801750183105469,0.0
2086,pop27,1,0.0005941390991210938,0.0
2086,pop44,1,0.00045871734619140625,0.0
2087,pop32,4,0.009661495685577393,0.015765115498078595
2087,pop33,1,0.000507354736328125,0.0
2087,pop50,1,0.0005640983581542969,0.0
2087,pop55,1,0.00045943260192871094,0.0
2088,pop38,2,0.018819212913513184,0.018198609352111816
2088,pop18,1,0.0004649162292480469,0.0
2088,pop19,1,0.0004918575286865234,0.0
2088,pop51,2,0.000773310661315918,0.00022161006927490234
2088,pop50,2,0.0006411075592041016,5.078315734863281e-05
2088,pop16,1,0.0004935264587402344,0.0
2088,pop23,1,0.0005774497985839844,0.0
2088,pop21,1,0.0006103515625,0.0
2088,pop22,3,0.0005589326222737631,6.360172793304303e-05
2088,pop44,1,0.0005040168762207031,0.0
2089,pop22,3,0.0198517640431722,0.013598414210459292
2089,pop21,1,0.04223752021789551,0.0
2090,pop30,2,0.015545010566711426,0.014926314353942871
2090,pop48,2,0.00047469139099121094,2.288818359375e-05
2090,pop56,4,0.0005425214767456055,9.257773778296759e-05
2090,pop52,1,0.0004773139953613281,0.0
2090,pop53,1,0.0005757808685302734,0.0
2090,pop1,1,0.0005140304565429688,0.0
2090,pop6,1,0.0004086494445800781,0.0
2091,pop18,3,0.012333234151204428,0.016639681870678574
2091,pop19,2,0.0005775690078735352,6.639957427978516e-05
2091,pop51,3,0.0006004174550374349,5.6078000550135994e-05
2091,pop9,2,0.018170714378356934,0.017724156379699707
2091,pop10,2,0.0005179643630981445,6.687641143798828e-05
2092,pop40,4,0.00792992115020752,0.012742239079512304
2092,pop41,1,0.0006277561187744141,0.0
2092,pop53,1,0.0005366802215576172,0.0
2092,pop52,1,0.0005054473876953125,0.0
2093,pop55,2,0.014195561408996582,0.013574957847595215
2093,pop52,4,0.000550687313079834,6.648082551688555e-05
2093,pop53,1,0.0005898475646972656,0.0
2093,pop1,1,0.00048661231994628906,0.0
2093,pop6,1,0.00046253204345703125,0.0
2094,pop50,3,0.010974725087483725,0.014644439123239102
2094,pop33,2,0.000491023063659668,2.5391578674316406e-05
2094,pop32,3,0.0005053679148356119,7.931598438931951e-05
2094,pop53,1,0.0005474090576171875,0.0
2094,pop7,1,0.0004379749298095703,0.0
2095,pop45,2,0.01711571216583252,0.016494393348693848
2095,pop44,1,0.00047397613525390625,0.0
2095,pop50,2,0.0006437301635742188,3.314018249511719e-05
2095,pop33,2,0.0004956722259521484,1.3828277587890625e-05
2095,pop32,4,0.0005386471748352051,8.367887142924401e-05
2095,pop51,1,0.0005266666412353516,0.0
2095,pop19,1,0.0005381107330322266,0.0
2095,pop18,1,0.00045418739318847656,0.0
2096,pop56,4,0.009581923484802246,0.015525911858419011
2096,pop48,1,0.0004558563232421875,0.0
2096,pop52,1,0.0006396770477294922,0.0
2096,pop53,1,0.0005459785461425781,0.0
2096,pop47,1,0.00046253204345703125,0.0
2097,pop33,3,0.012042601903279623,0.016232688158664486
2097,pop32,2,0.02044367790222168,0.01999807357788086
2097,pop37,3,0.0005296866099039713,0.0001111454012090775
2097,pop52,1,0.0004935264587402344,0.0
2097,pop53,1,0.0006186962127685547,0.0
2097,pop7,1,0.00040459632873535156,0.0
2098,pop42,2,0.01656794548034668,0.01595473289489746
2098,pop43,1,0.0004432201385498047,0.0
2098,pop51,2,0.0005613565444946289,1.2993812561035156e-05
2098,pop10,2,0.01684856414794922,0.016370058059692383
2098,pop9,2,0.0005525350570678711,7.236003875732422e-05
2099,pop38,2,0.018954873085021973,0.018311619758605957
2099,pop18,1,0.00046944618225097656,0.0
2099,pop19,1,0.0004642009735107422,0.0
2099,pop51,1,0.0005290508270263672,0.0
2099,pop53,1,0.0005691051483154297,0.0
2099,pop54,3,0.0005012353261311849,4.040489600968259e-05
2099,pop52,1,0.0005528926849365234,0.0
2100,pop10,2,0.01642155647277832,0.015791893005371094
2100,pop51,2,0.0005823373794555664,2.0265579223632812e-06
2100,pop4,2,0.017348527908325195,0.016901016235351562
2100,pop9,2,0.0006082057952880859,9.1552734375e-05
2101,pop37,5,0.005793190002441407,0.01042409050220272
2101,pop33,1,0.0004551410675048828,0.0
2101,pop50,1,0.0006196498870849609,0.0
2101,pop51,1,0.0005819797515869141,0.0
2101,pop19,1,0.0005204677581787109,0.0
2101,pop18,1,0.00047898292541503906,0.0
2102,pop44,4,0.00864642858505249,0.013965950560117308
2102,pop50,1,0.0006003379821777344,0.0
2102,pop51,1,0.0005970001220703125,0.0
2102,pop10,1,0.0004661083221435547,0.0
2103,pop39,2,0.01612710952758789,0.015526056289672852
2103,pop44,1,0.0004367828369140625,0.0
2103,pop50,2,0.0007044076919555664,1.1086463928222656e-05
2103,pop17,4,0.0005958080291748047,5.2478361051750246e-05
2103,pop55,1,0.0005581378936767578,0.0
2104,pop16,3,0.011650800704956055,0.015715487487078694
2104,pop23,4,0.0005093216896057129,4.6516795251785715e-05
2104,pop50,1,0.0005328655242919922,0.0
2104,pop55,1,0.0004544258117675781,0.0
2105,pop30,2,0.015019059181213379,0.014426589012145996
2105,pop31,1,0.000469207763671875,0.0
2105,pop17,3,0.0005651315053304037,5.280395930438019e-05
2105,pop50,1,0.0005612373352050781,0.0
2105,pop44,1,0.00045108795166015625,0.0
2106,pop56,4,0.009231090545654297,0.01498890993775561
2106,pop48,1,0.0004572868347167969,0.0
2106,pop52,1,0.0005004405975341797,0.0
2106,pop53,1,0.0005471706390380859,0.0
2106,pop51,1,0.0005738735198974609,0.0
2107,pop4,5,0.0070765972137451175,0.013008595607632095
2107,pop51,1,0.0005714893341064453,0.0
2107,pop50,1,0.0005326271057128906,0.0
2107,pop16,1,0.0004525184631347656,0.0
2108,pop8,2,0.016039609909057617,0.01540684700012207
2108,pop51,2,0.0005609989166259766,4.935264587402344e-05
2108,pop50,4,0.0006696581840515137,0.0002685970410813283
2108,pop17,2,0.019408226013183594,0.01871776580810547
2108,pop19,1,0.0005538463592529297,0.0
2108,pop20,1,0.00047659873962402344,0.0
2108,pop46,1,0.0005166530609130859,0.0
2108,pop45,1,0.0005474090576171875,0.0
2108,pop44,1,0.040415048599243164,0.0
2108,pop33,3,0.0004336039225260417,0.0001095329192884867
2108,pop32,1,0.04772377014160156,0.0
2108,pop37,2,0.0007101297378540039,0.0002321004867553711
2108,pop35,1,0.00023412704467773438,0.0
2109,pop57,2,0.019249796867370605,0.018631815910339355
2109,pop56,1,0.0004971027374267578,0.0
2109,pop48,1,0.0004961490631103516,0.0
2109,pop52,2,0.00048291683197021484,1.2040138244628906e-05
2109,pop12,4,0.0005420446395874023,0.00010061101607055604
2109,pop53,1,0.0006194114685058594,0.0
2109,pop50,1,0.0006911754608154297,0.0
2109,pop44,1,0.00046706199645996094,0.0
2110,pop24,5,0.008359527587890625,0.015482967750463627
2110,pop14,1,0.0004887580871582031,0.0
2110,pop50,1,0.0007078647613525391,0.0
2110,pop35,1,0.00043201446533203125,0.0
2111,pop50,4,0.008274435997009277,0.013403791760794863
2111,pop17,2,0.01877295970916748,0.01826608180999756
2111,pop25,1,0.0004961490631103516,0.0
2111,pop27,1,0.00052642822265625,0.0
2111,pop44,1,0.0005297660827636719,0.0
2111,pop55,1,0.03206658363342285,0.0
2111,pop52,2,0.01983165740966797,0.019315242767333984
2111,pop13,2,0.020914912223815918,0.020472407341003418
2111,pop37,1,0.03669571876525879,0.0
2111,pop33,2,0.0003961324691772461,0.0001169443130493164
2111,pop32,2,0.00036656856536865234,7.474422454833984e-05
2111,pop53,1,0.00035881996154785156,0.0
2111,pop1,1,0.00027632713317871094,0.0
2111,pop6,1,0.0002727508544921875,0.0
2112,pop45,2,0.01779639720916748,0.017168641090393066
2112,pop44,1,0.0004911422729492188,0.0
2112,pop50,2,0.0006052255630493164,1.1920928955078125e-07
2112,pop17,1,0.03871512413024902,0.0
2112,pop55,1,0.0315859317779541,0.0
2112,pop52,4,0.0006213784217834473,0.00014708169247338863
2112,pop53,1,0.0005695819854736328,0.0
2112,pop47,1,0.00046515464782714844,0.0
2113,pop42,2,0.01659834384918213,0.01596701145172119
2113,pop43,1,0.0004773139953613281,0.0
2113,pop51,1,0.0005347728729248047,0.0
2113,pop9,4,0.0005619525909423828,0.0001799429378728079
2114,pop38,3,0.02579077084859212,0.01779041552020266
2114,pop18,1,0.00045180320739746094,0.0
2114,pop19,2,0.0005612373352050781,4.5299530029296875e-06
2114,pop20,1,0.03684711456298828,0.0
2114,pop51,2,0.0005464553833007812,9.059906005859375e-06
2114,pop4,1,0.037947654724121094,0.0
2114,pop43,1,0.00051116943359375,0.0
2114,pop40,2,0.0005835294723510742,0.00011217594146728516
2114,pop41,1,0.0004913806915283203,0.0
2114,pop53,1,0.0006537437438964844,0.0
2114,pop1,1,0.0005006790161132812,0.0
2114,pop6,1,0.0004527568817138672,0.0
2115,pop37,5,0.006062889099121093,0.011019207808789263
2115,pop52,1,0.0005223751068115234,0.0
2115,pop53,1,0.0005686283111572266,0.0
2115,pop1,1,0.0004878044128417969,0.0
2115,pop15,1,0.0004401206970214844,0.0
2116,pop44,2,0.017618536949157715,0.016971468925476074
2116,pop50,2,0.0005775690078735352,2.014636993408203e-05
2116,pop17,3,0.0005621910095214844,0.00011619964863337966
2116,pop53,1,0.0005254745483398438,0.0
2116,pop1,1,0.0005095005035400391,0.0
2116,pop6,1,0.0004565715789794922,0.0
2117,pop39,2,0.01687026023864746,0.016245126724243164
2117,pop44,1,0.0006036758422851562,0.0
2117,pop50,2,0.0006051063537597656,3.0994415283203125e-06
2117,pop17,3,0.0005993843078613281,0.0001229469541140258
2117,pop53,1,0.0006854534149169922,0.0
2117,pop47,1,0.0004546642303466797,0.0
2118,pop30,2,0.015108466148376465,0.014510273933410645
2118,pop31,1,0.0004754066467285156,0.0
2118,pop17,4,0.009898900985717773,0.016149223619784575
2118,pop50,3,0.0007221698760986328,0.00020702614360078178
2118,pop55,1,0.03258919715881348,0.0
2118,pop53,1,0.0005528926849365234,0.0
2118,pop51,1,0.0006320476531982422,0.0
2118,pop19,1,0.0004782676696777344,0.0
2118,pop20,1,0.0004413127899169922,0.0
2119,pop31,2,0.01607060432434082,0.01544046401977539
2119,pop17,4,0.021176040172576904,0.020775208832233338
2119,pop50,4,0.0006108283996582031,6.603656671144539e-05
2119,pop33,4,0.0004832744598388672,1.920934807678114e-05
2119,pop32,3,0.01443934440612793,0.019619216812881264
2119,pop53,1,0.0006728172302246094,0.0
2119,pop1,1,0.0005521774291992188,0.0
2119,pop15,1,0.00043845176696777344,0.0
2120,pop9,4,0.008445024490356445,0.013523012369953699
2121,pop21,5,0.008362579345703124,0.01569309764401089
2121,pop23,1,0.0005049705505371094,0.0
2121,pop24,1,0.0004901885986328125,0.0
2122,pop22,5,0.006681251525878906,0.012234652382802863
2123,pop4,2,0.016432642936706543,0.015826106071472168
2123,pop51,2,0.0006157159805297852,7.259845733642578e-05
2123,pop53,4,0.018582701683044434,0.01784332518387225
2123,pop41,2,0.0004601478576660156,9.059906005859375e-06
2123,pop40,1,0.03445839881896973,0.0
2123,pop50,2,0.000584721565246582,1.2993812561035156e-05
2123,pop44,1,0.03770732879638672,0.0
2123,pop54,1,0.0004780292510986328,0.0
2123,pop52,4,0.0005980730056762695,0.00012734928156756624
2123,pop1,1,0.0005238056182861328,0.0
2123,pop15,1,0.00043511390686035156,0.0
2124,pop30,2,0.014865875244140625,0.014255523681640625
2124,pop31,1,0.000453948974609375,0.0
2124,pop17,3,0.0005954901377360026,0.0001405260400301875
2124,pop50,1,0.0005643367767333984,0.0
2124,pop35,1,0.0004150867462158203,0.0
2125,pop31,2,0.015232563018798828,0.01462554931640625
2125,pop17,3,0.0006029605865478516,0.00013483211826444095
2125,pop50,1,0.0005571842193603516,0.0
2125,pop53,1,0.0005817413330078125,0.0
2125,pop52,1,0.000492095947265625,0.0
2126,pop46,2,0.017085671424865723,0.016455769538879395
2126,pop20,1,0.034078121185302734,0.0
2126,pop19,1,0.0005559921264648438,0.0
2126,pop51,2,0.0006011724472045898,1.7762184143066406e-05
2126,pop10,1,0.03355097770690918,0.0
2126,pop53,4,0.018417000770568848,0.01783001519879253
2126,pop1,3,0.0005141099294026693,4.248640189051202e-06
2126,pop6,2,0.020665764808654785,0.020214200019836426
2126,pop54,3,0.0005810260772705078,5.874200284742162e-05
2127,pop40,4,0.00821232795715332,0.013194974414780729
2127,pop41,1,0.0004603862762451172,0.0
2127,pop53,1,0.0006253719329833984,0.0
2127,pop50,1,0.0007371902465820312,0.0
2127,pop55,1,0.00046324729919433594,0.0
2128,pop55,3,0.02019945780436198,0.013971048779679033
2128,pop52,1,0.03413271903991699,0.0
2128,pop50,3,0.0008258024851481119,0.0001297793502245858
2128,pop51,1,0.00057220458984375,0.0
2128,pop19,1,0.0005996227264404297,0.0
2128,pop20,1,0.0004749298095703125,0.0
2128,pop46,1,0.00045180320739746094,0.0
2128,pop45,1,0.00046253204345703125,0.0
2128,pop44,3,0.014252583185831705,0.019482026276522183
2128,pop33,1,0.000629425048828125,0.0
2128,pop32,3,0.0005660057067871094,7.066768512267419e-05
2129,pop21,5,0.008497858047485351,0.0158591469965848
2129,pop23,1,0.0005009174346923828,0.0
2129,pop16,1,0.0004515647888183594,0.0
2129,pop50,1,0.0006194114685058594,0.0
2129,pop51,1,0.0005719661712646484,0.0
2130,pop4,2,0.016898393630981445,0.016241073608398438
2130,pop51,1,0.0005228519439697266,0.0
2130,pop9,4,0.000576019287109375,0.00013307868585279664
2131,pop27,3,0.02615014712015788,0.018050310374711487
2131,pop25,1,0.0005037784576416016,0.0
2131,pop17,2,0.020244359970092773,0.019759178161621094
2131,pop50,1,0.0009236335754394531,0.0
2131,pop53,1,0.0005803108215332031,0.0
2131,pop52,3,0.0005573431650797526,7.105842555558568e-05
2131,pop55,1,0.03460240364074707,0.0
2131,pop34,1,0.00046181678771972656,0.0
2131,pop35,1,0.0004372596740722656,0.0
2132,pop53,4,0.0163457989692688,0.01571036304191789
2132,pop41,2,0.00047516822814941406,1.1444091796875e-05
2132,pop40,1,0.032973289489746094,0.0
2132,pop50,5,0.0006719112396240234,2.1129536357426393e-05
2132,pop14,2,0.020236968994140625,0.019730329513549805
2132,pop17,2,0.021076560020446777,0.02055203914642334
2132,pop44,1,0.037526845932006836,0.0
2132,pop33,2,0.000502467155456543,3.230571746826172e-05
2132,pop32,2,0.0006043910980224609,2.5510787963867188e-05
2132,pop24,1,0.0005140304565429688,0.0
2133,pop41,2,0.016926288604736328,0.016313552856445312
2133,pop53,2,0.0006233453750610352,6.830692291259766e-05
2133,pop1,2,0.0005407333374023438,4.5299530029296875e-05
2133,pop6,1,0.03862571716308594,0.0
2133,pop50,4,0.0004993677139282227,0.0002062180478504706
2133,pop44,4,0.020907580852508545,0.02049072324078876
2133,pop45,2,0.0006165504455566406,4.76837158203125e-07
2133,pop46,2,0.0004767179489135742,2.300739288330078e-05
2133,pop20,2,0.02095973491668701,0.020699620246887207
2133,pop17,2,0.0235975980758667,0.023049473762512207
2133,pop25,2,0.0004661083221435547,7.152557373046875e-07
2133,pop27,1,0.0005955696105957031,0.0
2133,pop14,2,0.012439370155334473,0.012146353721618652
2133,pop24,2,0.0003399848937988281,7.128715515136719e-05
2133,pop51,1,0.0003104209899902344,0.0
2133,pop19,1,0.0003192424774169922,0.0
2134,pop47,5,0.006233072280883789,0.011301452702241272
2134,pop53,1,0.0005857944488525391,0.0
2134,pop50,1,0.0005772113800048828,0.0
2134,pop55,1,0.00045418739318847656,0.0
2135,pop52,4,0.00869375467300415,0.014077441295390772
2135,pop55,2,0.01595604419708252,0.015408873558044434
2135,pop48,3,0.0006203651428222656,0.00010010003404729727
2135,pop53,1,0.000545501708984375,0.0
2135,pop50,1,0.0005824565887451172,0.0
2135,pop16,1,0.0004734992980957031,0.0
2136,pop10,3,0.023969173431396484,0.01666157868655659
2136,pop51,3,0.0006992816925048828,0.0001365621717587505
2136,pop9,2,0.017284274101257324,0.01677525043487549
2136,pop53,2,0.00048065185546875,0.00013756752014160156
2136,pop50,3,0.0004363059997558594,0.00014492489923174088
2136,pop33,3,0.0004912217458089193,0.0003009216718913619
2136,pop37,1,0.0004570484161376953,0.0
2136,pop52,2,0.0006029605865478516,0.00029397010803222656
2136,pop55,2,0.0003600120544433594,0.00010943412780761719
2136,pop32,2,0.00029790401458740234,3.349781036376953e-05
2137,pop16,2,0.01766037940979004,0.017022132873535156
2137,pop23,1,0.038643598556518555,0.0
2137,pop24,3,0.028739372889200848,0.01998991083182519
2137,pop14,3,0.014046986897786459,0.01904905399694593
2137,pop50,3,0.0007371902465820312,0.0002133227725743809
2137,pop44,1,0.0004987716674804688,0.0
2137,pop27,1,0.0004398822784423828,0.0
2137,pop25,1,0.0004317760467529297,0.0
2137,pop17,1,0.04580235481262207,0.0
2137,pop55,2,0.0005792379379272461,0.00011837482452392578
2137,pop51,1,0.0005543231964111328,0.0
2137,pop10,1,0.0004980564117431641,0.0
2138,pop56,5,0.00776519775390625,0.014418566688646023
2138,pop48,1,0.0005197525024414062,0.0
2138,pop52,1,0.0005202293395996094,0.0
2138,pop53,1,0.0005869865417480469,0.0
2138,pop1,1,0.0005154609680175781,0.0
2138,pop15,1,0.0004413127899169922,0.0
2139,pop9,5,0.006601381301879883,0.01212728495418742
2139,pop51,1,0.0005834102630615234,0.0
2139,pop50,1,0.0006220340728759766,0.0
2139,pop44,1,0.0005278587341308594,0.0
2140,pop28,2,0.016208648681640625,0.015580892562866211
2140,pop36,1,0.00048065185546875,0.0
2140,pop10,3,0.0006024837493896484,0.00015274464482942687
2140,pop51,1,0.0005662441253662109,0.0
2140,pop50,1,0.0006821155548095703,0.0
2140,pop35,1,0.00043392181396484375,0.0
2141,pop8,2,0.016477346420288086,0.015849828720092773
2141,pop51,3,0.0005444685618082682,3.155442847900705e-05
2141,pop10,1,0.03486514091491699,0.0
2141,pop9,4,0.000506281852722168,0.00011632218664650727
2141,pop47,1,0.0004417896270751953,0.0
2142,pop45,2,0.01778876781463623,0.017191290855407715
2142,pop46,1,0.0004901885986328125,0.0
2142,pop20,3,0.012320280075073242,0.01677664011081025
2142,pop19,1,0.0005002021789550781,0.0
2142,pop51,1,0.0005996227264404297,0.0
2142,pop10,2,0.0004982948303222656,2.2649765014648438e-05
2143,pop38,2,0.018963932991027832,0.018356919288635254
2143,pop18,1,0.0005242824554443359,0.0
2143,pop19,2,0.00045669078826904297,1.1324882507324219e-05
2143,pop20,1,0.03758049011230469,0.0
2143,pop51,2,0.0005627870559692383,1.2278556823730469e-05
2143,pop4,4,0.0005040168762207031,3.183981711117513e-05
2144,pop44,5,0.00718541145324707,0.013295217451133276
2144,pop50,3,0.0005931059519449869,2.6042857180145293e-05
2144,pop17,2,0.02032637596130371,0.019711017608642578
2144,pop51,1,0.0005965232849121094,0.0
2145,pop39,2,0.016428112983703613,0.015810608863830566
2145,pop38,1,0.0004825592041015625,0.0
2145,pop18,1,0.0006260871887207031,0.0
2145,pop19,2,0.0006672143936157227,4.410743713378906e-06
2145,pop20,1,0.03810000419616699,0.0
2145,pop51,2,0.0006144046783447266,0.0002899169921875
2145,pop53,1,0.0006647109985351562,0.0
2145,pop50,4,0.0006940364837646484,0.00022072133546633044
2145,pop14,1,0.0005247592926025391,0.0
2145,pop27,1,0.0006310939788818359,0.0
2145,pop25,1,0.0005314350128173828,0.0
2145,pop17,4,0.012472987174987793,0.02074747018831719
2145,pop44,2,0.02382946014404297,0.02328658103942871
2145,pop10,1,0.00025463104248046875,0.0
2146,pop46,2,0.017815589904785156,0.017182350158691406
2146,pop20,4,0.0005125999450683594,0.00010352158315799447
2146,pop19,1,0.0005202293395996094,0.0
2146,pop51,1,0.0006191730499267578,0.0
2146,pop47,1,0.00045490264892578125,0.0
2147,pop41,2,0.01710331439971924,0.016460776329040527
2147,pop53,3,0.0006774266560872396,3.419309975711411e-05
2147,pop54,3,0.011645952860514322,0.015790288711407023
2147,pop1,1,0.0006194114685058594,0.0
2147,pop15,1,0.00042748451232910156,0.0
2148,pop36,2,0.016270756721496582,0.015650153160095215
2148,pop10,3,0.000598907470703125,0.00014738704112415455
2148,pop11,1,0.0004439353942871094,0.0
2148,pop43,1,0.0004780292510986328,0.0
2148,pop51,1,0.0005831718444824219,0.0
2148,pop50,1,0.0006005764007568359,0.0
2148,pop44,1,0.0005211830139160156,0.0
2149,pop6,4,0.01887953281402588,0.01833556934858496
2149,pop1,1,0.0005733966827392578,0.0
2149,pop53,2,0.0005965232849121094,1.430511474609375e-06
2149,pop54,2,0.0006085634231567383,0.00012505054473876953
2149,pop47,1,0.0004477500915527344,0.0
2150,pop48,3,0.01182397206624349,0.015943176920610685
2150,pop49,2,0.0004620552062988281,9.775161743164062e-06
2150,pop2,1,0.039899587631225586,0.0
2150,pop52,2,0.0003877878189086914,0.00013339519500732422
2150,pop37,4,0.0005617141723632812,0.00011254051457810616
2150,pop33,1,0.0007469654083251953,0.0
2150,pop32,1,0.0005924701690673828,0.0
2150,pop50,2,0.00045371055603027344,0.0001270771026611328
2150,pop53,1,0.0005221366882324219,0.0
2150,pop55,1,0.0002582073211669922,0.0
2151,pop27,2,0.020479202270507812,0.019825458526611328
2151,pop14,2,0.0005220174789428711,3.4570693969726562e-06
2151,pop24,4,0.0005571246147155762,0.00010659435439599819
2151,pop50,1,0.0008499622344970703,0.0
2151,pop53,1,0.0005924701690673828,0.0
2151,pop1,1,0.0004992485046386719,0.0
2151,pop6,1,0.00044465065002441406,0.0
2152,pop53,2,0.016613364219665527,0.01591050624847412
2152,pop52,2,0.0006219148635864258,0.00013315677642822266
2152,pop48,2,0.01893329620361328,0.018498659133911133
2152,pop49,4,0.0005098581314086914,7.531017973096795e-05
2152,pop3,1,0.000453948974609375,0.0
2152,pop0,1,0.00043320655822753906,0.0
2152,pop1,1,0.0005457401275634766,0.0
2152,pop15,1,0.00047087669372558594,0.0
2153,pop47,5,0.006332778930664062,0.011483557523398953
2153,pop51,1,0.0006008148193359375,0.0
2153,pop19,1,0.0005316734313964844,0.0
2153,pop20,1,0.00046181678771972656,0.0
2154,pop28,2,0.016166090965270996,0.015537142753601074
2154,pop51,2,0.0005474090576171875,4.839897155761719e-05
2154,pop9,4,0.0005150437355041504,9.414173912083644e-05
2154,pop53,1,0.0006048679351806641,0.0
2154,pop1,1,0.0005307197570800781,0.0
2154,pop15,1,0.0005750656127929688,0.0
2155,pop14,5,0.007654237747192383,0.014206700327476127
2155,pop50,1,0.0005228519439697266,0.0
2155,pop16,1,0.0004410743713378906,0.0
2156,pop23,5,0.02351851463317871,0.018766918896673812
2156,pop21,1,0.04062962532043457,0.0
2156,pop24,3,0.01487270991007487,0.020344687414812674
2156,pop14,1,0.0006093978881835938,0.0
2156,pop16,1,0.0004935264587402344,0.0
2156,pop50,2,0.0007898807525634766,0.00013327598571777344
2156,pop17,1,0.04393744468688965,0.0
2156,pop32,1,0.047092437744140625,0.0
2156,pop33,1,0.0005781650543212891,0.0
2157,pop32,5,0.008311796188354491,0.015435405362981396
2157,pop33,1,0.00045108795166015625,0.0
2157,pop50,1,0.0006473064422607422,0.0
2157,pop51,1,0.0005953311920166016,0.0
2157,pop19,1,0.00054931640625,0.0
2157,pop18,1,0.0006210803985595703,0.0
2158,pop44,2,0.017171740531921387,0.016549229621887207
2158,pop45,1,0.00043392181396484375,0.0
2158,pop46,1,0.0004343986511230469,0.0
2158,pop20,6,0.013528188069661459,0.018403305826494968
2158,pop19,4,0.0005015730857849121,3.586689379330168e-05
2158,pop18,2,0.00046753883361816406,6.67572021484375e-06
2158,pop38,1,0.04276299476623535,0.0
2158,pop51,4,0.000548243522644043,9.960219714786676e-06
2158,pop10,2,0.04080796241760254,0.0013611316680908203
2158,pop4,1,0.04056191444396973,0.0
2159,pop41,2,0.01677083969116211,0.016137361526489258
2159,pop40,2,0.017441272735595703,0.016988515853881836
2159,pop43,1,0.000469207763671875,0.0
2159,pop51,4,0.0005329251289367676,1.8096563049323797e-05
2159,pop4,3,0.01227426528930664,0.01655573211200935
2159,pop10,2,0.019450068473815918,0.01895773410797119
2159,pop53,1,0.0005962848663330078,0.0
2159,pop7,1,0.0005640983581542969,0.0
2160,pop6,5,0.007571172714233398,0.014114780174198076
2160,pop1,1,0.0005071163177490234,0.0
2160,pop53,1,0.0006339550018310547,0.0
2160,pop51,1,0.000705718994140625,0.0
2161,pop53,5,0.006625699996948242,0.01189772330171229
2161,pop50,1,0.0007114410400390625,0.0
2161,pop55,1,0.00047206878662109375,0.0
2162,pop28,2,0.016070842742919922,0.015451192855834961
2162,pop51,2,0.0005716085433959961,1.3947486877441406e-05
2162,pop9,4,0.0004926919937133789,4.6547678630224986e-05
2162,pop19,1,0.0006074905395507812,0.0
2162,pop18,1,0.0004892349243164062,0.0
2163,pop18,2,0.017911076545715332,0.017290234565734863
2163,pop19,1,0.0004947185516357422,0.0
2163,pop51,3,0.0005954901377360026,9.140574335610818e-05
2163,pop43,3,0.0005153020222981771,6.652414800843098e-05
2163,pop40,4,0.008735954761505127,0.014210646538451197
2163,pop10,1,0.03770637512207031,0.0
2163,pop11,1,0.00048422813415527344,0.0
2163,pop53,2,0.019037604331970215,0.01835310459136963
2163,pop41,2,0.00055694580078125,7.128715515136719e-05
2163,pop1,1,0.0005369186401367188,0.0
2163,pop6,1,0.00044536590576171875,0.0
2164,pop33,4,0.009333610534667969,0.015132862334496506
2164,pop32,2,0.020542025566101074,0.020084023475646973
2164,pop37,4,0.000539243221282959,0.00010004243229941166
2164,pop50,1,0.0006353855133056641,0.0
2164,pop44,1,0.0004956722259521484,0.0
2165,pop48,4,0.01835840940475464,0.017795555079044744
2165,pop56,2,0.0006862878799438477,6.592273712158203e-05
2165,pop52,1,0.0005097389221191406,0.0
2165,pop53,1,0.0006377696990966797,0.0
2165,pop51,1,0.0005347728729248047,0.0
2165,pop19,1,0.000492095947265625,0.0
2165,pop18,1,0.00047206878662109375,0.0
2166,pop27,3,0.02771870295206706,0.01915808897750431
2166,pop25,1,0.0004742145538330078,0.0
2166,pop17,2,0.0006916522979736328,0.00021314620971679688
2166,pop50,1,0.0007383823394775391,0.0
2166,pop53,1,0.0005519390106201172,0.0
2166,pop47,1,0.000415802001953125,0.0
2167,pop32,5,0.008334922790527343,0.015551625206512884
2167,pop33,1,0.00046634674072265625,0.0
2167,pop50,1,0.0006291866302490234,0.0
2167,pop44,1,0.0004956722259521484,0.0
2168,pop52,6,0.006136337916056315,0.012512315495534653
2168,pop55,1,0.029713153839111328,0.0
2168,pop53,1,0.0006649494171142578,0.0
2168,pop51,1,0.0006067752838134766,0.0
2169,pop10,4,0.02656155824661255,0.015017097648646578
2169,pop51,3,0.0006315708160400391,3.964493071631405e-05
2169,pop4,2,0.018738508224487305,0.018230199813842773
2169,pop11,1,0.0004668235778808594,0.0
2169,pop43,1,0.0004935264587402344,0.0
2169,pop53,2,0.0006047487258911133,5.5670738220214844e-05
2169,pop1,1,0.00048661231994628906,0.0
2169,pop15,1,0.0004467964172363281,0.0
2170,pop16,3,0.01174616813659668,0.015915260334287258
2170,pop23,2,0.020261764526367188,0.019753456115722656
2170,pop24,3,0.02851255734761556,0.01985837599992483
2170,pop14,1,0.0006768703460693359,0.0
2170,pop50,2,0.0009311437606811523,0.0001913309097290039
2170,pop44,1,0.0005464553833007812,0.0
2170,pop27,2,0.0005202293395996094,4.792213439941406e-05
2170,pop25,3,0.000467379887898763,1.800897787988132e-05
2170,pop17,3,0.0006016095479329427,0.00017258445955747477
2171,pop56,5,0.0077839851379394535,0.014466145180008298
2171,pop48,1,0.0004749298095703125,0.0
2171,pop52,1,0.0005159378051757812,0.0
2171,pop53,1,0.0006005764007568359,0.0
2171,pop1,1,0.0005195140838623047,0.0
2171,pop15,1,0.0004394054412841797,0.0
2172,pop9,5,0.006686162948608398,0.012211661093550624
2172,pop51,1,0.0005755424499511719,0.0
2172,pop50,1,0.0007030963897705078,0.0
2172,pop35,1,0.00039839744567871094,0.0
2173,pop41,3,0.01173702875773112,0.015767559019134215
2173,pop40,4,0.0005326271057128906,9.052907599823781e-05
2173,pop53,1,0.0005993843078613281,0.0
2173,pop50,1,0.0005292892456054688,0.0
2173,pop44,1,0.0005755424499511719,0.0
2174,pop28,2,0.016225457191467285,0.015599370002746582
2174,pop51,1,0.0005714893341064453,0.0
2174,pop43,1,0.00047707557678222656,0.0
2174,pop40,3,0.012587388356526693,0.016992060262364314
2174,pop41,1,0.0004863739013671875,0.0
2174,pop53,2,0.0005664825439453125,4.601478576660156e-05
2174,pop52,2,0.0009115934371948242,0.0003286600112915039
2174,pop54,1,0.0004994869232177734,0.0
2174,pop47,1,0.00043392181396484375,0.0
2175,pop57,2,0.01972019672393799,0.019094347953796387
2175,pop56,1,0.03972673416137695,0.0
2175,pop48,1,0.0005037784576416016,0.0
2175,pop52,4,0.0005831718444824219,0.00011044443132146559
2175,pop53,1,0.0005862712860107422,0.0
2175,pop1,1,0.0006299018859863281,0.0
2175,pop6,1,0.0004456043243408203,0.0
2176,pop24,5,0.008603763580322266,0.015975855702906782
2176,pop14,1,0.0005040168762207031,0.0
2176,pop50,1,0.0005209445953369141,0.0
2176,pop35,1,0.0005748271942138672,0.0
2177,pop50,5,0.007541799545288086,0.013533789890009208
2177,pop17,3,0.028368234634399414,0.01986238010146455
2177,pop55,1,0.03328132629394531,0.0
2177,pop44,3,0.0005017121632893881,1.3876607631503518e-05
2177,pop27,1,0.0005137920379638672,0.0
2177,pop25,1,0.0004818439483642578,0.0
2178,pop42,2,0.017177462577819824,0.01654231548309326
2178,pop43,1,0.0004546642303466797,0.0
2178,pop40,1,0.03452563285827637,0.0
2178,pop41,1,0.0004963874816894531,0.0
2178,pop53,1,0.0005781650543212891,0.0
2178,pop54,1,0.03450512886047363,0.0
2178,pop52,1,0.0006244182586669922,0.0
2178,pop12,4,0.0005108118057250977,8.272961510469781e-05
2179,pop37,4,0.00785607099533081,0.0125127359310809
2179,pop33,1,0.00045228004455566406,0.0
2179,pop50,1,0.0005440711975097656,0.0
2179,pop51,1,0.0006024837493896484,0.0
2179,pop19,1,0.0005004405975341797,0.0
2179,pop18,1,0.0005877017974853516,0.0
2180,pop38,4,0.010217666625976562,0.01674217245087007
2180,pop18,1,0.0004589557647705078,0.0
2180,pop19,1,0.0005333423614501953,0.0
2180,pop51,1,0.0005946159362792969,0.0
2181,pop39,2,0.016498208045959473,0.015889286994934082
2181,pop44,1,0.00047969818115234375,0.0
2181,pop50,3,0.0006342728932698568,1.0849719098912397e-05
2181,pop17,2,0.020531058311462402,0.020047307014465332
2181,pop55,1,0.035388946533203125,0.0
2181,pop52,2,0.020223140716552734,0.019731521606445312
2181,pop48,2,0.0005786418914794922,0.00011968612670898438
2181,pop53,1,0.0005679130554199219,0.0
2181,pop14,1,0.0005509853363037109,0.0
2181,pop24,1,0.00046753883361816406,0.0
2182,pop33,3,0.012440999348958334,0.016724151522049542
2182,pop37,3,0.0005137920379638672,7.639743818865948e-05
2182,pop32,1,0.0005035400390625,0.0
2182,pop50,1,0.0006260871887207031,0.0
2182,pop44,1,0.0006341934204101562,0.0
2183,pop48,4,0.009280860424041748,0.015011184258386155
2183,pop52,1,0.0006091594696044922,0.0
2183,pop53,1,0.0005800724029541016,0.0
2183,pop51,1,0.0008959770202636719,0.0
2183,pop43,1,0.00047779083251953125,0.0
2183,pop11,1,0.00045490264892578125,0.0
2183,pop10,1,0.0004916191101074219,0.0
2184,pop9,5,0.006777381896972657,0.012322099162061822
2184,pop51,1,0.0005748271942138672,0.0
2184,pop53,1,0.0006225109100341797,0.0
2184,pop1,1,0.0006754398345947266,0.0
2184,pop6,1,0.0004169940948486328,0.0
2185,pop36,2,0.015608549118041992,0.015009403228759766
2185,pop51,1,0.0005295276641845703,0.0
2185,pop43,1,0.0005397796630859375,0.0
2185,pop40,1,0.035521507263183594,0.0
2185,pop41,1,0.0004723072052001953,0.0
2185,pop53,3,0.0006248950958251953,6.181374300750899e-05
2185,pop50,5,0.0006642818450927734,0.00019297685215305906
2185,pop17,1,0.043347835540771484,0.0
2185,pop32,1,0.049571990966796875,0.0
2185,pop33,3,0.00045871734619140625,0.00026890198454398214
2185,pop52,1,0.0009474754333496094,0.0
2185,pop37,3,0.00029587745666503906,5.859893465035234e-05
2185,pop16,1,0.0004954338073730469,0.0
2186,pop52,2,0.017474889755249023,0.016818761825561523
2186,pop55,4,0.0005325675010681152,9.369567676950093e-05
2186,pop50,1,0.0006732940673828125,0.0
2186,pop51,1,0.0005819797515869141,0.0
2186,pop19,1,0.0005314350128173828,0.0
2186,pop18,1,0.00045228004455566406,0.0
2187,pop41,2,0.017554879188537598,0.016914725303649902
2187,pop40,4,0.0005534887313842773,0.0001152972010386753
2187,pop43,1,0.0005316734313964844,0.0
2187,pop51,1,0.0006453990936279297,0.0
2187,pop19,1,0.0006117820739746094,0.0
2187,pop18,1,0.0004885196685791016,0.0
2188,pop24,4,0.010684728622436523,0.017448223982788284
2188,pop14,1,0.0005340576171875,0.0
2188,pop50,1,0.0005843639373779297,0.0
2188,pop51,1,0.0005595684051513672,0.0
2188,pop19,1,0.0005419254302978516,0.0
2188,pop20,1,0.00047397613525390625,0.0
2189,pop22,4,0.016361117362976074,0.01582215088612623
2189,pop51,1,0.0006191730499267578,0.0
2189,pop50,2,0.0006375312805175781,1.5735626220703125e-05
2189,pop17,2,0.0006091594696044922,7.653236389160156e-05
2189,pop53,1,0.0005271434783935547,0.0
2189,pop52,1,0.00047278404235839844,0.0
2190,pop30,2,0.016113996505737305,0.015478849411010742
2190,pop31,1,0.0004687309265136719,0.0
2190,pop17,3,0.0005819797515869141,8.04591175714846e-05
2190,pop50,1,0.0006887912750244141,0.0
2190,pop53,1,0.0006468296051025391,0.0
2190,pop1,1,0.0004830360412597656,0.0
2190,pop6,1,0.00043320655822753906,0.0
2191,pop31,2,0.016914010047912598,0.016256213188171387
2191,pop17,3,0.014809528986612955,0.020218577378448607
2191,pop50,3,0.0006620883941650391,4.900106027723384e-05
2191,pop44,1,0.041697025299072266,0.0
2191,pop33,2,0.0005069971084594727,2.014636993408203e-05
2191,pop32,2,0.0006241798400878906,0.0001251697540283203
2191,pop51,1,0.0005986690521240234,0.0
2191,pop19,1,0.0005381107330322266,0.0
2191,pop20,1,0.0006103515625,0.0
2192,pop23,3,0.02655816078186035,0.018323955017411565
2192,pop24,3,0.0004859765370686849,1.4795191451871878e-05
2193,pop6,3,0.025287548700968426,0.017535584260953887
2193,pop1,1,0.0004949569702148438,0.0
2193,pop53,2,0.0007768869400024414,0.00012505054473876953
2193,pop54,1,0.03486275672912598,0.0
2193,pop52,2,0.0005186796188354492,1.3232231140136719e-05
2193,pop12,3,0.0005468527475992838,0.00011110720765418533
2193,pop51,1,0.0006880760192871094,0.0
2193,pop50,1,0.0006530284881591797,0.0
2193,pop14,1,0.0005283355712890625,0.0
2193,pop24,1,0.00046181678771972656,0.0
2194,pop53,4,0.008588731288909912,0.013656469605799389
2194,pop1,1,0.000518798828125,0.0
2194,pop6,1,0.0005745887756347656,0.0
2195,pop37,5,0.006359386444091797,0.011584307768585532
2195,pop33,1,0.0005023479461669922,0.0
2195,pop50,1,0.0006625652313232422,0.0
2195,pop51,1,0.0005574226379394531,0.0
2195,pop10,1,0.00047898292541503906,0.0
2196,pop38,5,0.008294963836669922,0.01544881051426749
2196,pop18,1,0.0004622936248779297,0.0
2196,pop19,1,0.0005450248718261719,0.0
2196,pop51,1,0.0006039142608642578,0.0
2196,pop50,1,0.0006022453308105469,0.0
2196,pop35,1,0.0004227161407470703,0.0
2197,pop39,3,0.0119169553120931,0.016067469104340915
2197,pop38,1,0.03979325294494629,0.0
2197,pop44,1,0.03921341896057129,0.0
2197,pop50,2,0.0006530284881591797,9.5367431640625e-06
2197,pop14,4,0.000571131706237793,8.428535153266074e-05
2197,pop53,1,0.0005357265472412109,0.0
2197,pop1,1,0.0005440711975097656,0.0
2197,pop6,1,0.0004553794860839844,0.0
2198,pop9,4,0.017104804515838623,0.016550963957583403
2198,pop51,2,0.0005893707275390625,2.2411346435546875e-05
2198,pop10,1,0.03891801834106445,0.0
2198,pop50,2,0.0006968975067138672,0.0003495216369628906
2198,pop14,2,0.00038111209869384766,0.0001169443130493164
2198,pop27,1,0.0004680156707763672,0.0
2198,pop25,1,0.000499725341796875,0.0
2198,pop17,2,0.0007189512252807617,0.0002187490463256836
2198,pop31,1,0.00024080276489257812,0.0
2198,pop30,1,0.000247955322265625,0.0
2198,pop48,1,0.00027561187744140625,0.0
2198,pop52,1,0.0004611015319824219,0.0
2198,pop55,1,0.0002694129943847656,0.0
2198,pop24,1,0.00027298927307128906,0.0
2199,pop41,3,0.012017488479614258,0.016224719635485295
2199,pop40,3,0.000610192616780599,2.674424094249299e-05
2199,pop53,1,0.0006098747253417969,0.0
2199,pop52,1,0.0005474090576171875,0.0
2200,pop24,5,0.008572578430175781,0.015957962552077758
2200,pop14,1,0.0005276203155517578,0.0
2200,pop50,1,0.00067901611328125,0.0
2200,pop53,1,0.0006091594696044922,0.0
2200,pop7,1,0.0004508495330810547,0.0
2201,pop40,4,0.008747994899749756,0.014135393528414393
2201,pop41,1,0.0004591941833496094,0.0
2201,pop53,1,0.0005762577056884766,0.0
2201,pop50,1,0.0006036758422851562,0.0
2201,pop44,1,0.0004687309265136719,0.0
2202,pop55,2,0.01573050022125244,0.015090346336364746
2202,pop52,2,0.0005199909210205078,3.1948089599609375e-05
2202,pop48,4,0.01046442985534668,0.017225743640252828
2202,pop56,2,0.0005077123641967773,2.3484230041503906e-05
2203,pop21,4,0.02133810520172119,0.020793101095572218
2203,pop22,1,0.0005772113800048828,0.0
2203,pop23,2,0.0005049705505371094,2.6226043701171875e-06
2203,pop24,2,0.0004887580871582031,4.5299530029296875e-06
2203,pop16,1,0.0004374980926513672,0.0
2204,pop4,4,0.009162545204162598,0.014843701466621902
2204,pop51,1,0.0005810260772705078,0.0
2204,pop19,1,0.000499725341796875,0.0
2204,pop18,1,0.00046253204345703125,0.0
2205,pop27,5,0.008340740203857422,0.015612037467277835
2205,pop25,1,0.0004749298095703125,0.0
2205,pop17,1,0.0005037784576416016,0.0
2205,pop50,1,0.0006346702575683594,0.0
2205,pop16,1,0.0004451274871826172,0.0
2206,pop32,5,0.008218669891357422,0.015307178878095185
2206,pop33,1,0.00046896934509277344,0.0
2206,pop50,1,0.0006461143493652344,0.0
2206,pop51,1,0.0005710124969482422,0.0
2206,pop19,1,0.0005326271057128906,0.0
2206,pop18,1,0.0004620552062988281,0.0
2207,pop22,5,0.006620073318481445,0.012164019711382137
2207,pop51,1,0.0005028247833251953,0.0
2208,pop30,2,0.014989972114562988,0.014375805854797363
2208,pop31,1,0.0006277561187744141,0.0
2208,pop17,2,0.02047586441040039,0.019963502883911133
2208,pop50,3,0.0006268024444580078,1.5273682954832997e-05
2208,pop55,2,0.01810276508331299,0.017579197883605957
2208,pop33,2,0.0005470514297485352,9.071826934814453e-05
2208,pop32,3,0.0004787445068359375,3.586172617038247e-05
2208,pop44,1,0.0004968643188476562,0.0
2209,pop37,5,0.00641942024230957,0.011669647257669103
2209,pop52,1,0.000507354736328125,0.0
2209,pop53,1,0.0006158351898193359,0.0
2209,pop7,1,0.0004169940948486328,0.0
2210,pop10,2,0.016495347023010254,0.01587831974029541
2210,pop51,1,0.001058816909790039,0.0
2211,pop16,2,0.017687320709228516,0.017063617706298828
2211,pop23,2,0.02060723304748535,0.0200960636138916
2211,pop24,2,0.0005700588226318359,0.00012922286987304688
2211,pop14,1,0.0006511211395263672,0.0
2211,pop50,1,0.0005497932434082031,0.0
2211,pop51,1,0.0005311965942382812,0.0
2211,pop19,1,0.0005228519439697266,0.0
2211,pop20,1,0.00045490264892578125,0.0
2212,pop56,4,0.019939839839935303,0.01941397300269998
2212,pop48,2,0.0006194114685058594,3.910064697265625e-05
2212,pop52,1,0.0005116462707519531,0.0
2212,pop55,1,0.00046515464782714844,0.0
2213,pop28,2,0.016522765159606934,0.015905261039733887
2213,pop51,2,0.0005429983139038086,2.3484230041503906e-05
2213,pop4,1,0.03780198097229004,0.0
2213,pop53,2,0.018030881881713867,0.01744365692138672
2213,pop52,4,0.0006147027015686035,0.00012443330086859945
2213,pop47,1,0.0004227161407470703,0.0
2214,pop23,5,0.008263921737670899,0.015465810292274325
2214,pop24,1,0.0004913806915283203,0.0
2215,pop53,3,0.02305738131205241,0.01581071639676328
2215,pop51,4,0.0005003213882446289,0.00011609020252990946
2215,pop4,1,0.03664660453796387,0.0
2215,pop19,3,0.0004638830820719401,0.00012683455102762857
2215,pop20,2,0.02001166343688965,0.019753217697143555
2215,pop50,2,0.0006483793258666992,1.1801719665527344e-05
2215,pop17,2,0.02368760108947754,0.023159027099609375
2215,pop25,1,0.0004508495330810547,0.0
2215,pop27,1,0.0005128383636474609,0.0
2215,pop44,1,0.0004763603210449219,0.0
2215,pop55,1,0.019812822341918945,0.0
2215,pop52,2,0.0004609823226928711,0.00018084049224853516
2216,pop38,2,0.019902825355529785,0.019278645515441895
2216,pop39,1,0.00044155120849609375,0.0
2216,pop44,1,0.040021657943725586,0.0
2216,pop50,2,0.000592350959777832,2.8014183044433594e-05
2216,pop14,3,0.01525441805521647,0.020818926483042663
2216,pop24,3,0.0006187756856282552,0.00012453049701745204
2216,pop53,1,0.0006558895111083984,0.0
2216,pop1,1,0.0005707740783691406,0.0
2216,pop15,1,0.0005033016204833984,0.0
2217,pop9,4,0.008756637573242188,0.014282073643688617
2217,pop51,1,0.0005660057067871094,0.0
2217,pop10,1,0.00047135353088378906,0.0
2218,pop40,3,0.022310256958007812,0.015389628582421848
2218,pop41,1,0.0005946159362792969,0.0
2218,pop53,3,0.0006728967030843099,9.779702917632504e-05
2218,pop50,1,0.0005979537963867188,0.0
2218,pop14,1,0.0005314350128173828,0.0
2218,pop24,1,0.0004875659942626953,0.0
2219,pop4,2,0.017027854919433594,0.016423940658569336
2219,pop51,1,0.000965118408203125,0.0
2220,pop8,2,0.01649951934814453,0.015909433364868164
2220,pop51,2,0.0005546808242797852,2.4437904357910156e-05
2220,pop4,1,0.034345388412475586,0.0
2220,pop53,4,0.019234836101531982,0.018698811332615275
2220,pop41,2,0.00046956539154052734,7.271766662597656e-06
2220,pop40,1,0.03671598434448242,0.0
2220,pop50,2,0.0005851984024047852,4.8279762268066406e-05
2220,pop17,2,0.0005611181259155273,7.18832015991211e-05
2220,pop14,1,0.0004990100860595703,0.0
2220,pop24,1,0.0005047321319580078,0.0
2221,pop45,3,0.012427965799967447,0.016797862811557776
2221,pop44,4,0.000595390796661377,0.00018775817890448213
2221,pop46,1,0.0004756450653076172,0.0
2221,pop20,1,0.0005011558532714844,0.0
2221,pop19,1,0.0005037784576416016,0.0
2221,pop51,1,0.0005586147308349609,0.0
2221,pop53,1,0.0005886554718017578,0.0
2221,pop1,1,0.0005400180816650391,0.0
2221,pop15,1,0.00044846534729003906,0.0
2222,pop46,2,0.017300844192504883,0.01667928695678711
2222,pop20,1,0.03640151023864746,0.0
2222,pop19,1,0.0005354881286621094,0.0
2222,pop51,2,0.000624537467956543,8.499622344970703e-05
2222,pop4,2,0.01916635036468506,0.018690943717956543
2222,pop53,5,0.015997552871704103,0.01898347320612965
2222,pop54,1,0.035558462142944336,0.0
2222,pop1,2,0.0005458593368530273,1.4185905456542969e-05
2222,pop6,1,0.047739505767822266,0.0
2222,pop41,2,0.0005420446395874023,8.237361907958984e-05
2222,pop40,2,0.0005974769592285156,0.00011086463928222656
2222,pop50,1,0.00033473968505859375,0.0
2222,pop14,1,0.0004210472106933594,0.0
2222,pop24,1,0.0002465248107910156,0.0
2223,pop57,2,0.020466089248657227,0.019849300384521484
2223,pop56,4,0.0005797147750854492,0.00011971004929014643
2223,pop48,1,0.0004591941833496094,0.0
2223,pop52,1,0.00046324729919433594,0.0
2223,pop53,1,0.0005970001220703125,0.0
2223,pop47,1,0.0004208087921142578,0.0
2224,pop50,4,0.009385287761688232,0.01516329931186484
2224,pop44,1,0.03573942184448242,0.0
2224,pop45,1,0.0006260871887207031,0.0
2224,pop46,1,0.0006229877471923828,0.0
2224,pop20,1,0.0004744529724121094,0.0
2224,pop19,1,0.0005161762237548828,0.0
2224,pop51,1,0.0005872249603271484,0.0
2224,pop14,2,0.02270352840423584,0.022201180458068848
2224,pop24,4,0.000529170036315918,9.614249526213457e-05
2224,pop53,1,0.0005691051483154297,0.0
2224,pop1,1,0.0004956722259521484,0.0
2224,pop15,1,0.0004162788391113281,0.0
2225,pop48,5,0.00760502815246582,0.014083994699510157
2225,pop49,2,0.019526362419128418,0.01901090145111084
2225,pop52,1,0.0006644725799560547,0.0
2225,pop53,1,0.0006384849548339844,0.0
2225,pop1,1,0.0005125999450683594,0.0
2225,pop15,1,0.0004341602325439453,0.0
2226,pop21,2,0.021062493324279785,0.020432353019714355
2226,pop23,1,0.04009580612182617,0.0
2226,pop24,4,0.011356770992279053,0.01878365358478878
2226,pop14,2,0.021221637725830078,0.020740270614624023
2226,pop50,1,0.0005497932434082031,0.0
2226,pop51,1,0.0005993843078613281,0.0
2227,pop30,2,0.016211509704589844,0.015570640563964844
2227,pop48,5,0.00941166877746582,0.017761800526694335
2227,pop49,4,0.022641479969024658,0.022198292709552092
2227,pop2,3,0.03142499923706055,0.022148513202255006
2227,pop52,2,0.01989436149597168,0.0195925235748291
2227,pop56,1,0.0004718303680419922,0.0
2227,pop53,1,0.0003268718719482422,0.0
2227,pop51,1,0.00028228759765625,0.0
2227,pop19,1,0.0002765655517578125,0.0
2227,pop18,1,0.0002410411834716797,0.0
2228,pop47,5,0.0064467906951904295,0.011829710988404032
2228,pop53,1,0.0005922317504882812,0.0
2228,pop7,1,0.0004582405090332031,0.0
2229,pop36,2,0.016885995864868164,0.016286134719848633
2229,pop51,2,0.0006371736526489258,6.783008575439453e-05
2229,pop9,4,0.0004851222038269043,3.3618446329969676e-05
2230,pop52,2,0.017898201942443848,0.01725471019744873
2230,pop37,4,0.0005199313163757324,7.09278994060889e-05
2230,pop33,1,0.0006451606750488281,0.0
2230,pop32,1,0.0004935264587402344,0.0
2230,pop50,1,0.0005815029144287109,0.0
2230,pop16,1,0.0005018711090087891,0.0
2231,pop10,2,0.017332077026367188,0.0167081356048584
2231,pop51,1,0.0009710788726806641,0.0
2232,pop28,2,0.015973210334777832,0.015362858772277832
2232,pop51,2,0.0005918741226196289,4.9948692321777344e-05
2232,pop4,2,0.019771575927734375,0.01931476593017578
2232,pop43,1,0.00045490264892578125,0.0
2232,pop40,2,0.019184112548828125,0.01856684684753418
2232,pop41,1,0.000461578369140625,0.0
2232,pop53,2,0.020084738731384277,0.01933467388153076
2232,pop1,2,0.0005068778991699219,6.198883056640625e-06
2232,pop6,2,0.0005033016204833984,5.054473876953125e-05
2232,pop50,1,0.0005743503570556641,0.0
2232,pop55,1,0.0004630088806152344,0.0
2233,pop23,3,0.025751034418741863,0.01777520803829669
2233,pop24,2,0.02157580852508545,0.02095186710357666
2233,pop14,1,0.0006737709045410156,0.0
2233,pop50,3,0.0006594657897949219,4.708067725374096e-05
2233,pop17,1,0.043209075927734375,0.0
2233,pop55,1,0.03539228439331055,0.0
2233,pop52,2,0.0007039308547973633,0.0001634359359741211
2233,pop53,1,0.0008478164672851562,0.0
2233,pop51,1,0.000606536865234375,0.0
2233,pop16,1,0.00045680999755859375,0.0
2234,pop9,5,0.006894159317016602,0.012600113338384258
2235,pop4,4,0.01717197895050049,0.016656366981658684
2235,pop51,2,0.0005908012390136719,7.62939453125e-06
2235,pop10,1,0.035222530364990234,0.0
2235,pop53,2,0.01929652690887451,0.018616557121276855
2235,pop52,2,0.0006475448608398438,3.814697265625e-05
2235,pop1,1,0.0005421638488769531,0.0
2235,pop15,1,0.00044274330139160156,0.0
2236,pop21,4,0.02132284641265869,0.020770750576429513
2236,pop23,2,0.0006399154663085938,7.867813110351562e-06
2236,pop16,1,0.0004639625549316406,0.0
2236,pop50,1,0.0006964206695556641,0.0
2236,pop53,1,0.0005695819854736328,0.0
2236,pop52,1,0.0006387233734130859,0.0
2237,pop14,3,0.01326290766398112,0.0176671354133087
2237,pop50,3,0.0006963411966959635,0.00017311064271471072
2237,pop16,1,0.0005342960357666016,0.0
2237,pop23,1,0.00048732757568359375,0.0
2237,pop24,2,0.02278590202331543,0.022311687469482422
2237,pop44,1,0.041204214096069336,0.0
2237,pop32,1,0.050191640853881836,0.0
2237,pop33,1,0.0006070137023925781,0.0
2238,pop44,3,0.024596452713012695,0.016937850252014195
2238,pop50,2,0.0006468296051025391,2.1457672119140625e-06
2238,pop17,2,0.0006378889083862305,0.00011909008026123047
2238,pop51,1,0.0005857944488525391,0.0
2238,pop10,1,0.0005962848663330078,0.0
2239,pop6,5,0.008189821243286132,0.015251210513418989
2239,pop1,1,0.0005156993865966797,0.0
2239,pop53,1,0.0005621910095214844,0.0
2239,pop52,1,0.00047326087951660156,0.0
2239,pop34,1,0.00044798851013183594,0.0
2239,pop35,1,0.00041103363037109375,0.0
2240,pop39,2,0.01815211772918701,0.017520785331726074
2240,pop44,2,0.020407676696777344,0.0199124813079834
2240,pop50,1,0.0006527900695800781,0.0
2240,pop55,3,0.024751981099446613,0.017298854947796462
2240,pop52,5,0.007973623275756837,0.014860436106382978
2240,pop48,2,0.021770358085632324,0.021279215812683105
2240,pop49,1,0.045250892639160156,0.0
2241,pop41,2,0.01802957057952881,0.017384648323059082
2241,pop53,1,0.0007278919219970703,0.0
2241,pop52,3,0.0005590915679931641,2.938712498605417e-05
2241,pop55,1,0.0004520416259765625,0.0
2242,pop45,2,0.01872718334197998,0.018098950386047363
2242,pop44,1,0.03792524337768555,0.0
2242,pop50,4,0.0006426572799682617,6.139695051555248e-05
2242,pop33,2,0.0005105733871459961,1.0132789611816406e-05
2242,pop32,2,0.021741271018981934,0.021250367164611816
2242,pop55,3,0.02554186185201009,0.017915586849242503
2242,pop17,2,0.023523688316345215,0.02285301685333252
2242,pop25,2,0.0004742145538330078,1.2874603271484375e-05
2242,pop27,1,0.0006802082061767578,0.0
2242,pop52,3,0.0003372033437093099,4.9447704201000615e-05
2242,pop54,1,0.020844459533691406,0.0
2242,pop13,2,0.0003758668899536133,8.344650268554688e-07
2242,pop53,1,0.0004699230194091797,0.0
2242,pop51,1,0.00032973289489746094,0.0
2242,pop10,1,0.0003695487976074219,0.0
2243,pop46,2,0.01756596565246582,0.01694035530090332
2243,pop45,1,0.0005240440368652344,0.0
2243,pop44,2,0.0193178653717041,0.018860816955566406
2243,pop50,2,0.000613093376159668,9.644031524658203e-05
2243,pop17,1,0.04073309898376465,0.0
2243,pop25,1,0.0004923343658447266,0.0
2243,pop27,1,0.0005719661712646484,0.0
2243,pop53,3,0.013590653737386068,0.018548579030491442
2243,pop52,4,0.0003914833068847656,0.00012301104869379454
2243,pop48,2,0.023984789848327637,0.023444294929504395
2243,pop54,1,0.04059243202209473,0.0
2243,pop12,2,0.00040161609649658203,0.00013768672943115234
2243,pop51,1,0.0003275871276855469,0.0
2243,pop10,1,0.0002532005310058594,0.0
2244,pop30,2,0.015413284301757812,0.014792442321777344
2244,pop48,2,0.0005646944046020508,6.568431854248047e-05
2244,pop56,3,0.0005064805348714193,2.306986378066235e-05
2244,pop52,1,0.0005235671997070312,0.0
2244,pop55,1,0.0004596710205078125,0.0
2245,pop36,2,0.016949176788330078,0.01632857322692871
2245,pop51,3,0.00058746337890625,4.278578451549107e-05
2245,pop4,1,0.03704357147216797,0.0
2245,pop10,3,0.0005462169647216797,7.906754771664693e-05
2245,pop50,1,0.0006465911865234375,0.0
2245,pop16,1,0.0004699230194091797,0.0
2246,pop10,2,0.01737689971923828,0.016751527786254883
2246,pop51,1,0.0007135868072509766,0.0
2246,pop50,3,0.0006505648295084635,4.6701784954619105e-05
2246,pop44,1,0.0370938777923584,0.0
2246,pop17,1,0.04110288619995117,0.0
2246,pop55,1,0.03454399108886719,0.0
2246,pop52,2,0.019255876541137695,0.01871180534362793
2246,pop13,2,0.021202802658081055,0.020715951919555664
2246,pop54,3,0.0005450248718261719,5.676599002918965e-05
2246,pop53,1,0.0005621910095214844,0.0
2246,pop1,1,0.000522613525390625,0.0
2246,pop6,1,0.0004673004150390625,0.0
2247,pop18,2,0.019606471061706543,0.018990397453308105
2247,pop38,4,0.0005623102188110352,6.886552581961405e-05
2247,pop39,1,0.0004642009735107422,0.0
2247,pop44,1,0.00047969818115234375,0.0
2248,pop55,3,0.021314303080240887,0.0146375082035679
2248,pop52,2,0.0005240440368652344,1.8835067749023438e-05
2248,pop48,2,0.019402146339416504,0.018912434577941895
2248,pop56,2,0.02138650417327881,0.020886778831481934
2248,pop2,2,0.0005669593811035156,9.679794311523438e-05
2248,pop49,1,0.00045752525329589844,0.0
2248,pop53,1,0.0006234645843505859,0.0
2248,pop1,1,0.0004775524139404297,0.0
2248,pop15,1,0.00044608116149902344,0.0
2249,pop22,4,0.008653581142425537,0.013974371288690007
2249,pop51,1,0.0005629062652587891,0.0
2249,pop47,1,0.0004267692565917969,0.0
2250,pop37,4,0.007501959800720215,0.01198205548021779
2250,pop52,1,0.0007843971252441406,0.0
2250,pop54,1,0.0004432201385498047,0.0
2250,pop53,1,0.0006556510925292969,0.0
2250,pop7,1,0.0004239082336425781,0.0
2251,pop23,5,0.008343744277954101,0.015505329884728698
2251,pop16,1,0.0004506111145019531,0.0
2251,pop50,1,0.0007183551788330078,0.0
2251,pop35,1,0.0004210472106933594,0.0
2252,pop21,2,0.020243406295776367,0.019634008407592773
2252,pop23,1,0.0004951953887939453,0.0
2252,pop24,1,0.041669607162475586,0.0
2253,pop44,2,0.018099069595336914,0.017218589782714844
2253,pop45,1,0.0004937648773193359,0.0
2253,pop46,1,0.0004639625549316406,0.0
2253,pop20,1,0.0004763603210449219,0.0
2253,pop19,1,0.00046443939208984375,0.0
2253,pop51,1,0.0005042552947998047,0.0
2253,pop50,3,0.0006253719329833984,5.5561590033991425e-05
2253,pop14,2,0.022766470909118652,0.021996378898620605
2253,pop24,4,0.0005120635032653809,6.20251271923054e-05
2253,pop23,1,0.0004894733428955078,0.0
2253,pop16,1,0.0004913806915283203,0.0
2253,pop53,1,0.0008122920989990234,0.0
2253,pop55,1,0.0005548000335693359,0.0
2253,pop52,1,0.00028061866760253906,0.0
2254,pop41,3,0.01165318489074707,0.01573542733981904
2254,pop40,3,0.0005273818969726562,5.756743189684321e-05
2254,pop53,1,0.0005784034729003906,0.0
2254,pop1,1,0.0005099773406982422,0.0
2254,pop15,1,0.00042819976806640625,0.0
2255,pop45,3,0.01270294189453125,0.01710100088594772
2255,pop44,1,0.0007512569427490234,0.0
2255,pop46,1,0.0005242824554443359,0.0
2255,pop20,1,0.0004813671112060547,0.0
2255,pop19,2,0.000489354133605957,1.8715858459472656e-05
2255,pop51,2,0.0006694793701171875,4.76837158203125e-05
2255,pop50,3,0.0006202061971028646,6.030194053270028e-05
2255,pop14,3,0.01533214251200358,0.020858826833108142
2255,pop17,2,0.0006818771362304688,1.7642974853515625e-05
2255,pop18,1,0.0005011558532714844,0.0
2256,pop10,2,0.017579078674316406,0.01693248748779297
2256,pop51,1,0.0006365776062011719,0.0
2256,pop53,1,0.0006260871887207031,0.0
2256,pop54,4,0.0005726218223571777,8.140473674059602e-05
2256,pop52,1,0.0005145072937011719,0.0
2257,pop16,3,0.012205839157104492,0.01648696458928752
2257,pop23,3,0.0006021658579508463,5.31669273607298e-05
2257,pop50,1,0.0006182193756103516,0.0
2257,pop53,1,0.0006272792816162109,0.0
2257,pop52,1,0.0004634857177734375,0.0
2258,pop38,5,0.00832667350769043,0.01544705294831827
2258,pop18,1,0.0005762577056884766,0.0
2258,pop19,1,0.0005538463592529297,0.0
2258,pop51,1,0.0006058216094970703,0.0
2258,pop50,1,0.0006051063537597656,0.0
2258,pop35,1,0.0004553794860839844,0.0
2259,pop14,5,0.007980918884277344,0.014776127166478605
2259,pop24,3,0.03060126304626465,0.02138090335986993
2259,pop50,2,0.0006299018859863281,0.00013709068298339844
2259,pop17,1,0.04049992561340332,0.0
2259,pop25,1,0.000484466552734375,0.0
2259,pop27,1,0.0004572868347167969,0.0
2259,pop23,1,0.0006451606750488281,0.0
2259,pop16,1,0.00048351287841796875,0.0
2259,pop55,1,0.03820466995239258,0.0
2259,pop52,2,0.02273237705230713,0.022465825080871582
2259,pop12,3,0.000453948974609375,5.496500633336448e-05
2259,pop53,1,0.00032210350036621094,0.0
2259,pop1,1,0.0002827644348144531,0.0
2259,pop6,1,0.0002512931823730469,0.0
2260,pop6,5,0.008243465423583984,0.015384060445211139
2260,pop1,1,0.000545501708984375,0.0
2260,pop53,1,0.0009882450103759766,0.0
2260,pop50,1,0.0005908012390136719,0.0
2260,pop35,1,0.00042319297790527344,0.0
2261,pop36,2,0.017017722129821777,0.016403555870056152
2261,pop51,3,0.0006475448608398438,9.433806721645361e-05
2261,pop4,3,0.013726631800333658,0.018726585660273555
2261,pop19,3,0.0005118052164713541,1.89662275221524e-05
2261,pop20,1,0.0430905818939209,0.0
2261,pop18,2,0.0005872249603271484,6.4373016357421875e-06
2261,pop38,2,0.0005195140838623047,2.0742416381835938e-05
2261,pop10,1,0.00024080276489257812,0.0
2262,pop55,2,0.0159834623336792,0.015349507331848145
2262,pop52,2,0.0005009174346923828,1.3828277587890625e-05
2262,pop37,3,0.0005296866099039713,8.270280436428045e-05
2262,pop34,1,0.00044035911560058594,0.0
2262,pop35,1,0.0004515647888183594,0.0
2263,pop41,2,0.01812565326690674,0.017484307289123535
2263,pop53,1,0.000667572021484375,0.0
2263,pop52,3,0.0006833871205647787,0.00014386598435950715
2263,pop55,1,0.0004680156707763672,0.0
2263,pop50,1,0.0006911754608154297,0.0
2263,pop44,1,0.00046634674072265625,0.0
2264,pop10,2,0.017610907554626465,0.01695835590362549
2264,pop51,2,0.0005737543106079102,3.802776336669922e-05
2264,pop4,2,0.01922464370727539,0.018706798553466797
2264,pop43,1,0.0004372596740722656,0.0
2264,pop40,2,0.0006139278411865234,1.9073486328125e-05
2264,pop41,1,0.00049591064453125,0.0
2264,pop53,1,0.0008864402770996094,0.0
2264,pop52,1,0.0006155967712402344,0.0
2264,pop55,1,0.0004761219024658203,0.0
2265,pop42,2,0.01724720001220703,0.016634702682495117
2265,pop43,3,0.0005192756652832031,6.752593344292677e-05
2265,pop51,5,0.0005331993103027344,0.00010766246000055394
2265,pop4,2,0.04055070877075195,0.0013475418090820312
2265,pop40,2,0.018028974533081055,0.01741933822631836
2265,pop50,2,0.0005460977554321289,0.00010025501251220703
2265,pop17,1,0.047514915466308594,0.0
2265,pop25,1,0.0004923343658447266,0.0
2265,pop27,1,0.0006499290466308594,0.0
2265,pop14,2,0.0004156827926635742,3.6954879760742188e-06
2265,pop10,1,0.00025463104248046875,0.0
2266,pop33,3,0.012592792510986328,0.01693006866675192
2266,pop32,3,0.000511010487874349,6.690132765308723e-05
2266,pop50,1,0.0006399154663085938,0.0
2266,pop16,1,0.0004611015319824219,0.0
2267,pop8,2,0.016334176063537598,0.01564347743988037
2267,pop51,3,0.000621636708577474,5.15485497909569e-05
2267,pop4,1,0.03855299949645996,0.0
2267,pop10,1,0.03748679161071777,0.0
2267,pop53,1,0.03592681884765625,0.0
2267,pop52,3,0.013693491617838541,0.018669593247149438
2267,pop48,3,0.0005503495534261068,0.00010370419522208488
2268,pop50,3,0.012385288874308268,0.01658580103969141
2268,pop17,4,0.0005806684494018555,0.0001279161226682761
2268,pop35,1,0.0003902912139892578,0.0
2269,pop48,6,0.006805419921875,0.013909989123912914
2269,pop49,1,0.03992962837219238,0.0
2269,pop52,1,0.0004982948303222656,0.0
2269,pop53,1,0.0005767345428466797,0.0
2269,pop1,1,0.0004894733428955078,0.0
2269,pop6,1,0.0004680156707763672,0.0
2270,pop18,2,0.01903235912322998,0.01842963695526123
2270,pop38,2,0.021643757820129395,0.02114856243133545
2270,pop39,1,0.0004749298095703125,0.0
2270,pop44,2,0.03226602077484131,0.009104132652282715
2270,pop50,4,0.0004897117614746094,0.00013484652170510375
2270,pop17,4,0.01180940866470337,0.019701095837361033
2270,pop25,1,0.0004630088806152344,0.0
2270,pop27,1,0.0006661415100097656,0.0
2270,pop14,1,0.0005316734313964844,0.0
2270,pop16,1,0.0002593994140625,0.0
2271,pop44,2,0.017967581748962402,0.017345070838928223
2271,pop50,4,0.0006764531135559082,0.0001553550330499818
2271,pop33,3,0.0005312760670979818,9.694587926424132e-05
2271,pop32,5,0.00881190299987793,0.01657460680531207
2271,pop17,1,0.04417824745178223,0.0
2271,pop51,1,0.0005316734313964844,0.0
2271,pop10,1,0.0004801750183105469,0.0
2272,pop41,2,0.017464756965637207,0.01683962345123291
2272,pop53,4,0.0006433725357055664,7.765137931765145e-05
2272,pop50,1,0.0007238388061523438,0.0
2272,pop16,1,0.0006108283996582031,0.0
2273,pop47,2,0.015928149223327637,0.015297293663024902
2273,pop53,1,0.0006213188171386719,0.0
2273,pop1,2,0.0005192756652832031,2.0265579223632812e-05
2273,pop6,3,0.00047214825948079425,1.57540787930347e-05
2273,pop15,1,0.0004246234893798828,0.0
2274,pop52,2,0.0180739164352417,0.017408251762390137
2274,pop55,1,0.032259464263916016,0.0
2274,pop50,2,0.0006282329559326172,6.67572021484375e-06
2274,pop17,4,0.0005330443382263184,3.7134172059922754e-05
2274,pop44,1,0.000469207763671875,0.0
2275,pop28,2,0.01700437068939209,0.01642286777496338
2275,pop51,1,0.0006077289581298828,0.0
2275,pop53,2,0.018947243690490723,0.01835048198699951
2275,pop54,3,0.0005579789479573568,0.00010797919862142132
2275,pop50,1,0.0006906986236572266,0.0
2275,pop14,1,0.0004999637603759766,0.0
2275,pop24,1,0.0004780292510986328,0.0
2276,pop9,5,0.007004928588867187,0.012909142764176462
2277,pop4,2,0.017305493354797363,0.01668870449066162
2277,pop51,1,0.0008170604705810547,0.0
2277,pop53,1,0.0005450248718261719,0.0
2277,pop50,3,0.000865777333577474,0.0002269235866881769
2277,pop14,1,0.0006947517395019531,0.0
2277,pop27,1,0.0004813671112060547,0.0
2277,pop25,1,0.0004825592041015625,0.0
2277,pop17,1,0.04709815979003906,0.0
2277,pop55,2,0.018865346908569336,0.018347978591918945
2277,pop52,1,0.0005478858947753906,0.0
2277,pop12,3,0.0003654956817626953,9.915824596474192e-05
2278,pop14,4,0.010684430599212646,0.017365384173386834
2278,pop50,1,0.0006339550018310547,0.0
2278,pop55,1,0.0004527568817138672,0.0
2279,pop42,2,0.01796269416809082,0.01734137535095215
2279,pop43,2,0.00045239925384521484,8.463859558105469e-06
2279,pop51,1,0.0009477138519287109,0.0
2279,pop40,1,0.0004971027374267578,0.0
2279,pop41,1,0.0005083084106445312,0.0
2279,pop53,2,0.0005671977996826172,1.621246337890625e-05
2279,pop50,2,0.0006394386291503906,2.956390380859375e-05
2279,pop33,2,0.0005480051040649414,8.189678192138672e-05
2279,pop32,4,0.0005341768264770508,5.801990949235612e-05
2279,pop52,1,0.0005354881286621094,0.0
2280,pop44,3,0.012844483057657877,0.017386633587557404
2280,pop50,3,0.0006262461344401041,4.850879094589831e-05
2280,pop17,3,0.014783700307210287,0.020187104223022865
2280,pop55,1,0.03376436233520508,0.0
2280,pop52,2,0.0005968809127807617,7.927417755126953e-05
2280,pop53,1,0.0005862712860107422,0.0
2281,pop31,2,0.017686843872070312,0.017034530639648438
2281,pop17,3,0.0005859533945719401,7.604676511410048e-05
2281,pop50,1,0.0006473064422607422,0.0
2281,pop16,1,0.0004432201385498047,0.0
2282,pop24,6,0.015030701955159506,0.02056673121015978
2282,pop14,4,0.013225793838500977,0.022057137191489225
2282,pop50,3,0.0005100568135579427,0.0001500793140433675
2282,pop16,1,0.0004889965057373047,0.0
2282,pop23,2,0.022433996200561523,0.021930932998657227
2282,pop21,1,0.045972347259521484,0.0
2282,pop17,2,0.023544907569885254,0.02299654483795166
2282,pop25,1,0.0004975795745849609,0.0
2282,pop27,1,0.0004906654357910156,0.0
2282,pop53,1,0.0002987384796142578,0.0
2282,pop52,1,0.0002727508544921875,0.0
2283,pop39,2,0.017573833465576172,0.016971111297607422
2283,pop38,2,0.02049696445465088,0.019986987113952637
2283,pop18,1,0.0004863739013671875,0.0
2283,pop19,2,0.0004887580871582031,1.7642974853515625e-05
2283,pop20,1,0.042554616928100586,0.0
2283,pop51,2,0.0005652904510498047,3.6716461181640625e-05
2283,pop10,3,0.0005263487497965494,7.818223105795007e-05
2283,pop50,1,0.0006630420684814453,0.0
2283,pop55,1,0.0004820823669433594,0.0
2284,pop46,2,0.018221020698547363,0.01759493350982666
2284,pop20,1,0.03893589973449707,0.0
2284,pop19,1,0.0005192756652832031,0.0
2284,pop51,2,0.0007433891296386719,0.00016617774963378906
2284,pop43,1,0.0006139278411865234,0.0
2284,pop11,1,0.00042057037353515625,0.0
2284,pop10,3,0.0005253156026204427,9.521180276076489e-05
2284,pop53,1,0.0005433559417724609,0.0
2284,pop52,1,0.0004825592041015625,0.0
2285,pop30,2,0.01652979850769043,0.015914440155029297
2285,pop31,1,0.0006287097930908203,0.0
2285,pop17,2,0.022800326347351074,0.02228248119354248
2285,pop50,3,0.0008011658986409506,0.0003191730770292264
2285,pop32,1,0.04869413375854492,0.0
2285,pop33,1,0.0008280277252197266,0.0
2285,pop55,1,0.0006339550018310547,0.0
2285,pop52,2,0.0004024505615234375,9.560585021972656e-05
2285,pop37,2,0.0004775524139404297,0.00019669532775878906
2285,pop53,1,0.00033164024353027344,0.0
2285,pop14,1,0.00029659271240234375,0.0
2285,pop24,1,0.0002703666687011719,0.0
2286,pop8,2,0.017444252967834473,0.016815543174743652
2286,pop51,5,0.0005457401275634766,7.40015321527035e-05
2286,pop10,3,0.025613069534301758,0.017797494776314517
2286,pop43,2,0.00048029422760009766,1.5497207641601562e-06
2286,pop40,1,0.03600621223449707,0.0
2286,pop50,2,0.0007475614547729492,0.0003610849380493164
2286,pop14,1,0.0005507469177246094,0.0
2286,pop27,2,0.00041544437408447266,4.875659942626953e-05
2286,pop25,3,0.0003561973571777344,0.00010637441528732583
2286,pop17,2,0.02532827854156494,0.025033116340637207
2286,pop44,1,0.025186777114868164,0.0
2286,pop45,1,0.0002872943878173828,0.0
2286,pop46,1,0.0004069805145263672,0.0
2286,pop20,2,0.0003362894058227539,7.140636444091797e-05
2286,pop19,1,0.00030112266540527344,0.0
2286,pop47,1,0.0004470348358154297,0.0
2287,pop48,5,0.008146905899047851,0.015148232649767434
2287,pop52,1,0.0005030632019042969,0.0
2287,pop53,1,0.0006349086761474609,0.0
2287,pop1,1,0.000545501708984375,0.0
2287,pop15,1,0.0004336833953857422,0.0
2288,pop18,3,0.013385613759358725,0.01812998666943386
2288,pop38,4,0.0005235075950622559,8.882210088289649e-05
2288,pop19,1,0.0005362033843994141,0.0
2288,pop51,1,0.0006067752838134766,0.0
2288,pop53,1,0.0006573200225830078,0.0
2288,pop7,1,0.0005106925964355469,0.0
2289,pop41,2,0.01780378818511963,0.017193198204040527
2289,pop53,3,0.0006412665049235026,4.8768240454286085e-05
2289,pop1,2,0.0005042552947998047,1.7881393432617188e-05
2289,pop6,1,0.039713144302368164,0.0
2289,pop52,2,0.0005249977111816406,2.002716064453125e-05
2289,pop12,4,0.0005369186401367188,9.142987257663579e-05
2289,pop51,1,0.0005750656127929688,0.0
2289,pop10,1,0.0004715919494628906,0.0
2290,pop14,5,0.00805835723876953,0.014989889255340784
2290,pop24,1,0.0006260871887207031,0.0
2291,pop27,5,0.009021568298339843,0.016922446751150184
2291,pop25,1,0.00046634674072265625,0.0
2291,pop17,1,0.0005371570587158203,0.0
2291,pop50,1,0.0005915164947509766,0.0
2291,pop51,1,0.0006213188171386719,0.0
2292,pop32,5,0.008425235748291016,0.015672977730726578
2292,pop33,1,0.00047206878662109375,0.0
2292,pop50,1,0.0006403923034667969,0.0
2292,pop16,1,0.0004277229309082031,0.0
2293,pop22,2,0.016505956649780273,0.015876293182373047
2293,pop21,1,0.00048828125,0.0
2293,pop23,3,0.0005826155344645182,6.962321465319684e-05
2293,pop16,1,0.0004889965057373047,0.0
2293,pop50,1,0.0006382465362548828,0.0
2293,pop44,1,0.0005002021789550781,0.0
2294,pop23,5,0.008317184448242188,0.015450904985647804
2294,pop16,1,0.00047469139099121094,0.0
2294,pop50,1,0.0005788803100585938,0.0
2294,pop51,1,0.0007009506225585938,0.0
2294,pop19,1,0.0005602836608886719,0.0
2294,pop20,1,0.0004355907440185547,0.0
2295,pop9,5,0.0072307586669921875,0.013335290466851791
2295,pop51,1,0.0005087852478027344,0.0
2295,pop50,1,0.0005633831024169922,0.0
2295,pop14,1,0.0005233287811279297,0.0
2295,pop24,1,0.00046825408935546875,0.0
2296,pop31,2,0.01743948459625244,0.01681387424468994
2296,pop17,4,0.011099755764007568,0.018619633591364003
2296,pop50,5,0.0006887912750244141,0.00025100062131543506
2296,pop53,1,0.0008182525634765625,0.0
2296,pop55,1,0.03628134727478027,0.0
2296,pop44,2,0.0003750324249267578,0.00010371208190917969
2296,pop27,2,0.0004506111145019531,0.00018477439880371094
2296,pop14,1,0.0005571842193603516,0.0
2296,pop25,1,0.0002846717834472656,0.0
2296,pop35,1,0.0004024505615234375,0.0
2297,pop24,5,0.009089183807373048,0.016986587290543333
2297,pop14,1,0.0005147457122802734,0.0
2297,pop50,1,0.0005373954772949219,0.0
2297,pop53,1,0.0006985664367675781,0.0
2297,pop7,1,0.00041556358337402344,0.0
2298,pop39,2,0.01850128173828125,0.017856359481811523
2298,pop38,4,0.000510871410369873,4.927811979129606e-05
2298,pop18,1,0.0004363059997558594,0.0
2299,pop56,3,0.027595678965250652,0.019062704425763324
2299,pop2,1,0.00047588348388671875,0.0
2299,pop49,2,0.0006320476531982422,0.00015282630920410156
2299,pop48,1,0.0005214214324951172,0.0
2299,pop52,1,0.0008792877197265625,0.0
2299,pop54,1,0.0004482269287109375,0.0
2299,pop53,1,0.0005948543548583984,0.0
2299,pop47,1,0.0004246234893798828,0.0
2300,pop53,4,0.027336537837982178,0.015399595206592431
2300,pop54,1,0.03547167778015137,0.0
2300,pop41,1,0.0004992485046386719,0.0
2300,pop40,3,0.013192971547444662,0.017943419531051556
2300,pop43,3,0.0005290508270263672,8.219899047484499e-05
2300,pop51,3,0.0006047089894612631,3.235960751480291e-05
2300,pop10,2,0.02081453800201416,0.020312190055847168
2301,pop40,2,0.017557978630065918,0.016944527626037598
2301,pop43,1,0.0005259513854980469,0.0
2301,pop51,2,0.0006946325302124023,0.00014841556549072266
2301,pop10,1,0.037750959396362305,0.0
2301,pop53,2,0.0005997419357299805,5.7578086853027344e-05
2301,pop50,3,0.0006496111551920573,2.8366356368978414e-05
2301,pop55,2,0.018703937530517578,0.018114566802978516
2301,pop17,3,0.0005850791931152344,8.123906818168108e-05
2301,pop7,1,0.0004475116729736328,0.0
2302,pop6,5,0.008263683319091797,0.015454494091589098
2302,pop1,1,0.0005404949188232422,0.0
2302,pop53,1,0.0005254745483398438,0.0
2302,pop52,1,0.0006258487701416016,0.0
2303,pop36,2,0.016414999961853027,0.015792489051818848
2303,pop10,4,0.0006083250045776367,6.580061232286217e-05
2303,pop51,1,0.0006868839263916016,0.0
2303,pop53,1,0.0006017684936523438,0.0
2303,pop1,1,0.00048089027404785156,0.0
2303,pop15,1,0.0004210472106933594,0.0
2304,pop8,2,0.017176151275634766,0.016546249389648438
2304,pop51,3,0.0004935264587402344,0.0001623723297717527
2304,pop10,1,0.03529071807861328,0.0
2304,pop43,1,0.0004687309265136719,0.0
2304,pop40,1,0.035723209381103516,0.0
2304,pop41,1,0.00047278404235839844,0.0
2304,pop53,1,0.0005795955657958984,0.0
2304,pop52,1,0.04035353660583496,0.0
2304,pop37,4,0.0005437135696411133,0.00013014701143210212
2304,pop33,1,0.0002770423889160156,0.0
2304,pop50,1,0.0003886222839355469,0.0
2304,pop19,1,0.0002791881561279297,0.0
2304,pop18,1,0.0002598762512207031,0.0
2305,pop14,5,0.016764163970947266,0.019833519774326003
2305,pop24,2,0.0006164312362670898,0.0001512765884399414
2305,pop50,1,0.0005743503570556641,0.0
2305,pop35,1,0.00044035911560058594,0.0
2306,pop24,3,0.01480261484781901,0.02014404422677376
2306,pop14,4,0.0005157589912414551,3.0984498693398656e-05
2307,pop57,2,0.020287156105041504,0.019658446311950684
2307,pop56,1,0.0004756450653076172,0.0
2307,pop48,4,0.0005629658699035645,9.60732766304057e-05
2307,pop52,1,0.0005002021789550781,0.0
2307,pop53,1,0.0005919933319091797,0.0
2307,pop51,1,0.00064849853515625,0.0
2307,pop19,1,0.0004968643188476562,0.0
2307,pop18,1,0.00046944618225097656,0.0
2308,pop33,3,0.01306772232055664,0.017667895039422354
2308,pop32,3,0.0005739529927571615,0.0001205405500077464
2308,pop50,1,0.0006847381591796875,0.0
2308,pop51,1,0.0007274150848388672,0.0
2308,pop19,1,0.0005040168762207031,0.0
2308,pop20,1,0.0004925727844238281,0.0
2309,pop27,2,0.021088719367980957,0.020458579063415527
2309,pop25,1,0.00044846534729003906,0.0
2309,pop17,1,0.042505502700805664,0.0
2309,pop50,1,0.0007190704345703125,0.0
2309,pop55,1,0.03534102439880371,0.0
2309,pop52,2,0.01992976665496826,0.019447684288024902
2309,pop12,3,0.0005468527475992838,0.0001094103757152668
2309,pop53,1,0.0006778240203857422,0.0
2309,pop51,1,0.0006234645843505859,0.0
2309,pop10,1,0.00046181678771972656,0.0
2310,pop32,5,0.008452939987182616,0.015847791756603218
2310,pop33,1,0.0006160736083984375,0.0
2310,pop50,1,0.0007522106170654297,0.0
2310,pop44,1,0.0004925727844238281,0.0
2311,pop31,2,0.01680159568786621,0.016185998916625977
2311,pop17,3,0.014983495076497396,0.020457689075243816
2311,pop25,1,0.0006375312805175781,0.0
2311,pop27,1,0.00047779083251953125,0.0
2311,pop44,1,0.0005176067352294922,0.0
2311,pop50,2,0.0005054473876953125,0.0001811981201171875
2311,pop33,2,0.0003762245178222656,0.00011229515075683594
2311,pop32,2,0.0005578994750976562,6.937980651855469e-05
2311,pop53,1,0.0003573894500732422,0.0
2311,pop7,1,0.00024080276489257812,0.0
2312,pop56,2,0.019561409950256348,0.018938183784484863
2312,pop48,1,0.00044655799865722656,0.0
2312,pop52,3,0.013593832651774088,0.018466953018456668
2312,pop55,1,0.03409981727600098,0.0
2313,pop24,2,0.021996617317199707,0.021329760551452637
2313,pop14,1,0.0004825592041015625,0.0
2313,pop50,3,0.0007375081380208334,0.00031711107076507416
2313,pop44,2,0.0005354881286621094,7.200241088867188e-05
2313,pop27,2,0.0005123615264892578,2.9802322387695312e-05
2313,pop25,2,0.0005013942718505859,3.5762786865234375e-06
2313,pop17,1,0.04723215103149414,0.0
2313,pop55,1,0.020412683486938477,0.0
2313,pop53,2,0.00033462047576904297,1.895427703857422e-05
2313,pop52,3,0.0003383159637451172,7.042461353261424e-05
2313,pop1,1,0.00028824806213378906,0.0
2313,pop15,1,0.00022912025451660156,0.0
2314,pop47,3,0.02102772394816081,0.014521724791797454
2314,pop53,1,0.0005700588226318359,0.0
2314,pop50,1,0.0005686283111572266,0.0
2314,pop14,1,0.0004925727844238281,0.0
2314,pop24,4,0.012380659580230713,0.020587746355781388
2314,pop23,1,0.04804205894470215,0.0
2315,pop44,2,0.019243240356445312,0.01859116554260254
2315,pop50,2,0.0006927251815795898,2.8967857360839844e-05
2315,pop17,4,0.0005843639373779297,0.0001023221324529334
2315,pop14,1,0.0006597042083740234,0.0
2315,pop24,1,0.00046563148498535156,0.0
2316,pop6,3,0.027197837829589844,0.018783403117449683
2316,pop1,1,0.0004963874816894531,0.0
2316,pop53,3,0.01324319839477539,0.017893429368649353
2316,pop47,2,0.017659783363342285,0.017413020133972168
2316,pop41,1,0.00046062469482421875,0.0
2316,pop40,1,0.04207754135131836,0.0
2316,pop43,1,0.000965118408203125,0.0
2316,pop51,2,0.0004233121871948242,8.118152618408203e-05
2316,pop4,2,0.0003459453582763672,8.320808410644531e-05
2317,pop36,2,0.017047643661499023,0.01645350456237793
2317,pop10,1,0.03824496269226074,0.0
2317,pop51,1,0.0006768703460693359,0.0
2317,pop50,2,0.0008151531219482422,0.000156402587890625
2317,pop32,4,0.0005767941474914551,7.040746785785142e-05
2317,pop33,1,0.0005013942718505859,0.0
2317,pop14,1,0.0005319118499755859,0.0
2317,pop24,1,0.00037980079650878906,0.0
2318,pop57,2,0.02018868923187256,0.01957237720489502
2318,pop56,1,0.0005042552947998047,0.0
2318,pop48,3,0.0005575021107991537,8.892263693970081e-05
2318,pop52,1,0.0005023479461669922,0.0
2318,pop53,1,0.0006082057952880859,0.0
2318,pop50,1,0.000682830810546875,0.0
2318,pop44,1,0.00048351287841796875,0.0
2319,pop31,2,0.017051100730895996,0.016440749168395996
2319,pop17,4,0.0005902647972106934,7.638448599205832e-05
2319,pop50,1,0.0006964206695556641,0.0
2319,pop44,1,0.0005059242248535156,0.0
2320,pop30,2,0.016644597053527832,0.015970826148986816
2320,pop31,1,0.0004355907440185547,0.0
2320,pop17,3,0.0005953311920166016,8.497362139504148e-05
2320,pop25,1,0.00048661231994628906,0.0
2320,pop27,1,0.0006284713745117188,0.0
2320,pop44,1,0.0005116462707519531,0.0
2321,pop48,3,0.012790203094482422,0.01730576477499319
2321,pop49,2,0.020165205001831055,0.019562959671020508
2321,pop2,2,0.022076129913330078,0.021483421325683594
2321,pop52,3,0.0005707740783691406,7.346001038750232e-05
2322,pop41,2,0.017862558364868164,0.017246246337890625
2322,pop40,3,0.00048661231994628906,3.938214996430311e-05
2322,pop43,1,0.0006132125854492188,0.0
2322,pop51,1,0.0005576610565185547,0.0
2323,pop33,3,0.013312101364135742,0.018063293074870698
2323,pop32,4,0.0005774497985839844,6.330877539619719e-05
2323,pop50,1,0.0005829334259033203,0.0
2323,pop51,1,0.0005793571472167969,0.0
2324,pop27,2,0.02171933650970459,0.021064162254333496
2324,pop25,1,0.00047087669372558594,0.0
2324,pop17,3,0.014888763427734375,0.020326582401856672
2324,pop50,2,0.0007824897766113281,0.0001747608184814453
2324,pop32,3,0.0005502700805664062,8.220221757142378e-05
2324,pop33,1,0.0006418228149414062,0.0
2324,pop14,1,0.0002846717834472656,0.0
2324,pop24,1,0.00027489662170410156,0.0
2325,pop56,5,0.008672809600830078,0.01620877642403319
2325,pop48,1,0.0004897117614746094,0.0
2325,pop52,1,0.0004825592041015625,0.0
2325,pop53,1,0.0006215572357177734,0.0
2325,pop50,1,0.0006363391876220703,0.0
2325,pop44,1,0.0004513263702392578,0.0
2326,pop44,5,0.008073139190673827,0.014992956789420525
2326,pop50,1,0.0006966590881347656,0.0
2326,pop53,1,0.0006129741668701172,0.0
2326,pop7,1,0.00040078163146972656,0.0
2327,pop6,3,0.027053117752075195,0.018681445204880135
2327,pop1,2,0.0005136728286743164,4.410743713378906e-06
2327,pop53,2,0.01915574073791504,0.018575191497802734
2327,pop54,1,0.03546738624572754,0.0
2327,pop52,2,0.020471572875976562,0.019957304000854492
2327,pop56,1,0.00046563148498535156,0.0
2327,pop48,2,0.0006115436553955078,9.870529174804688e-05
2327,pop15,1,0.0005276203155517578,0.0
2328,pop37,4,0.008275032043457031,0.013328843641853935
2328,pop33,1,0.00045943260192871094,0.0
2328,pop50,1,0.0010409355163574219,0.0
2328,pop51,1,0.0005033016204833984,0.0
2328,pop19,1,0.000514984130859375,0.0
2328,pop20,1,0.0005025863647460938,0.0
2328,pop46,1,0.0004603862762451172,0.0
2328,pop45,1,0.0005133152008056641,0.0
2328,pop44,1,0.0004634857177734375,0.0
2329,pop21,5,0.009176301956176757,0.017234303249443778
2329,pop23,1,0.00055694580078125,0.0
2329,pop16,1,0.00046515464782714844,0.0
2329,pop50,1,0.0006656646728515625,0.0
2329,pop53,1,0.0006439685821533203,0.0
2329,pop52,1,0.0005478858947753906,0.0
2330,pop45,2,0.020095467567443848,0.01946556568145752
2330,pop44,3,0.0005855560302734375,0.00010609510685432093
2330,pop50,1,0.0005824565887451172,0.0
2330,pop53,1,0.0005571842193603516,0.0
2330,pop1,1,0.0004951953887939453,0.0
2330,pop15,1,0.0003986358642578125,0.0
2331,pop9,3,0.024187326431274414,0.016649483550414745
2332,pop39,2,0.018099188804626465,0.017467141151428223
2332,pop44,4,0.0005529522895812988,0.00012070567503294313
2332,pop50,1,0.0007038116455078125,0.0
2332,pop14,1,0.0005276203155517578,0.0
2332,pop24,1,0.0006151199340820312,0.0
2333,pop57,2,0.020419001579284668,0.01982295513153076
2333,pop56,1,0.0005211830139160156,0.0
2333,pop48,4,0.0005814433097839355,5.487781873750673e-05
2333,pop52,1,0.00047898292541503906,0.0
2333,pop34,1,0.0004572868347167969,0.0
2333,pop35,1,0.00042247772216796875,0.0
2334,pop16,3,0.012637058893839518,0.017092761336058738
2334,pop23,4,0.000561833381652832,6.406820061631606e-05
2334,pop50,1,0.0006151199340820312,0.0
2334,pop51,1,0.0005662441253662109,0.0
2335,pop38,5,0.008584165573120117,0.016007761680811524
2335,pop18,1,0.0004417896270751953,0.0
2335,pop19,1,0.0005333423614501953,0.0
2335,pop51,1,0.0006034374237060547,0.0
2335,pop53,1,0.0006318092346191406,0.0
2335,pop52,1,0.0005457401275634766,0.0
2336,pop55,5,0.006567478179931641,0.01195646801622286
2336,pop52,1,0.0005512237548828125,0.0
2336,pop34,1,0.0004470348358154297,0.0
2336,pop35,1,0.0004143714904785156,0.0
2337,pop10,4,0.01885402202606201,0.018276087445157473
2337,pop51,4,0.0005597472190856934,2.2575844428216658e-05
2337,pop4,4,0.009961128234863281,0.016328889335532
2337,pop50,1,0.0007145404815673828,0.0
2337,pop55,1,0.000469207763671875,0.0
2338,pop53,3,0.012229124704996744,0.016115483122807837
2338,pop41,2,0.0004892349243164062,1.52587890625e-05
2338,pop40,1,0.036959171295166016,0.0
2338,pop54,1,0.00046443939208984375,0.0
2338,pop52,1,0.0008885860443115234,0.0
2339,pop14,3,0.014090776443481445,0.01907526571894546
2339,pop24,3,0.0005496342976888021,6.15385812933889e-05
2339,pop50,1,0.0006234645843505859,0.0
2339,pop53,1,0.0006215572357177734,0.0
2339,pop7,1,0.0004382133483886719,0.0
2340,pop56,2,0.020309805870056152,0.019687771797180176
2340,pop2,3,0.01503904660542806,0.020608077280563318
2340,pop49,4,0.01106482744216919,0.018218267940536992
2340,pop48,1,0.0005164146423339844,0.0
2340,pop52,1,0.0005013942718505859,0.0
2340,pop53,1,0.0009813308715820312,0.0
2340,pop51,1,0.0007317066192626953,0.0
2340,pop50,1,0.0006339550018310547,0.0
2340,pop14,1,0.0005023479461669922,0.0
2340,pop24,1,0.0005085468292236328,0.0
2341,pop6,2,0.019422531127929688,0.018812894821166992
2341,pop1,1,0.0004756450653076172,0.0
2341,pop53,2,0.0007271766662597656,0.00011968612670898438
2341,pop41,2,0.0005583763122558594,5.6743621826171875e-05
2341,pop40,1,0.036443233489990234,0.0
2341,pop54,1,0.0006203651428222656,0.0
2341,pop52,4,0.0005843639373779297,4.6442996785121335e-05
2341,pop55,1,0.0005917549133300781,0.0
2342,pop50,3,0.012854655583699545,0.017191592937858775
2342,pop17,4,0.0005602240562438965,9.97399804799125e-05
2342,pop53,1,0.0005497932434082031,0.0
2342,pop1,1,0.0005729198455810547,0.0
2342,pop15,1,0.0005047321319580078,0.0
2343,pop21,2,0.02152228355407715,0.020917654037475586
2343,pop23,1,0.042799949645996094,0.0
2343,pop24,5,0.009538793563842773,0.01796463170440322
2343,pop14,2,0.022177577018737793,0.02152073383331299
2343,pop50,1,0.0006515979766845703,0.0
2343,pop51,1,0.0006198883056640625,0.0
2343,pop19,1,0.0005600452423095703,0.0
2343,pop20,1,0.0004487037658691406,0.0
2344,pop45,2,0.018914103507995605,0.01831662654876709
2344,pop46,1,0.0004508495330810547,0.0
2344,pop20,2,0.0203399658203125,0.019881248474121094
2344,pop19,1,0.0005176067352294922,0.0
2344,pop51,1,0.0006241798400878906,0.0
2344,pop53,3,0.0006237824757893881,7.141882383151033e-05
2344,pop52,1,0.0005140304565429688,0.0
2345,pop16,2,0.018930554389953613,0.01829540729522705
2345,pop23,3,0.0006240208943684896,4.782272316278145e-05
2345,pop24,2,0.04567217826843262,0.002368927001953125
2345,pop21,1,0.04625201225280762,0.0
2345,pop14,1,0.0005540847778320312,0.0
2345,pop50,3,0.0004582405090332031,0.00018021868886702668
2345,pop33,3,0.0004907449086507162,0.0002921641318754196
2345,pop37,1,0.0004749298095703125,0.0
2345,pop52,1,0.0008893013000488281,0.0
2345,pop55,1,0.0002639293670654297,0.0
2345,pop32,2,0.014104127883911133,0.013845443725585938
2345,pop53,3,0.00041993459065755207,5.3267332650762144e-05
2345,pop1,2,0.0005501508712768555,1.728534698486328e-05
2345,pop7,1,0.0002589225769042969,0.0
2345,pop6,2,0.0005953311920166016,0.00015592575073242188
2345,pop51,1,0.0006897449493408203,0.0
2345,pop19,1,0.0005552768707275391,0.0
2345,pop18,1,0.00048828125,0.0
2346,pop38,2,0.02123415470123291,0.020592093467712402
2346,pop18,1,0.0004901885986328125,0.0
2346,pop19,2,0.000514984130859375,1.8835067749023438e-05
2346,pop20,4,0.0005094408988952637,6.74369332220153e-05
2346,pop51,1,0.0005905628204345703,0.0
2347,pop6,5,0.00849008560180664,0.015911603931336914
2347,pop1,1,0.0004947185516357422,0.0
2347,pop53,1,0.0006439685821533203,0.0
2347,pop52,1,0.0004837512969970703,0.0
2348,pop52,2,0.01803433895111084,0.01738917827606201
2348,pop54,3,0.00058746337890625,0.00014726048556405259
2348,pop53,1,0.0006330013275146484,0.0
2348,pop50,1,0.0005617141723632812,0.0
2348,pop16,1,0.00047469139099121094,0.0
2349,pop28,2,0.017000555992126465,0.01638162136077881
2349,pop36,1,0.0004439353942871094,0.0
2349,pop10,2,0.01963484287261963,0.01899135112762451
2349,pop51,2,0.0006142854690551758,1.2278556823730469e-05
2349,pop4,3,0.0005900859832763672,6.864799193885009e-05
2349,pop50,1,0.0006649494171142578,0.0
2349,pop16,1,0.0004839897155761719,0.0
2350,pop4,6,0.006462852160135905,0.013144414305575216
2350,pop51,3,0.0005608399709065756,2.969585049236441e-05
2350,pop10,1,0.035794734954833984,0.0
2350,pop53,1,0.0005993843078613281,0.0
2350,pop52,1,0.0005278587341308594,0.0
2351,pop42,2,0.01751089096069336,0.01690816879272461
2351,pop43,2,0.00045049190521240234,7.510185241699219e-06
2351,pop40,2,0.01936352252960205,0.01885855197906494
2351,pop51,3,0.0005240440368652344,0.00014588879416712984
2351,pop10,2,0.02108025550842285,0.02060389518737793
2351,pop19,2,0.0004856586456298828,0.000194549560546875
2351,pop18,1,0.0005970001220703125,0.0
2351,pop38,1,0.04866337776184082,0.0
2351,pop39,1,0.0004646778106689453,0.0
2351,pop44,1,0.023148775100708008,0.0
2351,pop50,2,0.0003447532653808594,5.245208740234375e-06
2351,pop33,2,0.0002872943878173828,7.867813110351562e-06
2351,pop32,2,0.0003362894058227539,7.11679458618164e-05
2351,pop20,1,0.0002570152282714844,0.0
2352,pop47,5,0.006766891479492188,0.012495641308897439
2352,pop51,1,0.0005099773406982422,0.0
2352,pop10,1,0.00048542022705078125,0.0
2353,pop36,2,0.017924785614013672,0.017308950424194336
2353,pop10,3,0.01350553830464681,0.01826353379543511
2353,pop51,3,0.0006148020426432291,6.270010749818808e-05
2353,pop4,3,0.013972282409667969,0.01907684814012595
2353,pop50,1,0.0006597042083740234,0.0
2353,pop14,1,0.0006508827209472656,0.0
2353,pop24,1,0.0004932880401611328,0.0
2354,pop31,2,0.017258405685424805,0.01667308807373047
2354,pop17,1,0.04440903663635254,0.0
2354,pop50,2,0.0007938146591186523,0.0001741647720336914
2354,pop32,4,0.0005069375038146973,7.017476856107177e-05
2354,pop33,1,0.0005037784576416016,0.0
2354,pop55,1,0.0002562999725341797,0.0
2355,pop10,4,0.008983433246612549,0.0145838747174478
2355,pop51,1,0.00057220458984375,0.0
2355,pop19,1,0.0005648136138916016,0.0
2355,pop18,1,0.00043082237243652344,0.0
2356,pop50,3,0.012972116470336914,0.017362377885068826
2356,pop14,5,0.009455537796020508,0.01781744681868643
2356,pop24,1,0.04538249969482422,0.0
2356,pop53,1,0.0006663799285888672,0.0
2356,pop7,1,0.00042557716369628906,0.0
2357,pop21,5,0.009373712539672851,0.017560931926189557
2357,pop23,1,0.0005261898040771484,0.0
2357,pop16,1,0.0004744529724121094,0.0
2357,pop50,1,0.0006632804870605469,0.0
2357,pop35,1,0.00044345855712890625,0.0
2358,pop46,2,0.019626736640930176,0.018970608711242676
2358,pop20,3,0.014296213785807291,0.019457281966786224
2358,pop19,1,0.00047707557678222656,0.0
2358,pop51,1,0.0005953311920166016,0.0
2358,pop53,2,0.0006456375122070312,0.0001232624053955078
2358,pop50,1,0.0006482601165771484,0.0
2358,pop16,1,0.0004982948303222656,0.0
2359,pop18,2,0.02057480812072754,0.01997852325439453
2359,pop19,1,0.0005109310150146484,0.0
2359,pop20,3,0.014237165451049805,0.019489211955522532
2359,pop46,1,0.0004620552062988281,0.0
2359,pop45,1,0.0005066394805908203,0.0
2359,pop44,2,0.0006573200225830078,2.574920654296875e-05
2359,pop50,1,0.0006616115570068359,0.0
2359,pop53,1,0.0006251335144042969,0.0
2359,pop7,1,0.00042891502380371094,0.0
2360,pop30,2,0.016593575477600098,0.015970587730407715
2360,pop31,1,0.0004515647888183594,0.0
2360,pop17,3,0.015381256739298502,0.020994244403345897
2360,pop50,1,0.0006616115570068359,0.0
2360,pop14,2,0.0005261898040771484,1.7881393432617188e-05
2360,pop24,1,0.0004639625549316406,0.0
2361,pop27,5,0.008840656280517578,0.016505414135093398
2361,pop25,1,0.0005671977996826172,0.0
2361,pop17,1,0.0005102157592773438,0.0
2361,pop50,1,0.0006043910980224609,0.0
2361,pop53,1,0.0006215572357177734,0.0
2361,pop7,1,0.0003979206085205078,0.0
2362,pop44,2,0.018957853317260742,0.018335580825805664
2362,pop50,2,0.0005917549133300781,2.86102294921875e-06
2362,pop14,2,0.0004971027374267578,1.2159347534179688e-05
2362,pop24,4,0.0005880594253540039,0.00010885897035892396
2362,pop35,1,0.000431060791015625,0.0
2363,pop6,5,0.008652448654174805,0.016220029189651538
2363,pop1,1,0.0005209445953369141,0.0
2363,pop53,1,0.00052642822265625,0.0
2363,pop50,1,0.0006139278411865234,0.0
2363,pop44,1,0.0004532337188720703,0.0
2364,pop22,5,0.007465076446533203,0.013819443041505031
2364,pop51,1,0.0005609989166259766,0.0
2364,pop50,1,0.0005950927734375,0.0
2364,pop55,1,0.0006077289581298828,0.0
2365,pop23,3,0.014117797215779623,0.019179901706496087
2365,pop24,3,0.0005216598510742188,3.3508343810926464e-05
2365,pop16,1,0.00045180320739746094,0.0
2366,pop9,5,0.007387638092041016,0.0135707132871358
2366,pop51,1,0.0005862712860107422,0.0
2366,pop53,1,0.0005779266357421875,0.0
2366,pop1,1,0.0005049705505371094,0.0
2366,pop6,1,0.00045037269592285156,0.0
2367,pop39,2,0.018657684326171875,0.0180511474609375
2367,pop38,1,0.0004756450653076172,0.0
2367,pop18,1,0.000457763671875,0.0
2367,pop19,2,0.0005068778991699219,2.4080276489257812e-05
2367,pop20,3,0.014631907145182291,0.020046952497943662
2367,pop51,2,0.0006173849105834961,2.3245811462402344e-05
2367,pop4,2,0.0006529092788696289,7.033348083496094e-06
2367,pop50,1,0.0006115436553955078,0.0
2367,pop16,1,0.0004932880401611328,0.0
2368,pop57,2,0.02094554901123047,0.02032470703125
2368,pop56,1,0.042875051498413086,0.0
2368,pop48,3,0.0005545616149902344,4.770437428880251e-05
2368,pop52,2,0.01897454261779785,0.01836538314819336
2368,pop49,4,0.011534690856933594,0.019104877745790217
2368,pop2,2,0.024236440658569336,0.023815631866455078
2369,pop52,2,0.018436193466186523,0.017806529998779297
2369,pop55,3,0.0005639394124348959,0.00011795598400269233
2369,pop50,1,0.0006806850433349609,0.0
2369,pop44,1,0.00044989585876464844,0.0
2370,pop28,2,0.01701676845550537,0.016411423683166504
2370,pop51,2,0.0006725788116455078,0.0003612041473388672
2370,pop53,1,0.0005981922149658203,0.0
2370,pop50,2,0.00047898292541503906,0.00018310546875
2370,pop14,2,0.0005890130996704102,6.73532485961914e-05
2370,pop24,5,0.009973764419555664,0.01877173496531813
2370,pop23,1,0.048314809799194336,0.0
2370,pop19,1,0.000316619873046875,0.0
2370,pop18,1,0.00024199485778808594,0.0
2371,pop42,2,0.018157482147216797,0.017554044723510742
2371,pop43,1,0.0006098747253417969,0.0
2371,pop51,2,0.0005123615264892578,9.894371032714844e-05
2371,pop53,1,0.03824806213378906,0.0
2371,pop52,2,0.018944263458251953,0.01850295066833496
2371,pop56,1,0.0005013942718505859,0.0
2371,pop48,2,0.023119807243347168,0.02285897731781006
2371,pop49,2,0.024451017379760742,0.024213552474975586
2371,pop2,4,0.00042760372161865234,5.670090578195136e-05
2372,pop36,2,0.017169952392578125,0.016557693481445312
2372,pop51,1,0.0005660057067871094,0.0
2372,pop19,2,0.0006333589553833008,4.5418739318847656e-05
2372,pop20,4,0.0004912614822387695,1.5414918153947255e-05
2372,pop18,1,0.0004696846008300781,0.0
2373,pop50,3,0.01258103052775065,0.016764064824925467
2373,pop14,4,0.0005813837051391602,5.9233103524974685e-05
2373,pop16,1,0.0005972385406494141,0.0
2374,pop6,5,0.0083587646484375,0.015610077146500237
2374,pop1,1,0.0004928112030029297,0.0
2374,pop53,1,0.0007047653198242188,0.0
2374,pop52,1,0.0005133152008056641,0.0
2374,pop34,1,0.00045418739318847656,0.0
2374,pop35,1,0.0004322528839111328,0.0
2375,pop40,2,0.018788933753967285,0.018142342567443848
2375,pop41,1,0.0004718303680419922,0.0
2375,pop53,1,0.0007085800170898438,0.0
2375,pop52,2,0.0005036592483520508,7.271766662597656e-06
2375,pop12,3,0.0005575815836588541,4.9193764349136e-05
2376,pop8,2,0.018387913703918457,0.017738938331604004
2376,pop51,3,0.0005992253621419271,3.358252614186862e-05
2376,pop47,3,0.017452239990234375,0.013189785618377541
2376,pop4,1,0.04336071014404297,0.0
2376,pop53,1,0.0002987384796142578,0.0
2376,pop54,1,0.021775484085083008,0.0
2376,pop52,1,0.024226903915405273,0.0
2377,pop53,4,0.008998453617095947,0.014368993256299697
2377,pop51,1,0.0006206035614013672,0.0
2378,pop14,3,0.013987302780151367,0.018953185548884643
2378,pop24,3,0.0005699793497721354,0.00011331570195504209
2378,pop50,1,0.0007505416870117188,0.0
2378,pop35,1,0.00043511390686035156,0.0
2379,pop44,2,0.019557714462280273,0.018935441970825195
2379,pop45,1,0.0005130767822265625,0.0
2379,pop46,2,0.0005600452423095703,8.058547973632812e-05
2379,pop20,1,0.042528390884399414,0.0
2379,pop51,1,0.0006134510040283203,0.0
2379,pop19,1,0.0005803108215332031,0.0
2379,pop18,2,0.00037491321563720703,0.00011408329010009766
2379,pop38,4,0.00048667192459106445,3.451983846602059e-05
2380,pop22,4,0.009190261363983154,0.01486682420060756
2380,pop51,1,0.0005629062652587891,0.0
2380,pop53,1,0.0005452632904052734,0.0
2380,pop1,1,0.0005140304565429688,0.0
2380,pop15,1,0.0004382133483886719,0.0
2381,pop39,2,0.01927006244659424,0.018632054328918457
2381,pop38,3,0.0006068547566731771,8.363075199787351e-05
2381,pop18,1,0.0004642009735107422,0.0
2381,pop19,1,0.0005357265472412109,0.0
2381,pop51,1,0.0005247592926025391,0.0
2381,pop50,1,0.0005316734313964844,0.0
2381,pop55,1,0.000469207763671875,0.0
2382,pop32,2,0.02227604389190674,0.021660208702087402
2382,pop33,1,0.0005090236663818359,0.0
2382,pop50,2,0.0006579160690307617,1.1801719665527344e-05
2382,pop17,5,0.0006430149078369141,0.00013296465430956197
2382,pop25,2,0.0004774332046508789,3.5762786865234375e-07
2382,pop27,1,0.0006017684936523438,0.0
2382,pop51,1,0.0004951953887939453,0.0
2383,pop24,5,0.009523391723632812,0.017708312715582906
2383,pop23,1,0.0004978179931640625,0.0
2383,pop16,1,0.0004966259002685547,0.0
2383,pop50,1,0.0006687641143798828,0.0
2383,pop53,1,0.0006651878356933594,0.0
2383,pop47,1,0.00045371055603027344,0.0
2384,pop16,3,0.012973944346110025,0.017601550458315858
2384,pop23,4,0.0005317330360412598,7.457117550868253e-05
2384,pop50,1,0.0006897449493408203,0.0
2384,pop51,1,0.0005540847778320312,0.0
2384,pop10,1,0.00044989585876464844,0.0
2385,pop57,2,0.021782994270324707,0.021161198616027832
2385,pop56,1,0.04132223129272461,0.0
2385,pop48,1,0.0004923343658447266,0.0
2385,pop52,2,0.019966840744018555,0.019483327865600586
2385,pop12,4,0.0005819797515869141,7.979136459778407e-05
2385,pop53,1,0.0006542205810546875,0.0
2385,pop50,1,0.0006473064422607422,0.0
2385,pop16,1,0.0004773139953613281,0.0
2386,pop42,2,0.01904141902923584,0.01841557025909424
2386,pop43,1,0.00045299530029296875,0.0
2386,pop51,1,0.0006122589111328125,0.0
2386,pop53,2,0.0216982364654541,0.021367788314819336
2386,pop50,1,0.0010809898376464844,0.0
2386,pop32,1,0.04977273941040039,0.0
2386,pop33,1,0.0005033016204833984,0.0
2386,pop37,4,0.0004929900169372559,3.0321076713835788e-05
2386,pop52,1,0.0002694129943847656,0.0
2386,pop1,1,0.00030994415283203125,0.0
2386,pop6,1,0.00025272369384765625,0.0
2387,pop50,2,0.019469857215881348,0.018703579902648926
2387,pop55,1,0.032974958419799805,0.0
2387,pop52,3,0.013747612635294596,0.018726577768129048
2387,pop37,3,0.0005311965942382812,6.901576150152312e-05
2387,pop53,1,0.0003421306610107422,0.0
2387,pop7,1,0.0002353191375732422,0.0
2388,pop53,4,0.018365323543548584,0.017708253238934192
2388,pop52,2,0.019291043281555176,0.018726468086242676
2388,pop54,2,0.0006178617477416992,0.00012767314910888672
2388,pop51,1,0.0006461143493652344,0.0
2388,pop19,1,0.0005133152008056641,0.0
2388,pop20,1,0.0005166530609130859,0.0
2389,pop22,5,0.007508611679077149,0.013775521823834317
2389,pop51,1,0.0006473064422607422,0.0
2389,pop50,1,0.0007872581481933594,0.0
2389,pop35,1,0.00040984153747558594,0.0
2390,pop10,3,0.024994055430094402,0.017203325841653863
2390,pop51,2,0.0006589889526367188,4.029273986816406e-05
2390,pop19,2,0.0005350112915039062,6.9141387939453125e-06
2390,pop20,3,0.0005369186401367188,8.95808965295088e-05
2390,pop50,1,0.0006186962127685547,0.0
2390,pop16,1,0.0006136894226074219,0.0
2391,pop21,4,0.01174694299697876,0.01937458244774154
2391,pop23,1,0.0004839897155761719,0.0
2391,pop16,1,0.0004630088806152344,0.0
2391,pop50,1,0.0006885528564453125,0.0
2391,pop51,1,0.0005915164947509766,0.0
2392,pop50,4,0.009702086448669434,0.01565253729867571
2392,pop44,3,0.013591686884562174,0.01852225704235807
2392,pop33,2,0.0004903078079223633,1.0728836059570312e-06
2392,pop32,2,0.0005462169647216797,7.772445678710938e-05
2393,pop48,4,0.01069551706314087,0.01740910681045129
2393,pop52,1,0.00048470497131347656,0.0
2393,pop53,1,0.0005984306335449219,0.0
2393,pop1,1,0.0005288124084472656,0.0
2393,pop15,1,0.000423431396484375,0.0
2394,pop41,2,0.018674254417419434,0.01803457736968994
2394,pop53,1,0.037236690521240234,0.0
2394,pop52,2,0.019306421279907227,0.018816232681274414
2394,pop55,1,0.036919593811035156,0.0
2394,pop50,2,0.0007233619689941406,1.4543533325195312e-05
2394,pop17,3,0.0005452632904052734,3.2058803917426224e-05
2394,pop44,1,0.00047278404235839844,0.0
2395,pop33,3,0.013444105784098307,0.01820657846004955
2395,pop32,4,0.0005397200584411621,8.05218601708307e-05
2395,pop50,1,0.0007183551788330078,0.0
2395,pop53,1,0.0006301403045654297,0.0
2395,pop52,1,0.0005013942718505859,0.0
2396,pop30,2,0.017110824584960938,0.016481876373291016
2396,pop48,2,0.021829724311828613,0.021306872367858887
2396,pop49,3,0.0005718866984049479,6.605939753133172e-05
2396,pop52,1,0.0005021095275878906,0.0
2396,pop53,1,0.0006422996520996094,0.0
2396,pop1,1,0.0004956722259521484,0.0
2396,pop15,1,0.0004432201385498047,0.0
2397,pop32,5,0.009308958053588867,0.017448883020795378
2397,pop33,1,0.0004971027374267578,0.0
2397,pop50,1,0.0006458759307861328,0.0
2397,pop51,1,0.0005662441253662109,0.0
2397,pop19,1,0.0005335807800292969,0.0
2397,pop18,1,0.0004603862762451172,0.0
2398,pop16,4,0.010166406631469727,0.016919657593405375
2398,pop23,4,0.0003896951675415039,0.00011381740638214095
2398,pop21,1,0.045198917388916016,0.0
2398,pop24,3,0.026354869206746418,0.019906402358530584
2398,pop14,3,0.008939663569132486,0.01212932871225165
2398,pop50,5,0.0004394054412841797,9.376454391858802e-05
2398,pop17,6,0.008086721102396647,0.017108931869149566
2398,pop25,2,0.00047278404235839844,1.52587890625e-05
2398,pop27,1,0.0006394386291503906,0.0
2398,pop51,1,0.0003254413604736328,0.0
2399,pop57,2,0.021982550621032715,0.02136862277984619
2399,pop56,1,0.0005259513854980469,0.0
2399,pop2,2,0.0446162223815918,0.00222015380859375
2399,pop49,3,0.015202045440673828,0.0208276250139597
2399,pop48,1,0.0004980564117431641,0.0
2399,pop52,6,0.004109660784403483,0.008253936788612172
2399,pop55,2,0.02921473979949951,0.0083235502243042
2399,pop54,2,0.03134477138519287,0.01115429401397705
2399,pop53,2,0.02135610580444336,0.02089524269104004
2399,pop51,1,0.0003542900085449219,0.0
2399,pop10,1,0.0002644062042236328,0.0
2400,pop22,5,0.0075722217559814455,0.01397270515842017
2400,pop51,1,0.0006506443023681641,0.0
2400,pop19,1,0.0005352497100830078,0.0
2400,pop20,1,0.0005278587341308594,0.0
2401,pop21,4,0.035141170024871826,0.019941120448173085
2401,pop23,3,0.0004934469858805338,1.6390687276836093e-05
2401,pop24,3,0.015820026397705078,0.021668033096275678
2402,pop37,4,0.008688688278198242,0.013998891745558894
2402,pop33,1,0.0005047321319580078,0.0
2402,pop50,1,0.0006601810455322266,0.0
2402,pop51,1,0.0006916522979736328,0.0
2402,pop19,1,0.0005130767822265625,0.0
2402,pop18,1,0.00047469139099121094,0.0
2403,pop28,2,0.018083572387695312,0.0174407958984375
2403,pop51,2,0.0006568431854248047,1.8358230590820312e-05
2403,pop4,3,0.0005660057067871094,0.0001300141494187797
2403,pop47,1,0.0006048679351806641,0.0
2404,pop6,2,0.020158767700195312,0.01955103874206543
2404,pop1,1,0.0005602836608886719,0.0
2404,pop53,1,0.0005981922149658203,0.0
2404,pop52,2,0.019521474838256836,0.018887996673583984
2404,pop48,1,0.04180121421813965,0.0
2404,pop37,5,0.007746696472167969,0.014770406364953846
2404,pop33,3,0.00036644935607910156,0.00010836502543511784
2404,pop32,1,0.02597188949584961,0.0
2404,pop50,1,0.0005517005920410156,0.0
2404,pop16,1,0.0004742145538330078,0.0
2404,pop23,1,0.0006647109985351562,0.0
2404,pop24,1,0.0004858970642089844,0.0
2405,pop10,2,0.0182492733001709,0.01761031150817871
2405,pop51,1,0.0005612373352050781,0.0
2405,pop43,1,0.0004475116729736328,0.0
2405,pop40,3,0.000549475351969401,9.639058686352664e-05
2405,pop41,1,0.0005352497100830078,0.0
2405,pop53,1,0.0007069110870361328,0.0
2405,pop50,1,0.0006399154663085938,0.0
2405,pop16,1,0.0005035400390625,0.0
2406,pop50,4,0.010022222995758057,0.016257104362936713
2406,pop44,3,0.01457055409749349,0.019924789177379314
2406,pop17,2,0.0006240606307983398,0.00014841556549072266
2406,pop51,1,0.0005283355712890625,0.0
2406,pop19,1,0.0005054473876953125,0.0
2406,pop20,1,0.0005364418029785156,0.0
2407,pop41,3,0.013024568557739258,0.017639361220880518
2407,pop40,1,0.03775501251220703,0.0
2407,pop53,1,0.0005428791046142578,0.0
2407,pop52,1,0.03808307647705078,0.0
2407,pop37,4,0.000565648078918457,0.00017065046092604904
2407,pop33,1,0.00039839744567871094,0.0
2407,pop50,1,0.00034809112548828125,0.0
2407,pop55,1,0.00025391578674316406,0.0
2408,pop55,2,0.016527891159057617,0.0159299373626709
2408,pop52,3,0.012970447540283203,0.017644388430044435
2408,pop48,3,0.03014715512593587,0.021002535447748393
2408,pop49,4,0.011837601661682129,0.019540219624301896
2408,pop2,1,0.0004723072052001953,0.0
2408,pop56,1,0.04751753807067871,0.0
2408,pop51,1,0.0004425048828125,0.0
2408,pop19,1,0.0002989768981933594,0.0
2408,pop18,1,0.0002663135528564453,0.0
2409,pop56,2,0.0208815336227417,0.020286202430725098
2409,pop48,3,0.0004795392354329427,2.170554969101761e-05
2409,pop52,3,0.01388851801554362,0.018359056817834354
2409,pop49,1,0.04440498352050781,0.0
2409,pop53,3,0.0006191730499267578,5.073369591927993e-05
2409,pop50,3,0.0008369286855061849,0.00025507670753780896
2409,pop33,3,0.0003918011983235677,9.344251082566293e-05
2409,pop37,2,0.0105055570602417,0.010115265846252441
2409,pop32,3,0.0003249645233154297,7.300152122148584e-05
2409,pop35,1,0.00042819976806640625,0.0
2410,pop14,2,0.02097189426422119,0.02032625675201416
2410,pop24,3,0.01653464635213216,0.022608880277848357
2410,pop23,2,0.0006097555160522461,0.00013124942779541016
2410,pop16,1,0.0004725456237792969,0.0
2410,pop50,1,0.0006117820739746094,0.0
2410,pop51,1,0.0005538463592529297,0.0
2411,pop39,2,0.0187835693359375,0.018131256103515625
2411,pop44,4,0.010408341884613037,0.01732853687436338
2411,pop50,3,0.0007172425587972006,0.00015634567852309132
2411,pop27,4,0.008056581020355225,0.01330963623469737
2411,pop25,2,0.00028121471405029297,3.6954879760742188e-06
2411,pop17,1,0.027278661727905273,0.0
2411,pop14,1,0.0009486675262451172,0.0
2411,pop16,1,0.0002655982971191406,0.0
2411,pop23,1,0.0005803108215332031,0.0
2411,pop24,1,0.06846165657043457,0.0
2412,pop48,2,0.02053093910217285,0.019875526428222656
2412,pop52,3,0.013643741607666016,0.018130620759916675
2412,pop13,1,0.04086875915527344,0.0
2412,pop55,1,0.0004892349243164062,0.0
2412,pop50,4,0.0005701780319213867,0.00011686238112592274
2412,pop33,3,0.0004945596059163412,0.00028843467639598936
2412,pop32,1,0.0006577968597412109,0.0
2412,pop53,1,0.0007023811340332031,0.0
2412,pop37,3,0.0002967516581217448,4.835072875927541e-05
2412,pop44,1,0.0005154609680175781,0.0
2413,pop16,3,0.013709306716918945,0.018601896115367392
2413,pop23,4,0.0004935860633850098,4.0709012412597696e-05
2413,pop50,1,0.0006167888641357422,0.0
2413,pop55,1,0.0004937648773193359,0.0
2414,pop57,2,0.02168452739715576,0.02107846736907959
2414,pop56,4,0.0005320310592651367,7.119389960113425e-05
2414,pop48,1,0.0005247592926025391,0.0
2414,pop52,1,0.0005271434783935547,0.0
2414,pop34,1,0.0004494190216064453,0.0
2414,pop35,1,0.00040149688720703125,0.0
2415,pop50,3,0.012709776560465494,0.016833791338396596
2415,pop17,4,0.0005627870559692383,8.02593750261011e-05
2415,pop55,1,0.0004534721374511719,0.0
2415,pop52,1,0.0005323886871337891,0.0
2416,pop45,2,0.021190762519836426,0.02055370807647705
2416,pop44,1,0.04072904586791992,0.0
2416,pop50,2,0.0006326436996459961,6.54458999633789e-05
2416,pop17,4,0.0005363225936889648,6.0226180091077294e-05
2416,pop53,1,0.0006072521209716797,0.0
2416,pop7,1,0.000579833984375,0.0
2417,pop38,5,0.009099674224853516,0.017122807464789242
2417,pop18,1,0.00046753883361816406,0.0
2417,pop19,1,0.0006644725799560547,0.0
2417,pop20,1,0.00047397613525390625,0.0
2418,pop6,2,0.02153480052947998,0.020890116691589355
2418,pop1,2,0.00047016143798828125,5.412101745605469e-05
2418,pop53,4,0.005608320236206055,0.009020886342136011
2418,pop52,5,0.008272171020507812,0.015480296571642094
2418,pop54,6,0.013608415921529135,0.018593393187191762
2418,pop48,1,0.04552006721496582,0.0
2418,pop50,1,0.0003170967102050781,0.0
2418,pop55,1,0.0002765655517578125,0.0
2418,pop3,1,0.00025391578674316406,0.0
2418,pop0,1,0.0002486705780029297,0.0
2418,pop47,1,0.0004394054412841797,0.0
2419,pop41,2,0.019109249114990234,0.018499374389648438
2419,pop53,1,0.000982046127319336,0.0
2419,pop54,1,0.0005092620849609375,0.0
2419,pop52,2,0.020551681518554688,0.020025014877319336
2419,pop37,3,0.0005449453989664713,9.1851374315137e-05
2419,pop34,1,0.0002486705780029297,0.0
2419,pop35,1,0.0002300739288330078,0.0
2420,pop56,5,0.008710384368896484,0.016260823893655046
2420,pop48,1,0.00047779083251953125,0.0
2420,pop52,1,0.000507354736328125,0.0
2420,pop53,1,0.0006439685821533203,0.0
2420,pop50,1,0.0007174015045166016,0.0
2420,pop14,1,0.00048160552978515625,0.0
2420,pop24,1,0.0004913806915283203,0.0
2421,pop57,2,0.021537065505981445,0.020929813385009766
2421,pop56,2,0.0004627704620361328,1.239776611328125e-05
2421,pop48,1,0.0005872249603271484,0.0
2421,pop52,4,0.0006442070007324219,0.00013425432540960735
2421,pop53,1,0.0006010532379150391,0.0
2421,pop47,1,0.0003628730773925781,0.0
2422,pop4,2,0.017786860466003418,0.017092585563659668
2422,pop51,1,0.0005218982696533203,0.0
2422,pop50,3,0.0006425380706787109,6.397560269687557e-05
2422,pop44,1,0.041574716567993164,0.0
2422,pop17,2,0.02402055263519287,0.02352297306060791
2422,pop25,1,0.00046706199645996094,0.0
2422,pop27,1,0.0007295608520507812,0.0
2422,pop14,1,0.0005421638488769531,0.0
2422,pop55,2,0.010106444358825684,0.009845137596130371
2422,pop52,3,0.000326077143351237,2.0698370274455937e-05
2423,pop47,3,0.022490660349527996,0.015491187028171635
2423,pop51,2,0.00047910213470458984,0.00014841556549072266
2423,pop19,2,0.0004429817199707031,0.0001609325408935547
2423,pop20,2,0.023133039474487305,0.022516489028930664
2423,pop46,1,0.00045990943908691406,0.0
2423,pop45,1,0.0005011558532714844,0.0
2423,pop44,2,0.0007183551788330078,0.00016117095947265625
2423,pop50,1,0.0006260871887207031,0.0
2423,pop18,1,0.0002655982971191406,0.0
2424,pop31,2,0.01792728900909424,0.01730215549468994
2424,pop30,1,0.00043892860412597656,0.0
2424,pop48,1,0.0005025863647460938,0.0
2424,pop52,4,0.0006034374237060547,9.42059660253635e-05
2424,pop53,1,0.0006191730499267578,0.0
2424,pop50,1,0.0005884170532226562,0.0
2424,pop44,1,0.0004591941833496094,0.0
2425,pop14,3,0.014853715896606445,0.02018372660473871
2425,pop24,2,0.023409008979797363,0.02294909954071045
2425,pop50,2,0.0005804300308227539,9.655952453613281e-06
2425,pop33,2,0.00047791004180908203,1.800060272216797e-05
2425,pop32,3,0.0005635420481363932,5.4519656085810765e-05
2425,pop51,1,0.0005505084991455078,0.0
2426,pop48,2,0.020832419395446777,0.02018415927886963
2426,pop52,4,0.000693202018737793,0.00028676633960322953
2426,pop51,1,0.0005831718444824219,0.0
2426,pop19,1,0.00048661231994628906,0.0
2426,pop18,1,0.00046825408935546875,0.0
2427,pop16,3,0.01384886105855306,0.01874299835037179
2427,pop23,4,0.0005297064781188965,9.366867555920807e-05
2427,pop50,1,0.0007009506225585938,0.0
2427,pop44,1,0.00048160552978515625,0.0
2428,pop45,2,0.02037501335144043,0.019785165786743164
2428,pop44,1,0.0409693717956543,0.0
2428,pop50,3,0.0006137688954671224,5.715165151452786e-05
2428,pop33,2,0.0005559921264648438,7.653236389160156e-05
2428,pop32,1,0.04751944541931152,0.0
2428,pop17,4,0.0005705952644348145,9.56069464335298e-05
2428,pop51,1,0.0005767345428466797,0.0
2428,pop19,1,0.00029921531677246094,0.0
2428,pop18,1,0.00038123130798339844,0.0
2429,pop38,2,0.02173459529876709,0.021123528480529785
2429,pop39,1,0.0005886554718017578,0.0
2429,pop44,3,0.0006020863850911459,0.00013916789251161837
2429,pop50,1,0.0007081031799316406,0.0
2429,pop53,1,0.0006091594696044922,0.0
2429,pop52,1,0.0005016326904296875,0.0
2430,pop41,2,0.018860936164855957,0.018253207206726074
2430,pop53,1,0.000827789306640625,0.0
2430,pop54,1,0.0004582405090332031,0.0
2430,pop52,4,0.0005654096603393555,6.41528754087838e-05
2430,pop34,1,0.0004439353942871094,0.0
2430,pop35,1,0.00044083595275878906,0.0
2431,pop46,3,0.013072570164998373,0.017705110243086738
2431,pop20,2,0.02011692523956299,0.01985466480255127
2431,pop45,1,0.0006189346313476562,0.0
2431,pop44,1,0.0004999637603759766,0.0
2431,pop50,1,0.0006651878356933594,0.0
2431,pop53,1,0.039981842041015625,0.0
2431,pop41,1,0.0006194114685058594,0.0
2431,pop40,4,0.0005783438682556152,0.00010196323571526278
2431,pop43,1,0.0006458759307861328,0.0
2431,pop51,1,0.0003135204315185547,0.0
2431,pop19,1,0.0003020763397216797,0.0
2432,pop18,2,0.02176487445831299,0.021111130714416504
2432,pop19,2,0.0007365942001342773,0.0002301931381225586
2432,pop51,2,0.0005857944488525391,6.67572021484375e-06
2432,pop46,1,0.0006315708160400391,0.0
2432,pop20,4,0.0005500912666320801,5.698387964025672e-05
2432,pop53,1,0.0006031990051269531,0.0
2432,pop52,1,0.00027823448181152344,0.0
2433,pop27,5,0.009475803375244141,0.017846496493243474
2433,pop44,1,0.0004470348358154297,0.0
2434,pop33,4,0.010883927345275879,0.017818713824340467
2434,pop32,4,0.012449026107788086,0.020614001514858503
2434,pop50,2,0.0006887912750244141,1.9550323486328125e-05
2434,pop17,2,0.0006959438323974609,0.00016164779663085938
2434,pop51,1,0.0006084442138671875,0.0
2434,pop10,1,0.0004317760467529297,0.0
2435,pop4,2,0.01902902126312256,0.018395543098449707
2435,pop51,1,0.0006043910980224609,0.0
2435,pop19,4,0.0005541443824768066,0.00016651787278467665
2435,pop20,4,0.011400997638702393,0.0189489454197572
2435,pop18,3,0.00040141741434733075,0.00011368547440818925
2435,pop38,2,0.02476966381072998,0.024275898933410645
2436,pop48,5,0.00842442512512207,0.01565299313211888
2436,pop52,1,0.00048041343688964844,0.0
2436,pop53,1,0.0006771087646484375,0.0
2436,pop1,1,0.0005078315734863281,0.0
2436,pop15,1,0.0005769729614257812,0.0
2437,pop23,2,0.021599411964416504,0.020981192588806152
2437,pop24,4,0.0005705356597900391,7.427819771870786e-05
2437,pop14,1,0.0005385875701904297,0.0
2437,pop50,1,0.0007426738739013672,0.0
2437,pop53,1,0.0005950927734375,0.0
2437,pop7,1,0.0004584789276123047,0.0
2438,pop9,5,0.0075763225555419925,0.014086400591763849
2438,pop51,1,0.0006480216979980469,0.0
2438,pop50,1,0.0006792545318603516,0.0
2438,pop16,1,0.0004737377166748047,0.0
2439,pop52,4,0.019147038459777832,0.01855457135735456
2439,pop12,2,0.0006226301193237305,0.0001417398452758789
2439,pop34,1,0.00043463706970214844,0.0
2439,pop35,1,0.0004432201385498047,0.0
2440,pop36,2,0.018561840057373047,0.01792597770690918
2440,pop10,1,0.03956770896911621,0.0
2440,pop51,2,0.0005939006805419922,2.6702880859375e-05
2440,pop50,2,0.000649571418762207,2.968311309814453e-05
2440,pop17,3,0.0006649494171142578,0.00020789261605622225
2440,pop19,1,0.0005340576171875,0.0
2440,pop20,1,0.0002493858337402344,0.0
2441,pop28,2,0.018573999404907227,0.01793956756591797
2441,pop36,1,0.000606536865234375,0.0
2441,pop10,4,0.0005414485931396484,8.1684724353574e-05
2441,pop51,1,0.0006301403045654297,0.0
2441,pop53,1,0.0006852149963378906,0.0
2441,pop52,1,0.0006296634674072266,0.0
2442,pop10,3,0.02613719304402669,0.018033101265227836
2442,pop51,1,0.000629425048828125,0.0
2442,pop53,3,0.01340627670288086,0.018121548749277634
2442,pop41,2,0.0004870891571044922,2.1457672119140625e-06
2442,pop40,2,0.0005433559417724609,7.534027099609375e-05
2442,pop50,1,0.0006558895111083984,0.0
2442,pop16,1,0.0004565715789794922,0.0
2443,pop31,2,0.018053293228149414,0.01743936538696289
2443,pop17,3,0.0005462169647216797,1.37706080228745e-05
2443,pop50,1,0.0005764961242675781,0.0
2443,pop44,1,0.0004706382751464844,0.0
2444,pop16,2,0.01941204071044922,0.01874709129333496
2444,pop23,1,0.0004534721374511719,0.0
2444,pop24,1,0.04799342155456543,0.0
2444,pop14,1,0.00044727325439453125,0.0
2444,pop50,2,0.0005919933319091797,8.940696716308594e-05
2444,pop17,4,0.0005463361740112305,7.915003097601647e-05
2444,pop51,1,0.0006432533264160156,0.0
2444,pop10,1,0.0004754066467285156,0.0
2445,pop41,2,0.01981675624847412,0.01915895938873291
2445,pop53,1,0.0005910396575927734,0.0
2445,pop52,4,0.0005667209625244141,5.911554893963335e-05
2445,pop34,1,0.0004420280456542969,0.0
2445,pop35,1,0.00041103363037109375,0.0
2446,pop4,2,0.01983511447906494,0.019194960594177246
2446,pop51,2,0.0005738735198974609,1.0967254638671875e-05
2446,pop10,4,0.0005841255187988281,5.0985354641540066e-05
2446,pop19,1,0.00057220458984375,0.0
2446,pop18,1,0.0004277229309082031,0.0
2447,pop40,2,0.018275022506713867,0.017678260803222656
2447,pop41,1,0.0006468296051025391,0.0
2447,pop53,1,0.0009119510650634766,0.0
2447,pop54,1,0.00046443939208984375,0.0
2447,pop52,4,0.000559687614440918,4.9999877723381e-05
2447,pop34,1,0.0004410743713378906,0.0
2447,pop35,1,0.00042176246643066406,0.0
2448,pop8,2,0.018551945686340332,0.01793372631072998
2448,pop51,2,0.0006271600723266602,3.933906555175781e-06
2448,pop10,3,0.013697067896525065,0.018674651161062122
2448,pop22,2,0.0005425214767456055,4.971027374267578e-05
2448,pop21,1,0.00025153160095214844,0.0
2448,pop23,1,0.00039196014404296875,0.0
2448,pop24,1,0.00027298927307128906,0.0
2449,pop44,2,0.02072930335998535,0.02008056640625
2449,pop50,2,0.0006477832794189453,3.528594970703125e-05
2449,pop33,2,0.0004954338073730469,1.4066696166992188e-05
2449,pop32,4,0.0005813837051391602,0.0001096428048192525
2449,pop51,1,0.0005128383636474609,0.0
2449,pop19,1,0.0005500316619873047,0.0
2449,pop20,1,0.0004909038543701172,0.0
2450,pop50,2,0.019824504852294922,0.01912379264831543
2450,pop33,2,0.000550389289855957,7.545948028564453e-05
2450,pop32,2,0.023211240768432617,0.022761821746826172
2450,pop37,3,0.00047246615091959637,1.7752536326823206e-05
2450,pop52,1,0.0004062652587890625,0.0
2451,pop16,3,0.013373692830403646,0.018132102823062105
2451,pop23,2,0.0004965066909790039,5.364418029785156e-06
2451,pop24,1,0.04935932159423828,0.0
2451,pop50,2,0.0006749629974365234,0.0003070831298828125
2451,pop14,1,0.0006613731384277344,0.0
2451,pop27,2,0.00041222572326660156,0.00014495849609375
2451,pop44,1,0.0003688335418701172,0.0
2451,pop25,1,0.00025177001953125,0.0
2451,pop17,4,0.00034868717193603516,7.088162704111357e-05
2451,pop53,1,0.0003345012664794922,0.0
2451,pop52,1,0.0005273818969726562,0.0
2452,pop41,2,0.018636584281921387,0.0179518461227417
2452,pop53,2,0.0007315874099731445,9.381771087646484e-05
2452,pop54,1,0.00048041343688964844,0.0
2452,pop52,3,0.0005951722462972006,7.403535665177622e-05
2452,pop1,1,0.0005121231079101562,0.0
2452,pop15,1,0.0004456043243408203,0.0
2453,pop24,3,0.03188896179199219,0.022081646708446638
2453,pop14,1,0.0005435943603515625,0.0
2453,pop50,2,0.000653386116027832,0.00033104419708251953
2453,pop44,1,0.0006425380706787109,0.0
2453,pop27,1,0.0004780292510986328,0.0
2453,pop25,1,0.00047206878662109375,0.0
2453,pop17,2,0.0006434917449951172,0.0001494884490966797
2453,pop51,1,0.0004582405090332031,0.0
2453,pop19,1,0.0002968311309814453,0.0
2453,pop18,1,0.0002586841583251953,0.0
2454,pop42,2,0.01977694034576416,0.019154906272888184
2454,pop43,1,0.0004899501800537109,0.0
2454,pop51,1,0.0006153583526611328,0.0
2454,pop53,4,0.00064849853515625,7.102132915063776e-05
2454,pop50,1,0.0006268024444580078,0.0
2454,pop44,1,0.00047779083251953125,0.0
2455,pop53,3,0.025348583857218426,0.01740649223156923
2455,pop54,2,0.019076824188232422,0.018576622009277344
2455,pop52,1,0.0005230903625488281,0.0
2455,pop55,2,0.0005209445953369141,3.62396240234375e-05
2455,pop50,1,0.0006308555603027344,0.0
2455,pop16,1,0.0004444122314453125,0.0
2456,pop6,3,0.014539639155069986,0.019817659261564362
2456,pop1,2,0.0005044937133789062,2.9087066650390625e-05
2456,pop53,2,0.0007054805755615234,0.000152587890625
2456,pop54,1,0.0005936622619628906,0.0
2456,pop52,3,0.0005772113800048828,0.00012971825911100166
2457,pop56,5,0.008926010131835938,0.016639000921771823
2457,pop48,1,0.0004799365997314453,0.0
2457,pop52,1,0.0005283355712890625,0.0
2457,pop53,1,0.0006253719329833984,0.0
2457,pop1,1,0.0004980564117431641,0.0
2457,pop6,1,0.0004737377166748047,0.0
2458,pop57,2,0.021963834762573242,0.021349430084228516
2458,pop56,1,0.00046062469482421875,0.0
2458,pop2,2,0.02291262149810791,0.02248251438140869
2458,pop49,1,0.00047898292541503906,0.0
2458,pop48,1,0.0004918575286865234,0.0
2458,pop52,4,0.0006533265113830566,0.00017265624065651127
2458,pop55,1,0.04001164436340332,0.0
2458,pop51,1,0.0002894401550292969,0.0
2459,pop23,2,0.02244889736175537,0.021790146827697754
2459,pop24,4,0.0005377531051635742,0.00010819075489329821
2459,pop14,1,0.00049591064453125,0.0
2459,pop50,1,0.0006341934204101562,0.0
2459,pop51,1,0.0006272792816162109,0.0
2459,pop19,1,0.0005066394805908203,0.0
2459,pop18,1,0.0004658699035644531,0.0
2460,pop52,4,0.01982814073562622,0.019292855870701602
2460,pop37,3,0.0005575815836588541,0.00012701458752105684
2460,pop51,1,0.0003364086151123047,0.0
2460,pop19,1,0.0003058910369873047,0.0
2460,pop20,1,0.0002570152282714844,0.0
2461,pop36,2,0.018277525901794434,0.017664790153503418
2461,pop51,1,0.0005595684051513672,0.0
2461,pop53,4,0.0006455183029174805,5.28457617606876e-05
2461,pop1,1,0.00052642822265625,0.0
2461,pop6,1,0.0004210472106933594,0.0
2462,pop28,2,0.01796877384185791,0.017364859580993652
2462,pop51,2,0.0004113912582397461,0.00010144710540771484
2462,pop53,6,0.024696509043375652,0.018492421049578014
2462,pop54,3,0.03382563591003418,0.00968141981978889
2462,pop1,2,0.0002815723419189453,1.6689300537109375e-06
2462,pop6,2,0.00033485889434814453,8.165836334228516e-05
2462,pop19,1,0.0004432201385498047,0.0
2462,pop20,1,0.0003781318664550781,0.0
2463,pop10,2,0.018486618995666504,0.01785147190093994
2463,pop51,2,0.0007086992263793945,0.0002859830856323242
2463,pop53,1,0.0005548000335693359,0.0
2463,pop50,3,0.0005211035410563151,0.00015121782827678227
2463,pop33,2,0.0005810260772705078,5.030632019042969e-05
2463,pop32,1,0.048865318298339844,0.0
2463,pop14,2,0.025257110595703125,0.02465963363647461
2463,pop24,4,0.0005436539649963379,0.00012236162892881027
2463,pop23,1,0.0002675056457519531,0.0
2463,pop16,1,0.0002524852752685547,0.0
2463,pop19,1,0.0003058910369873047,0.0
2463,pop18,1,0.00025844573974609375,0.0
2464,pop40,2,0.019338369369506836,0.01869940757751465
2464,pop41,1,0.0004980564117431641,0.0
2464,pop53,3,0.0006940364837646484,6.802607542871507e-05
2464,pop51,1,0.0005962848663330078,0.0
2464,pop19,1,0.0005450248718261719,0.0
2464,pop18,1,0.0005130767822265625,0.0
2465,pop16,2,0.020844459533691406,0.020203828811645508
2465,pop23,1,0.0004780292510986328,0.0
2465,pop24,4,0.0006336569786071777,0.00013049724733757605
2465,pop14,1,0.0005030632019042969,0.0
2465,pop50,1,0.0007097721099853516,0.0
2465,pop35,1,0.0004253387451171875,0.0
2466,pop47,4,0.017641067504882812,0.0171170950749689
2466,pop53,1,0.0006632804870605469,0.0
2466,pop50,2,0.0005513429641723633,0.0001977682113647461
2466,pop17,2,0.025284409523010254,0.02497994899749756
2466,pop25,2,0.0003720521926879883,0.00011527538299560547
2466,pop27,2,0.0005009174346923828,2.4080276489257812e-05
2466,pop55,1,0.0002601146697998047,0.0
2467,pop14,3,0.015151341756184896,0.020603091724020604
2467,pop24,1,0.04599785804748535,0.0
2467,pop50,3,0.0005017121632893881,0.0001523169871086176
2467,pop17,3,0.01625212033589681,0.02227339138823308
2467,pop25,2,0.0004805326461791992,2.5391578674316406e-05
2467,pop27,1,0.0006690025329589844,0.0
2467,pop55,2,0.010284900665283203,0.00979471206665039
2467,pop53,2,0.0003192424774169922,3.0994415283203125e-05
2467,pop52,2,0.0003522634506225586,4.494190216064453e-05
2467,pop1,1,0.0002949237823486328,0.0
2467,pop15,1,0.00024318695068359375,0.0
2468,pop45,2,0.021213531494140625,0.020620107650756836
2468,pop46,1,0.00047397613525390625,0.0
2468,pop20,1,0.04342174530029297,0.0
2468,pop19,1,0.0005776882171630859,0.0
2468,pop51,2,0.0005882978439331055,3.325939178466797e-05
2468,pop4,4,0.0005899667739868164,0.0001293365855302828
2468,pop53,1,0.0005717277526855469,0.0
2468,pop1,1,0.0005319118499755859,0.0
2468,pop6,1,0.00027251243591308594,0.0
2469,pop8,2,0.018167495727539062,0.01758432388305664
2469,pop51,3,0.0006519158681233724,3.584446234183761e-05
2469,pop4,3,0.014119704564412435,0.019301855435912584
2469,pop10,2,0.0006151199340820312,0.000141143798828125
2469,pop50,1,0.0005795955657958984,0.0
2469,pop35,1,0.00024175643920898438,0.0
2470,pop50,3,0.013678709665934244,0.018353694975096087
2470,pop33,2,0.0005068778991699219,8.344650268554688e-06
2470,pop32,4,0.0005556344985961914,7.473509792112398e-05
2470,pop51,1,0.0005924701690673828,0.0
2471,pop41,2,0.02033531665802002,0.01968848705291748
2471,pop53,5,0.021388483047485352,0.018722130791921525
2471,pop51,3,0.0006089210510253906,4.73131242928555e-05
2471,pop4,2,0.021432876586914062,0.020999670028686523
2471,pop10,1,0.04245758056640625,0.0
2471,pop54,5,0.012470436096191407,0.016134290347219422
2471,pop7,1,0.0002319812774658203,0.0
2472,pop52,2,0.019789934158325195,0.019094467163085938
2472,pop55,1,0.035836219787597656,0.0
2472,pop50,2,0.0006705522537231445,2.0384788513183594e-05
2472,pop17,1,0.04506087303161621,0.0
2472,pop25,1,0.000423431396484375,0.0
2472,pop27,1,0.0006120204925537109,0.0
2472,pop44,2,0.024219512939453125,0.023767471313476562
2472,pop14,3,0.01711885134379069,0.011908250482216522
2472,pop24,3,0.009249528249104818,0.012677382323671852
2472,pop23,1,0.00029206275939941406,0.0
2472,pop16,1,0.00025773048400878906,0.0
2473,pop30,2,0.018335461616516113,0.01770913600921631
2473,pop48,3,0.01640160878499349,0.022565560693684462
2473,pop49,1,0.047406911849975586,0.0
2473,pop56,2,0.048895835876464844,0.0009691715240478516
2473,pop2,1,0.04868888854980469,0.0
2473,pop52,2,0.00038421154022216797,8.14199447631836e-05
2473,pop12,4,0.00033295154571533203,0.00011522088148081183
2473,pop55,1,0.00026106834411621094,0.0
2473,pop50,1,0.00037980079650878906,0.0
2473,pop44,1,0.0003159046173095703,0.0
2474,pop32,4,0.011917591094970703,0.019541088278815556
2474,pop33,1,0.0005142688751220703,0.0
2474,pop50,1,0.0007255077362060547,0.0
2474,pop51,1,0.0006213188171386719,0.0
2475,pop22,5,0.007922124862670899,0.014609714463084766
2475,pop51,1,0.0006010532379150391,0.0
2475,pop53,1,0.0006966590881347656,0.0
2475,pop52,1,0.0005662441253662109,0.0
2476,pop21,5,0.009608650207519531,0.018053519694372536
2476,pop23,1,0.0005285739898681641,0.0
2476,pop16,1,0.00048422813415527344,0.0
2476,pop50,1,0.0006926059722900391,0.0
2476,pop53,1,0.0009455680847167969,0.0
2476,pop54,1,0.0004968643188476562,0.0
2476,pop52,1,0.0005297660827636719,0.0
2477,pop33,3,0.013961315155029297,0.018979851797954306
2477,pop32,2,0.02436518669128418,0.023805856704711914
2477,pop37,3,0.0004832744598388672,1.2476985872135394e-05
2477,pop52,1,0.0003058910369873047,0.0
2478,pop45,2,0.021735072135925293,0.02110922336578369
2478,pop44,4,0.000544130802154541,6.66496941745874e-05
2478,pop50,1,0.0005786418914794922,0.0
2478,pop16,1,0.0004324913024902344,0.0
2479,pop37,5,0.007215976715087891,0.013238497278822899
2479,pop33,1,0.0004856586456298828,0.0
2479,pop50,1,0.0006210803985595703,0.0
2479,pop51,1,0.0004930496215820312,0.0
2479,pop19,1,0.0005145072937011719,0.0
2479,pop18,1,0.00025177001953125,0.0
2480,pop9,4,0.009953796863555908,0.016230511202516625
2480,pop51,1,0.0006458759307861328,0.0
2480,pop53,1,0.0008966922760009766,0.0
2480,pop54,1,0.0004425048828125,0.0
2480,pop52,1,0.0006353855133056641,0.0
2481,pop47,2,0.016796231269836426,0.016201376914978027
2481,pop53,2,0.0004417896270751953,0.00015616416931152344
2481,pop50,2,0.0004665851593017578,0.00014281272888183594
2481,pop33,2,0.0006216764450073242,1.728534698486328e-05
2481,pop32,3,0.0006189346313476562,9.226911956463827e-05
2481,pop1,1,0.0002982616424560547,0.0
2481,pop15,1,0.00022459030151367188,0.0
2482,pop14,5,0.009097051620483399,0.016952417428074167
2482,pop50,1,0.0006628036499023438,0.0
2482,pop51,1,0.0005736351013183594,0.0
2482,pop19,1,0.0005431175231933594,0.0
2482,pop18,1,0.00046133995056152344,0.0
2483,pop52,3,0.012862284978230795,0.01737720040407624
2483,pop12,4,0.0005142092704772949,5.543587657837567e-05
2483,pop34,1,0.0004582405090332031,0.0
2483,pop35,1,0.0004267692565917969,0.0
2484,pop30,2,0.017452239990234375,0.016820192337036133
2484,pop31,1,0.0004630088806152344,0.0
2484,pop17,2,0.024646997451782227,0.024107694625854492
2484,pop25,2,0.0005178451538085938,4.673004150390625e-05
2484,pop27,2,0.0005404949188232422,7.367134094238281e-05
2484,pop14,2,0.00041222572326660156,1.430511474609375e-05
2484,pop24,1,0.0002639293670654297,0.0
2485,pop22,2,0.018792033195495605,0.01815187931060791
2485,pop21,3,0.0005547205607096354,0.00010476253320278856
2485,pop23,1,0.0005354881286621094,0.0
2485,pop16,1,0.0005040168762207031,0.0
2485,pop50,1,0.0006396770477294922,0.0
2485,pop53,1,0.0006222724914550781,0.0
2485,pop52,1,0.0002684593200683594,0.0
2486,pop33,2,0.021775364875793457,0.02113211154937744
2486,pop32,2,0.02356576919555664,0.02307915687561035
2486,pop50,2,0.0007038116455078125,1.9550323486328125e-05
2486,pop17,3,0.0006643136342366537,0.00010115249886590198
2486,pop51,1,0.0003180503845214844,0.0
2486,pop19,1,0.0002830028533935547,0.0
2486,pop20,1,0.0002491474151611328,0.0
2487,pop45,2,0.02171957492828369,0.021091341972351074
2487,pop44,1,0.0005156993865966797,0.0
2487,pop50,3,0.00047143300374348957,0.00011972543451743344
2487,pop33,2,0.0006074905395507812,0.00022268295288085938
2487,pop37,1,0.0004589557647705078,0.0
2487,pop52,1,0.0008411407470703125,0.0
2487,pop55,2,0.0002511739730834961,8.463859558105469e-06
2487,pop32,4,0.00029343366622924805,3.438330498801259e-05
2488,pop55,2,0.018233895301818848,0.017577528953552246
2488,pop50,2,0.0004514455795288086,0.0001119375228881836
2488,pop17,3,0.0006810824076334635,0.0002435933511249663
2488,pop25,1,0.0004971027374267578,0.0
2488,pop27,1,0.0004596710205078125,0.0
2488,pop44,1,0.00026869773864746094,0.0
2488,pop51,1,0.0003180503845214844,0.0
2488,pop19,1,0.0004343986511230469,0.0
2488,pop18,1,0.0002510547637939453,0.0
2489,pop39,2,0.020418882369995117,0.01974034309387207
2489,pop38,3,0.0004961490631103516,4.386037934970511e-05
2489,pop18,1,0.0004706382751464844,0.0
2489,pop19,1,0.0005567073822021484,0.0
2489,pop20,1,0.0004482269287109375,0.0
2490,pop9,4,0.010200321674346924,0.01662849371452523
2490,pop51,1,0.0006012916564941406,0.0
2490,pop53,1,0.0006148815155029297,0.0
2490,pop1,1,0.0005652904510498047,0.0
2490,pop15,1,0.0004172325134277344,0.0
2491,pop33,3,0.014662742614746094,0.019962328659302392
2491,pop32,3,0.0005608399709065756,0.0001392658865163273
2491,pop50,1,0.0007061958312988281,0.0
2491,pop16,1,0.0004458427429199219,0.0
2492,pop24,2,0.024348855018615723,0.023694396018981934
2492,pop14,1,0.0005333423614501953,0.0
2492,pop50,2,0.0006704330444335938,0.00032591819763183594
2492,pop44,1,0.0004992485046386719,0.0
2492,pop27,1,0.0004818439483642578,0.0
2492,pop25,1,0.0004699230194091797,0.0
2492,pop17,4,0.00043761730194091797,9.712221591095891e-05
2492,pop51,1,0.0003428459167480469,0.0
2492,pop10,1,0.0002582073211669922,0.0
2493,pop42,2,0.020084857940673828,0.01943182945251465
2493,pop43,1,0.0004942417144775391,0.0
2493,pop51,2,0.0006061792373657227,9.179115295410156e-06
2493,pop4,3,0.0005726814270019531,0.00015208090560138
2493,pop50,1,0.0006430149078369141,0.0
2493,pop35,1,0.00035190582275390625,0.0
2494,pop53,4,0.010195910930633545,0.01630639398545728
2494,pop52,1,0.0005545616149902344,0.0
2494,pop34,1,0.0004589557647705078,0.0
2494,pop35,1,0.0004410743713378906,0.0
2495,pop6,2,0.021978378295898438,0.021387815475463867
2495,pop1,1,0.0005409717559814453,0.0
2495,pop53,2,0.0006154775619506836,5.710124969482422e-05
2495,pop50,2,0.0008761882781982422,0.000186920166015625
2495,pop14,3,0.0005515416463216146,3.9779163270554825e-05
2495,pop27,4,0.008097827434539795,0.013380614060302365
2495,pop44,1,0.0003631114959716797,0.0
2495,pop25,2,0.00026106834411621094,1.4543533325195312e-05
2495,pop17,2,0.014236211776733398,0.013958454132080078
2495,pop24,2,0.0004565715789794922,8.487701416015625e-05
2495,pop7,1,0.0004208087921142578,0.0
2496,pop56,2,0.021766185760498047,0.021162986755371094
2496,pop2,1,0.00045180320739746094,0.0
2496,pop49,1,0.04496359825134277,0.0
2496,pop48,1,0.00046896934509277344,0.0
2496,pop52,2,0.0003998279571533203,0.00013256072998046875
2496,pop37,4,0.0005150437355041504,5.435535113353968e-05
2497,pop23,3,0.01497046152750651,0.02035771585170601
2497,pop21,2,0.025357842445373535,0.02488076686859131
2497,pop16,1,0.0004870891571044922,0.0
2497,pop50,3,0.0008179346720377604,0.00017591094441504475
2497,pop44,1,0.0007071495056152344,0.0
2497,pop17,2,0.0006966590881347656,7.867813110351562e-06
2497,pop53,1,0.0006003379821777344,0.0
2497,pop1,1,0.00032806396484375,0.0
2497,pop6,1,0.0002396106719970703,0.0
2498,pop36,2,0.018159031867980957,0.0175400972366333
2498,pop10,4,0.010920107364654541,0.018322924215020887
2498,pop51,2,0.0004831552505493164,0.00017845630645751953
2498,pop53,2,0.043973326683044434,0.0008429288864135742
2498,pop54,1,0.041483163833618164,0.0
2498,pop41,1,0.0004832744598388672,0.0
2498,pop40,1,0.021674633026123047,0.0
2498,pop43,1,0.00028324127197265625,0.0
2499,pop22,5,0.007926607131958007,0.014748716156807591
2499,pop51,1,0.0005807876586914062,0.0
2499,pop53,1,0.0005385875701904297,0.0
2499,pop1,1,0.0005042552947998047,0.0
2499,pop15,1,0.0002446174621582031,0.0
2500,pop45,2,0.022020578384399414,0.021370410919189453
2500,pop44,2,0.021663427352905273,0.02120685577392578
2500,pop50,2,0.0006654262542724609,0.0003273487091064453
2500,pop27,1,0.0004892349243164062,0.0
2500,pop25,1,0.0004229545593261719,0.0
2500,pop17,4,0.0004388093948364258,9.055112838208969e-05
2500,pop53,1,0.00035762786865234375,0.0
2500,pop1,1,0.0002849102020263672,0.0
2500,pop15,1,0.0002315044403076172,0.0
2501,pop55,2,0.018370509147644043,0.01770603656768799
2501,pop50,2,0.0005534887313842773,0.00023663043975830078
2501,pop17,2,0.02348494529724121,0.02284073829650879
2501,pop25,1,0.0006284713745117188,0.0
2501,pop27,1,0.0004856586456298828,0.0
2501,pop14,3,0.008556683858235678,0.0114982003049058
2501,pop24,2,0.00032210350036621094,4.9114227294921875e-05
2501,pop53,1,0.00033664703369140625,0.0
2501,pop7,1,0.0002548694610595703,0.0
2502,pop38,3,0.03068407376607259,0.021280700842748617
2502,pop18,1,0.0004832744598388672,0.0
2502,pop19,1,0.0005590915679931641,0.0
2502,pop51,3,0.0005057652791341146,0.00015054521808347403
2502,pop4,1,0.04335498809814453,0.0
2502,pop53,3,0.02166859308878581,0.017512378697827895
2502,pop54,1,0.042376041412353516,0.0
2502,pop52,3,0.00045951207478841144,7.514141023232359e-05
2502,pop50,2,0.0004812479019165039,1.1324882507324219e-05
2502,pop44,1,0.0002818107604980469,0.0
2503,pop39,2,0.020651936531066895,0.02001965045928955
2503,pop38,3,0.0004898707071940104,5.20140000840613e-05
2503,pop18,1,0.0006377696990966797,0.0
2503,pop19,1,0.0005578994750976562,0.0
2503,pop51,1,0.0006003379821777344,0.0
2503,pop10,1,0.0004684925079345703,0.0
2504,pop42,2,0.01986563205718994,0.019219517707824707
2504,pop43,1,0.00044608116149902344,0.0
2504,pop51,3,0.0004992485046386719,0.00014958975217434984
2504,pop4,1,0.04115414619445801,0.0
2504,pop22,4,0.00047779083251953125,3.8985265316409664e-05
2504,pop53,1,0.0006730556488037109,0.0
2504,pop7,1,0.00024819374084472656,0.0
2504,pop6,1,0.0002391338348388672,0.0
2505,pop53,2,0.019533514976501465,0.0188218355178833
2505,pop54,2,0.01983463764190674,0.01936042308807373
2505,pop52,1,0.0005161762237548828,0.0
2505,pop55,2,0.0006202459335327148,6.92605972290039e-05
2505,pop50,1,0.0007627010345458984,0.0
2505,pop51,1,0.0005548000335693359,0.0
2505,pop10,1,0.0004429817199707031,0.0
2506,pop46,2,0.020753979682922363,0.02014601230621338
2506,pop20,1,0.04368162155151367,0.0
2506,pop19,1,0.0004799365997314453,0.0
2506,pop51,2,0.0005860328674316406,7.152557373046875e-06
2506,pop4,3,0.0005285739898681641,0.00010235147895516021
2506,pop53,1,0.0006039142608642578,0.0
2506,pop1,1,0.0004990100860595703,0.0
2506,pop15,1,0.0004115104675292969,0.0
2507,pop18,2,0.02146732807159424,0.020845770835876465
2507,pop19,1,0.0006327629089355469,0.0
2507,pop20,3,0.014891306559244791,0.02057341185872276
2507,pop46,2,0.0004705190658569336,1.3947486877441406e-05
2507,pop45,2,0.0004597902297973633,2.658367156982422e-05
2507,pop44,2,0.000599980354309082,0.00013840198516845703
2508,pop27,2,0.023279547691345215,0.022636771202087402
2508,pop25,1,0.0004737377166748047,0.0
2508,pop17,3,0.0005975564320882162,0.00011037695918190975
2508,pop50,1,0.0006644725799560547,0.0
2508,pop35,1,0.00041985511779785156,0.0
2509,pop48,2,0.021596431732177734,0.020936250686645508
2509,pop52,1,0.0005581378936767578,0.0
2509,pop37,2,0.018793106079101562,0.018297910690307617
2509,pop33,2,0.0003656148910522461,0.00010502338409423828
2509,pop32,2,0.0004658699035644531,6.508827209472656e-05
2509,pop50,1,0.00032782554626464844,0.0
2509,pop53,1,0.0003693103790283203,0.0
2509,pop1,1,0.0002834796905517578,0.0
2509,pop6,1,0.0003695487976074219,0.0
2510,pop32,4,0.024356424808502197,0.023806395876444925
2510,pop33,1,0.0006582736968994141,0.0
2511,pop21,2,0.024173378944396973,0.02353060245513916
2511,pop23,1,0.046705007553100586,0.0
2511,pop16,2,0.0003720521926879883,0.00012671947479248047
2511,pop50,3,0.00043694178263346356,0.00014944228348903892
2511,pop17,5,0.010106849670410156,0.019434733227788825
2511,pop25,1,0.0004703998565673828,0.0
2511,pop27,1,0.0004992485046386719,0.0
2511,pop14,1,0.02465367317199707,0.0
2512,pop56,3,0.030411720275878906,0.021081620335575008
2512,pop2,3,0.0005563100179036459,0.00012961616544810561
2512,pop49,1,0.0004715919494628906,0.0
2512,pop48,1,0.00046372413635253906,0.0
2512,pop52,1,0.0005710124969482422,0.0
2512,pop53,1,0.0006022453308105469,0.0
2512,pop51,1,0.0004296302795410156,0.0
2512,pop19,1,0.0003077983856201172,0.0
2512,pop20,1,0.00025963783264160156,0.0
2513,pop45,2,0.02111804485321045,0.020494818687438965
2513,pop44,1,0.00046634674072265625,0.0
2513,pop50,4,0.0006036758422851562,0.00030329921741603844
2513,pop14,5,0.006160163879394531,0.011302765845951456
2513,pop27,2,0.0004942417144775391,4.291534423828125e-06
2513,pop25,2,0.0005321502685546875,0.0001285076141357422
2513,pop17,2,0.013205409049987793,0.012902140617370605
2513,pop24,5,0.006475496292114258,0.011971369727283509
2513,pop53,1,0.0006165504455566406,0.0
2513,pop1,1,0.0005495548248291016,0.0
2513,pop15,1,0.00024127960205078125,0.0
2514,pop31,2,0.018810033798217773,0.01819157600402832
2514,pop17,4,0.0005714297294616699,0.00013717870115401333
2514,pop50,1,0.0006496906280517578,0.0
2514,pop35,1,0.0002257823944091797,0.0
2515,pop4,2,0.019986987113952637,0.01936209201812744
2515,pop51,1,0.0006272792816162109,0.0
2515,pop50,2,0.0007572174072265625,0.00028967857360839844
2515,pop14,1,0.0005254745483398438,0.0
2515,pop27,2,0.0004864931106567383,9.429454803466797e-05
2515,pop44,1,0.00040650367736816406,0.0
2515,pop25,1,0.00029349327087402344,0.0
2515,pop17,3,0.00034928321838378906,6.507939265307919e-05
2515,pop53,1,0.0003044605255126953,0.0
2515,pop1,1,0.0002875328063964844,0.0
2515,pop6,1,0.0004286766052246094,0.0
2516,pop47,2,0.017507314682006836,0.016877174377441406
2516,pop53,1,0.0006451606750488281,0.0
2516,pop50,3,0.0006395975748697916,4.689572172779061e-05
2516,pop17,4,0.013212025165557861,0.02182212456371525
2516,pop25,2,0.0003871917724609375,0.00010704994201660156
2516,pop27,2,0.00038874149322509766,0.0001138448715209961
2516,pop14,2,0.00028264522552490234,1.609325408935547e-05
2516,pop24,2,0.014276981353759766,0.01399683952331543
2516,pop44,1,0.0002791881561279297,0.0
2516,pop55,1,0.0004961490631103516,0.0
2517,pop52,6,0.014350811640421549,0.019547138112911287
2517,pop54,1,0.03871774673461914,0.0
2517,pop55,1,0.03648662567138672,0.0
2517,pop48,2,0.024102210998535156,0.023586273193359375
2517,pop12,2,0.0003491640090942383,0.00010216236114501953
2518,pop39,2,0.020564675331115723,0.019954562187194824
2518,pop44,1,0.0004925727844238281,0.0
2518,pop50,2,0.0006030797958374023,8.702278137207031e-06
2518,pop17,2,0.02570497989654541,0.025237441062927246
2518,pop55,3,0.00043654441833496094,0.0001582073306205468
2518,pop52,1,0.0003006458282470703,0.0
2518,pop34,1,0.0002522468566894531,0.0
2518,pop35,1,0.00024271011352539062,0.0
2519,pop42,2,0.020089030265808105,0.01946580410003662
2519,pop43,2,0.0004690885543823242,1.1801719665527344e-05
2519,pop40,4,0.000529944896697998,8.817465209927428e-05
2519,pop51,1,0.0007250308990478516,0.0
2519,pop10,1,0.0006031990051269531,0.0
2520,pop44,5,0.008845806121826172,0.01679374295471237
2520,pop50,3,0.0006343523661295573,0.00015666807973907778
2520,pop27,3,0.01024174690246582,0.013897565037970953
2520,pop25,3,0.0002562204996744792,1.2550171223049909e-05
2520,pop17,5,0.0059015750885009766,0.01074518226251841
2520,pop51,1,0.0006949901580810547,0.0
2520,pop10,1,0.0004749298095703125,0.0
2521,pop9,5,0.008278751373291015,0.015399338650909476
2521,pop51,1,0.0005686283111572266,0.0
2521,pop53,1,0.0005855560302734375,0.0
2521,pop52,1,0.0003402233123779297,0.0
2522,pop33,3,0.014936208724975586,0.02033060761163311
2522,pop32,1,0.0475616455078125,0.0
2522,pop50,2,0.0006854534149169922,2.384185791015625e-07
2522,pop17,3,0.0006126562754313151,8.293045269517974e-05
2522,pop53,1,0.0005986690521240234,0.0
2522,pop1,1,0.0006563663482666016,0.0
2522,pop15,1,0.0004475116729736328,0.0
2523,pop46,2,0.020780205726623535,0.02014482021331787
2523,pop45,1,0.0005109310150146484,0.0
2523,pop44,1,0.0004949569702148438,0.0
2523,pop50,3,0.0006194114685058594,3.104999644914437e-05
2523,pop17,2,0.04859590530395508,0.0003027915954589844
2523,pop14,1,0.04799342155456543,0.0
2523,pop31,1,0.00023746490478515625,0.0
2523,pop30,1,0.0002410411834716797,0.0
2523,pop48,1,0.0002560615539550781,0.0
2523,pop52,2,0.0002675056457519531,2.384185791015625e-07
2523,pop54,1,0.022734880447387695,0.0
2523,pop13,1,0.025024890899658203,0.0
2524,pop32,6,0.01557330290476481,0.02148347256713818
2524,pop33,3,0.00038512547810872394,0.00015976966445223808
2524,pop37,1,0.03879237174987793,0.0
2524,pop50,1,0.00034308433532714844,0.0
2524,pop51,1,0.0003383159637451172,0.0
2524,pop19,1,0.00029754638671875,0.0
2524,pop18,1,0.000263214111328125,0.0
2525,pop21,5,0.009945249557495118,0.018805723346811586
2525,pop23,1,0.0005104541778564453,0.0
2525,pop16,1,0.0004584789276123047,0.0
2525,pop50,1,0.0006775856018066406,0.0
2525,pop51,1,0.0005919933319091797,0.0
2526,pop56,4,0.011667132377624512,0.01926429338186436
2526,pop48,1,0.0004687309265136719,0.0
2526,pop52,1,0.0005476474761962891,0.0
2527,pop47,4,0.00911247730255127,0.014859096929731896
2527,pop51,1,0.0006105899810791016,0.0
2528,pop52,4,0.01050710678100586,0.017152563515624657
2528,pop54,4,0.009876012802124023,0.016102759724936574
2528,pop55,1,0.036505937576293945,0.0
2528,pop53,1,0.0003211498260498047,0.0
2528,pop1,1,0.00027823448181152344,0.0
2528,pop6,1,0.00025010108947753906,0.0
2529,pop42,2,0.020163774490356445,0.019541263580322266
2529,pop43,1,0.00045108795166015625,0.0
2529,pop51,2,0.0006717443466186523,1.633167266845703e-05
2529,pop50,3,0.0006729761759440104,6.616314845859632e-05
2529,pop17,1,0.049202680587768555,0.0
2529,pop14,3,0.0006102720896402994,0.0001079756890354161
2529,pop19,1,0.0002951622009277344,0.0
2529,pop20,1,0.0002675056457519531,0.0
2530,pop57,2,0.023732662200927734,0.023101091384887695
2530,pop56,1,0.00048470497131347656,0.0
2530,pop2,2,0.023139595985412598,0.02268683910369873
2530,pop49,2,0.02373504638671875,0.023293495178222656
2530,pop48,1,0.0004971027374267578,0.0
2530,pop52,2,0.0006070137023925781,2.9802322387695312e-05
2530,pop3,1,0.0002377033233642578,0.0
2530,pop0,1,0.0002655982971191406,0.0
2530,pop1,1,0.0002906322479248047,0.0
2530,pop15,1,0.0002357959747314453,0.0
2531,pop28,2,0.019298911094665527,0.01868116855621338
2531,pop51,2,0.00044918060302734375,0.00015282630920410156
2531,pop50,2,0.0006241798400878906,4.172325134277344e-05
2531,pop17,4,0.0005559325218200684,7.794836019284783e-05
2531,pop25,1,0.0002644062042236328,0.0
2531,pop27,1,0.0003924369812011719,0.0
2531,pop14,1,0.0002617835998535156,0.0
2531,pop19,1,0.0004298686981201172,0.0
2531,pop20,1,0.000362396240234375,0.0
2531,pop46,1,0.0002613067626953125,0.0
2531,pop45,1,0.0002582073211669922,0.0
2531,pop44,1,0.0005080699920654297,0.0
2532,pop10,6,0.007051587104797363,0.014568104114227895
2532,pop51,3,0.0005992253621419271,2.2663842672793137e-05
2532,pop4,1,0.04187631607055664,0.0
2533,pop40,3,0.026746511459350586,0.018463893392580633
2533,pop41,3,0.0004965464274088541,8.61025261332974e-06
2533,pop53,3,0.027833859125773113,0.0194277901032741
2533,pop50,1,0.0006582736968994141,0.0
2533,pop55,2,0.010990381240844727,0.010339498519897461
2533,pop52,5,0.004839563369750976,0.008945513236113502
2533,pop54,1,0.020865201950073242,0.0
2533,pop34,1,0.0003631114959716797,0.0
2533,pop35,1,0.0002372264862060547,0.0
2534,pop16,2,0.021357297897338867,0.020714759826660156
2534,pop50,2,0.0006971359252929688,3.981590270996094e-05
2534,pop17,4,0.0005567073822021484,4.3444222379331854e-05
2534,pop51,1,0.0005576610565185547,0.0
2535,pop24,2,0.0236361026763916,0.023011207580566406
2535,pop23,4,0.0005113482475280762,3.296708062674424e-05
2535,pop16,1,0.0004544258117675781,0.0
2536,pop23,3,0.03099234898885091,0.021489999688720895
2536,pop24,3,0.0005472501118977865,4.470600898108517e-05
2536,pop14,1,0.0005276203155517578,0.0
2536,pop50,1,0.0007059574127197266,0.0
2536,pop55,1,0.0004875659942626953,0.0
2537,pop36,2,0.018498539924621582,0.01789557933807373
2537,pop51,3,0.0006379286448160807,5.3157660586731975e-05
2537,pop4,1,0.043912649154663086,0.0
2537,pop10,2,0.02142775058746338,0.020939230918884277
2537,pop53,3,0.00038814544677734375,4.869384543383894e-05
2537,pop52,1,0.00027942657470703125,0.0
2538,pop31,2,0.01767706871032715,0.017004728317260742
2538,pop17,3,0.0006334781646728516,0.0001326388933647769
2538,pop25,1,0.0006084442138671875,0.0
2539,pop33,2,0.022038578987121582,0.021407723426818848
2539,pop50,2,0.0005992650985717773,1.9431114196777344e-05
2539,pop17,4,0.000534355640411377,4.992845251529774e-05
2539,pop44,1,0.0004973411560058594,0.0
2540,pop56,5,0.009294795989990234,0.017485908989748365
2540,pop48,1,0.00046372413635253906,0.0
2540,pop52,1,0.0005097389221191406,0.0
2540,pop53,1,0.0006086826324462891,0.0
2540,pop51,1,0.0006148815155029297,0.0
2541,pop47,3,0.023209333419799805,0.016033366545884113
2541,pop53,2,0.0005047321319580078,0.00016736984252929688
2541,pop1,2,0.0004698038101196289,7.37905502319336e-05
2541,pop6,2,0.0006532669067382812,0.00019669532775878906
2541,pop52,1,0.0002758502960205078,0.0
2542,pop8,2,0.018840670585632324,0.018210530281066895
2542,pop51,3,0.0006870428721110026,0.0001106399791573249
2542,pop4,1,0.040795087814331055,0.0
2542,pop10,1,0.04240298271179199,0.0
2542,pop11,1,0.0004496574401855469,0.0
2542,pop43,1,0.0005278587341308594,0.0
2542,pop53,2,0.010842323303222656,0.010085582733154297
2542,pop54,1,0.020874738693237305,0.0
2542,pop52,2,0.023105263710021973,0.0003408193588256836
2542,pop55,2,0.01067960262298584,0.010410666465759277
2542,pop12,2,0.0003304481506347656,6.29425048828125e-05
2543,pop50,5,0.008701133728027343,0.016222355761601862
2543,pop17,3,0.015446662902832031,0.021043808699754696
2543,pop44,4,0.011897921562194824,0.019888255668811805
2544,pop41,2,0.021010756492614746,0.020380377769470215
2544,pop53,1,0.0006937980651855469,0.0
2544,pop50,1,0.0009562969207763672,0.0
2544,pop44,1,0.00043702125549316406,0.0
2544,pop27,1,0.0005846023559570312,0.0
2545,pop44,2,0.021808743476867676,0.02114236354827881
2545,pop50,3,0.0005639394124348959,0.00033815007925479
2545,pop14,2,0.0004892349243164062,0.0001971721649169922
2545,pop27,1,0.00048661231994628906,0.0
2545,pop25,1,0.0005295276641845703,0.0
2545,pop17,2,0.012739062309265137,0.012027621269226074
2545,pop16,2,0.0004156827926635742,0.00015223026275634766
2545,pop23,3,0.008747498194376627,0.01199083478835045
2545,pop21,2,0.0004037618637084961,0.00012767314910888672
2545,pop24,1,0.0002624988555908203,0.0
2545,pop53,1,0.0003199577331542969,0.0
2545,pop1,1,0.0003116130828857422,0.0
2545,pop6,1,0.000255584716796875,0.0
2546,pop9,5,0.008157777786254882,0.015258238291784076
2546,pop51,1,0.0006327629089355469,0.0
2546,pop50,1,0.0003421306610107422,0.0
2546,pop16,1,0.0003895759582519531,0.0
2547,pop52,2,0.019725918769836426,0.01904761791229248
2547,pop54,3,0.0005524953206380209,9.087164623676869e-05
2547,pop53,1,0.0006260871887207031,0.0
2547,pop1,1,0.0005195140838623047,0.0
2547,pop6,1,0.0004303455352783203,0.0
2548,pop24,5,0.019710254669189454,0.02343285663671607
2548,pop23,1,0.04673266410827637,0.0
2548,pop14,1,0.0005269050598144531,0.0
2548,pop50,1,0.0006475448608398438,0.0
2548,pop53,1,0.0006709098815917969,0.0
2548,pop52,1,0.0005066394805908203,0.0
2549,pop56,2,0.022146940231323242,0.021496295928955078
2549,pop2,4,0.0004981756210327148,5.023975058189654e-05
2549,pop49,1,0.0004863739013671875,0.0
2549,pop48,1,0.0005090236663818359,0.0
2549,pop52,1,0.0005185604095458984,0.0
2549,pop53,1,0.00034332275390625,0.0
2549,pop51,1,0.0003261566162109375,0.0
2550,pop18,3,0.014989137649536133,0.02040550847088153
2550,pop38,4,0.0005208253860473633,2.172260184274164e-05
2550,pop19,1,0.0005738735198974609,0.0
2550,pop51,1,0.0005614757537841797,0.0
2550,pop10,1,0.0002644062042236328,0.0
2551,pop57,2,0.02293848991394043,0.022332429885864258
2551,pop56,4,0.0005725622177124023,0.00010859992449129062
2551,pop48,1,0.0005316734313964844,0.0
2551,pop52,1,0.0005240440368652344,0.0
2551,pop53,1,0.0006775856018066406,0.0
2551,pop50,1,0.0003426074981689453,0.0
2551,pop14,1,0.0002810955047607422,0.0
2551,pop24,1,0.0002491474151611328,0.0
2552,pop28,2,0.01886916160583496,0.018257856369018555
2552,pop51,1,0.0006513595581054688,0.0
2552,pop50,2,0.0007015466690063477,3.254413604736328e-05
2552,pop17,1,0.0514681339263916,0.0
2552,pop31,1,0.00029349327087402344,0.0
2552,pop30,1,0.0002541542053222656,0.0
2552,pop48,1,0.0002846717834472656,0.0
2552,pop52,4,0.01367729902267456,0.023185974861160922
2552,pop54,1,0.022556543350219727,0.0
2552,pop13,1,0.025203704833984375,0.0
2552,pop55,1,0.023563623428344727,0.0
2552,pop53,1,0.0007283687591552734,0.0
2552,pop12,2,0.031249284744262695,0.030626773834228516
2553,pop10,2,0.02047133445739746,0.019816875457763672
2553,pop51,1,0.000545501708984375,0.0
2553,pop50,2,0.0006761550903320312,9.274482727050781e-05
2553,pop17,4,0.0006298422813415527,5.782483104852401e-05
2553,pop53,1,0.0005750656127929688,0.0
2553,pop7,1,0.0003554821014404297,0.0
2554,pop23,2,0.02363145351409912,0.022953152656555176
2554,pop24,3,0.0005591710408528646,6.378171087134633e-05
2554,pop14,1,0.0005292892456054688,0.0
2554,pop50,1,0.0006575584411621094,0.0
2554,pop51,1,0.0007195472717285156,0.0
2555,pop33,2,0.022613048553466797,0.021939754486083984
2555,pop50,3,0.0006019274393717448,0.0003502791332148875
2555,pop14,2,0.0004105567932128906,0.0001308917999267578
2555,pop27,2,0.0004960298538208008,2.1576881408691406e-05
2555,pop25,1,0.0006892681121826172,0.0
2555,pop17,3,0.0003108978271484375,3.624746589140704e-05
2555,pop55,1,0.00026106834411621094,0.0
2556,pop47,2,0.01783287525177002,0.01721322536468506
2556,pop53,2,0.0005056858062744141,0.00019240379333496094
2556,pop50,2,0.0005295276641845703,0.0001537799835205078
2556,pop17,3,0.017130057017008465,0.023718162441771305
2556,pop25,2,0.0003701448440551758,0.00010073184967041016
2556,pop27,2,0.013388395309448242,0.012909412384033203
2556,pop1,1,0.00027298927307128906,0.0
2556,pop15,1,0.00023889541625976562,0.0
2557,pop8,2,0.01955235004425049,0.018953680992126465
2557,pop51,1,0.0004887580871582031,0.0
2557,pop50,3,0.0006425380706787109,0.00010515331536578839
2557,pop17,2,0.04837608337402344,0.0001506805419921875
2557,pop14,1,0.04888796806335449,0.0
2557,pop25,1,0.0006120204925537109,0.0
2558,pop9,5,0.007936525344848632,0.014786320411838288
2558,pop51,1,0.0006256103515625,0.0
2558,pop10,1,0.0002422332763671875,0.0
2559,pop52,2,0.019953131675720215,0.01930058002471924
2559,pop55,3,0.0005660057067871094,0.00013415757870009615
2559,pop50,1,0.0006597042083740234,0.0
2559,pop53,1,0.0006513595581054688,0.0
2559,pop1,1,0.0005671977996826172,0.0
2559,pop6,1,0.0004291534423828125,0.0
2560,pop24,5,0.00969071388244629,0.018299454539422937
2561,pop37,5,0.0074898719787597655,0.01396092201851854
2561,pop52,1,0.0004723072052001953,0.0
2562,pop14,2,0.023654937744140625,0.02297687530517578
2562,pop24,3,0.0005399386088053385,4.642425993133447e-05
2563,pop30,3,0.012805938720703125,0.017392815444515836
2563,pop31,2,0.00037872791290283203,0.00011432170867919922
2563,pop17,4,0.0005538463592529297,3.935242917196375e-05
2563,pop48,1,0.00030493736267089844,0.0
2563,pop52,1,0.0002894401550292969,0.0
2563,pop53,1,0.0003688335418701172,0.0
2563,pop51,1,0.00046753883361816406,0.0
2563,pop19,1,0.0003044605255126953,0.0
2563,pop18,1,0.0004737377166748047,0.0
2564,pop39,2,0.020989179611206055,0.02037644386291504
2564,pop38,2,0.024069905281066895,0.023597121238708496
2564,pop18,1,0.0005381107330322266,0.0
2564,pop19,2,0.0005145072937011719,1.9550323486328125e-05
2564,pop20,1,0.04552507400512695,0.0
2564,pop51,2,0.0004239082336425781,8.988380432128906e-05
2564,pop4,2,0.0003452301025390625,9.655952453613281e-05
2564,pop50,1,0.000362396240234375,0.0
2564,pop35,1,0.00025343894958496094,0.0
2565,pop41,2,0.020418405532836914,0.019803524017333984
2565,pop53,2,0.0005443096160888672,2.384185791015625e-05
2565,pop1,2,0.0005228519439697266,1.0251998901367188e-05
2565,pop6,3,0.0005150636037190756,3.603951799383209e-05
2565,pop51,1,0.0002818107604980469,0.0
2566,pop18,2,0.02163219451904297,0.021012544631958008
2566,pop19,1,0.0005140304565429688,0.0
2566,pop51,2,0.00042366981506347656,0.00011992454528808594
2566,pop22,3,0.0005851586659749349,0.00017342066971023714
2566,pop53,1,0.00031638145446777344,0.0
2566,pop1,1,0.0002925395965576172,0.0
2566,pop6,1,0.00023889541625976562,0.0
2567,pop57,2,0.02402055263519287,0.02336704730987549
2567,pop56,1,0.00045871734619140625,0.0
2567,pop48,1,0.0006227493286132812,0.0
2567,pop52,1,0.0006690025329589844,0.0
2567,pop55,2,0.02067422866821289,0.020206451416015625
2567,pop50,3,0.0004451274871826172,0.00015507291300889667
2567,pop17,1,0.052098989486694336,0.0
2567,pop33,2,0.0003325939178466797,6.318092346191406e-05
2567,pop32,3,0.0003502368927001953,5.9197305526042877e-05
2567,pop16,1,0.0002727508544921875,0.0
2568,pop52,4,0.010539889335632324,0.01738545137587028
2568,pop55,1,0.037127017974853516,0.0
2568,pop48,3,0.031108697255452473,0.02180941841987772
2568,pop56,3,0.02468427022298177,0.019664043676249975
2568,pop2,2,0.025930047035217285,0.00023376941680908203
2568,pop49,4,0.006624460220336914,0.01096303202489953
2568,pop53,1,0.00044655799865722656,0.0
2568,pop50,1,0.00032019615173339844,0.0
2568,pop44,1,0.00039505958557128906,0.0
2569,pop24,4,0.01280057430267334,0.021101110336141805
2569,pop14,1,0.0005605220794677734,0.0
2569,pop50,1,0.0006203651428222656,0.0
2569,pop35,1,0.00044155120849609375,0.0
2570,pop21,3,0.03306134541829427,0.022929625684904347
2570,pop23,1,0.0005078315734863281,0.0
2570,pop24,3,0.000568230946858724,0.00010602030969881281
2570,pop14,1,0.00052642822265625,0.0
2570,pop50,1,0.0007524490356445312,0.0
2570,pop35,1,0.00023293495178222656,0.0
2571,pop28,2,0.019657254219055176,0.01902592182159424
2571,pop51,2,0.0004943609237670898,0.0001627206802368164
2571,pop22,3,0.0003963311513264974,0.00010274639069208137
2571,pop53,1,0.0003333091735839844,0.0
2571,pop1,1,0.00028967857360839844,0.0
2571,pop15,1,0.00022745132446289062,0.0
2572,pop10,2,0.020470380783081055,0.019823312759399414
2572,pop51,1,0.00064849853515625,0.0
2572,pop43,1,0.0005078315734863281,0.0
2572,pop40,3,0.015003283818562826,0.020511979771296176
2572,pop41,1,0.0004761219024658203,0.0
2572,pop53,3,0.014472643534342447,0.01988073702453554
2572,pop54,1,0.020489215850830078,0.0
2572,pop7,1,0.00023484230041503906,0.0
2573,pop23,2,0.023751139640808105,0.023073792457580566
2573,pop24,3,0.0006009737650553385,0.00016808113397082252
2573,pop14,1,0.0004999637603759766,0.0
2573,pop50,1,0.000736236572265625,0.0
2573,pop51,1,0.0006034374237060547,0.0
2573,pop10,1,0.0004737377166748047,0.0
2574,pop9,5,0.00835247039794922,0.015573385141997891
2574,pop51,1,0.0006000995635986328,0.0
2574,pop53,1,0.0003361701965332031,0.0
2574,pop52,1,0.0002598762512207031,0.0
2575,pop18,3,0.015129168828328451,0.020634800352022822
2575,pop38,3,0.0005721251169840494,0.00010502445906215128
2575,pop19,1,0.0005447864532470703,0.0
2575,pop51,1,0.0005974769592285156,0.0
2575,pop50,1,0.0007512569427490234,0.0
2575,pop14,1,0.0002942085266113281,0.0
2575,pop24,1,0.0002548694610595703,0.0
2576,pop6,3,0.030330816904703777,0.02109117913512981
2576,pop1,1,0.0005240440368652344,0.0
2576,pop53,1,0.0006279945373535156,0.0
2576,pop41,1,0.0005092620849609375,0.0
2576,pop40,3,0.0005443890889485677,8.180741777884083e-05
2576,pop43,1,0.0002624988555908203,0.0
2576,pop51,1,0.0003085136413574219,0.0
2576,pop10,1,0.0002701282501220703,0.0
2577,pop22,4,0.010094225406646729,0.016440455466440768
2577,pop51,1,0.0005862712860107422,0.0
2577,pop19,1,0.0005433559417724609,0.0
2577,pop18,1,0.00038170814514160156,0.0
2578,pop55,5,0.007827472686767579,0.014467358807452438
2578,pop50,1,0.0006375312805175781,0.0
2578,pop51,1,0.0006387233734130859,0.0
2578,pop10,1,0.0004596710205078125,0.0
2579,pop40,2,0.020261764526367188,0.01960921287536621
2579,pop41,1,0.0006301403045654297,0.0
2579,pop53,4,0.005980014801025391,0.009290533532379545
2579,pop1,2,0.0006023645401000977,6.16312026977539e-05
2579,pop6,1,0.04651927947998047,0.0
2579,pop52,4,0.006098747253417969,0.009925129393330085
2579,pop54,3,0.014055331548055014,0.009757780534979573
2579,pop12,2,0.0003415346145629883,9.071826934814453e-05
2579,pop51,1,0.0003643035888671875,0.0
2579,pop10,1,0.0002570152282714844,0.0
2580,pop36,2,0.01912248134613037,0.01853787899017334
2580,pop51,2,0.00042748451232910156,0.00012826919555664062
2580,pop4,3,0.0005523363749186198,0.00011039961657136642
2580,pop53,1,0.0003802776336669922,0.0
2580,pop1,1,0.00029397010803222656,0.0
2580,pop15,1,0.00022339820861816406,0.0
2581,pop31,2,0.01928079128265381,0.018675684928894043
2581,pop30,1,0.0004508495330810547,0.0
2581,pop48,4,0.01819908618927002,0.01976310910708877
2581,pop56,3,0.017386595408121746,0.024161518145894144
2581,pop52,1,0.00029397010803222656,0.0
2581,pop34,1,0.00024247169494628906,0.0
2581,pop35,1,0.0002384185791015625,0.0
2582,pop57,2,0.02317345142364502,0.02254354953765869
2582,pop56,2,0.02432870864868164,0.023854732513427734
2582,pop2,2,0.024564623832702637,0.02408897876739502
2582,pop49,2,0.024845480918884277,0.024219870567321777
2582,pop48,1,0.00048279762268066406,0.0
2582,pop52,3,0.0005437533060709635,0.00010802621607320212
2582,pop55,2,0.010538458824157715,0.010271191596984863
2582,pop54,1,0.02184748649597168,0.0
2582,pop53,2,0.011674642562866211,0.011096715927124023
2582,pop1,2,0.00045871734619140625,0.0001747608184814453
2582,pop6,2,0.0003285408020019531,7.581710815429688e-05
2582,pop0,1,0.00023508071899414062,0.0
2582,pop3,1,0.0005702972412109375,0.0
2582,pop50,1,0.0007843971252441406,0.0
2582,pop14,1,0.0006740093231201172,0.0
2582,pop24,1,0.0002715587615966797,0.0
2583,pop52,4,0.010586559772491455,0.0174027542497369
2583,pop55,1,0.03709840774536133,0.0
2583,pop48,1,0.046533823013305664,0.0
2583,pop56,1,0.000457763671875,0.0
2583,pop12,1,0.022927284240722656,0.0
2584,pop24,5,0.010307025909423829,0.01957565007485563
2585,pop18,2,0.02295970916748047,0.022317886352539062
2585,pop38,1,0.04649782180786133,0.0
2585,pop39,1,0.0004982948303222656,0.0
2585,pop44,2,0.024086833000183105,0.02360069751739502
2585,pop50,1,0.0006399154663085938,0.0
2585,pop55,2,0.010139226913452148,0.009886026382446289
2585,pop52,3,0.00031073888142903644,7.540295135580966e-06
2586,pop38,4,0.024099647998809814,0.023525968860647527
2586,pop18,1,0.0004825592041015625,0.0
2586,pop19,2,0.0006034374237060547,7.748603820800781e-05
2586,pop20,2,0.0005667209625244141,9.775161743164062e-05
2586,pop51,1,0.0004417896270751953,0.0
2586,pop53,1,0.0003521442413330078,0.0
2586,pop1,1,0.00028133392333984375,0.0
2586,pop15,1,0.0002391338348388672,0.0
2587,pop53,7,0.021376984460013255,0.019260276721617287
2587,pop41,2,0.0005116462707519531,1.9073486328125e-05
2587,pop40,1,0.03999447822570801,0.0
2587,pop54,5,0.01240534782409668,0.01603070808105593
2587,pop47,1,0.0002613067626953125,0.0
2588,pop9,4,0.009963929653167725,0.016200413951980835
2588,pop51,1,0.0006105899810791016,0.0
2588,pop50,1,0.0003333091735839844,0.0
2588,pop35,1,0.00022792816162109375,0.0
2589,pop6,4,0.02293550968170166,0.02240168035164304
2589,pop1,1,0.0005426406860351562,0.0
2589,pop53,2,0.04328179359436035,0.001932382583618164
2589,pop54,1,0.04191017150878906,0.0
2589,pop52,1,0.0002892017364501953,0.0
2589,pop12,1,0.023328542709350586,0.0
2590,pop27,3,0.03359842300415039,0.023295224717569184
2590,pop25,1,0.00045561790466308594,0.0
2590,pop17,2,0.0006504058837890625,0.00010275840759277344
2590,pop50,1,0.0007340908050537109,0.0
2590,pop51,1,0.0006542205810546875,0.0
2590,pop19,1,0.0003101825714111328,0.0
2590,pop20,1,0.0002689361572265625,0.0
2591,pop48,4,0.022344350814819336,0.02189387750150733
2591,pop49,1,0.04699277877807617,0.0
2591,pop56,2,0.049447059631347656,0.0009818077087402344
2591,pop2,1,0.04934835433959961,0.0
2591,pop52,3,0.0003631909688313802,0.00012263653691004404
2591,pop12,1,0.022997379302978516,0.0
2591,pop37,4,0.0003402829170227051,7.92802498219901e-05
2591,pop55,1,0.00046515464782714844,0.0
2592,pop45,2,0.02315688133239746,0.02252364158630371
2592,pop44,1,0.0006427764892578125,0.0
2592,pop50,1,0.000640869140625,0.0
2592,pop55,2,0.01922917366027832,0.018769025802612305
2592,pop52,2,0.0006476640701293945,0.00012552738189697266
2592,pop53,1,0.0004715919494628906,0.0
2592,pop1,1,0.0002880096435546875,0.0
2592,pop15,1,0.000240325927734375,0.0
2593,pop8,2,0.019248604774475098,0.018642067909240723
2593,pop51,3,0.0005074342091878256,0.0001098755901153878
2593,pop10,1,0.043366193771362305,0.0
2593,pop53,2,0.020982980728149414,0.02054286003112793
2593,pop54,2,0.02089381217956543,0.020270347595214844
2593,pop52,2,0.0003190040588378906,1.9550323486328125e-05
2593,pop12,3,0.0003437201182047526,3.1654549814151644e-05
2594,pop55,3,0.025546948115030926,0.01762940440386726
2594,pop50,1,0.0006160736083984375,0.0
2594,pop53,1,0.0005896091461181641,0.0
2594,pop52,3,0.000455776850382487,0.00010325118091892476
2594,pop48,2,0.022951483726501465,0.022652268409729004
2594,pop56,1,0.04997515678405762,0.0
2594,pop12,3,0.00032099088033040363,8.526908257243206e-05
2594,pop51,1,0.0003509521484375,0.0
2594,pop19,1,0.0004208087921142578,0.0
2594,pop18,1,0.00025343894958496094,0.0
2595,pop40,4,0.010557234287261963,0.0172736627553756
2595,pop43,1,0.00045990943908691406,0.0
2595,pop51,1,0.0006995201110839844,0.0
2595,pop10,1,0.0006320476531982422,0.0
2596,pop36,2,0.02002882957458496,0.019395828247070312
2596,pop10,2,0.02184879779815674,0.02136409282684326
2596,pop51,3,0.00048661231994628906,0.00010140743126065086
2596,pop4,1,0.043102264404296875,0.0
2596,pop43,2,0.00033283233642578125,5.555152893066406e-05
2596,pop40,3,0.00032830238342285156,7.238612131730872e-05
2596,pop19,1,0.0003638267517089844,0.0
2596,pop18,1,0.0002942085266113281,0.0
2597,pop57,2,0.023587942123413086,0.02298426628112793
2597,pop56,6,0.01703067620595296,0.023492865849465017
2597,pop48,3,0.02384662628173828,0.019419235466937978
2597,pop52,1,0.00028896331787109375,0.0
2597,pop53,1,0.00038313865661621094,0.0
2597,pop50,1,0.0003733634948730469,0.0
2597,pop14,1,0.0002925395965576172,0.0
2597,pop24,1,0.0002639293670654297,0.0
2598,pop18,2,0.022568821907043457,0.021954894065856934
2598,pop19,2,0.000408172607421875,0.00013589859008789062
2598,pop51,4,0.0006194710731506348,0.00020807068022600725
2598,pop43,1,0.0004818439483642578,0.0
2598,pop11,1,0.000438690185546875,0.0
2598,pop10,1,0.04356074333190918,0.0
2598,pop4,1,0.043474674224853516,0.0
2598,pop50,2,0.0004856586456298828,0.0001277923583984375
2598,pop17,4,0.0003381967544555664,4.6854103846505494e-05
2598,pop20,1,0.0002582073211669922,0.0
2598,pop46,1,0.0002911090850830078,0.0
2598,pop45,1,0.00026869773864746094,0.0
2598,pop44,1,0.00048089027404785156,0.0
2599,pop4,2,0.020938634872436523,0.020341157913208008
2599,pop51,4,0.0005693435668945312,0.00015375992917734209
2599,pop10,1,0.04244661331176758,0.0
2599,pop19,6,0.00041107336680094403,0.00011710765436865398
2599,pop20,3,0.024268706639607746,0.01911038759977832
2599,pop18,5,0.0003807544708251953,8.886586800056778e-05
2599,pop38,3,0.018114566802978516,0.012685391564983203
2599,pop43,1,0.0002665519714355469,0.0
2599,pop40,1,0.05031752586364746,0.0
2599,pop41,1,0.0006551742553710938,0.0
2599,pop53,2,0.0008281469345092773,0.0001348257064819336
2599,pop52,1,0.0005574226379394531,0.0
2599,pop54,2,0.0005484819412231445,0.00027167797088623047
2600,pop38,2,0.023523569107055664,0.022901296615600586
2600,pop18,1,0.0005071163177490234,0.0
2600,pop19,1,0.0006120204925537109,0.0
2600,pop51,3,0.0005596478780110677,0.0001781254689636881
2600,pop10,1,0.04275178909301758,0.0
2600,pop4,3,0.007847229639689127,0.010269726694399583
2600,pop53,2,0.0003796815872192383,4.8279762268066406e-05
2600,pop50,1,0.0003609657287597656,0.0
2600,pop16,1,0.0003795623779296875,0.0
2601,pop9,5,0.0082305908203125,0.015296378717561863
2601,pop51,1,0.00030994415283203125,0.0
2601,pop50,1,0.0003795623779296875,0.0
2601,pop44,1,0.0002770423889160156,0.0
2602,pop27,3,0.03390995661417643,0.023539213408119795
2602,pop44,1,0.0005128383636474609,0.0
2602,pop50,2,0.00046074390411376953,0.00012958049774169922
2602,pop17,3,0.0003998279571533203,9.909210796452813e-05
2602,pop53,1,0.00033926963806152344,0.0
2602,pop1,1,0.0002779960632324219,0.0
2602,pop15,1,0.00023317337036132812,0.0
2603,pop55,2,0.01894855499267578,0.018306732177734375
2603,pop52,3,0.0004619757334391276,0.00011894360711729947
2603,pop48,3,0.031213124593098957,0.0218861759671616
2603,pop56,4,0.031194746494293213,0.02026840294027103
2603,pop2,1,0.02498173713684082,0.0
2603,pop37,3,0.0003158251444498698,5.732676556277715e-05
2603,pop53,1,0.0007174015045166016,0.0
2603,pop1,1,0.0005593299865722656,0.0
2603,pop6,1,0.00024366378784179688,0.0
2604,pop46,2,0.02161848545074463,0.020978808403015137
2604,pop20,3,0.0005185604095458984,4.761253448181054e-05
2604,pop19,1,0.0005435943603515625,0.0
2604,pop51,1,0.0005300045013427734,0.0
2604,pop10,1,0.00047898292541503906,0.0
2605,pop32,3,0.026708205540974934,0.020057941278603386
2605,pop33,5,0.0004824161529541016,0.00019696241220953594
2605,pop50,4,0.0006694197654724121,2.871997715042251e-05
2605,pop53,2,0.0006281137466430664,5.7816505432128906e-05
2605,pop52,1,0.0008885860443115234,0.0
2605,pop55,1,0.0005164146423339844,0.0
2605,pop37,5,0.004672431945800781,0.008385349375312164
2605,pop7,1,0.00041604042053222656,0.0
2606,pop42,2,0.02035999298095703,0.019736766815185547
2606,pop43,1,0.0004649162292480469,0.0
2606,pop40,3,0.014134804407755533,0.019266227552705566
2606,pop41,1,0.0004734992980957031,0.0
2606,pop53,2,0.0005298852920532227,9.739398956298828e-05
2606,pop50,1,0.00039958953857421875,0.0
2606,pop55,1,0.0002529621124267578,0.0
2607,pop28,2,0.018929004669189453,0.01831340789794922
2607,pop36,1,0.00045752525329589844,0.0
2607,pop10,2,0.022805213928222656,0.022311687469482422
2607,pop51,1,0.0006284713745117188,0.0
2607,pop19,2,0.0003521442413330078,6.771087646484375e-05
2607,pop20,3,0.00028252601623535156,9.11204077851683e-06
2607,pop18,1,0.00025010108947753906,0.0
2608,pop10,3,0.027838468551635742,0.019277111614737993
2608,pop51,1,0.0006165504455566406,0.0
2608,pop53,3,0.028658548990885418,0.02010568965140236
2608,pop54,4,0.010783851146697998,0.018114553520919775
2608,pop7,1,0.0002536773681640625,0.0
2609,pop23,5,0.009652137756347656,0.01814785187687455
2609,pop16,1,0.0005717277526855469,0.0
2609,pop50,1,0.0006804466247558594,0.0
2609,pop53,1,0.0006277561187744141,0.0
2609,pop1,1,0.00032711029052734375,0.0
2609,pop15,1,0.00023818016052246094,0.0
2610,pop48,4,0.011660635471343994,0.019101857878934064
2610,pop52,1,0.00047707557678222656,0.0
2610,pop53,1,0.0005974769592285156,0.0
2610,pop50,1,0.0006577968597412109,0.0
2610,pop14,1,0.0005233287811279297,0.0
2610,pop24,1,0.00047516822814941406,0.0
2611,pop57,2,0.024405717849731445,0.023742198944091797
2611,pop56,1,0.04951620101928711,0.0
2611,pop2,1,0.0004324913024902344,0.0
2611,pop49,1,0.047484636306762695,0.0
2611,pop48,1,0.0005424022674560547,0.0
2611,pop52,3,0.0005041758219401041,0.00016794174174330896
2612,pop27,4,0.012896955013275146,0.021304429708218543
2612,pop25,1,0.000476837158203125,0.0
2612,pop17,1,0.0005114078521728516,0.0
2612,pop50,1,0.0006437301635742188,0.0
2612,pop44,1,0.0004639625549316406,0.0
2613,pop16,2,0.022413015365600586,0.021770238876342773
2613,pop23,1,0.0005028247833251953,0.0
2613,pop24,4,0.0005810260772705078,0.00011631027465170653
2613,pop14,1,0.0005564689636230469,0.0
2613,pop50,1,0.0003120899200439453,0.0
2613,pop51,1,0.0002994537353515625,0.0
2613,pop19,1,0.0002765655517578125,0.0
2613,pop20,1,0.00025463104248046875,0.0
2614,pop22,5,0.008349800109863281,0.015454570027574428
2614,pop51,2,0.00031387805938720703,4.172325134277344e-06
2614,pop19,1,0.0005233287811279297,0.0
2614,pop46,1,0.0002570152282714844,0.0
2614,pop20,1,0.0002562999725341797,0.0
2615,pop52,5,0.008815145492553711,0.016537108733923594
2615,pop48,2,0.02373504638671875,0.023115873336791992
2615,pop54,2,0.032040953636169434,0.010162949562072754
2615,pop53,4,0.011430501937866211,0.0108210957985066
2615,pop50,1,0.000335693359375,0.0
2615,pop55,1,0.0002694129943847656,0.0
2615,pop1,1,0.0003132820129394531,0.0
2615,pop6,2,0.013779520988464355,0.013514161109924316
2615,pop7,1,0.0003666877746582031,0.0
2615,pop41,2,0.00041866302490234375,0.00013828277587890625
2615,pop40,2,0.0007009506225585938,0.0001728534698486328
2615,pop47,1,0.0004620552062988281,0.0
2616,pop24,4,0.01282811164855957,0.02109431061052797
2616,pop14,1,0.0006496906280517578,0.0
2616,pop50,1,0.000640869140625,0.0
2616,pop53,1,0.0006229877471923828,0.0
2616,pop7,1,0.00041484832763671875,0.0
2617,pop28,2,0.02008068561553955,0.019461512565612793
2617,pop36,1,0.00048661231994628906,0.0
2617,pop10,1,0.04422783851623535,0.0
2617,pop51,3,0.0004067420959472656,0.00014950739716619506
2617,pop4,1,0.04602336883544922,0.0
2617,pop19,1,0.0002837181091308594,0.0
2617,pop20,1,0.024124622344970703,0.0
2617,pop46,1,0.0002574920654296875,0.0
2617,pop45,1,0.00039005279541015625,0.0
2617,pop44,1,0.024501323699951172,0.0
2617,pop50,2,0.0003905296325683594,4.673004150390625e-05
2617,pop17,3,0.0003158251444498698,3.368618195615053e-05
2618,pop23,2,0.024119257926940918,0.023477673530578613
2618,pop24,3,0.0005238850911458334,2.5793565209519895e-05
2618,pop14,1,0.0005099773406982422,0.0
2618,pop50,1,0.0006935596466064453,0.0
2618,pop51,1,0.0006387233734130859,0.0
2619,pop27,5,0.010179853439331055,0.019194316273496284
2619,pop25,1,0.0004680156707763672,0.0
2619,pop17,1,0.0003108978271484375,0.0
2619,pop50,1,0.0003275871276855469,0.0
2619,pop53,1,0.0003764629364013672,0.0
2619,pop1,1,0.0002949237823486328,0.0
2619,pop15,1,0.0002357959747314453,0.0
2620,pop50,4,0.011445581912994385,0.018603408801027684
2620,pop17,3,0.024695475896199543,0.019840443973235304
2620,pop25,1,0.0005807876586914062,0.0
2620,pop14,1,0.05047273635864258,0.0
2621,pop44,3,0.02881964047749837,0.01994047981619543
2621,pop50,2,0.0007232427597045898,5.4001808166503906e-05
2621,pop14,2,0.02439737319946289,0.023868799209594727
2621,pop24,2,0.0006783008575439453,0.00019431114196777344
2621,pop53,1,0.0006127357482910156,0.0
2621,pop1,1,0.00029969215393066406,0.0
2621,pop6,1,0.0002529621124267578,0.0
2622,pop56,4,0.035764992237091064,0.02038599532189629
2622,pop48,4,0.023171544075012207,0.022819277552020383
2622,pop2,1,0.025586605072021484,0.0
2622,pop49,1,0.024938106536865234,0.0
2622,pop52,2,0.0004132986068725586,0.00013434886932373047
2622,pop37,3,0.00026528040568033856,1.5104443702618361e-05
2623,pop53,5,0.02112445831298828,0.01826251211937061
2623,pop41,3,0.00046904881795247394,0.0001466945857938598
2623,pop40,2,0.03211033344268799,0.010212540626525879
2623,pop54,1,0.04061603546142578,0.0
2623,pop52,1,0.0005283355712890625,0.0
2623,pop43,1,0.0002696514129638672,0.0
2623,pop51,2,0.0002924203872680664,2.2649765014648438e-06
2623,pop4,1,0.02324056625366211,0.0
2623,pop19,1,0.00028228759765625,0.0
2623,pop20,1,0.025692224502563477,0.0
2623,pop46,1,0.00023818016052246094,0.0
2623,pop45,1,0.0002491474151611328,0.0
2623,pop44,1,0.02630305290222168,0.0
2623,pop50,2,0.0005689859390258789,0.0002435445785522461
2623,pop17,1,0.028744220733642578,0.0
2623,pop25,1,0.00044465065002441406,0.0
2623,pop27,1,0.0005204677581787109,0.0
2623,pop14,2,0.0005040168762207031,0.0002262592315673828
2623,pop24,4,0.0005543828010559082,8.801398326536171e-05
2623,pop7,1,0.0004153251647949219,0.0
2624,pop46,2,0.022173047065734863,0.02150261402130127
2624,pop20,3,0.01615150769551595,0.02215637958522138
2624,pop19,1,0.0004906654357910156,0.0
2624,pop51,3,0.0004279613494873047,0.00013883087451994206
2624,pop4,1,0.022083520889282227,0.0
2624,pop10,2,0.00031566619873046875,7.295608520507812e-05
2624,pop53,1,0.00035381317138671875,0.0
2624,pop1,1,0.0002853870391845703,0.0
2624,pop6,1,0.00027942657470703125,0.0
2625,pop48,5,0.018225908279418945,0.021497570480987205
2625,pop56,2,0.02549910545349121,0.025025129318237305
2625,pop52,1,0.00042438507080078125,0.0
2625,pop53,1,0.0003056526184082031,0.0
2625,pop50,1,0.0003788471221923828,0.0
2625,pop44,1,0.0002675056457519531,0.0
2626,pop33,3,0.015872478485107422,0.02150510010440374
2626,pop50,1,0.0006091594696044922,0.0
2626,pop32,3,0.008935769399007162,0.011973191523582854
2627,pop47,4,0.00958174467086792,0.015673446305379757
2627,pop51,1,0.0003478527069091797,0.0
2627,pop10,1,0.0002532005310058594,0.0
2628,pop45,2,0.023364901542663574,0.02273261547088623
2628,pop46,1,0.0006265640258789062,0.0
2628,pop20,3,0.016359647115071613,0.022442803529850917
2628,pop19,2,0.0005040168762207031,0.00021529197692871094
2628,pop18,2,0.0002560615539550781,2.6226043701171875e-06
2628,pop38,2,0.00040090084075927734,1.1801719665527344e-05
2628,pop51,1,0.00030875205993652344,0.0
2628,pop47,1,0.0002422332763671875,0.0
2629,pop8,2,0.01976191997528076,0.01918637752532959
2629,pop51,2,0.000712275505065918,1.704692840576172e-05
2629,pop19,2,0.0005471706390380859,2.0742416381835938e-05
2629,pop20,1,0.04464459419250488,0.0
2629,pop53,1,0.0003371238708496094,0.0
2629,pop54,1,0.020335912704467773,0.0
2629,pop52,2,0.022922754287719727,0.0005209445953369141
2629,pop13,2,0.011922597885131836,0.011665821075439453
2629,pop12,2,0.00033342838287353516,7.808208465576172e-05
2630,pop18,3,0.015258391698201498,0.02093806630644533
2630,pop38,4,0.0005770325660705566,0.00012416680458308138
2630,pop19,1,0.0003025531768798828,0.0
2630,pop51,1,0.0003612041473388672,0.0
2630,pop53,1,0.00031566619873046875,0.0
2630,pop52,1,0.0002627372741699219,0.0
2631,pop52,3,0.013371626536051432,0.018190669268223398
2631,pop48,2,0.02305591106414795,0.022777676582336426
2631,pop49,4,0.000496208667755127,6.307002334621489e-05
2631,pop53,1,0.0003688335418701172,0.0
2631,pop51,1,0.0004360675811767578,0.0
2632,pop56,2,0.024176955223083496,0.02354133129119873
2632,pop48,1,0.04687786102294922,0.0
2632,pop52,3,0.0005010763804117838,0.0001600066776866781
2632,pop55,3,0.006898959477742513,0.009079913127846652
2632,pop53,1,0.00046563148498535156,0.0
2632,pop50,1,0.0003376007080078125,0.0
2632,pop16,1,0.0003829002380371094,0.0
2633,pop37,3,0.024909098943074543,0.017188541030229917
2633,pop33,2,0.00046241283416748047,0.0002008676528930664
2633,pop32,3,0.0003768603006998698,0.00012168558741526534
2633,pop50,1,0.00030493736267089844,0.0
2633,pop55,1,0.0003933906555175781,0.0
2634,pop14,3,0.016538143157958984,0.022488636384097805
2634,pop24,3,0.000594933827718099,0.00011057830966065044
2634,pop50,1,0.0007183551788330078,0.0
2634,pop51,1,0.00072479248046875,0.0
2634,pop19,1,0.00028896331787109375,0.0
2634,pop18,1,0.0002529621124267578,0.0
2635,pop30,2,0.01984846591949463,0.01920616626739502
2635,pop48,4,0.012264013290405273,0.020546789454858917
2635,pop56,1,0.05135321617126465,0.0
2635,pop52,1,0.0002772808074951172,0.0
2635,pop53,1,0.00029087066650390625,0.0
2635,pop50,1,0.0003638267517089844,0.0
2635,pop14,1,0.00028395652770996094,0.0
2635,pop24,1,0.0002677440643310547,0.0
2636,pop39,2,0.021793603897094727,0.021147966384887695
2636,pop44,2,0.02283334732055664,0.02214789390563965
2636,pop50,2,0.0005568265914916992,0.00020372867584228516
2636,pop14,3,0.0003711382548014323,9.952661353906934e-05
2636,pop16,1,0.00024247169494628906,0.0
2637,pop41,3,0.014599800109863281,0.019848077767452635
2637,pop40,1,0.04202914237976074,0.0
2637,pop53,4,0.015671074390411377,0.016643916729070906
2637,pop54,4,0.010685086250305176,0.017895021468750546
2637,pop1,1,0.00042891502380371094,0.0
2637,pop15,1,0.0002460479736328125,0.0
2638,pop4,4,0.010945439338684082,0.017960439743447597
2638,pop51,1,0.00060272216796875,0.0
2639,pop55,3,0.012435356775919596,0.01661710819475349
2639,pop50,1,0.0008375644683837891,0.0
2639,pop52,2,0.0003911256790161133,0.00011241436004638672
2639,pop48,2,0.024255752563476562,0.024000883102416992
2639,pop49,3,0.00036334991455078125,6.742484161503074e-05
2640,pop44,4,0.022863328456878662,0.02231642102488378
2640,pop45,1,0.0004849433898925781,0.0
2640,pop46,1,0.0004570484161376953,0.0
2640,pop20,2,0.000400543212890625,0.0001068115234375
2641,pop48,2,0.021911978721618652,0.02127230167388916
2641,pop52,2,0.0004127025604248047,0.00014710426330566406
2641,pop12,4,0.0004582405090332031,2.7814876458561298e-05
2641,pop53,1,0.00034308433532714844,0.0
2641,pop50,1,0.0005323886871337891,0.0
2641,pop16,1,0.0002593994140625,0.0
2641,pop23,1,0.0002925395965576172,0.0
2641,pop24,1,0.00025844573974609375,0.0
2642,pop18,2,0.022771000862121582,0.02214038372039795
2642,pop19,2,0.0004200935363769531,0.00012612342834472656
2642,pop20,3,0.0005465348561604818,7.97685843144852e-05
2642,pop51,1,0.0003104209899902344,0.0
2642,pop50,1,0.00036716461181640625,0.0
2642,pop55,1,0.000263214111328125,0.0
2643,pop21,4,0.013300001621246338,0.022002193244620848
2643,pop23,1,0.0004954338073730469,0.0
2643,pop24,1,0.0004892349243164062,0.0
2644,pop32,5,0.010060405731201172,0.019028848488275494
2644,pop33,1,0.00047707557678222656,0.0
2644,pop50,1,0.0004494190216064453,0.0
2644,pop55,1,0.00040411949157714844,0.0
2645,pop42,2,0.020661592483520508,0.0200650691986084
2645,pop43,1,0.0006453990936279297,0.0
2645,pop40,2,0.02129518985748291,0.020784735679626465
2645,pop41,1,0.0006809234619140625,0.0
2645,pop53,2,0.022490620613098145,0.02212226390838623
2645,pop54,3,0.0003344217936197917,6.36291300618327e-05
2645,pop51,1,0.000324249267578125,0.0
2645,pop19,1,0.00033020973205566406,0.0
2645,pop18,1,0.00029587745666503906,0.0
2646,pop10,2,0.02159285545349121,0.0209500789642334
2646,pop51,1,0.0006682872772216797,0.0
2646,pop53,4,0.0006493330001831055,9.378710832942345e-05
2646,pop1,1,0.0002999305725097656,0.0
2646,pop15,1,0.0002334117889404297,0.0
2647,pop57,2,0.02499520778656006,0.02435910701751709
2647,pop56,4,0.0005317330360412598,0.0001011343643504519
2647,pop48,1,0.00027298927307128906,0.0
2647,pop52,1,0.00028252601623535156,0.0
2647,pop53,1,0.0003349781036376953,0.0
2647,pop51,1,0.00033473968505859375,0.0
2647,pop10,1,0.00025391578674316406,0.0
2648,pop39,2,0.02079188823699951,0.020192265510559082
2648,pop44,1,0.0004451274871826172,0.0
2648,pop50,4,0.00044608116149902344,0.00013592378901373096
2648,pop14,3,0.017346541086832683,0.024116145842850947
2648,pop24,4,0.006831824779510498,0.011252321911165002
2648,pop23,1,0.0002448558807373047,0.0
2648,pop16,1,0.00024628639221191406,0.0
2648,pop17,1,0.02652287483215332,0.0
2648,pop35,1,0.0004413127899169922,0.0
2649,pop31,2,0.02026510238647461,0.019659996032714844
2649,pop30,1,0.000614166259765625,0.0
2649,pop48,2,0.00044906139373779297,0.00017130374908447266
2649,pop49,2,0.012215495109558105,0.011963725090026855
2649,pop2,5,0.0002757072448730469,2.32022317116247e-05
2649,pop56,1,0.025548458099365234,0.0
2649,pop52,1,0.0002760887145996094,0.0
2650,pop24,4,0.012843191623687744,0.021237484301391538
2650,pop14,1,0.0005311965942382812,0.0
2650,pop50,1,0.0006082057952880859,0.0
2650,pop53,1,0.0006170272827148438,0.0
2650,pop52,1,0.00041031837463378906,0.0
2651,pop28,2,0.019610285758972168,0.018967270851135254
2651,pop36,1,0.0006160736083984375,0.0
2651,pop10,1,0.04312920570373535,0.0
2651,pop51,1,0.0003123283386230469,0.0
2651,pop43,1,0.0002715587615966797,0.0
2651,pop40,4,0.0002993345260620117,4.441709973936591e-05
2651,pop41,1,0.00027632713317871094,0.0
2651,pop53,1,0.0003151893615722656,0.0
2651,pop1,1,0.00028443336486816406,0.0
2651,pop15,1,0.00023937225341796875,0.0
2652,pop23,4,0.012714147567749023,0.020918189405814424
2652,pop16,1,0.0004558563232421875,0.0
2652,pop50,1,0.0006763935089111328,0.0
2652,pop51,1,0.00031113624572753906,0.0
2652,pop19,1,0.00030612945556640625,0.0
2652,pop20,1,0.00024700164794921875,0.0
2653,pop27,2,0.025759220123291016,0.025120258331298828
2653,pop14,2,0.00040352344512939453,0.0001188516616821289
2653,pop24,3,0.0004283587137858073,0.00016485747801540696
2653,pop50,1,0.00038361549377441406,0.0
2653,pop55,1,0.0002567768096923828,0.0
2654,pop14,5,0.010064220428466797,0.01881879433409524
2654,pop50,1,0.0005865097045898438,0.0
2654,pop35,1,0.0002391338348388672,0.0
2655,pop48,5,0.01840553283691406,0.02199636611861664
2655,pop49,3,0.03220049540201823,0.022595326748239435
2655,pop2,2,0.013017058372497559,0.012748360633850098
2655,pop52,2,0.0004258155822753906,0.0001575946807861328
2655,pop37,3,0.007571856180826823,0.010034782232269522
2655,pop33,2,0.00039768218994140625,0.0001010894775390625
2655,pop32,1,0.0309908390045166,0.0
2655,pop53,1,0.0007572174072265625,0.0
2655,pop51,1,0.0006012916564941406,0.0
2655,pop10,1,0.0006291866302490234,0.0
2656,pop18,2,0.02286696434020996,0.02223992347717285
2656,pop19,1,0.0005052089691162109,0.0
2656,pop51,1,0.0005750656127929688,0.0
2656,pop53,3,0.014671246210734049,0.02029477527909138
2656,pop1,3,0.000486453374226888,0.0001486356230270424
2656,pop6,2,0.025805115699768066,0.02537214756011963
2656,pop54,1,0.02115154266357422,0.0
2656,pop52,5,0.0005483627319335938,0.0003004259906048128
2656,pop50,1,0.00037026405334472656,0.0
2656,pop55,1,0.05822324752807617,0.0
2656,pop48,2,0.013535141944885254,0.013258099555969238
2656,pop56,1,0.02845025062561035,0.0
2656,pop3,1,0.0004611015319824219,0.0
2656,pop0,1,0.0004324913024902344,0.0
2657,pop21,4,0.012748777866363525,0.02109822683830145
2657,pop23,1,0.00047087669372558594,0.0
2657,pop16,1,0.0004773139953613281,0.0
2657,pop50,1,0.0006010532379150391,0.0
2657,pop55,1,0.00025534629821777344,0.0
2658,pop42,2,0.021488428115844727,0.020856618881225586
2658,pop43,1,0.0004782676696777344,0.0
2658,pop40,2,0.021239280700683594,0.020716190338134766
2658,pop41,1,0.0005013942718505859,0.0
2658,pop53,4,0.011614501476287842,0.019457086309139695
2658,pop54,1,0.02073049545288086,0.0
2658,pop51,1,0.00030732154846191406,0.0
2658,pop19,1,0.0002906322479248047,0.0
2658,pop20,1,0.0002543926239013672,0.0
2659,pop39,3,0.014914830525716146,0.020286698556851925
2659,pop38,1,0.0496821403503418,0.0
2659,pop44,2,0.011759519577026367,0.011123418807983398
2659,pop50,2,0.00037872791290283203,6.794929504394531e-06
2659,pop17,3,0.0003859202067057292,6.685486340786e-05
2659,pop35,1,0.00024008750915527344,0.0
2660,pop6,3,0.025019407272338867,0.018639747753195737
2660,pop1,2,0.0003987550735473633,0.00010287761688232422
2660,pop53,5,0.021689414978027344,0.019036058941935437
2660,pop54,2,0.03025507926940918,0.009465456008911133
2660,pop52,1,0.0002818107604980469,0.0
2660,pop41,2,0.00033986568450927734,7.56978988647461e-05
2660,pop40,1,0.02275872230529785,0.0
2660,pop7,1,0.0002474784851074219,0.0
2660,pop51,2,0.0006860494613647461,8.165836334228516e-05
2660,pop4,3,0.00043924649556477863,0.00011009076674866732
2661,pop46,2,0.022742271423339844,0.02211165428161621
2661,pop45,1,0.0006017684936523438,0.0
2661,pop44,1,0.04658770561218262,0.0
2661,pop50,1,0.000606536865234375,0.0
2661,pop33,2,0.00038111209869384766,0.00010979175567626953
2661,pop32,2,0.013129711151123047,0.01264643669128418
2661,pop37,2,0.0003376007080078125,9.72747802734375e-05
2661,pop52,1,0.0004162788391113281,0.0
2661,pop55,1,0.0002646446228027344,0.0
2662,pop32,5,0.010164880752563476,0.019204473515433158
2662,pop33,1,0.0002655982971191406,0.0
2662,pop50,1,0.00046515464782714844,0.0
2662,pop14,1,0.0002956390380859375,0.0
2662,pop24,1,0.00039386749267578125,0.0
2663,pop10,2,0.020950675010681152,0.020336270332336426
2663,pop51,1,0.0007429122924804688,0.0
2663,pop53,2,0.042989492416381836,0.0016591548919677734
2663,pop54,2,0.03050994873046875,0.010125398635864258
2663,pop52,4,0.0003000497817993164,2.0565934670920193e-05
2664,pop57,2,0.024260997772216797,0.02365589141845703
2664,pop56,2,0.051039814949035645,0.0010927915573120117
2664,pop48,3,0.024051904678344727,0.01945363017722935
2664,pop52,3,0.0003434022267659505,5.25492913797735e-05
2664,pop53,1,0.0003437995910644531,0.0
2664,pop50,1,0.00032210350036621094,0.0
2664,pop44,1,0.000286102294921875,0.0
2665,pop39,3,0.014520883560180664,0.0197263302846834
2665,pop38,1,0.04971456527709961,0.0
2665,pop44,1,0.023004531860351562,0.0
2665,pop50,2,0.00034749507904052734,1.5616416931152344e-05
2665,pop17,3,0.0003515879313151042,9.048319261611855e-05
2665,pop51,1,0.0004534721374511719,0.0
2665,pop19,1,0.0003008842468261719,0.0
2665,pop20,1,0.00023865699768066406,0.0
2666,pop40,2,0.021099448204040527,0.020442843437194824
2666,pop41,1,0.0004947185516357422,0.0
2666,pop53,3,0.021477222442626953,0.01753967888781685
2666,pop54,2,0.031273603439331055,0.009702205657958984
2666,pop52,5,0.009436368942260742,0.011074085642935149
2666,pop12,3,0.0003026326497395833,5.593658712904439e-05
2666,pop1,1,0.00029277801513671875,0.0
2666,pop15,1,0.0004677772521972656,0.0
2667,pop36,2,0.02057671546936035,0.019939184188842773
2667,pop10,4,0.00034880638122558594,8.868770564682737e-05
2667,pop51,2,0.0003046989440917969,1.3113021850585938e-05
2667,pop50,1,0.0005984306335449219,0.0
2667,pop19,1,0.0002951622009277344,0.0
2667,pop20,1,0.0002536773681640625,0.0
2667,pop46,1,0.0002646446228027344,0.0
2667,pop45,1,0.0002682209014892578,0.0
2667,pop44,1,0.00028324127197265625,0.0
2668,pop33,3,0.015194574991861979,0.02084032362977876
2668,pop32,4,0.0005131959915161133,4.293934495336281e-05
2668,pop50,1,0.00030040740966796875,0.0
2668,pop44,1,0.0002796649932861328,0.0
2669,pop8,2,0.02096080780029297,0.020319700241088867
2669,pop51,2,0.0006194114685058594,1.5020370483398438e-05
2669,pop10,3,0.014803330103556315,0.020152573269383425
2669,pop19,2,0.000286102294921875,1.6689300537109375e-06
2669,pop20,2,0.00026726722717285156,1.8835067749023438e-05
2669,pop18,1,0.0002486705780029297,0.0
2670,pop56,3,0.03288372357686361,0.02279685998878893
2670,pop48,1,0.0005102157592773438,0.0
2670,pop52,2,0.021717309951782227,0.021262407302856445
2670,pop12,3,0.0002969106038411458,4.799121150440467e-05
2670,pop51,1,0.00029468536376953125,0.0
2671,pop14,3,0.0159454345703125,0.0217538225987855
2671,pop24,3,0.0005731582641601562,7.312962828609578e-05
2671,pop50,1,0.000377655029296875,0.0
2671,pop55,1,0.0002644062042236328,0.0
2672,pop48,3,0.015157938003540039,0.020806528619579087
2672,pop56,1,0.04941606521606445,0.0
2672,pop2,1,0.05101442337036133,0.0
2672,pop49,4,0.0003777146339416504,0.0001033002490983745
2672,pop52,1,0.0004036426544189453,0.0
2673,pop32,5,0.010078859329223634,0.018916938146044178
2673,pop33,1,0.0005581378936767578,0.0
2673,pop50,1,0.0005779266357421875,0.0
2673,pop51,1,0.000339508056640625,0.0
2673,pop53,1,0.00034236907958984375,0.0
2673,pop7,1,0.00027370452880859375,0.0
2674,pop57,2,0.02515852451324463,0.02450239658355713
2674,pop56,1,0.049031734466552734,0.0
2674,pop2,4,0.012974023818969727,0.021851235565661545
2674,pop49,3,0.016502936681111652,0.02281667387001916
2674,pop48,1,0.0002765655517578125,0.0
2674,pop52,1,0.0002760887145996094,0.0
2674,pop53,1,0.00033402442932128906,0.0
2674,pop51,1,0.00030517578125,0.0
2674,pop10,1,0.0003790855407714844,0.0
2675,pop39,3,0.014973719914754232,0.0204227725225313
2675,pop38,3,0.0005199114481608073,4.202048076995134e-05
2675,pop44,1,0.00038123130798339844,0.0
2676,pop38,2,0.024194717407226562,0.0235750675201416
2676,pop39,1,0.0006291866302490234,0.0
2676,pop44,2,0.011603355407714844,0.011113882064819336
2676,pop50,2,0.0003529787063598633,1.4185905456542969e-05
2676,pop17,2,0.00033354759216308594,5.435943603515625e-05
2676,pop53,1,0.00032711029052734375,0.0
2676,pop1,1,0.0002875328063964844,0.0
2676,pop15,1,0.00023603439331054688,0.0
2677,pop9,5,0.008430576324462891,0.015796517419493044
2677,pop51,1,0.0002830028533935547,0.0
2677,pop50,1,0.0004591941833496094,0.0
2677,pop44,1,0.0002741813659667969,0.0
2678,pop30,2,0.01915597915649414,0.018536806106567383
2678,pop31,1,0.0005133152008056641,0.0
2678,pop17,1,0.050624847412109375,0.0
2678,pop25,1,0.0002779960632324219,0.0
2678,pop27,1,0.0004057884216308594,0.0
2678,pop14,2,0.014670968055725098,0.01425778865814209
2678,pop24,4,0.017035365104675293,0.028809863419787307
2678,pop23,3,0.000595251719156901,0.00011520434645085123
2678,pop16,2,0.0004661083221435547,0.00019979476928710938
2678,pop50,3,0.000560760498046875,0.0001882614254240025
2678,pop44,1,0.026954174041748047,0.0
2678,pop21,2,0.0006070137023925781,0.0001125335693359375
2678,pop53,1,0.0005633831024169922,0.0
2678,pop1,1,0.000545501708984375,0.0
2678,pop6,1,0.0005049705505371094,0.0
2679,pop4,2,0.021152853965759277,0.020504355430603027
2679,pop51,2,0.0004837512969970703,0.00015354156494140625
2679,pop10,4,0.0005106329917907715,7.986424106992179e-05
2679,pop50,1,0.0003535747528076172,0.0
2679,pop14,1,0.0002956390380859375,0.0
2679,pop24,1,0.0004088878631591797,0.0
2680,pop10,2,0.020743608474731445,0.02012038230895996
2680,pop51,1,0.0005183219909667969,0.0
2680,pop50,3,0.0005071163177490234,0.0002421271850266551
2680,pop17,2,0.025604963302612305,0.025054216384887695
2680,pop33,2,0.00027251243591308594,1.430511474609375e-06
2680,pop32,3,0.00035770734151204425,0.00012654260586314762
2680,pop53,1,0.0003685951232910156,0.0
2680,pop1,1,0.0002951622009277344,0.0
2680,pop15,1,0.00024437904357910156,0.0
2681,pop36,2,0.019935965538024902,0.019324421882629395
2681,pop10,5,0.014048004150390625,0.018062237916614505
2681,pop51,4,0.00033104419708251953,3.3957075292878296e-05
2681,pop43,2,0.0003218650817871094,7.534027099609375e-05
2681,pop40,1,0.02171158790588379,0.0
2681,pop4,2,0.00029969215393066406,1.1444091796875e-05
2682,pop33,3,0.01612369219462077,0.02216056933109767
2682,pop32,4,0.0005109906196594238,8.26305921437445e-05
2682,pop50,1,0.0003745555877685547,0.0
2682,pop51,1,0.00033283233642578125,0.0
2682,pop19,1,0.0004222393035888672,0.0
2682,pop18,1,0.00024080276489257812,0.0
2683,pop8,2,0.0210343599319458,0.02040231227874756
2683,pop51,3,0.000526587168375651,0.00016952632128612417
2683,pop10,1,0.04108905792236328,0.0
2683,pop4,4,0.0004341006278991699,6.372277350173505e-05
2683,pop50,1,0.00034427642822265625,0.0
2683,pop44,1,0.00027370452880859375,0.0
2684,pop9,5,0.00882406234741211,0.016675286782320664
2684,pop51,1,0.0002980232238769531,0.0
2684,pop53,1,0.00048089027404785156,0.0
2684,pop52,1,0.00027298927307128906,0.0
2684,pop3,1,0.00023102760314941406,0.0
2684,pop0,1,0.0003676414489746094,0.0
2684,pop1,1,0.0002951622009277344,0.0
2684,pop15,1,0.0002422332763671875,0.0
2685,pop16,3,0.01566926638285319,0.021346536569937992
2685,pop23,3,0.0005185604095458984,4.5878491792893244e-05
2685,pop50,1,0.0003533363342285156,0.0
2685,pop44,1,0.0002658367156982422,0.0
2686,pop22,5,0.008460330963134765,0.015950603066259613
2686,pop51,1,0.0002739429473876953,0.0
2686,pop19,1,0.0002884864807128906,0.0
2686,pop18,1,0.00026226043701171875,0.0
2687,pop31,2,0.020949959754943848,0.020308613777160645
2687,pop17,2,0.026377439498901367,0.026057720184326172
2687,pop25,2,0.0002799034118652344,1.52587890625e-05
2687,pop27,1,0.0003948211669921875,0.0
2687,pop50,2,0.0004222393035888672,3.5762786865234375e-05
2687,pop44,1,0.02578568458557129,0.0
2687,pop53,4,0.0003609657287597656,3.1088265136235705e-05
2687,pop7,1,0.0002639293670654297,0.0
2688,pop24,5,0.021427059173583986,0.025708295560378437
2688,pop23,2,0.026359200477600098,0.02586376667022705
2688,pop14,1,0.0002932548522949219,0.0
2688,pop50,1,0.00030112266540527344,0.0
2688,pop53,1,0.00033664703369140625,0.0
2688,pop1,1,0.0004067420959472656,0.0
2688,pop6,1,0.00037479400634765625,0.0
2689,pop28,2,0.02007901668548584,0.01947343349456787
2689,pop36,1,0.0004889965057373047,0.0
2689,pop10,3,0.007591724395751953,0.010361381386042484
2689,pop51,2,0.00032591819763183594,8.58306884765625e-06
2689,pop4,2,0.0003876686096191406,0.00011682510375976562
2689,pop19,1,0.0003101825714111328,0.0
2689,pop18,1,0.0002474784851074219,0.0
2690,pop23,3,0.032320102055867515,0.022408519568561602
2690,pop24,3,0.0004734198252360026,5.5073258260664515e-05
2690,pop14,1,0.00028586387634277344,0.0
2690,pop50,1,0.00032401084899902344,0.0
2690,pop53,1,0.00029969215393066406,0.0
2690,pop1,1,0.0002930164337158203,0.0
2690,pop6,1,0.00025200843811035156,0.0
2691,pop27,5,0.010426616668701172,0.01970960310859508
2691,pop25,1,0.00024271011352539062,0.0
2691,pop17,1,0.0002739429473876953,0.0
2691,pop50,1,0.0003256797790527344,0.0
2691,pop51,1,0.0003209114074707031,0.0
2691,pop19,1,0.000308990478515625,0.0
2691,pop20,1,0.0003833770751953125,0.0
2692,pop18,2,0.024283647537231445,0.023654460906982422
2692,pop19,1,0.000530242919921875,0.0
2692,pop51,1,0.0006067752838134766,0.0
2692,pop10,3,0.00046753883361816406,0.0001636157234118926
2693,pop21,4,0.013419628143310547,0.022342401537897738
2693,pop23,1,0.0004937648773193359,0.0
2693,pop16,1,0.00025272369384765625,0.0
2694,pop50,2,0.02272963523864746,0.02192091941833496
2694,pop44,3,0.0005875428517659506,0.0001189588990066804
2694,pop45,1,0.0004532337188720703,0.0
2694,pop46,1,0.0003941059112548828,0.0
2694,pop20,1,0.00025153160095214844,0.0
2695,pop53,4,0.02682793140411377,0.01728738487373518
2695,pop54,3,0.020192543665568035,0.01609446518230253
2695,pop51,3,0.00035508473714192707,1.545660291061872e-05
2695,pop10,4,0.005967378616333008,0.009783412250032377
2695,pop4,1,0.024078845977783203,0.0
2696,pop6,5,0.009751415252685547,0.018482082642949215
2697,pop33,2,0.02401602268218994,0.023366808891296387
2697,pop32,4,0.0005088448524475098,3.253359982125067e-05
2697,pop50,1,0.00036025047302246094,0.0
2697,pop16,1,0.00038743019104003906,0.0
2698,pop31,2,0.020684242248535156,0.020081520080566406
2698,pop17,4,0.00036597251892089844,8.773398778734673e-05
2698,pop50,1,0.0003077983856201172,0.0
2698,pop53,1,0.0004570484161376953,0.0
2698,pop7,1,0.0002429485321044922,0.0
2699,pop24,4,0.013158082962036133,0.021802185223657712
2699,pop23,1,0.0006597042083740234,0.0
2699,pop16,1,0.0004773139953613281,0.0
2700,pop27,2,0.025379180908203125,0.024629831314086914
2701,pop47,4,0.00994575023651123,0.016169122714954905
2701,pop53,1,0.00034999847412109375,0.0
2701,pop7,1,0.00024509429931640625,0.0
2702,pop45,2,0.022965312004089355,0.02235734462738037
2702,pop44,1,0.0006699562072753906,0.0
2702,pop50,2,0.0004923343658447266,0.0001327991485595703
2702,pop17,4,0.0004444718360900879,0.00018462347011556087
2702,pop25,1,0.00025582313537597656,0.0
2702,pop27,1,0.0002751350402832031,0.0
2702,pop14,1,0.00029969215393066406,0.0
2702,pop53,1,0.0003714561462402344,0.0
2702,pop1,1,0.0002899169921875,0.0
2702,pop15,1,0.00023317337036132812,0.0
2703,pop52,5,0.01783604621887207,0.021253641240990724
2703,pop48,2,0.0005314350128173828,9.322166442871094e-05
2703,pop53,1,0.0003323554992675781,0.0
2703,pop50,1,0.00037026405334472656,0.0
2703,pop14,1,0.00028395652770996094,0.0
2703,pop24,1,0.0002715587615966797,0.0
2704,pop56,2,0.024955391883850098,0.02431929111480713
2704,pop2,4,0.012954652309417725,0.021696762509067796
2704,pop49,2,0.012294888496398926,0.012044548988342285
2704,pop48,1,0.0002980232238769531,0.0
2704,pop52,1,0.000308990478515625,0.0
2704,pop53,1,0.00039076805114746094,0.0
2704,pop51,1,0.00035309791564941406,0.0
2704,pop19,1,0.00032830238342285156,0.0
2704,pop20,1,0.0004036426544189453,0.0
2705,pop14,2,0.02498006820678711,0.024311304092407227
2705,pop24,4,0.0004862546920776367,8.170585921716484e-05
2705,pop23,1,0.0002739429473876953,0.0
2705,pop16,1,0.00026035308837890625,0.0
2705,pop50,1,0.0003190040588378906,0.0
2705,pop51,1,0.0003342628479003906,0.0
2706,pop48,2,0.023548126220703125,0.02290797233581543
2706,pop52,3,0.0006375312805175781,0.00013151127905317484
2706,pop53,1,0.0003180503845214844,0.0
2706,pop47,1,0.00028586387634277344,0.0
2707,pop39,2,0.021674394607543945,0.02106761932373047
2707,pop38,1,0.0004775524139404297,0.0
2707,pop18,1,0.00048422813415527344,0.0
2707,pop19,1,0.0005362033843994141,0.0
2707,pop51,2,0.00032591819763183594,2.384185791015625e-06
2707,pop4,1,0.02250838279724121,0.0
2707,pop50,6,0.0006650686264038086,0.0002525436818153941
2707,pop14,1,0.0004062652587890625,0.0
2707,pop24,1,0.0004000663757324219,0.0
2707,pop23,1,0.0002720355987548828,0.0
2707,pop16,2,0.0004342794418334961,4.8279762268066406e-05
2707,pop17,4,0.024756550788879395,0.02847179081419849
2707,pop53,3,0.0005312760670979818,0.00015725584550900555
2707,pop1,2,0.00028896331787109375,7.62939453125e-06
2707,pop6,1,0.028235197067260742,0.0
2707,pop44,1,0.0006890296936035156,0.0
2707,pop27,1,0.0004744529724121094,0.0
2707,pop25,1,0.0005085468292236328,0.0
2707,pop55,1,0.05434155464172363,0.0
2707,pop52,2,0.0007030963897705078,8.440017700195312e-05
2708,pop16,3,0.015597263971964518,0.021416816420317793
2708,pop23,6,0.0046087900797526045,0.009437850093246615
2708,pop21,4,0.02683025598526001,0.01842468602761829
2708,pop24,3,0.009090423583984375,0.012268779761612997
2709,pop21,2,0.026375293731689453,0.025720596313476562
2709,pop23,1,0.0005078315734863281,0.0
2709,pop24,3,0.008975585301717123,0.01197706722819205
2709,pop14,1,0.00031185150146484375,0.0
2709,pop50,3,0.00036597251892089844,1.593425882320676e-06
2709,pop17,1,0.025400161743164062,0.0
2709,pop55,1,0.02119898796081543,0.0
2709,pop52,2,0.0003050565719604492,7.033348083496094e-06
2709,pop12,2,0.00031197071075439453,5.328655242919922e-05
2709,pop53,1,0.0003476142883300781,0.0
2709,pop44,1,0.0002522468566894531,0.0
2710,pop50,4,0.011394619941711426,0.01873614169936559
2710,pop17,1,0.050629615783691406,0.0
2710,pop31,1,0.0002334117889404297,0.0
2710,pop30,1,0.00023412704467773438,0.0
2710,pop48,1,0.0002474784851074219,0.0
2710,pop52,1,0.00026154518127441406,0.0
2710,pop53,2,0.0005724430084228516,8.96453857421875e-05
2710,pop14,2,0.01428830623626709,0.013802409172058105
2710,pop24,4,0.0003522038459777832,9.387689923390929e-05
2710,pop23,1,0.0006697177886962891,0.0
2710,pop16,1,0.0004971027374267578,0.0
2710,pop1,1,0.00029850006103515625,0.0
2710,pop15,1,0.00046253204345703125,0.0
2711,pop37,4,0.010056614875793457,0.01641953648042287
2711,pop33,1,0.0003917217254638672,0.0
2711,pop32,1,0.0002677440643310547,0.0
2711,pop50,1,0.00035452842712402344,0.0
2711,pop51,1,0.0002987384796142578,0.0
2712,pop41,3,0.015168110529581705,0.02066492175481135
2712,pop40,1,0.04153895378112793,0.0
2712,pop53,2,0.022580981254577637,0.022269845008850098
2712,pop54,4,0.00032001733779907227,6.0390389526167055e-05
2712,pop47,1,0.00023937225341796875,0.0
2713,pop55,2,0.020074844360351562,0.019409656524658203
2713,pop52,2,0.022851228713989258,0.022233009338378906
2713,pop12,2,0.00036656856536865234,3.0875205993652344e-05
2714,pop44,3,0.015494346618652344,0.021098086353384796
2714,pop50,4,0.0006045103073120117,0.00032173491866018596
2714,pop27,1,0.00036454200744628906,0.0
2714,pop14,1,0.0002841949462890625,0.0
2714,pop17,2,0.014005422592163086,0.013581991195678711
2714,pop33,2,0.00038361549377441406,0.0001227855682373047
2714,pop32,3,0.0005102952321370443,0.00024593122658991893
2714,pop51,1,0.0006737709045410156,0.0
2714,pop10,1,0.0002548694610595703,0.0
2715,pop30,2,0.01931893825531006,0.01871645450592041
2715,pop31,1,0.0005307197570800781,0.0
2715,pop17,4,0.006502926349639893,0.010724678125769598
2715,pop50,3,0.0003409385681152344,7.587057104023376e-06
2715,pop44,1,0.024024486541748047,0.0
2715,pop53,1,0.00036597251892089844,0.0
2715,pop1,1,0.0004162788391113281,0.0
2715,pop6,1,0.0003719329833984375,0.0
2716,pop4,4,0.011060714721679688,0.018034509672381478
2716,pop51,1,0.0006222724914550781,0.0
2716,pop47,1,0.0002536773681640625,0.0
2717,pop53,5,0.017639303207397462,0.01573841916324814
2717,pop54,6,0.01066915194193522,0.015634847235576562
2717,pop52,2,0.0005295276641845703,0.00012969970703125
2717,pop34,1,0.00026679039001464844,0.0
2717,pop35,1,0.0005691051483154297,0.0
2718,pop47,5,0.00774998664855957,0.01447080452848893
2718,pop53,1,0.00032019615173339844,0.0
2718,pop50,1,0.00030684471130371094,0.0
2718,pop16,1,0.00026035308837890625,0.0
2719,pop56,2,0.02502751350402832,0.024384021759033203
2719,pop48,1,0.0006411075592041016,0.0
2719,pop52,4,0.00039499998092651367,0.00012156686947555683
2719,pop53,1,0.0003402233123779297,0.0
2719,pop51,1,0.00033354759216308594,0.0
2719,pop10,1,0.00027441978454589844,0.0
2720,pop14,3,0.0160977045694987,0.022015392147278268
2720,pop24,5,0.010787248611450195,0.020793884615333
2720,pop23,3,0.017467975616455078,0.024166321962846512
2720,pop16,1,0.0002608299255371094,0.0
2720,pop50,1,0.0003654956817626953,0.0
2720,pop53,1,0.00030732154846191406,0.0
2720,pop52,1,0.00029730796813964844,0.0
2721,pop9,5,0.008576250076293946,0.016231291848792115
2721,pop51,1,0.00033164024353027344,0.0
2722,pop16,2,0.023566842079162598,0.022922396659851074
2722,pop23,3,0.008650859196980795,0.011674519216469318
2722,pop21,2,0.02812671661376953,0.027495384216308594
2722,pop24,2,0.0002771615982055664,1.7881393432617188e-06
2723,pop37,5,0.00800008773803711,0.015091234522900074
2723,pop52,1,0.0002949237823486328,0.0
2723,pop53,1,0.0003445148468017578,0.0
2723,pop7,1,0.0003600120544433594,0.0
2724,pop44,3,0.023540496826171875,0.01882750941678965
2724,pop50,4,0.00039273500442504883,0.0001203340133006202
2724,pop17,5,0.010806894302368164,0.020893118869687435
2724,pop55,1,0.0002460479736328125,0.0
2725,pop53,2,0.021636366844177246,0.020900845527648926
2725,pop54,1,0.04259634017944336,0.0
2725,pop52,1,0.0005922317504882812,0.0
2725,pop55,2,0.010526061058044434,0.0101395845413208
2725,pop50,4,0.0004323124885559082,0.00015122095425347288
2725,pop44,1,0.024193286895751953,0.0
2725,pop17,2,0.013638854026794434,0.01336061954498291
2725,pop14,1,0.0277249813079834,0.0
2725,pop24,1,0.0004062652587890625,0.0
2725,pop23,2,0.00028204917907714844,3.0994415283203125e-06
2725,pop21,2,0.0003590583801269531,3.2901763916015625e-05
2725,pop16,1,0.0002598762512207031,0.0
2725,pop51,1,0.0007064342498779297,0.0
2726,pop42,2,0.02162158489227295,0.02100241184234619
2726,pop43,1,0.0005521774291992188,0.0
2726,pop40,4,0.00037091970443725586,7.440309597549383e-05
2726,pop41,1,0.0002605915069580078,0.0
2726,pop53,1,0.00033020973205566406,0.0
2726,pop50,1,0.0003669261932373047,0.0
2726,pop44,1,0.00027871131896972656,0.0
2727,pop22,4,0.010211706161499023,0.016684149322665015
2727,pop51,1,0.0003199577331542969,0.0
2727,pop50,1,0.0003230571746826172,0.0
2727,pop44,1,0.00025963783264160156,0.0
2728,pop28,2,0.0206296443939209,0.019980192184448242
2728,pop51,2,0.00031757354736328125,6.4373016357421875e-06
2728,pop4,4,0.00030422210693359375,6.705011242340967e-05
2728,pop53,1,0.0003445148468017578,0.0
2728,pop1,1,0.00028014183044433594,0.0
2728,pop15,1,0.0002512931823730469,0.0
2729,pop18,3,0.01642783482869466,0.022410331672945923
2729,pop38,1,0.05196976661682129,0.0
2729,pop19,1,0.00042724609375,0.0
2729,pop51,1,0.0004508495330810547,0.0
2729,pop50,4,0.0005898475646972656,0.00016901195256863207
2729,pop14,1,0.00028634071350097656,0.0
2729,pop27,1,0.0002720355987548828,0.0
2729,pop25,1,0.0002713203430175781,0.0
2729,pop17,1,0.028053760528564453,0.0
2729,pop55,1,0.023030757904052734,0.0
2729,pop52,1,0.00027298927307128906,0.0
2729,pop37,2,0.012167811393737793,0.011670470237731934
2729,pop33,1,0.0008192062377929688,0.0
2729,pop32,2,0.0007950067520141602,0.00027930736541748047
2729,pop35,1,0.0005276203155517578,0.0
2730,pop55,4,0.010340273380279541,0.016965986939764758
2730,pop50,2,0.0005069971084594727,0.00019538402557373047
2730,pop53,2,0.0006229877471923828,0.0002918243408203125
2730,pop54,1,0.0002617835998535156,0.0
2730,pop52,2,0.011411309242248535,0.011121630668640137
2730,pop1,1,0.00029850006103515625,0.0
2730,pop6,1,0.00023889541625976562,0.0
2731,pop30,2,0.020414352416992188,0.019753694534301758
2731,pop48,1,0.00026798248291015625,0.0
2731,pop52,5,0.0048030376434326175,0.00886341890643318
2731,pop55,1,0.0209043025970459,0.0
2731,pop53,1,0.0003752708435058594,0.0
2731,pop51,1,0.00035262107849121094,0.0
2731,pop19,1,0.00029397010803222656,0.0
2731,pop18,1,0.0002834796905517578,0.0
2732,pop9,5,0.008964109420776366,0.01710319525583726
2732,pop51,1,0.0003046989440917969,0.0
2732,pop10,1,0.0002665519714355469,0.0
2733,pop46,2,0.022236227989196777,0.02160632610321045
2733,pop45,1,0.0005381107330322266,0.0
2733,pop44,2,0.00039780139923095703,0.00012028217315673828
2733,pop50,2,0.0004482269287109375,0.00010395050048828125
2733,pop27,1,0.0002713203430175781,0.0
2733,pop25,1,0.0002789497375488281,0.0
2733,pop17,4,0.00031280517578125,2.4926431550826966e-05
2733,pop16,1,0.00044417381286621094,0.0
2734,pop31,2,0.02151942253112793,0.020885705947875977
2734,pop17,2,0.012805938720703125,0.012507200241088867
2734,pop50,2,0.0006439685821533203,7.581710815429688e-05
2734,pop32,4,0.00031107664108276367,5.35955142099994e-05
2734,pop33,1,0.000484466552734375,0.0
2734,pop35,1,0.00024366378784179688,0.0
2735,pop24,4,0.013609826564788818,0.022610306388390216
2735,pop14,1,0.00030112266540527344,0.0
2735,pop50,1,0.0004773139953613281,0.0
2735,pop44,1,0.0002689361572265625,0.0
2736,pop27,3,0.01755372683207194,0.02418991951515889
2736,pop25,2,0.0004355907440185547,0.00019097328186035156
2736,pop17,1,0.03766465187072754,0.0
2736,pop14,2,0.013636112213134766,0.013353109359741211
2736,pop24,4,0.00032907724380493164,7.171157157216711e-05
2736,pop50,1,0.0003173351287841797,0.0
2736,pop51,1,0.0006299018859863281,0.0
2736,pop19,1,0.0005593299865722656,0.0
2736,pop18,1,0.0004620552062988281,0.0
2737,pop44,3,0.015378872553507486,0.020809810359028322
2737,pop50,2,0.0006810426712036133,0.00036466121673583984
2737,pop27,1,0.00027632713317871094,0.0
2737,pop25,1,0.00028228759765625,0.0
2737,pop17,4,0.0003153681755065918,3.560842539695093e-05
2737,pop53,1,0.00035834312438964844,0.0
2737,pop7,1,0.0002422332763671875,0.0
2738,pop28,2,0.020995736122131348,0.02038443088531494
2738,pop51,3,0.0003770192464192708,5.879563080777866e-05
2738,pop4,1,0.02252483367919922,0.0
2738,pop22,2,0.011336326599121094,0.011075735092163086
2738,pop50,4,0.0006714463233947754,3.7248801959325736e-05
2738,pop17,1,0.06084322929382324,0.0
2738,pop14,3,0.043268283208211265,0.03020194374735075
2738,pop24,5,0.00047702789306640624,0.00012239940806705926
2738,pop23,3,0.021915515263875324,0.03007506166142348
2738,pop16,2,0.000590205192565918,6.92605972290039e-05
2738,pop44,1,0.0004730224609375,0.0
2739,pop18,3,0.016513744990030926,0.02271640138597744
2739,pop38,3,0.0004603862762451172,4.7618503483102083e-05
2739,pop19,1,0.0002982616424560547,0.0
2739,pop51,1,0.0002849102020263672,0.0
2739,pop47,1,0.0002522468566894531,0.0
2740,pop40,2,0.02184009552001953,0.021193265914916992
2740,pop41,1,0.0004897117614746094,0.0
2740,pop53,2,0.02158939838409424,0.02124965190887451
2740,pop54,1,0.0002522468566894531,0.0
2740,pop52,3,0.0003440380096435547,7.918679888078585e-05
2740,pop50,1,0.0004489421844482422,0.0
2740,pop14,1,0.000301361083984375,0.0
2740,pop24,1,0.00027370452880859375,0.0
2741,pop32,4,0.013540446758270264,0.022475682667566655
2741,pop33,1,0.00040459632873535156,0.0
2741,pop50,1,0.00035834312438964844,0.0
2741,pop51,1,0.0003020763397216797,0.0
2741,pop19,1,0.0003077983856201172,0.0
2741,pop18,1,0.0002722740173339844,0.0
2742,pop57,2,0.025951385498046875,0.0253143310546875
2742,pop56,1,0.051442861557006836,0.0
2742,pop48,4,0.00036197900772094727,6.692460371305992e-05
2742,pop52,1,0.0003063678741455078,0.0
2742,pop53,1,0.0003025531768798828,0.0
2742,pop50,1,0.0003745555877685547,0.0
2742,pop14,1,0.00031948089599609375,0.0
2742,pop24,1,0.00029349327087402344,0.0
2743,pop45,2,0.02440941333770752,0.023774266242980957
2743,pop44,3,0.00045482317606608075,8.036847902885745e-05
2743,pop50,1,0.00035834312438964844,0.0
2743,pop16,1,0.00024890899658203125,0.0
2744,pop48,6,0.011855006217956543,0.01730091739617391
2744,pop56,2,0.03792858123779297,0.011863946914672852
2744,pop52,1,0.00028896331787109375,0.0
2744,pop53,1,0.0003230571746826172,0.0
2744,pop50,1,0.0004837512969970703,0.0
2744,pop14,1,0.0002949237823486328,0.0
2744,pop24,1,0.0002727508544921875,0.0
2745,pop39,2,0.02286243438720703,0.022220611572265625
2745,pop38,1,0.051421165466308594,0.0
2745,pop18,1,0.00048351287841796875,0.0
2745,pop19,2,0.00041878223419189453,0.00014960765838623047
2745,pop51,2,0.00045883655548095703,0.0001608133316040039
2745,pop50,4,0.0006774067878723145,6.967318970540784e-05
2745,pop14,3,0.022641817728678387,0.03137894163244592
2745,pop24,1,0.0003924369812011719,0.0
2745,pop23,1,0.0003910064697265625,0.0
2745,pop16,1,0.0002677440643310547,0.0
2745,pop44,2,0.03249502182006836,0.03208780288696289
2745,pop27,2,0.00038683414459228516,0.00011742115020751953
2745,pop25,2,0.00045609474182128906,0.00018262863159179688
2745,pop17,1,0.06265830993652344,0.0
2745,pop55,1,0.05344986915588379,0.0
2745,pop52,3,0.0006835460662841797,0.00012730941924522728
2745,pop53,1,0.0008254051208496094,0.0
2745,pop20,1,0.0004734992980957031,0.0
2746,pop50,4,0.011911213397979736,0.019619259923741493
2746,pop17,2,0.02648305892944336,0.025914907455444336
2746,pop51,1,0.00031280517578125,0.0
2746,pop19,1,0.00030612945556640625,0.0
2746,pop20,1,0.0002713203430175781,0.0
2746,pop46,1,0.00026416778564453125,0.0
2746,pop45,1,0.0004146099090576172,0.0
2746,pop44,1,0.024973392486572266,0.0
2746,pop55,1,0.0220334529876709,0.0
2746,pop52,3,0.00037821133931477863,0.00011060178238314841
2746,pop13,1,0.026074886322021484,0.0
2746,pop48,3,0.039026101430257164,0.0272892608938429
2746,pop56,2,0.06248176097869873,0.00020873546600341797
2746,pop2,1,0.0005276203155517578,0.0
2746,pop49,2,0.0006290674209594727,5.4955482482910156e-05
2746,pop34,1,0.0004425048828125,0.0
2746,pop35,1,0.00043010711669921875,0.0
2747,pop22,5,0.008700418472290038,0.01658180819344127
2747,pop51,1,0.0003123283386230469,0.0
2748,pop55,2,0.020412206649780273,0.01976799964904785
2748,pop52,2,0.0003757476806640625,9.894371032714844e-05
2748,pop12,3,0.00030843416849772137,6.110537896760372e-05
2749,pop9,4,0.011193573474884033,0.018441928381720478
2749,pop51,1,0.0002841949462890625,0.0
2749,pop50,1,0.0003523826599121094,0.0
2749,pop55,1,0.00026535987854003906,0.0
2750,pop31,2,0.020697593688964844,0.020093202590942383
2750,pop17,3,0.00036978721618652344,7.606586497645643e-05
2750,pop50,1,0.0003044605255126953,0.0
2750,pop53,1,0.0003323554992675781,0.0
2750,pop1,1,0.0002887248992919922,0.0
2750,pop6,1,0.0002593994140625,0.0
2751,pop27,2,0.026125550270080566,0.02546393871307373
2751,pop25,1,0.0004813671112060547,0.0
2751,pop17,3,0.0003070831298828125,1.347152881510755e-05
2751,pop50,1,0.000324249267578125,0.0
2751,pop44,1,0.0002617835998535156,0.0
2752,pop18,4,0.011938214302062988,0.019991363403166082
2752,pop38,2,0.03928697109222412,0.011613011360168457
2752,pop19,3,0.0003719329833984375,0.00010586715634415657
2752,pop20,4,0.006476640701293945,0.010586054195488703
2752,pop39,1,0.0002627372741699219,0.0
2752,pop44,1,0.027086496353149414,0.0
2752,pop50,2,0.0007041692733764648,2.0265579223632812e-06
2752,pop17,2,0.0006922483444213867,0.0001322031021118164
2752,pop51,1,0.0003502368927001953,0.0
2753,pop38,3,0.03415147463480631,0.02369809702131965
2753,pop18,1,0.00025844573974609375,0.0
2753,pop19,2,0.0002999305725097656,2.384185791015625e-06
2753,pop20,1,0.02433466911315918,0.0
2753,pop51,1,0.0003428459167480469,0.0
2753,pop50,1,0.00031948089599609375,0.0
2753,pop55,2,0.011317133903503418,0.01103508472442627
2753,pop52,1,0.00026607513427734375,0.0
2753,pop13,1,0.02565789222717285,0.0
2754,pop10,2,0.022239089012145996,0.021596789360046387
2754,pop51,3,0.0004952748616536459,0.00015457105509690436
2754,pop4,1,0.04602622985839844,0.0
2754,pop19,1,0.0002636909484863281,0.0
2754,pop20,1,0.024123191833496094,0.0
2754,pop46,1,0.0002384185791015625,0.0
2754,pop45,1,0.00026226043701171875,0.0
2754,pop44,1,0.024600982666015625,0.0
2754,pop27,1,0.000270843505859375,0.0
2754,pop25,1,0.0002799034118652344,0.0
2754,pop17,3,0.00042311350504557293,0.00017119453817748305
2754,pop50,1,0.0007290840148925781,0.0
2755,pop36,2,0.021135807037353516,0.020493745803833008
2755,pop51,3,0.00032369295756022137,2.2154832563746635e-05
2755,pop4,2,0.011738300323486328,0.011341094970703125
2755,pop22,2,0.00031697750091552734,5.6862831115722656e-05
2755,pop53,1,0.0006558895111083984,0.0
2755,pop7,1,0.00041866302490234375,0.0
2756,pop41,4,0.01070106029510498,0.017596823123996262
2756,pop53,2,0.022138237953186035,0.021713614463806152
2756,pop40,1,0.021541357040405273,0.0
2756,pop54,1,0.02133488655090332,0.0
2756,pop52,2,0.00041675567626953125,0.00012254714965820312
2756,pop55,1,0.021300554275512695,0.0
2757,pop4,3,0.029932181040445965,0.020767467517159688
2757,pop51,1,0.0006175041198730469,0.0
2757,pop43,1,0.0002777576446533203,0.0
2757,pop40,3,0.007404327392578125,0.009998070626565455
2757,pop41,3,0.0003295739491780599,5.436652306504968e-05
2757,pop53,2,0.011478066444396973,0.010870575904846191
2757,pop54,1,0.00025963783264160156,0.0
2757,pop52,1,0.0002856254577636719,0.0
2757,pop3,1,0.00024318695068359375,0.0
2757,pop0,1,0.00036215782165527344,0.0
2757,pop1,1,0.000537872314453125,0.0
2757,pop15,1,0.0004172325134277344,0.0
2758,pop14,3,0.034268856048583984,0.023769299543053457
2758,pop24,3,0.0002570947011311849,5.947204250930057e-07
2759,pop46,2,0.023517727851867676,0.022853970527648926
2759,pop45,1,0.0004582405090332031,0.0
2759,pop44,2,0.011987090110778809,0.011698603630065918
2759,pop50,2,0.00038886070251464844,5.9604644775390625e-05
2759,pop17,3,0.000329891840616862,2.7186920743468865e-05
2759,pop51,1,0.0003421306610107422,0.0
2759,pop10,1,0.0002543926239013672,0.0
2760,pop24,4,0.020189940929412842,0.021827416964935835
2760,pop23,4,0.012604951858520508,0.021330409283715025
2760,pop16,1,0.0003647804260253906,0.0
2761,pop48,5,0.014269447326660157,0.018396367634681093
2761,pop56,3,0.017714897791544598,0.024585237024055632
2761,pop52,1,0.0003025531768798828,0.0
2761,pop53,1,0.00034356117248535156,0.0
2761,pop50,1,0.0003681182861328125,0.0
2761,pop16,1,0.0004894733428955078,0.0
2762,pop50,4,0.01155698299407959,0.01877385004282105
2762,pop17,3,0.017885923385620117,0.024621269632001484
2762,pop25,2,0.00034236907958984375,6.389617919921875e-05
2762,pop27,1,0.0004899501800537109,0.0
2762,pop51,1,0.0003509521484375,0.0
2762,pop19,1,0.00029921531677246094,0.0
2762,pop20,1,0.00026106834411621094,0.0
2762,pop46,1,0.0002727508544921875,0.0
2762,pop45,1,0.00028228759765625,0.0
2762,pop44,2,0.000546574592590332,0.00024402141571044922
2762,pop53,1,0.0006573200225830078,0.0
2762,pop1,1,0.0005309581756591797,0.0
2762,pop6,1,0.0004315376281738281,0.0
2763,pop55,2,0.01919722557067871,0.018573522567749023
2763,pop50,3,0.0005001227060953776,0.0002235015616267521
2763,pop17,3,0.008432706197102865,0.011473918349720743
2763,pop25,1,0.0002608299255371094,0.0
2763,pop27,1,0.00026345252990722656,0.0
2763,pop14,3,0.00045418739318847656,2.8947982327720732e-05
2763,pop24,3,0.010001341501871744,0.01348090682841002
2764,pop27,2,0.02729189395904541,0.02665412425994873
2764,pop25,1,0.0005290508270263672,0.0
2764,pop17,3,0.00030191739400227863,3.813422175396559e-05
2764,pop50,1,0.0003447532653808594,0.0
2764,pop51,1,0.0003025531768798828,0.0
2765,pop18,3,0.016668399175008137,0.022904740185174088
2765,pop38,1,0.051756858825683594,0.0
2765,pop19,1,0.0004513263702392578,0.0
2765,pop20,1,0.023904085159301758,0.0
2765,pop46,1,0.0002453327178955078,0.0
2765,pop45,1,0.00024819374084472656,0.0
2765,pop44,1,0.024693965911865234,0.0
2765,pop50,2,0.00032448768615722656,1.621246337890625e-05
2765,pop14,4,0.007417619228363037,0.012281237624820768
2765,pop24,2,0.00031256675720214844,2.6941299438476562e-05
2765,pop55,1,0.00046706199645996094,0.0
2766,pop8,2,0.021021366119384766,0.02040839195251465
2766,pop51,1,0.0006394386291503906,0.0
2766,pop47,5,0.004237985610961914,0.007810836468548567
2766,pop53,1,0.02356243133544922,0.0
2767,pop16,2,0.02373039722442627,0.023098111152648926
2767,pop23,1,0.052063703536987305,0.0
2767,pop24,4,0.00038939714431762695,0.00015327481299821425
2767,pop14,1,0.0002970695495605469,0.0
2767,pop50,1,0.0003948211669921875,0.0
2767,pop53,1,0.00037026405334472656,0.0
2767,pop1,1,0.0002880096435546875,0.0
2767,pop15,1,0.00022721290588378906,0.0
2768,pop37,5,0.008237314224243165,0.01553394576323909
2768,pop52,1,0.00031757354736328125,0.0
2768,pop53,1,0.00034618377685546875,0.0
2768,pop47,1,0.00024008750915527344,0.0
2769,pop53,6,0.015147844950358072,0.020691572345142743
2769,pop54,1,0.020720958709716797,0.0
2769,pop7,1,0.00023651123046875,0.0
2769,pop6,1,0.00025534629821777344,0.0
2770,pop57,2,0.025492429733276367,0.02489185333251953
2770,pop56,1,0.05055737495422363,0.0
2770,pop48,1,0.023576736450195312,0.0
2770,pop52,2,0.011189818382263184,0.010921120643615723
2770,pop55,3,0.00026718775431315106,8.708717048519594e-06
2771,pop45,2,0.02401137351989746,0.02338433265686035
2771,pop44,1,0.047341108322143555,0.0
2771,pop50,2,0.0005021095275878906,0.00012803077697753906
2771,pop33,1,0.0003800392150878906,0.0
2771,pop32,3,0.0003827412923177083,9.261251647680028e-05
2771,pop53,1,0.00038361549377441406,0.0
2771,pop1,1,0.0002963542938232422,0.0
2771,pop6,1,0.0002465248107910156,0.0
2772,pop39,2,0.02166008949279785,0.02106475830078125
2772,pop44,2,0.012145519256591797,0.011864423751831055
2772,pop50,1,0.00034618377685546875,0.0
2772,pop55,1,0.021262645721435547,0.0
2772,pop52,2,0.0002923011779785156,2.6226043701171875e-06
2772,pop12,3,0.0002779960632324219,1.4356679169964407e-05
2773,pop9,4,0.011305809020996094,0.018659018287346504
2773,pop51,1,0.00037026405334472656,0.0
2773,pop50,1,0.0003364086151123047,0.0
2773,pop44,1,0.0002684593200683594,0.0
2774,pop31,2,0.02184903621673584,0.0212022066116333
2774,pop17,4,0.0003935098648071289,0.00011768565425017014
2774,pop25,1,0.0002605915069580078,0.0
2774,pop27,1,0.00039768218994140625,0.0
2774,pop44,1,0.0002989768981933594,0.0
2774,pop50,1,0.0003628730773925781,0.0
2774,pop16,1,0.000461578369140625,0.0
2775,pop46,2,0.023570656776428223,0.02292191982269287
2775,pop45,1,0.00047397613525390625,0.0
2775,pop44,2,0.012475848197937012,0.01209867000579834
2775,pop50,3,0.0003757476806640625,7.726822095653807e-05
2775,pop17,1,0.026704788208007812,0.0
2775,pop55,2,0.011179566383361816,0.010918259620666504
2775,pop52,1,0.0005631446838378906,0.0
2776,pop48,3,0.016271352767944336,0.022267998596225733
2776,pop56,1,0.05003237724304199,0.0
2776,pop52,1,0.0005424022674560547,0.0
2777,pop23,2,0.025978684425354004,0.025307297706604004
2777,pop24,1,0.05461883544921875,0.0
2777,pop14,1,0.00040435791015625,0.0
2777,pop50,2,0.00038695335388183594,1.1444091796875e-05
2777,pop33,2,0.00033605098724365234,5.614757537841797e-05
2777,pop32,3,0.0003162225087483724,4.631311157277185e-05
2777,pop53,1,0.0007390975952148438,0.0
2777,pop7,1,0.00024080276489257812,0.0
2777,pop6,1,0.0005846023559570312,0.0
2778,pop36,2,0.02092719078063965,0.020284414291381836
2778,pop51,4,0.00035643577575683594,5.3688666653333026e-05
2778,pop4,5,0.005105161666870117,0.009418165744154232
2778,pop10,1,0.023738622665405273,0.0
2778,pop50,1,0.0003631114959716797,0.0
2778,pop35,1,0.0004620552062988281,0.0
2779,pop14,3,0.03389104207356771,0.023532362139678378
2779,pop24,1,0.026267290115356445,0.0
2779,pop23,3,0.000307003657023112,4.192568097833758e-05
2779,pop16,1,0.0002841949462890625,0.0
2779,pop50,1,0.0003521442413330078,0.0
2779,pop55,1,0.0002512931823730469,0.0
2780,pop50,4,0.011781036853790283,0.019570173692160436
2780,pop17,2,0.012746691703796387,0.012227177619934082
2780,pop16,2,0.0002655982971191406,1.1920928955078125e-06
2780,pop23,2,0.013195157051086426,0.012910962104797363
2780,pop24,3,0.0003571510314941406,0.0001290046484524068
2780,pop53,1,0.00042629241943359375,0.0
2780,pop1,1,0.00029206275939941406,0.0
2780,pop15,1,0.0002524852752685547,0.0
2781,pop57,2,0.026201963424682617,0.02557826042175293
2781,pop56,2,0.03784465789794922,0.012395381927490234
2781,pop2,1,0.0249783992767334,0.0
2781,pop48,1,0.0002627372741699219,0.0
2781,pop52,2,0.00039255619049072266,0.00010383129119873047
2781,pop3,2,0.0003145933151245117,7.259845733642578e-05
2781,pop0,2,0.0002409219741821289,7.271766662597656e-06
2781,pop1,2,0.0004968643188476562,0.00012922286987304688
2781,pop54,1,0.024036645889282227,0.0
2781,pop53,3,0.0007560253143310547,7.887968583405298e-05
2781,pop6,1,0.00024771690368652344,0.0
2782,pop9,5,0.009053516387939452,0.017251320449297804
2782,pop51,1,0.0003261566162109375,0.0
2782,pop53,1,0.0003345012664794922,0.0
2782,pop1,1,0.00041961669921875,0.0
2782,pop6,1,0.00026607513427734375,0.0
2783,pop46,2,0.023436307907104492,0.02233600616455078
2783,pop45,1,0.0005872249603271484,0.0
2783,pop44,1,0.00042057037353515625,0.0
2783,pop27,1,0.00028324127197265625,0.0
2783,pop25,1,0.0002803802490234375,0.0
2783,pop17,3,0.0003246466318766276,2.6233508271147678e-05
2783,pop50,1,0.0003628730773925781,0.0
2783,pop51,1,0.00034046173095703125,0.0
2784,pop6,5,0.010369396209716797,0.01986304377058214
2784,pop1,1,0.00028514862060546875,0.0
2784,pop53,1,0.0003581047058105469,0.0
2784,pop51,1,0.0003001689910888672,0.0
2784,pop10,1,0.0003952980041503906,0.0
2785,pop33,3,0.016899824142456055,0.02322088888797905
2785,pop32,3,0.00040229161580403644,0.00015003335129480655
2785,pop50,1,0.0003116130828857422,0.0
2785,pop44,1,0.0002474784851074219,0.0
2786,pop44,2,0.023963093757629395,0.02331984043121338
2786,pop50,2,0.0005240440368652344,0.00016546249389648438
2786,pop17,4,0.000334322452545166,5.210369948011721e-05
2786,pop53,1,0.00043773651123046875,0.0
2786,pop1,1,0.0002551078796386719,0.0
2786,pop6,1,0.0002491474151611328,0.0
2787,pop8,2,0.02117288112640381,0.020565152168273926
2787,pop51,2,0.0004972219467163086,0.00017940998077392578
2787,pop43,1,0.00037097930908203125,0.0
2787,pop40,1,0.02146601676940918,0.0
2787,pop41,1,0.00028395652770996094,0.0
2787,pop53,2,0.011745095252990723,0.011447787284851074
2787,pop1,2,0.00028073787689208984,4.410743713378906e-06
2787,pop6,3,0.0003028710683186849,6.723836038710614e-05
2787,pop19,1,0.0003275871276855469,0.0
2787,pop18,1,0.0002694129943847656,0.0
2788,pop53,5,0.00856776237487793,0.01616701023527816
2788,pop52,1,0.0002548694610595703,0.0
2789,pop39,2,0.02308070659637451,0.022450804710388184
2789,pop38,1,0.0004975795745849609,0.0
2789,pop18,1,0.0002720355987548828,0.0
2789,pop19,1,0.0003275871276855469,0.0
2789,pop20,1,0.02423572540283203,0.0
2789,pop46,1,0.00026607513427734375,0.0
2789,pop45,1,0.000385284423828125,0.0
2789,pop44,4,0.00031495094299316406,4.968239324853722e-05
2789,pop50,1,0.0003304481506347656,0.0
2789,pop51,1,0.0003113746643066406,0.0
2789,pop10,1,0.00025582313537597656,0.0
2790,pop31,2,0.02186441421508789,0.021233320236206055
2790,pop17,1,0.025753021240234375,0.0
2790,pop25,1,0.0002722740173339844,0.0
2790,pop27,1,0.0002989768981933594,0.0
2790,pop14,3,0.009634812672932943,0.013215678577708619
2790,pop24,2,0.00035881996154785156,5.555152893066406e-05
2790,pop50,1,0.0004935264587402344,0.0
2790,pop51,1,0.0006735324859619141,0.0
2790,pop10,1,0.0004665851593017578,0.0
2791,pop14,5,0.010569524765014649,0.020260225680800808
2791,pop50,1,0.0003352165222167969,0.0
2791,pop51,1,0.0003330707550048828,0.0
2791,pop10,1,0.00026535987854003906,0.0
2792,pop50,4,0.011947929859161377,0.019842264371401266
2792,pop17,1,0.050856590270996094,0.0
2792,pop33,2,0.00033724308013916016,7.784366607666016e-05
2792,pop32,4,0.0003001093864440918,5.12839347358693e-05
2792,pop51,1,0.00031828880310058594,0.0
2792,pop10,1,0.0002453327178955078,0.0
2793,pop9,5,0.009001731872558594,0.0171319805771827
2793,pop51,1,0.00031638145446777344,0.0
2793,pop53,2,0.00035381317138671875,1.3113021850585938e-05
2793,pop1,1,0.0005524158477783203,0.0
2793,pop7,1,0.00024318695068359375,0.0
2793,pop6,1,0.0004515647888183594,0.0
2794,pop46,2,0.022506117820739746,0.02189791202545166
2794,pop45,1,0.00028061866760253906,0.0
2794,pop44,1,0.0004279613494873047,0.0
2794,pop27,3,0.010265747706095377,0.014156173447328363
2794,pop25,3,0.0002723534901936849,1.7246892327697166e-05
2794,pop17,2,0.04271137714385986,0.015494227409362793
2794,pop50,3,0.0007092157999674479,4.809257275392935e-06
2794,pop16,2,0.0005025863647460938,1.9311904907226562e-05
2794,pop23,4,0.03365373611450195,0.033102254382488795
2794,pop24,4,0.018834173679351807,0.03179293285167798
2794,pop14,2,0.032451629638671875,0.0319218635559082
2794,pop55,1,0.0004696846008300781,0.0
2795,pop52,6,0.011119961738586426,0.016209350345937488
2795,pop12,2,0.011895298957824707,0.01162111759185791
2795,pop55,1,0.02077174186706543,0.0
2796,pop21,2,0.027294516563415527,0.026650071144104004
2796,pop23,6,0.010727643966674805,0.023166449281276532
2796,pop24,7,0.01322763306753976,0.022356975061840357
2796,pop16,4,0.00026988983154296875,9.127104159617887e-06
2796,pop50,3,0.0005251566569010416,0.00013553005202740964
2796,pop14,1,0.030086517333984375,0.0
2796,pop53,1,0.0007250308990478516,0.0
2796,pop1,1,0.0005602836608886719,0.0
2796,pop15,1,0.00045180320739746094,0.0
2797,pop40,4,0.016467690467834473,0.017862851038293492
2797,pop41,1,0.0002586841583251953,0.0
2797,pop53,1,0.02163219451904297,0.0
2797,pop51,2,0.00040137767791748047,6.186962127685547e-05
2797,pop4,2,0.0002950429916381836,1.0371208190917969e-05
2797,pop10,1,0.00026035308837890625,0.0
2798,pop32,5,0.01100473403930664,0.021170271723812802
2798,pop33,1,0.00026798248291015625,0.0
2798,pop50,1,0.00036263465881347656,0.0
2798,pop53,1,0.00034809112548828125,0.0
2798,pop52,1,0.0002982616424560547,0.0
2799,pop44,5,0.009382057189941406,0.01800274956475629
2799,pop45,2,0.00038623809814453125,0.00011277198791503906
2799,pop46,2,0.0002613067626953125,2.384185791015625e-06
2799,pop20,2,0.012327075004577637,0.012069344520568848
2799,pop50,1,0.0004112720489501953,0.0
2799,pop51,1,0.0004382133483886719,0.0
2800,pop8,2,0.020972490310668945,0.0203549861907959
2800,pop51,5,0.0003968715667724609,0.00011604041661398327
2800,pop19,3,0.0005017916361490885,5.4859534227425336e-05
2800,pop20,4,0.0063686370849609375,0.010206374428262992
2800,pop46,1,0.000263214111328125,0.0
2800,pop45,1,0.00026607513427734375,0.0
2800,pop44,2,0.01295161247253418,0.012651681900024414
2800,pop50,1,0.0003192424774169922,0.0
2800,pop53,2,0.01211237907409668,0.011441707611083984
2800,pop4,1,0.025838375091552734,0.0
2800,pop10,1,0.025418996810913086,0.0
2800,pop1,1,0.0005505084991455078,0.0
2800,pop15,1,0.00041556358337402344,0.0
2801,pop53,2,0.0207444429397583,0.020011544227600098
2801,pop52,1,0.0003161430358886719,0.0
2801,pop12,1,0.022993087768554688,0.0
2802,pop31,2,0.021697998046875,0.021041393280029297
2802,pop30,1,0.0004792213439941406,0.0
2802,pop48,3,0.0004028479258219401,1.1946861881852487e-05
2802,pop52,1,0.00028896331787109375,0.0
2802,pop53,1,0.00034809112548828125,0.0
2802,pop51,1,0.0003120899200439453,0.0
2802,pop19,1,0.0005240440368652344,0.0
2802,pop20,1,0.00025773048400878906,0.0
2803,pop46,2,0.023606300354003906,0.022968053817749023
2803,pop20,2,0.012156486511230469,0.011654376983642578
2803,pop19,1,0.0003039836883544922,0.0
2803,pop51,1,0.00046181678771972656,0.0
2803,pop47,2,0.00026094913482666016,7.987022399902344e-06
2804,pop47,2,0.01984572410583496,0.01923370361328125
2804,pop53,2,0.00037276744842529297,5.710124969482422e-05
2804,pop54,4,0.00029581785202026367,5.180391207214609e-05
2804,pop1,1,0.0003924369812011719,0.0
2804,pop6,1,0.00025343894958496094,0.0
2805,pop56,3,0.025616248448689777,0.020664378023787948
2805,pop48,2,0.011787176132202148,0.011513471603393555
2805,pop52,4,0.00032275915145874023,4.974967295128158e-05
2805,pop53,1,0.0004410743713378906,0.0
2805,pop1,1,0.00028634071350097656,0.0
2805,pop6,1,0.0002543926239013672,0.0
2806,pop38,2,0.026026368141174316,0.025395750999450684
2806,pop18,1,0.0002799034118652344,0.0
2806,pop19,1,0.00026488304138183594,0.0
2806,pop20,1,0.02417755126953125,0.0
2806,pop46,1,0.0002617835998535156,0.0
2806,pop45,1,0.00029659271240234375,0.0
2806,pop44,1,0.02479267120361328,0.0
2806,pop50,2,0.0004042387008666992,5.6862831115722656e-05
2806,pop33,2,0.0003407001495361328,7.724761962890625e-05
2806,pop32,3,0.0003078778584798177,5.133712987627338e-05
2806,pop53,1,0.0006685256958007812,0.0
2806,pop52,1,0.0005619525909423828,0.0
2807,pop10,2,0.02234482765197754,0.021732568740844727
2807,pop51,3,0.00030875205993652344,1.4739591137002689e-05
2807,pop43,2,0.0002617835998535156,1.0728836059570312e-05
2807,pop40,1,0.021780014038085938,0.0
2807,pop4,1,0.023253917694091797,0.0
2807,pop19,1,0.00031828880310058594,0.0
2807,pop20,1,0.025995254516601562,0.0
2807,pop46,1,0.00025916099548339844,0.0
2807,pop45,1,0.0003917217254638672,0.0
2807,pop44,2,0.013473033905029297,0.012988567352294922
2807,pop50,2,0.0005054473876953125,0.0001671314239501953
2807,pop17,3,0.0005014737447102865,6.76829805952043e-05
2808,pop41,2,0.02246534824371338,0.021838784217834473
2808,pop53,2,0.000493168830871582,4.398822784423828e-05
2808,pop54,1,0.0004019737243652344,0.0
2808,pop52,3,0.000329891840616862,5.760011729773953e-05
2808,pop48,2,0.012587308883666992,0.012318611145019531
2808,pop12,2,0.0003204345703125,4.887580871582031e-05
2808,pop50,1,0.0003924369812011719,0.0
2808,pop44,1,0.0002694129943847656,0.0
2809,pop4,2,0.02235865592956543,0.02174210548400879
2809,pop51,1,0.0003173351287841797,0.0
2809,pop19,1,0.00030422210693359375,0.0
2809,pop20,1,0.023869037628173828,0.0
2809,pop46,1,0.0002617835998535156,0.0
2809,pop45,1,0.00025534629821777344,0.0
2809,pop44,2,0.012761712074279785,0.012490391731262207
2809,pop50,2,0.00036394596099853516,2.2649765014648438e-06
2809,pop17,1,0.02778768539428711,0.0
2809,pop33,2,0.00028836727142333984,5.364418029785156e-06
2809,pop32,2,0.015260815620422363,0.014850258827209473
2809,pop37,2,0.00047981739044189453,5.9723854064941406e-05
2809,pop52,1,0.0005843639373779297,0.0
2810,pop24,5,0.010648775100708007,0.020495470728173572
2810,pop14,1,0.0002987384796142578,0.0
2810,pop50,1,0.000308990478515625,0.0
2810,pop53,1,0.00033974647521972656,0.0
2810,pop1,1,0.0002639293670654297,0.0
2810,pop15,1,0.0002665519714355469,0.0
2811,pop27,3,0.018443584442138672,0.02542817279927931
2811,pop25,1,0.0004563331604003906,0.0
2811,pop14,1,0.00040340423583984375,0.0
2811,pop50,2,0.0005223751068115234,0.0001773834228515625
2811,pop33,2,0.00027823448181152344,7.62939453125e-06
2811,pop32,3,0.0003376007080078125,9.015312371491103e-05
2811,pop35,1,0.00042247772216796875,0.0
2812,pop6,2,0.024978280067443848,0.02436530590057373
2812,pop1,1,0.000293731689453125,0.0
2812,pop53,3,0.00035723050435384113,2.256833323184718e-05
2812,pop54,2,0.010960936546325684,0.010576367378234863
2812,pop50,1,0.00030541419982910156,0.0
2812,pop44,1,0.00027942657470703125,0.0
2813,pop33,3,0.015965779622395832,0.02192125892059666
2813,pop32,4,0.0003427863121032715,7.565806591120609e-05
2813,pop50,1,0.0003414154052734375,0.0
2813,pop53,1,0.0003247261047363281,0.0
2813,pop47,1,0.0003361701965332031,0.0
2814,pop39,2,0.023434162139892578,0.022817611694335938
2814,pop38,1,0.00027251243591308594,0.0
2814,pop18,1,0.00025153160095214844,0.0
2814,pop19,2,0.00045549869537353516,0.00016176700592041016
2814,pop51,2,0.0003668069839477539,8.213520050048828e-05
2814,pop46,1,0.00026106834411621094,0.0
2814,pop20,1,0.02589106559753418,0.0
2814,pop53,4,0.019311964511871338,0.021018615614949814
2814,pop54,2,0.0242539644241333,0.02398860454559326
2814,pop1,3,0.0004757245381673177,0.000124385714452488
2814,pop6,1,0.0624699592590332,0.0
2814,pop52,3,0.0006299813588460287,4.894508837810747e-05
2814,pop15,1,0.0004487037658691406,0.0
2815,pop50,2,0.023926854133605957,0.023152470588684082
2815,pop14,2,0.012830853462219238,0.01254570484161377
2815,pop24,2,0.00028693675994873047,1.3947486877441406e-05
2816,pop32,5,0.011067676544189452,0.021280647625947287
2816,pop33,1,0.0002639293670654297,0.0
2816,pop50,1,0.00036334991455078125,0.0
2816,pop53,1,0.00032138824462890625,0.0
2816,pop1,1,0.00028443336486816406,0.0
2816,pop6,1,0.0002543926239013672,0.0
2817,pop8,2,0.021549582481384277,0.02094709873199463
2817,pop51,2,0.00036895275115966797,4.8041343688964844e-05
2817,pop19,2,0.0003584623336791992,6.783008575439453e-05
2817,pop20,4,0.0002747178077697754,2.7988236667435863e-05
2817,pop10,1,0.0002779960632324219,0.0
2818,pop37,5,0.00830979347229004,0.015771537388934703
2818,pop52,1,0.00029540061950683594,0.0
2818,pop53,1,0.0003807544708251953,0.0
2818,pop1,1,0.00030040740966796875,0.0
2818,pop6,1,0.00025534629821777344,0.0
2819,pop45,2,0.024308323860168457,0.02368009090423584
2819,pop44,1,0.023421287536621094,0.0
2819,pop50,1,0.00031876564025878906,0.0
2819,pop16,1,0.0002701282501220703,0.0
2819,pop23,4,0.00032711029052734375,7.414530322275818e-05
2819,pop24,1,0.0002586841583251953,0.0
2820,pop52,3,0.015683889389038086,0.0214089239334826
2820,pop12,3,0.00026949246724446613,6.035753105814465e-06
2821,pop21,5,0.021901512145996095,0.020219779630018305
2821,pop23,2,0.012884855270385742,0.012599468231201172
2821,pop24,2,0.0003268718719482422,5.888938903808594e-05
2821,pop14,1,0.0002827644348144531,0.0
2821,pop50,1,0.0004000663757324219,0.0
2821,pop53,1,0.0003795623779296875,0.0
2821,pop52,1,0.00040221214294433594,0.0
2822,pop46,3,0.015709638595581055,0.021597848673570435
2822,pop20,3,0.008198181788126627,0.011194092306182683
2822,pop45,1,0.00026726722717285156,0.0
2822,pop44,2,0.0003101825714111328,4.3392181396484375e-05
2822,pop50,1,0.0003654956817626953,0.0
2822,pop53,1,0.00043964385986328125,0.0
2822,pop52,1,0.00031185150146484375,0.0
2823,pop41,2,0.022356629371643066,0.02173936367034912
2823,pop53,3,0.0005009174346923828,0.00014110687670760913
2823,pop50,1,0.0005419254302978516,0.0
2823,pop51,2,0.0007365942001342773,0.00027382373809814453
2823,pop54,2,0.011445164680480957,0.011170744895935059
2823,pop52,2,0.0002970695495605469,2.6702880859375e-05
2823,pop12,3,0.000370025634765625,9.152375530854798e-05
2823,pop46,1,0.0004839897155761719,0.0
2823,pop20,1,0.0004894733428955078,0.0
2823,pop19,1,0.000579833984375,0.0
2823,pop18,1,0.00046515464782714844,0.0
2824,pop6,5,0.010042285919189453,0.019403702733087395
2825,pop33,3,0.016414880752563477,0.022554333896258053
2825,pop32,2,0.013296842575073242,0.013009071350097656
2825,pop50,2,0.0003713369369506836,7.11679458618164e-05
2825,pop17,3,0.0003638267517089844,0.00010268637735499515
2825,pop14,1,0.0002613067626953125,0.0
2825,pop24,1,0.0002815723419189453,0.0
2826,pop39,2,0.02347731590270996,0.02284717559814453
2826,pop38,1,0.0002620220184326172,0.0
2826,pop18,1,0.0002815723419189453,0.0
2826,pop19,2,0.00040459632873535156,0.00010228157043457031
2826,pop51,3,0.0005074342091878256,0.00016313712755340346
2826,pop46,1,0.0002715587615966797,0.0
2826,pop20,1,0.026041030883789062,0.0
2826,pop9,3,0.0005599657694498698,0.0001185149528907685
2826,pop50,1,0.0007472038269042969,0.0
2826,pop16,1,0.0006504058837890625,0.0
2827,pop50,2,0.024024367332458496,0.023253798484802246
2827,pop55,3,0.0002636909484863281,7.481431665905194e-06
2828,pop42,2,0.022734642028808594,0.022112131118774414
2828,pop43,1,0.00027871131896972656,0.0
2828,pop51,3,0.0002914269765218099,5.5346442370351635e-06
2828,pop10,1,0.0223388671875,0.0
2828,pop22,3,0.00031487147013346356,4.443904583044596e-05
2828,pop19,1,0.0005767345428466797,0.0
2828,pop18,1,0.0004830360412597656,0.0
2829,pop30,2,0.0210493803024292,0.020422816276550293
2829,pop48,1,0.00026607513427734375,0.0
2829,pop52,5,0.0006237030029296875,0.00023492121943751373
2829,pop3,1,0.0002543926239013672,0.0
2829,pop0,1,0.00024318695068359375,0.0
2829,pop1,1,0.0004246234893798828,0.0
2829,pop53,2,0.0003343820571899414,2.9802322387695312e-06
2829,pop54,2,0.01181018352508545,0.011345744132995605
2829,pop55,1,0.023030757904052734,0.0
2829,pop47,1,0.0004956722259521484,0.0
2830,pop23,3,0.017645597457885742,0.024291203773486213
2830,pop24,5,0.005553293228149414,0.010484290357396103
2830,pop14,1,0.025077342987060547,0.0
2830,pop16,1,0.0002830028533935547,0.0
2831,pop36,2,0.021119117736816406,0.02053070068359375
2831,pop10,2,0.011625289916992188,0.011144161224365234
2831,pop51,2,0.00046002864837646484,0.00012171268463134766
2831,pop22,1,0.022736310958862305,0.0
2831,pop21,3,0.04272333780924479,0.015412719730636848
2831,pop23,6,0.010559757550557455,0.02229120227117183
2831,pop24,5,0.02659287452697754,0.03179848038884997
2831,pop16,1,0.0005893707275390625,0.0
2831,pop14,1,0.0006177425384521484,0.0
2831,pop50,1,0.000667572021484375,0.0
2832,pop57,2,0.02603280544281006,0.025408387184143066
2832,pop56,1,0.0002627372741699219,0.0
2832,pop48,1,0.02427816390991211,0.0
2832,pop52,4,0.0003757476806640625,8.997214021484306e-05
2832,pop54,1,0.021576404571533203,0.0
2832,pop53,1,0.0003807544708251953,0.0
2832,pop7,1,0.0002372264862060547,0.0
2833,pop38,2,0.026213645935058594,0.02558112144470215
2833,pop39,1,0.0002715587615966797,0.0
2833,pop44,1,0.024366140365600586,0.0
2833,pop50,2,0.0004107952117919922,4.863739013671875e-05
2833,pop17,3,0.009440898895263672,0.012746387726164222
2833,pop14,2,0.014980673789978027,0.014569401741027832
2833,pop24,4,0.007888734340667725,0.012826909302525473
2833,pop23,1,0.02869892120361328,0.0
2834,pop10,5,0.009308052062988282,0.017785541811890168
2834,pop51,1,0.0002880096435546875,0.0
2834,pop53,1,0.0002884864807128906,0.0
2834,pop1,1,0.00025272369384765625,0.0
2834,pop6,1,0.00024008750915527344,0.0
2835,pop27,2,0.02785205841064453,0.027188539505004883
2835,pop44,2,0.012554287910461426,0.012261509895324707
2835,pop50,2,0.00037670135498046875,1.9550323486328125e-05
2835,pop17,1,0.027654647827148438,0.0
2835,pop53,4,0.019328415393829346,0.021031819850912223
2835,pop47,2,0.0113295316696167,0.010861515998840332
2835,pop52,2,0.0005682706832885742,1.6808509826660156e-05
2835,pop48,2,0.03133738040924072,0.03077518939971924
2835,pop49,2,0.0004743337631225586,1.6570091247558594e-05
2835,pop2,2,0.0006387233734130859,0.0001385211944580078
2835,pop51,1,0.0006835460662841797,0.0
2836,pop32,5,0.01112070083618164,0.021441993594430265
2836,pop33,1,0.0002644062042236328,0.0
2836,pop50,1,0.0003097057342529297,0.0
2836,pop53,1,0.00030303001403808594,0.0
2836,pop1,1,0.0002987384796142578,0.0
2836,pop15,1,0.00023984909057617188,0.0
2837,pop46,2,0.02383434772491455,0.023216605186462402
2837,pop45,1,0.00027370452880859375,0.0
2837,pop44,3,0.00031073888142903644,4.789477896590064e-05
2837,pop50,1,0.0003712177276611328,0.0
2837,pop14,1,0.00028824806213378906,0.0
2837,pop24,1,0.00027871131896972656,0.0
2838,pop28,2,0.020481228828430176,0.019887566566467285
2838,pop51,4,0.0005579590797424316,0.0001283063461390275
2838,pop43,4,0.00044655799865722656,9.958036530933026e-05
2838,pop40,5,0.009960079193115234,0.011535502222903076
2838,pop41,2,0.00028192996978759766,1.537799835205078e-05
2838,pop53,2,0.00039696693420410156,5.173683166503906e-05
2838,pop1,2,0.00037109851837158203,4.851818084716797e-05
2838,pop6,1,0.02714085578918457,0.0
2838,pop4,1,0.05622053146362305,0.0
2839,pop14,5,0.005202293395996094,0.009529776265967774
2839,pop50,1,0.00047397613525390625,0.0
2839,pop35,1,0.00023102760314941406,0.0
2840,pop45,2,0.01192021369934082,0.011497735977172852
2840,pop44,2,0.0002728700637817383,2.7418136596679688e-06
2840,pop50,2,0.00034046173095703125,0.0
2840,pop14,3,0.00880289077758789,0.012029388394039877
2840,pop24,3,0.0002907117207845052,2.515388199471853e-05
2841,pop41,3,0.007374366124471028,0.009928934472759837
2841,pop40,2,0.011154532432556152,0.010896801948547363
2841,pop53,2,0.0004448890686035156,0.00014328956604003906
2841,pop50,4,0.0004316568374633789,0.00013420716083591627
2841,pop44,1,0.024274587631225586,0.0
2841,pop16,1,0.0004031658172607422,0.0
2841,pop23,1,0.027255773544311523,0.0
2841,pop24,1,0.02956986427307129,0.0
2841,pop14,1,0.0004436969757080078,0.0
2841,pop33,2,0.0004000663757324219,0.00010514259338378906
2841,pop32,3,0.0004630088806152344,0.0001544688686973053
2841,pop52,1,0.0005741119384765625,0.0
2842,pop6,5,0.005038070678710938,0.00935863185650228
2842,pop1,1,0.0005083084106445312,0.0
2842,pop0,1,0.0003566741943359375,0.0
2842,pop3,1,0.00024247169494628906,0.0
2842,pop52,1,0.0003056526184082031,0.0
2842,pop53,1,0.00032329559326171875,0.0
2842,pop51,1,0.00029397010803222656,0.0
2842,pop19,1,0.00045108795166015625,0.0
2842,pop18,1,0.00028777122497558594,0.0
2843,pop33,4,0.006101548671722412,0.009884445742402706
2843,pop32,4,0.006882131099700928,0.010935721201124753
2843,pop50,4,0.0006608963012695312,4.324126987043071e-05
2843,pop44,1,0.00027871131896972656,0.0
2843,pop27,1,0.0002586841583251953,0.0
2843,pop25,1,0.00028014183044433594,0.0
2843,pop17,2,0.014918208122253418,0.014595627784729004
2843,pop14,2,0.0006071329116821289,6.568431854248047e-05
2843,pop24,1,0.0674433708190918,0.0
2843,pop51,1,0.0006804466247558594,0.0
2843,pop19,1,0.0005495548248291016,0.0
2843,pop18,1,0.0004935264587402344,0.0
2844,pop39,3,0.00764616330464681,0.0103477082187476
2844,pop38,3,0.00038353602091471356,2.4501367934333064e-05
2844,pop44,1,0.0003192424774169922,0.0
2845,pop50,3,0.007643540700276692,0.010220233350269739
2845,pop14,2,0.00035881996154785156,5.745887756347656e-05
2845,pop24,4,0.00031244754791259766,5.5911190183057197e-05
2845,pop53,1,0.0005807876586914062,0.0
2845,pop52,1,0.0002799034118652344,0.0
2845,pop3,1,0.00023412704467773438,0.0
2845,pop0,1,0.0002346038818359375,0.0
2845,pop1,1,0.0003275871276855469,0.0
2845,pop15,1,0.00025177001953125,0.0
2846,pop46,2,0.011480212211608887,0.011077284812927246
2846,pop45,1,0.000278472900390625,0.0
2846,pop44,1,0.0002961158752441406,0.0
2846,pop50,1,0.0003681182861328125,0.0
2846,pop14,1,0.00033974647521972656,0.0
2847,pop22,4,0.005367696285247803,0.008617321764227257
2847,pop51,1,0.00034928321838378906,0.0
2847,pop50,1,0.00046133995056152344,0.0
2847,pop55,1,0.0002582073211669922,0.0
2848,pop53,4,0.005674779415130615,0.00892056163927742
2848,pop50,1,0.0004990100860595703,0.0
2848,pop54,3,0.007546822230021159,0.010274618335594081
2848,pop52,2,0.0003319978713989258,1.9669532775878906e-05
2848,pop55,1,0.00026154518127441406,0.0
2849,pop31,2,0.010695576667785645,0.010297656059265137
2849,pop17,3,0.009293079376220703,0.012723459412809753
2849,pop50,1,0.0005092620849609375,0.0
2849,pop55,1,0.022164583206176758,0.0
2849,pop52,2,0.0003554821014404297,5.078315734863281e-05
2849,pop34,1,0.00025272369384765625,0.0
2849,pop35,1,0.0004436969757080078,0.0
2850,pop23,3,0.016688426335652668,0.011503740475844293
2850,pop24,1,0.02719259262084961,0.0
2850,pop14,3,0.00037384033203125,0.00014054257879746475
2850,pop50,1,0.0003249645233154297,0.0
2850,pop51,1,0.0002987384796142578,0.0
2850,pop19,1,0.0003018379211425781,0.0
2850,pop20,1,0.00025582313537597656,0.0
2851,pop36,2,0.010406851768493652,0.0100020170211792
2851,pop51,4,0.00039970874786376953,0.0001342834839886753
2851,pop19,2,0.0002944469451904297,8.58306884765625e-06
2851,pop18,2,0.0002663135528564453,5.245208740234375e-06
2851,pop38,1,0.02740478515625,0.0
2851,pop4,1,0.025174617767333984,0.0
2851,pop43,1,0.00039076805114746094,0.0
2851,pop40,1,0.05081820487976074,0.0
2851,pop41,1,0.0005118846893310547,0.0
2851,pop53,1,0.0009932518005371094,0.0
2851,pop54,1,0.0006425380706787109,0.0
2851,pop52,4,0.0006687045097351074,0.00015814776967432875
2852,pop38,5,0.005263519287109375,0.009805245605763135
2852,pop39,1,0.0002505779266357422,0.0
2852,pop44,1,0.00026416778564453125,0.0
2853,pop6,2,0.012064933776855469,0.011660099029541016
2853,pop1,1,0.0003025531768798828,0.0
2853,pop53,1,0.00031065940856933594,0.0
2853,pop54,1,0.02146458625793457,0.0
2853,pop52,2,0.011850357055664062,0.011567354202270508
2853,pop12,3,0.0003132820129394531,8.651955870526999e-05
2854,pop33,3,0.008048375447591146,0.010897262338643144
2854,pop32,4,0.0003171563148498535,6.330279862812195e-05
2854,pop50,1,0.0003228187561035156,0.0
2854,pop35,1,0.00035691261291503906,0.0
2855,pop50,3,0.007615725199381511,0.010188575230539591
2855,pop33,2,0.0003548860549926758,4.851818084716797e-05
2855,pop32,4,0.0003139972686767578,7.576254464731305e-05
2855,pop35,1,0.0002522468566894531,0.0
2856,pop55,2,0.010115742683410645,0.00956737995147705
2856,pop50,1,0.00033092498779296875,0.0
2856,pop53,2,0.0003319978713989258,3.933906555175781e-06
2856,pop52,4,0.000367581844329834,8.655027488376937e-05
2856,pop51,1,0.0004477500915527344,0.0
2856,pop19,1,0.0003190040588378906,0.0
2856,pop18,1,0.00040650367736816406,0.0
2857,pop18,2,0.012042403221130371,0.011620163917541504
2857,pop19,1,0.0002872943878173828,0.0
2857,pop51,1,0.0002999305725097656,0.0
2857,pop50,2,0.0005162954330444336,0.00017845630645751953
2857,pop17,4,0.00039207935333251953,0.00014257595490301298
2857,pop25,1,0.0004367828369140625,0.0
2857,pop27,1,0.0003943443298339844,0.0
2857,pop44,1,0.0005002021789550781,0.0
2857,pop35,1,0.000598907470703125,0.0
2858,pop56,4,0.006402790546417236,0.010457793395029962
2858,pop48,1,0.000286102294921875,0.0
2858,pop52,1,0.00030803680419921875,0.0
2858,pop53,1,0.0003650188446044922,0.0
2858,pop51,1,0.00035762786865234375,0.0
2858,pop10,1,0.00039887428283691406,0.0
2859,pop4,2,0.011111855506896973,0.010676026344299316
2859,pop51,2,0.00044786930084228516,0.00012767314910888672
2859,pop19,3,0.0002910296122233073,8.418873284709694e-06
2859,pop18,2,0.00034224987030029297,5.1856040954589844e-05
2859,pop38,1,0.027518272399902344,0.0
2859,pop20,2,0.013414621353149414,0.013139009475708008
2860,pop24,5,0.010883188247680664,0.012905106909197755
2860,pop14,2,0.01268160343170166,0.012361884117126465
2860,pop50,4,0.00046050548553466797,0.00013121759148090642
2860,pop44,1,0.025261878967285156,0.0
2860,pop17,1,0.027522802352905273,0.0
2860,pop33,2,0.0003477334976196289,5.352497100830078e-05
2860,pop32,2,0.00030791759490966797,3.9458274841308594e-05
2860,pop55,1,0.00046181678771972656,0.0
2861,pop8,2,0.010639190673828125,0.01023101806640625
2861,pop51,1,0.0003325939178466797,0.0
2861,pop43,1,0.0002684593200683594,0.0
2861,pop40,3,0.00030803680419921875,6.231290517346024e-05
2861,pop41,1,0.00027823448181152344,0.0
2861,pop53,1,0.0004584789276123047,0.0
2861,pop1,1,0.0002906322479248047,0.0
2861,pop6,1,0.0002422332763671875,0.0
2862,pop28,2,0.010360121726989746,0.009959816932678223
2862,pop51,1,0.0004589557647705078,0.0
2862,pop53,1,0.0005106925964355469,0.0
2862,pop54,1,0.00026416778564453125,0.0
2862,pop52,4,0.00031626224517822266,1.681189131033902e-05
2863,pop45,2,0.011919498443603516,0.011504411697387695
2863,pop44,1,0.00042510032653808594,0.0
2863,pop27,2,0.015135049819946289,0.014891624450683594
2863,pop25,3,0.00024302800496419272,3.7055152978498987e-06
2863,pop17,4,0.0072286128997802734,0.011664399702511678
2863,pop50,1,0.0007686614990234375,0.0
2863,pop53,1,0.0006866455078125,0.0
2863,pop52,1,0.0003209114074707031,0.0
2864,pop46,2,0.011497855186462402,0.011095881462097168
2864,pop45,1,0.0002613067626953125,0.0
2864,pop44,2,0.01338815689086914,0.01300358772277832
2864,pop50,4,0.00046068429946899414,0.00015578399995328827
2864,pop17,1,0.026236295700073242,0.0
2864,pop14,5,0.011339569091796875,0.013320207273290757
2864,pop24,3,0.020178874333699543,0.014090946297469093
2864,pop53,1,0.0007004737854003906,0.0
2864,pop47,1,0.0004477500915527344,0.0
2865,pop22,5,0.004300069808959961,0.007945736379962811
2865,pop51,1,0.0002810955047607422,0.0
2865,pop50,1,0.00038552284240722656,0.0
2865,pop44,1,0.0002701282501220703,0.0
2866,pop53,2,0.010747194290161133,0.010269880294799805
2866,pop41,1,0.0002956390380859375,0.0
2866,pop40,1,0.022084951400756836,0.0
2866,pop43,1,0.0002796649932861328,0.0
2866,pop51,2,0.0003751516342163086,9.620189666748047e-05
2866,pop4,1,0.023222684860229492,0.0
2866,pop19,2,0.00037300586700439453,9.97781753540039e-05
2866,pop20,4,0.006926119327545166,0.010983165306208414
2866,pop46,2,0.00031244754791259766,7.474422454833984e-05
2866,pop45,2,0.0002557039260864258,1.728534698486328e-05
2866,pop44,1,0.02646327018737793,0.0
2866,pop18,1,0.00024199485778808594,0.0
2867,pop36,2,0.010463953018188477,0.010060548782348633
2867,pop51,2,0.00031375885009765625,1.4066696166992188e-05
2867,pop43,2,0.0002797842025756836,1.9669532775878906e-05
2867,pop40,4,0.00034505128860473633,6.547149021532737e-05
2867,pop19,1,0.0005321502685546875,0.0
2867,pop20,1,0.0004780292510986328,0.0
2868,pop16,2,0.01174008846282959,0.011339783668518066
2868,pop23,1,0.024945735931396484,0.0
2868,pop24,3,0.0003363291422526042,7.098559248330639e-05
2868,pop14,1,0.0002598762512207031,0.0
2868,pop50,1,0.0003402233123779297,0.0
2868,pop53,1,0.0005393028259277344,0.0
2868,pop52,1,0.0003230571746826172,0.0
2868,pop3,1,0.00024366378784179688,0.0
2868,pop0,1,0.00026917457580566406,0.0
2868,pop1,1,0.0002932548522949219,0.0
2868,pop15,1,0.0004112720489501953,0.0
2869,pop48,2,0.011960864067077637,0.011547684669494629
2869,pop52,4,0.00034695863723754883,5.701678879505647e-05
2869,pop53,1,0.0003376007080078125,0.0
2869,pop1,1,0.0003204345703125,0.0
2869,pop6,1,0.0002446174621582031,0.0
2870,pop52,4,0.01114875078201294,0.01080012099939948
2870,pop54,1,0.0002830028533935547,0.0
2870,pop53,1,0.0003783702850341797,0.0
2870,pop50,2,0.00039768218994140625,4.76837158203125e-05
2870,pop55,2,0.0003414154052734375,7.009506225585938e-05
2870,pop51,1,0.00029468536376953125,0.0
2870,pop10,1,0.00029540061950683594,0.0
2871,pop33,3,0.00823505719502767,0.011147154709792623
2871,pop32,3,0.0003589789072672526,6.539867933057365e-05
2871,pop50,1,0.0003528594970703125,0.0
2871,pop53,1,0.0003161430358886719,0.0
2871,pop47,1,0.0002503395080566406,0.0
2872,pop4,2,0.011310219764709473,0.010898232460021973
2872,pop51,2,0.0003465414047241211,4.1604042053222656e-05
2872,pop53,3,0.007737795511881511,0.010446068360395635
2872,pop41,1,0.00030684471130371094,0.0
2872,pop40,2,0.00033915042877197266,7.236003875732422e-05
2872,pop43,1,0.0002834796905517578,0.0
2872,pop19,1,0.00030517578125,0.0
2872,pop20,1,0.0002493858337402344,0.0
2873,pop24,4,0.006864964962005615,0.011219723029438727
2873,pop14,1,0.0002999305725097656,0.0
2873,pop50,1,0.0003409385681152344,0.0
2873,pop53,1,0.0003197193145751953,0.0
2873,pop1,1,0.0002732276916503906,0.0
2873,pop15,1,0.0002446174621582031,0.0
2874,pop28,2,0.010568737983703613,0.010171771049499512
2874,pop36,1,0.0002560615539550781,0.0
2874,pop10,3,0.008350690205891928,0.011430674988626766
2874,pop51,2,0.0004470348358154297,7.62939453125e-06
2874,pop4,2,0.0003453493118286133,6.520748138427734e-05
2874,pop53,1,0.00032973289489746094,0.0
2874,pop1,1,0.0005023479461669922,0.0
2874,pop15,1,0.0004191398620605469,0.0
2875,pop45,2,0.01225578784942627,0.011829972267150879
2875,pop44,1,0.0002789497375488281,0.0
2875,pop50,2,0.0003917217254638672,8.58306884765625e-06
2875,pop17,3,0.0003115336100260417,2.785203441865635e-05
2875,pop51,1,0.000286102294921875,0.0
2876,pop30,2,0.010552287101745605,0.010126233100891113
2876,pop31,1,0.00027871131896972656,0.0
2876,pop17,3,0.009300629297892252,0.01231761926068443
2876,pop50,3,0.0006974538167317709,0.00011455780479687179
2876,pop16,2,0.0003923177719116211,8.952617645263672e-05
2876,pop23,4,0.022420823574066162,0.02472742118230781
2876,pop24,4,0.01632094383239746,0.02763170543843193
2876,pop14,1,0.028905630111694336,0.0
2876,pop51,1,0.0006954669952392578,0.0
2876,pop10,1,0.0006518363952636719,0.0
2877,pop57,2,0.012939810752868652,0.012526154518127441
2877,pop56,4,0.0002995133399963379,4.7579704034200824e-05
2877,pop48,1,0.0002677440643310547,0.0
2877,pop52,1,0.0004973411560058594,0.0
2877,pop3,1,0.0003876686096191406,0.0
2877,pop0,1,0.00026226043701171875,0.0
2877,pop1,1,0.0002956390380859375,0.0
2877,pop6,1,0.0002651214599609375,0.0
2878,pop10,2,0.011071324348449707,0.010675311088562012
2878,pop51,1,0.0003619194030761719,0.0
2878,pop50,1,0.0005977153778076172,0.0
2878,pop14,1,0.00038743019104003906,0.0
2879,pop32,2,0.013305306434631348,0.012893080711364746
2879,pop33,1,0.0002913475036621094,0.0
2879,pop37,3,0.00042327245076497394,4.057803590867351e-05
2879,pop52,1,0.00028967857360839844,0.0
2879,pop34,1,0.0004706382751464844,0.0
2879,pop35,1,0.0004189014434814453,0.0
2880,pop56,3,0.017096201578776043,0.011796698022615714
2880,pop2,2,0.013436555862426758,0.013181924819946289
2880,pop49,1,0.026068687438964844,0.0
2880,pop48,1,0.00027441978454589844,0.0
2880,pop52,2,0.0003129243850708008,1.0848045349121094e-05
2880,pop12,2,0.0003981590270996094,0.00014328956604003906
2880,pop53,1,0.00037550926208496094,0.0
2880,pop47,1,0.0006253719329833984,0.0
2881,pop8,2,0.010810494422912598,0.010399699211120605
2881,pop51,4,0.000586092472076416,0.00014281744294434431
2881,pop53,2,0.011167168617248535,0.0104905366897583
2881,pop50,7,0.0007476466042654854,0.00024762932694430466
2881,pop17,4,0.027692139148712158,0.03396630686279682
2881,pop31,1,0.0002696514129638672,0.0
2881,pop30,1,0.0002541542053222656,0.0
2881,pop48,1,0.0005671977996826172,0.0
2881,pop52,1,0.0005345344543457031,0.0
2881,pop14,3,0.021945714950561523,0.030142087177969817
2881,pop24,3,0.05416599909464518,0.038818331180679434
2881,pop23,5,0.029085206985473632,0.03507458619640731
2881,pop19,1,0.0006029605865478516,0.0
2881,pop20,1,0.0004851818084716797,0.0
2881,pop46,1,0.0005078315734863281,0.0
2881,pop45,1,0.0004849433898925781,0.0
2881,pop44,1,0.06637191772460938,0.0
2881,pop16,2,0.0005573034286499023,6.99758529663086e-05
2881,pop21,3,0.026486873626708984,0.036764191237530525
2881,pop22,1,0.06383776664733887,0.0
2881,pop4,1,0.07431316375732422,0.0
2882,pop53,3,0.014527479807535807,0.009935210321243301
2882,pop51,1,0.0004515647888183594,0.0
2882,pop10,2,0.000274658203125,8.58306884765625e-06
2883,pop33,4,0.006259441375732422,0.01016109621529901
2883,pop37,2,0.010558366775512695,0.010312557220458984
2883,pop32,3,0.0003437995910644531,5.087243919360896e-05
2883,pop50,1,0.0006930828094482422,0.0
2883,pop53,1,0.0009882450103759766,0.0
2883,pop54,1,0.00046944618225097656,0.0
2883,pop52,1,0.0005764961242675781,0.0
2884,pop4,2,0.01132810115814209,0.01091468334197998
2884,pop51,3,0.0004901091257731119,0.00022089944190039314
2884,pop10,3,0.008017698923746744,0.010956551810177816
2884,pop19,1,0.00031304359436035156,0.0
2884,pop20,1,0.026269912719726562,0.0
2884,pop46,1,0.0002665519714355469,0.0
2884,pop45,1,0.00027441978454589844,0.0
2884,pop44,1,0.02651524543762207,0.0
2884,pop50,3,0.0005095799763997396,0.00015699054302438
2884,pop17,1,0.02878546714782715,0.0
2884,pop14,2,0.0005179643630981445,2.872943878173828e-05
2884,pop24,2,0.0005646944046020508,5.257129669189453e-05
2885,pop9,4,0.005638718605041504,0.009166863340774293
2885,pop51,1,0.00035190582275390625,0.0
2885,pop53,1,0.00034332275390625,0.0
2885,pop7,1,0.00033354759216308594,0.0
2886,pop48,4,0.0062299370765686035,0.010023609642861865
2886,pop52,1,0.0002830028533935547,0.0
2886,pop53,1,0.0003113746643066406,0.0
2886,pop47,1,0.0002665519714355469,0.0
2887,pop28,2,0.010565996170043945,0.010164022445678711
2887,pop36,1,0.0003952980041503906,0.0
2887,pop10,4,0.0002695322036743164,1.4040911204903955e-05
2888,pop30,2,0.010203003883361816,0.009780049324035645
2888,pop31,1,0.0002532005310058594,0.0
2888,pop17,2,0.013653278350830078,0.013355255126953125
2888,pop50,1,0.0003771781921386719,0.0
2888,pop44,1,0.026120662689208984,0.0
2888,pop45,1,0.0002684593200683594,0.0
2888,pop46,1,0.00028324127197265625,0.0
2888,pop20,2,0.0002827644348144531,3.24249267578125e-05
2888,pop19,1,0.0005471706390380859,0.0
2888,pop51,1,0.0006442070007324219,0.0
2888,pop10,1,0.0004878044128417969,0.0
2889,pop57,2,0.01294708251953125,0.012543439865112305
2889,pop56,1,0.025780439376831055,0.0
2889,pop2,2,0.013477325439453125,0.01323843002319336
2889,pop49,1,0.0003914833068847656,0.0
2889,pop48,1,0.0002796649932861328,0.0
2889,pop52,4,0.0004901289939880371,0.0002059094970576969
2889,pop54,2,0.011953234672546387,0.011677861213684082
2889,pop55,1,0.023163795471191406,0.0
2889,pop53,1,0.0005943775177001953,0.0
2889,pop51,1,0.0006346702575683594,0.0
2889,pop10,1,0.000270843505859375,0.0
2890,pop40,2,0.010860919952392578,0.010449647903442383
2890,pop43,1,0.0002727508544921875,0.0
2890,pop51,4,0.0004150867462158203,0.00013205322622297452
2890,pop10,2,0.011938691139221191,0.011449694633483887
2890,pop4,1,0.023720979690551758,0.0
2890,pop50,2,0.0006136894226074219,0.0002491474151611328
2890,pop14,3,0.009836435317993164,0.013210625667177806
2890,pop24,3,0.00043543179829915363,0.00022146817469736617
2890,pop23,1,0.02905130386352539,0.0
2891,pop44,3,0.015862782796223957,0.010925050012836161
2891,pop50,2,0.0003542900085449219,2.4318695068359375e-05
2891,pop14,3,0.0003371238708496094,6.255872119330353e-05
2891,pop51,1,0.0003426074981689453,0.0
2891,pop10,1,0.0002627372741699219,0.0
2892,pop23,2,0.012656807899475098,0.01224982738494873
2892,pop24,4,0.0003896355628967285,4.9205683016276615e-05
2892,pop14,1,0.00030303001403808594,0.0
2892,pop50,1,0.0003261566162109375,0.0
2892,pop51,1,0.0003218650817871094,0.0
2892,pop10,1,0.00026488304138183594,0.0
2893,pop38,5,0.005356454849243164,0.009977517423822106
2893,pop18,1,0.0003631114959716797,0.0
2893,pop19,1,0.0003001689910888672,0.0
2893,pop51,1,0.000339508056640625,0.0
2893,pop53,1,0.00031447410583496094,0.0
2893,pop52,1,0.00043654441833496094,0.0
2894,pop50,4,0.005824863910675049,0.009429969489279962
2894,pop44,3,0.008177916208902994,0.011170657709199502
2894,pop17,3,0.00029460589090983075,2.7346055561836963e-06
2895,pop56,3,0.017122427622477215,0.0118264252118026
2895,pop2,1,0.026580333709716797,0.0
2895,pop49,3,0.0003592173258463542,0.0001415043670058144
2895,pop48,1,0.0002758502960205078,0.0
2895,pop52,1,0.00031638145446777344,0.0
2895,pop53,1,0.0003135204315185547,0.0
2895,pop47,1,0.0005784034729003906,0.0
2896,pop8,2,0.01066279411315918,0.010267019271850586
2896,pop51,4,0.0003376603126525879,2.6663669999329843e-05
2896,pop10,5,0.0048502922058105465,0.009130091350447933
2896,pop4,1,0.0241391658782959,0.0
2896,pop53,1,0.0003516674041748047,0.0
2896,pop7,1,0.00041747093200683594,0.0
2897,pop33,3,0.008316278457641602,0.01118156686122973
2897,pop32,4,0.00031632184982299805,5.74802360468939e-05
2897,pop50,1,0.0003669261932373047,0.0
2897,pop44,1,0.00026416778564453125,0.0
2898,pop48,7,0.02366954939705985,0.023938012962905087
2898,pop49,4,0.0225103497505188,0.025787323454484874
2898,pop2,5,0.018734264373779296,0.025497124028031604
2898,pop52,4,0.00035446882247924805,0.00011821659839902644
2898,pop12,1,0.025478839874267578,0.0
2898,pop13,1,0.025684595108032227,0.0
2898,pop56,4,0.047808170318603516,0.027497810935247474
2899,pop57,2,0.012920737266540527,0.012502074241638184
2899,pop56,1,0.0002658367156982422,0.0
2899,pop48,1,0.0002682209014892578,0.0
2899,pop52,3,0.008199055989583334,0.011166001966225119
2899,pop12,3,0.0003063678741455078,4.8396426793238645e-05
2899,pop53,1,0.00036454200744628906,0.0
2899,pop1,1,0.00029921531677246094,0.0
2899,pop15,1,0.0004115104675292969,0.0
2900,pop47,5,0.004107618331909179,0.007591236656926345
2900,pop51,1,0.0003666877746582031,0.0
2900,pop10,1,0.0002624988555908203,0.0
2901,pop55,5,0.004216146469116211,0.0078068446786896326
2901,pop52,1,0.02255392074584961,0.0
2901,pop53,1,0.0003323554992675781,0.0
2901,pop50,2,0.0003496408462524414,2.276897430419922e-05
2901,pop44,1,0.0002741813659667969,0.0
2902,pop18,2,0.01219332218170166,0.011788725852966309
2902,pop19,3,0.0003083546956380208,1.0162587078822949e-05
2902,pop20,2,0.012531042098999023,0.012081623077392578
2902,pop51,2,0.00046002864837646484,0.00011646747589111328
2902,pop22,4,0.00035309791564941406,0.000147342006749702
2903,pop46,2,0.01185619831085205,0.011418938636779785
2903,pop20,2,0.012589693069458008,0.011963129043579102
2903,pop19,2,0.000494837760925293,6.0677528381347656e-05
2903,pop51,2,0.0006151199340820312,2.002716064453125e-05
2903,pop50,1,0.0004551410675048828,0.0
2903,pop16,1,0.000423431396484375,0.0
2903,pop23,1,0.00033545494079589844,0.0
2903,pop21,1,0.0002505779266357422,0.0
2903,pop22,3,0.0004945596059163412,0.00021682570277123885
2904,pop28,2,0.010621905326843262,0.010225892066955566
2904,pop51,1,0.0003559589385986328,0.0
2904,pop53,3,0.00806721051534017,0.010719697140567344
2904,pop52,3,0.0003612041473388672,7.2607754674186e-05
2904,pop1,1,0.0005254745483398438,0.0
2904,pop6,1,0.0004858970642089844,0.0
2905,pop23,3,0.008574167887369791,0.01162569136263706
2905,pop24,2,0.013806462287902832,0.013497710227966309
2905,pop14,1,0.000568389892578125,0.0
2905,pop16,1,0.0003986358642578125,0.0
2905,pop50,1,0.00034332275390625,0.0
2905,pop55,1,0.022261381149291992,0.0
2905,pop52,2,0.0002981424331665039,2.7418136596679688e-06
2905,pop13,1,0.02513575553894043,0.0
2905,pop54,2,0.026671528816223145,0.026062607765197754
2905,pop53,1,0.05559420585632324,0.0
2905,pop47,3,0.0004698435465494792,1.6231541223322453e-05
2906,pop48,2,0.012162446975708008,0.011744976043701172
2906,pop52,1,0.00040268898010253906,0.0
2906,pop37,4,0.00029915571212768555,5.933542845900307e-05
2906,pop33,1,0.0005099773406982422,0.0
2906,pop50,1,0.0006766319274902344,0.0
2906,pop16,1,0.00044345855712890625,0.0
2907,pop37,5,0.004159879684448242,0.007708610694353998
2907,pop52,1,0.00029587745666503906,0.0
2908,pop21,4,0.013678014278411865,0.013342466941056803
2908,pop23,1,0.00027441978454589844,0.0
2908,pop24,1,0.028640270233154297,0.0
2908,pop14,2,0.00034928321838378906,4.935264587402344e-05
2908,pop50,1,0.00040340423583984375,0.0
2908,pop53,1,0.0003371238708496094,0.0
2908,pop1,1,0.00030040740966796875,0.0
2908,pop15,1,0.00022673606872558594,0.0
2909,pop45,2,0.01228022575378418,0.011884212493896484
2909,pop44,2,0.012185454368591309,0.011910557746887207
2909,pop50,3,0.00036255518595377606,3.624241243755492e-05
2909,pop17,1,0.026363372802734375,0.0
2909,pop14,1,0.027360916137695312,0.0
2909,pop55,2,0.0003451108932495117,5.805492401123047e-05
2909,pop52,1,0.00030994415283203125,0.0
2909,pop34,1,0.00025963783264160156,0.0
2909,pop35,1,0.0004487037658691406,0.0
2910,pop44,2,0.011996626853942871,0.011577963829040527
2910,pop50,2,0.0004169940948486328,8.082389831542969e-05
2910,pop33,2,0.0003584623336791992,5.1140785217285156e-05
2910,pop32,4,0.0003399848937988281,0.00011978997421466734
2910,pop51,1,0.000362396240234375,0.0
2910,pop19,1,0.0003478527069091797,0.0
2910,pop18,1,0.0002593994140625,0.0
2911,pop50,4,0.005919933319091797,0.009549378064486242
2911,pop44,1,0.02400970458984375,0.0
2911,pop14,2,0.013056516647338867,0.012778759002685547
2911,pop24,4,0.0071762800216674805,0.01190608185002704
2911,pop23,1,0.026435136795043945,0.0
2911,pop51,1,0.0003502368927001953,0.0
2912,pop8,2,0.010926246643066406,0.010526895523071289
2912,pop51,2,0.0003873109817504883,5.233287811279297e-05
2912,pop4,2,0.012030720710754395,0.011760115623474121
2912,pop43,1,0.0002875328063964844,0.0
2912,pop40,2,0.012100815773010254,0.011836647987365723
2912,pop41,1,0.0002815723419189453,0.0
2912,pop53,2,0.039253950119018555,0.014663934707641602
2912,pop1,3,0.00046332677205403644,0.00010222131509885808
2912,pop6,3,0.00962519645690918,0.012930324636580087
2913,pop33,3,0.009020566940307617,0.011923951009115927
2913,pop37,1,0.0002624988555908203,0.0
2913,pop52,1,0.0002684593200683594,0.0
2913,pop53,1,0.0003414154052734375,0.0
2913,pop50,2,0.0005588531494140625,0.0002002716064453125
2913,pop32,3,0.0004558563232421875,4.021295288526156e-05
2913,pop51,1,0.0006046295166015625,0.0
2913,pop19,1,0.000621795654296875,0.0
2913,pop18,1,0.00048065185546875,0.0
2914,pop42,2,0.011297464370727539,0.010892152786254883
2914,pop43,1,0.0002944469451904297,0.0
2914,pop51,1,0.0003199577331542969,0.0
2914,pop50,3,0.0006136099497477213,0.0001964270402882682
2914,pop44,1,0.02495574951171875,0.0
2914,pop27,1,0.0002646446228027344,0.0
2914,pop25,1,0.00027060508728027344,0.0
2914,pop17,2,0.03129565715789795,0.030976414680480957
2914,pop16,2,0.0005666017532348633,6.16312026977539e-05
2914,pop23,3,0.0005524158477783203,2.796993074669678e-05
2914,pop55,1,0.0004527568817138672,0.0
2915,pop27,4,0.00692439079284668,0.011389924232728842
2915,pop25,1,0.00028061866760253906,0.0
2915,pop17,1,0.0002684593200683594,0.0
2915,pop50,1,0.0004715919494628906,0.0
2915,pop53,1,0.0004730224609375,0.0
2915,pop54,1,0.00026416778564453125,0.0
2915,pop52,1,0.0002818107604980469,0.0
2916,pop10,3,0.015011469523111979,0.010329449257590603
2916,pop51,2,0.0003222227096557617,1.1920928955078125e-07
2916,pop4,3,0.00029389063517252606,3.291922795317809e-05
2916,pop19,1,0.00033473968505859375,0.0
2916,pop20,1,0.0002491474151611328,0.0
2917,pop53,4,0.005611896514892578,0.009061102620269105
2917,pop54,2,0.011150717735290527,0.01086413860321045
2917,pop50,1,0.00041174888610839844,0.0
2917,pop44,1,0.0002503395080566406,0.0
2918,pop4,2,0.011288046836853027,0.010893940925598145
2918,pop51,2,0.00046837329864501953,0.00013267993927001953
2918,pop22,4,0.0003066062927246094,6.404057953663784e-05
2918,pop50,1,0.0007681846618652344,0.0
2918,pop55,1,0.0005066394805908203,0.0
2919,pop55,2,0.010487556457519531,0.010064125061035156
2919,pop52,6,0.004387180010477702,0.00870157470910216
2919,pop54,1,0.02155280113220215,0.0
2919,pop12,2,0.01289522647857666,0.01260530948638916
2919,pop13,1,0.025942325592041016,0.0
2919,pop48,3,0.03908459345499674,0.027298305351921983
2919,pop56,2,0.06150162220001221,0.001200556755065918
2919,pop2,3,0.02317921320597331,0.03211410202024897
2919,pop49,2,0.03129589557647705,0.03084123134613037
2919,pop53,1,0.0005550384521484375,0.0
2919,pop47,1,0.0004909038543701172,0.0
2920,pop23,5,0.005303573608398437,0.009974093569914471
2920,pop16,1,0.0002512931823730469,0.0
2921,pop44,2,0.012015104293823242,0.011598587036132812
2921,pop50,2,0.0003628730773925781,1.9073486328125e-06
2921,pop33,2,0.00027549266815185547,6.794929504394531e-06
2921,pop32,3,0.0003437995910644531,6.625663323317187e-05
2921,pop16,1,0.0002639293670654297,0.0
2922,pop50,4,0.005946457386016846,0.009597576529720878
2922,pop44,1,0.024155139923095703,0.0
2922,pop17,2,0.013669848442077637,0.0133897066116333
2922,pop53,3,0.0003711382548014323,9.222276643358013e-06
2922,pop7,1,0.0003490447998046875,0.0
2923,pop14,4,0.013095259666442871,0.012733980596959413
2923,pop24,2,0.00035572052001953125,7.843971252441406e-05
2923,pop50,1,0.00036716461181640625,0.0
2923,pop53,1,0.00045108795166015625,0.0
2923,pop47,1,0.0002460479736328125,0.0
2924,pop41,2,0.011511921882629395,0.011098504066467285
2924,pop40,3,0.00034880638122558594,5.073369591927993e-05
2924,pop43,1,0.0002605915069580078,0.0
2924,pop51,1,0.0002932548522949219,0.0
2924,pop19,1,0.0003058910369873047,0.0
2924,pop18,1,0.0002884864807128906,0.0
2925,pop39,2,0.011566400527954102,0.011150598526000977
2925,pop38,4,0.00028651952743530273,4.402080449986588e-05
2925,pop18,1,0.0002562999725341797,0.0
2925,pop19,1,0.0003001689910888672,0.0
2925,pop51,1,0.0003571510314941406,0.0
2925,pop50,1,0.00032067298889160156,0.0
2925,pop55,1,0.0002639293670654297,0.0
2926,pop9,5,0.004567956924438477,0.008479486578826264
2926,pop51,1,0.00035119056701660156,0.0
2926,pop50,1,0.0003879070281982422,0.0
2926,pop14,1,0.0003170967102050781,0.0
2926,pop24,1,0.00026798248291015625,0.0
2927,pop4,2,0.011458754539489746,0.01104891300201416
2927,pop51,2,0.0005075931549072266,0.00015974044799804688
2927,pop22,4,0.0003876686096191406,0.00015305451480864172
2927,pop53,1,0.0006034374237060547,0.0
2927,pop1,1,0.0005028247833251953,0.0
2927,pop6,1,0.0004596710205078125,0.0
2928,pop31,2,0.010911941528320312,0.010512351989746094
2928,pop17,4,0.0003439784049987793,7.590915364006975e-05
2928,pop50,1,0.00032711029052734375,0.0
2928,pop51,1,0.00033926963806152344,0.0
2929,pop6,4,0.00635981559753418,0.010417150027481276
2929,pop1,1,0.0002899169921875,0.0
2929,pop53,1,0.00033473968505859375,0.0
2929,pop51,1,0.00031185150146484375,0.0
2929,pop19,1,0.00029349327087402344,0.0
2929,pop18,1,0.00026297569274902344,0.0
2930,pop56,2,0.012888312339782715,0.012483477592468262
2930,pop2,4,0.013667166233062744,0.013343442767742705
2930,pop49,5,0.01080179214477539,0.012864156354848581
2930,pop48,1,0.0004067420959472656,0.0
2930,pop52,1,0.0005350112915039062,0.0
2930,pop53,1,0.0006427764892578125,0.0
2930,pop50,1,0.0006220340728759766,0.0
2930,pop14,1,0.0005533695220947266,0.0
2930,pop24,1,0.0005338191986083984,0.0
2931,pop57,2,0.013248682022094727,0.012819766998291016
2931,pop56,2,0.014455080032348633,0.014182567596435547
2931,pop2,2,0.013286113739013672,0.013024330139160156
2931,pop49,3,0.00042827924092610675,0.00022874373777705546
2931,pop48,3,0.009127060572306315,0.012269077191448693
2931,pop52,1,0.0005617141723632812,0.0
2931,pop53,1,0.0006475448608398438,0.0
2931,pop51,1,0.0003037452697753906,0.0
2931,pop19,1,0.0007145404815673828,0.0
2931,pop18,1,0.0004684925079345703,0.0
2932,pop42,2,0.011256933212280273,0.010859966278076172
2932,pop43,1,0.00025725364685058594,0.0
2932,pop40,4,0.0003268122673034668,6.277891573957214e-05
2932,pop41,1,0.00027561187744140625,0.0
2932,pop53,1,0.0005593299865722656,0.0
2932,pop52,1,0.00030159950256347656,0.0
2933,pop23,4,0.01311272382736206,0.012722005620678826
2933,pop21,1,0.027573108673095703,0.0
2933,pop24,5,0.005847024917602539,0.01102187811583993
2933,pop14,1,0.0002639293670654297,0.0
2933,pop50,1,0.0003428459167480469,0.0
2933,pop51,1,0.0006885528564453125,0.0
2933,pop19,1,0.0005960464477539062,0.0
2933,pop18,1,0.00047779083251953125,0.0
2934,pop39,2,0.011607527732849121,0.011191248893737793
2934,pop38,1,0.00038814544677734375,0.0
2934,pop18,1,0.0002613067626953125,0.0
2934,pop19,2,0.00043392181396484375,0.00010776519775390625
2934,pop51,3,0.0004871686299641927,0.00013714938818770983
2934,pop4,3,0.008630116780598959,0.011724302914896366
2934,pop10,2,0.0003103017807006836,3.826618194580078e-05
2934,pop20,1,0.0004849433898925781,0.0
2935,pop4,2,0.011384248733520508,0.010977983474731445
2935,pop51,1,0.0003380775451660156,0.0
2935,pop50,1,0.0003604888916015625,0.0
2935,pop55,2,0.011132955551147461,0.010618925094604492
2935,pop52,2,0.0004303455352783203,0.00012135505676269531
2935,pop12,4,0.00031936168670654297,8.137979117736095e-05
2936,pop22,5,0.00449371337890625,0.008279554456066473
2936,pop51,1,0.00034546852111816406,0.0
2936,pop50,1,0.0003376007080078125,0.0
2936,pop44,1,0.0002741813659667969,0.0
2937,pop36,2,0.010699868202209473,0.010304093360900879
2937,pop51,5,0.0004061222076416016,0.00011534400098904228
2937,pop4,3,0.027872880299886067,0.02392754547209285
2937,pop10,2,0.013040423393249512,0.012743592262268066
2937,pop53,4,0.04144132137298584,0.023693911480801255
2937,pop54,1,0.05190420150756836,0.0
2937,pop52,2,0.0006972551345825195,7.855892181396484e-05
2937,pop1,1,0.0005426406860351562,0.0
2937,pop15,1,0.0005071163177490234,0.0
2938,pop18,3,0.008511543273925781,0.011568299630543864
2938,pop38,4,0.00034040212631225586,7.222339349680028e-05
2938,pop19,1,0.00028014183044433594,0.0
2938,pop51,1,0.0004341602325439453,0.0
2938,pop50,1,0.00031304359436035156,0.0
2938,pop35,1,0.00044608116149902344,0.0
2939,pop42,2,0.011525988578796387,0.011122345924377441
2939,pop43,1,0.0002899169921875,0.0
2939,pop51,2,0.0005866289138793945,2.396106719970703e-05
2939,pop53,1,0.000331878662109375,0.0
2939,pop50,1,0.00030922889709472656,0.0
2939,pop16,1,0.00026535987854003906,0.0
2939,pop23,1,0.0004184246063232422,0.0
2939,pop21,1,0.0002758502960205078,0.0
2939,pop22,3,0.0005358060201009115,4.53540128586284e-05
2939,pop19,1,0.0005838871002197266,0.0
2939,pop18,1,0.0005037784576416016,0.0
2940,pop23,2,0.012915730476379395,0.012491583824157715
2940,pop24,4,0.0003402233123779297,7.09927101178331e-05
2940,pop14,1,0.0002849102020263672,0.0
2940,pop50,1,0.0003459453582763672,0.0
2940,pop51,1,0.0004048347473144531,0.0
2940,pop10,1,0.00025773048400878906,0.0
2941,pop16,2,0.011825919151306152,0.011411547660827637
2941,pop23,1,0.00027680397033691406,0.0
2941,pop24,4,0.00030499696731567383,3.661040332282654e-05
2941,pop14,1,0.0002841949462890625,0.0
2941,pop50,1,0.00037670135498046875,0.0
2941,pop53,1,0.000377655029296875,0.0
2941,pop52,1,0.0003070831298828125,0.0
2942,pop52,4,0.0058869123458862305,0.009506974430234164
2942,pop53,1,0.0003237724304199219,0.0
2942,pop50,1,0.0003476142883300781,0.0
2942,pop55,2,0.010941028594970703,0.010418176651000977
2942,pop12,3,0.0003235340118408203,4.7221727315763775e-05
2943,pop24,4,0.006999611854553223,0.011472586983995177
2943,pop14,1,0.00029587745666503906,0.0
2943,pop50,1,0.000347137451171875,0.0
2943,pop35,1,0.00024127960205078125,0.0
2944,pop37,5,0.004172754287719726,0.007715457736815497
2944,pop33,1,0.00028443336486816406,0.0
2944,pop50,1,0.0003421306610107422,0.0
2944,pop44,1,0.0004885196685791016,0.0
2945,pop21,4,0.006971895694732666,0.011496991996137481
2945,pop23,1,0.0002930164337158203,0.0
2945,pop16,1,0.00026917457580566406,0.0
2945,pop50,1,0.00037026405334472656,0.0
2945,pop51,1,0.0003116130828857422,0.0
2946,pop8,2,0.011016607284545898,0.010617256164550781
2946,pop51,2,0.0003019571304321289,1.4901161193847656e-05
2946,pop4,1,0.023136377334594727,0.0
2946,pop19,1,0.0002932548522949219,0.0
2946,pop20,1,0.025861501693725586,0.0
2946,pop46,1,0.00024771690368652344,0.0
2946,pop45,1,0.0002474784851074219,0.0
2946,pop44,1,0.026401758193969727,0.0
2946,pop50,3,0.0004971822102864584,0.00015744827130091096
2946,pop17,1,0.028850317001342773,0.0
2946,pop14,1,0.0005140304565429688,0.0
2946,pop24,3,0.02208431561787923,0.030413308705521187
2946,pop23,2,0.0004636049270629883,0.0001093149185180664
2946,pop16,1,0.0004703998565673828,0.0
2946,pop55,1,0.0004737377166748047,0.0
2947,pop33,3,0.008438030878702799,0.011443094066554813
2947,pop32,4,0.0003025531768798828,6.246953508184307e-05
2947,pop50,1,0.0003082752227783203,0.0
2947,pop53,1,0.00045037269592285156,0.0
2947,pop7,1,0.00024628639221191406,0.0
2948,pop6,2,0.0125809907913208,0.012157797813415527
2948,pop1,1,0.0002837181091308594,0.0
2948,pop53,2,0.0004552602767944336,2.372264862060547e-05
2948,pop52,3,0.00039132436116536457,6.832826721768883e-05
2948,pop51,1,0.00034046173095703125,0.0
2948,pop19,1,0.0003063678741455078,0.0
2948,pop20,1,0.00046181678771972656,0.0
2949,pop56,4,0.006657421588897705,0.010935626860380167
2949,pop48,1,0.0002868175506591797,0.0
2949,pop52,1,0.00040435791015625,0.0
2949,pop55,1,0.00026345252990722656,0.0
2950,pop22,5,0.004504776000976563,0.008399843005624519
2950,pop51,1,0.00035691261291503906,0.0
2951,pop32,4,0.006976068019866943,0.011485069066295716
2951,pop33,1,0.0003085136413574219,0.0
2951,pop50,1,0.00031948089599609375,0.0
2951,pop55,1,0.0002675056457519531,0.0
2952,pop10,4,0.005904436111450195,0.00966193418747563
2953,pop52,2,0.011680126190185547,0.011018514633178711
2953,pop54,1,0.0002617835998535156,0.0
2953,pop53,1,0.0004892349243164062,0.0
2953,pop50,7,0.000617776598249163,0.00028702211759113144
2953,pop55,1,0.022458791732788086,0.0
2953,pop17,2,0.014635920524597168,0.0142134428024292
2953,pop14,5,0.02863168716430664,0.034545163353554675
2953,pop16,2,0.0005589723587036133,8.738040924072266e-05
2953,pop23,3,0.02292521794637044,0.031520082435798076
2953,pop24,5,0.02868828773498535,0.03444165704088871
2953,pop51,1,0.0006930828094482422,0.0
2953,pop19,1,0.0005543231964111328,0.0
2953,pop20,1,0.0004684925079345703,0.0
2953,pop46,1,0.0005257129669189453,0.0
2953,pop45,1,0.00054168701171875,0.0
2953,pop44,2,0.03483390808105469,0.0343012809753418
2954,pop37,5,0.00423431396484375,0.007796984432874111
2954,pop33,1,0.0002682209014892578,0.0
2954,pop50,1,0.00032591819763183594,0.0
2954,pop16,1,0.0004703998565673828,0.0
2955,pop33,3,0.008405447006225586,0.011397190826926995
2955,pop32,4,0.0003077983856201172,3.042196778944856e-05
2955,pop50,1,0.0003654956817626953,0.0
2955,pop53,1,0.0003428459167480469,0.0
2955,pop52,1,0.0003008842468261719,0.0
2956,pop30,2,0.01073002815246582,0.010319948196411133
2956,pop31,1,0.0002455711364746094,0.0
2956,pop17,4,0.00033605098724365234,8.416420673667142e-05
2956,pop50,1,0.0003457069396972656,0.0
2956,pop14,1,0.00048089027404785156,0.0
2956,pop24,1,0.00043272972106933594,0.0
2957,pop41,2,0.01159977912902832,0.011173486709594727
2957,pop53,3,0.00036414464314778644,4.459312734124192e-05
2957,pop1,1,0.00030922889709472656,0.0
2957,pop6,1,0.0002422332763671875,0.0
2958,pop16,3,0.00810392697652181,0.010978860619903993
2958,pop23,2,0.0002955198287963867,1.5497207641601562e-06
2958,pop24,3,0.00030604998270670575,7.3622929751195674e-06
2959,pop24,3,0.018699804941813152,0.012941185292966187
2959,pop23,2,0.013670086860656738,0.013390898704528809
2959,pop21,3,0.00032178560892740887,5.871565455793106e-05
2959,pop16,1,0.0002586841583251953,0.0
2959,pop50,1,0.00037479400634765625,0.0
2959,pop53,1,0.0003197193145751953,0.0
2959,pop7,1,0.00044798851013183594,0.0
2960,pop22,4,0.00558018684387207,0.009107890183425778
2960,pop51,1,0.00036215782165527344,0.0
2961,pop52,6,0.004047910372416179,0.008264136880187834
2961,pop55,2,0.010881781578063965,0.010416865348815918
2961,pop50,2,0.0006203651428222656,0.00024509429931640625
2961,pop53,2,0.000500798225402832,0.0001481771469116211
2962,pop40,4,0.011607229709625244,0.011270325303701671
2962,pop41,2,0.00027632713317871094,1.52587890625e-05
2962,pop53,2,0.01159524917602539,0.011283397674560547
2962,pop43,1,0.0002906322479248047,0.0
2962,pop51,4,0.00047153234481811523,0.00013951993432248058
2962,pop4,3,0.008901039759318033,0.011799064892074376
2962,pop10,1,0.02575206756591797,0.0
2962,pop52,1,0.0004868507385253906,0.0
2963,pop38,5,0.0054988861083984375,0.0103055891115001
2963,pop18,1,0.0002720355987548828,0.0
2963,pop19,1,0.0003094673156738281,0.0
2963,pop51,1,0.0005462169647216797,0.0
2963,pop47,1,0.0004897117614746094,0.0
2964,pop31,2,0.011164546012878418,0.010750412940979004
2964,pop17,4,0.0003731250762939453,7.503086095352548e-05
2964,pop50,1,0.0004684925079345703,0.0
2964,pop53,1,0.0003542900085449219,0.0
2964,pop1,1,0.0005354881286621094,0.0
2964,pop15,1,0.0005867481231689453,0.0
2965,pop57,2,0.01343989372253418,0.013038396835327148
2965,pop56,4,0.0002722740173339844,2.4496276272203493e-05
2965,pop48,1,0.00038886070251464844,0.0
2965,pop52,1,0.00029158592224121094,0.0
2966,pop37,5,0.004258918762207031,0.007856691468001034
2966,pop52,1,0.00029540061950683594,0.0
2966,pop34,1,0.00024247169494628906,0.0
2966,pop35,1,0.0005698204040527344,0.0
2967,pop33,3,0.008553187052408854,0.01137028061449033
2967,pop50,2,0.0005568265914916992,0.0001882314682006836
2967,pop32,4,0.0003712773323059082,0.00012225624623575876
2967,pop51,2,0.0007889270782470703,2.6226043701171875e-06
2967,pop19,1,0.0009748935699462891,0.0
2967,pop46,1,0.0006337165832519531,0.0
2967,pop20,1,0.0004723072052001953,0.0
2968,pop47,2,0.010094046592712402,0.009692788124084473
2968,pop51,5,0.0005238056182861328,0.00015836213584143
2968,pop4,1,0.025180578231811523,0.0
2968,pop9,1,0.049959659576416016,0.0
2968,pop10,2,0.02840876579284668,0.02814006805419922
2968,pop50,6,0.0009212493896484375,0.00016256709122237863
2968,pop17,2,0.07435953617095947,0.0068367719650268555
2968,pop19,1,0.0005767345428466797,0.0
2968,pop20,1,0.00047016143798828125,0.0
2968,pop46,1,0.000514984130859375,0.0
2968,pop45,1,0.0005266666412353516,0.0
2968,pop44,3,0.023363272349039715,0.03228909689018777
2968,pop14,3,0.05307690302530924,0.037262091745139225
2968,pop27,1,0.0005197525024414062,0.0
2968,pop25,1,0.0006668567657470703,0.0
2968,pop24,2,0.0006239414215087891,8.487701416015625e-05
2968,pop23,1,0.0004937648773193359,0.0
2968,pop16,1,0.0006482601165771484,0.0
2969,pop46,3,0.008219321568806967,0.011152802285132832
2969,pop20,3,0.008897542953491211,0.012216180877895085
2969,pop45,1,0.00026679039001464844,0.0
2969,pop44,1,0.027065038681030273,0.0
2969,pop50,2,0.000596165657043457,0.00024211406707763672
2969,pop17,2,0.0006723403930664062,0.00022745132446289062
2969,pop53,1,0.0006527900695800781,0.0
2969,pop1,1,0.0004994869232177734,0.0
2969,pop6,1,0.0004074573516845703,0.0
2970,pop28,2,0.010991454124450684,0.010579466819763184
2970,pop51,5,0.0004193305969238281,0.00018090088206251207
2970,pop4,2,0.013032078742980957,0.012647747993469238
2970,pop10,2,0.041153788566589355,0.01597416400909424
2970,pop19,2,0.0006326436996459961,6.115436553955078e-05
2970,pop20,2,0.030085206031799316,0.029551148414611816
2970,pop53,2,0.0008096694946289062,0.00011467933654785156
2970,pop52,1,0.0005095005035400391,0.0
2970,pop34,1,0.0005028247833251953,0.0
2970,pop35,1,0.00042891502380371094,0.0
2971,pop48,3,0.008495648701985678,0.01153200408758184
2971,pop49,2,0.013103842735290527,0.012852072715759277
2971,pop2,4,0.0002688765525817871,1.3773058733612978e-05
2971,pop52,1,0.0005390644073486328,0.0
2972,pop18,2,0.013002991676330566,0.012598633766174316
2972,pop19,2,0.00030684471130371094,5.7220458984375e-06
2972,pop20,2,0.013135910034179688,0.012877225875854492
2972,pop51,1,0.00034737586975097656,0.0
2972,pop50,2,0.0005431175231933594,0.00018310546875
2972,pop17,3,0.00040761629740397137,0.00015094505169563604
2972,pop44,1,0.0004849433898925781,0.0
2973,pop30,2,0.01066136360168457,0.010262727737426758
2973,pop48,3,0.009292205174763998,0.012431872646045282
2973,pop56,3,0.00041294097900390625,0.00020373180311483943
2973,pop52,1,0.0005123615264892578,0.0
2974,pop41,2,0.011491656303405762,0.011083245277404785
2974,pop40,3,0.008028268814086914,0.010877715409576529
2974,pop43,1,0.0002865791320800781,0.0
2974,pop51,2,0.00044226646423339844,7.152557373046875e-07
2974,pop4,2,0.00033926963806152344,6.079673767089844e-05
2974,pop53,1,0.0006270408630371094,0.0
2974,pop52,1,0.0005385875701904297,0.0
2975,pop24,3,0.018580118815104168,0.012841913816083031
2975,pop14,1,0.0004570484161376953,0.0
2975,pop27,1,0.00039577484130859375,0.0
2975,pop25,1,0.00027298927307128906,0.0
2975,pop17,1,0.00043320655822753906,0.0
2975,pop50,2,0.0006868839263916016,4.315376281738281e-05
2975,pop33,2,0.0005260705947875977,1.1086463928222656e-05
2975,pop32,3,0.0005447864532470703,1.992757195851027e-05
2975,pop53,1,0.0006766319274902344,0.0
2975,pop47,1,0.0005872249603271484,0.0
2976,pop31,2,0.011076092720031738,0.010670065879821777
2976,pop17,3,0.009578943252563477,0.013109699816821375
2976,pop50,2,0.0005646944046020508,0.00022518634796142578
2976,pop14,2,0.015079021453857422,0.01452016830444336
2976,pop24,2,0.0004563331604003906,0.00017523765563964844
2976,pop51,1,0.0006618499755859375,0.0
2976,pop10,1,0.0002682209014892578,0.0
2977,pop33,3,0.00853880246480306,0.011497268060512692
2977,pop32,3,0.0003387928009033203,7.184935506235053e-05
2977,pop50,1,0.0003178119659423828,0.0
2977,pop35,1,0.00045609474182128906,0.0
2978,pop45,2,0.012668490409851074,0.012248396873474121
2978,pop44,1,0.00038433074951171875,0.0
2978,pop27,1,0.0002541542053222656,0.0
2978,pop25,1,0.0002741813659667969,0.0
2978,pop17,3,0.031118392944335938,0.026005116163671783
2978,pop50,4,0.0007094144821166992,0.00015545078763534219
2978,pop14,4,0.016170620918273926,0.027023449664699883
2978,pop24,2,0.03299891948699951,0.032514214515686035
2978,pop55,1,0.051189422607421875,0.0
2978,pop52,2,0.030222296714782715,0.029667258262634277
2978,pop12,2,0.0006006956100463867,0.00013816356658935547
2978,pop53,1,0.000720977783203125,0.0
2979,pop21,2,0.014003753662109375,0.013581275939941406
2979,pop23,2,0.013881921768188477,0.013592243194580078
2979,pop24,3,0.0003291765848795573,7.942412789664574e-05
2979,pop14,1,0.0003726482391357422,0.0
2979,pop50,1,0.00038814544677734375,0.0
2979,pop53,1,0.0003409385681152344,0.0
2979,pop52,1,0.0005447864532470703,0.0
2980,pop8,2,0.011204838752746582,0.010800004005432129
2980,pop51,2,0.00048482418060302734,0.00013649463653564453
2980,pop43,1,0.00026297569274902344,0.0
2980,pop40,1,0.023335695266723633,0.0
2980,pop41,1,0.0002834796905517578,0.0
2980,pop53,2,0.012347817420959473,0.011635899543762207
2980,pop54,3,0.00036485989888509113,7.083060697829152e-05
2980,pop19,1,0.0007293224334716797,0.0
2980,pop18,1,0.00047469139099121094,0.0
2981,pop37,3,0.013870318730672201,0.009515989246446466
2981,pop33,2,0.00028514862060546875,1.71661376953125e-05
2981,pop32,2,0.0003886222839355469,1.2874603271484375e-05
2981,pop50,1,0.0007762908935546875,0.0
2981,pop14,1,0.0004978179931640625,0.0
2981,pop24,1,0.0005404949188232422,0.0
2982,pop46,2,0.012268543243408203,0.011838197708129883
2982,pop45,1,0.00029015541076660156,0.0
2982,pop44,3,0.008943557739257812,0.012247216561256134
2982,pop50,1,0.0003387928009033203,0.0
2982,pop17,2,0.0003705024719238281,7.081031799316406e-05
2982,pop25,1,0.00027370452880859375,0.0
2982,pop27,1,0.0005662441253662109,0.0
2982,pop14,1,0.00044846534729003906,0.0
2982,pop24,1,0.0004990100860595703,0.0
2983,pop30,2,0.010792374610900879,0.010384917259216309
2983,pop48,3,0.00919326146443685,0.012422945185414425
2983,pop56,3,0.0003027915954589844,3.348967825668554e-05
2983,pop52,1,0.0006010532379150391,0.0
2983,pop55,1,0.0005106925964355469,0.0
2984,pop31,2,0.011138558387756348,0.010722756385803223
2984,pop17,1,0.027783632278442383,0.0
2984,pop50,2,0.0005393028259277344,0.0001583099365234375
2984,pop44,3,0.0003097852071126302,3.763709114533419e-05
2984,pop53,1,0.0007171630859375,0.0
2984,pop52,1,0.0005867481231689453,0.0
2985,pop33,3,0.008543888727823893,0.011595174785525337
2985,pop32,4,0.0003185868263244629,6.173070363872329e-05
2985,pop50,1,0.0003914833068847656,0.0
2985,pop51,1,0.0004949569702148438,0.0
2985,pop19,1,0.0003001689910888672,0.0
2985,pop20,1,0.00048661231994628906,0.0
2986,pop27,5,0.00587611198425293,0.01098283228973621
2986,pop25,1,0.0002503395080566406,0.0
2986,pop17,1,0.0002810955047607422,0.0
2986,pop50,1,0.0004494190216064453,0.0
2986,pop53,1,0.00031495094299316406,0.0
2986,pop51,1,0.0006849765777587891,0.0
2987,pop53,4,0.012118637561798096,0.011662791976093058
2987,pop1,2,0.00028884410858154297,6.794929504394531e-06
2987,pop6,1,0.027106046676635742,0.0
2987,pop50,2,0.0003714561462402344,3.7670135498046875e-05
2987,pop17,1,0.028667211532592773,0.0
2987,pop14,1,0.0006661415100097656,0.0
2987,pop24,3,0.0004996458689371744,2.760054774512334e-05
2988,pop55,2,0.010653018951416016,0.010239362716674805
2988,pop52,4,0.00032210350036621094,2.380547131087359e-05
2988,pop53,1,0.00034618377685546875,0.0
2988,pop7,1,0.00026535987854003906,0.0
2989,pop44,3,0.016492287317911785,0.011365711614791935
2989,pop50,1,0.00034236907958984375,0.0
2989,pop14,2,0.01408398151397705,0.013791203498840332
2989,pop24,2,0.0002714395523071289,3.5762786865234375e-07
2990,pop50,10,0.003006267547607422,0.006718325584765913
2990,pop44,6,0.028255184491475422,0.03200123123998819
2990,pop17,4,0.018825829029083252,0.03156925628589537
2990,pop31,1,0.00027823448181152344,0.0
2990,pop30,1,0.0002815723419189453,0.0
2990,pop48,1,0.0005135536193847656,0.0
2990,pop52,1,0.0005481243133544922,0.0
2990,pop53,2,0.037397146224975586,0.036711692810058594
2990,pop14,3,0.04809220631917318,0.03415332533765042
2990,pop24,2,0.06939125061035156,0.001024484634399414
2990,pop23,1,0.06727242469787598,0.0
2990,pop51,1,0.0006954669952392578,0.0
2990,pop19,1,0.00049591064453125,0.0
2990,pop20,4,0.01970076560974121,0.033282643053084114
2990,pop46,4,0.0005823969841003418,8.046095000444204e-05
2990,pop45,4,0.0005052685737609863,1.293777820866804e-05
2990,pop25,2,0.00047969818115234375,5.4836273193359375e-06
2990,pop27,2,0.0005140304565429688,4.863739013671875e-05
2991,pop10,5,0.004830741882324218,0.008955076720073887
2991,pop51,1,0.0004169940948486328,0.0
2991,pop50,1,0.0004968643188476562,0.0
2991,pop35,1,0.0004279613494873047,0.0
2992,pop47,4,0.005178093910217285,0.008364892207202393
2992,pop51,1,0.0003578662872314453,0.0
2992,pop19,1,0.00030112266540527344,0.0
2992,pop18,1,0.00025582313537597656,0.0
2993,pop48,2,0.012407422065734863,0.011992096900939941
2993,pop52,4,0.00036448240280151367,6.306348876583509e-05
2993,pop53,1,0.0004608631134033203,0.0
2993,pop51,1,0.0003650188446044922,0.0
2993,pop19,1,0.0005447864532470703,0.0
2993,pop18,1,0.0004820823669433594,0.0
2994,pop21,4,0.00702744722366333,0.011552175940490201
2994,pop23,1,0.00028824806213378906,0.0
2994,pop16,1,0.0002815723419189453,0.0
2994,pop50,1,0.0003414154052734375,0.0
2994,pop51,1,0.0003151893615722656,0.0
2994,pop10,1,0.0002608299255371094,0.0
2995,pop14,2,0.01324474811553955,0.012795567512512207
2995,pop24,1,0.0002808570861816406,0.0
2995,pop23,4,0.000333249568939209,7.697050828395178e-05
2995,pop16,1,0.00028252601623535156,0.0
2995,pop50,1,0.0003592967987060547,0.0
2995,pop53,1,0.00064849853515625,0.0
2995,pop52,1,0.0005648136138916016,0.0
2996,pop9,5,0.004680728912353516,0.008723898066158293
2996,pop51,1,0.0002918243408203125,0.0
2996,pop53,1,0.000732421875,0.0
2996,pop7,1,0.000545501708984375,0.0
2997,pop52,4,0.006004154682159424,0.009744007535042334
2997,pop54,3,0.007969379425048828,0.010878607657199502
2997,pop53,1,0.00033545494079589844,0.0
2997,pop1,1,0.0006833076477050781,0.0
2997,pop6,1,0.0004382133483886719,0.0
2998,pop8,2,0.011323928833007812,0.010927438735961914
2998,pop51,2,0.0007941722869873047,8.96453857421875e-05
2998,pop50,2,0.0005222558975219727,0.00021255016326904297
2998,pop16,1,0.0002598762512207031,0.0
2998,pop23,1,0.00028896331787109375,0.0
2998,pop21,1,0.0002677440643310547,0.0
2998,pop22,4,0.00048792362213134766,0.00010140815529523429
2998,pop53,1,0.0006990432739257812,0.0
2998,pop7,1,0.0005972385406494141,0.0
2999,pop37,5,0.004331111907958984,0.0080163127629342
2999,pop52,1,0.0003139972686767578,0.0
2999,pop34,1,0.0004582405090332031,0.0
2999,pop35,1,0.0004379749298095703,0.0
3000,pop30,2,0.010920882225036621,0.010521292686462402
3000,pop31,1,0.00029087066650390625,0.0
3000,pop17,2,0.014435291290283203,0.01415872573852539
3000,pop50,2,0.0004961490631103516,0.000141143798828125
3000,pop14,1,0.029394865036010742,0.0
3000,pop24,2,0.0006525516510009766,0.0003840923309326172
3000,pop23,1,0.0006542205810546875,0.0
3000,pop16,1,0.0004858970642089844,0.0
3000,pop51,1,0.0006017684936523438,0.0
3000,pop10,1,0.0006468296051025391,0.0
3001,pop21,2,0.013821005821228027,0.013409972190856934
3001,pop23,4,0.0003666877746582031,6.175501449105547e-05
3001,pop16,1,0.0005114078521728516,0.0
3001,pop50,1,0.00032782554626464844,0.0
3001,pop53,1,0.0003311634063720703,0.0
3001,pop7,1,0.0004489421844482422,0.0
3002,pop39,2,0.01213991641998291,0.011729836463928223
3002,pop38,1,0.0002930164337158203,0.0
3002,pop18,1,0.00027251243591308594,0.0
3002,pop19,1,0.00032711029052734375,0.0
3002,pop51,2,0.0003699064254760742,5.924701690673828e-05
3002,pop4,1,0.026067256927490234,0.0
3002,pop43,1,0.00026345252990722656,0.0
3002,pop40,4,0.0004976987838745117,0.00014289256087177764
3002,pop41,1,0.0005033016204833984,0.0
3002,pop53,1,0.00035262107849121094,0.0
3002,pop50,1,0.0008828639984130859,0.0
3002,pop14,1,0.0005023479461669922,0.0
3002,pop24,1,0.0004992485046386719,0.0
3003,pop4,2,0.011743664741516113,0.01133573055267334
3003,pop51,2,0.0006009340286254883,3.063678741455078e-05
3003,pop50,1,0.00037026405334472656,0.0
3003,pop16,1,0.0002770423889160156,0.0
3003,pop23,1,0.0002815723419189453,0.0
3003,pop21,1,0.0002644062042236328,0.0
3003,pop22,4,0.0004462599754333496,6.057178143989542e-05
3003,pop19,1,0.0005433559417724609,0.0
3003,pop20,1,0.0005009174346923828,0.0
3004,pop57,2,0.013760805130004883,0.013339996337890625
3004,pop56,2,0.013906478881835938,0.013617753982543945
3004,pop48,1,0.0002956390380859375,0.0
3004,pop52,2,0.0004278421401977539,0.00012695789337158203
3004,pop13,3,0.00035881996154785156,0.00016538449133543726
3004,pop53,1,0.0007085800170898438,0.0
3004,pop7,1,0.0002346038818359375,0.0
3005,pop53,2,0.011374950408935547,0.010701894760131836
3005,pop54,1,0.0002779960632324219,0.0
3005,pop52,5,0.010888385772705077,0.020705296049379974
3005,pop48,3,0.029036760330200195,0.02454628580301688
3005,pop56,1,0.028572559356689453,0.0
3005,pop55,2,0.023186206817626953,0.022715330123901367
3005,pop12,3,0.0005504290262858073,0.00012091690483601603
3005,pop50,1,0.0007660388946533203,0.0
3005,pop14,1,0.000537872314453125,0.0
3005,pop24,1,0.0004932880401611328,0.0
3006,pop55,2,0.01079106330871582,0.010386466979980469
3006,pop52,2,0.00028121471405029297,2.086162567138672e-05
3006,pop48,3,0.009061892827351889,0.012376474084294556
3006,pop56,2,0.01480865478515625,0.014544486999511719
3006,pop54,2,0.0007274150848388672,2.1457672119140625e-06
3006,pop53,1,0.0007178783416748047,0.0
3006,pop51,1,0.00035881996154785156,0.0
3006,pop19,1,0.0005767345428466797,0.0
3006,pop18,1,0.00047659873962402344,0.0
3007,pop44,2,0.012660741806030273,0.012038469314575195
3007,pop45,1,0.00026702880859375,0.0
3007,pop46,1,0.00027179718017578125,0.0
3007,pop20,1,0.0002574920654296875,0.0
3007,pop19,1,0.0002872943878173828,0.0
3007,pop51,1,0.0003261566162109375,0.0
3007,pop50,2,0.0004162788391113281,7.843971252441406e-05
3007,pop33,2,0.0004235506057739258,0.00013387203216552734
3007,pop32,3,0.0005397001902262369,6.69129386730344e-05
3007,pop16,1,0.0004894733428955078,0.0
3008,pop50,3,0.008133570353190104,0.010712009376646589
3008,pop33,2,0.000278472900390625,2.6226043701171875e-06
3008,pop32,1,0.028564453125,0.0
3008,pop37,4,0.0005688071250915527,0.0001836964771630745
3008,pop52,1,0.0005857944488525391,0.0
3008,pop53,1,0.0006079673767089844,0.0
3008,pop44,1,0.0005216598510742188,0.0
3009,pop10,3,0.015852848688761394,0.010922196276588017
3009,pop51,2,0.00040459632873535156,3.910064697265625e-05
3009,pop4,2,0.0003412961959838867,5.5670738220214844e-05
3009,pop50,1,0.0003674030303955078,0.0
3009,pop14,1,0.00029349327087402344,0.0
3009,pop24,1,0.00026988983154296875,0.0
3010,pop48,4,0.012889444828033447,0.012544714987328332
3010,pop49,1,0.026871442794799805,0.0
3010,pop52,3,0.00037924448649088543,5.245654250982285e-05
3010,pop53,1,0.0007214546203613281,0.0
3010,pop51,1,0.0006377696990966797,0.0
3011,pop52,4,0.006035864353179932,0.009755721527523076
3011,pop54,3,0.007987658182779947,0.010888622493376254
3011,pop53,1,0.0006575584411621094,0.0
3011,pop47,1,0.00046634674072265625,0.0
3012,pop36,2,0.011506199836730957,0.011103510856628418
3012,pop51,3,0.000423431396484375,0.0001528649249117155
3012,pop43,2,0.00032448768615722656,6.747245788574219e-05
3012,pop40,1,0.025254011154174805,0.0
3012,pop10,4,0.0005641579627990723,8.594061762381943e-05
3012,pop53,1,0.0005636215209960938,0.0
3012,pop7,1,0.00044035911560058594,0.0
3013,pop42,2,0.011769652366638184,0.011369824409484863
3013,pop43,1,0.00028896331787109375,0.0
3013,pop40,5,0.004970359802246094,0.009205154094209472
3013,pop41,3,0.0003879070281982422,8.11641651678351e-05
3013,pop53,2,0.012397408485412598,0.011756062507629395
3013,pop50,1,0.0005974769592285156,0.0
3013,pop16,1,0.000270843505859375,0.0
3014,pop23,3,0.01784094174702962,0.012320105700824225
3014,pop16,2,0.0003910064697265625,0.00010561943054199219
3014,pop50,2,0.0003854036331176758,1.0609626770019531e-05
3014,pop17,3,0.00032440821329752606,3.4487741707951896e-05
3015,pop18,2,0.013011336326599121,0.012605786323547363
3015,pop38,2,0.013917088508605957,0.013649821281433105
3015,pop39,1,0.0002579689025878906,0.0
3015,pop44,3,0.0004982153574625651,0.00016503208593698581
3015,pop50,1,0.0007653236389160156,0.0
3015,pop55,1,0.0005023479461669922,0.0
3016,pop24,3,0.019264698028564453,0.013323169444579348
3016,pop14,1,0.0003294944763183594,0.0
3016,pop50,2,0.00039708614349365234,3.159046173095703e-05
3016,pop44,2,0.00034821033477783203,8.428096771240234e-05
3016,pop53,1,0.00033664703369140625,0.0
3016,pop47,1,0.0004646778106689453,0.0
3017,pop14,4,0.01373070478439331,0.013373370783444445
3017,pop24,4,0.0003399848937988281,7.253784866233713e-05
3017,pop23,1,0.027695655822753906,0.0
3017,pop50,1,0.0003743171691894531,0.0
3017,pop53,1,0.0007526874542236328,0.0
3017,pop1,1,0.0005695819854736328,0.0
3017,pop15,1,0.0005593299865722656,0.0
3018,pop8,2,0.011518359184265137,0.011129021644592285
3018,pop51,3,0.00046674410502115887,0.00011996511750942535
3018,pop43,2,0.00039458274841308594,5.9604644775390625e-06
3018,pop40,1,0.0238950252532959,0.0
3018,pop4,4,0.0004966855049133301,0.0002218159367178197
3018,pop50,1,0.000705718994140625,0.0
3018,pop35,1,0.00043511390686035156,0.0
3019,pop37,2,0.010512351989746094,0.010104179382324219
3019,pop52,2,0.0006127357482910156,0.0003154277801513672
3019,pop12,3,0.0004459222157796224,0.00022215361081710073
3019,pop51,1,0.0006723403930664062,0.0
3019,pop19,1,0.0005843639373779297,0.0
3019,pop20,1,0.0004975795745849609,0.0
3020,pop30,2,0.011261343955993652,0.01086413860321045
3020,pop31,1,0.0002524852752685547,0.0
3020,pop17,4,0.0003974437713623047,0.0001803020701811945
3020,pop50,1,0.0007245540618896484,0.0
3020,pop53,1,0.0006427764892578125,0.0
3020,pop7,1,0.0004391670227050781,0.0
3021,pop53,3,0.007860740025838217,0.010468889783554935
3021,pop54,4,0.0003501772880554199,0.00012752478870284414
3021,pop51,1,0.0006539821624755859,0.0
3021,pop19,1,0.0006966590881347656,0.0
3021,pop20,1,0.0004658699035644531,0.0
3022,pop50,3,0.00831460952758789,0.01107720618841528
3022,pop14,2,0.013660192489624023,0.013257980346679688
3022,pop24,1,0.02871394157409668,0.0
3022,pop51,2,0.0003247261047363281,2.3126602172851562e-05
3022,pop4,2,0.013145804405212402,0.012725234031677246
3022,pop53,2,0.026401519775390625,0.025733232498168945
3022,pop54,1,0.05174612998962402,0.0
3022,pop52,2,0.0005966424942016602,0.0001062154769897461
3022,pop12,3,0.00048089027404785156,9.45815848873384e-05
3022,pop7,1,0.00045228004455566406,0.0
3023,pop6,5,0.005352973937988281,0.010092930118055838
3023,pop1,1,0.0005650520324707031,0.0
3023,pop0,1,0.0002453327178955078,0.0
3023,pop3,1,0.00044417381286621094,0.0
3023,pop52,1,0.0005896091461181641,0.0
3023,pop53,1,0.0006287097930908203,0.0
3023,pop51,1,0.0006761550903320312,0.0
3024,pop56,5,0.005523157119750976,0.010402595689862707
3024,pop48,1,0.0003952980041503906,0.0
3024,pop52,1,0.00029778480529785156,0.0
3024,pop55,1,0.00039196014404296875,0.0
3025,pop45,2,0.013117074966430664,0.01269221305847168
3025,pop44,1,0.0002779960632324219,0.0
3025,pop50,2,0.000628352165222168,2.205371856689453e-05
3025,pop14,1,0.0002658367156982422,0.0
3025,pop27,1,0.00027298927307128906,0.0
3025,pop25,1,0.0005731582641601562,0.0
3025,pop17,4,0.0005658268928527832,8.222648156841556e-05
3025,pop53,1,0.0007579326629638672,0.0
3025,pop47,1,0.0004630088806152344,0.0
3026,pop31,2,0.011343717575073242,0.01094961166381836
3026,pop17,4,0.00038689374923706055,0.00015890150026307297
3026,pop50,1,0.0007402896881103516,0.0
3026,pop51,1,0.0006396770477294922,0.0
3027,pop57,2,0.013700604438781738,0.013299107551574707
3027,pop56,1,0.00025463104248046875,0.0
3027,pop48,1,0.0002639293670654297,0.0
3027,pop52,1,0.0005404949188232422,0.0
3028,pop52,5,0.004866313934326172,0.009057756717876297
3028,pop54,2,0.011554360389709473,0.011270880699157715
3028,pop53,1,0.0006208419799804688,0.0
3028,pop7,1,0.0005652904510498047,0.0
3029,pop32,5,0.00584707260131836,0.010976493979732868
3029,pop33,1,0.00040650367736816406,0.0
3029,pop50,1,0.00046563148498535156,0.0
3029,pop16,1,0.0002570152282714844,0.0
3030,pop36,2,0.011495232582092285,0.011086821556091309
3030,pop51,2,0.0004875659942626953,0.00012874603271484375
3030,pop19,2,0.0004284381866455078,0.00011730194091796875
3030,pop20,2,0.029377341270446777,0.029106497764587402
3030,pop50,3,0.0007252693176269531,1.4427771826178806e-05
3030,pop17,1,0.031352996826171875,0.0
3030,pop33,2,0.0004984140396118164,7.033348083496094e-06
3030,pop32,2,0.0006425380706787109,0.00013971328735351562
3030,pop53,1,0.0007250308990478516,0.0
3030,pop47,1,0.00045609474182128906,0.0
3031,pop23,2,0.013431191444396973,0.012998700141906738
3031,pop24,4,0.000333249568939209,7.937376231576673e-05
3031,pop14,1,0.0002980232238769531,0.0
3031,pop50,1,0.00037407875061035156,0.0
3031,pop35,1,0.0004096031188964844,0.0
3032,pop24,4,0.007347822189331055,0.012069594783303923
3032,pop14,1,0.00030541419982910156,0.0
3032,pop50,1,0.0003743171691894531,0.0
3032,pop53,1,0.0003495216369628906,0.0
3032,pop52,1,0.0002675056457519531,0.0
3033,pop14,3,0.01811329523722331,0.012513973828860011
3033,pop50,2,0.0004153251647949219,3.719329833984375e-05
3033,pop44,3,0.0003745555877685547,6.645195291634086e-05
3033,pop53,1,0.0003330707550048828,0.0
3033,pop47,1,0.0004131793975830078,0.0
3034,pop53,5,0.009627771377563477,0.01121625909897656
3034,pop41,2,0.0002791881561279297,9.775161743164062e-06
3034,pop40,2,0.00040650367736816406,0.00014209747314453125
3034,pop1,1,0.0005691051483154297,0.0
3034,pop6,1,0.00045609474182128906,0.0
3035,pop45,2,0.012894511222839355,0.012473702430725098
3035,pop46,1,0.00027060508728027344,0.0
3035,pop20,2,0.013331174850463867,0.01309347152709961
3035,pop19,1,0.0003066062927246094,0.0
3035,pop51,1,0.0003502368927001953,0.0
3035,pop43,1,0.00026702880859375,0.0
3035,pop40,1,0.05336761474609375,0.0
3035,pop41,1,0.0005350112915039062,0.0
3035,pop53,1,0.0009911060333251953,0.0
3035,pop54,1,0.0004992485046386719,0.0
3035,pop52,3,0.0006558895111083984,0.00012227363715017233
3035,pop34,1,0.0004801750183105469,0.0
3035,pop35,1,0.0004096031188964844,0.0
3036,pop16,2,0.01256859302520752,0.012147307395935059
3036,pop23,2,0.014006972312927246,0.013732552528381348
3036,pop24,3,0.0003342628479003906,7.205160409964825e-05
3036,pop14,1,0.0003025531768798828,0.0
3036,pop50,1,0.0006518363952636719,0.0
3036,pop35,1,0.00024127960205078125,0.0
3037,pop22,3,0.014893293380737305,0.010237482218946768
3037,pop51,1,0.00032520294189453125,0.0
3037,pop50,2,0.0008270740509033203,4.7206878662109375e-05
3037,pop17,1,0.06031036376953125,0.0
3037,pop14,2,0.06474697589874268,0.0012944936752319336
3037,pop24,3,0.023254871368408203,0.03228866952442825
3037,pop23,1,0.0634758472442627,0.0
3038,pop21,2,0.014505505561828613,0.014088034629821777
3038,pop23,3,0.0003123283386230469,4.55077722103547e-05
3038,pop24,3,0.010310093561808268,0.014164944185243606
3038,pop16,1,0.0004425048828125,0.0
3038,pop50,1,0.0007090568542480469,0.0
3038,pop53,1,0.0006361007690429688,0.0
3038,pop52,1,0.0005373954772949219,0.0
3039,pop56,2,0.013419389724731445,0.012971162796020508
3039,pop48,1,0.00039505958557128906,0.0
3039,pop52,2,0.00029098987579345703,3.2186508178710938e-06
3039,pop12,3,0.0003979206085205078,0.0001126337077298253
3039,pop53,1,0.0006880760192871094,0.0
3039,pop1,1,0.0005249977111816406,0.0
3039,pop6,1,0.0004596710205078125,0.0
3040,pop31,2,0.011484384536743164,0.01107168197631836
3040,pop30,1,0.0003743171691894531,0.0
3040,pop48,1,0.00028204917907714844,0.0
3040,pop52,2,0.0006198883056640625,0.0003285408020019531
3040,pop12,3,0.0004843870798746745,0.0002002763684529098
3040,pop54,1,0.00026798248291015625,0.0
3040,pop53,1,0.0006167888641357422,0.0
3040,pop47,1,0.0004608631134033203,0.0
3041,pop24,5,0.0059086322784423825,0.011071628358038252
3041,pop14,1,0.00029921531677246094,0.0
3041,pop50,1,0.00035643577575683594,0.0
3041,pop35,1,0.0004315376281738281,0.0
3042,pop53,3,0.007690111796061198,0.010316921603522615
3042,pop52,5,0.00048804283142089844,0.00016874370324767467
3042,pop13,2,0.01280522346496582,0.012554407119750977
3042,pop55,1,0.023047685623168945,0.0
3042,pop50,1,0.0006704330444335938,0.0
3042,pop16,1,0.0004940032958984375,0.0
3043,pop40,2,0.011849641799926758,0.011431455612182617
3043,pop41,1,0.00041031837463378906,0.0
3043,pop53,3,0.008307456970214844,0.010791547554477438
3043,pop47,3,0.015990336736043293,0.022001947431423443
3043,pop52,4,0.015301764011383057,0.02516752567809743
3043,pop54,2,0.027182936668395996,0.026718735694885254
3044,pop38,5,0.005666017532348633,0.010664620300240492
3044,pop18,1,0.00026297569274902344,0.0
3044,pop19,1,0.0003001689910888672,0.0
3044,pop51,1,0.00064849853515625,0.0
3044,pop53,1,0.0006959438323974609,0.0
3044,pop1,1,0.0005249977111816406,0.0
3044,pop6,1,0.0004341602325439453,0.0
3045,pop39,2,0.012172579765319824,0.0117570161819458
3045,pop38,4,0.0003177523612976074,5.069868215436229e-05
3045,pop18,1,0.0002727508544921875,0.0
3045,pop19,1,0.0005159378051757812,0.0
3045,pop51,1,0.0006222724914550781,0.0
3045,pop53,1,0.0006480216979980469,0.0
3045,pop7,1,0.00044846534729003906,0.0
3046,pop44,4,0.02356564998626709,0.027884756779937576
3046,pop50,2,0.0005731582641601562,6.318092346191406e-05
3046,pop51,3,0.0005498727162679037,0.0001404569876258495
3046,pop53,1,0.024207592010498047,0.0
3046,pop41,1,0.0002968311309814453,0.0
3046,pop40,1,0.024483442306518555,0.0
3046,pop43,1,0.00039887428283691406,0.0
3046,pop10,1,0.05297493934631348,0.0
3046,pop19,2,0.0007188320159912109,0.00011539459228515625
3046,pop18,2,0.0004899501800537109,6.67572021484375e-06
3046,pop38,2,0.0356287956237793,0.03537297248840332
3046,pop39,2,0.0005489587783813477,7.11679458618164e-05
3046,pop45,1,0.0005128383636474609,0.0
3046,pop46,1,0.00051116943359375,0.0
3046,pop20,1,0.0669558048248291,0.0
3046,pop55,2,0.03017747402191162,0.029683232307434082
3046,pop56,1,0.0005068778991699219,0.0
3046,pop48,1,0.0005397796630859375,0.0
3046,pop52,4,0.0006532669067382812,6.437676913307486e-05
3047,pop10,5,0.004931592941284179,0.00919071918910513
3047,pop51,1,0.0003197193145751953,0.0
3047,pop53,1,0.0004448890686035156,0.0
3047,pop1,1,0.0002894401550292969,0.0
3047,pop6,1,0.0004596710205078125,0.0
3048,pop48,3,0.00857083002726237,0.011642350257481303
3048,pop49,4,0.0003058910369873047,7.114008497130777e-05
3048,pop52,1,0.0009086132049560547,0.0
3048,pop54,1,0.000457763671875,0.0
3048,pop53,1,0.0005810260772705078,0.0
3048,pop47,1,0.0005431175231933594,0.0
3049,pop23,4,0.0069741010665893555,0.011415354084560483
3049,pop16,1,0.00026798248291015625,0.0
3049,pop50,1,0.00031113624572753906,0.0
3049,pop51,1,0.00029587745666503906,0.0
3049,pop10,1,0.0004627704620361328,0.0
3050,pop14,2,0.013524651527404785,0.013059258460998535
3050,pop24,2,0.00046944618225097656,0.00019168853759765625
3050,pop23,2,0.000415802001953125,0.0001347064971923828
3050,pop21,4,0.0002766847610473633,1.0770478496343324e-05
3051,pop16,2,0.012320280075073242,0.011915922164916992
3051,pop50,1,0.0005097389221191406,0.0
3051,pop51,1,0.0003294944763183594,0.0
3051,pop53,2,0.01264190673828125,0.01198267936706543
3051,pop1,2,0.0005106925964355469,0.0001838207244873047
3051,pop6,1,0.027973175048828125,0.0
3051,pop52,4,0.0005770325660705566,2.762487206028987e-05
3052,pop56,5,0.005674839019775391,0.01054884611030032
3052,pop2,2,0.00025784969329833984,2.9802322387695312e-06
3052,pop49,2,0.01404261589050293,0.013789176940917969
3052,pop48,1,0.0004973411560058594,0.0
3052,pop52,1,0.000514984130859375,0.0
3052,pop53,1,0.0006921291351318359,0.0
3052,pop1,1,0.00028586387634277344,0.0
3052,pop15,1,0.0003991127014160156,0.0
3053,pop31,2,0.011404275894165039,0.010982036590576172
3053,pop30,1,0.0002617835998535156,0.0
3053,pop48,2,0.00041866302490234375,0.00010776519775390625
3053,pop49,2,0.03043055534362793,0.030048131942749023
3053,pop52,1,0.0005714893341064453,0.0
3053,pop12,3,0.0006010532379150391,0.00030393029660340134
3054,pop53,5,0.004875040054321289,0.008914922950679789
3054,pop52,1,0.00029778480529785156,0.0
3054,pop34,1,0.0002567768096923828,0.0
3054,pop35,1,0.0004336833953857422,0.0
3055,pop28,2,0.011530756950378418,0.011128067970275879
3055,pop51,4,0.0004583001136779785,0.00015378334490850492
3055,pop4,2,0.04059767723083496,0.015084028244018555
3055,pop10,1,0.025595664978027344,0.0
3055,pop19,1,0.0008568763732910156,0.0
3055,pop18,1,0.0004963874816894531,0.0
3055,pop38,1,0.0002682209014892578,0.0
3055,pop39,1,0.0004782676696777344,0.0
3055,pop44,2,0.035470008850097656,0.034960269927978516
3055,pop45,2,0.0005145072937011719,9.298324584960938e-06
3055,pop46,2,0.0004891157150268555,1.1563301086425781e-05
3055,pop20,2,0.034160614013671875,0.033684492111206055
3055,pop50,2,0.0008224248886108398,6.592273712158203e-05
3055,pop17,3,0.0006636778513590494,4.2284789515040595e-05
3055,pop53,1,0.0010356903076171875,0.0
3055,pop54,1,0.0005130767822265625,0.0
3055,pop52,1,0.0008287429809570312,0.0
3056,pop41,4,0.006154358386993408,0.010107138053068546
3056,pop40,4,0.0063332319259643555,0.010144046259226436
3056,pop53,1,0.024030208587646484,0.0
3056,pop43,1,0.0004665851593017578,0.0
3056,pop51,1,0.0006148815155029297,0.0
3056,pop19,1,0.0005757808685302734,0.0
3056,pop20,1,0.0006299018859863281,0.0
3057,pop18,5,0.005570507049560547,0.010272944134609096
3057,pop38,4,0.02329164743423462,0.026039289129063607
3057,pop19,3,0.0005332628885904948,0.00015430924093046922
3057,pop20,1,0.05621695518493652,0.0
3057,pop51,2,0.0006297826766967773,3.3974647521972656e-05
3057,pop50,3,0.0007495880126953125,4.3853898829082806e-05
3057,pop17,1,0.06831169128417969,0.0
3057,pop44,2,0.000649571418762207,9.453296661376953e-05
3057,pop10,1,0.00047206878662109375,0.0
3058,pop8,2,0.011648893356323242,0.011246919631958008
3058,pop51,3,0.0005346139272054037,0.00019861401343275874
3058,pop4,1,0.024718761444091797,0.0
3058,pop9,4,0.00047028064727783203,0.00014254016810296135
3058,pop53,1,0.0006837844848632812,0.0
3058,pop1,1,0.0005633831024169922,0.0
3058,pop15,1,0.0004398822784423828,0.0
3059,pop37,5,0.004558467864990234,0.00806748613798583
3059,pop33,3,0.00045037269592285156,0.00012354331470010999
3059,pop32,1,0.030696868896484375,0.0
3059,pop50,2,0.0007274150848388672,3.266334533691406e-05
3059,pop51,1,0.0008451938629150391,0.0
3059,pop19,1,0.0005915164947509766,0.0
3059,pop20,1,0.0004899501800537109,0.0
3060,pop30,2,0.011255860328674316,0.01083981990814209
3060,pop48,4,0.0003889799118041992,0.00016328561618783594
3060,pop52,1,0.0005519390106201172,0.0
3060,pop34,1,0.0005247592926025391,0.0
3060,pop35,1,0.00045800209045410156,0.0
3061,pop50,5,0.005325841903686524,0.009146941022169964
3061,pop44,1,0.00027561187744140625,0.0
3061,pop27,2,0.00035691261291503906,0.00010752677917480469
3061,pop25,2,0.0003529787063598633,0.0001043081283569336
3061,pop17,1,0.06241178512573242,0.0
3061,pop14,2,0.03290057182312012,0.03213763236999512
3061,pop16,1,0.00046324729919433594,0.0
3061,pop23,1,0.0005476474761962891,0.0
3061,pop24,1,0.07490968704223633,0.0
3061,pop55,1,0.05702400207519531,0.0
3061,pop53,2,0.0007441043853759766,3.4809112548828125e-05
3061,pop52,4,0.0007013678550720215,8.449329997944847e-05
3061,pop51,1,0.0007736682891845703,0.0
3061,pop19,1,0.0006175041198730469,0.0
3061,pop18,1,0.00047469139099121094,0.0
3062,pop22,3,0.015137990315755209,0.010414641428298795
3062,pop51,1,0.0006058216094970703,0.0
3063,pop21,4,0.007344067096710205,0.012130979399721442
3063,pop23,1,0.000331878662109375,0.0
3063,pop16,1,0.0004782676696777344,0.0
3063,pop50,1,0.00039267539978027344,0.0
3063,pop55,1,0.0003046989440917969,0.0
3064,pop38,3,0.01856835683186849,0.012833110246238478
3064,pop39,1,0.0002639293670654297,0.0
3064,pop44,1,0.027650833129882812,0.0
3064,pop50,2,0.0006524324417114258,6.92605972290039e-05
3064,pop17,2,0.0006937980651855469,0.00011396408081054688
3064,pop51,1,0.0008306503295898438,0.0
3064,pop19,1,0.0005986690521240234,0.0
3064,pop20,1,0.0004515647888183594,0.0
3065,pop46,2,0.012871861457824707,0.012466788291931152
3065,pop20,2,0.013493657112121582,0.013219237327575684
3065,pop19,1,0.0003604888916015625,0.0
3065,pop51,1,0.0003407001495361328,0.0
3065,pop43,1,0.00028133392333984375,0.0
3065,pop40,2,0.0005913972854614258,7.49826431274414e-05
3065,pop41,1,0.0004458427429199219,0.0
3065,pop53,1,0.000553131103515625,0.0
3065,pop50,1,0.0008847713470458984,0.0
3065,pop16,1,0.0003845691680908203,0.0
3066,pop33,3,0.008894681930541992,0.012079087047665589
3066,pop32,3,0.00037161509195963543,7.0454292562427e-05
3066,pop50,1,0.00035452842712402344,0.0
3066,pop53,1,0.00035381317138671875,0.0
3066,pop47,1,0.0004181861877441406,0.0
3067,pop57,2,0.013981461524963379,0.013590693473815918
3067,pop56,2,0.014361858367919922,0.014108896255493164
3067,pop48,3,0.01815684636433919,0.012479375414869228
3067,pop49,4,0.0005672574043273926,0.00014041299594232413
3067,pop2,1,0.06259989738464355,0.0
3067,pop52,1,0.0005557537078857422,0.0
3067,pop53,1,0.0005824565887451172,0.0
3067,pop1,1,0.0005564689636230469,0.0
3067,pop15,1,0.00043654441833496094,0.0
3068,pop52,5,0.0050198078155517575,0.00922143163678517
3068,pop48,1,0.025912046432495117,0.0
3068,pop13,2,0.013203144073486328,0.0128173828125
3068,pop37,3,0.0005238056182861328,0.00019202757896795495
3068,pop34,1,0.0004398822784423828,0.0
3068,pop35,1,0.0005280971527099609,0.0
3069,pop39,2,0.012339234352111816,0.011948943138122559
3069,pop44,3,0.0004506111145019531,0.0002342586801191954
3069,pop50,1,0.0008330345153808594,0.0
3069,pop51,1,0.0005834102630615234,0.0
3070,pop44,2,0.01277005672454834,0.01235044002532959
3070,pop50,1,0.00037598609924316406,0.0
3070,pop53,4,0.0004051327705383301,5.982700237810294e-05
3070,pop1,1,0.0005123615264892578,0.0
3070,pop6,1,0.00047206878662109375,0.0
3071,pop23,3,0.018438339233398438,0.01273964023284198
3071,pop24,2,0.0003228187561035156,3.695487976074219e-05
3071,pop14,1,0.0003228187561035156,0.0
3071,pop50,1,0.00038123130798339844,0.0
3071,pop44,1,0.0006527900695800781,0.0
3072,pop53,5,0.015358448028564453,0.02051928119545809
3072,pop1,4,0.0004470348358154297,0.00015368181244425954
3072,pop6,3,0.030136744181315105,0.025597178303144466
3072,pop41,2,0.00039076805114746094,0.0001232624053955078
3072,pop40,1,0.02521228790283203,0.0
3072,pop50,2,0.0009473562240600586,0.00017392635345458984
3072,pop17,1,0.0005509853363037109,0.0
3072,pop25,1,0.0005002021789550781,0.0
3072,pop27,1,0.00047779083251953125,0.0
3072,pop14,2,0.036197662353515625,0.035634756088256836
3072,pop24,1,0.0005300045013427734,0.0
3072,pop23,2,0.037885069847106934,0.03740561008453369
3072,pop21,2,0.0005106925964355469,3.147125244140625e-05
3072,pop16,1,0.0005002021789550781,0.0
3072,pop44,1,0.0005061626434326172,0.0
3073,pop28,2,0.011354207992553711,0.010925531387329102
3073,pop36,1,0.0002522468566894531,0.0
3073,pop10,4,0.00045055150985717773,0.00018239538451885184
3073,pop51,1,0.0006570816040039062,0.0
3073,pop50,1,0.0008687973022460938,0.0
3073,pop55,1,0.00026226043701171875,0.0
3074,pop8,2,0.011488914489746094,0.011087417602539062
3074,pop51,5,0.0005147933959960937,0.00016372128659085933
3074,pop4,2,0.039925336837768555,0.015245437622070312
3074,pop10,3,0.008579413096110025,0.011749929713422508
3074,pop19,2,0.0005855560302734375,7.867813110351562e-06
3074,pop20,1,0.06001091003417969,0.0
3074,pop22,2,0.0005320310592651367,3.8504600524902344e-05
3074,pop21,1,0.0004904270172119141,0.0
3074,pop23,1,0.0005674362182617188,0.0
3074,pop16,1,0.0004990100860595703,0.0
3075,pop27,2,0.014625072479248047,0.014198780059814453
3075,pop25,1,0.0002923011779785156,0.0
3075,pop17,1,0.00032019615173339844,0.0
3075,pop50,2,0.0005458593368530273,0.00018513202667236328
3075,pop33,2,0.0004190206527709961,0.0001016855239868164
3075,pop32,3,0.0004918575286865234,0.00017132903529414
3075,pop53,1,0.0003249645233154297,0.0
3075,pop1,1,0.0005657672882080078,0.0
3075,pop15,1,0.0004391670227050781,0.0
3076,pop47,2,0.010553717613220215,0.010139822959899902
3076,pop53,4,0.03334993124008179,0.022441842984974526
3076,pop54,2,0.037517428398132324,0.0136185884475708
3076,pop1,2,0.0005457401275634766,1.2874603271484375e-05
3076,pop6,3,0.021422863006591797,0.029759360556063683
3076,pop51,3,0.0006853739420572916,8.77158625311398e-06
3076,pop4,1,0.06091809272766113,0.0
3076,pop9,2,0.0005155801773071289,1.2755393981933594e-05
3077,pop32,4,0.007235288619995117,0.011879711520771193
3077,pop33,1,0.0002810955047607422,0.0
3077,pop50,1,0.00047898292541503906,0.0
3077,pop51,1,0.0005960464477539062,0.0
3078,pop36,2,0.011480450630187988,0.011085152626037598
3078,pop51,1,0.0007159709930419922,0.0
3079,pop18,2,0.013415217399597168,0.012998223304748535
3079,pop19,1,0.0002994537353515625,0.0
3079,pop51,5,0.0004513263702392578,0.00015616609848811004
3079,pop4,4,0.006676018238067627,0.010633562096388908
3079,pop43,2,0.00035512447357177734,0.00010859966278076172
3079,pop40,2,0.027139663696289062,0.026880502700805664
3079,pop10,2,0.02670764923095703,0.026085615158081055
3080,pop37,5,0.004378223419189453,0.00808717176823108
3080,pop52,1,0.0009722709655761719,0.0
3080,pop54,1,0.00047516822814941406,0.0
3080,pop53,1,0.0006058216094970703,0.0
3080,pop47,1,0.00045037269592285156,0.0
3081,pop30,2,0.011187553405761719,0.010780572891235352
3081,pop48,2,0.00040924549102783203,0.00012314319610595703
3081,pop49,2,0.0443340539932251,0.015992045402526855
3081,pop2,2,0.029202580451965332,0.02873861789703369
3081,pop52,3,0.0006557305653889974,0.0001333079463720668
3081,pop12,1,0.028453826904296875,0.0
3081,pop53,1,0.0006861686706542969,0.0
3081,pop50,1,0.0011196136474609375,0.0
3081,pop16,1,0.0004551410675048828,0.0
3081,pop23,1,0.0005240440368652344,0.0
3081,pop24,1,0.0004937648773193359,0.0
3082,pop50,6,0.004522999127705892,0.008890139016318516
3082,pop44,3,0.018209457397460938,0.011892994788104981
3082,pop17,4,0.007450580596923828,0.011981830423540884
3082,pop53,1,0.0007314682006835938,0.0
3082,pop1,1,0.0005471706390380859,0.0
3082,pop15,1,0.00046324729919433594,0.0
3083,pop22,5,0.00471949577331543,0.008768555000273775
3083,pop21,1,0.00048732757568359375,0.0
3083,pop23,1,0.00047469139099121094,0.0
3083,pop24,1,0.0004830360412597656,0.0
3084,pop33,3,0.008920669555664062,0.012128636782289589
3084,pop32,1,0.02873706817626953,0.0
3084,pop50,2,0.0005394220352172852,0.00015485286712646484
3084,pop17,4,0.000402987003326416,0.00019841041559484266
3084,pop25,1,0.0004546642303466797,0.0
3084,pop27,1,0.0006124973297119141,0.0
3084,pop44,1,0.0005283355712890625,0.0
3084,pop55,1,0.00044727325439453125,0.0
3085,pop52,2,0.012204408645629883,0.011659383773803711
3085,pop54,1,0.00026917457580566406,0.0
3085,pop53,1,0.02428722381591797,0.0
3085,pop41,1,0.00025153160095214844,0.0
3085,pop40,1,0.02459239959716797,0.0
3085,pop43,1,0.0002589225769042969,0.0
3085,pop51,3,0.0007368723551432291,0.00021235894644058343
3085,pop10,1,0.05133986473083496,0.0
3085,pop19,4,0.0005748867988586426,0.00011744291750054858
3085,pop18,4,0.0004584789276123047,1.4958747218452846e-05
3085,pop38,3,0.05189951260884603,0.03665100143902261
3085,pop39,2,0.00047647953033447266,3.0159950256347656e-05
3085,pop44,2,0.036196231842041016,0.035669565200805664
3085,pop45,2,0.0004863739013671875,2.384185791015625e-07
3085,pop46,3,0.0005117257436116537,6.833076292187183e-05
3085,pop20,3,0.07178378105163574,0.006071115101204846
3086,pop53,7,0.01467994281223842,0.01874530576903396
3086,pop51,4,0.00041860342025756836,0.0001368528225476982
3086,pop4,1,0.02587890625,0.0
3086,pop10,2,0.012974023818969727,0.012463808059692383
3086,pop54,1,0.05151629447937012,0.0
3087,pop8,2,0.011828303337097168,0.011432290077209473
3087,pop51,2,0.000554203987121582,9.02414321899414e-05
3087,pop9,3,0.00036565462748209637,0.00014589727931057294
3087,pop19,1,0.0006430149078369141,0.0
3087,pop18,1,0.0004763603210449219,0.0
3088,pop9,4,0.006069481372833252,0.009884234181338408
3088,pop51,1,0.0006692409515380859,0.0
3088,pop10,1,0.000476837158203125,0.0
3089,pop47,5,0.004419374465942383,0.008249672539276578
3090,pop37,4,0.005577802658081055,0.009062516992247955
3090,pop52,1,0.0005314350128173828,0.0
3090,pop53,1,0.0007088184356689453,0.0
3090,pop7,1,0.00048351287841796875,0.0
3091,pop50,3,0.008435567220052084,0.011329458805045373
3091,pop44,4,0.0003374814987182617,5.1747680221040726e-05
3091,pop16,1,0.0004935264587402344,0.0
3092,pop8,2,0.01177966594696045,0.011376738548278809
3092,pop51,2,0.00032782554626464844,5.4836273193359375e-06
3092,pop4,3,0.0003541310628255208,5.204058593504325e-05
3092,pop53,1,0.0007445812225341797,0.0
3092,pop1,1,0.0012524127960205078,0.0
3092,pop15,1,0.0004668235778808594,0.0
3093,pop4,2,0.012331604957580566,0.011928439140319824
3093,pop51,3,0.000522454579671224,0.0001407451107236446
3093,pop9,2,0.02692103385925293,0.026667356491088867
3093,pop22,3,0.0005331039428710938,5.578111649308826e-05
3093,pop19,1,0.0005486011505126953,0.0
3093,pop18,1,0.00046896934509277344,0.0
3094,pop55,2,0.011021614074707031,0.010614633560180664
3094,pop52,2,0.00043714046478271484,0.00013339519500732422
3094,pop48,4,0.0071631669998168945,0.011795572985513623
3094,pop56,2,0.00049591064453125,1.5497207641601562e-05
3095,pop40,2,0.011993765830993652,0.011583209037780762
3095,pop41,1,0.0002837181091308594,0.0
3095,pop53,4,0.00045937299728393555,0.0001877229054455874
3095,pop1,1,0.0005290508270263672,0.0
3095,pop6,1,0.0004477500915527344,0.0
3096,pop48,4,0.006779313087463379,0.011052180318407814
3096,pop52,1,0.0002970695495605469,0.0
3096,pop34,1,0.0002589225769042969,0.0
3096,pop35,1,0.00044989585876464844,0.0
3097,pop14,3,0.009442408879597982,0.012693408220913971
3097,pop24,5,0.0003773689270019531,0.00011200643993537838
3097,pop23,1,0.0005354881286621094,0.0
3097,pop16,1,0.00043272972106933594,0.0
3097,pop50,1,0.0007154941558837891,0.0
3097,pop53,1,0.0006954669952392578,0.0
3097,pop1,1,0.0002989768981933594,0.0
3097,pop6,1,0.00045371055603027344,0.0
3098,pop16,2,0.01280355453491211,0.012369632720947266
3098,pop23,1,0.0002684593200683594,0.0
3098,pop24,4,0.007894039154052734,0.012991550185171027
3098,pop14,3,0.01010592778523763,0.013691984595198171
3098,pop50,1,0.0006885528564453125,0.0
3098,pop55,1,0.0005884170532226562,0.0
3099,pop56,5,0.011562108993530273,0.01369191713714923
3099,pop48,2,0.013292431831359863,0.013030171394348145
3099,pop2,2,0.0006282329559326172,0.00015401840209960938
3099,pop49,1,0.0004742145538330078,0.0
3099,pop52,1,0.0005915164947509766,0.0
3099,pop53,1,0.0007290840148925781,0.0
3099,pop1,1,0.0005586147308349609,0.0
3099,pop6,1,0.00044465065002441406,0.0
3100,pop31,2,0.011786222457885742,0.011379003524780273
3100,pop30,1,0.0002646446228027344,0.0
3100,pop48,3,0.0003772576649983724,0.0001359203852823737
3100,pop52,1,0.0005578994750976562,0.0
3100,pop55,1,0.000469207763671875,0.0
3101,pop36,2,0.011621594429016113,0.011217474937438965
3101,pop51,1,0.0005922317504882812,0.0
3102,pop53,4,0.006396830081939697,0.009750119697921847
3102,pop7,1,0.00036978721618652344,0.0
3102,pop6,1,0.028983592987060547,0.0
3102,pop1,2,0.000537872314453125,3.337860107421875e-06
3102,pop54,1,0.0006520748138427734,0.0
3102,pop52,4,0.015230238437652588,0.025343636673026006
3102,pop48,2,0.03167998790740967,0.031148552894592285
3102,pop56,1,0.06745362281799316,0.0
3102,pop2,2,0.0006389617919921875,3.4809112548828125e-05
3102,pop49,1,0.0005173683166503906,0.0
3102,pop15,1,0.0005970001220703125,0.0
3103,pop42,2,0.012398123741149902,0.011998295783996582
3103,pop43,1,0.0002760887145996094,0.0
3103,pop51,5,0.0005816936492919922,0.000160232497810028
3103,pop9,1,0.051749229431152344,0.0
3103,pop10,1,0.026871919631958008,0.0
3103,pop53,1,0.05564522743225098,0.0
3103,pop50,2,0.0007965564727783203,4.0531158447265625e-06
3103,pop17,4,0.0006725788116455078,0.00010583139961177146
3103,pop19,1,0.0007224082946777344,0.0
3103,pop18,1,0.0004916191101074219,0.0
3104,pop21,3,0.019731601079305012,0.013658952476179322
3104,pop22,3,0.0005074342091878256,7.75385540098653e-05
3104,pop51,1,0.0006709098815917969,0.0
3104,pop19,1,0.0005335807800292969,0.0
3104,pop20,1,0.0004878044128417969,0.0
3105,pop9,5,0.004951381683349609,0.009275757368112904
3105,pop51,1,0.0006296634674072266,0.0
3105,pop19,1,0.0005762577056884766,0.0
3105,pop18,1,0.0002536773681640625,0.0
3106,pop37,5,0.004537725448608398,0.00832351931922613
3106,pop33,1,0.0005397796630859375,0.0
3106,pop50,1,0.0006668567657470703,0.0
3106,pop14,1,0.0005564689636230469,0.0
3106,pop24,1,0.000278472900390625,0.0
3107,pop50,3,0.008631229400634766,0.011371800045646115
3107,pop17,4,0.00031238794326782227,2.4872426210629515e-05
3107,pop55,1,0.0004971027374267578,0.0
3108,pop8,2,0.011850118637084961,0.011437654495239258
3108,pop51,2,0.0006222724914550781,0.00031065940856933594
3108,pop9,4,0.00046944618225097656,0.00015498271318758526
3108,pop43,1,0.0004925727844238281,0.0
3108,pop40,1,0.0004761219024658203,0.0
3108,pop41,1,0.0005059242248535156,0.0
3108,pop53,1,0.0006906986236572266,0.0
3108,pop7,1,0.0004334449768066406,0.0
3109,pop4,2,0.012308359146118164,0.011881589889526367
3109,pop51,2,0.0004475116729736328,0.00016355514526367188
3109,pop9,4,0.00047785043716430664,0.00014843451089852563
3109,pop53,1,0.0006976127624511719,0.0
3109,pop7,1,0.00045561790466308594,0.0
3110,pop6,2,0.013759136199951172,0.013352394104003906
3110,pop1,1,0.00030875205993652344,0.0
3110,pop53,1,0.00031757354736328125,0.0
3110,pop52,4,0.013924777507781982,0.023381307061798317
3110,pop48,2,0.029826879501342773,0.029289960861206055
3110,pop49,2,0.00048792362213134766,2.9802322387695312e-06
3110,pop2,2,0.0004172325134277344,7.081031799316406e-05
3110,pop34,1,0.0004649162292480469,0.0
3110,pop35,1,0.0004284381866455078,0.0
3111,pop46,2,0.012930154800415039,0.012514591217041016
3111,pop45,1,0.0003871917724609375,0.0
3111,pop44,1,0.026281356811523438,0.0
3111,pop50,2,0.0005757808685302734,0.0001876354217529297
3111,pop17,1,0.02883148193359375,0.0
3111,pop25,1,0.0004794597625732422,0.0
3111,pop27,1,0.0006499290466308594,0.0
3111,pop14,2,0.0004945993423461914,5.3048133850097656e-05
3111,pop24,4,0.0006080865859985352,8.115368840525588e-05
3111,pop53,1,0.0006835460662841797,0.0
3111,pop1,1,0.0006952285766601562,0.0
3111,pop15,1,0.0004248619079589844,0.0
3112,pop39,2,0.012528061866760254,0.012127995491027832
3112,pop44,1,0.027464628219604492,0.0
3112,pop50,2,0.0005545616149902344,0.00022912025451660156
3112,pop14,1,0.000614166259765625,0.0
3112,pop24,2,0.03312408924102783,0.03258407115936279
3112,pop23,3,0.0006498495737711588,9.930610041083727e-05
3112,pop21,2,0.03465843200683594,0.034386396408081055
3112,pop16,1,0.0005033016204833984,0.0
3112,pop53,1,0.0007634162902832031,0.0
3112,pop1,1,0.000545501708984375,0.0
3112,pop6,1,0.00043773651123046875,0.0
3113,pop23,2,0.013878107070922852,0.013443231582641602
3113,pop24,1,0.0002925395965576172,0.0
3113,pop14,4,0.00042897462844848633,0.00021503104848847785
3113,pop50,1,0.0007164478302001953,0.0
3113,pop53,1,0.0007045269012451172,0.0
3113,pop47,1,0.00042819976806640625,0.0
3114,pop28,2,0.011562585830688477,0.01116180419921875
3114,pop36,1,0.0002675056457519531,0.0
3114,pop10,5,0.01103801727294922,0.021108729472843393
3114,pop51,3,0.0006411870320638021,2.2309944137448953e-05
3114,pop4,1,0.05511641502380371,0.0
3114,pop19,1,0.0005600452423095703,0.0
3114,pop18,1,0.0004928112030029297,0.0
3115,pop40,2,0.011885762214660645,0.01148831844329834
3115,pop43,1,0.00026798248291015625,0.0
3115,pop51,3,0.0005900065104166666,0.00010226468028543539
3115,pop4,4,0.00042557716369628906,0.000152530789867181
3115,pop19,1,0.0009198188781738281,0.0
3115,pop46,1,0.0006406307220458984,0.0
3115,pop20,1,0.0004608631134033203,0.0
3116,pop16,2,0.012622952461242676,0.012206673622131348
3116,pop50,3,0.00043519337972005207,0.00015974096200079013
3116,pop44,1,0.026288986206054688,0.0
3116,pop17,1,0.029559612274169922,0.0
3116,pop25,1,0.00043964385986328125,0.0
3116,pop27,1,0.0004811286926269531,0.0
3116,pop14,2,0.0004106760025024414,0.00015056133270263672
3116,pop24,3,0.0005879402160644531,0.0001323265355670257
3116,pop35,1,0.0004413127899169922,0.0
3117,pop53,3,0.008081833521525065,0.010600878352460638
3117,pop52,4,0.00042766332626342773,0.00022624807504888298
3117,pop51,1,0.0006403923034667969,0.0
3117,pop19,1,0.0005047321319580078,0.0
3117,pop18,1,0.000263214111328125,0.0
3118,pop8,2,0.011763572692871094,0.011348724365234375
3118,pop51,2,0.0002968311309814453,3.5762786865234375e-06
3118,pop4,1,0.025190353393554688,0.0
3118,pop43,1,0.0003864765167236328,0.0
3118,pop40,1,0.025210857391357422,0.0
3118,pop41,1,0.0004425048828125,0.0
3118,pop53,2,0.02738642692565918,0.026610136032104492
3118,pop1,2,0.000559687614440918,6.079673767089844e-06
3118,pop6,2,0.03126239776611328,0.030822277069091797
3118,pop54,1,0.05331301689147949,0.0
3118,pop52,1,0.0006029605865478516,0.0
3118,pop37,2,0.0006511211395263672,0.0001583099365234375
3118,pop33,1,0.0006866455078125,0.0
3118,pop50,1,0.0008211135864257812,0.0
3118,pop14,1,0.0006077289581298828,0.0
3118,pop24,1,0.0005366802215576172,0.0
3119,pop45,2,0.013621926307678223,0.013200640678405762
3119,pop44,1,0.0002853870391845703,0.0
3119,pop50,4,0.0005057454109191895,0.00017109273190965828
3119,pop33,2,0.00040531158447265625,7.653236389160156e-05
3119,pop32,4,0.0005249977111816406,0.0001588773182873129
3119,pop14,2,0.0007148981094360352,0.00017201900482177734
3119,pop16,2,0.0005667209625244141,8.606910705566406e-05
3119,pop23,1,0.0007297992706298828,0.0
3119,pop24,1,0.0004897117614746094,0.0
3120,pop32,4,0.01488882303237915,0.014559973494705598
3120,pop33,1,0.00028324127197265625,0.0
3120,pop37,2,0.000731348991394043,0.0001958608627319336
3120,pop52,1,0.0010943412780761719,0.0
3120,pop51,1,0.0010745525360107422,0.0
3120,pop46,1,0.00046563148498535156,0.0
3120,pop20,1,0.0004949569702148438,0.0
3121,pop30,2,0.011439085006713867,0.011031627655029297
3121,pop48,2,0.0004132986068725586,0.00012886524200439453
3121,pop56,1,0.06069016456604004,0.0
3121,pop52,1,0.0005784034729003906,0.0
3121,pop12,2,0.014597892761230469,0.01400899887084961
3122,pop42,2,0.012278914451599121,0.011850714683532715
3122,pop43,1,0.0002605915069580078,0.0
3122,pop51,1,0.0005826950073242188,0.0
3123,pop8,2,0.01191258430480957,0.01151728630065918
3123,pop51,2,0.00047409534454345703,0.00018227100372314453
3123,pop9,3,0.0005370775858561198,6.45747184047243e-05
3123,pop53,1,0.0007266998291015625,0.0
3123,pop7,1,0.0004200935363769531,0.0
3124,pop24,3,0.02037183443705241,0.014115417333781598
3124,pop14,3,0.0004649957021077474,0.00015067781742331422
3124,pop50,1,0.0007636547088623047,0.0
3124,pop53,1,0.0006582736968994141,0.0
3124,pop52,1,0.0005331039428710938,0.0
3125,pop6,3,0.02928789456685384,0.024548147497772028
3125,pop1,3,0.0005279382069905599,0.00016210223180294063
3125,pop53,4,0.027395188808441162,0.02692407482684215
3125,pop54,2,0.038811326026916504,0.01519620418548584
3125,pop50,5,0.0007701873779296875,0.00010475197501642022
3125,pop17,2,0.072426438331604,0.0038083791732788086
3125,pop25,1,0.0004963874816894531,0.0
3125,pop27,1,0.0006153583526611328,0.0
3125,pop14,3,0.0007023016611735026,3.8548351354079035e-05
3125,pop24,1,0.0005323886871337891,0.0
3125,pop23,1,0.0005619525909423828,0.0
3125,pop16,2,0.0004755258560180664,7.510185241699219e-06
3125,pop44,2,0.03603553771972656,0.03548264503479004
3126,pop28,2,0.011559486389160156,0.011151790618896484
3126,pop36,1,0.0003707408905029297,0.0
3126,pop10,2,0.02773749828338623,0.02709639072418213
3126,pop51,2,0.0006781816482543945,4.172325134277344e-06
3126,pop4,3,0.00047842661539713543,0.00015018494975013993
3126,pop50,1,0.0006988048553466797,0.0
3126,pop44,1,0.0005052089691162109,0.0
3127,pop40,5,0.004953622817993164,0.00923845336652532
3127,pop41,1,0.00045680999755859375,0.0
3127,pop53,1,0.0007276535034179688,0.0
3127,pop50,1,0.0007317066192626953,0.0
3127,pop44,1,0.0005209445953369141,0.0
3128,pop42,2,0.012324929237365723,0.011917471885681152
3128,pop43,1,0.0002732276916503906,0.0
3128,pop40,4,0.0004572272300720215,0.00017867196924616587
3128,pop41,1,0.0005178451538085938,0.0
3128,pop53,1,0.0006661415100097656,0.0
3128,pop50,1,0.0006146430969238281,0.0
3128,pop16,1,0.0005249977111816406,0.0
3129,pop10,4,0.01250547170639038,0.01205738449141609
3129,pop51,4,0.000546574592590332,0.00011633134888942083
3129,pop43,2,0.0005317926406860352,0.00013458728790283203
3129,pop40,1,0.025662899017333984,0.0
3129,pop4,1,0.0534510612487793,0.0
3129,pop50,2,0.0005030632019042969,0.00011563301086425781
3129,pop17,2,0.0007331371307373047,0.00019168853759765625
3130,pop48,4,0.029056310653686523,0.022102040979370408
3130,pop52,5,0.013744211196899414,0.026180101066894723
3130,pop55,4,0.027171552181243896,0.026986163832331152
3130,pop56,1,0.0005095005035400391,0.0
3130,pop50,1,0.0007569789886474609,0.0
3130,pop33,1,0.0005362033843994141,0.0
3130,pop37,1,0.05427145957946777,0.0
3130,pop12,2,0.0006840229034423828,3.719329833984375e-05
3131,pop14,3,0.009502331415812174,0.012747718926743045
3131,pop24,3,0.000333706537882487,6.711001865463346e-05
3131,pop50,1,0.0007166862487792969,0.0
3131,pop51,1,0.0008039474487304688,0.0
3131,pop10,1,0.0005373954772949219,0.0
3132,pop56,3,0.018969217936197918,0.013123777472824377
3132,pop2,3,0.0005319913228352865,0.00022026112034326153
3132,pop49,1,0.0004398822784423828,0.0
3132,pop48,1,0.0005202293395996094,0.0
3132,pop52,1,0.0006632804870605469,0.0
3132,pop53,1,0.0006346702575683594,0.0
3132,pop51,1,0.0006506443023681641,0.0
3132,pop10,1,0.0004961490631103516,0.0
3133,pop32,4,0.00754469633102417,0.012383543828947529
3133,pop33,1,0.000286102294921875,0.0
3133,pop50,1,0.0006608963012695312,0.0
3133,pop53,1,0.0007555484771728516,0.0
3133,pop52,1,0.0005319118499755859,0.0
3134,pop24,4,0.007713794708251953,0.01264823326227102
3134,pop14,1,0.00031256675720214844,0.0
3134,pop50,1,0.0003466606140136719,0.0
3134,pop51,1,0.0006406307220458984,0.0
3134,pop10,1,0.0004851818084716797,0.0
3135,pop6,3,0.02982179323832194,0.02528963686853522
3135,pop1,2,0.0003916025161743164,0.00010120868682861328
3135,pop53,4,0.013178765773773193,0.021696476699318623
3135,pop41,2,0.00037157535552978516,0.00012409687042236328
3135,pop40,1,0.0249021053314209,0.0
3135,pop7,1,0.0006015300750732422,0.0
3135,pop54,1,0.0005195140838623047,0.0
3135,pop52,3,0.0006163914998372396,0.00012268936581786075
3135,pop50,1,0.0008394718170166016,0.0
3135,pop14,1,0.0006530284881591797,0.0
3135,pop24,1,0.0006799697875976562,0.0
3136,pop41,3,0.00845495859781901,0.011470029062424184
3136,pop40,1,0.0242459774017334,0.0
3136,pop53,2,0.0005238056182861328,0.0001621246337890625
3136,pop1,2,0.0005538463592529297,0.00013589859008789062
3136,pop6,1,0.0610501766204834,0.0
3136,pop50,5,0.0008203506469726563,0.0001962165148741027
3136,pop16,2,0.00035941600799560547,7.975101470947266e-05
3136,pop23,2,0.0005192756652832031,1.52587890625e-05
3136,pop24,3,0.0005175272623697916,2.7188314599047975e-05
3136,pop14,3,0.02184573809305827,0.0300393135778291
3136,pop17,4,0.03700178861618042,0.036624890716483935
3136,pop25,1,0.0004830360412597656,0.0
3136,pop27,1,0.07119059562683105,0.0
3136,pop32,3,0.0005745887756347656,9.330932791358437e-05
3136,pop33,1,0.0007221698760986328,0.0
3137,pop38,5,0.005966091156005859,0.011138516491590157
3137,pop18,1,0.0004830360412597656,0.0
3137,pop19,1,0.0005564689636230469,0.0
3137,pop51,1,0.0006952285766601562,0.0
3137,pop53,1,0.0003337860107421875,0.0
3137,pop52,1,0.0005269050598144531,0.0
3138,pop4,2,0.012482762336730957,0.012077927589416504
3138,pop51,1,0.00028586387634277344,0.0
3138,pop43,1,0.00027298927307128906,0.0
3138,pop40,1,0.024634122848510742,0.0
3138,pop41,1,0.00026798248291015625,0.0
3138,pop53,1,0.0006906986236572266,0.0
3138,pop52,3,0.00047842661539713543,0.00012103656523186949
3139,pop28,2,0.011945486068725586,0.011517047882080078
3139,pop51,2,0.0006242990493774414,3.3736228942871094e-05
3139,pop43,2,0.0005816221237182617,3.3974647521972656e-05
3139,pop40,3,0.00048605600992838543,4.8272288624409015e-05
3139,pop19,1,0.0005767345428466797,0.0
3139,pop20,1,0.0004932880401611328,0.0
3140,pop40,5,0.00504918098449707,0.009390047687309602
3140,pop41,1,0.0006468296051025391,0.0
3140,pop53,1,0.00063323974609375,0.0
3140,pop52,1,0.0005650520324707031,0.0
3140,pop34,1,0.0004646778106689453,0.0
3140,pop35,1,0.00022602081298828125,0.0
3141,pop42,2,0.01247549057006836,0.012066841125488281
3141,pop43,2,0.00028514862060546875,2.8848648071289062e-05
3141,pop40,1,0.02474236488342285,0.0
3141,pop51,2,0.000619053840637207,4.5418739318847656e-05
3141,pop10,4,0.0004987120628356934,3.218976419368858e-05
3141,pop53,1,0.0006008148193359375,0.0
3141,pop1,1,0.0005283355712890625,0.0
3141,pop6,1,0.0006213188171386719,0.0
3142,pop10,2,0.012441158294677734,0.012024641036987305
3142,pop51,1,0.00030541419982910156,0.0
3142,pop43,1,0.00026297569274902344,0.0
3142,pop40,2,0.027030587196350098,0.02664792537689209
3142,pop41,1,0.0004992485046386719,0.0
3142,pop53,1,0.0006525516510009766,0.0
3142,pop54,1,0.05326986312866211,0.0
3142,pop52,3,0.02070315678914388,0.028692315139173644
3142,pop55,3,0.017514546712239582,0.02407995619760193
3142,pop48,2,0.032889723777770996,0.03236424922943115
3142,pop56,1,0.06937766075134277,0.0
3142,pop2,1,0.00046753883361816406,0.0
3142,pop49,2,0.0005460977554321289,5.6624412536621094e-05
3143,pop14,3,0.009627421696980795,0.01286224661224483
3143,pop24,4,0.00039881467819213867,0.0001907901665114204
3143,pop50,1,0.0007112026214599609,0.0
3143,pop51,1,0.0006940364837646484,0.0
3143,pop10,1,0.00027298927307128906,0.0
3144,pop57,2,0.014564871788024902,0.014148831367492676
3144,pop56,3,0.00997622807820638,0.013142727635741012
3144,pop48,3,0.019573211669921875,0.02707995241834828
3144,pop52,1,0.0002880096435546875,0.0
3144,pop53,1,0.0006926059722900391,0.0
3144,pop51,1,0.0007412433624267578,0.0
3144,pop19,1,0.0005939006805419922,0.0
3144,pop20,1,0.0004661083221435547,0.0
3145,pop44,2,0.0130615234375,0.012637138366699219
3145,pop50,1,0.0003540515899658203,0.0
3145,pop55,1,0.022909879684448242,0.0
3145,pop52,4,0.0005614757537841797,0.00015158219389752717
3145,pop53,1,0.0006866455078125,0.0
3145,pop51,1,0.0006442070007324219,0.0
3146,pop39,2,0.01264190673828125,0.012240171432495117
3146,pop44,3,0.000675360361735026,0.0001189012255661389
3146,pop45,1,0.00045418739318847656,0.0
3146,pop46,1,0.0002715587615966797,0.0
3146,pop20,1,0.00044226646423339844,0.0
3147,pop16,3,0.008825222651163736,0.011845358264826475
3147,pop23,3,0.009943485260009766,0.013512665345509633
3147,pop24,3,0.0004463990529378255,0.00012034264213300322
3148,pop53,5,0.005459833145141602,0.009963287248506567
3148,pop7,1,0.000423431396484375,0.0
3149,pop56,5,0.011854839324951173,0.013798608452914208
3149,pop48,2,0.014059901237487793,0.013574004173278809
3149,pop49,2,0.030643701553344727,0.030189037322998047
3149,pop2,2,0.06285691261291504,0.0006647109985351562
3149,pop52,1,0.0005347728729248047,0.0
3149,pop53,1,0.0006885528564453125,0.0
3149,pop47,1,0.0004324913024902344,0.0
3150,pop32,3,0.019845008850097656,0.013747977694496925
3150,pop33,1,0.00028896331787109375,0.0
3150,pop50,3,0.0008136431376139323,0.00017809685222864395
3150,pop44,2,0.0005232095718383789,3.0875205993652344e-05
3150,pop27,3,0.02416062355041504,0.03352464209698671
3150,pop25,4,0.0004938840866088867,1.577756451567204e-05
3150,pop17,4,0.017069339752197266,0.02835148152376398
3150,pop55,1,0.0007495880126953125,0.0
3150,pop53,1,0.0008087158203125,0.0
3150,pop1,1,0.0005803108215332031,0.0
3150,pop15,1,0.0004448890686035156,0.0
3151,pop27,3,0.020440340042114258,0.014159949965899586
3151,pop25,1,0.00040268898010253906,0.0
3151,pop17,3,0.0006088415781656901,9.808064989460595e-05
3151,pop50,1,0.0007774829864501953,0.0
3151,pop51,1,0.0003542900085449219,0.0
3151,pop10,1,0.0004966259002685547,0.0
3152,pop18,2,0.013741374015808105,0.013339400291442871
3152,pop19,1,0.0002663135528564453,0.0
3152,pop51,1,0.000583648681640625,0.0
3153,pop22,5,0.004879093170166016,0.008944468348145539
3153,pop51,1,0.0006241798400878906,0.0
3153,pop47,1,0.00042819976806640625,0.0
3154,pop33,3,0.009161631266276041,0.012300713631235952
3154,pop32,4,0.0004172325134277344,0.00014193987347362226
3154,pop50,1,0.0006287097930908203,0.0
3154,pop16,1,0.00029158592224121094,0.0
3155,pop52,5,0.005388498306274414,0.009508878684379371
3155,pop55,2,0.011861681938171387,0.011576533317565918
3155,pop53,1,0.0006434917449951172,0.0
3155,pop47,1,0.0006051063537597656,0.0
3156,pop30,2,0.011666536331176758,0.011249303817749023
3156,pop48,4,0.01520472764968872,0.025456882716607933
3156,pop56,2,0.0004209280014038086,0.00012242794036865234
3156,pop52,1,0.0006883144378662109,0.0
3157,pop8,2,0.012153148651123047,0.011759757995605469
3157,pop51,2,0.0004875659942626953,0.0001461505889892578
3157,pop43,1,0.0002849102020263672,0.0
3157,pop40,1,0.02514791488647461,0.0
3157,pop41,1,0.0004818439483642578,0.0
3157,pop53,3,0.018494923909505207,0.025105319287047217
3157,pop54,3,0.008970499038696289,0.01182962226269666
3158,pop41,3,0.008430163065592447,0.011423570300787401
3158,pop40,2,0.012706995010375977,0.012456893920898438
3158,pop53,1,0.05319070816040039,0.0
3158,pop51,1,0.0006399154663085938,0.0
3158,pop10,3,0.00043590863545735675,0.0001253397609544067
3159,pop28,2,0.01176750659942627,0.011349081993103027
3159,pop51,3,0.0006310939788818359,1.8954901814910056e-05
3159,pop19,3,0.0005794366200764974,1.577811493394009e-05
3159,pop20,3,0.02046942710876465,0.02808636933614405
3159,pop22,2,0.0005518198013305664,4.4226646423339844e-05
3159,pop18,1,0.0004718303680419922,0.0
3160,pop40,2,0.01200878620147705,0.01159679889678955
3160,pop41,1,0.0002665519714355469,0.0
3160,pop53,3,0.0005374749501546224,0.0001543318328448515
3160,pop50,5,0.0008252143859863281,0.00027249319904744244
3160,pop17,3,0.04531741142272949,0.032114662131877234
3160,pop25,2,0.0005295276641845703,4.482269287109375e-05
3160,pop27,2,0.0005234479904174805,6.079673767089844e-06
3160,pop14,4,0.038445353507995605,0.038252152967596084
3160,pop24,2,0.045459747314453125,0.044814109802246094
3160,pop44,1,0.000545501708984375,0.0
3160,pop31,1,0.0004944801330566406,0.0
3160,pop30,1,0.0004572868347167969,0.0
3160,pop48,1,0.0005557537078857422,0.0
3160,pop52,1,0.0006797313690185547,0.0
3160,pop33,2,0.000536799430847168,8.463859558105469e-06
3160,pop32,3,0.0005995432535807291,0.00010576210427032967
3160,pop51,1,0.0007781982421875,0.0
3160,pop1,1,0.0005886554718017578,0.0
3160,pop15,1,0.00048422813415527344,0.0
3161,pop14,2,0.014097213745117188,0.01367330551147461
3161,pop24,4,0.0168725848197937,0.028624172093306668
3161,pop23,3,0.03049580256144206,0.02551464951806488
3161,pop21,3,0.0004898707071940104,1.001988570688533e-05
3162,pop39,2,0.012798666954040527,0.012392878532409668
3162,pop38,4,0.00041937828063964844,0.00020060178525876466
3162,pop18,1,0.0004572868347167969,0.0
3162,pop19,1,0.0005559921264648438,0.0
3162,pop51,1,0.0005321502685546875,0.0
3162,pop47,1,0.00044727325439453125,0.0
3163,pop53,3,0.008306105931599935,0.010948284010255365
3163,pop41,1,0.0002720355987548828,0.0
3163,pop40,1,0.02495265007019043,0.0
3163,pop43,1,0.0003974437713623047,0.0
3163,pop51,4,0.0005323290824890137,0.00011717022489998395
3163,pop10,2,0.056111693382263184,0.0016366243362426758
3163,pop4,1,0.054866790771484375,0.0
3163,pop19,1,0.0007002353668212891,0.0
3163,pop20,2,0.03017425537109375,0.029682397842407227
3163,pop46,1,0.0005049705505371094,0.0
3163,pop45,1,0.000522613525390625,0.0
3163,pop44,1,0.06573247909545898,0.0
3163,pop50,2,0.0007383823394775391,6.723403930664062e-05
3163,pop17,3,0.0006040732065836588,5.087107349887561e-05
3163,pop7,1,0.0004508495330810547,0.0
3164,pop47,5,0.004742288589477539,0.00846902416994817
3164,pop53,1,0.0007047653198242188,0.0
3164,pop50,1,0.0011305809020996094,0.0
3164,pop16,1,0.0005013942718505859,0.0
3164,pop23,1,0.0005037784576416016,0.0
3164,pop24,1,0.000484466552734375,0.0
3165,pop57,2,0.014980196952819824,0.014579176902770996
3165,pop56,1,0.0003993511199951172,0.0
3165,pop2,1,0.0002510547637939453,0.0
3165,pop49,1,0.05974125862121582,0.0
3165,pop48,1,0.0005366802215576172,0.0
3165,pop52,3,0.0005666414896647135,0.0001094218050691256
3165,pop53,1,0.0006897449493408203,0.0
3165,pop50,1,0.0010082721710205078,0.0
3165,pop14,1,0.0007004737854003906,0.0
3165,pop24,1,0.0006334781646728516,0.0
3165,pop23,1,0.0005006790161132812,0.0
3165,pop16,1,0.00046443939208984375,0.0
3166,pop32,4,0.007741808891296387,0.012674896670504622
3166,pop33,1,0.0005078315734863281,0.0
3166,pop50,1,0.0007472038269042969,0.0
3166,pop55,1,0.00047707557678222656,0.0
3167,pop27,2,0.015479207038879395,0.014981627464294434
3167,pop44,3,0.0006041526794433594,0.00011284647961937594
3167,pop50,3,0.0008490880330403646,6.239748202710621e-05
3167,pop17,3,0.022561311721801758,0.031101171227130048
3167,pop51,1,0.0007178783416748047,0.0
3167,pop19,1,0.0005533695220947266,0.0
3167,pop18,1,0.0004496574401855469,0.0
3168,pop33,5,0.005756902694702149,0.010543610869820736
3168,pop32,5,0.006612253189086914,0.012344950249757698
3168,pop37,1,0.024132490158081055,0.0
3168,pop50,1,0.0007202625274658203,0.0
3168,pop53,1,0.0007336139678955078,0.0
3168,pop47,1,0.0006017684936523438,0.0
3169,pop30,2,0.011697053909301758,0.011283397674560547
3169,pop31,1,0.0002598762512207031,0.0
3169,pop17,4,0.0005868673324584961,5.745355989059195e-05
3169,pop50,1,0.0007417201995849609,0.0
3169,pop55,1,0.0004763603210449219,0.0
3170,pop8,2,0.01212775707244873,0.011724591255187988
3170,pop51,2,0.0004787445068359375,0.0001327991485595703
3170,pop10,3,0.0004878044128417969,0.00014352138373149688
3170,pop50,1,0.0006132125854492188,0.0
3170,pop44,1,0.0002803802490234375,0.0
3171,pop55,3,0.015883366266886394,0.010878221694984232
3171,pop50,2,0.0008620023727416992,0.00011050701141357422
3171,pop16,1,0.00048232078552246094,0.0
3171,pop23,1,0.0005645751953125,0.0
3171,pop24,2,0.0005685091018676758,1.1086463928222656e-05
3171,pop14,1,0.0002956390380859375,0.0
3171,pop44,1,0.0005445480346679688,0.0
3172,pop31,2,0.012368321418762207,0.011688590049743652
3172,pop17,3,0.0006277561187744141,9.275759516730798e-05
3172,pop50,1,0.00047016143798828125,0.0
3172,pop53,1,0.0006771087646484375,0.0
3172,pop1,1,0.0005314350128173828,0.0
3172,pop6,1,0.0004818439483642578,0.0
3173,pop36,2,0.012197494506835938,0.011791467666625977
3173,pop10,5,0.011551809310913087,0.02201240313777372
3173,pop51,3,0.0006008942921956381,2.3380693814533427e-05
3173,pop4,1,0.027560949325561523,0.0
3173,pop50,1,0.00080108642578125,0.0
3173,pop35,1,0.0004532337188720703,0.0
3174,pop24,5,0.006374263763427734,0.011919537009608567
3174,pop14,1,0.0006012916564941406,0.0
3174,pop50,1,0.0008573532104492188,0.0
3174,pop53,1,0.0007388591766357422,0.0
3174,pop52,1,0.0004000663757324219,0.0
3175,pop6,5,0.005809640884399414,0.010777700590113633
3175,pop1,1,0.0005199909210205078,0.0
3175,pop53,1,0.0007467269897460938,0.0
3175,pop51,1,0.0006074905395507812,0.0
3175,pop19,1,0.0002923011779785156,0.0
3175,pop20,1,0.00047516822814941406,0.0
3176,pop53,3,0.008480151494344076,0.011070756734356282
3176,pop51,1,0.0004532337188720703,0.0
3176,pop50,3,0.0005812644958496094,0.00014982440529264705
3176,pop17,3,0.02097296714782715,0.02874218936373007
3176,pop33,1,0.0002810955047607422,0.0
3176,pop32,2,0.0007250308990478516,0.00021028518676757812
3176,pop1,1,0.0005409717559814453,0.0
3176,pop15,1,0.0004565715789794922,0.0
3177,pop21,5,0.012483549118041993,0.0146767544255437
3177,pop23,3,0.02106936772664388,0.029254192231373086
3177,pop24,1,0.06552886962890625,0.0
3177,pop16,1,0.0002732276916503906,0.0
3177,pop50,1,0.0006136894226074219,0.0
3177,pop53,1,0.0006947517395019531,0.0
3177,pop7,1,0.0004658699035644531,0.0
3178,pop9,5,0.0051768779754638675,0.009623848065385389
3178,pop51,1,0.0003387928009033203,0.0
3178,pop10,1,0.0004918575286865234,0.0
3179,pop37,5,0.004705238342285156,0.008565000246506731
3179,pop33,1,0.0004303455352783203,0.0
3179,pop50,1,0.0006992816925048828,0.0
3179,pop16,1,0.00048160552978515625,0.0
3180,pop50,2,0.01276707649230957,0.012273550033569336
3180,pop55,4,0.00043779611587524414,8.769467940428173e-05
3181,pop38,3,0.0316462516784668,0.026795456128946626
3181,pop18,3,0.00041906038920084637,0.00010195869246291854
3181,pop19,4,0.0005279183387756348,0.00014454374606173492
3181,pop20,3,0.019488414128621418,0.026773856790429693
3181,pop51,2,0.000725865364074707,0.00012123584747314453
3181,pop22,2,0.0005650520324707031,5.602836608886719e-05
3182,pop4,3,0.016987005869547527,0.01172566075962274
3182,pop51,1,0.0003056526184082031,0.0
3182,pop53,2,0.0257570743560791,0.025205135345458984
3182,pop54,3,0.0005650520324707031,0.00014482209936969974
3182,pop50,1,0.0006384849548339844,0.0
3182,pop14,1,0.0004897117614746094,0.0
3182,pop24,1,0.0005238056182861328,0.0
3183,pop42,2,0.012628555297851562,0.012207508087158203
3183,pop43,1,0.00030732154846191406,0.0
3183,pop40,1,0.0249326229095459,0.0
3183,pop41,1,0.0004961490631103516,0.0
3183,pop53,1,0.05161905288696289,0.0
3183,pop50,1,0.0008237361907958984,0.0
3183,pop44,4,0.0004965066909790039,0.000121021150978967
3184,pop10,4,0.006505489349365234,0.01039368007566546
3184,pop51,1,0.0006880760192871094,0.0
3184,pop50,1,0.0006339550018310547,0.0
3184,pop35,1,0.0004436969757080078,0.0
3185,pop57,2,0.014953851699829102,0.014545679092407227
3185,pop56,1,0.00026345252990722656,0.0
3185,pop2,4,0.000521242618560791,4.6205672870597764e-05
3185,pop49,1,0.0002512931823730469,0.0
3185,pop48,1,0.0006582736968994141,0.0
3185,pop52,1,0.0005319118499755859,0.0
3185,pop53,1,0.0006177425384521484,0.0
3185,pop51,1,0.0006189346313476562,0.0
3186,pop46,3,0.009183088938395182,0.012321630265865533
3186,pop20,2,0.029033422470092773,0.028773069381713867
3186,pop45,1,0.0004725456237792969,0.0
3186,pop44,2,0.030233383178710938,0.02968764305114746
3186,pop50,3,0.0007109642028808594,6.805782128504155e-05
3186,pop17,1,0.031137943267822266,0.0
3186,pop33,2,0.000542759895324707,7.033348083496094e-06
3186,pop32,2,0.0006237030029296875,3.933906555175781e-05
3187,pop23,3,0.009787559509277344,0.013048790670658266
3187,pop24,5,0.000521087646484375,0.0001279465790975948
3187,pop14,2,0.014795660972595215,0.014276385307312012
3187,pop50,2,0.0008231401443481445,9.97781753540039e-05
3187,pop16,1,0.0004985332489013672,0.0
3187,pop51,1,0.0006802082061767578,0.0
3188,pop44,3,0.01810153325398763,0.01251421927933806
3188,pop50,2,0.000708460807800293,4.5180320739746094e-05
3188,pop17,2,0.0006809234619140625,2.2411346435546875e-05
3188,pop51,1,0.0006396770477294922,0.0
3189,pop56,5,0.006170082092285156,0.011156590708653973
3189,pop48,2,0.014030098915100098,0.013510823249816895
3189,pop52,1,0.00028061866760253906,0.0
3189,pop53,1,0.000606536865234375,0.0
3189,pop51,1,0.0006077289581298828,0.0
3189,pop10,1,0.0004756450653076172,0.0
3190,pop55,3,0.015415350596110025,0.010608002415680521
3190,pop52,2,0.0006679296493530273,0.0001500844955444336
3190,pop53,1,0.0006775856018066406,0.0
3190,pop1,1,0.0005142688751220703,0.0
3190,pop15,1,0.00043511390686035156,0.0
3191,pop31,2,0.01223134994506836,0.011823415756225586
3191,pop17,3,0.000648657480875651,9.530906745689741e-05
3191,pop50,1,0.0003693103790283203,0.0
3191,pop14,1,0.0005655288696289062,0.0
3191,pop24,1,0.00052642822265625,0.0
3192,pop36,2,0.012090325355529785,0.011674284934997559
3192,pop10,1,0.05487370491027832,0.0
3192,pop51,3,0.0006937980651855469,2.6014952334316897e-05
3192,pop43,2,0.0005294084548950195,1.3232231140136719e-05
3192,pop40,1,0.05467510223388672,0.0
3192,pop4,2,0.030724525451660156,0.030196428298950195
3192,pop19,1,0.0006058216094970703,0.0
3192,pop20,2,0.03291594982147217,0.032431960105895996
3192,pop46,1,0.0005228519439697266,0.0
3192,pop45,1,0.0005159378051757812,0.0
3192,pop44,2,0.0005693435668945312,1.1205673217773438e-05
3193,pop6,4,0.0071784257888793945,0.011702850699076766
3193,pop1,1,0.0005462169647216797,0.0
3193,pop53,1,0.0006680488586425781,0.0
3193,pop50,1,0.0008411407470703125,0.0
3193,pop44,1,0.0006864070892333984,0.0
3194,pop38,4,0.02313697338104248,0.025827511735742034
3194,pop18,1,0.0005469322204589844,0.0
3194,pop19,1,0.0009191036224365234,0.0
3194,pop51,1,0.0006480216979980469,0.0
3194,pop46,1,0.0005168914794921875,0.0
3194,pop20,2,0.00048482418060302734,2.0623207092285156e-05
3195,pop57,2,0.014791369438171387,0.014363408088684082
3195,pop56,1,0.0002620220184326172,0.0
3195,pop48,2,0.058022379875183105,0.001869797706604004
3195,pop52,5,0.02266221046447754,0.02686333236360987
3195,pop55,2,0.037432074546813965,0.03694331645965576
3195,pop54,2,0.027425169944763184,0.026951193809509277
3195,pop53,1,0.0005905628204345703,0.0
3195,pop7,1,0.00046372413635253906,0.0
3196,pop45,2,0.014034390449523926,0.0136185884475708
3196,pop44,1,0.02710866928100586,0.0
3196,pop50,1,0.00040149688720703125,0.0
3196,pop14,1,0.0005624294281005859,0.0
3196,pop24,3,0.0005605220794677734,5.6309535601605214e-05
3197,pop22,4,0.006177186965942383,0.009961483645113355
3197,pop51,1,0.0005743503570556641,0.0
3197,pop19,1,0.0002989768981933594,0.0
3197,pop20,1,0.00046634674072265625,0.0
3198,pop41,2,0.012964248657226562,0.012533187866210938
3198,pop53,2,0.0005354881286621094,0.00020456314086914062
3198,pop54,4,0.0006003975868225098,7.79270268696977e-05
3198,pop50,1,0.0008077621459960938,0.0
3198,pop14,1,0.0005962848663330078,0.0
3198,pop24,1,0.0006649494171142578,0.0
3199,pop28,2,0.012128114700317383,0.011732101440429688
3199,pop51,2,0.0006940364837646484,9.059906005859375e-06
3199,pop19,2,0.000542759895324707,8.475780487060547e-05
3199,pop20,1,0.05779075622558594,0.0
3199,pop50,1,0.000732421875,0.0
3199,pop55,3,0.018506209055582683,0.02549485735388299
3199,pop52,2,0.000537872314453125,1.811981201171875e-05
3199,pop12,3,0.0005054473876953125,2.933679016465856e-05
3200,pop40,2,0.012622714042663574,0.012211918830871582
3200,pop43,1,0.00027751922607421875,0.0
3200,pop51,3,0.0006780624389648438,2.574331899137859e-05
3200,pop10,1,0.05458331108093262,0.0
3200,pop19,2,0.0005657672882080078,4.5299530029296875e-06
3200,pop20,3,0.010124842325846354,0.013603884311472886
3200,pop46,1,0.0005266666412353516,0.0
3200,pop45,1,0.00047206878662109375,0.0
3200,pop44,1,0.06016850471496582,0.0
3200,pop50,2,0.0007137060165405273,8.71419906616211e-05
3200,pop17,3,0.0006389617919921875,0.0001123001282460151
3201,pop14,5,0.01194624900817871,0.014034270594125844
3201,pop24,3,0.022378842035929363,0.03111943551089131
3202,pop39,2,0.013215780258178711,0.012803077697753906
3202,pop38,1,0.00028061866760253906,0.0
3202,pop18,1,0.0004999637603759766,0.0
3202,pop19,2,0.0005909204483032227,1.4662742614746094e-05
3202,pop20,1,0.05848264694213867,0.0
3202,pop51,1,0.0006043910980224609,0.0
3202,pop50,4,0.0009015202522277832,0.0001467278352860835
3202,pop44,2,0.03320598602294922,0.03251504898071289
3202,pop27,2,0.0005277395248413086,1.0609626770019531e-05
3202,pop25,2,0.000492095947265625,2.193450927734375e-05
3202,pop17,3,0.04873077074686686,0.034277183486795
3202,pop33,2,0.0007025003433227539,5.841255187988281e-06
3202,pop32,2,0.000693202018737793,0.00016605854034423828
3202,pop53,1,0.0008423328399658203,0.0
3202,pop47,1,0.000469207763671875,0.0
3203,pop50,5,0.005732297897338867,0.009992723698334618
3203,pop14,1,0.0003292560577392578,0.0
3203,pop27,1,0.0005278587341308594,0.0
3203,pop25,1,0.0005450248718261719,0.0
3203,pop17,1,0.0305783748626709,0.0
3203,pop33,2,0.0006966590881347656,0.00019812583923339844
3203,pop32,3,0.0006049474080403646,7.931717883100511e-05
3203,pop51,1,0.000705718994140625,0.0
3203,pop10,1,0.00047469139099121094,0.0
3204,pop10,2,0.012606620788574219,0.012189388275146484
3204,pop51,3,0.0006762345631917318,0.0002729325487745691
3204,pop19,3,0.00046372413635253906,9.660062582342964e-05
3204,pop20,1,0.057389259338378906,0.0
3204,pop18,2,0.0005263090133666992,3.4689903259277344e-05
3204,pop38,2,0.03220510482788086,0.031723976135253906
3204,pop50,1,0.0007660388946533203,0.0
3204,pop16,1,0.0006330013275146484,0.0
3204,pop23,1,0.0006890296936035156,0.0
3204,pop21,1,0.00045680999755859375,0.0
3204,pop22,3,0.0005010763804117838,2.6823473529697676e-05
3205,pop44,2,0.01340484619140625,0.012970209121704102
3205,pop50,1,0.0006041526794433594,0.0
3205,pop14,1,0.0003261566162109375,0.0
3205,pop27,1,0.0006389617919921875,0.0
3205,pop25,2,0.0004981756210327148,0.00022280216217041016
3205,pop17,3,0.02260700861612956,0.03117254001174862
3206,pop56,2,0.014394044876098633,0.013959884643554688
3206,pop48,1,0.027601003646850586,0.0
3206,pop52,2,0.0006240606307983398,5.900859832763672e-05
3206,pop37,4,0.0005673766136169434,0.00011969745046213803
3206,pop33,1,0.0005602836608886719,0.0
3206,pop50,1,0.0007953643798828125,0.0
3206,pop53,1,0.0009236335754394531,0.0
3206,pop54,1,0.0005178451538085938,0.0
3207,pop36,2,0.011956095695495605,0.011525273323059082
3207,pop51,1,0.0005915164947509766,0.0
3207,pop19,1,0.000545501708984375,0.0
3207,pop20,1,0.056888580322265625,0.0
3207,pop46,1,0.00027298927307128906,0.0
3207,pop45,1,0.0004799365997314453,0.0
3207,pop44,2,0.000542759895324707,2.5391578674316406e-05
3207,pop50,4,0.000785529613494873,5.286374218578846e-05
3207,pop17,1,0.06710267066955566,0.0
3207,pop25,1,0.0006704330444335938,0.0
3207,pop27,1,0.07096433639526367,0.0
3207,pop14,1,0.0007069110870361328,0.0
3207,pop55,2,0.030352354049682617,0.029807090759277344
3207,pop52,1,0.0010068416595458984,0.0
3207,pop53,1,0.0007607936859130859,0.0
3207,pop33,2,0.0005180835723876953,2.6226043701171875e-06
3207,pop37,3,0.0005623499552408854,6.179912998631679e-05
3208,pop32,4,0.00792551040649414,0.01273003166273368
3208,pop33,3,0.0004343986511230469,0.00011024446910879319
3208,pop37,2,0.012261152267456055,0.011773109436035156
3208,pop50,1,0.0010595321655273438,0.0
3208,pop53,1,0.00069427490234375,0.0
3208,pop51,1,0.0008111000061035156,0.0
3208,pop19,1,0.0005893707275390625,0.0
3208,pop18,1,0.00047397613525390625,0.0
3209,pop27,5,0.006446409225463867,0.011898300421886651
3209,pop25,3,0.0004371802012125651,4.931302151294549e-05
3209,pop44,3,0.022194544474283855,0.030808209056054667
3209,pop50,4,0.0008191466331481934,0.00018998882115801107
3209,pop17,3,0.05033667882283529,0.035349893819443465
3209,pop14,3,0.0534367561340332,0.037376343279737996
3209,pop24,4,0.021649837493896484,0.03631025961494711
3209,pop53,1,0.0006937980651855469,0.0
3209,pop47,1,0.00045108795166015625,0.0
3210,pop33,4,0.007310926914215088,0.011856458701578167
3210,pop37,3,0.008468151092529297,0.011218196963842995
3210,pop32,2,0.0006068944931030273,0.0001081228256225586
3210,pop50,1,0.0011370182037353516,0.0
3210,pop55,1,0.0004799365997314453,0.0
3210,pop52,1,0.0006358623504638672,0.0
3210,pop53,1,0.0007441043853759766,0.0
3210,pop1,1,0.0005381107330322266,0.0
3210,pop15,1,0.0004513263702392578,0.0
3211,pop30,2,0.011922240257263184,0.011507153511047363
3211,pop31,1,0.0002524852752685547,0.0
3211,pop17,3,0.0006392796834309896,0.00011278691259137011
3211,pop50,1,0.0007750988006591797,0.0
3211,pop51,1,0.0007078647613525391,0.0
3211,pop19,1,0.0005762577056884766,0.0
3211,pop18,1,0.00047898292541503906,0.0
3212,pop8,2,0.012338757514953613,0.011936306953430176
3212,pop51,3,0.0004470348358154297,0.00015822888697182414
3212,pop10,1,0.02632308006286621,0.0
3212,pop4,3,0.0005890528361002604,8.703754973257659e-05
3212,pop53,1,0.00067138671875,0.0
3212,pop1,1,0.0005636215209960938,0.0
3212,pop15,1,0.00043010711669921875,0.0
3213,pop46,2,0.013462185859680176,0.01305687427520752
3213,pop20,2,0.028122544288635254,0.027865290641784668
3213,pop19,1,0.0005917549133300781,0.0
3213,pop51,3,0.0006318887074788412,1.246837738636752e-05
3213,pop10,1,0.05558133125305176,0.0
3213,pop4,2,0.02828967571258545,0.028020024299621582
3213,pop53,1,0.05728793144226074,0.0
3213,pop50,2,0.0007741451263427734,3.62396240234375e-05
3213,pop17,2,0.0006527900695800781,8.559226989746094e-05
3213,pop14,1,0.0005695819854736328,0.0
3213,pop24,1,0.0004985332489013672,0.0
3214,pop23,2,0.014571070671081543,0.014134526252746582
3214,pop24,3,0.0004654725392659505,0.00012815456357563414
3214,pop14,1,0.0006425380706787109,0.0
3214,pop50,1,0.0007307529449462891,0.0
3214,pop55,1,0.00026226043701171875,0.0
3215,pop31,2,0.01245725154876709,0.0120314359664917
3215,pop17,2,0.032030463218688965,0.031475186347961426
3215,pop50,2,0.0006911754608154297,7.534027099609375e-05
3215,pop33,3,0.0005358854929606119,7.403356512601354e-06
3215,pop32,1,0.06983041763305664,0.0
3215,pop37,2,0.0006163120269775391,3.337860107421875e-06
3215,pop44,1,0.0005381107330322266,0.0
3216,pop40,2,0.012480497360229492,0.012068510055541992
3216,pop41,1,0.00028204917907714844,0.0
3216,pop53,1,0.00033092498779296875,0.0
3216,pop54,2,0.025917530059814453,0.02540421485900879
3216,pop52,2,0.0006326436996459961,6.99758529663086e-05
3216,pop48,3,0.00044997533162434894,0.00013591020843038617
3217,pop44,2,0.013440728187561035,0.013008952140808105
3217,pop50,4,0.0006210803985595703,0.00016496782606165928
3217,pop17,1,0.029660701751708984,0.0
3217,pop14,3,0.02191011110941569,0.030100439459483406
3217,pop16,1,0.00026988983154296875,0.0
3217,pop23,1,0.0006735324859619141,0.0
3217,pop24,2,0.0006077289581298828,0.00010704994201660156
3217,pop53,1,0.0006666183471679688,0.0
3217,pop1,1,0.0005433559417724609,0.0
3217,pop6,1,0.0004944801330566406,0.0
3218,pop36,2,0.012067198753356934,0.01165926456451416
3218,pop10,1,0.052111148834228516,0.0
3218,pop51,1,0.0008473396301269531,0.0
3218,pop43,1,0.0004878044128417969,0.0
3218,pop40,2,0.0283963680267334,0.028112173080444336
3218,pop41,1,0.0005204677581787109,0.0
3218,pop53,2,0.02859175205230713,0.02789604663848877
3218,pop52,3,0.0006579558054606119,0.00013939154455416876
3218,pop50,1,0.0007996559143066406,0.0
3218,pop16,1,0.0004818439483642578,0.0
3219,pop48,4,0.014126121997833252,0.013662797765071085
3219,pop49,2,0.00037848949432373047,0.00010025501251220703
3219,pop2,3,0.0005927880605061849,9.078841192775356e-05
3219,pop52,1,0.0005710124969482422,0.0
3219,pop53,1,0.0007312297821044922,0.0
3219,pop51,1,0.0006680488586425781,0.0
3219,pop10,1,0.0006554126739501953,0.0
3220,pop22,4,0.006351351737976074,0.01018010733109019
3220,pop51,1,0.0006730556488037109,0.0
3220,pop50,1,0.0007750988006591797,0.0
3220,pop44,1,0.00046706199645996094,0.0
3221,pop41,2,0.01293325424194336,0.012515783309936523
3221,pop53,4,0.0006356239318847656,0.00020905992468857432
3221,pop47,1,0.0004467964172363281,0.0
3222,pop33,3,0.009582042694091797,0.012856154054957714
3222,pop32,4,0.0005561113357543945,0.00022299559397939142
3222,pop50,1,0.0003592967987060547,0.0
3222,pop53,1,0.0008008480072021484,0.0
3222,pop47,1,0.00047278404235839844,0.0
3223,pop21,2,0.015524983406066895,0.015103697776794434
3223,pop23,1,0.00026154518127441406,0.0
3223,pop24,3,0.0005868275960286459,7.330232969503882e-05
3223,pop14,1,0.0005660057067871094,0.0
3223,pop50,1,0.0007724761962890625,0.0
3223,pop55,1,0.0004978179931640625,0.0
3224,pop42,2,0.013010501861572266,0.012603759765625
3224,pop43,2,0.0004620552062988281,0.0001876354217529297
3224,pop51,3,0.0006098747253417969,0.0001979768313600221
3224,pop53,2,0.05537128448486328,0.0008783340454101562
3224,pop41,1,0.0005104541778564453,0.0
3224,pop40,1,0.051671743392944336,0.0
3224,pop4,1,0.05656743049621582,0.0
3224,pop54,1,0.0004756450653076172,0.0
3224,pop52,3,0.0006536642710367838,3.289619650552852e-05
3224,pop34,1,0.00045800209045410156,0.0
3224,pop35,1,0.0005903244018554688,0.0
3225,pop32,3,0.020525773366292317,0.014218220064017519
3225,pop33,1,0.00046944618225097656,0.0
3225,pop37,3,0.0005706946055094401,0.0002483465956894705
3225,pop52,1,0.00058746337890625,0.0
3225,pop53,1,0.0007214546203613281,0.0
3225,pop51,1,0.0008141994476318359,0.0
3225,pop10,1,0.0005991458892822266,0.0
3226,pop27,2,0.015417814254760742,0.014995574951171875
3226,pop14,2,0.0006058216094970703,8.606910705566406e-05
3226,pop24,3,0.0004703203837076823,0.00014097029278560655
3226,pop50,1,0.0007171630859375,0.0
3226,pop44,1,0.0005230903625488281,0.0
3227,pop8,2,0.012489914894104004,0.012085556983947754
3227,pop51,1,0.0003352165222167969,0.0
3227,pop53,4,0.013411343097686768,0.02217777097359651
3227,pop54,1,0.05246281623840332,0.0
3227,pop52,1,0.000591278076171875,0.0
3227,pop50,1,0.0008161067962646484,0.0
3227,pop16,1,0.0004544258117675781,0.0
3228,pop46,2,0.013606429100036621,0.013192057609558105
3228,pop20,1,0.028499603271484375,0.0
3228,pop19,1,0.0007052421569824219,0.0
3228,pop51,2,0.0006680488586425781,2.9087066650390625e-05
3228,pop4,3,0.0005051294962565104,3.5286665671476675e-05
3228,pop47,1,0.0004451274871826172,0.0
3229,pop23,2,0.014752626419067383,0.014317035675048828
3229,pop24,4,0.0005773305892944336,0.0001392128206641134
3229,pop14,1,0.0003025531768798828,0.0
3229,pop50,1,0.0007681846618652344,0.0
3229,pop51,1,0.0006470680236816406,0.0
3229,pop19,1,0.0005466938018798828,0.0
3229,pop20,1,0.00044465065002441406,0.0
3230,pop31,2,0.012604832649230957,0.01220095157623291
3230,pop30,1,0.0002713203430175781,0.0
3230,pop48,2,0.0005438327789306641,1.0013580322265625e-05
3230,pop49,3,0.02133917808532715,0.02966480858192985
3230,pop2,2,0.0005518198013305664,9.143352508544922e-05
3230,pop52,1,0.0008175373077392578,0.0
3230,pop3,1,0.00045299530029296875,0.0
3230,pop0,1,0.0005786418914794922,0.0
3230,pop1,1,0.0005686283111572266,0.0
3230,pop6,1,0.0004711151123046875,0.0
3231,pop36,2,0.012215137481689453,0.011790275573730469
3231,pop51,1,0.0005893707275390625,0.0
3231,pop53,3,0.0005317529042561849,0.00014291204647810197
3231,pop7,1,0.00042366981506347656,0.0
3232,pop48,3,0.009429216384887695,0.012556656565222655
3232,pop49,3,0.021034955978393555,0.028966879632590113
3232,pop2,1,0.06258821487426758,0.0
3232,pop52,1,0.00029468536376953125,0.0
3232,pop12,1,0.059026241302490234,0.0
3233,pop41,2,0.013174772262573242,0.012754440307617188
3233,pop53,2,0.02721250057220459,0.02688443660736084
3233,pop47,2,0.0003629922866821289,0.00011217594146728516
3234,pop16,3,0.009180625279744467,0.01238606907139707
3234,pop23,3,0.00037709871927897137,8.970820928806289e-05
3234,pop24,3,0.023305257161458332,0.0322102616376987
3235,pop55,2,0.011980533599853516,0.011561155319213867
3235,pop50,1,0.0008535385131835938,0.0
3235,pop14,1,0.0006227493286132812,0.0
3235,pop24,2,0.03374218940734863,0.03319382667541504
3236,pop6,4,0.02233821153640747,0.024733446893265083
3236,pop1,3,0.0005746682484944662,1.934017393859152e-05
3236,pop53,2,0.027184247970581055,0.026571989059448242
3236,pop50,1,0.0007772445678710938,0.0
3236,pop14,1,0.06806516647338867,0.0
3236,pop24,2,0.0005315542221069336,1.6570091247558594e-05
3236,pop23,1,0.0005474090576171875,0.0
3236,pop16,1,0.00052642822265625,0.0
3237,pop33,2,0.014297246932983398,0.013873100280761719
3237,pop37,3,0.0005920728047688802,0.00017548863537606557
3237,pop52,1,0.0009119510650634766,0.0
3237,pop3,1,0.0004210472106933594,0.0
3237,pop0,1,0.0004544258117675781,0.0
3237,pop1,1,0.0006885528564453125,0.0
3237,pop6,1,0.0004553794860839844,0.0
3238,pop42,2,0.012848854064941406,0.01242685317993164
3238,pop43,1,0.0003876686096191406,0.0
3238,pop51,1,0.0005888938903808594,0.0
3238,pop53,4,0.014414787292480469,0.023703611603874578
3238,pop1,2,0.0005646944046020508,3.6954879760742188e-06
3238,pop6,2,0.03241705894470215,0.03213047981262207
3238,pop50,1,0.0007715225219726562,0.0
3238,pop44,1,0.0005311965942382812,0.0
3239,pop8,2,0.012445569038391113,0.012032151222229004
3239,pop51,2,0.0005251169204711914,0.00015914440155029297
3239,pop22,4,0.0004630088806152344,0.00011501046354784926
3239,pop10,1,0.0004990100860595703,0.0
3240,pop46,2,0.013856768608093262,0.013451218605041504
3240,pop20,1,0.0002655982971191406,0.0
3240,pop19,2,0.000579833984375,1.1920928955078125e-05
3240,pop18,2,0.0004857778549194336,1.3113021850585938e-06
3240,pop38,4,0.0005827546119689941,0.00011217757250707782
3240,pop51,1,0.0008025169372558594,0.0
3240,pop47,1,0.0004277229309082031,0.0
3241,pop23,2,0.014484882354736328,0.014062881469726562
3241,pop24,2,0.03286325931549072,0.03259313106536865
3241,pop14,1,0.062049150466918945,0.0
3241,pop50,2,0.0008066892623901367,7.987022399902344e-06
3241,pop17,3,0.0005211035410563151,0.0001797887228706427
3241,pop51,1,0.0005979537963867188,0.0
3241,pop10,1,0.00046706199645996094,0.0
3242,pop36,2,0.012102365493774414,0.011696338653564453
3242,pop51,2,0.0006402730941772461,3.8504600524902344e-05
3242,pop22,4,0.0005259513854980469,8.3982754125711e-05
3243,pop48,5,0.005883359909057617,0.010657025203897505
3243,pop56,2,0.03171658515930176,0.031095027923583984
3243,pop52,1,0.0005357265472412109,0.0
3243,pop53,1,0.0005986690521240234,0.0
3243,pop50,1,0.0007185935974121094,0.0
3243,pop16,1,0.0004725456237792969,0.0
3244,pop18,2,0.01449596881866455,0.014082789421081543
3244,pop19,1,0.0005903244018554688,0.0
3244,pop51,1,0.0006995201110839844,0.0
3244,pop53,2,0.02721405029296875,0.02685689926147461
3244,pop41,2,0.0005042552947998047,1.1444091796875e-05
3244,pop40,1,0.0545499324798584,0.0
3244,pop52,4,0.0005834102630615234,4.62516681180065e-05
3245,pop52,3,0.008896350860595703,0.011859963156844565
3245,pop37,2,0.01207578182220459,0.011629939079284668
3245,pop33,2,0.000514984130859375,1.6450881958007812e-05
3245,pop32,3,0.0006863276163736979,0.0001158741003111543
3245,pop50,1,0.0005965232849121094,0.0
3245,pop53,1,0.0007684230804443359,0.0
3246,pop28,2,0.012221097946166992,0.011814594268798828
3246,pop51,1,0.0005750656127929688,0.0
3246,pop53,5,0.022251605987548828,0.026343722339543164
3246,pop54,2,0.0540698766708374,0.0015693902969360352
3246,pop1,1,0.0005419254302978516,0.0
3246,pop6,1,0.0004565715789794922,0.0
3247,pop14,3,0.009822924931844076,0.013219099015593157
3247,pop24,4,0.01648944616317749,0.027584622935867713
3247,pop23,2,0.030658483505249023,0.02996969223022461
3247,pop50,1,0.0007619857788085938,0.0
3247,pop44,1,0.0005443096160888672,0.0
3248,pop50,4,0.0069008469581604,0.010894026296353571
3248,pop17,2,0.030658721923828125,0.030078649520874023
3248,pop44,3,0.0006633599599202474,0.00011687153479589027
3248,pop51,1,0.0008525848388671875,0.0
3248,pop10,1,0.0006220340728759766,0.0
3249,pop56,4,0.0075792670249938965,0.012219149446494194
3249,pop48,1,0.000522613525390625,0.0
3249,pop52,1,0.0006606578826904297,0.0
3249,pop53,1,0.0003294944763183594,0.0
3249,pop50,1,0.0006647109985351562,0.0
3249,pop16,1,0.0004851818084716797,0.0
3250,pop32,5,0.006480979919433594,0.011838979493295794
3250,pop33,1,0.0005238056182861328,0.0
3250,pop50,1,0.0009875297546386719,0.0
3250,pop53,1,0.0006687641143798828,0.0
3250,pop51,1,0.000652313232421875,0.0
3250,pop10,1,0.0005288124084472656,0.0
3251,pop27,4,0.02412623167037964,0.026719221960240506
3251,pop14,2,0.0006103515625,3.0517578125e-05
3251,pop50,1,0.000698089599609375,0.0
3251,pop51,1,0.00060272216796875,0.0
3252,pop31,2,0.012374520301818848,0.011937975883483887
3252,pop17,4,0.0005937814712524414,6.873022935168348e-05
3252,pop50,2,0.0008854866027832031,5.841255187988281e-05
3252,pop14,2,0.0007253885269165039,0.00012934207916259766
3252,pop24,1,0.00048828125,0.0
3253,pop23,4,0.02314525842666626,0.02552492777978643
3253,pop24,4,0.016920506954193115,0.028311061045109307
3254,pop47,2,0.011461973190307617,0.011063575744628906
3254,pop53,2,0.026431560516357422,0.02572035789489746
3254,pop50,2,0.0008938312530517578,0.0002105236053466797
3254,pop17,5,0.0006547927856445313,0.0002620562105023739
3254,pop25,1,0.0008440017700195312,0.0
3254,pop51,1,0.0007238388061523438,0.0
3254,pop19,1,0.0005867481231689453,0.0
3254,pop18,1,0.0006136894226074219,0.0
3255,pop30,2,0.012316584587097168,0.011909842491149902
3255,pop31,1,0.000606536865234375,0.0
3255,pop17,4,0.0006209015846252441,7.54393033461792e-05
3255,pop50,1,0.0006103515625,0.0
3255,pop14,1,0.0006093978881835938,0.0
3255,pop24,1,0.000522613525390625,0.0
3256,pop40,2,0.012582182884216309,0.012150406837463379
3256,pop41,1,0.0004546642303466797,0.0
3256,pop53,1,0.053846120834350586,0.0
3256,pop54,4,0.0004608035087585449,0.0001362333623777304
3256,pop52,1,0.0005753040313720703,0.0
3256,pop55,1,0.00045990943908691406,0.0
3257,pop33,4,0.007470488548278809,0.011764350874386199
3257,pop37,3,0.008776267369588217,0.011727559435919091
3257,pop50,1,0.0006933212280273438,0.0
3257,pop32,2,0.0006707906723022461,0.0001405477523803711
3257,pop52,1,0.0005350112915039062,0.0
3257,pop34,1,0.0004961490631103516,0.0
3257,pop35,1,0.0005693435668945312,0.0
3258,pop42,2,0.013023972511291504,0.012618184089660645
3258,pop43,1,0.0004918575286865234,0.0
3258,pop51,3,0.0006144046783447266,6.13185517112644e-05
3258,pop4,2,0.028644323348999023,0.028167247772216797
3258,pop10,2,0.0003782510757446289,0.00012552738189697266
3259,pop46,2,0.013840913772583008,0.013435125350952148
3259,pop45,1,0.0005247592926025391,0.0
3259,pop44,1,0.0005252361297607422,0.0
3259,pop50,2,0.0007698535919189453,1.2159347534179688e-05
3259,pop17,1,0.06382083892822266,0.0
3259,pop14,2,0.033156752586364746,0.032854437828063965
3259,pop24,3,0.0005932648976643881,8.377788985109878e-05
3259,pop23,1,0.0005462169647216797,0.0
3259,pop16,1,0.0005004405975341797,0.0
3260,pop28,2,0.012279868125915527,0.011872649192810059
3260,pop51,2,0.0007309913635253906,7.82012939453125e-05
3260,pop4,3,0.0005513032277425131,4.912669960673596e-05
3260,pop53,1,0.0007321834564208984,0.0
3260,pop50,1,0.0007646083831787109,0.0
3260,pop44,1,0.000568389892578125,0.0
3261,pop24,4,0.008101820945739746,0.01324831430484825
3262,pop53,3,0.008566459019978842,0.011376141443913967
3262,pop52,4,0.0005453228950500488,9.270963623274753e-05
3262,pop7,1,0.0004324913024902344,0.0
3263,pop18,3,0.009854634602864584,0.013336894237984771
3263,pop38,3,0.021343072255452473,0.02952061797443233
3263,pop19,1,0.0005488395690917969,0.0
3263,pop51,1,0.0006809234619140625,0.0
3263,pop50,1,0.0007650852203369141,0.0
3263,pop55,2,0.0004812479019165039,1.895427703857422e-05
3264,pop52,2,0.013048887252807617,0.012609481811523438
3264,pop55,3,0.0005385875701904297,6.236093054103121e-05
3264,pop50,1,0.0003733634948730469,0.0
3264,pop16,1,0.0005023479461669922,0.0
3265,pop14,2,0.014770030975341797,0.014332771301269531
3265,pop24,5,0.013791322708129883,0.02643729745013585
3265,pop23,3,0.0005107720692952474,1.911450320294927e-05
3265,pop21,1,0.033000946044921875,0.0
3265,pop16,1,0.0004987716674804688,0.0
3265,pop50,1,0.0007951259613037109,0.0
3265,pop53,1,0.0007174015045166016,0.0
3265,pop52,1,0.0005891323089599609,0.0
3266,pop50,2,0.01324760913848877,0.01276242733001709
3266,pop55,2,0.025673627853393555,0.02517986297607422
3266,pop52,2,0.0005397796630859375,3.5762786865234375e-06
3266,pop48,3,0.00045148531595865887,0.00012459697054948172
3267,pop27,5,0.006599617004394531,0.012217965169352796
3267,pop25,1,0.0004673004150390625,0.0
3267,pop17,1,0.0005552768707275391,0.0
3267,pop50,1,0.0006971359252929688,0.0
3267,pop16,1,0.0004968643188476562,0.0
3268,pop9,4,0.0129624605178833,0.021466716570552474
3268,pop51,1,0.0006463527679443359,0.0
3268,pop19,1,0.0006043910980224609,0.0
3268,pop18,1,0.00048828125,0.0
3269,pop37,5,0.009736728668212891,0.018391838787738545
3269,pop52,1,0.0008800029754638672,0.0
3269,pop54,1,0.0005130767822265625,0.0
3269,pop53,1,0.0007307529449462891,0.0
3269,pop7,1,0.00043010711669921875,0.0
3270,pop4,3,0.03651690483093262,0.025355779422571778
3270,pop51,3,0.0007060368855794271,8.176432608236346e-05
3270,pop19,2,0.0007178783416748047,0.0001633167266845703
3270,pop20,1,0.05849647521972656,0.0
3270,pop22,3,0.0006325244903564453,7.782896890390765e-05
3270,pop53,1,0.0007772445678710938,0.0
3270,pop1,1,0.0005619525909423828,0.0
3270,pop6,1,0.0004489421844482422,0.0
3271,pop21,3,0.04269989331563314,0.029699707093831546
3271,pop23,1,0.0005431175231933594,0.0
3271,pop24,3,0.0005054473876953125,0.00020466546668683995
3271,pop14,1,0.0006060600280761719,0.0
3271,pop50,1,0.0008494853973388672,0.0
3271,pop35,1,0.0004177093505859375,0.0
3272,pop41,3,0.017777363459269207,0.02432106790103046
3272,pop40,4,0.0005089044570922852,0.00010524195508804873
3272,pop53,1,0.0006194114685058594,0.0
3272,pop50,1,0.0007483959197998047,0.0
3272,pop44,1,0.0005300045013427734,0.0
3273,pop30,2,0.025007247924804688,0.024366140365600586
3273,pop48,1,0.0005412101745605469,0.0
3273,pop52,3,0.0005738735198974609,0.0002457694299325257
3273,pop53,1,0.0006909370422363281,0.0
3273,pop51,1,0.0006382465362548828,0.0
3273,pop19,1,0.0005371570587158203,0.0
3273,pop18,1,0.0004639625549316406,0.0
3274,pop40,2,0.026593685150146484,0.02594923973083496
3274,pop41,1,0.0004925727844238281,0.0
3274,pop53,1,0.0009832382202148438,0.0
3274,pop54,1,0.0004928112030029297,0.0
3274,pop52,4,0.01457357406616211,0.024290760840792944
3274,pop37,2,0.0005971193313598633,3.707408905029297e-05
3275,pop33,4,0.015336394309997559,0.02551292297835636
3275,pop37,4,0.012985467910766602,0.02158798045458631
3275,pop32,1,0.06944847106933594,0.0
3275,pop50,1,0.0007677078247070312,0.0
3275,pop52,1,0.0005941390991210938,0.0
3275,pop55,1,0.0005021095275878906,0.0
3276,pop46,2,0.027902841567993164,0.02730107307434082
3276,pop45,1,0.0005197525024414062,0.0
3276,pop44,2,0.0006684064865112305,1.3947486877441406e-05
3276,pop50,3,0.0008091131846110026,7.381338926012497e-05
3276,pop16,1,0.0004813671112060547,0.0
3276,pop23,1,0.03168630599975586,0.0
3276,pop24,2,0.03503525257110596,0.03452026844024658
3276,pop14,1,0.00047516822814941406,0.0
3276,pop17,2,0.0006030797958374023,4.661083221435547e-05
3277,pop38,3,0.041767517725626625,0.029068626164711977
3277,pop39,1,0.00047135353088378906,0.0
3277,pop44,2,0.0006695985794067383,0.00015413761138916016
3277,pop50,1,0.0007412433624267578,0.0
3277,pop53,1,0.0008022785186767578,0.0
3277,pop52,1,0.0005116462707519531,0.0
3278,pop57,2,0.0318218469619751,0.031161189079284668
3278,pop56,3,0.0640105406443278,0.0025362617645201205
3278,pop2,8,0.024657368659973145,0.03116599235106871
3278,pop49,5,0.040289449691772464,0.032578355415333174
3278,pop48,1,0.0006482601165771484,0.0
3278,pop52,1,0.0006029605865478516,0.0
3278,pop34,1,0.00045871734619140625,0.0
3278,pop35,1,0.0004324913024902344,0.0
3279,pop18,2,0.03023982048034668,0.029573678970336914
3279,pop19,1,0.0005829334259033203,0.0
3279,pop51,2,0.0006413459777832031,1.0013580322265625e-05
3279,pop22,3,0.0005771319071451823,0.00013157484985823833
3279,pop50,1,0.0007016658782958984,0.0
3279,pop55,1,0.0005002021789550781,0.0
3280,pop52,5,0.0221651554107666,0.026413587389750044
3280,pop12,2,0.0005663633346557617,8.404254913330078e-05
3280,pop53,1,0.0007243156433105469,0.0
3280,pop50,1,0.0008323192596435547,0.0
3280,pop44,1,0.0005354881286621094,0.0
3281,pop41,2,0.027624964714050293,0.02696669101715088
3281,pop53,2,0.0007300376892089844,0.00010085105895996094
3281,pop1,1,0.0004889965057373047,0.0
3281,pop6,1,0.06211280822753906,0.0
3281,pop7,1,0.0005061626434326172,0.0
3281,pop54,1,0.0004642009735107422,0.0
3281,pop52,4,0.0005970001220703125,4.509452811956841e-05
3281,pop55,1,0.000499725341796875,0.0
3282,pop30,2,0.025194406509399414,0.02454853057861328
3282,pop48,1,0.0005371570587158203,0.0
3282,pop52,2,0.0004763603210449219,4.1961669921875e-05
3282,pop12,4,0.0005111098289489746,4.583542926402719e-05
3282,pop34,1,0.0004680156707763672,0.0
3282,pop35,1,0.00041794776916503906,0.0
3283,pop40,2,0.025614380836486816,0.02497875690460205
3283,pop43,1,0.0006566047668457031,0.0
3283,pop51,2,0.000700831413269043,8.356571197509766e-05
3283,pop10,3,0.0006093184153238932,9.579568973998624e-05
3283,pop50,1,0.0007560253143310547,0.0
3283,pop16,1,0.00047469139099121094,0.0
3284,pop45,2,0.02868366241455078,0.0280606746673584
3284,pop44,1,0.0005154609680175781,0.0
3284,pop50,3,0.000583807627360026,0.0001554806425975433
3284,pop17,2,0.0326380729675293,0.03207969665527344
3284,pop33,2,0.0005412101745605469,2.4080276489257812e-05
3284,pop32,2,0.0006248950958251953,0.00011944770812988281
3284,pop51,1,0.0005843639373779297,0.0
3284,pop19,1,0.0005781650543212891,0.0
3284,pop20,1,0.00048804283142089844,0.0
3285,pop39,2,0.02712845802307129,0.02650737762451172
3285,pop44,1,0.0005784034729003906,0.0
3285,pop50,1,0.0003781318664550781,0.0
3285,pop14,1,0.06503486633300781,0.0
3285,pop24,3,0.0005699793497721354,0.00010039306573479283
3286,pop10,2,0.02581167221069336,0.025187969207763672
3286,pop51,1,0.0006594657897949219,0.0
3286,pop53,3,0.020001888275146484,0.027375896795944734
3286,pop54,2,0.013136506080627441,0.012596964836120605
3286,pop52,2,0.030408859252929688,0.029872894287109375
3286,pop48,2,0.0331883430480957,0.03267788887023926
3286,pop56,2,0.0005606412887573242,1.2993812561035156e-05
3287,pop21,2,0.032767653465270996,0.03213036060333252
3287,pop23,1,0.06154942512512207,0.0
3287,pop24,4,0.0004963278770446777,0.00013519672370801373
3288,pop38,2,0.03137850761413574,0.03075385093688965
3288,pop18,1,0.0004944801330566406,0.0
3288,pop19,1,0.0009212493896484375,0.0
3288,pop20,1,0.0005261898040771484,0.0
3288,pop46,1,0.00024700164794921875,0.0
3288,pop51,2,0.0006628036499023438,3.0279159545898438e-05
3288,pop22,3,0.0005956490834554037,0.00011306745383228931
3288,pop53,1,0.0007221698760986328,0.0
3288,pop1,1,0.0006926059722900391,0.0
3288,pop6,1,0.0004858970642089844,0.0
3289,pop41,2,0.02745842933654785,0.026822566986083984
3289,pop53,2,0.0007309913635253906,7.62939453125e-06
3289,pop54,3,0.018181244532267254,0.02501067077011544
3289,pop52,3,0.0006034374237060547,0.0002744491623841609
3289,pop55,2,0.02626669406890869,0.02577793598175049
3289,pop7,1,0.0004706382751464844,0.0
3290,pop44,3,0.03924409548441569,0.027272276603355808
3290,pop50,2,0.0008269548416137695,9.21487808227539e-05
3290,pop17,3,0.0005594889322916666,0.00021439742026339867
3290,pop51,1,0.00069427490234375,0.0
3290,pop19,1,0.0005788803100585938,0.0
3290,pop20,1,0.0004932880401611328,0.0
3291,pop47,5,0.009834098815917968,0.018515467445274384
3291,pop53,1,0.0007045269012451172,0.0
3291,pop50,1,0.0006964206695556641,0.0
3291,pop16,1,0.00047206878662109375,0.0
3292,pop42,2,0.026156067848205566,0.025536656379699707
3292,pop43,1,0.0005204677581787109,0.0
3292,pop51,2,0.0006519556045532227,4.8995018005371094e-05
3292,pop19,1,0.0006656646728515625,0.0
3292,pop20,1,0.0605621337890625,0.0
3292,pop46,1,0.0002665519714355469,0.0
3292,pop45,1,0.0006487369537353516,0.0
3292,pop44,3,0.021222750345865887,0.029250474856281707
3292,pop27,1,0.0005123615264892578,0.0
3292,pop25,1,0.0005199909210205078,0.0
3292,pop17,2,0.0006338357925415039,4.4465065002441406e-05
3292,pop50,1,0.0008282661437988281,0.0
3293,pop28,2,0.024913907051086426,0.024246573448181152
3293,pop51,2,0.0006723403930664062,0.00035071372985839844
3293,pop19,2,0.0005985498428344727,1.704692840576172e-05
3293,pop20,4,0.0005766153335571289,0.00013167058622396818
3293,pop53,1,0.0005931854248046875,0.0
3293,pop52,1,0.0006091594696044922,0.0
3293,pop34,1,0.00043582916259765625,0.0
3293,pop35,1,0.0004165172576904297,0.0
3294,pop52,3,0.01793074607849121,0.024500523933923872
3294,pop48,4,0.0004800558090209961,6.365162126889469e-05
3294,pop53,1,0.0006885528564453125,0.0
3294,pop50,1,0.0007436275482177734,0.0
3294,pop16,1,0.0006411075592041016,0.0
3295,pop30,2,0.024060606956481934,0.02346217632293701
3295,pop48,4,0.000496208667755127,0.0001584266230229483
3295,pop52,1,0.0006244182586669922,0.0
3295,pop53,1,0.000614166259765625,0.0
3295,pop51,1,0.0007081031799316406,0.0
3296,pop10,2,0.02700984477996826,0.02635180950164795
3296,pop51,2,0.0007004737854003906,2.002716064453125e-05
3296,pop47,3,0.01746090253194173,0.023928961005053637
3296,pop53,3,0.0006841023763020834,4.195730470820913e-05
3296,pop1,2,0.0005805492401123047,1.8358230590820312e-05
3296,pop6,1,0.06798362731933594,0.0
3296,pop54,2,0.031896352767944336,0.0313868522644043
3296,pop52,2,0.0005486011505126953,5.793571472167969e-05
3296,pop48,2,0.03592872619628906,0.03524899482727051
3296,pop49,2,0.0005124807357788086,1.609325408935547e-05
3296,pop2,2,0.0006122589111328125,0.000148773193359375
3297,pop21,2,0.032473087310791016,0.031832218170166016
3297,pop23,1,0.0005412101745605469,0.0
3297,pop24,1,0.0005371570587158203,0.0
3297,pop14,1,0.06434392929077148,0.0
3297,pop50,1,0.0006318092346191406,0.0
3297,pop33,2,0.0004475116729736328,0.0001666545867919922
3297,pop32,1,0.0684821605682373,0.0
3298,pop41,2,0.027693629264831543,0.027041316032409668
3298,pop53,2,0.0007042884826660156,2.86102294921875e-06
3298,pop54,1,0.05281519889831543,0.0
3298,pop52,2,0.0005443096160888672,6.031990051269531e-05
3298,pop48,2,0.015298128128051758,0.014653444290161133
3298,pop56,4,0.0006617307662963867,0.0001468924031612439
3298,pop51,1,0.0005977153778076172,0.0
3298,pop10,1,0.00045037269592285156,0.0
3299,pop22,5,0.01022200584411621,0.01937766927671228
3299,pop51,1,0.0007126331329345703,0.0
3299,pop10,1,0.00046515464782714844,0.0
3300,pop24,4,0.03397637605667114,0.033409072839227776
3300,pop23,3,0.0005650520324707031,0.00010511150246428699
3300,pop21,1,0.032624006271362305,0.0
3300,pop16,1,0.0004954338073730469,0.0
3300,pop50,1,0.0006244182586669922,0.0
3300,pop53,1,0.0007393360137939453,0.0
3300,pop52,1,0.0005040168762207031,0.0
3301,pop45,2,0.02994978427886963,0.029295802116394043
3301,pop44,1,0.05744457244873047,0.0
3301,pop50,1,0.0007717609405517578,0.0
3301,pop55,2,0.012675046920776367,0.012199640274047852
3301,pop52,3,0.0006930033365885416,0.00017018147531812193
3301,pop53,1,0.0007150173187255859,0.0
3301,pop47,1,0.0004405975341796875,0.0
3302,pop39,2,0.027684450149536133,0.02706146240234375
3302,pop44,1,0.02875661849975586,0.0
3302,pop50,2,0.0007503032684326172,4.124641418457031e-05
3302,pop33,2,0.0005525350570678711,1.1801719665527344e-05
3302,pop32,3,0.0006626447041829427,0.00013493035900321389
3302,pop51,1,0.0007071495056152344,0.0
3302,pop10,1,0.0004999637603759766,0.0
3303,pop38,2,0.031043529510498047,0.03041839599609375
3303,pop18,1,0.0005395412445068359,0.0
3303,pop19,2,0.0006186962127685547,6.604194641113281e-05
3303,pop20,3,0.0005861123402913412,0.00011419848972821598
3303,pop51,1,0.0006692409515380859,0.0
3303,pop47,1,0.0006191730499267578,0.0
3304,pop44,5,0.011545372009277344,0.022051155534427935
3304,pop50,1,0.0007023811340332031,0.0
3304,pop51,1,0.0006494522094726562,0.0
3304,pop10,1,0.0006382465362548828,0.0
3305,pop47,5,0.009499549865722656,0.0179765251970148
3305,pop53,1,0.0010781288146972656,0.0
3305,pop54,1,0.0004856586456298828,0.0
3305,pop52,1,0.0005781650543212891,0.0
3306,pop21,4,0.0161321759223938,0.026954876525519752
3306,pop23,1,0.0005018711090087891,0.0
3306,pop16,1,0.00028777122497558594,0.0
3306,pop50,1,0.0007305145263671875,0.0
3306,pop53,1,0.0006997585296630859,0.0
3306,pop52,1,0.0005600452423095703,0.0
3307,pop9,5,0.010642480850219727,0.020246038960679162
3307,pop51,1,0.0006816387176513672,0.0
3307,pop53,1,0.0007054805755615234,0.0
3307,pop7,1,0.0004742145538330078,0.0
3308,pop4,2,0.027077078819274902,0.02644503116607666
3308,pop51,2,0.0008186101913452148,5.0902366638183594e-05
3308,pop19,1,0.0009496212005615234,0.0
3308,pop46,2,0.00047910213470458984,6.556510925292969e-06
3308,pop20,1,0.06372952461242676,0.0
3308,pop45,1,0.0005314350128173828,0.0
3308,pop44,1,0.0670478343963623,0.0
3308,pop50,2,0.0007414817810058594,1.7881393432617188e-05
3308,pop17,3,0.0006276766459147135,6.734057628882217e-05
3308,pop14,1,0.0006024837493896484,0.0
3308,pop24,1,0.0005075931549072266,0.0
3309,pop46,2,0.028875112533569336,0.0282135009765625
3309,pop20,1,0.05782151222229004,0.0
3309,pop19,2,0.00054931640625,3.814697265625e-06
3309,pop18,2,0.0005358457565307617,4.780292510986328e-05
3309,pop38,1,0.06501317024230957,0.0
3309,pop51,2,0.0006240606307983398,4.470348358154297e-05
3309,pop53,2,0.03030872344970703,0.0292818546295166
3309,pop41,2,0.0004875659942626953,2.384185791015625e-07
3309,pop40,1,0.057489633560180664,0.0
3309,pop50,2,0.000815272331237793,7.033348083496094e-06
3309,pop17,4,0.0006183385848999023,4.715703129023694e-05
3309,pop14,1,0.0005643367767333984,0.0
3309,pop24,1,0.0005376338958740234,0.0
3310,pop52,3,0.017560879389444988,0.0239807116988713
3310,pop48,4,0.0004805922508239746,5.7109679583391275e-05
3311,pop24,3,0.04389651616414388,0.030597712661351036
3311,pop14,1,0.0005443096160888672,0.0
3311,pop50,3,0.0007227261861165365,3.0579809805551826e-05
3311,pop17,1,0.032254695892333984,0.0
3311,pop25,1,0.0006365776062011719,0.0
3311,pop27,1,0.0006525516510009766,0.0
3311,pop44,1,0.0007011890411376953,0.0
3311,pop33,2,0.0005693435668945312,7.82012939453125e-05
3311,pop32,2,0.0005930662155151367,6.80685043334961e-05
3311,pop55,1,0.0006418228149414062,0.0
3312,pop16,3,0.019761164983113606,0.027115463246161556
3312,pop23,2,0.0005354881286621094,1.9073486328125e-06
3312,pop24,5,0.0005410194396972656,0.0002026931728220399
3312,pop14,1,0.0008900165557861328,0.0
3312,pop50,1,0.0007860660552978516,0.0
3312,pop53,1,0.0007305145263671875,0.0
3312,pop47,1,0.000469207763671875,0.0
3313,pop55,5,0.010201358795166015,0.019390721295753973
3313,pop50,1,0.0007545948028564453,0.0
3313,pop14,1,0.0006830692291259766,0.0
3313,pop24,1,0.0006377696990966797,0.0
3314,pop6,3,0.03960061073303223,0.027576888322605925
3314,pop7,1,0.0004639625549316406,0.0
3314,pop53,2,0.0006862878799438477,5.066394805908203e-05
3314,pop41,2,0.000504612922668457,1.1920928955078125e-07
3314,pop40,3,0.0005931854248046875,0.00011447187508327747
3314,pop50,1,0.0007069110870361328,0.0
3314,pop44,1,0.0004971027374267578,0.0
3315,pop8,2,0.025206923484802246,0.02460777759552002
3315,pop51,1,0.0006124973297119141,0.0
3315,pop50,1,0.0011053085327148438,0.0
3315,pop16,1,0.0003142356872558594,0.0
3315,pop23,1,0.000553131103515625,0.0
3315,pop24,1,0.000629425048828125,0.0
3316,pop36,2,0.02483344078063965,0.02420806884765625
3316,pop51,2,0.0007709264755249023,6.520748138427734e-05
3316,pop50,2,0.0007193088531494141,9.298324584960938e-06
3316,pop14,3,0.02353382110595703,0.032386576114836196
3316,pop27,1,0.0006394386291503906,0.0
3316,pop24,2,0.038950443267822266,0.038396596908569336
3316,pop23,1,0.07265710830688477,0.0
3316,pop21,1,0.0004992485046386719,0.0
3316,pop22,3,0.0006155172983805338,0.00020089368230199762
3317,pop48,4,0.029528141021728516,0.028937365347405403
3317,pop49,4,0.0496058464050293,0.028550035607980973
3317,pop2,3,0.04515926043192545,0.03166502803046238
3317,pop56,1,0.06694865226745605,0.0
3317,pop52,2,0.0006088018417358398,6.318092346191406e-06
3317,pop55,2,0.0006335973739624023,0.00012362003326416016
3317,pop34,1,0.00046634674072265625,0.0
3317,pop35,1,0.0004162788391113281,0.0
3318,pop22,5,0.010679864883422851,0.020216452613773868
3318,pop21,1,0.0004894733428955078,0.0
3318,pop23,1,0.0005280971527099609,0.0
3318,pop24,1,0.0005042552947998047,0.0
3319,pop45,2,0.029183268547058105,0.028551936149597168
3319,pop44,1,0.0005364418029785156,0.0
3319,pop50,3,0.0007413228352864584,6.508152771142157e-05
3319,pop33,2,0.0008529424667358398,0.00014603137969970703
3319,pop32,2,0.034622788429260254,0.03435242176055908
3319,pop53,2,0.0009009838104248047,0.00014591217041015625
3319,pop52,2,0.0007377862930297852,0.00019657611846923828
3319,pop37,2,0.0005496740341186523,4.780292510986328e-05
3319,pop54,1,0.0005383491516113281,0.0
3319,pop51,1,0.0007243156433105469,0.0
3319,pop55,1,0.0005047321319580078,0.0
3320,pop44,3,0.038567145665486656,0.026909385177830668
3320,pop50,2,0.0006854534149169922,5.793571472167969e-05
3320,pop17,2,0.000664830207824707,0.00010406970977783203
3320,pop55,1,0.00046706199645996094,0.0
3321,pop9,4,0.013452529907226562,0.022262264529274264
3322,pop56,2,0.03151428699493408,0.030896782875061035
3322,pop48,4,0.000506281852722168,0.0001647446935128694
3322,pop52,1,0.0008571147918701172,0.0
3322,pop55,1,0.0005173683166503906,0.0
3322,pop50,1,0.0007228851318359375,0.0
3322,pop16,1,0.0004875659942626953,0.0
3323,pop32,4,0.016218185424804688,0.027215187563676083
3323,pop33,1,0.0005910396575927734,0.0
3323,pop50,1,0.0007443428039550781,0.0
3323,pop53,1,0.0006825923919677734,0.0
3323,pop52,1,0.0005662441253662109,0.0
3324,pop31,2,0.025385499000549316,0.02476799488067627
3324,pop17,1,0.0005667209625244141,0.0
3324,pop50,1,0.0008029937744140625,0.0
3324,pop55,1,0.052089691162109375,0.0
3324,pop52,3,0.0006869633992513021,0.00014834698701690898
3324,pop53,1,0.0007829666137695312,0.0
3324,pop51,1,0.0006306171417236328,0.0
3324,pop19,1,0.00060272216796875,0.0
3324,pop20,1,0.0004749298095703125,0.0
3325,pop23,2,0.03067457675933838,0.03001868724822998
3325,pop24,3,0.0004852612813313802,4.348436514966442e-05
3325,pop14,1,0.0005829334259033203,0.0
3325,pop50,1,0.0007827281951904297,0.0
3325,pop53,1,0.0007157325744628906,0.0
3325,pop1,1,0.0005161762237548828,0.0
3325,pop15,1,0.00044798851013183594,0.0
3326,pop46,2,0.028059005737304688,0.02740192413330078
3326,pop20,1,0.00048804283142089844,0.0
3326,pop19,3,0.0005855560302734375,3.0275091764092843e-05
3326,pop18,3,0.00043002764383951825,0.00012154037795596709
3326,pop38,2,0.03369128704071045,0.03322422504425049
3326,pop51,2,0.0006884336471557617,3.230571746826172e-05
3326,pop9,3,0.0005069573720296224,5.717750544242724e-05
3327,pop55,4,0.0253065824508667,0.02475909320127536
3327,pop52,2,0.0005056858062744141,8.821487426757812e-05
3327,pop12,3,0.0005443096160888672,5.143214306352169e-05
3328,pop36,2,0.025618910789489746,0.02503049373626709
3328,pop51,2,0.0007938146591186523,0.00023186206817626953
3328,pop53,1,0.0007164478302001953,0.0
3328,pop50,3,0.0008051395416259766,2.8435518027437218e-05
3328,pop44,1,0.0005352497100830078,0.0
3328,pop39,1,0.0004990100860595703,0.0
3328,pop38,2,0.037070512771606445,0.03649497032165527
3328,pop18,1,0.00046825408935546875,0.0
3328,pop19,1,0.0005125999450683594,0.0
3328,pop14,2,0.0005906820297241211,2.7418136596679688e-06
3328,pop24,3,0.0006031990051269531,8.821637779535404e-05
3328,pop55,1,0.0004668235778808594,0.0
3329,pop44,2,0.028914213180541992,0.028235435485839844
3329,pop50,3,0.0008199214935302734,0.00015992230174777074
3329,pop17,2,0.02533113956451416,0.024643778800964355
3329,pop33,2,0.0005159378051757812,1.9788742065429688e-05
3329,pop32,2,0.0005891323089599609,9.989738464355469e-05
3329,pop53,1,0.0007390975952148438,0.0
3329,pop51,1,0.0006811618804931641,0.0
3329,pop10,1,0.0006613731384277344,0.0
3330,pop9,5,0.011083650588989257,0.02120055494693436
3330,pop51,1,0.0006349086761474609,0.0
3330,pop10,1,0.0004932880401611328,0.0
3331,pop28,2,0.02606523036956787,0.025438904762268066
3331,pop51,2,0.0006060600280761719,4.6253204345703125e-05
3331,pop43,1,0.000568389892578125,0.0
3331,pop40,1,0.05523276329040527,0.0
3331,pop41,1,0.0005376338958740234,0.0
3331,pop53,1,0.0006532669067382812,0.0
3331,pop50,2,0.0007013082504272461,5.5909156799316406e-05
3331,pop17,3,0.000675360361735026,0.00012158698228773884
3331,pop19,1,0.0006024837493896484,0.0
3331,pop20,1,0.0004913806915283203,0.0
3332,pop8,2,0.026137709617614746,0.025533318519592285
3332,pop51,1,0.0006897449493408203,0.0
3332,pop53,1,0.05321145057678223,0.0
3332,pop54,4,0.0005630254745483398,0.00010570772422229026
3332,pop52,1,0.0005896091461181641,0.0
3332,pop34,1,0.0004398822784423828,0.0
3332,pop35,1,0.000415802001953125,0.0
3333,pop48,2,0.02846848964691162,0.027646422386169434
3333,pop56,1,0.0005519390106201172,0.0
3333,pop52,2,0.0006849765777587891,2.7894973754882812e-05
3333,pop12,4,0.0005775094032287598,0.00011168216627279068
3333,pop53,1,0.0007205009460449219,0.0
3333,pop51,1,0.0007321834564208984,0.0
3333,pop19,1,0.0006008148193359375,0.0
3333,pop20,1,0.00048041343688964844,0.0
3334,pop55,2,0.025405049324035645,0.024745821952819824
3334,pop52,2,0.0005578994750976562,1.4066696166992188e-05
3334,pop12,4,0.00045758485794067383,0.00012159667466666933
3335,pop53,3,0.01819642384847005,0.02416764334989831
3335,pop50,1,0.000701904296875,0.0
3335,pop55,1,0.0005066394805908203,0.0
3335,pop52,3,0.02003312110900879,0.027399723376496394
3335,pop54,2,0.028583645820617676,0.02795565128326416
3335,pop12,3,0.0005921522776285807,0.00013947919329888224
3335,pop51,1,0.0006663799285888672,0.0
3335,pop47,1,0.00043702125549316406,0.0
3336,pop14,5,0.03904256820678711,0.03138631474262841
3336,pop24,6,0.012281696001688639,0.026375283369029053
3336,pop23,1,0.06454634666442871,0.0
3336,pop50,1,0.0007350444793701172,0.0
3336,pop55,1,0.0004894733428955078,0.0
3337,pop50,3,0.019172827402750652,0.026040598226882938
3337,pop17,3,0.022255738576253254,0.030744889793459955
3337,pop55,2,0.027141094207763672,0.026640892028808594
3337,pop52,2,0.0005849599838256836,1.5139579772949219e-05
3337,pop37,2,0.0005403757095336914,3.3736228942871094e-05
3338,pop27,5,0.013642501831054688,0.026149744565515956
3338,pop25,1,0.0004687309265136719,0.0
3338,pop17,1,0.0005795955657958984,0.0
3338,pop50,1,0.0008244514465332031,0.0
3338,pop51,1,0.0006663799285888672,0.0
3339,pop39,2,0.027698278427124023,0.027077436447143555
3339,pop38,1,0.06244325637817383,0.0
3339,pop18,1,0.0004942417144775391,0.0
3339,pop19,2,0.00042641162872314453,0.00010573863983154297
3339,pop20,1,0.0618586540222168,0.0
3339,pop51,1,0.0007257461547851562,0.0
3339,pop50,3,0.0007558663686116537,7.180697223196491e-05
3339,pop17,2,0.03542935848236084,0.03484499454498291
3339,pop33,2,0.0005118846893310547,1.4066696166992188e-05
3339,pop32,2,0.0007162094116210938,0.00018262863159179688
3339,pop53,1,0.0007643699645996094,0.0
3339,pop1,1,0.0005786418914794922,0.0
3339,pop6,1,0.0006272792816162109,0.0
3340,pop38,5,0.01233677864074707,0.02359741941778408
3340,pop18,1,0.00048065185546875,0.0
3341,pop21,2,0.03315842151641846,0.032515645027160645
3341,pop22,4,0.0005826950073242188,9.623771187511403e-05
3341,pop51,1,0.0007343292236328125,0.0
3341,pop53,1,0.0006992816925048828,0.0
3341,pop7,1,0.00043964385986328125,0.0
3342,pop56,2,0.03152775764465332,0.030897855758666992
3342,pop48,1,0.0005314350128173828,0.0
3342,pop52,2,0.0006102323532104492,6.306171417236328e-05
3342,pop12,1,0.06026864051818848,0.0
3342,pop37,4,0.0005598068237304688,8.270530541317794e-05
3342,pop33,1,0.0005357265472412109,0.0
3342,pop50,1,0.0008454322814941406,0.0
3342,pop16,1,0.0004911422729492188,0.0
3343,pop31,2,0.026635169982910156,0.025960445404052734
3343,pop17,4,0.0006316304206848145,0.00012132629030633946
3343,pop50,1,0.0010962486267089844,0.0
3343,pop44,1,0.0005238056182861328,0.0
3343,pop45,1,0.00047326087951660156,0.0
3343,pop46,1,0.0004858970642089844,0.0
3343,pop20,1,0.0004899501800537109,0.0
3344,pop36,2,0.02657914161682129,0.025938987731933594
3344,pop10,2,0.028460264205932617,0.027927398681640625
3344,pop51,3,0.0007081031799316406,0.00011432230948912497
3344,pop4,1,0.060924530029296875,0.0
3344,pop19,2,0.0005514621734619141,4.100799560546875e-05
3344,pop20,3,0.0005242029825846354,8.568339012110109e-06
3345,pop28,2,0.025051593780517578,0.024425506591796875
3345,pop36,1,0.0005307197570800781,0.0
3345,pop10,4,0.000646054744720459,0.0001852585521533451
3345,pop51,1,0.0006108283996582031,0.0
3345,pop50,1,0.0008680820465087891,0.0
3345,pop35,1,0.00043129920959472656,0.0
3346,pop8,2,0.02566075325012207,0.025035381317138672
3346,pop51,3,0.0006186962127685547,0.00019582541598332066
3346,pop10,1,0.055852651596069336,0.0
3346,pop50,5,0.0009114265441894532,0.00019676218341604538
3346,pop17,3,0.022652705510457356,0.031263468145418645
3346,pop53,3,0.0008196036020914713,0.00010209908937818127
3346,pop44,1,0.06547355651855469,0.0
3346,pop16,1,0.00048732757568359375,0.0
3346,pop23,1,0.0005216598510742188,0.0
3346,pop24,3,0.0005902449289957682,8.264252720972123e-05
3346,pop14,2,0.03756523132324219,0.03702545166015625
3346,pop54,1,0.0006999969482421875,0.0
3346,pop52,1,0.0006222724914550781,0.0
3347,pop37,4,0.011954247951507568,0.01976536111672086
3347,pop52,1,0.0005745887756347656,0.0
3347,pop53,1,0.0006382465362548828,0.0
3347,pop50,1,0.0007443428039550781,0.0
3347,pop16,1,0.0005521774291992188,0.0
3348,pop33,3,0.020706971486409504,0.02844204683911676
3348,pop32,3,0.00047771135965983075,0.00013942430037775736
3348,pop50,1,0.0007710456848144531,0.0
3348,pop16,1,0.0005085468292236328,0.0
3349,pop52,3,0.018894354502360027,0.025834794084372788
3349,pop12,3,0.0004888375600179037,0.00018969973509976314
3349,pop53,1,0.0006325244903564453,0.0
3349,pop50,1,0.0010356903076171875,0.0
3349,pop51,1,0.0008513927459716797,0.0
3349,pop19,1,0.0007169246673583984,0.0
3349,pop20,1,0.0004565715789794922,0.0
3349,pop46,1,0.0004799365997314453,0.0
3349,pop45,1,0.0004684925079345703,0.0
3349,pop44,1,0.0006666183471679688,0.0
3350,pop24,4,0.017306983470916748,0.028743184067347424
3350,pop23,1,0.0004909038543701172,0.0
3350,pop16,1,0.0004818439483642578,0.0
3350,pop50,1,0.0007727146148681641,0.0
3350,pop51,1,0.0005979537963867188,0.0
3350,pop10,1,0.00045371055603027344,0.0
3351,pop55,2,0.02470993995666504,0.024067401885986328
3351,pop52,2,0.0005588531494140625,2.3365020751953125e-05
3351,pop48,3,0.0005207061767578125,0.00018599593508179002
3351,pop53,1,0.0006546974182128906,0.0
3351,pop51,1,0.0007336139678955078,0.0
3351,pop10,1,0.0005037784576416016,0.0
3352,pop50,4,0.01409977674484253,0.02298817574659449
3352,pop17,2,0.01576399803161621,0.015247106552124023
3352,pop33,2,0.0005158185958862305,9.179115295410156e-06
3352,pop32,3,0.0006640752156575521,0.00013094691749148435
3352,pop51,1,0.0006513595581054688,0.0
3352,pop19,1,0.0006074905395507812,0.0
3352,pop18,1,0.0004558563232421875,0.0
3353,pop39,2,0.02880561351776123,0.028171420097351074
3353,pop38,1,0.00048422813415527344,0.0
3353,pop18,1,0.00026035308837890625,0.0
3353,pop19,1,0.0005633831024169922,0.0
3353,pop51,4,0.0006843209266662598,2.442619869124292e-05
3353,pop10,2,0.05894339084625244,0.0012801885604858398
3353,pop4,1,0.05694079399108887,0.0
3353,pop43,1,0.0005502700805664062,0.0
3353,pop40,3,0.0005602836608886719,9.81371727041367e-05
3353,pop41,1,0.0006554126739501953,0.0
3353,pop53,1,0.0006697177886962891,0.0
3353,pop1,1,0.0005292892456054688,0.0
3353,pop6,1,0.00047016143798828125,0.0
3354,pop38,2,0.03213977813720703,0.03147697448730469
3354,pop18,1,0.0004448890686035156,0.0
3354,pop19,1,0.0003063678741455078,0.0
3354,pop51,1,0.0007703304290771484,0.0
3354,pop43,1,0.0004916191101074219,0.0
3354,pop40,2,0.02970576286315918,0.029059648513793945
3354,pop41,1,0.0005707740783691406,0.0
3354,pop53,3,0.04446228345235189,0.030983452577447734
3354,pop54,3,0.039323012034098305,0.02740619057055967
3354,pop52,4,0.01835721731185913,0.030502602623183633
3354,pop55,2,0.029245853424072266,0.02857065200805664
3354,pop1,2,0.000607609748840332,1.1324882507324219e-05
3354,pop6,1,0.07182550430297852,0.0
3354,pop12,2,0.000591278076171875,4.982948303222656e-05
3354,pop50,1,0.0008401870727539062,0.0
3354,pop16,1,0.00047016143798828125,0.0
3355,pop31,2,0.027302861213684082,0.02666604518890381
3355,pop17,5,0.013708066940307618,0.02611776100165485
3355,pop50,2,0.0008013248443603516,9.775161743164062e-06
3355,pop44,1,0.0647881031036377,0.0
3355,pop27,1,0.0005252361297607422,0.0
3355,pop25,1,0.0005080699920654297,0.0
3355,pop53,1,0.0007283687591552734,0.0
3355,pop1,1,0.0005776882171630859,0.0
3355,pop6,1,0.0004909038543701172,0.0
3356,pop57,2,0.032572150230407715,0.03194582462310791
3356,pop56,1,0.0004754066467285156,0.0
3356,pop48,1,0.0004928112030029297,0.0
3356,pop52,1,0.0009868144989013672,0.0
3357,pop18,2,0.030517101287841797,0.02986311912536621
3357,pop19,1,0.0005886554718017578,0.0
3357,pop51,1,0.0005974769592285156,0.0
3357,pop50,2,0.0009586811065673828,0.00018978118896484375
3357,pop14,4,0.020193397998809814,0.03397086952367537
3357,pop27,2,0.0006736516952514648,1.3470649719238281e-05
3357,pop17,1,0.07395005226135254,0.0
3357,pop25,1,0.0005218982696533203,0.0
3357,pop24,5,0.017634010314941405,0.03417857063892287
3357,pop23,2,0.040280818939208984,0.039736032485961914
3357,pop16,1,0.0005130767822265625,0.0
3358,pop40,4,0.013492047786712646,0.022329020920350894
3358,pop43,1,0.0004987716674804688,0.0
3358,pop51,1,0.00061798095703125,0.0
3358,pop10,1,0.0006275177001953125,0.0
3359,pop53,2,0.028106689453125,0.027343273162841797
3359,pop52,2,0.0005973577499389648,6.258487701416016e-05
3359,pop48,2,0.015250921249389648,0.014754772186279297
3359,pop49,1,0.0004763603210449219,0.0
3359,pop2,1,0.06569838523864746,0.0
3359,pop56,3,0.0005229314168294271,1.6492102452796532e-05
3360,pop21,6,0.011587182680765787,0.02458433835453993
3360,pop23,2,0.03119027614593506,0.030665040016174316
3360,pop16,1,0.0004773139953613281,0.0
3361,pop56,3,0.03130912780761719,0.025032070943852815
3361,pop48,2,0.031598448753356934,0.03104698657989502
3361,pop49,2,0.0005611181259155273,6.449222564697266e-05
3361,pop2,1,0.06726932525634766,0.0
3361,pop52,3,0.0006679693857828776,6.626616508053601e-05
3361,pop37,2,0.029013752937316895,0.028397679328918457
3361,pop53,1,0.0006527900695800781,0.0
3361,pop7,1,0.00044226646423339844,0.0
3362,pop28,2,0.02568042278289795,0.025069355964660645
3362,pop36,1,0.0006289482116699219,0.0
3362,pop10,1,0.056761741638183594,0.0
3362,pop51,2,0.000714421272277832,6.592273712158203e-05
3362,pop43,1,0.0004987716674804688,0.0
3362,pop40,3,0.019886016845703125,0.027433889475189842
3362,pop41,1,0.0005249977111816406,0.0
3362,pop53,2,0.031424522399902344,0.030701398849487305
3362,pop54,2,0.0005674362182617188,5.841255187988281e-05
3363,pop55,2,0.024344563484191895,0.023711323738098145
3363,pop52,2,0.000532984733581543,3.159046173095703e-05
3363,pop12,3,0.0005234877268473307,7.984479654412894e-05
3363,pop53,1,0.00074005126953125,0.0
3363,pop50,1,0.0006856918334960938,0.0
3363,pop44,1,0.0006525516510009766,0.0
3364,pop38,3,0.04201459884643555,0.029240681002723187
3364,pop18,1,0.0002791881561279297,0.0
3364,pop19,2,0.0005344152450561523,2.4199485778808594e-05
3364,pop20,1,0.061913251876831055,0.0
3364,pop51,2,0.0006760358810424805,1.1920928955078125e-07
3364,pop4,3,0.0005580584208170573,3.768438426542402e-05
3364,pop10,1,0.0005559921264648438,0.0
3365,pop31,2,0.02701568603515625,0.026360034942626953
3365,pop17,3,0.022599538167317707,0.031171924198041285
3365,pop50,1,0.0006628036499023438,0.0
3365,pop44,2,0.0005350112915039062,2.7894973754882812e-05
3366,pop32,5,0.013131523132324218,0.025110699678842725
3366,pop33,1,0.0005011558532714844,0.0
3366,pop50,1,0.0007576942443847656,0.0
3366,pop51,1,0.0006976127624511719,0.0
3367,pop44,5,0.025530147552490234,0.030608576817302304
3367,pop45,2,0.0005640983581542969,7.510185241699219e-05
3367,pop46,2,0.0003725290298461914,8.404254913330078e-05
3367,pop20,1,0.06195378303527832,0.0
3367,pop50,2,0.0007145404815673828,7.653236389160156e-05
3367,pop17,2,0.0008084774017333984,0.0002162456512451172
3367,pop53,1,0.0007431507110595703,0.0
3367,pop47,1,0.0004553794860839844,0.0
3368,pop9,5,0.01106109619140625,0.021189459316021408
3368,pop51,1,0.0007042884826660156,0.0
3369,pop37,5,0.01024632453918457,0.01945636596047067
3369,pop52,1,0.0006439685821533203,0.0
3369,pop53,1,0.0007288455963134766,0.0
3369,pop51,1,0.0006306171417236328,0.0
3370,pop18,2,0.0301131010055542,0.02948319911956787
3370,pop19,1,0.0007672309875488281,0.0
3370,pop51,2,0.0004805326461791992,0.00016748905181884766
3370,pop22,3,0.0005669593811035156,0.00012366732857817652
3370,pop47,1,0.0004951953887939453,0.0
3371,pop55,3,0.01670106252034505,0.02281103780552117
3371,pop52,2,0.0006049871444702148,2.753734588623047e-05
3371,pop12,4,0.0004826784133911133,2.300615752070951e-05
3372,pop42,2,0.0284116268157959,0.02777695655822754
3372,pop43,1,0.000514984130859375,0.0
3372,pop51,2,0.0005033016204833984,0.00016188621520996094
3372,pop4,3,0.0005691051483154297,8.094536067016114e-05
3372,pop50,1,0.0007808208465576172,0.0
3372,pop44,1,0.0005197525024414062,0.0
3373,pop30,2,0.02603769302368164,0.02539205551147461
3373,pop31,1,0.0004868507385253906,0.0
3373,pop17,4,0.0006493330001831055,0.00013368486056435715
3373,pop50,1,0.0007927417755126953,0.0
3373,pop53,1,0.0006310939788818359,0.0
3373,pop47,1,0.0006189346313476562,0.0
3374,pop10,2,0.02811563014984131,0.02747499942779541
3374,pop51,2,0.000658869743347168,1.2516975402832031e-05
3374,pop4,3,0.0005373954772949219,0.00021257847609680667
3374,pop47,1,0.0004596710205078125,0.0
3375,pop41,2,0.028629064559936523,0.027940750122070312
3375,pop53,1,0.0006737709045410156,0.0
3375,pop50,3,0.0007218519846598307,0.0003223358251847126
3375,pop17,1,0.06571269035339355,0.0
3375,pop25,1,0.0005080699920654297,0.0
3375,pop27,1,0.0005216598510742188,0.0
3375,pop44,1,0.0005629062652587891,0.0
3375,pop32,4,0.0005843639373779297,0.00011141866769146072
3375,pop33,1,0.0004954338073730469,0.0
3375,pop51,1,0.00067138671875,0.0
3375,pop19,1,0.0005829334259033203,0.0
3375,pop18,1,0.0004734992980957031,0.0
3376,pop48,2,0.03062915802001953,0.029963016510009766
3376,pop52,1,0.0010211467742919922,0.0
3377,pop57,2,0.03147006034851074,0.030864715576171875
3377,pop56,2,0.03377175331115723,0.03350639343261719
3377,pop2,3,0.0229947566986084,0.03187262702123837
3377,pop49,4,0.051230549812316895,0.029339083233358768
3377,pop48,2,0.03428494930267334,0.03377807140350342
3377,pop52,2,0.0007388591766357422,0.000186920166015625
3377,pop12,3,0.0005923906962076823,9.832838781498005e-05
3377,pop3,1,0.00043201446533203125,0.0
3377,pop0,1,0.000457763671875,0.0
3377,pop1,1,0.0005679130554199219,0.0
3377,pop6,1,0.0006034374237060547,0.0
3378,pop53,4,0.027916550636291504,0.02721902899221091
3378,pop54,3,0.0005353291829427084,5.614047411651614e-05
3378,pop7,1,0.0004534721374511719,0.0
3379,pop56,2,0.0319974422454834,0.031350135803222656
3379,pop2,3,0.02267877260843913,0.03156042248630259
3379,pop49,2,0.03197801113128662,0.03136599063873291
3379,pop48,1,0.0005457401275634766,0.0
3379,pop52,2,0.0005650520324707031,1.6450881958007812e-05
3379,pop37,3,0.0005698204040527344,9.559504843532176e-05
3379,pop34,1,0.00047278404235839844,0.0
3379,pop35,1,0.00041794776916503906,0.0
3380,pop28,2,0.026437878608703613,0.025802969932556152
3380,pop51,2,0.0007271766662597656,6.4373016357421875e-06
3380,pop4,3,0.0005880991617838541,0.0001135961048763357
3380,pop47,1,0.0005946159362792969,0.0
3381,pop32,5,0.013634538650512696,0.026254595557711553
3381,pop33,1,0.0005223751068115234,0.0
3381,pop50,1,0.0007321834564208984,0.0
3381,pop44,1,0.0004963874816894531,0.0
3382,pop9,5,0.01053466796875,0.020068684616946206
3382,pop51,1,0.000667572021484375,0.0
3382,pop53,1,0.0005950927734375,0.0
3382,pop52,1,0.0006268024444580078,0.0
3383,pop47,3,0.024400631586710613,0.019586181420146526
3383,pop53,3,0.019466082255045574,0.026647318410600355
3383,pop54,1,0.0576624870300293,0.0
3383,pop52,2,0.0007573366165161133,0.0001817941665649414
3383,pop51,1,0.0007367134094238281,0.0
3383,pop19,1,0.0006263256072998047,0.0
3383,pop18,1,0.0005159378051757812,0.0
3384,pop36,2,0.026766538619995117,0.02610182762145996
3384,pop51,2,0.0008003711700439453,0.00015473365783691406
3384,pop4,4,0.0005806088447570801,7.585222084214061e-05
3384,pop53,1,0.0006654262542724609,0.0
3384,pop50,1,0.0006861686706542969,0.0
3384,pop44,1,0.000659942626953125,0.0
3385,pop8,2,0.026108264923095703,0.025489091873168945
3385,pop51,4,0.0008203983306884766,0.00011264527260534355
3385,pop50,2,0.0011230707168579102,0.0002835988998413086
3385,pop53,1,0.0007319450378417969,0.0
3385,pop19,2,0.0005842447280883789,7.271766662597656e-06
3385,pop20,3,0.02402941385904948,0.03326454198909896
3385,pop46,2,0.0004922151565551758,1.1801719665527344e-05
3385,pop45,2,0.000519871711730957,3.933906555175781e-06
3385,pop44,2,0.03370797634124756,0.033156752586364746
3385,pop16,1,0.0005061626434326172,0.0
3385,pop23,1,0.0005388259887695312,0.0
3385,pop21,1,0.0006914138793945312,0.0
3385,pop22,2,0.0006545782089233398,0.00012886524200439453
3385,pop47,1,0.0005517005920410156,0.0
3386,pop18,2,0.03100764751434326,0.030340075492858887
3386,pop19,1,0.0005650520324707031,0.0
3386,pop51,2,0.00044798851013183594,0.00011277198791503906
3386,pop50,4,0.0007601380348205566,2.8464509988291798e-05
3386,pop14,2,0.033063411712646484,0.032469987869262695
3386,pop17,3,0.02256464958190918,0.031120896599165056
3386,pop25,2,0.0007147789001464844,0.0001647472381591797
3386,pop27,1,0.07591891288757324,0.0
3386,pop53,2,0.03319144248962402,0.032453060150146484
3386,pop1,1,0.000560760498046875,0.0
3386,pop0,1,0.00042748451232910156,0.0
3386,pop3,1,0.0004658699035644531,0.0
3386,pop52,3,0.0008026758829752604,0.00022741119573700281
3386,pop10,1,0.00046539306640625,0.0
3387,pop30,2,0.026482701301574707,0.02584969997406006
3387,pop31,1,0.0004820823669433594,0.0
3387,pop17,2,0.035318613052368164,0.034656524658203125
3387,pop50,3,0.0008966922760009766,0.00017285111305120912
3387,pop44,2,0.0006978511810302734,0.0001544952392578125
3387,pop55,1,0.0008559226989746094,0.0
3387,pop53,1,0.0006136894226074219,0.0
3387,pop47,1,0.0004725456237792969,0.0
3388,pop48,3,0.020429372787475586,0.028078191647326018
3388,pop56,3,0.00046507517496744793,0.0001647864332068321
3388,pop52,1,0.000614166259765625,0.0
3388,pop53,1,0.0006313323974609375,0.0
3388,pop51,1,0.0006611347198486328,0.0
3389,pop9,5,0.011122941970825195,0.021115281115496806
3389,pop51,1,0.0006895065307617188,0.0
3389,pop19,1,0.0006103515625,0.0
3389,pop20,1,0.0004961490631103516,0.0
3390,pop4,2,0.02884852886199951,0.028194069862365723
3390,pop51,1,0.00038886070251464844,0.0
3390,pop50,4,0.0007568597793579102,0.00010556862655497956
3390,pop17,3,0.04697640736897787,0.03294871359883285
3390,pop44,1,0.06268048286437988,0.0
3390,pop27,1,0.0005207061767578125,0.0
3390,pop25,1,0.0005145072937011719,0.0
3390,pop14,3,0.024873018264770508,0.03413028579985072
3390,pop24,2,0.04100310802459717,0.040474772453308105
3390,pop16,1,0.0006172657012939453,0.0
3391,pop33,4,0.015894830226898193,0.026250944226325797
3391,pop32,2,0.034749627113342285,0.03449094295501709
3391,pop50,2,0.0008089542388916016,7.319450378417969e-05
3391,pop53,1,0.000644683837890625,0.0
3391,pop52,1,0.0005438327789306641,0.0
3391,pop37,3,0.0005782445271809896,0.00010982953689535198
3391,pop51,1,0.0008511543273925781,0.0
3391,pop19,1,0.0005984306335449219,0.0
3391,pop18,1,0.0004856586456298828,0.0
3392,pop52,6,0.00963266690572103,0.01997434150670658
3392,pop55,2,0.012520313262939453,0.01200723648071289
3392,pop50,1,0.0008070468902587891,0.0
3392,pop16,1,0.0004932880401611328,0.0
3393,pop42,2,0.028137564659118652,0.027510523796081543
3393,pop43,1,0.0002715587615966797,0.0
3393,pop51,1,0.0008141994476318359,0.0
3393,pop50,2,0.0007524490356445312,6.961822509765625e-05
3393,pop17,4,0.0005882382392883301,3.937025531587964e-05
3393,pop44,1,0.0004999637603759766,0.0
3394,pop10,2,0.028022408485412598,0.027366995811462402
3394,pop51,1,0.0002887248992919922,0.0
3394,pop50,2,0.0007376670837402344,0.0001304149627685547
3394,pop17,3,0.0006443659464518229,9.20440512001508e-05
3394,pop53,1,0.0007276535034179688,0.0
3394,pop52,1,0.00060272216796875,0.0
3395,pop41,2,0.02787637710571289,0.02725505828857422
3395,pop53,1,0.0003943443298339844,0.0
3395,pop50,4,0.000831902027130127,0.00015565733297457181
3395,pop44,3,0.0005212624867757162,1.270174218750448e-05
3395,pop27,1,0.0006487369537353516,0.0
3395,pop17,3,0.02528516451517741,0.0347268842792362
3395,pop25,1,0.0006592273712158203,0.0
3395,pop31,1,0.0004894733428955078,0.0
3395,pop30,1,0.0004737377166748047,0.0
3395,pop48,1,0.0005717277526855469,0.0
3395,pop52,1,0.0008776187896728516,0.0
3395,pop55,1,0.0005407333374023438,0.0
3395,pop14,2,0.0006521940231323242,5.125999450683594e-06
3396,pop53,3,0.0182952086130778,0.0248495033371315
3396,pop50,2,0.0006124973297119141,0.0002009868621826172
3396,pop17,4,0.0006170272827148438,0.00012346342157433743
3396,pop1,1,0.0005602836608886719,0.0
3396,pop6,1,0.0005140304565429688,0.0
3397,pop56,2,0.031116724014282227,0.030452489852905273
3397,pop48,1,0.0002722740173339844,0.0
3397,pop52,2,0.0005729198455810547,2.384185791015625e-06
3397,pop12,3,0.0004908243815104166,1.056301639155867e-05
3398,pop47,3,0.024451414744059246,0.019633588709313147
3398,pop53,3,0.020081281661987305,0.027402363665195335
3398,pop54,1,0.0005145072937011719,0.0
3398,pop52,2,0.0005698204040527344,2.3603439331054688e-05
3398,pop48,2,0.000675201416015625,0.00010800361633300781
3398,pop51,1,0.0007090568542480469,0.0
3398,pop19,1,0.0006403923034667969,0.0
3398,pop20,1,0.0005283355712890625,0.0
3399,pop30,2,0.026577472686767578,0.02593541145324707
3399,pop31,1,0.00028705596923828125,0.0
3399,pop17,1,0.0691385269165039,0.0
3399,pop25,1,0.0005693435668945312,0.0
3399,pop27,1,0.0005178451538085938,0.0
3399,pop44,1,0.000507354736328125,0.0
3399,pop50,1,0.0007693767547607422,0.0
3399,pop55,1,0.059658050537109375,0.0
3399,pop52,2,0.032413601875305176,0.031839728355407715
3399,pop37,3,0.0005007584889729818,2.2919895579384123e-05
3400,pop16,2,0.030129194259643555,0.02943730354309082
3400,pop23,1,0.0003032684326171875,0.0
3400,pop24,2,0.0360569953918457,0.03552079200744629
3400,pop14,2,0.0006785392761230469,6.842613220214844e-05
3400,pop50,1,0.0007619857788085938,0.0
3400,pop53,1,0.0007112026214599609,0.0
3400,pop1,1,0.000560760498046875,0.0
3400,pop15,1,0.0004723072052001953,0.0
3401,pop6,2,0.031732797622680664,0.03107762336730957
3401,pop1,1,0.0005602836608886719,0.0
3401,pop53,1,0.0006682872772216797,0.0
3401,pop54,1,0.053481340408325195,0.0
3401,pop52,1,0.000591278076171875,0.0
3401,pop55,4,0.0005819201469421387,0.00011316037174498151
3401,pop50,1,0.0008332729339599609,0.0
3401,pop51,1,0.000736236572265625,0.0
3401,pop19,1,0.0005934238433837891,0.0
3401,pop20,1,0.00045228004455566406,0.0
3402,pop22,4,0.013586103916168213,0.022416262234868985
3402,pop51,1,0.0006628036499023438,0.0
3402,pop50,1,0.0008051395416259766,0.0
3402,pop55,1,0.0004937648773193359,0.0
3403,pop45,2,0.03114032745361328,0.030512571334838867
3403,pop44,1,0.0003077983856201172,0.0
3403,pop50,2,0.000863194465637207,0.00024640560150146484
3403,pop16,1,0.0006406307220458984,0.0
3403,pop23,1,0.0004994869232177734,0.0
3403,pop24,1,0.0006732940673828125,0.0
3403,pop14,3,0.0006964206695556641,0.00019909317099195347
3403,pop51,1,0.0006382465362548828,0.0
3403,pop10,1,0.0004942417144775391,0.0
3404,pop31,2,0.02698063850402832,0.026358366012573242
3404,pop30,1,0.0003943443298339844,0.0
3404,pop48,2,0.0005272626876831055,1.800060272216797e-05
3404,pop49,2,0.032910823822021484,0.03240776062011719
3404,pop2,1,0.07067990303039551,0.0
3404,pop52,3,0.000827948252360026,0.00017457519287474767
3404,pop54,1,0.0005168914794921875,0.0
3404,pop53,1,0.000705718994140625,0.0
3404,pop50,2,0.0007472038269042969,1.5735626220703125e-05
3404,pop55,2,0.030143141746520996,0.0296555757522583
3404,pop33,1,0.0005609989166259766,0.0
3404,pop37,4,0.0006079673767089844,0.00014364526478275326
3404,pop34,1,0.00048804283142089844,0.0
3404,pop35,1,0.00041794776916503906,0.0
3405,pop9,5,0.011338138580322265,0.02153457010265004
3405,pop51,1,0.00084686279296875,0.0
3405,pop53,1,0.0005438327789306641,0.0
3405,pop50,1,0.0007498264312744141,0.0
3405,pop44,1,0.0006067752838134766,0.0
3406,pop33,4,0.01549297571182251,0.025877894094737754
3406,pop32,2,0.034519195556640625,0.03411221504211426
3406,pop37,2,0.0005931854248046875,0.00011301040649414062
3406,pop50,1,0.0008504390716552734,0.0
3406,pop51,1,0.0007190704345703125,0.0
3406,pop10,1,0.00060272216796875,0.0
3407,pop30,2,0.02537989616394043,0.024761676788330078
3407,pop48,2,0.0005159378051757812,2.002716064453125e-05
3407,pop49,5,0.022677087783813478,0.02789313578158467
3407,pop2,3,0.024175008138020832,0.03325702308855094
3407,pop52,1,0.0005855560302734375,0.0
3407,pop53,1,0.0007076263427734375,0.0
3407,pop1,1,0.0005195140838623047,0.0
3407,pop15,1,0.0004456043243408203,0.0
3408,pop23,2,0.032152414321899414,0.0314946174621582
3408,pop24,4,0.0004949569702148438,0.00013900365458217222
3408,pop14,1,0.0005471706390380859,0.0
3408,pop50,1,0.0007448196411132812,0.0
3408,pop53,1,0.0007340908050537109,0.0
3408,pop52,1,0.0005345344543457031,0.0
3409,pop46,2,0.028943896293640137,0.028298258781433105
3409,pop20,4,0.0004710555076599121,0.0001432545899113003
3409,pop19,1,0.0005795955657958984,0.0
3409,pop51,1,0.00069427490234375,0.0
3409,pop53,1,0.0007519721984863281,0.0
3409,pop7,1,0.0004558563232421875,0.0
3410,pop44,4,0.029742538928985596,0.029150656752552715
3410,pop50,2,0.0006685256958007812,1.049041748046875e-05
3410,pop17,2,0.0006619691848754883,0.00011599063873291016
3410,pop53,1,0.0006914138793945312,0.0
3410,pop52,1,0.0006213188171386719,0.0
3411,pop41,2,0.028033733367919922,0.027396202087402344
3411,pop53,1,0.00033855438232421875,0.0
3411,pop52,2,0.000577092170715332,1.2040138244628906e-05
3411,pop48,4,0.0005862712860107422,5.940905906321863e-05
3411,pop55,1,0.0004620552062988281,0.0
3412,pop6,2,0.030655622482299805,0.030033588409423828
3412,pop1,1,0.0005385875701904297,0.0
3412,pop53,1,0.0006072521209716797,0.0
3412,pop50,2,0.000912785530090332,0.00017559528350830078
3412,pop32,4,0.0005295276641845703,3.898453627237335e-05
3412,pop33,1,0.0005254745483398438,0.0
3412,pop44,1,0.0005133152008056641,0.0
3413,pop22,4,0.012854576110839844,0.021249963238083217
3413,pop21,1,0.0005288124084472656,0.0
3413,pop23,1,0.0005459785461425781,0.0
3413,pop24,1,0.0004885196685791016,0.0
3414,pop9,4,0.014105916023254395,0.02338706059086867
3414,pop51,1,0.0010309219360351562,0.0
3414,pop53,1,0.000701904296875,0.0
3414,pop50,1,0.0006773471832275391,0.0
3414,pop14,1,0.0005528926849365234,0.0
3414,pop24,1,0.0006606578826904297,0.0
3415,pop30,2,0.025786995887756348,0.02513253688812256
3415,pop48,2,0.03177988529205322,0.03124558925628662
3415,pop49,2,0.03406846523284912,0.0335463285446167
3415,pop52,3,0.023948192596435547,0.033049203662454306
3415,pop55,1,0.057564496994018555,0.0
3415,pop54,1,0.06160998344421387,0.0
3415,pop53,3,0.0439756711324056,0.030659351790284235
3415,pop1,2,0.0005022287368774414,1.8477439880371094e-05
3415,pop6,1,0.07407259941101074,0.0
3415,pop50,1,0.001135110855102539,0.0
3416,pop57,2,0.01596200466156006,0.01556408405303955
3416,pop56,2,0.03859221935272217,0.038126587867736816
3416,pop48,3,0.023484071095784504,0.03246717850000315
3416,pop52,5,0.01272115707397461,0.02407888260744589
3416,pop54,3,0.03951843579610189,0.027649915904245113
3416,pop55,1,0.055886268615722656,0.0
3416,pop49,3,0.02474363644917806,0.03405076351724548
3416,pop2,3,0.026400327682495117,0.036598811399572724
3416,pop51,1,0.0006210803985595703,0.0
3416,pop19,1,0.0006074905395507812,0.0
3416,pop18,1,0.0005049705505371094,0.0
3417,pop32,4,0.008370459079742432,0.013532828183210405
3417,pop33,1,0.0005710124969482422,0.0
3417,pop50,1,0.0007922649383544922,0.0
3417,pop51,1,0.0008034706115722656,0.0
3417,pop19,1,0.0005824565887451172,0.0
3417,pop18,1,0.0004887580871582031,0.0
3418,pop23,2,0.01594364643096924,0.015490889549255371
3418,pop24,3,0.02425082524617513,0.03346981116863441
3418,pop14,2,0.0006211996078491211,7.784366607666016e-05
3418,pop50,3,0.0007462501525878906,5.9203066665249664e-05
3418,pop17,1,0.0675497055053711,0.0
3418,pop55,2,0.027737021446228027,0.027250170707702637
3418,pop52,2,0.0008177757263183594,0.00020170211791992188
3418,pop16,1,0.0004680156707763672,0.0
3419,pop44,2,0.014760613441467285,0.014328360557556152
3419,pop50,3,0.000637054443359375,1.6171506496683938e-05
3419,pop33,1,0.0008592605590820312,0.0
3419,pop32,4,0.0006719827651977539,0.00025352570631411705
3419,pop53,1,0.0007092952728271484,0.0
3419,pop47,1,0.00047087669372558594,0.0
3420,pop22,5,0.005638408660888672,0.010176624574953714
3420,pop51,1,0.0011336803436279297,0.0
3420,pop53,1,0.0007033348083496094,0.0
3420,pop52,1,0.0006229877471923828,0.0
3420,pop34,1,0.0004699230194091797,0.0
3420,pop35,1,0.0004260540008544922,0.0
3421,pop14,4,0.024450182914733887,0.027108571680596428
3421,pop24,3,0.0006245772043863932,0.00013721623867731132
3421,pop50,1,0.0008540153503417969,0.0
3421,pop53,1,0.0008246898651123047,0.0
3421,pop47,1,0.0006339550018310547,0.0
3422,pop27,4,0.008528292179107666,0.013859704004892502
3422,pop25,1,0.0005011558532714844,0.0
3422,pop17,1,0.0006885528564453125,0.0
3422,pop50,1,0.0011973381042480469,0.0
3422,pop55,1,0.0005078315734863281,0.0
3422,pop52,1,0.0005447864532470703,0.0
3422,pop53,1,0.0006532669067382812,0.0
3422,pop1,1,0.0005724430084228516,0.0
3422,pop6,1,0.0005016326904296875,0.0
3423,pop36,2,0.013038396835327148,0.012633085250854492
3423,pop10,2,0.03019535541534424,0.029621481895446777
3423,pop51,1,0.0007660388946533203,0.0
3423,pop43,1,0.0005176067352294922,0.0
3423,pop40,1,0.06060481071472168,0.0
3423,pop41,1,0.0005352497100830078,0.0
3423,pop53,2,0.03159618377685547,0.03091287612915039
3423,pop54,2,0.0005773305892944336,5.638599395751953e-05
3423,pop1,1,0.0006127357482910156,0.0
3423,pop15,1,0.0004642009735107422,0.0
3424,pop18,2,0.015175342559814453,0.014772653579711914
3424,pop19,1,0.0007386207580566406,0.0
3424,pop20,1,0.0004818439483642578,0.0
3424,pop46,1,0.0004703998565673828,0.0
3424,pop45,1,0.0004899501800537109,0.0
3424,pop44,1,0.0006985664367675781,0.0
3424,pop50,1,0.0007872581481933594,0.0
3424,pop53,7,0.028577532087053572,0.032303864668105045
3424,pop1,5,0.0006088733673095704,6.022028556941011e-05
3424,pop6,5,0.029741573333740234,0.035889914555019914
3424,pop41,4,0.0005167722702026367,2.5622233612200693e-05
3424,pop40,2,0.06734907627105713,0.0032285451889038086
3424,pop54,1,0.06760692596435547,0.0
3425,pop46,2,0.014610052108764648,0.01418924331665039
3425,pop45,1,0.000484466552734375,0.0
3425,pop44,1,0.0006763935089111328,0.0
3425,pop50,1,0.0006358623504638672,0.0
3425,pop53,4,0.000807642936706543,0.00011996180721450489
3425,pop52,1,0.0005900859832763672,0.0
3425,pop34,1,0.00044655799865722656,0.0
3425,pop35,1,0.0004265308380126953,0.0
3426,pop30,2,0.012865304946899414,0.012443304061889648
3426,pop48,2,0.0004918575286865234,1.7881393432617188e-05
3426,pop49,2,0.0005357265472412109,7.748603820800781e-05
3426,pop2,1,0.0699007511138916,0.0
3426,pop52,1,0.0008356571197509766,0.0
3426,pop54,1,0.0004892349243164062,0.0
3426,pop53,2,0.0006921291351318359,0.00010395050048828125
3426,pop50,3,0.0009111563364664713,0.00022406225205522917
3426,pop55,1,0.05876898765563965,0.0
3426,pop44,1,0.0006227493286132812,0.0
3426,pop27,1,0.0004799365997314453,0.0
3426,pop25,1,0.0006861686706542969,0.0
3426,pop17,4,0.000667572021484375,8.331748661841742e-05
3426,pop1,1,0.0005800724029541016,0.0
3426,pop15,1,0.0004470348358154297,0.0
3427,pop24,3,0.034328858057657875,0.02806542181815195
3427,pop23,2,0.0005402565002441406,8.344650268554688e-06
3427,pop16,1,0.0004956722259521484,0.0
3428,pop50,6,0.005123535792032878,0.010003216291960907
3428,pop44,3,0.04263885815938314,0.029794692133577473
3428,pop17,1,0.06669950485229492,0.0
3428,pop45,1,0.000499725341796875,0.0
3428,pop46,1,0.00045180320739746094,0.0
3428,pop20,1,0.0004630088806152344,0.0
3428,pop19,1,0.0007555484771728516,0.0
3428,pop51,1,0.0007185935974121094,0.0
3428,pop55,2,0.0006455183029174805,0.00013244152069091797
3428,pop53,1,0.0006089210510253906,0.0
3428,pop1,1,0.0005333423614501953,0.0
3428,pop15,1,0.0005986690521240234,0.0
3429,pop39,2,0.014028429985046387,0.013616442680358887
3429,pop38,2,0.033831000328063965,0.03333604335784912
3429,pop18,1,0.0005118846893310547,0.0
3429,pop19,1,0.0007414817810058594,0.0
3429,pop51,1,0.0008122920989990234,0.0
3429,pop50,2,0.000788569450378418,0.00013387203216552734
3429,pop17,2,0.0006238222122192383,4.208087921142578e-05
3429,pop55,1,0.0004868507385253906,0.0
3430,pop52,4,0.007167398929595947,0.011389550647540084
3430,pop53,1,0.0007557868957519531,0.0
3430,pop51,1,0.0006816387176513672,0.0
3430,pop19,1,0.00057220458984375,0.0
3430,pop20,1,0.0004856586456298828,0.0
3431,pop42,2,0.013730168342590332,0.013322949409484863
3431,pop43,1,0.0006392002105712891,0.0
3431,pop51,2,0.0006455183029174805,1.2516975402832031e-05
3431,pop22,4,0.0005550384521484375,7.821673874576179e-05
3431,pop50,1,0.0007145404815673828,0.0
3431,pop55,1,0.00043392181396484375,0.0
3432,pop53,4,0.006901562213897705,0.01088424720037185
3432,pop1,2,0.00057220458984375,2.0503997802734375e-05
3432,pop6,2,0.03295493125915527,0.0324862003326416
3432,pop54,1,0.05866241455078125,0.0
3432,pop52,3,0.0007013479868570963,9.121857308652159e-05
3432,pop50,1,0.0007338523864746094,0.0
3432,pop14,1,0.0005972385406494141,0.0
3432,pop24,1,0.0004930496215820312,0.0
3433,pop56,4,0.041907310485839844,0.028366753321741232
3433,pop2,3,0.022964000701904297,0.031778555255556076
3433,pop48,2,0.03288102149963379,0.03238511085510254
3433,pop49,2,0.0006073713302612305,0.0001226663589477539
3433,pop52,1,0.0005788803100585938,0.0
3433,pop53,1,0.0006582736968994141,0.0
3433,pop51,1,0.0009028911590576172,0.0
3434,pop32,3,0.03360128402709961,0.027442002164558135
3434,pop33,1,0.0010390281677246094,0.0
3434,pop50,2,0.000760197639465332,2.396106719970703e-05
3434,pop53,1,0.0011560916900634766,0.0
3434,pop54,1,0.0005195140838623047,0.0
3434,pop52,2,0.03312981128692627,0.032492756843566895
3434,pop37,1,0.05539512634277344,0.0
3434,pop55,2,0.0005892515182495117,9.906291961669922e-05
3434,pop14,1,0.0006055831909179688,0.0
3434,pop24,1,0.0005936622619628906,0.0
3435,pop44,2,0.01483774185180664,0.014386892318725586
3435,pop50,3,0.0009024937947591146,0.0001873009572812094
3435,pop16,2,0.0005071163177490234,7.152557373046875e-07
3435,pop23,1,0.00074005126953125,0.0
3435,pop14,2,0.0006526708602905273,6.854534149169922e-05
3435,pop24,3,0.0006067752838134766,0.00011464405574547195
3435,pop53,1,0.0007236003875732422,0.0
3435,pop1,1,0.0005984306335449219,0.0
3435,pop6,1,0.0004336833953857422,0.0
3436,pop14,2,0.015960693359375,0.015505790710449219
3436,pop24,5,0.015119218826293945,0.029177720582751157
3436,pop23,1,0.06831026077270508,0.0
3437,pop36,2,0.015309691429138184,0.014631867408752441
3437,pop51,1,0.0007359981536865234,0.0
3437,pop53,3,0.020198901494344074,0.02756929900350712
3437,pop54,3,0.0005673567454020182,4.008285197628452e-05
3437,pop1,1,0.0005593299865722656,0.0
3437,pop6,1,0.00048279762268066406,0.0
3438,pop18,3,0.021636565526326496,0.029651434929992018
3438,pop38,2,0.033917784690856934,0.03340041637420654
3438,pop19,1,0.0005855560302734375,0.0
3438,pop51,2,0.0007245540618896484,0.00011157989501953125
3438,pop9,3,0.0005691051483154297,0.00010462438233414165
3438,pop50,1,0.0006802082061767578,0.0
3438,pop16,1,0.0005793571472167969,0.0
3439,pop40,2,0.028534531593322754,0.027861714363098145
3439,pop41,1,0.0004832744598388672,0.0
3439,pop53,2,0.02815723419189453,0.027413129806518555
3439,pop51,1,0.0007121562957763672,0.0
3439,pop50,4,0.0007970929145812988,3.755920371905811e-05
3439,pop17,3,0.024305025736490887,0.033477693099502
3439,pop33,2,0.0006734132766723633,0.00017440319061279297
3439,pop32,2,0.0006009340286254883,6.92605972290039e-05
3439,pop7,1,0.0004220008850097656,0.0
3440,pop21,2,0.03373897075653076,0.03308570384979248
3440,pop23,1,0.0005216598510742188,0.0
3440,pop24,1,0.07194852828979492,0.0
3440,pop14,1,0.00067138671875,0.0
3440,pop27,1,0.0005190372467041016,0.0
3440,pop25,1,0.0005085468292236328,0.0
3440,pop17,5,0.015252161026000976,0.029132587386675336
3440,pop50,3,0.0007929801940917969,1.2367161855015378e-05
3440,pop55,2,0.06038212776184082,0.002141237258911133
3440,pop52,2,0.0006461143493652344,4.887580871582031e-05
3440,pop48,1,0.07506155967712402,0.0
3440,pop51,2,0.0006834268569946289,4.208087921142578e-05
3440,pop19,1,0.0009334087371826172,0.0
3440,pop46,1,0.0004935264587402344,0.0
3440,pop20,1,0.0004513263702392578,0.0
3441,pop38,2,0.03257310390472412,0.03192794322967529
3441,pop18,1,0.0005176067352294922,0.0
3441,pop19,1,0.0007183551788330078,0.0
3441,pop51,3,0.0006617705027262369,3.233852124725913e-05
3441,pop53,2,0.02990591526031494,0.029300570487976074
3441,pop41,1,0.0006465911865234375,0.0
3441,pop40,3,0.020504315694173176,0.02815711473762992
3441,pop43,1,0.00047707557678222656,0.0
3441,pop4,2,0.0006040334701538086,6.902217864990234e-05
3441,pop52,1,0.0006008148193359375,0.0
3442,pop16,3,0.01944128672281901,0.02664935892859123
3442,pop23,2,0.0004825592041015625,6.4373016357421875e-06
3442,pop24,2,0.03549361228942871,0.03496098518371582
3442,pop14,1,0.0006396770477294922,0.0
3442,pop50,2,0.001078486442565918,7.355213165283203e-05
3442,pop17,2,0.03499305248260498,0.034278273582458496
3442,pop51,1,0.0007281303405761719,0.0
3442,pop19,1,0.0006110668182373047,0.0
3442,pop20,2,0.0005649328231811523,0.00011146068572998047
3442,pop46,2,0.0005335807800292969,5.078315734863281e-05
3442,pop45,2,0.0004990100860595703,1.9073486328125e-06
3442,pop44,3,0.0006225109100341797,6.382229789601578e-05
3443,pop33,3,0.021007617314656574,0.028784896003155393
3443,pop32,3,0.0006980101267496744,0.00020001185819634368
3443,pop50,1,0.0013527870178222656,0.0
3443,pop51,1,0.0005838871002197266,0.0
3443,pop47,1,0.0005676746368408203,0.0
3444,pop30,2,0.026515483856201172,0.025888919830322266
3444,pop31,1,0.00049591064453125,0.0
3444,pop17,4,0.0006320476531982422,7.823853797940247e-05
3444,pop50,1,0.0007734298706054688,0.0
3444,pop51,1,0.0006833076477050781,0.0
3444,pop10,1,0.0005209445953369141,0.0
3445,pop52,3,0.01888926823933919,0.025802940159237786
3445,pop37,4,0.0004975199699401855,1.1471842607175491e-05
3446,pop32,5,0.013805675506591796,0.026438124262981744
3446,pop33,1,0.0005185604095458984,0.0
3446,pop50,1,0.0007846355438232422,0.0
3446,pop51,1,0.0006549358367919922,0.0
3446,pop10,1,0.0005087852478027344,0.0
3447,pop37,5,0.010204267501831055,0.019258578680029496
3447,pop33,1,0.0005190372467041016,0.0
3447,pop50,1,0.0007522106170654297,0.0
3447,pop16,1,0.0004992485046386719,0.0
3448,pop55,5,0.010558414459228515,0.019965377360470944
3448,pop50,1,0.0007228851318359375,0.0
3448,pop14,1,0.0005528926849365234,0.0
3448,pop24,1,0.0005202293395996094,0.0
3449,pop41,2,0.02907252311706543,0.028435707092285156
3449,pop53,2,0.02815258502960205,0.02748095989227295
3449,pop50,2,0.0008016824722290039,2.682209014892578e-05
3449,pop17,3,0.0005586147308349609,4.518309905904676e-05
3449,pop16,1,0.00048828125,0.0
3450,pop6,5,0.01274104118347168,0.024333390800241994
3450,pop1,1,0.0005307197570800781,0.0
3450,pop53,1,0.0007183551788330078,0.0
3450,pop50,1,0.0007452964782714844,0.0
3450,pop44,1,0.0005550384521484375,0.0
3451,pop9,4,0.013744592666625977,0.02282617678030452
3451,pop51,1,0.0006263256072998047,0.0
3451,pop50,1,0.0007126331329345703,0.0
3451,pop44,1,0.0005304813385009766,0.0
3452,pop44,3,0.04116161664326986,0.028636838312717138
3452,pop50,2,0.0006642341613769531,4.100799560546875e-05
3452,pop17,2,0.0006768703460693359,0.00011897087097167969
3452,pop53,1,0.0007100105285644531,0.0
3452,pop47,1,0.00046634674072265625,0.0
3453,pop14,2,0.0328446626663208,0.03217041492462158
3453,pop24,3,0.0005311171213785807,3.685673290178979e-05
3453,pop23,1,0.0005409717559814453,0.0
3453,pop16,1,0.0005016326904296875,0.0
3454,pop18,3,0.02087744077046712,0.028745709478223566
3454,pop38,3,0.0006205240885416666,0.00012088963577798678
3454,pop19,1,0.0005488395690917969,0.0
3454,pop51,1,0.0006139278411865234,0.0
3454,pop50,1,0.0008015632629394531,0.0
3454,pop35,1,0.00047469139099121094,0.0
3455,pop21,2,0.03356039524078369,0.032914042472839355
3455,pop23,2,0.03411722183227539,0.03358030319213867
3455,pop24,3,0.0006411075592041016,0.00014365347575464376
3455,pop14,1,0.0005841255187988281,0.0
3455,pop50,1,0.0007052421569824219,0.0
3455,pop53,1,0.0006532669067382812,0.0
3455,pop47,1,0.0005884170532226562,0.0
3456,pop30,2,0.02637195587158203,0.02573394775390625
3456,pop48,2,0.03470754623413086,0.034188032150268555
3456,pop49,2,0.03389120101928711,0.033382415771484375
3456,pop2,1,0.07071852684020996,0.0
3456,pop52,3,0.020606438318888348,0.02827098646246716
3456,pop13,2,0.0328526496887207,0.03240656852722168
3456,pop37,2,0.0007621049880981445,0.00013530254364013672
3456,pop53,1,0.0007083415985107422,0.0
3456,pop1,1,0.0005948543548583984,0.0
3456,pop6,1,0.0004699230194091797,0.0
3457,pop52,2,0.028902053833007812,0.028183937072753906
3457,pop37,2,0.027266979217529297,0.026785612106323242
3457,pop33,2,0.000518798828125,2.6226043701171875e-06
3457,pop32,2,0.0007038116455078125,0.00020623207092285156
3457,pop50,1,0.0007755756378173828,0.0
3457,pop14,1,0.0005815029144287109,0.0
3457,pop24,1,0.0006635189056396484,0.0
3458,pop32,5,0.013712072372436523,0.02620068453716186
3458,pop33,1,0.0004947185516357422,0.0
3458,pop50,1,0.0006356239318847656,0.0
3458,pop53,1,0.0006277561187744141,0.0
3458,pop52,1,0.000583648681640625,0.0
3459,pop28,2,0.026934146881103516,0.026336193084716797
3459,pop51,1,0.0007178783416748047,0.0
3459,pop53,3,0.0007404486338297526,0.00010988938507522289
3459,pop50,1,0.0008492469787597656,0.0
3459,pop55,1,0.0005059242248535156,0.0
3460,pop22,4,0.013379871845245361,0.02222342538526718
3460,pop51,1,0.0006697177886962891,0.0
3461,pop40,4,0.014030218124389648,0.02322752809250127
3461,pop41,1,0.0004703998565673828,0.0
3461,pop53,1,0.0007317066192626953,0.0
3461,pop50,1,0.0006814002990722656,0.0
3461,pop14,1,0.0005736351013183594,0.0
3461,pop24,1,0.0005269050598144531,0.0
3462,pop41,2,0.029274463653564453,0.02860569953918457
3462,pop53,4,0.03122657537460327,0.030790740959908552
3462,pop51,6,0.0006629625956217448,5.232453490949909e-05
3462,pop10,1,0.05890393257141113,0.0
3462,pop47,2,0.027977585792541504,0.02750265598297119
3462,pop54,2,0.031921982765197754,0.03140461444854736
3462,pop4,1,0.07016301155090332,0.0
3462,pop19,2,0.0005769729614257812,5.245208740234375e-06
3462,pop20,2,0.0006282329559326172,0.00012421607971191406
3463,pop44,3,0.04177395502726237,0.029055878739428165
3463,pop50,2,0.0007942914962768555,0.00013744831085205078
3463,pop17,2,0.0007147789001464844,3.5762786865234375e-05
3463,pop51,1,0.0006430149078369141,0.0
3463,pop10,1,0.0004899501800537109,0.0
3464,pop8,2,0.029433250427246094,0.0287933349609375
3464,pop51,2,0.00066375732421875,0.00010442733764648438
3464,pop9,3,0.0004894733428955078,9.024282321672508e-06
3465,pop48,4,0.016620218753814697,0.027600378635836822
3465,pop52,1,0.0009331703186035156,0.0
3465,pop51,1,0.0006871223449707031,0.0
3465,pop19,1,0.0005729198455810547,0.0
3465,pop20,1,0.0004839897155761719,0.0
3466,pop27,5,0.014632081985473633,0.028084615759239272
3466,pop25,1,0.0005128383636474609,0.0
3466,pop17,1,0.0005319118499755859,0.0
3466,pop50,1,0.0008511543273925781,0.0
3466,pop51,1,0.0006506443023681641,0.0
3466,pop19,1,0.0005753040313720703,0.0
3466,pop20,1,0.00048279762268066406,0.0
3467,pop46,2,0.03093397617340088,0.0302962064743042
3467,pop45,1,0.0006456375122070312,0.0
3467,pop44,2,0.0005559921264648438,4.553794860839844e-05
3467,pop50,3,0.0008739630381266276,0.000226217258076451
3467,pop27,1,0.0004951953887939453,0.0
3467,pop25,1,0.0005407333374023438,0.0
3467,pop17,1,0.07183575630187988,0.0
3467,pop14,2,0.03698086738586426,0.03637981414794922
3467,pop24,4,0.0006336569786071777,0.00015096503414357515
3467,pop51,1,0.0007574558258056641,0.0
3467,pop10,1,0.00048542022705078125,0.0
3468,pop9,5,0.011693763732910156,0.022197781508706937
3468,pop51,1,0.0007085800170898438,0.0
3468,pop50,1,0.0008304119110107422,0.0
3468,pop55,1,0.0004596710205078125,0.0
3469,pop22,5,0.011020898818969727,0.02088544269401345
3469,pop51,1,0.0006582736968994141,0.0
3469,pop53,1,0.0007677078247070312,0.0
3469,pop7,1,0.00045013427734375,0.0
3470,pop4,2,0.028306007385253906,0.027646780014038086
3470,pop51,1,0.000957489013671875,0.0
3470,pop53,2,0.0006682872772216797,1.3113021850585938e-05
3470,pop50,2,0.0008034706115722656,0.00011348724365234375
3470,pop17,3,0.0006814002990722656,5.753878949807472e-05
3470,pop7,1,0.0004987716674804688,0.0
3471,pop10,2,0.02912890911102295,0.028456568717956543
3471,pop51,3,0.0008464654286702474,0.00014530555653468295
3471,pop43,2,0.0005029439926147461,1.609325408935547e-05
3471,pop40,2,0.0004971027374267578,1.33514404296875e-05
3471,pop41,2,0.0005316734313964844,2.1457672119140625e-06
3471,pop53,2,0.0008836984634399414,0.0001386404037475586
3471,pop50,3,0.0007461706797281901,9.370493873483869e-05
3471,pop17,2,0.03661501407623291,0.036017537117004395
3471,pop25,1,0.0006544589996337891,0.0
3471,pop14,2,0.03929638862609863,0.03865981101989746
3471,pop24,4,0.0005712509155273438,6.286230360140393e-05
3472,pop47,2,0.025075793266296387,0.024428963661193848
3472,pop53,2,0.0007576942443847656,9.298324584960938e-06
3472,pop54,2,0.0298081636428833,0.02927076816558838
3472,pop52,2,0.00070953369140625,0.00013589859008789062
3472,pop51,1,0.0007939338684082031,0.0
3472,pop10,1,0.0005283355712890625,0.0
3473,pop24,6,0.023729483286539715,0.03264076267943956
3473,pop23,3,0.04480282465616862,0.03132204021472689
3473,pop14,1,0.0005698204040527344,0.0
3473,pop50,1,0.0007202625274658203,0.0
3473,pop51,1,0.0006530284881591797,0.0
3473,pop10,1,0.00048661231994628906,0.0
3474,pop39,2,0.028615593910217285,0.028002142906188965
3474,pop44,2,0.0005862712860107422,5.2928924560546875e-05
3474,pop50,2,0.0007290840148925781,4.482269287109375e-05
3474,pop17,4,0.0007023811340332031,0.00025004375107775986
3474,pop25,1,0.0004744529724121094,0.0
3474,pop27,1,0.0004887580871582031,0.0
3474,pop53,1,0.00078582763671875,0.0
3474,pop47,1,0.0004677772521972656,0.0
3475,pop42,2,0.027992606163024902,0.027396321296691895
3475,pop43,3,0.0005861123402913412,2.837770954579735e-05
3475,pop51,4,0.0006352066993713379,3.9917271101972215e-05
3475,pop4,1,0.06084942817687988,0.0
3475,pop19,2,0.0005445480346679688,1.7881393432617188e-05
3475,pop20,1,0.06469106674194336,0.0
3475,pop40,3,0.0005817413330078125,7.939111956470124e-05
3475,pop10,1,0.0005156993865966797,0.0
3476,pop44,2,0.031198740005493164,0.03055286407470703
3476,pop50,2,0.0007261037826538086,2.110004425048828e-05
3476,pop17,3,0.0006583531697591146,0.00010745112705773537
3476,pop53,1,0.0005867481231689453,0.0
3476,pop1,1,0.0005223751068115234,0.0
3476,pop15,1,0.00044226646423339844,0.0
3477,pop48,2,0.031450510025024414,0.030803918838500977
3477,pop52,4,0.015652775764465332,0.02602941125016363
3477,pop54,3,0.03867697715759277,0.027013601915927225
3477,pop53,1,0.000644683837890625,0.0
3477,pop7,1,0.0004544258117675781,0.0
3478,pop45,2,0.031107306480407715,0.030475974082946777
3478,pop44,1,0.000598907470703125,0.0
3478,pop50,2,0.0008878707885742188,0.00011849403381347656
3478,pop17,2,0.03490304946899414,0.0343630313873291
3478,pop25,1,0.0005025863647460938,0.0
3478,pop27,1,0.0005309581756591797,0.0
3478,pop14,1,0.0005838871002197266,0.0
3478,pop24,3,0.0006531079610188802,0.00014293776539948602
3478,pop23,1,0.0005519390106201172,0.0
3478,pop16,1,0.00046539306640625,0.0
3478,pop55,1,0.0004677772521972656,0.0
3478,pop52,1,0.0009570121765136719,0.0
3478,pop54,1,0.000522613525390625,0.0
3478,pop53,1,0.0007834434509277344,0.0
3478,pop7,1,0.00045299530029296875,0.0
3479,pop31,2,0.027759194374084473,0.02708566188812256
3479,pop17,3,0.0006734530131022135,0.00012661146504333603
3479,pop50,1,0.0008220672607421875,0.0
3479,pop53,1,0.0010864734649658203,0.0
3479,pop51,1,0.0006928443908691406,0.0
3479,pop47,1,0.00046896934509277344,0.0
3480,pop16,2,0.031075239181518555,0.030389785766601562
3480,pop23,3,0.022635539372762043,0.031190972020698503
3480,pop24,2,0.0006650686264038086,0.00015532970428466797
3480,pop14,1,0.0007586479187011719,0.0
3480,pop50,1,0.0008287429809570312,0.0
3480,pop35,1,0.00041866302490234375,0.0
3481,pop33,3,0.021746079126993816,0.029928251244844016
3481,pop32,4,0.0005714297294616699,0.00012399684489364398
3481,pop50,1,0.0007574558258056641,0.0
3481,pop53,1,0.000751495361328125,0.0
3481,pop47,1,0.00048041343688964844,0.0
3482,pop10,4,0.029121696949005127,0.028599797061613443
3482,pop51,1,0.0006163120269775391,0.0
3482,pop53,2,0.0008437633514404297,0.0001461505889892578
3482,pop52,1,0.0005776882171630859,0.0
3482,pop34,1,0.0006499290466308594,0.0
3482,pop35,1,0.0004169940948486328,0.0
3483,pop47,5,0.010060787200927734,0.018976350739673405
3483,pop53,1,0.0006711483001708984,0.0
3483,pop50,1,0.0007164478302001953,0.0
3483,pop44,1,0.0004937648773193359,0.0
3484,pop42,2,0.028825998306274414,0.028186321258544922
3484,pop43,2,0.0005761384963989258,7.49826431274414e-05
3484,pop51,2,0.0007367134094238281,8.177757263183594e-05
3484,pop4,2,0.030153870582580566,0.02964150905609131
3484,pop40,1,0.06119394302368164,0.0
3484,pop41,1,0.0005724430084228516,0.0
3484,pop53,2,0.03075563907623291,0.03002345561981201
3484,pop54,1,0.06082296371459961,0.0
3484,pop52,3,0.0007176399230957031,0.00010076450349083873
3484,pop1,1,0.0005571842193603516,0.0
3484,pop6,1,0.00047469139099121094,0.0
3485,pop14,3,0.04516021410624186,0.03143687967575209
3485,pop50,3,0.0007451375325520834,5.803728336067168e-05
3485,pop51,8,0.0006719231605529785,5.0022148332810136e-05
3485,pop10,2,0.030489683151245117,0.030010461807250977
3485,pop19,3,0.0006914138793945312,0.00018680710600854815
3485,pop46,2,0.0005208253860473633,3.5762786865234375e-07
3485,pop20,2,0.07807552814483643,0.006940722465515137
3485,pop22,1,0.06426239013671875,0.0
3485,pop4,1,0.07217741012573242,0.0
3485,pop43,2,0.0005306005477905273,4.649162292480469e-06
3485,pop40,1,0.07440352439880371,0.0
3485,pop45,1,0.0005059242248535156,0.0
3485,pop44,2,0.042922258377075195,0.042417287826538086
3485,pop17,2,0.0007612705230712891,8.320808410644531e-05
3486,pop21,5,0.014373779296875,0.027640813966155267
3486,pop23,1,0.0005807876586914062,0.0
3486,pop16,1,0.0005066394805908203,0.0
3486,pop50,1,0.0007672309875488281,0.0
3486,pop44,1,0.0005192756652832031,0.0
3487,pop52,3,0.01964227358500163,0.026759260122256524
3487,pop13,3,0.0005579789479573568,5.1494120391456636e-05
3487,pop53,1,0.0006558895111083984,0.0
3487,pop51,1,0.0007367134094238281,0.0
3488,pop32,5,0.013968276977539062,0.02664330468716049
3488,pop33,1,0.0005435943603515625,0.0
3488,pop50,1,0.0007417201995849609,0.0
3488,pop53,1,0.0007655620574951172,0.0
3488,pop1,1,0.0005593299865722656,0.0
3488,pop6,1,0.00045299530029296875,0.0
3489,pop4,4,0.029556751251220703,0.028976182003930852
3489,pop51,1,0.0007157325744628906,0.0
3489,pop53,2,0.000774383544921875,7.62939453125e-06
3489,pop52,1,0.0005462169647216797,0.0
3490,pop10,2,0.029402852058410645,0.02874290943145752
3490,pop51,2,0.0006812810897827148,8.71419906616211e-05
3490,pop4,3,0.0006422201792399088,1.9499213133470688e-05
3490,pop19,1,0.0005462169647216797,0.0
3490,pop20,1,0.00048089027404785156,0.0
3491,pop47,2,0.025368928909301758,0.024774551391601562
3491,pop53,1,0.0010318756103515625,0.0
3491,pop51,2,0.0007044076919555664,3.421306610107422e-05
3491,pop50,7,0.0008248261043003627,0.00013152699431482484
3491,pop14,1,0.0007426738739013672,0.0
3491,pop17,6,0.026071349779764812,0.03606043052353166
3491,pop55,3,0.061938842137654625,0.00255371842777201
3491,pop52,2,0.0005613565444946289,3.826618194580078e-05
3491,pop48,1,0.07483482360839844,0.0
3492,pop57,2,0.03381693363189697,0.03317272663116455
3492,pop56,3,0.0005173683166503906,2.6196405251489146e-05
3492,pop48,1,0.0005159378051757812,0.0
3492,pop52,1,0.0005316734313964844,0.0
3492,pop55,1,0.0004858970642089844,0.0
3493,pop23,2,0.033638596534729004,0.03295934200286865
3493,pop24,4,0.0006219744682312012,0.00012558373327979655
3493,pop14,1,0.0007457733154296875,0.0
3493,pop50,1,0.0008187294006347656,0.0
3493,pop35,1,0.0004215240478515625,0.0
3494,pop28,2,0.027802348136901855,0.02716386318206787
3494,pop51,2,0.0007159709930419922,4.363059997558594e-05
3494,pop4,3,0.0005482037862141927,6.346662968499951e-05
3494,pop50,1,0.0008327960968017578,0.0
3494,pop44,1,0.0005896091461181641,0.0
3495,pop41,2,0.028970956802368164,0.0283353328704834
3495,pop53,2,0.0008085966110229492,0.00017058849334716797
3495,pop54,1,0.000461578369140625,0.0
3495,pop52,2,0.0005873441696166992,4.9233436584472656e-05
3495,pop48,4,0.01741570234298706,0.029260653341372313
3495,pop49,2,0.0005723237991333008,7.045269012451172e-05
3495,pop7,1,0.000583648681640625,0.0
3496,pop33,2,0.033118247985839844,0.032289743423461914
3497,pop14,4,0.03442615270614624,0.03381329878506676
3497,pop24,3,0.0005590915679931641,7.115692929869997e-05
3497,pop50,1,0.00069427490234375,0.0
3497,pop53,1,0.0007350444793701172,0.0
3497,pop7,1,0.0004525184631347656,0.0
3498,pop32,4,0.017373263835906982,0.02904158316860763
3498,pop33,1,0.0005278587341308594,0.0
3498,pop50,1,0.0007784366607666016,0.0
3498,pop53,1,0.0005726814270019531,0.0
3498,pop52,1,0.0005502700805664062,0.0
3499,pop47,2,0.02478170394897461,0.023952722549438477
3499,pop51,2,0.0008332729339599609,0.00013518333435058594
3499,pop53,1,0.0007140636444091797,0.0
3499,pop50,2,0.0008218288421630859,2.9802322387695312e-05
3499,pop17,3,0.0006311734517415365,0.00013095603317187708
3499,pop19,1,0.0005834102630615234,0.0
3499,pop18,1,0.0006513595581054688,0.0
3500,pop9,5,0.011639595031738281,0.02214434352235816
3500,pop51,1,0.0007865428924560547,0.0
3500,pop50,1,0.0008800029754638672,0.0
3500,pop14,1,0.0006182193756103516,0.0
3500,pop24,1,0.0005002021789550781,0.0
3501,pop4,2,0.029102325439453125,0.028471946716308594
3501,pop51,2,0.000632166862487793,2.658367156982422e-05
3501,pop9,4,0.0005201101303100586,4.807919178031525e-05
3501,pop19,1,0.0005927085876464844,0.0
3501,pop20,1,0.00048542022705078125,0.0
3502,pop23,2,0.03287386894226074,0.03221845626831055
3502,pop24,3,0.023965756098429363,0.03268584457810957
3502,pop14,3,0.026792287826538086,0.037090413039007356
3502,pop50,4,0.0008907914161682129,0.00016931768179909566
3502,pop51,1,0.0006070137023925781,0.0
3502,pop19,1,0.0004825592041015625,0.0
3502,pop20,1,0.00045108795166015625,0.0
3502,pop46,1,0.000484466552734375,0.0
3502,pop45,1,0.00048661231994628906,0.0
3502,pop44,2,0.03437364101409912,0.03369271755218506
3502,pop27,1,0.0004894733428955078,0.0
3502,pop25,1,0.0006439685821533203,0.0
3502,pop17,2,0.04023909568786621,0.03951692581176758
3502,pop53,1,0.0007569789886474609,0.0
3502,pop47,1,0.0004608631134033203,0.0
3503,pop33,3,0.02125716209411621,0.02918846709700886
3503,pop32,3,0.0006255308787027994,6.82353066290439e-05
3503,pop50,1,0.0007560253143310547,0.0
3503,pop53,1,0.0007205009460449219,0.0
3503,pop7,1,0.0004494190216064453,0.0
3504,pop50,5,0.01231398582458496,0.023040736193069376
3504,pop17,5,0.029077434539794923,0.03508922152701554
3504,pop25,3,0.0005298455556233724,2.3988695437749516e-05
3504,pop27,2,0.0006330013275146484,5.245208740234375e-06
3504,pop44,1,0.06987285614013672,0.0
3504,pop14,2,0.0007090568542480469,0.00013446807861328125
3504,pop53,1,0.0006475448608398438,0.0
3504,pop7,1,0.0005602836608886719,0.0
3505,pop53,2,0.027940750122070312,0.027144670486450195
3505,pop52,4,0.0005775690078735352,3.278342159165227e-05
3506,pop56,4,0.05110841989517212,0.029155985871576313
3506,pop48,2,0.03304088115692139,0.03250420093536377
3506,pop2,1,0.0004837512969970703,0.0
3506,pop49,3,0.0005861918131510416,9.044297755155691e-05
3506,pop52,1,0.0006256103515625,0.0
3506,pop34,1,0.0006282329559326172,0.0
3506,pop35,1,0.0005414485931396484,0.0
3507,pop36,2,0.028055667877197266,0.027376651763916016
3507,pop10,3,0.0006209214528401693,7.799029313736908e-05
3507,pop51,1,0.0007295608520507812,0.0
3507,pop53,1,0.0007884502410888672,0.0
3507,pop1,1,0.0005643367767333984,0.0
3507,pop15,1,0.0004296302795410156,0.0
3508,pop24,4,0.03657245635986328,0.03598017783033084
3508,pop14,1,0.0005741119384765625,0.0
3508,pop50,2,0.0009227991104125977,0.00014150142669677734
3508,pop51,1,0.0006542205810546875,0.0
3508,pop19,1,0.0004973411560058594,0.0
3508,pop20,1,0.0005307197570800781,0.0
3508,pop46,1,0.0005125999450683594,0.0
3508,pop45,1,0.0006804466247558594,0.0
3508,pop44,1,0.06824779510498047,0.0
3508,pop16,1,0.0004901885986328125,0.0
3508,pop23,2,0.03750908374786377,0.036951661109924316
3508,pop21,2,0.0005019903182983398,1.3113021850585938e-06
3508,pop22,2,0.000548243522644043,5.519390106201172e-05
3509,pop39,2,0.02967202663421631,0.029053568840026855
3509,pop38,2,0.03499555587768555,0.03433680534362793
3509,pop18,1,0.0004706382751464844,0.0
3509,pop19,1,0.0006210803985595703,0.0
3509,pop51,2,0.0006818771362304688,1.71661376953125e-05
3509,pop10,2,0.031019926071166992,0.03050541877746582
3509,pop43,1,0.0005390644073486328,0.0
3509,pop40,2,0.000565648078918457,6.401538848876953e-05
3509,pop41,1,0.0005252361297607422,0.0
3509,pop53,1,0.0007495880126953125,0.0
3509,pop7,1,0.0004134178161621094,0.0
3510,pop14,3,0.022110780080159504,0.030373527884541292
3510,pop24,4,0.0005709528923034668,5.397071401070604e-05
3510,pop50,1,0.0007917881011962891,0.0
3510,pop44,1,0.0005459785461425781,0.0
3511,pop38,4,0.01726365089416504,0.028850550343025076
3511,pop18,1,0.00047850608825683594,0.0
3511,pop19,1,0.0005698204040527344,0.0
3511,pop51,1,0.0005888938903808594,0.0
3511,pop53,1,0.0006127357482910156,0.0
3511,pop1,1,0.0005674362182617188,0.0
3511,pop15,1,0.00044608116149902344,0.0
3512,pop16,2,0.03102254867553711,0.030367136001586914
3512,pop23,1,0.0006139278411865234,0.0
3512,pop24,4,0.0005682110786437988,7.079754800154102e-05
3512,pop14,1,0.0005776882171630859,0.0
3512,pop50,1,0.0007684230804443359,0.0
3512,pop53,1,0.0007321834564208984,0.0
3512,pop7,1,0.0004394054412841797,0.0
3513,pop9,5,0.011942577362060548,0.02275188457754646
3513,pop51,1,0.0007274150848388672,0.0
3513,pop50,1,0.0007441043853759766,0.0
3513,pop55,1,0.0005643367767333984,0.0
3514,pop23,2,0.034090280532836914,0.0334012508392334
3514,pop24,3,0.0006996790568033854,0.0001698219164162542
3514,pop14,1,0.00057220458984375,0.0
3514,pop50,1,0.0010704994201660156,0.0
3514,pop44,1,0.0005650520324707031,0.0
3514,pop45,1,0.00048613548278808594,0.0
3514,pop46,1,0.0004906654357910156,0.0
3514,pop20,1,0.0004773139953613281,0.0
3515,pop14,2,0.03389179706573486,0.03323161602020264
3515,pop24,4,0.0005362033843994141,2.0396287920423742e-05
3515,pop23,1,0.0005340576171875,0.0
3515,pop16,1,0.00047135353088378906,0.0
3516,pop37,4,0.013019382953643799,0.02149660530299408
3516,pop52,1,0.0005347728729248047,0.0
3516,pop53,1,0.0007238388061523438,0.0
3516,pop1,1,0.0005249977111816406,0.0
3516,pop15,1,0.0004322528839111328,0.0
3517,pop55,2,0.0265883207321167,0.02592480182647705
3517,pop52,3,0.0006937185923258463,0.00018705456604277968
3517,pop53,1,0.0007278919219970703,0.0
3517,pop51,1,0.0007390975952148438,0.0
3517,pop19,1,0.0007026195526123047,0.0
3517,pop20,1,0.0005214214324951172,0.0
3518,pop6,5,0.013585233688354492,0.02601342287175145
3518,pop1,1,0.0006077289581298828,0.0
3518,pop53,1,0.0006382465362548828,0.0
3518,pop50,1,0.0008137226104736328,0.0
3518,pop16,1,0.0004911422729492188,0.0
3519,pop18,3,0.022043863932291668,0.030403394439705078
3519,pop38,1,0.06838679313659668,0.0
3519,pop39,1,0.00046062469482421875,0.0
3519,pop44,1,0.06734085083007812,0.0
3519,pop27,1,0.0005741119384765625,0.0
3519,pop25,1,0.0005230903625488281,0.0
3519,pop17,3,0.0006365776062011719,9.659591820970742e-05
3519,pop50,1,0.0011973381042480469,0.0
3519,pop53,1,0.0005862712860107422,0.0
3519,pop51,1,0.0008466243743896484,0.0
3519,pop19,1,0.0005559921264648438,0.0
3520,pop30,2,0.02749168872833252,0.026877760887145996
3520,pop48,4,0.0005794763565063477,7.274590006687221e-05
3520,pop52,1,0.0005304813385009766,0.0
3520,pop34,1,0.0004458427429199219,0.0
3520,pop35,1,0.0005762577056884766,0.0
3521,pop21,4,0.017588317394256592,0.02946248357414886
3521,pop23,1,0.0006084442138671875,0.0
3521,pop16,1,0.0004966259002685547,0.0
3521,pop50,1,0.0007948875427246094,0.0
3521,pop51,1,0.0006663799285888672,0.0
3522,pop52,4,0.014860451221466064,0.024536305896206312
3522,pop53,1,0.0006966590881347656,0.0
3522,pop50,1,0.0008111000061035156,0.0
3522,pop14,1,0.0005540847778320312,0.0
3522,pop24,1,0.000507354736328125,0.0
3523,pop38,5,0.013711500167846679,0.026259949054131322
3523,pop18,1,0.0005164146423339844,0.0
3523,pop19,1,0.0005910396575927734,0.0
3523,pop51,1,0.0007200241088867188,0.0
3523,pop50,1,0.0007739067077636719,0.0
3523,pop55,1,0.0005164146423339844,0.0
3524,pop14,4,0.017623424530029297,0.02928291918958629
3524,pop27,1,0.07386040687561035,0.0
3524,pop25,1,0.0005500316619873047,0.0
3524,pop17,1,0.07261157035827637,0.0
3524,pop50,2,0.0008045434951782227,6.794929504394531e-06
3524,pop24,4,0.0006414651870727539,0.00011622526700613151
3524,pop53,1,0.0011816024780273438,0.0
3524,pop51,1,0.000797271728515625,0.0
3524,pop47,1,0.0004711151123046875,0.0
3525,pop40,2,0.02908182144165039,0.02844715118408203
3525,pop41,1,0.0005428791046142578,0.0
3525,pop53,2,0.03043043613433838,0.029779791831970215
3525,pop54,1,0.057172298431396484,0.0
3525,pop52,4,0.0006762146949768066,8.041501620447152e-05
3525,pop51,1,0.0007221698760986328,0.0
3526,pop47,2,0.02500903606414795,0.02437460422515869
3526,pop53,3,0.0007536411285400391,3.099869429565821e-05
3526,pop52,1,0.0006346702575683594,0.0
3527,pop16,2,0.031700968742370605,0.03104078769683838
3527,pop50,2,0.0007318258285522461,6.282329559326172e-05
3527,pop33,2,0.0005753040313720703,0.00010561943054199219
3527,pop37,4,0.01425325870513916,0.023770234611809184
3527,pop53,1,0.0010137557983398438,0.0
3527,pop54,1,0.00047969818115234375,0.0
3527,pop52,4,0.018310725688934326,0.030645290083786535
3527,pop13,1,0.07330513000488281,0.0
3527,pop34,1,0.00046372413635253906,0.0
3527,pop35,1,0.00044035911560058594,0.0
3528,pop9,5,0.011447429656982422,0.02181587104987965
3528,pop51,1,0.0006008148193359375,0.0
3528,pop19,1,0.0005769729614257812,0.0
3528,pop20,1,0.0006737709045410156,0.0
3529,pop52,4,0.015055537223815918,0.024865083922712885
3529,pop53,1,0.0007572174072265625,0.0
3529,pop7,1,0.0004737377166748047,0.0
3530,pop38,2,0.03407859802246094,0.03341102600097656
3530,pop18,1,0.0005211830139160156,0.0
3530,pop19,2,0.0005846023559570312,2.3126602172851562e-05
3530,pop20,1,0.0658259391784668,0.0
3530,pop51,2,0.0007100105285644531,1.9550323486328125e-05
3530,pop4,2,0.03194403648376465,0.03142094612121582
3530,pop47,3,0.00046634674072265625,2.9794374041804467e-05
3531,pop8,2,0.02890598773956299,0.028311848640441895
3531,pop51,1,0.0007164478302001953,0.0
3531,pop19,1,0.0005605220794677734,0.0
3531,pop20,3,0.022568543752034504,0.031228746807024966
3531,pop46,2,0.0004805326461791992,4.887580871582031e-06
3531,pop45,2,0.0005660057067871094,9.870529174804688e-05
3531,pop44,3,0.0006204446156819662,0.00010453222060145574
3532,pop27,4,0.01780480146408081,0.029726734511142834
3532,pop25,1,0.0005643367767333984,0.0
3532,pop17,1,0.0005743503570556641,0.0
3532,pop50,1,0.0008404254913330078,0.0
3532,pop53,1,0.0007021427154541016,0.0
3532,pop47,1,0.00046634674072265625,0.0
3533,pop46,2,0.030025362968444824,0.029380202293395996
3533,pop20,3,0.000599066416422526,8.715437457410219e-05
3533,pop19,1,0.0005719661712646484,0.0
3533,pop51,1,0.0006878376007080078,0.0
3533,pop47,1,0.0006136894226074219,0.0
3534,pop22,5,0.011591339111328125,0.02187733468405947
3534,pop21,1,0.0004730224609375,0.0
3534,pop23,1,0.0005464553833007812,0.0
3534,pop24,1,0.0006520748138427734,0.0
3535,pop4,2,0.030577540397644043,0.02988564968109131
3535,pop51,1,0.0006096363067626953,0.0
3535,pop53,3,0.0007802645365397135,0.00012559875258804127
3535,pop50,1,0.0007982254028320312,0.0
3535,pop55,1,0.000621795654296875,0.0
3536,pop6,5,0.013369607925415038,0.02560622443930412
3536,pop1,1,0.0005621910095214844,0.0
3536,pop53,1,0.0007042884826660156,0.0
3536,pop50,2,0.0007688999176025391,2.6226043701171875e-05
3536,pop14,1,0.0008921623229980469,0.0
3536,pop16,1,0.0005083084106445312,0.0
3536,pop23,1,0.0005695819854736328,0.0
3536,pop24,1,0.0004911422729492188,0.0
3537,pop18,2,0.03187525272369385,0.031231045722961426
3537,pop19,2,0.0005593299865722656,1.1444091796875e-05
3537,pop20,4,0.0005217194557189941,3.9160705227017366e-05
3537,pop51,1,0.0006611347198486328,0.0
3538,pop44,5,0.01329803466796875,0.02536904719784796
3538,pop50,1,0.0007865428924560547,0.0
3538,pop14,1,0.0005848407745361328,0.0
3538,pop24,1,0.0005381107330322266,0.0
3539,pop48,4,0.016088485717773438,0.02672811331383248
3539,pop52,1,0.0005841255187988281,0.0
3539,pop53,1,0.0007793903350830078,0.0
3539,pop50,1,0.000728607177734375,0.0
3539,pop14,1,0.00057220458984375,0.0
3539,pop24,1,0.0005025863647460938,0.0
3540,pop50,2,0.03026294708251953,0.029470205307006836
3540,pop44,2,0.031032443046569824,0.03051578998565674
3540,pop27,1,0.00047707557678222656,0.0
3540,pop25,2,0.0005844831466674805,7.832050323486328e-05
3540,pop17,2,0.03670668601989746,0.03589653968811035
3540,pop31,1,0.00046372413635253906,0.0
3540,pop30,1,0.0004894733428955078,0.0
3540,pop48,1,0.0005614757537841797,0.0
3540,pop52,4,0.0007370114326477051,0.00013036530547873648
3540,pop53,2,0.036534667015075684,0.035680174827575684
3540,pop47,1,0.0004665851593017578,0.0
3541,pop53,3,0.01900021235148112,0.025812823557325493
3541,pop54,2,0.028057575225830078,0.027532339096069336
3541,pop52,1,0.0006909370422363281,0.0
3541,pop55,2,0.029326319694519043,0.028826594352722168
3541,pop50,2,0.0008113384246826172,2.193450927734375e-05
3541,pop17,2,0.0006718635559082031,8.392333984375e-05
3541,pop7,1,0.00042247772216796875,0.0
3542,pop56,2,0.034467101097106934,0.03380429744720459
3542,pop48,3,0.0006590684254964193,8.819561252570235e-05
3542,pop52,1,0.0005233287811279297,0.0
3542,pop53,1,0.0007581710815429688,0.0
3542,pop1,1,0.0005571842193603516,0.0
3542,pop6,1,0.0004749298095703125,0.0
3543,pop36,2,0.028176426887512207,0.027542471885681152
3543,pop51,2,0.000786900520324707,4.7087669372558594e-05
3543,pop9,4,0.0005156397819519043,6.679260962557034e-05
3543,pop19,1,0.0006134510040283203,0.0
3543,pop18,1,0.0005052089691162109,0.0
3544,pop24,6,0.012639721234639486,0.026891638003549632
3544,pop23,1,0.0684206485748291,0.0
3544,pop14,1,0.000576019287109375,0.0
3544,pop50,1,0.0007429122924804688,0.0
3544,pop53,1,0.0010471343994140625,0.0
3544,pop51,1,0.0006871223449707031,0.0
3544,pop47,1,0.00043654441833496094,0.0
3545,pop39,2,0.02920091152191162,0.028545022010803223
3545,pop38,1,0.0677793025970459,0.0
3545,pop18,1,0.0005283355712890625,0.0
3545,pop19,1,0.0005304813385009766,0.0
3545,pop51,3,0.0006698767344156901,3.947793807411829e-05
3545,pop10,1,0.062390804290771484,0.0
3545,pop4,1,0.06312084197998047,0.0
3545,pop22,3,0.0006309350331624349,0.00023360757482063167
3545,pop21,1,0.0005202293395996094,0.0
3545,pop23,1,0.0007548332214355469,0.0
3545,pop16,1,0.000469207763671875,0.0
3545,pop50,1,0.0006768703460693359,0.0
3545,pop53,1,0.0007023811340332031,0.0
3545,pop1,1,0.0005497932434082031,0.0
3545,pop6,1,0.0004951953887939453,0.0
3546,pop52,4,0.01498192548751831,0.02464155811895158
3546,pop54,4,0.029488027095794678,0.02898011178573225
3546,pop53,2,0.03151512145996094,0.030884981155395508
3546,pop47,1,0.00045990943908691406,0.0
3547,pop6,3,0.04359642664591471,0.030392751851904518
3547,pop1,1,0.000560760498046875,0.0
3547,pop53,1,0.0007312297821044922,0.0
3547,pop50,3,0.0007743040720621744,9.307944654828275e-05
3547,pop17,1,0.07222318649291992,0.0
3547,pop14,2,0.0006418228149414062,5.626678466796875e-05
3547,pop51,1,0.000997304916381836,0.0
3547,pop43,1,0.0005178451538085938,0.0
3547,pop11,1,0.0004410743713378906,0.0
3547,pop10,1,0.0004773139953613281,0.0
3548,pop18,3,0.02196224530537923,0.03020885534580588
3548,pop38,2,0.034975290298461914,0.03450632095336914
3548,pop19,2,0.0005919933319091797,1.1920928955078125e-05
3548,pop20,2,0.033408164978027344,0.03291940689086914
3548,pop51,5,0.0007144451141357422,6.330767099930107e-05
3548,pop10,4,0.03332984447479248,0.032873084657156756
3548,pop43,2,0.0005413293838500977,2.110004425048828e-05
3548,pop40,1,0.0650947093963623,0.0
3548,pop4,1,0.0715172290802002,0.0
3549,pop45,3,0.02187188466389974,0.03008996957099882
3549,pop44,1,0.06593108177185059,0.0
3549,pop46,1,0.0005166530609130859,0.0
3549,pop20,1,0.0005083084106445312,0.0
3549,pop19,1,0.0005855560302734375,0.0
3549,pop51,1,0.0007066726684570312,0.0
3549,pop50,1,0.0007796287536621094,0.0
3549,pop55,1,0.05918598175048828,0.0
3549,pop52,2,0.0005432367324829102,1.1920928955078125e-07
3549,pop48,3,0.025131702423095703,0.034807907736843315
3549,pop49,3,0.0005501111348470052,7.981726407309873e-05
3550,pop31,2,0.0287855863571167,0.028147339820861816
3550,pop30,1,0.0006136894226074219,0.0
3550,pop48,2,0.03432166576385498,0.03383219242095947
3550,pop49,2,0.03590524196624756,0.035436034202575684
3550,pop2,3,0.0005873839060465494,8.77203986963458e-05
3550,pop52,1,0.0006315708160400391,0.0
3550,pop34,1,0.0004761219024658203,0.0
3550,pop35,1,0.0004971027374267578,0.0
3551,pop42,2,0.029181718826293945,0.028576374053955078
3551,pop43,1,0.0005619525909423828,0.0
3551,pop51,3,0.0007194677988688151,8.280057533788933e-05
3551,pop10,1,0.060775041580200195,0.0
3551,pop50,4,0.0009123086929321289,0.0002485999053109241
3551,pop14,1,0.0009179115295410156,0.0
3551,pop17,3,0.02506415049235026,0.03453370169928511
3551,pop16,2,0.0005383491516113281,7.62939453125e-06
3551,pop23,2,0.0005892515182495117,3.325939178466797e-05
3552,pop23,6,0.023087342580159504,0.03174118725671768
3552,pop24,1,0.0744166374206543,0.0
3552,pop16,1,0.00047206878662109375,0.0
3552,pop50,1,0.0007126331329345703,0.0
3552,pop51,1,0.0006997585296630859,0.0
3552,pop19,1,0.00070953369140625,0.0
3552,pop18,1,0.00047659873962402344,0.0
3553,pop8,2,0.028258442878723145,0.02761375904083252
3553,pop51,3,0.0007299582163492838,2.6493681661183203e-05
3553,pop10,2,0.030977606773376465,0.030459046363830566
3553,pop4,2,0.0006082057952880859,8.797645568847656e-05
3553,pop50,1,0.0008702278137207031,0.0
3553,pop14,1,0.0005481243133544922,0.0
3553,pop24,1,0.0006620883941650391,0.0
3554,pop46,3,0.02147785822550456,0.029547083076682294
3554,pop20,3,0.022559086481730144,0.031129898853435523
3554,pop45,1,0.0004990100860595703,0.0
3554,pop44,2,0.0005744695663452148,7.045269012451172e-05
3554,pop50,1,0.0008542537689208984,0.0
3554,pop55,1,0.0005083084106445312,0.0
3555,pop22,5,0.011580562591552735,0.021922398642921774
3555,pop51,1,0.0007462501525878906,0.0
3555,pop53,1,0.0007565021514892578,0.0
3555,pop7,1,0.00045800209045410156,0.0
3556,pop56,2,0.03359377384185791,0.03289926052093506
3556,pop2,2,0.03536951541900635,0.03483712673187256
3556,pop49,1,0.0004699230194091797,0.0
3556,pop48,1,0.000568389892578125,0.0
3556,pop52,3,0.0006628036499023438,8.899945530495203e-05
3556,pop53,1,0.0007886886596679688,0.0
3556,pop1,1,0.0007135868072509766,0.0
3556,pop6,1,0.0005061626434326172,0.0
3557,pop24,2,0.03590559959411621,0.035248756408691406
3557,pop23,1,0.0005223751068115234,0.0
3557,pop21,1,0.0709526538848877,0.0
3557,pop22,4,0.0005273818969726562,8.197803644847393e-05
3557,pop51,1,0.0006837844848632812,0.0
3557,pop50,1,0.0008530616760253906,0.0
3557,pop44,1,0.0005517005920410156,0.0
3558,pop52,3,0.01967279116312663,0.02690546142752776
3558,pop48,5,0.012921905517578125,0.024659556766867083
3558,pop56,1,0.06925749778747559,0.0
3558,pop53,1,0.0007905960083007812,0.0
3558,pop50,1,0.0008573532104492188,0.0
3558,pop16,1,0.00047898292541503906,0.0
3559,pop10,4,0.030280232429504395,0.02970708803843383
3559,pop51,2,0.000652313232421875,7.152557373046875e-07
3559,pop4,2,0.0006290674209594727,0.00012099742889404297
3559,pop50,1,0.0007951259613037109,0.0
3559,pop55,1,0.0006325244903564453,0.0
3560,pop37,3,0.03528634707132975,0.02448708697910421
3560,pop33,2,0.0005049705505371094,1.430511474609375e-06
3560,pop32,3,0.0005905628204345703,0.0001316624734364526
3560,pop50,1,0.0007495880126953125,0.0
3560,pop35,1,0.0004286766052246094,0.0
3561,pop55,3,0.0187381108601888,0.02559168441141722
3561,pop52,2,0.0005512237548828125,5.817413330078125e-05
3561,pop48,2,0.03319549560546875,0.03266119956970215
3561,pop49,4,0.017456114292144775,0.029372260145415163
3561,pop2,2,0.03615546226501465,0.035675764083862305
3562,pop30,2,0.027089476585388184,0.02645409107208252
3562,pop48,4,0.0005772709846496582,7.602812514819401e-05
3562,pop52,1,0.000621795654296875,0.0
3562,pop34,1,0.0004565715789794922,0.0
3562,pop35,1,0.00041103363037109375,0.0
3563,pop21,2,0.03505218029022217,0.034398674964904785
3563,pop23,1,0.0005362033843994141,0.0
3563,pop24,4,0.0006745457649230957,0.00013916196273856078
3563,pop14,1,0.0005545616149902344,0.0
3563,pop50,1,0.0007340908050537109,0.0
3563,pop35,1,0.0004315376281738281,0.0
3564,pop14,3,0.023253997166951496,0.03195773622094769
3564,pop24,4,0.018771886825561523,0.031531920651722695
3564,pop23,2,0.035208821296691895,0.03464829921722412
3564,pop21,2,0.0375598669052124,0.03704202175140381
3564,pop50,1,0.0008060932159423828,0.0
3564,pop51,1,0.0006821155548095703,0.0
3565,pop44,6,0.021605730056762695,0.029623122142074035
3565,pop50,3,0.0007425944010416666,3.302840800617459e-05
3565,pop17,1,0.07072973251342773,0.0
3565,pop53,1,0.0007421970367431641,0.0
3565,pop52,1,0.0005877017974853516,0.0
3566,pop50,5,0.012980031967163085,0.024178551408953784
3566,pop44,1,0.0006608963012695312,0.0
3566,pop17,2,0.035031914710998535,0.03450214862823486
3566,pop33,2,0.0006328821182250977,8.380413055419922e-05
3566,pop32,3,0.0007112820943196615,0.00015092659797514115
3566,pop35,1,0.0004477500915527344,0.0
3567,pop36,2,0.02733445167541504,0.026681900024414062
3567,pop10,4,0.0005670785903930664,6.712774487868722e-05
3567,pop51,1,0.0006473064422607422,0.0
3567,pop50,1,0.0007891654968261719,0.0
3567,pop44,1,0.0005106925964355469,0.0
3568,pop18,2,0.032205939292907715,0.03155720233917236
3568,pop19,1,0.0005221366882324219,0.0
3568,pop51,3,0.0006661415100097656,8.721037463270132e-06
3568,pop10,3,0.02079947789510091,0.028666893777422875
3568,pop4,2,0.0006297826766967773,0.00015151500701904297
3568,pop50,1,0.0008382797241210938,0.0
3568,pop35,1,0.00043654441833496094,0.0
3569,pop31,2,0.02801835536956787,0.02736508846282959
3569,pop17,1,0.07243156433105469,0.0
3569,pop25,1,0.0005295276641845703,0.0
3569,pop27,1,0.0005586147308349609,0.0
3569,pop14,2,0.0005996227264404297,2.384185791015625e-07
3569,pop24,1,0.08041715621948242,0.0
3569,pop50,1,0.001135110855102539,0.0
3569,pop53,1,0.0007255077362060547,0.0
3569,pop52,3,0.0005892117818196615,3.127395876428056e-05
3569,pop55,4,0.01618516445159912,0.02711430109562802
3569,pop54,2,0.0005919933319091797,4.482269287109375e-05
3570,pop57,2,0.034942626953125,0.034352779388427734
3570,pop56,3,0.0005546410878499349,9.57224780086024e-05
3570,pop48,1,0.0005028247833251953,0.0
3570,pop52,1,0.0006353855133056641,0.0
3570,pop53,1,0.0007665157318115234,0.0
3570,pop1,1,0.0005767345428466797,0.0
3570,pop15,1,0.0004420280456542969,0.0
3571,pop28,2,0.027307629585266113,0.026687979698181152
3571,pop51,2,0.0006852149963378906,2.7894973754882812e-05
3571,pop9,4,0.0005450844764709473,9.051704694481373e-05
3571,pop50,1,0.0007169246673583984,0.0
3571,pop16,1,0.0004994869232177734,0.0
3572,pop41,2,0.029407262802124023,0.028717517852783203
3572,pop53,2,0.0008273124694824219,0.00022649765014648438
3572,pop54,1,0.0005145072937011719,0.0
3572,pop52,2,0.0005354881286621094,9.059906005859375e-06
3572,pop12,3,0.0005500316619873047,8.24840996741959e-05
3572,pop1,1,0.0005323886871337891,0.0
3572,pop15,1,0.0004546642303466797,0.0
3573,pop32,5,0.014736461639404296,0.02826892651043705
3573,pop33,1,0.0005192756652832031,0.0
3573,pop50,1,0.0008778572082519531,0.0
3573,pop53,1,0.0007874965667724609,0.0
3573,pop1,1,0.0005273818969726562,0.0
3573,pop6,1,0.0004582405090332031,0.0
3574,pop40,2,0.02958691120147705,0.028916001319885254
3574,pop41,1,0.0005285739898681641,0.0
3574,pop53,3,0.0006985664367675781,4.3853898829082806e-05
3574,pop52,2,0.0005894899368286133,2.396106719970703e-05
3574,pop12,4,0.000546872615814209,7.286162568539018e-05
3574,pop1,1,0.0008885860443115234,0.0
3574,pop7,1,0.000446319580078125,0.0
3574,pop6,1,0.0004773139953613281,0.0
3575,pop47,4,0.01341867446899414,0.02220214580368499
3575,pop53,1,0.0007672309875488281,0.0
3575,pop50,1,0.0006926059722900391,0.0
3575,pop14,1,0.0007197856903076172,0.0
3575,pop24,1,0.0004673004150390625,0.0
3576,pop38,3,0.04535738627115885,0.03162297077370946
3576,pop18,1,0.00047206878662109375,0.0
3576,pop19,2,0.0005946159362792969,1.3113021850585938e-05
3576,pop20,2,0.0006617307662963867,1.537799835205078e-05
3576,pop51,1,0.0007243156433105469,0.0
3576,pop53,1,0.0006389617919921875,0.0
3576,pop7,1,0.00043845176696777344,0.0
3577,pop22,4,0.014474093914031982,0.024042940910665327
3577,pop21,1,0.0004646778106689453,0.0
3577,pop23,1,0.0006623268127441406,0.0
3577,pop24,1,0.0005617141723632812,0.0
3578,pop37,5,0.010920143127441407,0.02069436228581106
3578,pop33,1,0.0005488395690917969,0.0
3578,pop50,1,0.000705718994140625,0.0
3578,pop44,1,0.0004937648773193359,0.0
3579,pop55,2,0.027577638626098633,0.026917457580566406
3579,pop52,5,0.0006818294525146485,0.00010190205311098574
3579,pop54,1,0.05726218223571777,0.0
3579,pop53,1,0.0007548332214355469,0.0
3579,pop51,1,0.0006275177001953125,0.0
3579,pop19,1,0.0007579326629638672,0.0
3579,pop18,1,0.00045418739318847656,0.0
3580,pop14,5,0.013909292221069337,0.026607969944722393
3580,pop24,1,0.0006849765777587891,0.0
3581,pop50,4,0.015848755836486816,0.025677039461669653
3581,pop17,3,0.024385770161946613,0.033679996522126214
3581,pop51,1,0.0007150173187255859,0.0
3581,pop19,1,0.0006403923034667969,0.0
3581,pop20,1,0.0004627704620361328,0.0
3581,pop46,1,0.0005028247833251953,0.0
3581,pop45,1,0.0004930496215820312,0.0
3581,pop44,2,0.0005965232849121094,8.511543273925781e-05
3581,pop55,1,0.0005311965942382812,0.0
3581,pop52,1,0.0006504058837890625,0.0
3582,pop33,3,0.022639910380045574,0.031203998784976678
3582,pop32,4,0.0005810856819152832,8.539552693423254e-05
3582,pop50,1,0.0008196830749511719,0.0
3582,pop44,1,0.0005218982696533203,0.0
3583,pop27,6,0.01232759157816569,0.026215845130187813
3583,pop25,2,0.0005731582641601562,6.29425048828125e-05
3583,pop17,1,0.0009241104125976562,0.0
3583,pop44,1,0.0005543231964111328,0.0
3583,pop50,1,0.0007948875427246094,0.0
3583,pop53,1,0.0008096694946289062,0.0
3583,pop47,1,0.0004563331604003906,0.0
3584,pop4,5,0.012212419509887695,0.023200627374405938
3584,pop51,1,0.0006680488586425781,0.0
3584,pop47,1,0.00048661231994628906,0.0
3585,pop44,2,0.031957268714904785,0.03110659122467041
3585,pop27,1,0.0006582736968994141,0.0
3585,pop25,1,0.0006699562072753906,0.0
3585,pop17,3,0.025661706924438477,0.03540589711728887
3585,pop50,2,0.0006999969482421875,2.1219253540039062e-05
3585,pop14,2,0.0006957054138183594,0.0001246929168701172
3585,pop51,1,0.0007359981536865234,0.0
3585,pop10,1,0.0006144046783447266,0.0
3586,pop39,3,0.021241267522176106,0.029211614591401116
3586,pop38,3,0.023910045623779297,0.03304651221843275
3586,pop44,2,0.0006746053695678711,6.878376007080078e-05
3586,pop50,1,0.0007846355438232422,0.0
3586,pop53,1,0.00074005126953125,0.0
3586,pop1,1,0.0005486011505126953,0.0
3586,pop15,1,0.0004515647888183594,0.0
3587,pop41,2,0.030177593231201172,0.029531478881835938
3587,pop53,1,0.0006124973297119141,0.0
3587,pop52,2,0.0006979703903198242,9.417533874511719e-06
3587,pop48,3,0.0005545616149902344,9.024282321672508e-06
3588,pop38,3,0.04664254188537598,0.03258144757253326
3588,pop18,1,0.0005183219909667969,0.0
3588,pop19,2,0.0006635189056396484,0.00010180473327636719
3588,pop20,2,0.0006202459335327148,4.971027374267578e-05
3588,pop51,1,0.0007443428039550781,0.0
3588,pop10,1,0.000640869140625,0.0
3589,pop50,6,0.011029203732808432,0.02281732991595876
3589,pop44,3,0.044208923975626625,0.03088825139576533
3589,pop17,3,0.02421681086222331,0.03325634176947818
3589,pop53,1,0.0007429122924804688,0.0
3589,pop47,1,0.0005717277526855469,0.0
3590,pop4,2,0.03098464012145996,0.030318737030029297
3590,pop51,2,0.0008416175842285156,1.049041748046875e-05
3590,pop9,4,0.000498354434967041,8.95690045666534e-05
3590,pop53,1,0.0008072853088378906,0.0
3590,pop7,1,0.0004253387451171875,0.0
3591,pop45,3,0.022774378458658855,0.03129190172269904
3591,pop46,2,0.0005112886428833008,6.556510925292969e-06
3591,pop20,1,0.0649564266204834,0.0
3591,pop44,3,0.0007234414418538412,0.00015738543968830696
3591,pop50,1,0.0008170604705810547,0.0
3591,pop53,1,0.0007936954498291016,0.0
3591,pop1,1,0.0005729198455810547,0.0
3591,pop6,1,0.0006155967712402344,0.0
3592,pop42,2,0.030035734176635742,0.029406309127807617
3592,pop43,2,0.0005060434341430664,3.254413604736328e-05
3592,pop40,3,0.0005713303883870443,6.610298128915022e-05
3592,pop51,1,0.0006551742553710938,0.0
3592,pop10,1,0.0004982948303222656,0.0
3593,pop23,4,0.017346560955047607,0.028869697152313606
3593,pop16,1,0.0005066394805908203,0.0
3593,pop50,1,0.0007376670837402344,0.0
3593,pop51,1,0.0007550716400146484,0.0
3593,pop19,1,0.0005750656127929688,0.0
3593,pop20,1,0.00045228004455566406,0.0
3594,pop8,2,0.028029799461364746,0.027407288551330566
3594,pop51,3,0.0006924470265706381,2.814102428532162e-05
3594,pop10,2,0.03127491474151611,0.03076803684234619
3594,pop4,1,0.06508803367614746,0.0
3594,pop53,1,0.0007624626159667969,0.0
3594,pop54,1,0.06051826477050781,0.0
3594,pop52,4,0.0006528496742248535,1.9365089526407743e-05
3594,pop48,2,0.03668034076690674,0.036103129386901855
3594,pop49,2,0.03877878189086914,0.03832435607910156
3594,pop2,1,0.0765080451965332,0.0
3595,pop56,3,0.04577803611755371,0.03193029476812964
3595,pop2,1,0.0006053447723388672,0.0
3595,pop49,1,0.07025980949401855,0.0
3595,pop48,1,0.0004916191101074219,0.0
3595,pop52,2,0.0006273984909057617,0.00011551380157470703
3595,pop12,3,0.0005385875701904297,7.151206206809767e-05
3595,pop53,1,0.0008034706115722656,0.0
3595,pop1,1,0.0006959438323974609,0.0
3595,pop15,1,0.0004563331604003906,0.0
3596,pop52,4,0.015626072883605957,0.025920898351879954
3596,pop55,4,0.014437496662139893,0.024137360971893153
3597,pop27,5,0.015119361877441406,0.029055034236486033
3597,pop25,1,0.0005009174346923828,0.0
3597,pop17,1,0.000579833984375,0.0
3597,pop50,1,0.0008001327514648438,0.0
3597,pop51,1,0.0006873607635498047,0.0
3598,pop39,2,0.030094623565673828,0.02948904037475586
3598,pop44,1,0.0005471706390380859,0.0
3598,pop50,2,0.0009691715240478516,0.00014066696166992188
3598,pop33,2,0.0005224943161010742,4.5180320739746094e-05
3598,pop32,4,0.0005739927291870117,8.102277534639781e-05
3598,pop52,1,0.0005440711975097656,0.0
3598,pop55,1,0.0005800724029541016,0.0
3599,pop38,2,0.0337066650390625,0.03306889533996582
3599,pop18,1,0.00048661231994628906,0.0
3599,pop19,1,0.0005729198455810547,0.0
3599,pop51,2,0.000655055046081543,1.3113021850585938e-06
3599,pop10,3,0.02173137664794922,0.029979897451368687
3599,pop53,3,0.04572931925455729,0.03186860548111962
3599,pop54,1,0.0005254745483398438,0.0
3599,pop52,4,0.0006142854690551758,6.951169214081887e-05
3599,pop48,3,0.04961562156677246,0.03469802398659407
3599,pop56,1,0.07618427276611328,0.0
3599,pop49,2,0.0005352497100830078,7.367134094238281e-05
3599,pop2,1,0.0820307731628418,0.0
3599,pop1,2,0.0005791187286376953,1.430511474609375e-05
3599,pop6,1,0.08496308326721191,0.0
3599,pop55,1,0.0005145072937011719,0.0
3600,pop10,5,0.024448156356811523,0.0291736527831777
3600,pop51,3,0.0007425149281819662,5.444801560685996e-05
3600,pop4,2,0.03199565410614014,0.03135025501251221
3600,pop53,1,0.0006935596466064453,0.0
3600,pop1,1,0.0005335807800292969,0.0
3600,pop6,1,0.0004436969757080078,0.0
3601,pop21,4,0.05537492036819458,0.03161854164067507
3601,pop23,2,0.036322593688964844,0.03578686714172363
3601,pop24,2,0.03851664066314697,0.03800785541534424
3602,pop18,4,0.01634228229522705,0.02734125794449577
3602,pop19,3,0.0006202856699625651,7.19071734523076e-05
3602,pop20,3,0.022920608520507812,0.03162012064143529
3602,pop38,2,0.0006761550903320312,2.4557113647460938e-05
3602,pop51,1,0.0006568431854248047,0.0
3602,pop50,1,0.0007555484771728516,0.0
3602,pop55,1,0.00048279762268066406,0.0
3603,pop41,2,0.030216693878173828,0.029563426971435547
3603,pop53,4,0.015534460544586182,0.025266106402688407
3603,pop1,3,0.0005332628885904948,2.3888172094327825e-05
3603,pop6,2,0.03503310680389404,0.03457653522491455
3603,pop54,1,0.0005779266357421875,0.0
3603,pop52,3,0.02265779177347819,0.03123357522143661
3603,pop37,4,0.000561058521270752,9.189163241669307e-05
3604,pop8,2,0.028547167778015137,0.027897953987121582
3604,pop51,1,0.0008437633514404297,0.0
3604,pop53,4,0.016568422317504883,0.027438421637200082
3604,pop54,2,0.000644683837890625,7.724761962890625e-05
3604,pop50,1,0.0007877349853515625,0.0
3604,pop44,1,0.0005266666412353516,0.0
3605,pop16,2,0.03276205062866211,0.032083988189697266
3605,pop50,2,0.0007425546646118164,5.5909156799316406e-05
3605,pop17,4,0.0006661415100097656,0.00010914897855790047
3605,pop53,1,0.0007305145263671875,0.0
3605,pop47,1,0.0004627704620361328,0.0
3606,pop9,5,0.011811161041259765,0.022538196600499993
3606,pop51,1,0.0005869865417480469,0.0
3606,pop50,1,0.0008969306945800781,0.0
3606,pop44,1,0.0005168914794921875,0.0
3607,pop28,2,0.02804875373840332,0.02743220329284668
3607,pop51,2,0.0006736516952514648,1.3709068298339844e-05
3607,pop4,4,0.0006076693534851074,7.541330315969092e-05
3607,pop50,1,0.0007116794586181641,0.0
3607,pop55,1,0.0004904270172119141,0.0
3608,pop22,5,0.011823129653930665,0.022491097876257898
3608,pop51,1,0.0008189678192138672,0.0
3609,pop55,5,0.011425113677978516,0.021690327914218505
3609,pop50,1,0.0008063316345214844,0.0
3609,pop14,1,0.0005626678466796875,0.0
3609,pop24,1,0.00048732757568359375,0.0
3610,pop45,3,0.022660573323567707,0.03124972222837174
3610,pop46,2,0.0005050897598266602,2.753734588623047e-05
3610,pop20,1,0.06789088249206543,0.0
3610,pop44,2,0.03418409824371338,0.03366291522979736
3610,pop50,2,0.0008929967880249023,0.00015842914581298828
3610,pop27,1,0.0004544258117675781,0.0
3610,pop25,1,0.0005257129669189453,0.0
3610,pop17,4,0.0006563067436218262,0.00010860160923772235
3610,pop53,1,0.0007736682891845703,0.0
3610,pop1,1,0.0005803108215332031,0.0
3610,pop15,1,0.00044608116149902344,0.0
3611,pop39,2,0.03136944770812988,0.030718326568603516
3611,pop38,1,0.00047016143798828125,0.0
3611,pop18,1,0.0004596710205078125,0.0
3611,pop19,2,0.0005376338958740234,2.1457672119140625e-05
3611,pop20,4,0.0006416440010070801,8.406315459617314e-05
3611,pop51,1,0.0006759166717529297,0.0
3611,pop50,1,0.000986337661743164,0.0
3611,pop35,1,0.0005354881286621094,0.0
3612,pop18,2,0.033745408058166504,0.033103346824645996
3612,pop19,1,0.0005388259887695312,0.0
3612,pop51,1,0.0007998943328857422,0.0
3612,pop47,2,0.027939915657043457,0.027483582496643066
3612,pop53,1,0.0007162094116210938,0.0
3612,pop54,1,0.06508612632751465,0.0
3612,pop52,1,0.07060766220092773,0.0
3612,pop12,3,0.0006035168965657552,0.0001907524789516864
3613,pop41,2,0.02931523323059082,0.028578758239746094
3613,pop53,1,0.0007181167602539062,0.0
3613,pop50,1,0.0006647109985351562,0.0
3613,pop17,3,0.0006206035614013672,7.805165457415423e-05
3613,pop25,1,0.0004897117614746094,0.0
3613,pop27,1,0.0004944801330566406,0.0
3613,pop44,1,0.0005459785461425781,0.0
3614,pop8,2,0.02876460552215576,0.028151392936706543
3614,pop51,4,0.0007135272026062012,4.97305309063521e-05
3614,pop50,2,0.0007876157760620117,1.3232231140136719e-05
3614,pop17,4,0.019180893898010254,0.03212238074799098
3614,pop25,2,0.0005652904510498047,7.367134094238281e-05
3614,pop27,1,0.0005249977111816406,0.0
3614,pop14,1,0.0006022453308105469,0.0
3614,pop53,1,0.07093548774719238,0.0
3614,pop10,1,0.07114791870117188,0.0
3614,pop11,1,0.0004372596740722656,0.0
3614,pop43,1,0.0004947185516357422,0.0
3614,pop9,2,0.0005707740783691406,6.4849853515625e-05
3614,pop19,1,0.000637054443359375,0.0
3614,pop20,1,0.0005154609680175781,0.0
3615,pop44,2,0.03212380409240723,0.031445980072021484
3615,pop50,2,0.0007712841033935547,2.4080276489257812e-05
3615,pop17,4,0.0006303787231445312,0.0001034104686025954
3615,pop53,1,0.0006608963012695312,0.0
3615,pop1,1,0.0005085468292236328,0.0
3615,pop15,1,0.0004475116729736328,0.0
3616,pop16,2,0.03242945671081543,0.03177237510681152
3616,pop50,2,0.0009694099426269531,0.0002682209014892578
3616,pop14,1,0.0005655288696289062,0.0
3616,pop27,1,0.0004978179931640625,0.0
3616,pop25,1,0.0004928112030029297,0.0
3616,pop17,1,0.0782783031463623,0.0
3616,pop55,1,0.062380075454711914,0.0
3616,pop56,1,0.0005049705505371094,0.0
3616,pop48,1,0.0005383491516113281,0.0
3616,pop52,3,0.0007651646931966146,0.00023672306322995005
3616,pop54,1,0.0005190372467041016,0.0
3616,pop53,1,0.0007865428924560547,0.0
3616,pop47,1,0.0005304813385009766,0.0
3617,pop9,4,0.015348076820373535,0.025486367456214368
3617,pop51,1,0.0007331371307373047,0.0
3617,pop53,1,0.0006389617919921875,0.0
3617,pop1,1,0.0005695819854736328,0.0
3617,pop15,1,0.0004239082336425781,0.0
3618,pop48,3,0.02239052454630534,0.03084150910651507
3618,pop49,3,0.0005726019541422526,0.00011376944440469192
3618,pop52,1,0.0006992816925048828,0.0
3618,pop53,1,0.0007398128509521484,0.0
3618,pop50,1,0.0007190704345703125,0.0
3618,pop16,1,0.0004718303680419922,0.0
3619,pop53,3,0.019894202550252277,0.027060079379557105
3619,pop54,4,0.0005587935447692871,9.568598933888292e-05
3619,pop51,1,0.0006570816040039062,0.0
3619,pop10,1,0.0005443096160888672,0.0
3620,pop6,5,0.013665008544921874,0.026074838428283464
3620,pop1,1,0.0005545616149902344,0.0
3620,pop53,1,0.0006780624389648438,0.0
3620,pop51,1,0.0007863044738769531,0.0
3620,pop19,1,0.0005939006805419922,0.0
3620,pop18,1,0.000457763671875,0.0
3621,pop22,5,0.011525201797485351,0.02192578823431457
3621,pop51,1,0.0006730556488037109,0.0
3621,pop53,1,0.0006797313690185547,0.0
3621,pop1,1,0.0005445480346679688,0.0
3621,pop15,1,0.0004296302795410156,0.0
3622,pop39,2,0.030488252639770508,0.02985382080078125
3622,pop44,1,0.0005421638488769531,0.0
3622,pop50,2,0.0007630586624145508,5.4001808166503906e-05
3622,pop17,4,0.0006092190742492676,5.923283362103538e-05
3622,pop51,1,0.0007181167602539062,0.0
3622,pop10,1,0.0004942417144775391,0.0
3623,pop41,2,0.03129124641418457,0.030624866485595703
3623,pop53,2,0.0007317066192626953,1.0013580322265625e-05
3623,pop1,2,0.0006352663040161133,8.571147918701172e-05
3623,pop6,3,0.0006090799967447916,6.892931777948487e-05
3623,pop50,1,0.0008351802825927734,0.0
3623,pop55,1,0.00045490264892578125,0.0
3624,pop46,2,0.032559990882873535,0.03184378147125244
3624,pop45,1,0.0005233287811279297,0.0
3624,pop44,1,0.0005164146423339844,0.0
3624,pop50,2,0.0008600950241088867,0.00010764598846435547
3624,pop33,2,0.0005158185958862305,2.5153160095214844e-05
3624,pop32,3,0.0005819002787272135,5.6888802424485095e-05
3624,pop14,1,0.0005774497985839844,0.0
3624,pop24,1,0.0005273818969726562,0.0
3625,pop24,4,0.03838849067687988,0.03784871067850397
3625,pop23,2,0.03625082969665527,0.03568530082702637
3625,pop21,2,0.037491679191589355,0.03699982166290283
3625,pop14,1,0.0005655288696289062,0.0
3625,pop50,2,0.0008662939071655273,4.851818084716797e-05
3625,pop53,3,0.043605645497639976,0.03032705533001319
3625,pop41,2,0.0004965066909790039,8.344650268554688e-07
3625,pop40,1,0.06464290618896484,0.0
3625,pop52,1,0.07194256782531738,0.0
3626,pop42,2,0.02972245216369629,0.029112815856933594
3626,pop43,1,0.0006778240203857422,0.0
3626,pop51,2,0.0007379055023193359,5.7220458984375e-06
3626,pop4,2,0.03301656246185303,0.03231227397918701
3626,pop50,2,0.0008322000503540039,3.3020973205566406e-05
3626,pop17,2,0.0007177591323852539,0.00011646747589111328
3626,pop53,1,0.0006196498870849609,0.0
3626,pop1,1,0.0006613731384277344,0.0
3626,pop6,1,0.00046181678771972656,0.0
3627,pop23,3,0.04623095194498698,0.032196399839056054
3627,pop24,3,0.0005771319071451823,4.557988486597645e-05
3628,pop52,2,0.030902743339538574,0.03018319606781006
3628,pop55,4,0.0005682110786437988,0.00011481598335901747
3628,pop50,1,0.0006213188171386719,0.0
3628,pop53,1,0.0007598400115966797,0.0
3628,pop1,1,0.0005795955657958984,0.0
3628,pop6,1,0.00047087669372558594,0.0
3629,pop27,2,0.036804914474487305,0.03615927696228027
3629,pop25,1,0.0004980564117431641,0.0
3629,pop17,1,0.07163238525390625,0.0
3629,pop50,2,0.0007911920547485352,9.47713851928711e-05
3629,pop14,2,0.000603795051574707,1.7762184143066406e-05
3629,pop24,3,0.027088165283203125,0.03735896766780998
3629,pop23,2,0.0005220174789428711,2.2649765014648438e-06
3629,pop21,2,0.000522613525390625,3.170967102050781e-05
3629,pop22,2,0.032671570777893066,0.032167792320251465
3629,pop51,2,0.0006809234619140625,0.00010848045349121094
3629,pop19,1,0.0011191368103027344,0.0
3629,pop46,1,0.00047898292541503906,0.0
3629,pop20,1,0.0006432533264160156,0.0
3630,pop38,2,0.034660935401916504,0.03403294086456299
3630,pop18,1,0.0004706382751464844,0.0
3630,pop19,1,0.0005853176116943359,0.0
3630,pop51,1,0.0007421970367431641,0.0
3630,pop50,1,0.0008099079132080078,0.0
3630,pop33,2,0.0005224943161010742,1.1801719665527344e-05
3630,pop32,1,0.080169677734375,0.0
3630,pop37,4,0.0005534887313842773,0.00010234372655679523
3630,pop52,1,0.0007162094116210938,0.0
3630,pop53,1,0.0007646083831787109,0.0
3630,pop1,1,0.0005598068237304688,0.0
3630,pop15,1,0.0004470348358154297,0.0
3631,pop44,2,0.03291285037994385,0.03221714496612549
3631,pop50,4,0.0007370710372924805,8.680311003133126e-05
3631,pop33,3,0.0007132689158121744,0.00017412810059587292
3631,pop32,2,0.038872480392456055,0.03819775581359863
3631,pop37,1,0.0007007122039794922,0.0
3631,pop14,1,0.0006458759307861328,0.0
3631,pop24,3,0.06075755755106608,0.042591958800578984
3631,pop23,3,0.02919284502665202,0.04047367504739481
3631,pop21,1,0.08687567710876465,0.0
3631,pop16,1,0.0005435943603515625,0.0
3631,pop17,2,0.0007252693176269531,3.981590270996094e-05
3631,pop51,1,0.0007464885711669922,0.0
3632,pop9,5,0.012360334396362305,0.023653695345883158
3632,pop51,1,0.0006189346313476562,0.0
3633,pop30,2,0.027875781059265137,0.027226805686950684
3633,pop31,1,0.0005211830139160156,0.0
3633,pop17,4,0.03858327865600586,0.03817226339888327
3633,pop50,6,0.0008440017700195312,8.458272226995386e-05
3633,pop53,1,0.06696462631225586,0.0
3633,pop14,2,0.0007169246673583984,8.130073547363281e-05
3633,pop24,2,0.04139554500579834,0.04072558879852295
3633,pop23,1,0.0005552768707275391,0.0
3633,pop16,1,0.0005090236663818359,0.0
3633,pop55,1,0.061921119689941406,0.0
3633,pop33,2,0.0005348920822143555,1.9669532775878906e-05
3633,pop32,2,0.000599980354309082,2.5391578674316406e-05
3633,pop44,1,0.0006706714630126953,0.0
3634,pop36,2,0.02873694896697998,0.028101563453674316
3634,pop10,2,0.06536388397216797,0.0040857791900634766
3634,pop51,6,0.0007021029790242513,3.0967326634816325e-05
3634,pop4,3,0.04724844296773275,0.033054152507284176
3634,pop43,2,0.0004792213439941406,3.8623809814453125e-05
3634,pop40,1,0.06795120239257812,0.0
3634,pop9,3,0.0005022684733072916,3.223876086827581e-05
3635,pop31,2,0.03013455867767334,0.02949059009552002
3635,pop17,2,0.03784060478210449,0.03713583946228027
3635,pop50,2,0.0007926225662231445,0.00011551380157470703
3635,pop14,3,0.000686486562093099,0.00011390859147695595
3635,pop51,1,0.0007147789001464844,0.0
3635,pop19,1,0.0005817413330078125,0.0
3635,pop20,1,0.0004856586456298828,0.0
3636,pop48,4,0.033204615116119385,0.03260848267823905
3636,pop49,2,0.0006269216537475586,0.00010716915130615234
3636,pop52,1,0.0005929470062255859,0.0
3636,pop53,1,0.0006418228149414062,0.0
3636,pop50,1,0.0006964206695556641,0.0
3636,pop14,1,0.0005774497985839844,0.0
3636,pop24,1,0.0005288124084472656,0.0
3637,pop39,2,0.03104221820831299,0.030394911766052246
3637,pop38,2,0.03651630878448486,0.036022305488586426
3637,pop18,1,0.00045680999755859375,0.0
3637,pop19,1,0.0005857944488525391,0.0
3637,pop20,1,0.07137155532836914,0.0
3637,pop46,1,0.0004932880401611328,0.0
3637,pop45,1,0.0005350112915039062,0.0
3637,pop44,3,0.0006612936655680338,7.632382456825957e-05
3637,pop50,1,0.0008633136749267578,0.0
3637,pop55,1,0.0005171298980712891,0.0
3638,pop41,2,0.03166341781616211,0.030984878540039062
3638,pop40,4,0.0005737543106079102,0.00011867409012842066
3638,pop43,1,0.0004942417144775391,0.0
3638,pop51,1,0.0007104873657226562,0.0
3638,pop10,1,0.00048828125,0.0
3639,pop42,2,0.030981898307800293,0.030336976051330566
3639,pop43,1,0.0005033016204833984,0.0
3639,pop51,1,0.0006504058837890625,0.0
3639,pop47,1,0.057337045669555664,0.0
3639,pop53,1,0.0006778240203857422,0.0
3639,pop54,1,0.06564545631408691,0.0
3639,pop52,2,0.03453779220581055,0.03391265869140625
3639,pop12,2,0.03752124309539795,0.03705441951751709
3639,pop13,1,0.07177138328552246,0.0
3640,pop44,5,0.026437091827392577,0.031677407440542836
3640,pop50,2,0.0007959604263305664,2.9802322387695312e-06
3640,pop17,2,0.0005995035171508789,4.3511390686035156e-05
3641,pop57,2,0.03611898422241211,0.03548741340637207
3641,pop56,2,0.036571502685546875,0.03610491752624512
3641,pop48,1,0.0005350112915039062,0.0
3641,pop52,2,0.0005922317504882812,1.2636184692382812e-05
3641,pop12,3,0.0005213419596354166,2.925227450624802e-05
3641,pop55,1,0.0005013942718505859,0.0
3642,pop32,5,0.015125703811645509,0.02884941227286916
3642,pop33,1,0.000640869140625,0.0
3642,pop50,1,0.0008289813995361328,0.0
3642,pop51,1,0.0006916522979736328,0.0
3642,pop19,1,0.0005528926849365234,0.0
3642,pop18,1,0.0004899501800537109,0.0
3643,pop40,2,0.03009343147277832,0.029445648193359375
3643,pop43,1,0.000492095947265625,0.0
3643,pop51,3,0.0006732145945231119,4.616271887288922e-05
3643,pop4,1,0.06389999389648438,0.0
3643,pop22,3,0.0006349086761474609,0.0002167615218869381
3643,pop21,1,0.0005147457122802734,0.0
3643,pop23,1,0.0007181167602539062,0.0
3643,pop16,1,0.0004622936248779297,0.0
3643,pop50,1,0.0007734298706054688,0.0
3643,pop19,1,0.0006797313690185547,0.0
3643,pop20,1,0.00047969818115234375,0.0
3644,pop47,5,0.010784339904785157,0.02044874771464891
3644,pop53,1,0.0006628036499023438,0.0
3644,pop50,1,0.0007395744323730469,0.0
3644,pop16,1,0.0005087852478027344,0.0
3645,pop37,5,0.011049604415893555,0.02097431291222448
3645,pop33,1,0.0005230903625488281,0.0
3645,pop50,1,0.0008037090301513672,0.0
3645,pop44,1,0.0005228519439697266,0.0
3646,pop14,4,0.018223702907562256,0.03016517349169111
3646,pop24,1,0.0005471706390380859,0.0
3646,pop23,1,0.0005543231964111328,0.0
3646,pop16,1,0.0005021095275878906,0.0
3646,pop50,1,0.0008001327514648438,0.0
3646,pop53,1,0.0006916522979736328,0.0
3646,pop47,1,0.00047707557678222656,0.0
3647,pop28,2,0.02909672260284424,0.028427720069885254
3647,pop51,8,0.000697791576385498,7.841477515846335e-05
3647,pop4,2,0.06952381134033203,0.003084897994995117
3647,pop10,3,0.049081007639567055,0.03505113469211624
3647,pop22,2,0.032206058502197266,0.031696319580078125
3647,pop5,1,0.0004489421844482422,0.0
3647,pop47,3,0.024715344111124676,0.03428939120464789
3647,pop9,2,0.0006198883056640625,0.00011777877807617188
3648,pop55,4,0.028141021728515625,0.027564977562992872
3648,pop52,3,0.0006667772928873698,5.950803344464428e-05
3649,pop45,2,0.03350400924682617,0.03287935256958008
3649,pop44,3,0.04552793502807617,0.031892874096571114
3649,pop50,4,0.000798344612121582,3.472757096898109e-05
3649,pop17,3,0.0253756046295166,0.034925088663368214
3649,pop35,1,0.0004496574401855469,0.0
3650,pop27,5,0.015541934967041015,0.029916632129784723
3650,pop25,1,0.0004849433898925781,0.0
3650,pop17,1,0.0005297660827636719,0.0
3650,pop50,1,0.0006909370422363281,0.0
3650,pop53,1,0.0007679462432861328,0.0
3650,pop1,1,0.0005674362182617188,0.0
3650,pop6,1,0.0004673004150390625,0.0
3651,pop33,3,0.022347052892049152,0.030768871524343756
3651,pop32,4,0.0006744861602783203,0.00011780411335813588
3651,pop50,1,0.0007746219635009766,0.0
3651,pop53,1,0.0006592273712158203,0.0
3651,pop47,1,0.0004611015319824219,0.0
3652,pop36,2,0.029262900352478027,0.028613924980163574
3652,pop51,4,0.0007351040840148926,4.848679404843926e-05
3652,pop4,3,0.022519906361897785,0.03085814885760028
3652,pop10,2,0.03318297863006592,0.03269541263580322
3652,pop50,1,0.0009150505065917969,0.0
3652,pop35,1,0.0004971027374267578,0.0
3653,pop44,2,0.03334927558898926,0.032670021057128906
3653,pop50,2,0.0008062124252319336,0.00017750263214111328
3653,pop32,4,0.0005866885185241699,8.128227079440529e-05
3653,pop33,1,0.0005381107330322266,0.0
3653,pop51,1,0.0007493495941162109,0.0
3654,pop57,2,0.03584718704223633,0.03522181510925293
3654,pop56,1,0.07001280784606934,0.0
3654,pop48,1,0.0005297660827636719,0.0
3654,pop52,2,0.000576019287109375,2.6702880859375e-05
3654,pop12,3,0.0005460580190022787,9.255418930865341e-05
3654,pop53,1,0.0010335445404052734,0.0
3654,pop51,1,0.0006721019744873047,0.0
3654,pop50,1,0.0008108615875244141,0.0
3654,pop44,1,0.0005354881286621094,0.0
3655,pop47,2,0.026600360870361328,0.02598404884338379
3655,pop53,1,0.0009388923645019531,0.0
3655,pop54,1,0.0005199909210205078,0.0
3655,pop52,4,0.0006306171417236328,3.8390944061490085e-05
3655,pop55,1,0.00047659873962402344,0.0
3656,pop14,2,0.03496229648590088,0.03425157070159912
3656,pop24,3,0.0005994637807210287,0.00010145662271562865
3656,pop23,1,0.0005562305450439453,0.0
3656,pop16,1,0.0004849433898925781,0.0
3656,pop50,1,0.0008707046508789062,0.0
3656,pop44,1,0.0005006790161132812,0.0
3657,pop55,3,0.018620014190673828,0.025524261785348123
3657,pop52,3,0.021755377451578777,0.02987071898363399
3657,pop12,3,0.0004961490631103516,3.3292204441289384e-05
3658,pop45,2,0.034198641777038574,0.03354442119598389
3658,pop44,1,0.000507354736328125,0.0
3658,pop50,3,0.0008563200632731119,0.00010278584757319772
3658,pop33,2,0.0007861852645874023,0.00025713443756103516
3658,pop32,3,0.0006365776062011719,9.893672029860154e-05
3658,pop53,1,0.0007102489471435547,0.0
3658,pop51,1,0.0007214546203613281,0.0
3658,pop19,1,0.0006012916564941406,0.0
3658,pop18,1,0.00046753883361816406,0.0
3659,pop50,2,0.03226470947265625,0.03141188621520996
3659,pop44,2,0.034248948097229004,0.03354513645172119
3659,pop45,1,0.0005002021789550781,0.0
3659,pop46,1,0.0005040168762207031,0.0
3659,pop20,1,0.07044768333435059,0.0
3659,pop19,1,0.0007350444793701172,0.0
3659,pop51,3,0.0006995201110839844,4.919671720621263e-05
3659,pop10,2,0.03410053253173828,0.033586740493774414
3659,pop4,3,0.0005519390106201172,3.150254437477329e-05
3660,pop4,2,0.03155219554901123,0.030919194221496582
3660,pop51,1,0.0007464885711669922,0.0
3660,pop50,2,0.0007766485214233398,5.519390106201172e-05
3660,pop17,3,0.0006202856699625651,7.936923901141266e-05
3660,pop55,1,0.00043582916259765625,0.0
3661,pop22,4,0.014354705810546875,0.023789792368697573
3661,pop51,1,0.0006957054138183594,0.0
3661,pop50,1,0.0007963180541992188,0.0
3661,pop55,1,0.00047135353088378906,0.0
3662,pop32,5,0.01533355712890625,0.029384343338047115
3662,pop33,1,0.0005128383636474609,0.0
3662,pop50,1,0.0007848739624023438,0.0
3662,pop51,1,0.0008807182312011719,0.0
3662,pop19,1,0.0006108283996582031,0.0
3662,pop18,1,0.0005347728729248047,0.0
3663,pop28,2,0.02978193759918213,0.029134392738342285
3663,pop36,1,0.0004928112030029297,0.0
3663,pop10,2,0.03318190574645996,0.03246283531188965
3663,pop51,2,0.0009100437164306641,0.00016546249389648438
3663,pop50,1,0.0008175373077392578,0.0
3663,pop16,1,0.0005154609680175781,0.0
3663,pop23,1,0.0005388259887695312,0.0
3663,pop21,1,0.00048613548278808594,0.0
3663,pop22,2,0.0005974769592285156,0.00011205673217773438
3663,pop53,1,0.0008730888366699219,0.0
3663,pop7,1,0.0004451274871826172,0.0
3664,pop55,3,0.01934981346130371,0.026542665897840365
3664,pop52,3,0.0006289482116699219,6.500598167649684e-05
3665,pop56,5,0.014273118972778321,0.027301173824176073
3665,pop48,1,0.0005631446838378906,0.0
3665,pop52,1,0.0005900859832763672,0.0
3665,pop53,1,0.0006678104400634766,0.0
3665,pop1,1,0.0006475448608398438,0.0
3665,pop15,1,0.0004208087921142578,0.0
3666,pop46,2,0.03294491767883301,0.03226280212402344
3666,pop20,1,0.0005443096160888672,0.0
3666,pop19,2,0.0005924701690673828,9.5367431640625e-06
3666,pop18,2,0.0005481243133544922,4.100799560546875e-05
3666,pop38,1,0.07255029678344727,0.0
3666,pop51,2,0.0009664297103881836,0.0003026723861694336
3666,pop53,1,0.0007586479187011719,0.0
3666,pop50,1,0.0008008480072021484,0.0
3666,pop16,1,0.0004980564117431641,0.0
3666,pop23,1,0.0005228519439697266,0.0
3666,pop21,1,0.00048065185546875,0.0
3666,pop22,3,0.000534216562906901,4.211056787378466e-05
3666,pop10,1,0.00047588348388671875,0.0
3667,pop24,5,0.015627622604370117,0.030086324819510197
3667,pop23,1,0.0005075931549072266,0.0
3667,pop16,1,0.0006644725799560547,0.0
3668,pop23,2,0.03495943546295166,0.03430640697479248
3668,pop24,4,0.0006127357482910156,0.00012076718876023213
3668,pop14,1,0.0005862712860107422,0.0
3668,pop50,1,0.0006895065307617188,0.0
3668,pop51,1,0.0007278919219970703,0.0
3668,pop19,1,0.0006108283996582031,0.0
3668,pop18,1,0.0004830360412597656,0.0
3669,pop38,4,0.01776498556137085,0.029665226274006123
3669,pop18,1,0.0004603862762451172,0.0
3669,pop19,1,0.0005958080291748047,0.0
3669,pop51,1,0.0006747245788574219,0.0
3669,pop53,1,0.0006928443908691406,0.0
3669,pop52,1,0.0005781650543212891,0.0
3670,pop9,5,0.012742567062377929,0.024260278418411597
3670,pop51,1,0.0007436275482177734,0.0
3670,pop53,1,0.0007472038269042969,0.0
3670,pop1,1,0.0004894733428955078,0.0
3670,pop6,1,0.00045180320739746094,0.0
3671,pop36,2,0.02949535846710205,0.02887904644012451
3671,pop10,3,0.0005676746368408203,0.00010023849761780224
3671,pop51,1,0.0007128715515136719,0.0
3671,pop53,1,0.0007281303405761719,0.0
3671,pop1,1,0.0005793571472167969,0.0
3671,pop6,1,0.00047206878662109375,0.0
3672,pop44,2,0.03165161609649658,0.03097403049468994
3672,pop50,2,0.0008093118667602539,1.4424324035644531e-05
3672,pop33,2,0.0005421638488769531,6.67572021484375e-06
3672,pop32,4,0.0007005929946899414,9.93302418842406e-05
3672,pop51,1,0.0007565021514892578,0.0
3672,pop10,1,0.0004889965057373047,0.0
3673,pop57,2,0.03567469120025635,0.03506743907928467
3673,pop56,3,0.024409055709838867,0.033599933116965366
3673,pop48,3,0.023324966430664062,0.032210834392117305
3673,pop52,1,0.0009319782257080078,0.0
3673,pop54,1,0.0005269050598144531,0.0
3673,pop53,1,0.0007002353668212891,0.0
3673,pop50,1,0.0008070468902587891,0.0
3673,pop14,1,0.0007295608520507812,0.0
3673,pop24,1,0.0004961490631103516,0.0
3674,pop47,3,0.017945130666097004,0.024533471638907955
3674,pop53,2,0.0006613731384277344,3.981590270996094e-05
3674,pop52,4,0.0008206367492675781,0.0002708173226239258
3674,pop54,1,0.0004928112030029297,0.0
3675,pop50,2,0.032243967056274414,0.03143310546875
3675,pop33,2,0.0005210638046264648,2.205371856689453e-05
3675,pop32,2,0.038674354553222656,0.03815507888793945
3675,pop37,3,0.0005431175231933594,9.45084350796866e-05
3675,pop52,1,0.0006167888641357422,0.0
3675,pop55,1,0.0004830360412597656,0.0
3676,pop4,5,0.012984561920166015,0.02473242575085903
3676,pop51,1,0.0007624626159667969,0.0
3676,pop50,1,0.0008311271667480469,0.0
3676,pop55,1,0.0004630088806152344,0.0
3677,pop55,3,0.018726348876953125,0.025451436174046407
3677,pop50,1,0.0007727146148681641,0.0
3677,pop53,1,0.0007593631744384766,0.0
3677,pop52,3,0.0006191730499267578,5.512885118349521e-05
3678,pop10,2,0.03135359287261963,0.03068697452545166
3678,pop51,3,0.0006849765777587891,2.856316934625586e-05
3678,pop4,1,0.06280183792114258,0.0
3678,pop22,4,0.0005810260772705078,9.608786382054205e-05
3678,pop53,1,0.0007989406585693359,0.0
3678,pop1,1,0.0005855560302734375,0.0
3678,pop15,1,0.0004165172576904297,0.0
3679,pop21,2,0.03838932514190674,0.037732720375061035
3679,pop23,3,0.024707873662312824,0.03420936114398121
3679,pop24,2,0.0007796287536621094,0.00022554397583007812
3679,pop16,1,0.0004668235778808594,0.0
3679,pop50,1,0.0007624626159667969,0.0
3679,pop51,1,0.0006301403045654297,0.0
3679,pop19,1,0.0005688667297363281,0.0
3679,pop18,1,0.0005078315734863281,0.0
3680,pop30,2,0.028503775596618652,0.027881264686584473
3680,pop48,2,0.0006450414657592773,0.00011813640594482422
3680,pop49,2,0.036635756492614746,0.03610026836395264
3680,pop56,1,0.0006451606750488281,0.0
3680,pop55,1,0.06460237503051758,0.0
3680,pop52,3,0.0007879734039306641,0.0002780024700615206
3680,pop13,2,0.03695118427276611,0.03646957874298096
3680,pop3,1,0.0004565715789794922,0.0
3680,pop0,1,0.0005857944488525391,0.0
3680,pop1,1,0.0005660057067871094,0.0
3680,pop15,1,0.0004642009735107422,0.0
3681,pop31,2,0.02968919277191162,0.02904689311981201
3681,pop30,1,0.0004634857177734375,0.0
3681,pop48,2,0.0005387067794799805,4.470348358154297e-05
3681,pop49,4,0.0005989670753479004,0.0001289114259497149
3681,pop52,1,0.0008857250213623047,0.0
3681,pop54,1,0.0005090236663818359,0.0
3681,pop53,1,0.0007817745208740234,0.0
3681,pop47,1,0.0004687309265136719,0.0
3682,pop48,3,0.022438605626424152,0.030891116978665745
3682,pop49,1,0.06955456733703613,0.0
3682,pop52,2,0.0005744695663452148,1.5139579772949219e-05
3682,pop12,4,0.0005381107330322266,5.144015522604927e-05
3683,pop39,2,0.032156944274902344,0.0315091609954834
3683,pop44,3,0.02362855275472005,0.032672350693409
3683,pop50,2,0.000989675521850586,0.00017118453979492188
3683,pop27,1,0.00047779083251953125,0.0
3683,pop25,1,0.0005125999450683594,0.0
3683,pop17,2,0.0008685588836669922,0.00010323524475097656
3683,pop51,1,0.0007586479187011719,0.0
3683,pop19,1,0.0006229877471923828,0.0
3683,pop18,1,0.0006554126739501953,0.0
3684,pop41,2,0.03219473361968994,0.0314863920211792
3684,pop53,3,0.021546602249145508,0.029499613619758266
3684,pop52,3,0.0006621678670247396,8.909698012282933e-05
3684,pop50,1,0.0007359981536865234,0.0
3684,pop16,1,0.0004756450653076172,0.0
3685,pop28,2,0.0289461612701416,0.02833867073059082
3685,pop51,3,0.0006792545318603516,1.3700254343565599e-05
3685,pop4,3,0.022647301355997723,0.031218411110227006
3685,pop10,2,0.0006780624389648438,2.9802322387695312e-05
3685,pop53,1,0.0007836818695068359,0.0
3685,pop1,1,0.0005316734313964844,0.0
3685,pop15,1,0.0004420280456542969,0.0
3686,pop56,3,0.04730923970540365,0.03303155091339881
3686,pop48,3,0.0006352265675862631,0.00016522279472521473
3686,pop52,1,0.0006558895111083984,0.0
3686,pop53,1,0.0007925033569335938,0.0
3686,pop50,1,0.0008101463317871094,0.0
3686,pop44,1,0.0005936622619628906,0.0
3687,pop46,2,0.03354990482330322,0.03290665149688721
3687,pop45,1,0.0005002021789550781,0.0
3687,pop44,4,0.0006246566772460938,7.185205809790418e-05
3687,pop50,1,0.0006947517395019531,0.0
3687,pop51,1,0.0006482601165771484,0.0
3687,pop10,1,0.000518798828125,0.0
3688,pop23,6,0.012362519900004068,0.026256347737484403
3688,pop16,1,0.0008168220520019531,0.0
3688,pop24,1,0.000522613525390625,0.0
3688,pop14,1,0.0007174015045166016,0.0
3688,pop50,1,0.0007641315460205078,0.0
3688,pop35,1,0.0005598068237304688,0.0
3689,pop38,2,0.036005496978759766,0.03534245491027832
3689,pop18,1,0.0005538463592529297,0.0
3689,pop19,1,0.0005919933319091797,0.0
3689,pop51,6,0.0007304350535074869,7.51134150382383e-05
3689,pop4,3,0.04649972915649414,0.0327597916943433
3689,pop10,1,0.06567144393920898,0.0
3689,pop22,2,0.03234207630157471,0.03184998035430908
3689,pop9,2,0.0006103515625,0.0001125335693359375
3689,pop50,1,0.0008208751678466797,0.0
3689,pop14,1,0.000576019287109375,0.0
3689,pop24,1,0.0005190372467041016,0.0
3690,pop9,4,0.01518714427947998,0.02520711088958108
3690,pop51,1,0.0007321834564208984,0.0
3690,pop50,1,0.0007708072662353516,0.0
3690,pop35,1,0.0004239082336425781,0.0
3691,pop44,2,0.03291773796081543,0.03226137161254883
3691,pop50,2,0.0007228851318359375,5.221366882324219e-05
3691,pop14,3,0.025970856348673504,0.03578173536710452
3691,pop24,6,0.027136683464050293,0.0376538871693477
3691,pop23,2,0.0005269050598144531,1.2159347534179688e-05
3691,pop21,1,0.08209872245788574,0.0
3691,pop51,1,0.0007336139678955078,0.0
3692,pop18,3,0.022644917170206707,0.031249284260905723
3692,pop38,4,0.0005272030830383301,3.7871939517760957e-05
3692,pop19,1,0.0005412101745605469,0.0
3692,pop51,1,0.0005869865417480469,0.0
3692,pop10,1,0.0004975795745849609,0.0
3693,pop8,2,0.02941572666168213,0.028800606727600098
3693,pop51,3,0.0007382233937581381,8.167552264961193e-06
3693,pop4,1,0.06548547744750977,0.0
3693,pop50,2,0.0010107755661010742,0.0003484487533569336
3693,pop44,1,0.0007376670837402344,0.0
3693,pop27,1,0.0005209445953369141,0.0
3693,pop25,1,0.0005502700805664062,0.0
3693,pop17,4,0.0006729960441589355,0.00010494187812696665
3693,pop19,1,0.0006191730499267578,0.0
3693,pop18,1,0.0004987716674804688,0.0
3694,pop37,5,0.011068105697631836,0.020847421440393463
3694,pop33,1,0.0006692409515380859,0.0
3694,pop50,1,0.0008053779602050781,0.0
3694,pop53,1,0.0006628036499023438,0.0
3694,pop1,1,0.0006308555603027344,0.0
3694,pop15,1,0.00041985511779785156,0.0
3695,pop57,2,0.036298394203186035,0.035651326179504395
3695,pop56,1,0.000530242919921875,0.0
3695,pop48,1,0.0005068778991699219,0.0
3695,pop52,4,0.0006406307220458984,7.100211764601047e-05
3695,pop34,1,0.00044655799865722656,0.0
3695,pop35,1,0.00043392181396484375,0.0
3696,pop31,2,0.02941441535949707,0.028766632080078125
3696,pop17,2,0.038421034812927246,0.037760376930236816
3696,pop50,2,0.0008143186569213867,4.5418739318847656e-05
3696,pop14,3,0.0006977717081705729,0.00012566511338157663
3696,pop51,1,0.0006139278411865234,0.0
3696,pop19,1,0.0006084442138671875,0.0
3696,pop18,1,0.0005145072937011719,0.0
3697,pop41,2,0.031329989433288574,0.030672430992126465
3697,pop53,2,0.030376553535461426,0.029682040214538574
3697,pop52,3,0.0006055037180582682,3.3148662326900175e-05
3698,pop28,2,0.029312729835510254,0.02865898609161377
3698,pop51,2,0.0007129907608032227,3.8743019104003906e-05
3698,pop4,4,0.000586390495300293,9.032265322585404e-05
3698,pop50,1,0.0007519721984863281,0.0
3698,pop16,1,0.0005037784576416016,0.0
3699,pop38,5,0.014714193344116212,0.028301454245715812
3699,pop18,1,0.0005121231079101562,0.0
3699,pop19,1,0.000583648681640625,0.0
3699,pop51,1,0.0006582736968994141,0.0
3699,pop10,1,0.0005078315734863281,0.0
3700,pop16,2,0.03377091884613037,0.03311169147491455
3700,pop23,1,0.0005483627319335938,0.0
3700,pop24,4,0.0005905628204345703,8.393637734710557e-05
3700,pop14,1,0.0005528926849365234,0.0
3700,pop50,1,0.0007474422454833984,0.0
3700,pop51,1,0.0007348060607910156,0.0
3700,pop10,1,0.0006284713745117188,0.0
3701,pop33,3,0.02261662483215332,0.031129375621694308
3701,pop32,4,0.000615537166595459,0.00010507017448046398
3701,pop50,1,0.0008478164672851562,0.0
3701,pop16,1,0.000507354736328125,0.0
3702,pop45,3,0.023211876551310223,0.031908423779386914
3702,pop46,2,0.000499725341796875,4.76837158203125e-06
3702,pop20,3,0.02412255605061849,0.033289269099088935
3702,pop44,2,0.0006483793258666992,0.0001207590103149414
3702,pop50,1,0.0007860660552978516,0.0
3702,pop51,1,0.0007224082946777344,0.0
3702,pop10,1,0.0004839897155761719,0.0
3703,pop56,2,0.03629648685455322,0.0356367826461792
3703,pop2,1,0.0004889965057373047,0.0
3703,pop49,4,0.0005463361740112305,2.4780913316664183e-05
3703,pop48,1,0.0005316734313964844,0.0
3703,pop52,1,0.0006067752838134766,0.0
3703,pop55,1,0.0004990100860595703,0.0
3704,pop9,4,0.015807032585144043,0.026312318589298077
3704,pop51,1,0.0009868144989013672,0.0
3704,pop53,1,0.0007562637329101562,0.0
3704,pop50,1,0.0008208751678466797,0.0
3704,pop14,1,0.0006353855133056641,0.0
3704,pop24,1,0.0005204677581787109,0.0
3705,pop8,2,0.029685139656066895,0.029060959815979004
3705,pop51,2,0.0006003379821777344,9.775161743164062e-06
3705,pop4,3,0.0005749066670735677,7.277414425137383e-05
3705,pop50,1,0.0008533000946044922,0.0
3705,pop55,1,0.0004906654357910156,0.0
3706,pop37,4,0.027965426445007324,0.027430382002231822
3706,pop52,2,0.0007091760635375977,2.872943878173828e-05
3706,pop34,1,0.00044798851013183594,0.0
3706,pop35,1,0.00043845176696777344,0.0
3707,pop31,2,0.02987039089202881,0.029211878776550293
3707,pop30,1,0.0004756450653076172,0.0
3707,pop48,2,0.000527501106262207,7.033348083496094e-06
3707,pop49,4,0.0005919337272644043,0.0001820485785496355
3707,pop52,1,0.0006289482116699219,0.0
3707,pop53,1,0.000759124755859375,0.0
3707,pop50,1,0.0007174015045166016,0.0
3707,pop14,1,0.0006048679351806641,0.0
3707,pop24,1,0.0005457401275634766,0.0
3708,pop53,5,0.013070487976074218,0.024467142350011493
3708,pop51,1,0.0006737709045410156,0.0
3708,pop19,1,0.0005881786346435547,0.0
3708,pop20,1,0.0004363059997558594,0.0
3709,pop6,2,0.03489124774932861,0.03424346446990967
3709,pop1,1,0.0006206035614013672,0.0
3709,pop53,3,0.022067149480183918,0.03004590609800974
3709,pop41,2,0.0005104541778564453,5.245208740234375e-06
3709,pop40,3,0.022778431574503582,0.03134049409100213
3709,pop50,1,0.0008146762847900391,0.0
3709,pop44,1,0.0005826950073242188,0.0
3710,pop32,6,0.025192419687906902,0.03479105832938519
3710,pop33,4,0.0007927417755126953,0.0001924118438558559
3710,pop50,3,0.0007925828297932943,2.7264866919167812e-05
3710,pop53,2,0.0007706880569458008,4.5418739318847656e-05
3710,pop52,2,0.0008502006530761719,0.00016617774963378906
3710,pop37,2,0.031466126441955566,0.03091275691986084
3710,pop55,1,0.0005285739898681641,0.0
3710,pop7,1,0.00041556358337402344,0.0
3711,pop18,3,0.02390774091084798,0.03298753979731428
3711,pop19,2,0.0005562305450439453,4.1961669921875e-05
3711,pop20,3,0.0005091826121012369,4.258751753338497e-05
3712,pop38,2,0.03687429428100586,0.03619670867919922
3712,pop18,1,0.0005700588226318359,0.0
3712,pop19,2,0.0005944967269897461,1.1563301086425781e-05
3712,pop20,4,0.0005878210067749023,9.081940771561187e-05
3712,pop51,1,0.0006937980651855469,0.0
3712,pop53,1,0.0007460117340087891,0.0
3712,pop1,1,0.0005545616149902344,0.0
3712,pop15,1,0.00046181678771972656,0.0
3713,pop16,2,0.032225608825683594,0.0315854549407959
3713,pop23,1,0.0005295276641845703,0.0
3713,pop24,3,0.0006146430969238281,0.00012422240992235824
3713,pop14,1,0.0005469322204589844,0.0
3713,pop50,1,0.0009145736694335938,0.0
3713,pop51,1,0.0007045269012451172,0.0
3713,pop19,1,0.0006458759307861328,0.0
3713,pop18,1,0.0004923343658447266,0.0
3714,pop33,3,0.022596438725789387,0.031114975862971198
3714,pop32,3,0.0006115436553955078,0.00014002621728866231
3714,pop50,1,0.0007176399230957031,0.0
3714,pop35,1,0.0004756450653076172,0.0
3715,pop45,2,0.03487038612365723,0.034174442291259766
3715,pop44,3,0.024787187576293945,0.034289164243201935
3715,pop50,4,0.0008652806282043457,0.00019140434304278791
3715,pop27,1,0.0005061626434326172,0.0
3715,pop25,1,0.0005130767822265625,0.0
3715,pop17,5,0.01599717140197754,0.0307291148323145
3715,pop53,1,0.0007910728454589844,0.0
3715,pop52,1,0.0005712509155273438,0.0
3716,pop31,2,0.031247735023498535,0.030591368675231934
3716,pop17,4,0.0006746649742126465,7.58557803938767e-05
3716,pop50,1,0.0007152557373046875,0.0
3716,pop51,1,0.0007529258728027344,0.0
3717,pop52,3,0.020755926767985027,0.028460029053838543
3717,pop12,3,0.0006543795267740885,0.00010617889325378082
3717,pop34,1,0.0004413127899169922,0.0
3717,pop35,1,0.00044465065002441406,0.0
3718,pop24,5,0.015453433990478516,0.029594751867044435
3718,pop14,1,0.0006244182586669922,0.0
3718,pop50,1,0.0011065006256103516,0.0
3718,pop44,1,0.0005223751068115234,0.0
3718,pop45,1,0.0005197525024414062,0.0
3718,pop46,1,0.0005140304565429688,0.0
3718,pop20,1,0.00047779083251953125,0.0
3719,pop36,2,0.030399203300476074,0.029759526252746582
3719,pop51,2,0.0007121562957763672,7.3909759521484375e-06
3719,pop22,3,0.0006949901580810547,9.440914136346793e-05
3719,pop50,1,0.0007350444793701172,0.0
3719,pop35,1,0.0004570484161376953,0.0
3720,pop47,2,0.02798616886138916,0.027347683906555176
3720,pop51,7,0.0006512233189174107,6.472637652992295e-05
3720,pop22,2,0.03268098831176758,0.032175302505493164
3720,pop19,4,0.0006294846534729004,8.904915976219004e-05
3720,pop20,3,0.05526590347290039,0.038900574299674695
3720,pop53,2,0.03671574592590332,0.03590035438537598
3720,pop4,1,0.07828497886657715,0.0
3720,pop10,1,0.07847309112548828,0.0
3720,pop46,1,0.0004949569702148438,0.0
3720,pop45,1,0.0005452632904052734,0.0
3720,pop44,1,0.08531355857849121,0.0
3720,pop50,2,0.0006479024887084961,1.919269561767578e-05
3720,pop33,2,0.0005443096160888672,1.9550323486328125e-05
3720,pop32,2,0.0006376504898071289,0.00012767314910888672
3721,pop50,2,0.03265249729156494,0.0318371057510376
3721,pop55,2,0.02961599826812744,0.029094815254211426
3721,pop52,3,0.0006131331125895182,2.894885504349807e-05
3722,pop55,3,0.03862206141153971,0.026927412933831538
3722,pop52,4,0.0006504654884338379,0.00014103132827971769
3722,pop13,3,0.022204160690307617,0.030671132102244925
3722,pop50,1,0.0009448528289794922,0.0
3722,pop53,2,0.0007454156875610352,3.933906555175781e-06
3722,pop51,1,0.0007445812225341797,0.0
3722,pop19,1,0.0006139278411865234,0.0
3722,pop18,1,0.0006458759307861328,0.0
3723,pop56,2,0.03617405891418457,0.0355072021484375
3723,pop48,4,0.0006243586540222168,0.0001386073815066708
3723,pop52,1,0.0006008148193359375,0.0
3723,pop53,1,0.0007655620574951172,0.0
3723,pop50,1,0.0007748603820800781,0.0
3723,pop44,1,0.0005202293395996094,0.0
3724,pop9,5,0.012715005874633789,0.024252731680019762
3724,pop51,1,0.0006883144378662109,0.0
3724,pop50,1,0.0008442401885986328,0.0
3724,pop14,1,0.0006220340728759766,0.0
3724,pop24,1,0.0005137920379638672,0.0
3725,pop37,5,0.011596345901489257,0.02203623238994093
3725,pop52,1,0.0005905628204345703,0.0
3725,pop53,1,0.0008001327514648438,0.0
3725,pop7,1,0.0004253387451171875,0.0
3726,pop53,4,0.01569885015487671,0.025872835302223236
3726,pop54,2,0.03125154972076416,0.03067195415496826
3726,pop50,1,0.0006997585296630859,0.0
3726,pop55,1,0.0005092620849609375,0.0
3727,pop6,2,0.03449547290802002,0.033844590187072754
3727,pop1,1,0.000568389892578125,0.0
3727,pop53,1,0.0007672309875488281,0.0
3727,pop54,4,0.0005519390106201172,6.39012943184688e-05
3727,pop52,1,0.0005083084106445312,0.0
3728,pop33,4,0.017097294330596924,0.028435761529610196
3728,pop32,3,0.02607568105061849,0.036089659079933424
3728,pop37,3,0.0006245772043863932,0.00011698561517040885
3728,pop50,1,0.0009114742279052734,0.0
3728,pop51,1,0.0007350444793701172,0.0
3728,pop10,1,0.0004889965057373047,0.0
3729,pop42,2,0.031111598014831543,0.030478358268737793
3729,pop43,1,0.00054931640625,0.0
3729,pop40,1,0.06249809265136719,0.0
3729,pop41,1,0.0005409717559814453,0.0
3729,pop53,3,0.04476372400919596,0.031140822472848377
3729,pop1,1,0.0006070137023925781,0.0
3729,pop6,1,0.07448649406433105,0.0
3729,pop7,1,0.0004470348358154297,0.0
3729,pop52,2,0.0006387233734130859,7.748603820800781e-05
3729,pop48,3,0.051529328028361,0.036042627093840963
3729,pop49,4,0.041407108306884766,0.04091168734745838
3729,pop2,2,0.043568968772888184,0.043085694313049316
3729,pop56,1,0.08538937568664551,0.0
3729,pop54,2,0.0006134510040283203,8.821487426757812e-06
3729,pop51,1,0.0007381439208984375,0.0
3730,pop10,2,0.03040921688079834,0.02974259853363037
3730,pop51,1,0.0007395744323730469,0.0
3730,pop43,1,0.0005102157592773438,0.0
3730,pop40,2,0.06366360187530518,0.0010334253311157227
3730,pop41,3,0.0006400744120279948,6.155643697561061e-05
3730,pop53,2,0.06655466556549072,0.0007115602493286133
3730,pop54,1,0.00048542022705078125,0.0
3730,pop52,2,0.03442692756652832,0.03355097770690918
3730,pop12,4,0.0005646347999572754,0.00011545287374231556
3730,pop55,1,0.0005040168762207031,0.0
3730,pop50,1,0.0008988380432128906,0.0
3730,pop14,1,0.0006146430969238281,0.0
3730,pop24,1,0.0005369186401367188,0.0
3731,pop21,3,0.05254824956258138,0.036755693139403266
3731,pop23,3,0.025002320607503254,0.03455851175601217
3731,pop24,3,0.05319650967915853,0.0372055401632555
3731,pop14,1,0.07480287551879883,0.0
3731,pop22,4,0.0005792975425720215,6.444502595521436e-05
3731,pop51,1,0.0007290840148925781,0.0
3731,pop19,1,0.0005650520324707031,0.0
3731,pop18,1,0.0005059242248535156,0.0
3732,pop30,2,0.029718637466430664,0.029062747955322266
3732,pop48,3,0.0006339550018310547,7.560764023004566e-05
3732,pop52,1,0.0005548000335693359,0.0
3732,pop53,1,0.0007219314575195312,0.0
3732,pop50,1,0.0007381439208984375,0.0
3732,pop44,1,0.0005114078521728516,0.0
3733,pop46,3,0.02218317985534668,0.030554473795547002
3733,pop20,1,0.06911969184875488,0.0
3733,pop45,1,0.0006892681121826172,0.0
3733,pop44,2,0.03512752056121826,0.034564852714538574
3733,pop50,2,0.0008522272109985352,2.8252601623535156e-05
3733,pop55,1,0.06236433982849121,0.0
3733,pop52,2,0.0007171630859375,6.580352783203125e-05
3733,pop53,1,0.0006768703460693359,0.0
3733,pop16,1,0.0004856586456298828,0.0
3734,pop23,5,0.014580392837524414,0.02792720433269672
3734,pop24,4,0.04131460189819336,0.040835859925837124
3734,pop16,2,0.0005098581314086914,7.748603820800781e-06
3734,pop50,2,0.000732421875,2.4318695068359375e-05
3734,pop14,1,0.07538199424743652,0.0
3734,pop53,1,0.0008075237274169922,0.0
3734,pop7,1,0.0005838871002197266,0.0
3735,pop44,2,0.03394019603729248,0.03324425220489502
3735,pop45,1,0.0005056858062744141,0.0
3735,pop46,1,0.0006444454193115234,0.0
3735,pop20,1,0.06915974617004395,0.0
3735,pop19,1,0.0005872249603271484,0.0
3735,pop51,2,0.0007739067077636719,2.7894973754882812e-05
3735,pop4,4,0.0005713701248168945,6.648277603639257e-05
3736,pop38,5,0.014751005172729491,0.028329595658195265
3736,pop18,1,0.0005338191986083984,0.0
3736,pop19,1,0.0005614757537841797,0.0
3736,pop51,1,0.0007288455963134766,0.0
3736,pop50,1,0.0008234977722167969,0.0
3736,pop16,1,0.0006821155548095703,0.0
3737,pop45,2,0.03429615497589111,0.03362119197845459
3737,pop46,1,0.0004899501800537109,0.0
3737,pop20,4,0.0005118846893310547,2.4436450542842513e-05
3737,pop19,1,0.0007152557373046875,0.0
3737,pop51,1,0.0007448196411132812,0.0
3738,pop52,3,0.021526654561360676,0.029533515024783387
3738,pop12,4,0.0005724430084228516,0.00014848626034871153
3738,pop53,1,0.0008144378662109375,0.0
3738,pop47,1,0.0004706382751464844,0.0
3739,pop47,2,0.02755260467529297,0.02689385414123535
3739,pop53,3,0.022009929021199543,0.030079316729725174
3739,pop41,2,0.0006045103073120117,9.310245513916016e-05
3739,pop40,1,0.06564760208129883,0.0
3739,pop52,3,0.023423274358113606,0.0319767352531275
3739,pop12,2,0.0005743503570556641,7.843971252441406e-05
3739,pop54,1,0.0005376338958740234,0.0
3739,pop7,1,0.0004470348358154297,0.0
3740,pop33,3,0.02389693260192871,0.032982644449588525
3740,pop32,4,0.0005702376365661621,5.104033819267303e-05
3740,pop50,1,0.0007452964782714844,0.0
3740,pop14,1,0.0005729198455810547,0.0
3740,pop24,1,0.0005095005035400391,0.0
3741,pop40,3,0.04180304209391276,0.029099963996492742
3741,pop41,1,0.0005433559417724609,0.0
3741,pop53,2,0.06435394287109375,0.0017576217651367188
3741,pop1,3,0.0005803902943929037,1.8621425480391852e-05
3741,pop6,1,0.07438206672668457,0.0
3741,pop54,1,0.00046896934509277344,0.0
3741,pop52,2,0.035621047019958496,0.03477752208709717
3741,pop12,3,0.0005257129669189453,0.00010025286265852841
3741,pop3,1,0.0004429817199707031,0.0
3741,pop0,1,0.00046133995056152344,0.0
3741,pop15,1,0.00043892860412597656,0.0
3742,pop27,5,0.015592098236083984,0.029994297563306314
3742,pop25,1,0.0004851818084716797,0.0
3742,pop17,1,0.0005838871002197266,0.0
3742,pop50,1,0.0008633136749267578,0.0
3742,pop53,1,0.0006742477416992188,0.0
3742,pop1,1,0.0005733966827392578,0.0
3742,pop15,1,0.0004093647003173828,0.0
3743,pop57,2,0.03728020191192627,0.03662455081939697
3743,pop56,2,0.0367811918258667,0.03629195690155029
3743,pop2,2,0.038039445877075195,0.03744220733642578
3743,pop49,1,0.00045228004455566406,0.0
3743,pop48,1,0.0005371570587158203,0.0
3743,pop52,1,0.0006456375122070312,0.0
3743,pop55,2,0.0007045269012451172,3.7670135498046875e-05
3743,pop50,1,0.0008120536804199219,0.0
3743,pop51,2,0.0007765293121337891,4.887580871582031e-05
3743,pop19,1,0.0009717941284179688,0.0
3743,pop46,1,0.0004830360412597656,0.0
3743,pop20,1,0.00044465065002441406,0.0
3744,pop50,3,0.02161439259847005,0.0293484816036474
3744,pop17,3,0.025574922561645508,0.03539745220119903
3744,pop44,2,0.0006250143051147461,7.522106170654297e-05
3744,pop45,1,0.0004942417144775391,0.0
3744,pop46,1,0.0004761219024658203,0.0
3744,pop20,1,0.0006327629089355469,0.0
3745,pop10,2,0.03185248374938965,0.031200647354125977
3745,pop51,1,0.0006945133209228516,0.0
3745,pop53,4,0.0007480978965759277,9.48521544301702e-05
3745,pop1,1,0.0006823539733886719,0.0
3745,pop6,1,0.00044846534729003906,0.0
3746,pop46,2,0.033886075019836426,0.033217787742614746
3746,pop20,1,0.0005235671997070312,0.0
3746,pop19,2,0.0005918741226196289,2.300739288330078e-05
3746,pop18,2,0.0005036592483520508,3.612041473388672e-05
3746,pop38,4,0.0005192160606384277,1.051798228008437e-05
3746,pop51,1,0.000583648681640625,0.0
3747,pop23,4,0.01831197738647461,0.030649438737677673
3747,pop24,2,0.03931844234466553,0.03879225254058838
3747,pop16,1,0.0004954338073730469,0.0
3747,pop50,1,0.0008392333984375,0.0
3747,pop55,1,0.0004792213439941406,0.0
3748,pop38,4,0.01837688684463501,0.030670517772001315
3748,pop18,1,0.00048804283142089844,0.0
3748,pop19,1,0.0005609989166259766,0.0
3748,pop51,1,0.0008828639984130859,0.0
3748,pop50,1,0.0008459091186523438,0.0
3748,pop14,1,0.0007014274597167969,0.0
3748,pop24,1,0.000499725341796875,0.0
3749,pop47,4,0.027273893356323242,0.026744049852182518
3749,pop51,1,0.0007200241088867188,0.0
3749,pop53,2,0.0007357597351074219,4.3392181396484375e-05
3749,pop52,3,0.0008182525634765625,0.00026601381347268494
3749,pop54,1,0.0005071163177490234,0.0
3750,pop14,3,0.024059216181437176,0.03302785903144754
3750,pop24,1,0.07634520530700684,0.0
3750,pop50,1,0.0006966590881347656,0.0
3750,pop16,1,0.0004837512969970703,0.0
3750,pop23,1,0.07663536071777344,0.0
3750,pop21,1,0.08200478553771973,0.0
3750,pop22,3,0.0005266666412353516,4.033151713140583e-05
3750,pop51,1,0.0007460117340087891,0.0
3751,pop21,3,0.051636060078938804,0.036092582656644875
3751,pop23,3,0.0006000200907389323,0.00010264177506220574
3751,pop16,1,0.000659942626953125,0.0
3751,pop50,2,0.0007331371307373047,5.9604644775390625e-05
3751,pop14,2,0.00060272216796875,7.152557373046875e-07
3751,pop24,4,0.020315885543823242,0.034139124604843196
3751,pop51,1,0.0007205009460449219,0.0
3751,pop19,1,0.0005946159362792969,0.0
3751,pop18,1,0.0005185604095458984,0.0
3752,pop50,3,0.021741072336832683,0.029663038395509815
3752,pop17,3,0.0007294813791910807,0.00014637740113688448
3752,pop51,1,0.0008437633514404297,0.0
3752,pop19,1,0.0006036758422851562,0.0
3752,pop18,1,0.0006167888641357422,0.0
3753,pop22,5,0.012525606155395507,0.02372521428960851
3753,pop51,1,0.0007395744323730469,0.0
3753,pop19,1,0.0005831718444824219,0.0
3753,pop18,1,0.0005056858062744141,0.0
3754,pop32,2,0.03723430633544922,0.03645825386047363
3754,pop50,2,0.0007876157760620117,4.279613494873047e-05
3754,pop17,4,0.0006214380264282227,9.62268579519997e-05
3754,pop53,1,0.0007755756378173828,0.0
3754,pop1,1,0.0005550384521484375,0.0
3754,pop15,1,0.0004258155822753906,0.0
3755,pop40,2,0.03149008750915527,0.030833005905151367
3755,pop41,1,0.0005154609680175781,0.0
3755,pop53,1,0.0007903575897216797,0.0
3755,pop50,2,0.0007652044296264648,3.5762786865234375e-07
3755,pop17,2,0.03875172138214111,0.038019537925720215
3755,pop55,1,0.061904191970825195,0.0
3755,pop56,1,0.0005276203155517578,0.0
3755,pop48,1,0.00054931640625,0.0
3755,pop52,2,0.0008629560470581055,0.00026166439056396484
3755,pop51,2,0.0007429122924804688,2.193450927734375e-05
3755,pop19,1,0.0009720325469970703,0.0
3755,pop46,1,0.0005178451538085938,0.0
3755,pop20,1,0.0004858970642089844,0.0
3756,pop27,5,0.015579032897949218,0.02992799192971209
3756,pop25,1,0.0004849433898925781,0.0
3756,pop17,1,0.0005571842193603516,0.0
3756,pop50,1,0.0007832050323486328,0.0
3756,pop53,1,0.0007407665252685547,0.0
3756,pop7,1,0.0004436969757080078,0.0
3757,pop23,2,0.03574669361114502,0.03510010242462158
3757,pop24,1,0.07698321342468262,0.0
3758,pop14,2,0.036319613456726074,0.03558027744293213
3758,pop24,1,0.07599115371704102,0.0
3759,pop50,2,0.03312790393829346,0.0323108434677124
3759,pop17,3,0.000751495361328125,0.00014023080114581083
3759,pop31,1,0.0004973411560058594,0.0
3759,pop30,1,0.0004787445068359375,0.0
3759,pop48,1,0.0005304813385009766,0.0
3759,pop52,1,0.0005896091461181641,0.0
3759,pop34,1,0.0004756450653076172,0.0
3759,pop35,1,0.0004622936248779297,0.0
3760,pop4,2,0.03165733814239502,0.03096306324005127
3760,pop51,1,0.0007412433624267578,0.0
3760,pop50,4,0.0008057355880737305,5.9604763984560965e-05
3760,pop17,4,0.019505798816680908,0.03250344387569389
3760,pop25,1,0.0005233287811279297,0.0
3760,pop27,1,0.0005278587341308594,0.0
3760,pop14,1,0.0005331039428710938,0.0
3760,pop55,1,0.06313776969909668,0.0
3760,pop53,1,0.0008261203765869141,0.0
3760,pop47,1,0.0004646778106689453,0.0
3761,pop24,3,0.05323338508605957,0.037198352137702305
3761,pop14,1,0.0005307197570800781,0.0
3761,pop50,3,0.0007586479187011719,6.239312937236079e-05
3761,pop53,1,0.06658744812011719,0.0
3761,pop17,1,0.07713580131530762,0.0
3761,pop55,2,0.0005379915237426758,5.841255187988281e-06
3762,pop36,2,0.030672907829284668,0.0300217866897583
3762,pop51,1,0.001125335693359375,0.0
3762,pop50,1,0.0008716583251953125,0.0
3762,pop16,1,0.0005285739898681641,0.0
3762,pop23,2,0.0006177425384521484,9.894371032714844e-05
3762,pop21,2,0.0005164146423339844,1.811981201171875e-05
3762,pop22,4,0.0005317330360412598,7.891175505458868e-05
3762,pop24,1,0.0005266666412353516,0.0
3763,pop55,3,0.03854775428771973,0.026822593576157308
3763,pop52,2,0.0006780624389648438,6.198883056640625e-05
3763,pop48,2,0.0005450248718261719,3.0994415283203125e-06
3764,pop9,5,0.012918758392333984,0.024722139183797044
3764,pop51,1,0.0007288455963134766,0.0
3764,pop19,1,0.0005745887756347656,0.0
3764,pop18,1,0.0004963874816894531,0.0
3765,pop53,5,0.02533378601074219,0.03012655356768288
3765,pop54,2,0.0006471872329711914,0.0001329183578491211
3765,pop50,1,0.0008056163787841797,0.0
3765,pop14,1,0.0006122589111328125,0.0
3765,pop24,1,0.0004990100860595703,0.0
3766,pop6,2,0.035494208335876465,0.03484547138214111
3766,pop1,1,0.0005958080291748047,0.0
3766,pop53,2,0.0007398128509521484,2.956390380859375e-05
3766,pop52,5,0.013549041748046876,0.025878814372404822
3766,pop55,1,0.06363487243652344,0.0
3766,pop50,1,0.0007448196411132812,0.0
3767,pop21,4,0.039702534675598145,0.039137084803444355
3767,pop23,1,0.00057220458984375,0.0
3767,pop24,2,0.0005401372909545898,1.2993812561035156e-05
3768,pop22,5,0.011997222900390625,0.022718386584590276
3768,pop51,1,0.0007851123809814453,0.0
3768,pop50,1,0.0009181499481201172,0.0
3768,pop55,1,0.0006239414215087891,0.0
3769,pop40,2,0.030852675437927246,0.03019082546234131
3769,pop41,1,0.0005259513854980469,0.0
3769,pop53,2,0.0006996393203735352,4.279613494873047e-05
3769,pop54,3,0.0005927085876464844,0.00013219502200472038
3769,pop50,1,0.0007781982421875,0.0
3769,pop14,1,0.0006070137023925781,0.0
3769,pop24,1,0.0006203651428222656,0.0
3770,pop14,4,0.018904387950897217,0.031593306291184266
3770,pop50,1,0.0006575584411621094,0.0
3770,pop53,1,0.0006420612335205078,0.0
3770,pop1,1,0.0005161762237548828,0.0
3770,pop6,1,0.00045871734619140625,0.0
3771,pop50,2,0.033055782318115234,0.03223466873168945
3771,pop16,2,0.0005002021789550781,2.5272369384765625e-05
3771,pop23,4,0.018752455711364746,0.0314429090294738
3771,pop21,1,0.0785679817199707,0.0
3772,pop48,2,0.03462553024291992,0.033934831619262695
3772,pop52,3,0.021849711736043293,0.029934781487196402
3772,pop13,2,0.0005319118499755859,7.987022399902344e-05
3772,pop51,1,0.0006866455078125,0.0
3773,pop39,2,0.03285014629364014,0.03220045566558838
3773,pop38,3,0.0005425612131754557,6.067095733232946e-05
3773,pop18,1,0.0004439353942871094,0.0
3773,pop19,1,0.0005357265472412109,0.0
3773,pop51,1,0.0007388591766357422,0.0
3773,pop50,1,0.000823974609375,0.0
3773,pop55,1,0.000621795654296875,0.0
3774,pop42,2,0.03163719177246094,0.030991077423095703
3774,pop43,1,0.0004875659942626953,0.0
3774,pop51,1,0.0006659030914306641,0.0
3774,pop50,3,0.0007796287536621094,1.9695164135039694e-05
3774,pop17,2,0.03927910327911377,0.03867805004119873
3774,pop33,2,0.0005227327346801758,1.2993812561035156e-05
3774,pop32,3,0.0005713303883870443,8.872894761064603e-05
3774,pop55,1,0.0005331039428710938,0.0
3775,pop45,2,0.03554713726043701,0.03491842746734619
3775,pop44,2,0.0006926059722900391,0.00016736984252929688
3775,pop50,3,0.0008475780487060547,0.00020780391569858703
3775,pop17,4,0.0006693005561828613,9.819305795441744e-05
3775,pop14,1,0.0005562305450439453,0.0
3775,pop24,1,0.0006830692291259766,0.0
3776,pop27,5,0.015159702301025391,0.029092452379093556
3776,pop25,1,0.0004897117614746094,0.0
3776,pop17,1,0.0006031990051269531,0.0
3776,pop50,1,0.0009846687316894531,0.0
3776,pop53,1,0.0007543563842773438,0.0
3776,pop52,1,0.0005924701690673828,0.0
3777,pop24,4,0.019743740558624268,0.033036987064360444
3777,pop23,2,0.03697311878204346,0.03642427921295166
3777,pop14,1,0.0005800724029541016,0.0
3777,pop50,1,0.0007433891296386719,0.0
3777,pop51,1,0.0006704330444335938,0.0
3777,pop19,1,0.0006055831909179688,0.0
3777,pop20,1,0.0004975795745849609,0.0
3778,pop55,4,0.02992624044418335,0.029400524420656073
3778,pop52,5,0.013757133483886718,0.026197187319440315
3778,pop48,2,0.036074280738830566,0.035536885261535645
3778,pop56,1,0.07398796081542969,0.0
3778,pop12,2,0.0005526542663574219,9.250640869140625e-05
3778,pop3,1,0.0005929470062255859,0.0
3778,pop0,1,0.0004322528839111328,0.0
3778,pop1,1,0.0005583763122558594,0.0
3778,pop15,1,0.00043845176696777344,0.0
3779,pop53,2,0.03179514408111572,0.030982613563537598
3779,pop52,4,0.01721656322479248,0.02885048955294114
3779,pop48,2,0.03528797626495361,0.03475034236907959
3779,pop56,1,0.07794666290283203,0.0
3779,pop37,3,0.0006016890207926432,7.494598273136571e-05
3779,pop34,1,0.0004439353942871094,0.0
3779,pop35,1,0.0005633831024169922,0.0
3780,pop14,2,0.03691375255584717,0.0362163782119751
3780,pop24,1,0.0006380081176757812,0.0
3781,pop50,3,0.02216800053914388,0.030121295056525867
3781,pop17,1,0.07461929321289062,0.0
3781,pop25,1,0.0005171298980712891,0.0
3781,pop27,1,0.00047707557678222656,0.0
3781,pop44,1,0.0005645751953125,0.0
3781,pop53,4,0.018221378326416016,0.03024165626601033
3781,pop51,2,0.0007108449935913086,1.0371208190917969e-05
3781,pop10,2,0.0006320476531982422,0.0001068115234375
3781,pop1,1,0.0006046295166015625,0.0
3781,pop6,1,0.00047969818115234375,0.0
3782,pop41,2,0.03271043300628662,0.03204357624053955
3782,pop53,3,0.0008953412373860677,0.0001060853433402045
3782,pop52,3,0.02270189921061198,0.031283660203775834
3782,pop37,4,0.015902400016784668,0.026578213927726208
3782,pop33,2,0.0005545616149902344,1.3589859008789062e-05
3782,pop32,1,0.08526277542114258,0.0
3782,pop7,1,0.0004360675811767578,0.0
3783,pop28,2,0.030444622039794922,0.029802322387695312
3783,pop51,1,0.0006420612335205078,0.0
3783,pop22,4,0.0005437731742858887,4.391705659636416e-05
3783,pop21,1,0.0004949569702148438,0.0
3783,pop23,1,0.0005273818969726562,0.0
3783,pop24,1,0.0004706382751464844,0.0
3784,pop46,2,0.03330039978027344,0.032648324966430664
3784,pop20,1,0.0005121231079101562,0.0
3784,pop19,1,0.0007874965667724609,0.0
3784,pop51,2,0.0006189346313476562,1.9550323486328125e-05
3784,pop10,1,0.06648826599121094,0.0
3784,pop53,1,0.06897854804992676,0.0
3784,pop54,1,0.0004889965057373047,0.0
3784,pop52,3,0.0006244977315266927,5.97431903881402e-05
3784,pop55,1,0.0004975795745849609,0.0
3785,pop47,5,0.011633062362670898,0.02212326296957144
3785,pop53,1,0.0006551742553710938,0.0
3785,pop1,1,0.0007236003875732422,0.0
3785,pop6,1,0.0004794597625732422,0.0
3786,pop40,4,0.016231119632720947,0.02700024829071009
3786,pop43,1,0.00048732757568359375,0.0
3786,pop51,1,0.0006697177886962891,0.0
3786,pop19,1,0.0004990100860595703,0.0
3786,pop20,1,0.0005099773406982422,0.0
3787,pop48,2,0.034807562828063965,0.034127116203308105
3787,pop52,3,0.0006693998972574869,7.349490911417116e-05
3787,pop34,1,0.00046563148498535156,0.0
3787,pop35,1,0.00042891502380371094,0.0
3788,pop42,2,0.03197765350341797,0.03133702278137207
3788,pop43,1,0.0004925727844238281,0.0
3788,pop51,2,0.0006630420684814453,4.0531158447265625e-06
3788,pop10,2,0.03372371196746826,0.033184170722961426
3788,pop53,2,0.033936500549316406,0.03312039375305176
3788,pop54,1,0.0005748271942138672,0.0
3788,pop52,3,0.0007037321726481119,0.0001025812079622589
3788,pop50,1,0.0007112026214599609,0.0
3788,pop44,1,0.0005857944488525391,0.0
3789,pop45,2,0.03488361835479736,0.0342329740524292
3789,pop44,3,0.0005590120951334635,3.1275776307353946e-05
3789,pop50,1,0.0008082389831542969,0.0
3789,pop55,1,0.00046515464782714844,0.0
3790,pop53,2,0.030768752098083496,0.029985785484313965
3790,pop52,3,0.0007847944895426432,0.0002707707625667722
3790,pop51,1,0.0006265640258789062,0.0
3790,pop19,1,0.0005984306335449219,0.0
3790,pop18,1,0.0005664825439453125,0.0
3791,pop14,4,0.01870054006576538,0.031225067919178773
3791,pop50,1,0.0007307529449462891,0.0
3791,pop51,1,0.0006957054138183594,0.0
3791,pop10,1,0.0004954338073730469,0.0
3792,pop8,2,0.03028583526611328,0.029658079147338867
3792,pop51,2,0.000675201416015625,7.390975952148438e-05
3792,pop10,4,0.0005499720573425293,6.298817956068308e-05
3792,pop53,1,0.0006330013275146484,0.0
3792,pop7,1,0.0005424022674560547,0.0
3793,pop39,2,0.03332626819610596,0.032675862312316895
3793,pop38,3,0.02663111686706543,0.036942556838488516
3793,pop18,1,0.0004830360412597656,0.0
3793,pop19,1,0.0006186962127685547,0.0
3793,pop20,1,0.07543134689331055,0.0
3793,pop46,1,0.0005409717559814453,0.0
3793,pop45,1,0.0005311965942382812,0.0
3793,pop44,1,0.07381224632263184,0.0
3793,pop50,1,0.0007693767547607422,0.0
3793,pop14,2,0.0006382465362548828,2.5272369384765625e-05
3793,pop24,1,0.0005333423614501953,0.0
3794,pop46,2,0.034548401832580566,0.03387773036956787
3794,pop20,1,0.0004923343658447266,0.0
3794,pop19,3,0.0005963643391927084,1.2171548028994654e-05
3794,pop18,3,0.0005210240681966146,2.463940635048433e-05
3794,pop38,2,0.03914487361907959,0.038459181785583496
3794,pop51,2,0.0006818771362304688,7.43865966796875e-05
3794,pop47,1,0.06304645538330078,0.0
3794,pop53,3,0.0007336934407552084,3.688962021217624e-05
3794,pop41,2,0.000506281852722168,1.9431114196777344e-05
3794,pop40,1,0.07316756248474121,0.0
3794,pop1,2,0.000651240348815918,6.473064422607422e-05
3794,pop6,3,0.0005474090576171875,0.0001000920836057576
3795,pop47,3,0.019042412439982098,0.025984285605457902
3795,pop51,2,0.0007162094116210938,7.62939453125e-06
3795,pop53,2,0.000941157341003418,0.0001379251480102539
3795,pop52,5,0.014261293411254882,0.027199001029894195
3795,pop12,2,0.03625929355621338,0.035784125328063965
3795,pop13,1,0.07436919212341309,0.0
3796,pop18,3,0.023659308751424152,0.03261191967683971
3796,pop38,2,0.038956284523010254,0.03843486309051514
3796,pop19,1,0.0005686283111572266,0.0
3796,pop20,1,0.07292556762695312,0.0
3796,pop46,1,0.0004837512969970703,0.0
3796,pop45,1,0.00048661231994628906,0.0
3796,pop44,2,0.036974191665649414,0.03644418716430664
3796,pop50,2,0.0009329319000244141,0.00018477439880371094
3796,pop27,1,0.0005428791046142578,0.0
3796,pop25,1,0.0005478858947753906,0.0
3796,pop17,3,0.0007907549540201823,0.0001474273171767692
3796,pop53,1,0.0006496906280517578,0.0
3796,pop1,1,0.0005486011505126953,0.0
3796,pop15,1,0.0004525184631347656,0.0
3797,pop16,2,0.03438723087310791,0.03369605541229248
3797,pop23,1,0.07390451431274414,0.0
3797,pop24,2,0.04160141944885254,0.040914058685302734
3797,pop14,1,0.0005686283111572266,0.0
3797,pop50,2,0.0008020401000976562,3.6716461181640625e-05
3797,pop55,1,0.0624234676361084,0.0
3797,pop53,1,0.0006456375122070312,0.0
3797,pop52,2,0.0358731746673584,0.034768104553222656
3797,pop13,2,0.0006139278411865234,0.0001347064971923828
3797,pop51,1,0.0007760524749755859,0.0
3797,pop19,1,0.0006258487701416016,0.0
3797,pop20,1,0.0005156993865966797,0.0
3798,pop31,2,0.031696438789367676,0.0310438871383667
3798,pop30,1,0.0006346702575683594,0.0
3798,pop48,1,0.0005183219909667969,0.0
3798,pop52,4,0.017489373683929443,0.02924771921956668
3798,pop12,2,0.03665149211883545,0.036011576652526855
3798,pop13,2,0.0006508827209472656,0.00016927719116210938
3798,pop53,1,0.0008656978607177734,0.0
3798,pop47,1,0.0004856586456298828,0.0
3799,pop23,3,0.049321651458740234,0.03441403260790723
3799,pop24,3,0.0006330013275146484,0.0001661065280574424
3799,pop14,1,0.0005943775177001953,0.0
3799,pop50,1,0.0008285045623779297,0.0
3799,pop35,1,0.00044465065002441406,0.0
3800,pop41,2,0.03244650363922119,0.03180849552154541
3800,pop53,3,0.021642128626505535,0.029611251899624567
3800,pop54,3,0.0005653699239095052,8.634600943452459e-05
3800,pop51,1,0.0007162094116210938,0.0
3801,pop42,2,0.031542181968688965,0.030918002128601074
3801,pop43,1,0.0004978179931640625,0.0
3801,pop51,1,0.0007288455963134766,0.0
3801,pop53,3,0.021845340728759766,0.029849413403389407
3801,pop41,2,0.0005449056625366211,5.841255187988281e-06
3801,pop40,2,0.0329740047454834,0.03241586685180664
3801,pop52,2,0.036149024963378906,0.03557538986206055
3801,pop55,2,0.0006504058837890625,0.00013971328735351562
3801,pop50,1,0.0007798671722412109,0.0
3801,pop1,1,0.0006690025329589844,0.0
3801,pop15,1,0.0005652904510498047,0.0
3802,pop56,2,0.03624379634857178,0.03559911251068115
3802,pop2,2,0.038559794425964355,0.038097262382507324
3802,pop49,3,0.0006233056386311849,0.00010947789549977501
3802,pop48,1,0.0005435943603515625,0.0
3802,pop52,1,0.0005981922149658203,0.0
3802,pop53,1,0.0008575916290283203,0.0
3802,pop50,1,0.0009145736694335938,0.0
3802,pop44,1,0.0005393028259277344,0.0
3803,pop37,4,0.014122545719146729,0.02339119256233607
3803,pop33,1,0.0007038116455078125,0.0
3803,pop50,1,0.0007328987121582031,0.0
3803,pop53,1,0.0008029937744140625,0.0
3803,pop52,1,0.0005919933319091797,0.0
3804,pop9,4,0.016396403312683105,0.027294745634347823
3804,pop51,1,0.0006670951843261719,0.0
3804,pop19,1,0.0007832050323486328,0.0
3804,pop20,1,0.0004909038543701172,0.0
3805,pop8,2,0.030600547790527344,0.029951810836791992
3805,pop51,2,0.0006268024444580078,3.409385681152344e-05
3805,pop10,1,0.06682562828063965,0.0
3805,pop47,4,0.0005158185958862305,5.430542517155045e-05
3806,pop47,3,0.037799676259358726,0.026266131376350442
3806,pop53,1,0.0007796287536621094,0.0
3806,pop52,4,0.0006628632545471191,4.647003033088856e-05
3806,pop48,2,0.038091421127319336,0.037580251693725586
3806,pop49,2,0.0004715919494628906,2.5033950805664062e-05
3806,pop2,1,0.08055973052978516,0.0
3806,pop55,1,0.06714987754821777,0.0
3806,pop37,3,0.0006180604298909506,8.073566419272039e-05
3806,pop34,1,0.00043487548828125,0.0
3806,pop35,1,0.0004448890686035156,0.0
3807,pop18,2,0.0365067720413208,0.03580796718597412
3807,pop19,2,0.000603795051574707,9.179115295410156e-06
3807,pop20,1,0.07197856903076172,0.0
3807,pop51,3,0.0007258256276448568,0.00011215752156372472
3807,pop43,2,0.000548243522644043,7.522106170654297e-05
3807,pop40,2,0.03413271903991699,0.03364968299865723
3807,pop4,2,0.03554201126098633,0.034882307052612305
3807,pop50,2,0.0008785724639892578,5.53131103515625e-05
3807,pop17,2,0.0007224082946777344,0.0001430511474609375
3807,pop35,1,0.0004353523254394531,0.0
3808,pop30,2,0.030452489852905273,0.02980327606201172
3808,pop31,1,0.0005140304565429688,0.0
3808,pop17,4,0.0006572604179382324,0.00012066764178110241
3808,pop25,1,0.0005309581756591797,0.0
3808,pop27,1,0.0005104541778564453,0.0
3808,pop14,1,0.0006430149078369141,0.0
3808,pop50,1,0.0006582736968994141,0.0
3808,pop51,1,0.0006825923919677734,0.0
3809,pop44,3,0.046945810317993164,0.03270743995127307
3809,pop50,2,0.0007297992706298828,2.384185791015625e-06
3809,pop17,2,0.0006880760192871094,0.0001342296600341797
3809,pop51,1,0.0007505416870117188,0.0
3809,pop10,1,0.0005116462707519531,0.0
3810,pop52,3,0.02235555648803711,0.03067993438473876
3810,pop37,3,0.0005866686503092448,8.750846043168323e-05
3811,pop33,3,0.02362227439880371,0.032562544493611366
3811,pop32,4,0.0005691051483154297,8.596056145851763e-05
3811,pop50,1,0.0008192062377929688,0.0
3811,pop53,1,0.0007562637329101562,0.0
3811,pop1,1,0.0005688667297363281,0.0
3811,pop15,1,0.00041222572326660156,0.0
3812,pop24,6,0.013716856638590494,0.029215814353003966
3812,pop23,1,0.0005896091461181641,0.0
3812,pop16,1,0.0004868507385253906,0.0
3812,pop50,2,0.0008268356323242188,4.2438507080078125e-05
3812,pop14,2,0.03958940505981445,0.03903627395629883
3812,pop51,2,0.0007126331329345703,9.5367431640625e-06
3812,pop19,1,0.0009248256683349609,0.0
3812,pop46,1,0.0004973411560058594,0.0
3812,pop20,1,0.00048613548278808594,0.0
3813,pop55,2,0.029844164848327637,0.029171109199523926
3813,pop52,4,0.034681618213653564,0.03411651700349634
3813,pop48,2,0.037679433822631836,0.03712725639343262
3813,pop56,1,0.07648682594299316,0.0
3814,pop23,4,0.018576204776763916,0.03110046326371267
3814,pop24,1,0.0005083084106445312,0.0
3815,pop57,2,0.0377810001373291,0.03716897964477539
3815,pop56,3,0.0005680720011393229,8.723651499776819e-05
3815,pop48,1,0.0005314350128173828,0.0
3815,pop52,1,0.000583648681640625,0.0
3815,pop53,1,0.0007834434509277344,0.0
3815,pop51,1,0.0007061958312988281,0.0
3816,pop10,5,0.01309795379638672,0.02502302903910632
3816,pop51,1,0.0005679130554199219,0.0
3816,pop50,1,0.0007989406585693359,0.0
3816,pop14,1,0.0006117820739746094,0.0
3816,pop24,1,0.0005681514739990234,0.0
3817,pop38,2,0.0367358922958374,0.036080241203308105
3817,pop18,1,0.0004780292510986328,0.0
3817,pop19,1,0.0006165504455566406,0.0
3817,pop51,1,0.0007495880126953125,0.0
3817,pop53,2,0.03394198417663574,0.03316140174865723
3817,pop52,3,0.02374585469563802,0.03278429226595376
3817,pop12,2,0.0005942583084106445,8.571147918701172e-05
3817,pop50,1,0.0008416175842285156,0.0
3817,pop44,1,0.0005450248718261719,0.0
3818,pop48,4,0.01750040054321289,0.029174954713828836
3818,pop52,1,0.0005648136138916016,0.0
3818,pop53,1,0.0007193088531494141,0.0
3818,pop47,1,0.0004565715789794922,0.0
3819,pop53,5,0.013168525695800782,0.02477266838981124
3819,pop7,1,0.0004382133483886719,0.0
3820,pop14,4,0.03709524869918823,0.03647460869499698
3820,pop24,3,0.000575860341389974,4.399854661911613e-05
3820,pop23,2,0.039343833923339844,0.038849592208862305
3820,pop50,1,0.0009415149688720703,0.0
3820,pop51,1,0.0006492137908935547,0.0
3821,pop8,2,0.03090047836303711,0.030269861221313477
3821,pop51,4,0.0007141232490539551,4.566583320677111e-05
3821,pop10,5,0.01388707160949707,0.02662075995643711
3821,pop4,1,0.07204532623291016,0.0
3821,pop53,1,0.0006814002990722656,0.0
3821,pop7,1,0.0004317760467529297,0.0
3822,pop52,5,0.02754077911376953,0.03299904914737498
3822,pop54,1,0.06168866157531738,0.0
3822,pop48,2,0.03583085536956787,0.03526794910430908
3822,pop55,1,0.06177568435668945,0.0
3822,pop50,2,0.0008612871170043945,1.1086463928222656e-05
3822,pop17,2,0.0006374120712280273,6.759166717529297e-05
3822,pop16,1,0.0005388259887695312,0.0
3823,pop39,2,0.03390932083129883,0.03321504592895508
3823,pop38,2,0.037299513816833496,0.03679859638214111
3823,pop18,1,0.0005228519439697266,0.0
3823,pop19,2,0.0005599260330200195,1.5616416931152344e-05
3823,pop20,1,0.07220721244812012,0.0
3823,pop51,2,0.0006775856018066406,4.458427429199219e-05
3823,pop10,1,0.07017159461975098,0.0
3823,pop53,3,0.024385770161946613,0.033469779470068364
3823,pop41,2,0.0005817413330078125,4.315376281738281e-05
3823,pop40,2,0.0005974769592285156,8.940696716308594e-05
3823,pop1,1,0.0006778240203857422,0.0
3823,pop15,1,0.0004754066467285156,0.0
3824,pop46,2,0.03457772731781006,0.03389155864715576
3824,pop20,1,0.0005168914794921875,0.0
3824,pop19,1,0.0006396770477294922,0.0
3824,pop51,4,0.0006951093673706055,1.8374092507360845e-05
3824,pop4,2,0.07005321979522705,0.0005258321762084961
3824,pop10,2,0.03387916088104248,0.03335583209991455
3824,pop9,3,0.0005562305450439453,0.0001365721612905492
3825,pop30,2,0.03080284595489502,0.03015124797821045
3825,pop48,4,0.01928657293319702,0.03246875160129418
3825,pop49,2,0.0396730899810791,0.03920245170593262
3825,pop2,2,0.0005915164947509766,7.104873657226562e-05
3825,pop52,1,0.0005867481231689453,0.0
3825,pop53,1,0.0007777214050292969,0.0
3825,pop50,1,0.0007939338684082031,0.0
3825,pop16,1,0.0005156993865966797,0.0
3826,pop23,2,0.03786134719848633,0.03717350959777832
3826,pop24,4,0.0006495118141174316,0.0001247793165210775
3826,pop14,1,0.0005905628204345703,0.0
3826,pop50,1,0.0008082389831542969,0.0
3826,pop53,1,0.0006983280181884766,0.0
3826,pop47,1,0.0004839897155761719,0.0
3827,pop57,2,0.0374910831451416,0.03688240051269531
3827,pop56,4,0.0006276965141296387,0.00010654488225579387
3827,pop48,1,0.0005190372467041016,0.0
3827,pop52,1,0.0005834102630615234,0.0
3827,pop53,1,0.0006999969482421875,0.0
3827,pop51,1,0.001041412353515625,0.0
3827,pop46,1,0.0005030632019042969,0.0
3827,pop20,1,0.0004911422729492188,0.0
3827,pop19,1,0.0006163120269775391,0.0
3827,pop18,1,0.0004696846008300781,0.0
3828,pop53,4,0.03223443031311035,0.03154068353704668
3828,pop1,2,0.0006142854690551758,8.404254913330078e-05
3828,pop6,2,0.0006033182144165039,0.00013196468353271484
3828,pop50,1,0.0009224414825439453,0.0
3828,pop55,1,0.0004773139953613281,0.0
3829,pop32,4,0.01933687925338745,0.032459286082754994
3829,pop33,1,0.0005037784576416016,0.0
3829,pop50,1,0.0006806850433349609,0.0
3829,pop51,1,0.0007219314575195312,0.0
3830,pop16,2,0.033850789070129395,0.03320157527923584
3830,pop23,1,0.0007052421569824219,0.0
3830,pop24,1,0.08221149444580078,0.0
3830,pop14,1,0.07792401313781738,0.0
3830,pop50,2,0.000985264778137207,0.00020182132720947266
3830,pop44,1,0.0005154609680175781,0.0
3830,pop27,1,0.0004937648773193359,0.0
3830,pop25,1,0.00048732757568359375,0.0
3830,pop17,4,0.0007073283195495605,6.99792798956168e-05
3830,pop53,1,0.0007410049438476562,0.0
3830,pop52,1,0.0005862712860107422,0.0
3831,pop31,2,0.030953526496887207,0.03029453754425049
3831,pop17,4,0.0006595849990844727,6.391674838710889e-05
3831,pop50,1,0.0008463859558105469,0.0
3831,pop53,1,0.0008006095886230469,0.0
3831,pop1,1,0.0005314350128173828,0.0
3831,pop15,1,0.0004520416259765625,0.0
3832,pop42,2,0.03250241279602051,0.031857967376708984
3832,pop43,1,0.0005178451538085938,0.0
3832,pop40,4,0.0005497336387634277,0.00010116569425340261
3832,pop41,1,0.0005245208740234375,0.0
3832,pop53,1,0.0007555484771728516,0.0
3832,pop50,1,0.0008096694946289062,0.0
3832,pop44,1,0.0005528926849365234,0.0
3833,pop10,2,0.03300905227661133,0.03233695030212402
3833,pop51,2,0.0006499290466308594,6.127357482910156e-05
3833,pop4,3,0.0006142457326253256,6.491653358379297e-05
3833,pop53,1,0.0007073879241943359,0.0
3833,pop52,1,0.0007779598236083984,0.0
3834,pop39,2,0.03273355960845947,0.03210413455963135
3834,pop38,3,0.0005877017974853516,0.0001001411012731466
3834,pop18,1,0.0005190372467041016,0.0
3834,pop19,1,0.0006246566772460938,0.0
3834,pop51,1,0.0007760524749755859,0.0
3834,pop53,1,0.0007686614990234375,0.0
3834,pop1,1,0.0007240772247314453,0.0
3834,pop6,1,0.0004987716674804688,0.0
3835,pop46,2,0.03366732597351074,0.032991647720336914
3835,pop20,1,0.0005121231079101562,0.0
3835,pop19,1,0.0005834102630615234,0.0
3835,pop51,3,0.0007776419321695963,7.016215857883779e-05
3835,pop4,1,0.06723141670227051,0.0
3835,pop10,1,0.06670808792114258,0.0
3835,pop47,4,0.0005190372467041016,7.514857549343823e-05
3836,pop57,2,0.03779947757720947,0.03712737560272217
3836,pop56,1,0.0763709545135498,0.0
3836,pop48,1,0.0005619525909423828,0.0
3836,pop52,2,0.0006029605865478516,2.2411346435546875e-05
3836,pop55,1,0.060302734375,0.0
3836,pop53,1,0.0006997585296630859,0.0
3836,pop50,1,0.0007338523864746094,0.0
3836,pop17,1,0.07893896102905273,0.0
3836,pop25,1,0.0004627704620361328,0.0
3836,pop27,1,0.00046133995056152344,0.0
3836,pop14,1,0.0005488395690917969,0.0
3836,pop24,5,0.018639039993286134,0.03611442306458655
3836,pop23,2,0.04376626014709473,0.04324746131896973
3836,pop21,1,0.09209895133972168,0.0
3837,pop53,3,0.021853526433308918,0.02983570843328956
3837,pop54,1,0.06256914138793945,0.0
3837,pop52,4,0.0006607174873352051,0.00013558026046456653
3837,pop55,1,0.05941629409790039,0.0
3837,pop51,1,0.0007066726684570312,0.0
3837,pop10,1,0.0005023479461669922,0.0
3838,pop4,2,0.033052682876586914,0.03240156173706055
3838,pop51,2,0.0006487369537353516,6.747245788574219e-05
3838,pop22,4,0.0005577206611633301,8.633326951997071e-05
3838,pop53,1,0.0008273124694824219,0.0
3838,pop7,1,0.00042247772216796875,0.0
3839,pop36,2,0.030603766441345215,0.029971718788146973
3839,pop51,3,0.0007118384043375651,1.8006873494666053e-05
3839,pop4,3,0.024165789286295574,0.03346769042405505
3839,pop19,2,0.0006102323532104492,1.0848045349121094e-05
3839,pop20,2,0.0006018877029418945,0.00010693073272705078
3839,pop53,1,0.0007636547088623047,0.0
3839,pop1,1,0.0005586147308349609,0.0
3839,pop6,1,0.0004162788391113281,0.0
3840,pop6,3,0.04869818687438965,0.03397272662872834
3840,pop1,2,0.0005487203598022461,1.5139579772949219e-05
3840,pop53,2,0.034534573554992676,0.033747076988220215
3840,pop0,1,0.0005910396575927734,0.0
3840,pop3,1,0.0005936622619628906,0.0
3840,pop52,3,0.0007495880126953125,0.00013538075103967026
3840,pop51,1,0.0008916854858398438,0.0
3840,pop19,1,0.0005958080291748047,0.0
3840,pop20,1,0.0004608631134033203,0.0
3841,pop21,5,0.016248464584350586,0.03135629564244358
3841,pop23,1,0.0005497932434082031,0.0
3841,pop16,1,0.0004661083221435547,0.0
3841,pop50,1,0.0007345676422119141,0.0
3841,pop53,1,0.0007233619689941406,0.0
3841,pop52,1,0.0005979537963867188,0.0
3842,pop22,5,0.012683629989624023,0.024066200180148916
3842,pop21,1,0.0004820823669433594,0.0
3842,pop23,1,0.0005147457122802734,0.0
3842,pop16,1,0.0005280971527099609,0.0
3842,pop50,1,0.0008189678192138672,0.0
3842,pop53,1,0.0007097721099853516,0.0
3842,pop47,1,0.00045180320739746094,0.0
3843,pop9,5,0.012876415252685547,0.02464837441863331
3843,pop51,1,0.0006723403930664062,0.0
3843,pop53,1,0.0007855892181396484,0.0
3843,pop52,1,0.0006029605865478516,0.0
3844,pop47,3,0.03775723775227865,0.02626361388638589
3844,pop53,2,0.03408670425415039,0.03351950645446777
3844,pop41,2,0.000508427619934082,1.895427703857422e-05
3844,pop40,2,0.07152259349822998,0.0034633874893188477
3844,pop43,3,0.0005291302998860677,8.44134962608097e-06
3844,pop51,3,0.0008611679077148438,0.00013098405147605658
3844,pop4,2,0.03674507141113281,0.036235809326171875
3844,pop11,1,0.0005130767822265625,0.0
3844,pop10,1,0.07514548301696777,0.0
3844,pop54,1,0.07271432876586914,0.0
3844,pop52,1,0.0005481243133544922,0.0
3844,pop55,2,0.0005718469619750977,8.14199447631836e-05
3845,pop18,3,0.0238339106241862,0.032883122151600844
3845,pop38,1,0.08198237419128418,0.0
3845,pop19,1,0.0006105899810791016,0.0
3845,pop20,1,0.07471299171447754,0.0
3845,pop46,1,0.0005359649658203125,0.0
3845,pop45,1,0.0005655288696289062,0.0
3845,pop44,2,0.03853142261505127,0.03799331188201904
3845,pop50,2,0.0010243654251098633,0.00023496150970458984
3845,pop27,1,0.0005068778991699219,0.0
3845,pop25,1,0.0005705356597900391,0.0
3845,pop17,3,0.0006211598714192709,9.302243061871658e-05
3845,pop51,1,0.0008084774017333984,0.0
3846,pop42,2,0.032640814781188965,0.032012343406677246
3846,pop43,1,0.0005037784576416016,0.0
3846,pop51,1,0.0007014274597167969,0.0
3846,pop53,2,0.03381204605102539,0.03318428993225098
3846,pop54,3,0.0005806287129720052,8.880664472363347e-05
3846,pop1,1,0.0005345344543457031,0.0
3846,pop6,1,0.00048065185546875,0.0
3847,pop39,2,0.03253626823425293,0.031806230545043945
3847,pop44,1,0.0005598068237304688,0.0
3847,pop50,2,0.0007328987121582031,4.696846008300781e-05
3847,pop17,2,0.03917241096496582,0.03843331336975098
3847,pop14,1,0.08162331581115723,0.0
3847,pop24,3,0.0005486806233723959,2.6606440475020084e-05
3848,pop46,2,0.0345766544342041,0.033935546875
3848,pop45,1,0.0006365776062011719,0.0
3848,pop44,1,0.00054931640625,0.0
3848,pop50,2,0.0007710456848144531,3.0279159545898438e-05
3848,pop17,3,0.02703205744425456,0.037400669176880966
3848,pop55,3,0.04378151893615723,0.0306151934462667
3848,pop52,4,0.0006361007690429688,5.826834960025213e-05
3848,pop13,1,0.07415103912353516,0.0
3849,pop53,4,0.01614844799041748,0.026460338915946575
3849,pop51,1,0.0007624626159667969,0.0
3849,pop19,1,0.0005598068237304688,0.0
3849,pop20,1,0.0004982948303222656,0.0
3850,pop27,2,0.039797425270080566,0.03915536403656006
3850,pop25,1,0.0005440711975097656,0.0
3850,pop17,1,0.07714986801147461,0.0
3850,pop50,2,0.0007957220077514648,6.878376007080078e-05
3850,pop44,4,0.0006075501441955566,3.567859554564853e-05
3850,pop55,1,0.0005004405975341797,0.0
3851,pop50,3,0.022405544916788738,0.030476781209925148
3851,pop17,3,0.0006302197774251302,2.5961242294951366e-05
3851,pop16,1,0.0004951953887939453,0.0
3852,pop44,2,0.034055233001708984,0.033356666564941406
3852,pop50,3,0.0008473396301269531,2.0732822611150422e-05
3852,pop17,1,0.0762639045715332,0.0
3852,pop25,1,0.0006430149078369141,0.0
3852,pop27,1,0.0005137920379638672,0.0
3852,pop14,1,0.0008263587951660156,0.0
3852,pop24,1,0.0005364418029785156,0.0
3852,pop23,1,0.0005428791046142578,0.0
3852,pop16,2,0.0005064010620117188,1.3113021850585938e-05
3852,pop55,1,0.06763410568237305,0.0
3852,pop52,3,0.02530328432718913,0.03496643703614648
3852,pop12,3,0.0005499521891276041,9.628496919012284e-05
3852,pop53,1,0.0007562637329101562,0.0
3853,pop55,2,0.030301451683044434,0.029640793800354004
3853,pop52,1,0.0007250308990478516,0.0
3853,pop37,4,0.03290903568267822,0.03237580545687104
3853,pop33,4,0.0006495118141174316,0.00017099444444207545
3853,pop32,3,0.02894703547159831,0.04010430813514147
3853,pop50,2,0.0007942914962768555,2.372264862060547e-05
3853,pop16,1,0.0004773139953613281,0.0
3854,pop31,2,0.0318145751953125,0.031211376190185547
3854,pop30,1,0.0004754066467285156,0.0
3854,pop48,2,0.0006107091903686523,4.684925079345703e-05
3854,pop56,1,0.07947564125061035,0.0
3854,pop2,2,0.04116618633270264,0.04065811634063721
3854,pop49,1,0.000476837158203125,0.0
3854,pop52,1,0.0006139278411865234,0.0
3854,pop53,2,0.03687632083892822,0.03616464138031006
3854,pop1,2,0.000582575798034668,2.849102020263672e-05
3854,pop6,1,0.0823206901550293,0.0
3854,pop50,2,0.0010001659393310547,0.0001995563507080078
3854,pop14,1,0.0006213188171386719,0.0
3854,pop27,1,0.0005266666412353516,0.0
3854,pop25,1,0.0004923343658447266,0.0
3854,pop17,3,0.0006267229715983073,4.499876552229584e-05
3854,pop44,1,0.0006706714630126953,0.0
3855,pop57,2,0.03771030902862549,0.037084221839904785
3855,pop56,1,0.07561326026916504,0.0
3855,pop2,3,0.026936928431193035,0.03739459492404148
3855,pop49,2,0.0006335973739624023,1.7762184143066406e-05
3855,pop48,1,0.0005543231964111328,0.0
3855,pop52,1,0.0005269050598144531,0.0
3855,pop53,1,0.0008134841918945312,0.0
3855,pop51,1,0.0007672309875488281,0.0
3856,pop4,2,0.03264045715332031,0.03198075294494629
3856,pop51,1,0.0009894371032714844,0.0
3856,pop50,1,0.0009167194366455078,0.0
3856,pop16,1,0.0006849765777587891,0.0
3856,pop23,2,0.0006209611892700195,4.7326087951660156e-05
3856,pop21,2,0.0004971027374267578,8.821487426757812e-06
3856,pop22,4,0.0005310177803039551,5.533658112373165e-05
3856,pop24,1,0.00054168701171875,0.0
3857,pop6,3,0.04961808522542318,0.03462338023931871
3857,pop1,1,0.0005481243133544922,0.0
3857,pop53,2,0.000850677490234375,0.00010704994201660156
3857,pop50,1,0.0009393692016601562,0.0
3857,pop14,1,0.0005791187286376953,0.0
3857,pop24,1,0.0005671977996826172,0.0
3858,pop21,4,0.04039555788040161,0.03982464107522371
3858,pop23,3,0.026160558064778645,0.036250128538212835
3858,pop24,3,0.0005427996317545573,1.0044438886394066e-05
3858,pop16,1,0.0005009174346923828,0.0
3859,pop9,4,0.016115427017211914,0.026880565978559444
3859,pop51,1,0.0008034706115722656,0.0
3859,pop50,2,0.0008963346481323242,5.4717063903808594e-05
3859,pop14,1,0.0010156631469726562,0.0
3859,pop16,1,0.0005071163177490234,0.0
3859,pop23,1,0.0005831718444824219,0.0
3859,pop24,1,0.0005571842193603516,0.0
3860,pop47,3,0.03832332293192545,0.02672520258109408
3860,pop53,2,0.035462260246276855,0.03473222255706787
3860,pop51,1,0.0007915496826171875,0.0
3860,pop4,2,0.000591278076171875,4.4345855712890625e-05
3860,pop5,1,0.00044465065002441406,0.0
3860,pop10,1,0.0004992485046386719,0.0
3861,pop39,2,0.03348278999328613,0.03285670280456543
3861,pop38,1,0.0006389617919921875,0.0
3861,pop18,1,0.0005216598510742188,0.0
3861,pop19,1,0.0005710124969482422,0.0
3861,pop51,2,0.0006628036499023438,1.4066696166992188e-05
3861,pop4,4,0.0005738139152526855,6.712073199372335e-05
3861,pop50,1,0.0008668899536132812,0.0
3861,pop44,1,0.0005640983581542969,0.0
3862,pop28,2,0.03187739849090576,0.031237244606018066
3862,pop51,2,0.000628352165222168,5.328655242919922e-05
3862,pop22,3,0.000564416249593099,5.861294469114992e-05
3863,pop40,2,0.03144407272338867,0.030811071395874023
3863,pop41,1,0.0005929470062255859,0.0
3863,pop53,3,0.0007380644480387369,2.754006938851702e-05
3863,pop1,2,0.0006421804428100586,4.684925079345703e-05
3863,pop6,2,0.03937423229217529,0.03891336917877197
3863,pop54,3,0.0006163120269775391,0.00012921553822043894
3863,pop47,1,0.00057220458984375,0.0
3864,pop45,3,0.024045308430989582,0.033222520891170164
3864,pop44,2,0.03684437274932861,0.03629171848297119
3864,pop46,1,0.0004951953887939453,0.0
3864,pop20,2,0.0005128383636474609,1.8358230590820312e-05
3864,pop19,1,0.0006005764007568359,0.0
3864,pop51,1,0.0005970001220703125,0.0
3865,pop36,2,0.03142881393432617,0.030785322189331055
3865,pop51,2,0.0009436607360839844,7.534027099609375e-05
3865,pop50,1,0.0007193088531494141,0.0
3865,pop16,1,0.0005252361297607422,0.0
3865,pop23,1,0.0005512237548828125,0.0
3865,pop21,1,0.0006303787231445312,0.0
3865,pop22,3,0.0006109873453776041,0.00012371900262680315
3865,pop53,1,0.0007936954498291016,0.0
3865,pop1,1,0.0005977153778076172,0.0
3865,pop15,1,0.0004901885986328125,0.0
3866,pop22,5,0.012765645980834961,0.02443133442558974
3866,pop21,1,0.0004756450653076172,0.0
3866,pop23,1,0.0005254745483398438,0.0
3866,pop24,1,0.0005278587341308594,0.0
3867,pop42,2,0.033301353454589844,0.03268551826477051
3867,pop43,1,0.0004937648773193359,0.0
3867,pop51,2,0.0007488727569580078,5.841255187988281e-05
3867,pop22,4,0.0005139708518981934,7.643767597963749e-05
3867,pop53,1,0.0006706714630126953,0.0
3867,pop7,1,0.0004277229309082031,0.0
3868,pop47,2,0.028136014938354492,0.027522802352905273
3868,pop53,1,0.0007593631744384766,0.0
3868,pop52,3,0.0006080468495686849,1.1849720522318395e-05
3868,pop48,2,0.03844749927520752,0.03789985179901123
3868,pop49,2,0.000469207763671875,9.298324584960938e-06
3868,pop2,1,0.08111858367919922,0.0
3868,pop13,4,0.0005316734313964844,8.9978457884188e-05
3868,pop55,1,0.0005125999450683594,0.0
3869,pop30,2,0.03139030933380127,0.030751347541809082
3869,pop31,1,0.0005254745483398438,0.0
3869,pop17,2,0.0376431941986084,0.03702545166015625
3869,pop50,2,0.0008133649826049805,7.033348083496094e-06
3869,pop14,2,0.041367411613464355,0.04077184200286865
3869,pop24,2,0.0006704330444335938,0.00010633468627929688
3869,pop51,1,0.0007843971252441406,0.0
3869,pop19,1,0.0006227493286132812,0.0
3869,pop20,1,0.0005550384521484375,0.0
3870,pop6,4,0.01838594675064087,0.03087117917420355
3870,pop1,1,0.0005309581756591797,0.0
3870,pop53,1,0.0006873607635498047,0.0
3870,pop50,1,0.000659942626953125,0.0
3870,pop44,1,0.0006914138793945312,0.0
3871,pop40,5,0.012774276733398437,0.02422838638330987
3871,pop41,1,0.0005128383636474609,0.0
3871,pop53,1,0.0006537437438964844,0.0
3871,pop50,1,0.0008957386016845703,0.0
3871,pop55,1,0.0004487037658691406,0.0
3872,pop22,5,0.012909555435180664,0.024643965035390906
3872,pop21,1,0.0004925727844238281,0.0
3872,pop23,1,0.0005362033843994141,0.0
3872,pop16,1,0.0004935264587402344,0.0
3873,pop41,3,0.022578001022338867,0.031055851372243957
3873,pop40,2,0.0334094762802124,0.03288543224334717
3873,pop53,3,0.000728448232014974,0.00011534504794541893
3873,pop52,1,0.0006189346313476562,0.0
3874,pop10,5,0.01341695785522461,0.025710561872636668
3875,pop45,2,0.03722035884857178,0.03655064105987549
3875,pop46,1,0.0005235671997070312,0.0
3875,pop20,3,0.0005168914794921875,3.21314187200405e-05
3875,pop19,1,0.000606536865234375,0.0
3875,pop51,1,0.0005609989166259766,0.0
3876,pop42,2,0.03320050239562988,0.032547950744628906
3876,pop43,2,0.0005133152008056641,1.2636184692382812e-05
3876,pop40,1,0.06449031829833984,0.0
3876,pop51,3,0.0006949106852213541,3.469807261711768e-05
3876,pop10,1,0.06839776039123535,0.0
3876,pop4,1,0.07126927375793457,0.0
3876,pop9,4,0.0005896687507629395,0.00010657075464934307
3877,pop47,4,0.028526127338409424,0.027991052975417537
3877,pop53,2,0.033716440200805664,0.03299427032470703
3877,pop51,2,0.0007376670837402344,1.0728836059570312e-05
3877,pop4,1,0.07214927673339844,0.0
3877,pop19,1,0.0006024837493896484,0.0
3877,pop20,1,0.07895636558532715,0.0
3877,pop46,1,0.0005197525024414062,0.0
3877,pop45,1,0.0005123615264892578,0.0
3877,pop44,1,0.07956838607788086,0.0
3877,pop50,2,0.0008285045623779297,8.726119995117188e-05
3877,pop33,2,0.0005582571029663086,2.6345252990722656e-05
3877,pop32,3,0.0006303787231445312,0.00015217394609830074
3878,pop56,3,0.050372044245402016,0.0351864273948676
3878,pop48,1,0.0005400180816650391,0.0
3878,pop52,3,0.000587304433186849,3.248117125239567e-05
3878,pop55,3,0.0219113032023112,0.02996331084747675
3878,pop54,1,0.06722211837768555,0.0
3878,pop50,1,0.0006706714630126953,0.0
3878,pop51,1,0.0009062290191650391,0.0
3878,pop19,1,0.0006282329559326172,0.0
3878,pop18,1,0.0004792213439941406,0.0
3879,pop37,5,0.012012290954589843,0.02276020964820027
3879,pop33,1,0.00051116943359375,0.0
3879,pop50,1,0.00070953369140625,0.0
3879,pop51,1,0.0006549358367919922,0.0
3879,pop10,1,0.0005202293395996094,0.0
3880,pop18,4,0.019318103790283203,0.032195958840629535
3880,pop19,3,0.0007148583730061849,5.9356277956621735e-05
3880,pop20,3,0.050316572189331055,0.03531239161029315
3880,pop38,2,0.04198181629180908,0.04147493839263916
3880,pop46,1,0.0004990100860595703,0.0
3880,pop45,1,0.0004894733428955078,0.0
3880,pop44,2,0.03919816017150879,0.03861737251281738
3880,pop50,2,0.0010150671005249023,0.0002282857894897461
3880,pop27,1,0.0007081031799316406,0.0
3880,pop25,1,0.00048232078552246094,0.0
3880,pop17,2,0.0006999969482421875,0.00011920928955078125
3880,pop53,1,0.0008182525634765625,0.0
3880,pop1,1,0.0005879402160644531,0.0
3880,pop15,1,0.0004296302795410156,0.0
3881,pop53,2,0.031404972076416016,0.030608415603637695
3881,pop41,1,0.0005283355712890625,0.0
3881,pop40,1,0.06550765037536621,0.0
3881,pop43,1,0.0004992485046386719,0.0
3881,pop51,2,0.0007456541061401367,9.417533874511719e-06
3881,pop10,1,0.0697634220123291,0.0
3881,pop50,1,0.0009551048278808594,0.0
3881,pop44,1,0.07680583000183105,0.0
3881,pop45,1,0.0004935264587402344,0.0
3881,pop46,1,0.0005135536193847656,0.0
3881,pop20,1,0.07970094680786133,0.0
3882,pop30,2,0.030494093894958496,0.029869437217712402
3882,pop48,4,0.019158542156219482,0.03210027420737381
3882,pop49,3,0.05297350883483887,0.037121170247206105
3882,pop2,1,0.08075737953186035,0.0
3882,pop52,1,0.0006055831909179688,0.0
3882,pop53,1,0.0007467269897460938,0.0
3882,pop51,1,0.0007569789886474609,0.0
3882,pop19,1,0.0006337165832519531,0.0
3882,pop20,1,0.0004885196685791016,0.0
3883,pop40,3,0.042415777842203774,0.029546878922226773
3883,pop41,1,0.0005090236663818359,0.0
3883,pop53,2,0.03400588035583496,0.03328537940979004
3883,pop54,1,0.0004999637603759766,0.0
3883,pop52,2,0.03516185283660889,0.03455698490142822
3883,pop12,3,0.0006020863850911459,0.00014019557577536111
3883,pop51,1,0.0007560253143310547,0.0
3883,pop19,1,0.0005815029144287109,0.0
3883,pop20,1,0.0005064010620117188,0.0
3884,pop22,5,0.012660503387451172,0.024153307317086765
3884,pop51,1,0.0007622241973876953,0.0
3884,pop19,1,0.0005993843078613281,0.0
3884,pop20,1,0.0005109310150146484,0.0
3885,pop45,2,0.037169814109802246,0.036506056785583496
3885,pop44,1,0.0005698204040527344,0.0
3885,pop50,1,0.0008022785186767578,0.0
3885,pop55,1,0.06034541130065918,0.0
3885,pop56,1,0.0005133152008056641,0.0
3885,pop48,1,0.0006339550018310547,0.0
3885,pop52,3,0.0008025169372558594,0.00024344089749955337
3885,pop51,1,0.0006582736968994141,0.0
3885,pop19,1,0.0006175041198730469,0.0
3885,pop18,1,0.0004994869232177734,0.0
3886,pop33,3,0.025232315063476562,0.03483359135276688
3886,pop32,4,0.0006192922592163086,0.00010332227489756875
3886,pop50,1,0.0007405281066894531,0.0
3886,pop51,1,0.0006930828094482422,0.0
3886,pop10,1,0.0005195140838623047,0.0
3887,pop24,4,0.04160386323928833,0.041053241131755694
3887,pop23,2,0.0005360841751098633,1.6808509826660156e-05
3887,pop21,1,0.0838007926940918,0.0
3887,pop16,1,0.0004966259002685547,0.0
3887,pop50,3,0.0008115768432617188,4.5999753469853415e-05
3887,pop33,2,0.0008031129837036133,0.0002950429916381836
3887,pop37,1,0.0006074905395507812,0.0
3887,pop52,1,0.0006144046783447266,0.0
3887,pop53,2,0.0007025003433227539,3.063678741455078e-05
3887,pop32,2,0.0006177425384521484,0.00011181831359863281
3887,pop1,1,0.0005793571472167969,0.0
3887,pop6,1,0.00047278404235839844,0.0
3888,pop27,5,0.015947484970092775,0.030662479755110283
3888,pop25,1,0.0004818439483642578,0.0
3888,pop17,1,0.0005593299865722656,0.0
3888,pop50,1,0.0007817745208740234,0.0
3888,pop53,1,0.0006520748138427734,0.0
3888,pop47,1,0.0004572868347167969,0.0
3889,pop50,3,0.023363908131917317,0.03183144955280514
3889,pop55,3,0.000591437021891276,7.634219326202864e-05
3889,pop44,1,0.0005471706390380859,0.0
3890,pop21,4,0.020063281059265137,0.03364846760587517
3890,pop23,1,0.0005748271942138672,0.0
3890,pop16,1,0.0005247592926025391,0.0
3890,pop50,1,0.0008435249328613281,0.0
3890,pop51,1,0.0007932186126708984,0.0
3890,pop19,1,0.0007541179656982422,0.0
3890,pop20,1,0.0006356239318847656,0.0
3891,pop39,2,0.033748507499694824,0.03307998180389404
3891,pop38,1,0.00047087669372558594,0.0
3891,pop18,1,0.0006766319274902344,0.0
3891,pop19,2,0.0007390975952148438,0.00013375282287597656
3891,pop20,5,0.0005482196807861328,8.616958047824851e-05
3891,pop46,1,0.0005347728729248047,0.0
3891,pop45,1,0.0005147457122802734,0.0
3891,pop44,1,0.000530242919921875,0.0
3891,pop50,1,0.0008254051208496094,0.0
3891,pop53,1,0.0007369518280029297,0.0
3891,pop1,1,0.0005741119384765625,0.0
3891,pop15,1,0.00044608116149902344,0.0
3892,pop42,2,0.03276097774505615,0.032160401344299316
3892,pop43,2,0.0005655288696289062,9.083747863769531e-05
3892,pop40,1,0.06678581237792969,0.0
3892,pop51,4,0.0008121132850646973,0.00012554468756079484
3892,pop10,3,0.04781548182169596,0.033492542812767846
3892,pop4,1,0.07115912437438965,0.0
3892,pop5,1,0.0004601478576660156,0.0
3892,pop50,2,0.0008424520492553711,4.661083221435547e-05
3892,pop16,2,0.0005273818969726562,4.76837158203125e-07
3892,pop23,1,0.0006709098815917969,0.0
3892,pop21,1,0.0005049705505371094,0.0
3892,pop22,2,0.0007593631744384766,0.00011038780212402344
3893,pop47,5,0.01193408966064453,0.022742612280970503
3893,pop51,1,0.0006771087646484375,0.0
3893,pop19,1,0.0006225109100341797,0.0
3893,pop20,1,0.0005252361297607422,0.0
3894,pop18,2,0.03606772422790527,0.03541254997253418
3894,pop19,3,0.0005940596262613932,2.494814968658261e-05
3894,pop20,2,0.07896077632904053,0.007517695426940918
3894,pop51,6,0.0007809003194173177,0.0001912223361622889
3894,pop10,3,0.05022128423055013,0.03579398636804455
3894,pop4,1,0.06949901580810547,0.0
3894,pop5,1,0.00046634674072265625,0.0
3894,pop46,1,0.0005376338958740234,0.0
3894,pop53,2,0.040576934814453125,0.0397648811340332
3894,pop50,4,0.0009708404541015625,5.951397675518707e-05
3894,pop55,1,0.0009593963623046875,0.0
3894,pop17,1,0.09660863876342773,0.0
3894,pop32,1,0.10475802421569824,0.0
3895,pop30,2,0.031548500061035156,0.030886411666870117
3895,pop48,3,0.02520155906677246,0.03488005760026591
3895,pop56,3,0.0005667209625244141,7.081232485512193e-05
3895,pop52,1,0.0008533000946044922,0.0
3895,pop51,1,0.0007195472717285156,0.0
3896,pop38,4,0.01974165439605713,0.0331140715554711
3896,pop18,1,0.0005214214324951172,0.0
3896,pop19,1,0.0006113052368164062,0.0
3896,pop51,1,0.0006148815155029297,0.0
3896,pop50,1,0.0006897449493408203,0.0
3896,pop55,1,0.00047516822814941406,0.0
3897,pop48,2,0.036455631256103516,0.03576827049255371
3897,pop52,1,0.0006241798400878906,0.0
3897,pop37,1,0.06292557716369629,0.0
3897,pop33,1,0.0006387233734130859,0.0
3898,pop14,5,0.015804433822631837,0.030232458681005426
3898,pop50,1,0.0007467269897460938,0.0
3898,pop53,1,0.0006930828094482422,0.0
3898,pop1,1,0.0005178451538085938,0.0
3898,pop15,1,0.0005803108215332031,0.0
3899,pop8,2,0.03189587593078613,0.03126835823059082
3899,pop51,1,0.0007328987121582031,0.0
3899,pop53,2,0.033918023109436035,0.03312098979949951
3899,pop52,4,0.0006442070007324219,9.735553442183222e-05
3899,pop50,1,0.0008711814880371094,0.0
3899,pop14,1,0.0005977153778076172,0.0
3899,pop24,1,0.0005195140838623047,0.0
3900,pop52,3,0.022210121154785156,0.030419583897306226
3900,pop55,1,0.059439659118652344,0.0
3900,pop54,4,0.0005911588668823242,7.54127613938174e-05
3900,pop53,1,0.0007851123809814453,0.0
3900,pop1,1,0.0006165504455566406,0.0
3900,pop15,1,0.0005877017974853516,0.0
3901,pop50,2,0.03494119644165039,0.03406882286071777
3901,pop14,1,0.07565140724182129,0.0
3901,pop24,3,0.0005788008371988932,5.094811587027331e-05
3902,pop21,5,0.032632875442504886,0.039177572737894815
3902,pop23,2,0.03879976272583008,0.03825092315673828
3902,pop16,1,0.00048732757568359375,0.0
3902,pop50,1,0.0008378028869628906,0.0
3902,pop53,1,0.0006070137023925781,0.0
3902,pop47,1,0.0004429817199707031,0.0
3903,pop23,4,0.019386887550354004,0.03255652310945801
3903,pop21,1,0.08164477348327637,0.0
3903,pop24,4,0.0005463957786560059,1.9695434710795044e-05
3903,pop16,1,0.0004892349243164062,0.0
3904,pop6,3,0.05084586143493652,0.035528373947395074
3904,pop7,1,0.0004279613494873047,0.0
3904,pop53,2,0.03491365909576416,0.03425705432891846
3904,pop1,2,0.0005884170532226562,2.86102294921875e-06
3904,pop50,3,0.0007615884145100912,0.0001203552373790106
3904,pop44,2,0.039116501808166504,0.038561463356018066
3904,pop17,2,0.0006078481674194336,6.079673767089844e-06
3904,pop16,1,0.000492095947265625,0.0
3905,pop24,5,0.016895866394042967,0.03239608205630987
3905,pop14,1,0.0006139278411865234,0.0
3905,pop50,1,0.0007836818695068359,0.0
3905,pop51,1,0.0007526874542236328,0.0
3905,pop19,1,0.0006148815155029297,0.0
3905,pop18,1,0.00046324729919433594,0.0
3906,pop39,2,0.03420412540435791,0.03354537487030029
3906,pop38,1,0.07674407958984375,0.0
3906,pop18,1,0.0006403923034667969,0.0
3906,pop19,2,0.0005854368209838867,1.9431114196777344e-05
3906,pop20,4,0.000666201114654541,0.00011868221767112417
3906,pop51,1,0.0006074905395507812,0.0
3906,pop53,1,0.00075531005859375,0.0
3906,pop52,1,0.0006108283996582031,0.0
3907,pop30,2,0.03103315830230713,0.030342936515808105
3907,pop31,1,0.0006384849548339844,0.0
3907,pop17,3,0.027281443277994793,0.03777273648193873
3907,pop50,1,0.0008733272552490234,0.0
3907,pop14,2,0.0006046295166015625,2.5510787963867188e-05
3907,pop24,1,0.0005400180816650391,0.0
3908,pop32,5,0.015897846221923827,0.03055725468295267
3908,pop33,1,0.0005195140838623047,0.0
3908,pop50,1,0.0007193088531494141,0.0
3908,pop51,1,0.0006883144378662109,0.0
3908,pop19,1,0.0006022453308105469,0.0
3908,pop20,1,0.0004875659942626953,0.0
3909,pop16,2,0.03455805778503418,0.033896446228027344
3909,pop23,1,0.07604813575744629,0.0
3909,pop24,3,0.0006623268127441406,0.00014777375097224042
3909,pop14,1,0.0005548000335693359,0.0
3909,pop50,1,0.0009708404541015625,0.0
3909,pop53,1,0.0006482601165771484,0.0
3909,pop47,1,0.0004589557647705078,0.0
3910,pop41,2,0.03486156463623047,0.0341794490814209
3910,pop53,3,0.022443135579427082,0.03067326754065469
3910,pop54,3,0.0006170272827148438,0.00013034862165279515
3910,pop51,1,0.0006322860717773438,0.0
3910,pop19,1,0.0005817413330078125,0.0
3910,pop18,1,0.00048804283142089844,0.0
3911,pop38,2,0.03930830955505371,0.03865671157836914
3911,pop18,1,0.0006318092346191406,0.0
3911,pop19,1,0.0005407333374023438,0.0
3911,pop20,1,0.07329320907592773,0.0
3911,pop46,1,0.0006024837493896484,0.0
3911,pop45,1,0.0004851818084716797,0.0
3911,pop44,1,0.07576560974121094,0.0
3911,pop50,1,0.0008435249328613281,0.0
3911,pop14,1,0.0007567405700683594,0.0
3911,pop24,4,0.04638969898223877,0.045837557319253756
3911,pop23,4,0.02188122272491455,0.03683570152789878
3911,pop21,1,0.08689427375793457,0.0
3911,pop16,1,0.0006115436553955078,0.0
3912,pop48,6,0.024640202522277832,0.033970860424326975
3912,pop56,1,0.07828283309936523,0.0
3912,pop52,1,0.0005905628204345703,0.0
3912,pop53,1,0.000820159912109375,0.0
3912,pop51,1,0.0006873607635498047,0.0
3913,pop21,3,0.05320604642232259,0.03718027167208112
3913,pop23,3,0.0006199677785237631,0.00012190043488668406
3913,pop16,1,0.0005078315734863281,0.0
3913,pop50,1,0.0007746219635009766,0.0
3913,pop51,1,0.000713348388671875,0.0
3913,pop19,1,0.0005841255187988281,0.0
3913,pop18,1,0.000640869140625,0.0
3914,pop46,2,0.034330010414123535,0.03359353542327881
3914,pop20,4,0.0005078315734863281,2.5075355984089794e-05
3914,pop19,1,0.0007405281066894531,0.0
3914,pop18,1,0.0004990100860595703,0.0
3915,pop37,5,0.011814737319946289,0.022459251685477393
3915,pop52,1,0.0005996227264404297,0.0
3915,pop53,1,0.0008392333984375,0.0
3915,pop1,1,0.0005862712860107422,0.0
3915,pop15,1,0.0004127025604248047,0.0
3916,pop40,3,0.043189684549967446,0.03013459625248811
3916,pop43,1,0.0005292892456054688,0.0
3916,pop51,2,0.0007016658782958984,3.0517578125e-05
3916,pop10,2,0.0006302595138549805,6.639957427978516e-05
3916,pop50,1,0.0008304119110107422,0.0
3916,pop55,1,0.0004951953887939453,0.0
3917,pop45,4,0.019176781177520752,0.03222345392488712
3917,pop46,3,0.0004920164744059244,6.625386874092844e-06
3917,pop20,3,0.04980874061584473,0.034894566304443896
3917,pop19,2,0.00061798095703125,5.9604644775390625e-06
3917,pop18,2,0.0005049705505371094,1.6689300537109375e-05
3917,pop38,1,0.0823063850402832,0.0
3917,pop44,3,0.0006474653879801432,7.586590911076668e-05
3918,pop6,5,0.01484832763671875,0.028558922571109542
3918,pop1,1,0.0006029605865478516,0.0
3918,pop53,1,0.0007715225219726562,0.0
3918,pop51,1,0.0006580352783203125,0.0
3918,pop19,1,0.0006072521209716797,0.0
3918,pop18,1,0.0005104541778564453,0.0
3919,pop39,2,0.034433841705322266,0.0337677001953125
3919,pop38,1,0.0004982948303222656,0.0
3919,pop18,1,0.0005581378936767578,0.0
3919,pop19,2,0.000601649284362793,1.0848045349121094e-05
3919,pop20,1,0.07231283187866211,0.0
3919,pop51,4,0.0007171630859375,4.530172593667025e-05
3919,pop4,1,0.07196259498596191,0.0
3919,pop10,1,0.07232189178466797,0.0
3919,pop9,3,0.000579833984375,0.00013035211030698853
3919,pop53,1,0.0008311271667480469,0.0
3919,pop1,1,0.0006079673767089844,0.0
3919,pop15,1,0.0004119873046875,0.0
3920,pop21,2,0.041117310523986816,0.04046809673309326
3920,pop23,1,0.0005290508270263672,0.0
3920,pop24,4,0.0006080269813537598,6.875418381680683e-05
3920,pop14,1,0.0005550384521484375,0.0
3920,pop50,1,0.0006935596466064453,0.0
3920,pop53,1,0.0007188320159912109,0.0
3920,pop52,1,0.0006239414215087891,0.0
3921,pop44,3,0.023839155832926433,0.03285979738071799
3921,pop50,2,0.0008156299591064453,2.1457672119140625e-05
3921,pop33,2,0.0005418062210083008,4.649162292480469e-06
3921,pop32,3,0.0005653699239095052,3.939433662337855e-05
3922,pop55,3,0.04014046986897787,0.027940360393875385
3922,pop52,3,0.0007328192392985026,4.564966995836969e-05
3922,pop53,1,0.0007810592651367188,0.0
3922,pop1,1,0.0005834102630615234,0.0
3922,pop15,1,0.0004429817199707031,0.0
3923,pop31,2,0.03324425220489502,0.03258979320526123
3923,pop30,1,0.0005066394805908203,0.0
3923,pop48,2,0.0005334615707397461,1.6570091247558594e-05
3923,pop56,3,0.0005193551381429037,4.5354848402412044e-05
3923,pop52,1,0.0005536079406738281,0.0
3923,pop55,1,0.0004899501800537109,0.0
3924,pop57,2,0.03950965404510498,0.038887858390808105
3924,pop56,2,0.04062032699584961,0.04010319709777832
3924,pop2,3,0.027246793111165363,0.03788793773792686
3924,pop49,3,0.026715755462646484,0.03696197746216765
3924,pop48,1,0.0005645751953125,0.0
3924,pop52,1,0.0006392002105712891,0.0
3924,pop53,1,0.0007305145263671875,0.0
3924,pop1,1,0.0006165504455566406,0.0
3924,pop6,1,0.0004801750183105469,0.0
3925,pop4,2,0.034391164779663086,0.03370237350463867
3925,pop51,2,0.0006072521209716797,1.6450881958007812e-05
3925,pop10,4,0.000606536865234375,8.527806316448424e-05
3925,pop53,1,0.0007071495056152344,0.0
3925,pop52,1,0.000579833984375,0.0
3926,pop9,5,0.013033723831176758,0.024934574343155956
3926,pop51,1,0.0007922649383544922,0.0
3926,pop53,1,0.0010917186737060547,0.0
3926,pop54,1,0.0004878044128417969,0.0
3926,pop52,1,0.0006327629089355469,0.0
3927,pop33,3,0.024378220240275066,0.033619955909350324
3927,pop32,4,0.0006042122840881348,8.503364575808365e-05
3927,pop50,1,0.0008189678192138672,0.0
3927,pop53,1,0.0007185935974121094,0.0
3927,pop1,1,0.0005586147308349609,0.0
3927,pop15,1,0.00038695335388183594,0.0
3928,pop38,2,0.03914952278137207,0.03847980499267578
3928,pop18,1,0.00047659873962402344,0.0
3928,pop19,2,0.0005551576614379883,5.5909156799316406e-05
3928,pop20,1,0.07311367988586426,0.0
3928,pop51,2,0.0010150671005249023,0.00016605854034423828
3928,pop10,1,0.0007042884826660156,0.0
3928,pop5,1,0.0004494190216064453,0.0
3928,pop4,1,0.07652163505554199,0.0
3928,pop50,3,0.0008318424224853516,9.447394485173482e-05
3928,pop17,1,0.0883646011352539,0.0
3928,pop14,1,0.0910482406616211,0.0
3928,pop24,1,0.0006659030914306641,0.0
3928,pop23,3,0.0006376107533772787,5.363317070529382e-05
3928,pop16,1,0.0005252361297607422,0.0
3928,pop53,1,0.0008025169372558594,0.0
3928,pop7,1,0.0004143714904785156,0.0
3929,pop48,3,0.02463976542154948,0.034006406091911225
3929,pop56,2,0.03984665870666504,0.03936767578125
3929,pop2,2,0.0005078315734863281,3.910064697265625e-05
3929,pop49,1,0.00047659873962402344,0.0
3929,pop52,1,0.0005676746368408203,0.0
3930,pop46,2,0.03500008583068848,0.0343327522277832
3930,pop20,1,0.07309961318969727,0.0
3930,pop19,1,0.0005679130554199219,0.0
3930,pop51,4,0.0008196234703063965,0.00019060602716979597
3930,pop10,2,0.0701526403427124,0.0038892030715942383
3930,pop11,2,0.0005211830139160156,9.942054748535156e-05
3930,pop43,2,0.000545501708984375,1.2159347534179688e-05
3930,pop4,1,0.07368087768554688,0.0
3931,pop28,2,0.03130984306335449,0.030650854110717773
3931,pop36,1,0.0004553794860839844,0.0
3931,pop10,1,0.07336735725402832,0.0
3931,pop51,2,0.0007272958755493164,2.5033950805664062e-06
3931,pop9,4,0.0005779862403869629,0.00014955197348537778
3931,pop50,1,0.0007784366607666016,0.0
3931,pop16,1,0.0005078315734863281,0.0
3932,pop36,2,0.031989216804504395,0.031329989433288574
3932,pop10,2,0.07315623760223389,0.0020662546157836914
3932,pop51,3,0.0009217262268066406,0.0002419367925701926
3932,pop4,1,0.07036757469177246,0.0
3932,pop5,1,0.00045871734619140625,0.0
3932,pop22,4,0.0005737543106079102,0.00014468830779591389
3932,pop53,1,0.0008549690246582031,0.0
3932,pop52,1,0.0005908012390136719,0.0
3932,pop34,1,0.00049591064453125,0.0
3932,pop35,1,0.00047850608825683594,0.0
3933,pop52,5,0.027946996688842773,0.0334495979263218
3933,pop54,3,0.0430299441019694,0.030097919827359505
3933,pop12,3,0.0005513032277425131,9.482434397201894e-05
3933,pop53,1,0.0006957054138183594,0.0
3933,pop1,1,0.0005593299865722656,0.0
3933,pop15,1,0.00043773651123046875,0.0
3934,pop37,4,0.01492542028427124,0.02477121838737217
3934,pop52,1,0.0006103515625,0.0
3934,pop53,2,0.0007312297821044922,5.316734313964844e-05
3934,pop1,1,0.0009200572967529297,0.0
3934,pop7,1,0.0004420280456542969,0.0
3934,pop6,1,0.0004715919494628906,0.0
3935,pop45,2,0.03728604316711426,0.036623239517211914
3935,pop44,4,0.0005835294723510742,4.455828929419326e-05
3935,pop50,1,0.0008652210235595703,0.0
3935,pop53,1,0.0008401870727539062,0.0
3935,pop7,1,0.0005767345428466797,0.0
3936,pop9,5,0.013104772567749024,0.02505927222000676
3936,pop51,1,0.0006465911865234375,0.0
3936,pop53,1,0.0007929801940917969,0.0
3936,pop7,1,0.0006101131439208984,0.0
3937,pop38,2,0.03904259204864502,0.03834187984466553
3937,pop18,1,0.0005362033843994141,0.0
3937,pop19,2,0.0005828142166137695,1.3709068298339844e-05
3937,pop20,4,0.0006333589553833008,7.680048649277945e-05
3937,pop51,1,0.0008714199066162109,0.0
3937,pop50,1,0.0008418560028076172,0.0
3937,pop14,1,0.0006182193756103516,0.0
3937,pop24,1,0.0006709098815917969,0.0
3938,pop48,4,0.018500030040740967,0.030915759981021772
3938,pop52,1,0.0005958080291748047,0.0
3938,pop53,1,0.0007498264312744141,0.0
3938,pop51,1,0.0007688999176025391,0.0
3938,pop19,1,0.0006387233734130859,0.0
3938,pop18,1,0.0005018711090087891,0.0
3939,pop30,2,0.03139364719390869,0.03072965145111084
3939,pop31,1,0.000469207763671875,0.0
3939,pop17,2,0.04181373119354248,0.04120743274688721
3939,pop50,2,0.0007833242416381836,7.236003875732422e-05
3939,pop14,2,0.041413068771362305,0.04082489013671875
3939,pop24,2,0.0005803108215332031,2.4318695068359375e-05
3939,pop51,1,0.0007486343383789062,0.0
3940,pop44,2,0.03659403324127197,0.03591001033782959
3940,pop50,2,0.0007423162460327148,4.565715789794922e-05
3940,pop33,1,0.0005211830139160156,0.0
3940,pop32,4,0.0006968379020690918,0.00021042809305665808
3940,pop51,2,0.0007576942443847656,1.9073486328125e-06
3940,pop19,1,0.0009639263153076172,0.0
3940,pop46,1,0.0005249977111816406,0.0
3940,pop20,1,0.0004725456237792969,0.0
3941,pop31,2,0.032538771629333496,0.0318986177444458
3941,pop17,2,0.03923642635345459,0.038630127906799316
3941,pop50,1,0.0007293224334716797,0.0
3941,pop55,1,0.0670478343963623,0.0
3941,pop52,2,0.0006319284439086914,1.1324882507324219e-05
3941,pop48,4,0.06116002798080444,0.03505420605453009
3941,pop49,3,0.027842283248901367,0.03847418024737461
3941,pop2,1,0.000461578369140625,0.0
3941,pop56,3,0.058799187342325844,0.04119919462550211
3941,pop53,1,0.0007243156433105469,0.0
3941,pop47,1,0.0005927085876464844,0.0
3942,pop57,2,0.03920280933380127,0.03855693340301514
3942,pop56,4,0.0005209445953369141,4.79834790240099e-05
3942,pop48,1,0.0005505084991455078,0.0
3942,pop52,1,0.0005583763122558594,0.0
3943,pop4,2,0.03344690799713135,0.03281557559967041
3943,pop51,2,0.0006085634231567383,3.349781036376953e-05
3943,pop10,1,0.06780576705932617,0.0
3943,pop53,4,0.01774495840072632,0.029466243874998365
3943,pop1,2,0.0005971193313598633,1.0848045349121094e-05
3943,pop6,1,0.08071184158325195,0.0
3943,pop54,2,0.03642928600311279,0.03590238094329834
3943,pop52,2,0.0005788803100585938,2.47955322265625e-05
3943,pop12,2,0.0005998611450195312,7.796287536621094e-05
3943,pop50,1,0.0008902549743652344,0.0
3943,pop16,1,0.0005347728729248047,0.0
3944,pop33,3,0.02449313799540202,0.03383477826012502
3944,pop32,3,0.0005900859832763672,6.0023110407663695e-05
3944,pop50,1,0.0009322166442871094,0.0
3944,pop55,1,0.00048279762268066406,0.0
3945,pop10,3,0.0452733039855957,0.03155516108904751
3945,pop51,1,0.0007817745208740234,0.0
3945,pop19,1,0.0006151199340820312,0.0
3945,pop20,2,0.03708779811859131,0.03661930561065674
3945,pop46,2,0.0005054473876953125,5.9604644775390625e-06
3945,pop45,2,0.000513911247253418,1.4424324035644531e-05
3945,pop44,3,0.0006155967712402344,6.994514696022073e-05
3946,pop32,4,0.020267605781555176,0.03402633331709362
3946,pop33,1,0.0005345344543457031,0.0
3946,pop50,1,0.0009317398071289062,0.0
3946,pop53,1,0.0007445812225341797,0.0
3946,pop52,1,0.0006072521209716797,0.0
3947,pop36,2,0.03148448467254639,0.03085649013519287
3947,pop10,3,0.0006167888641357422,0.00015122480322744575
3947,pop51,1,0.000881195068359375,0.0
3947,pop50,1,0.0009331703186035156,0.0
3947,pop35,1,0.00042939186096191406,0.0
3948,pop52,4,0.01741611957550049,0.028930530595464087
3948,pop53,1,0.000736236572265625,0.0
3948,pop50,1,0.0008018016815185547,0.0
3948,pop16,1,0.0005085468292236328,0.0
3949,pop37,5,0.012340259552001954,0.023510744703811606
3949,pop33,1,0.0005712509155273438,0.0
3949,pop50,1,0.0007932186126708984,0.0
3949,pop16,1,0.0005366802215576172,0.0
3950,pop9,5,0.013643360137939453,0.0260822958341469
3950,pop51,1,0.0007636547088623047,0.0
3950,pop19,1,0.0005388259887695312,0.0
3950,pop20,1,0.0005166530609130859,0.0
3951,pop48,3,0.024105946222941082,0.03325008248168661
3951,pop56,1,0.07799625396728516,0.0
3951,pop52,1,0.0010385513305664062,0.0
3952,pop57,2,0.038889527320861816,0.03826439380645752
3952,pop56,4,0.02000325918197632,0.03361671686897436
3952,pop48,2,0.03787863254547119,0.03732120990753174
3952,pop49,2,0.03943443298339844,0.038923025131225586
3952,pop2,1,0.0006330013275146484,0.0
3952,pop52,1,0.0006549358367919922,0.0
3952,pop53,1,0.0007033348083496094,0.0
3952,pop51,1,0.0007359981536865234,0.0
3952,pop19,1,0.0005893707275390625,0.0
3952,pop20,1,0.0006570816040039062,0.0
3953,pop33,3,0.025374412536621094,0.0350296343681181
3953,pop32,4,0.0005577206611633301,3.3905089850392034e-05
3953,pop50,1,0.0008206367492675781,0.0
3953,pop44,1,0.0005190372467041016,0.0
3954,pop56,5,0.016353464126586913,0.03143560972057005
3954,pop48,1,0.0005223751068115234,0.0
3954,pop52,1,0.0006246566772460938,0.0
3954,pop53,1,0.0007338523864746094,0.0
3954,pop51,1,0.0007581710815429688,0.0
3954,pop19,1,0.0005486011505126953,0.0
3954,pop20,1,0.00048351287841796875,0.0
3955,pop53,3,0.022523164749145508,0.030816289610588965
3955,pop54,4,0.0005643367767333984,7.474051699044338e-05
3955,pop50,1,0.0008406639099121094,0.0
3955,pop44,1,0.0005412101745605469,0.0
3956,pop22,4,0.031515657901763916,0.030946179964357605
3956,pop51,2,0.0006947517395019531,7.605552673339844e-05
3956,pop4,2,0.0005956888198852539,8.165836334228516e-05
3956,pop19,1,0.0006070137023925781,0.0
3956,pop20,1,0.0006487369537353516,0.0
3957,pop6,2,0.038582444190979004,0.03794753551483154
3957,pop1,1,0.0005550384521484375,0.0
3957,pop53,2,0.000695347785949707,3.5762786865234375e-07
3957,pop52,4,0.0007114410400390625,8.896256307964452e-05
3957,pop51,1,0.000652313232421875,0.0
3957,pop19,1,0.0006010532379150391,0.0
3957,pop20,1,0.0004787445068359375,0.0
3958,pop39,2,0.035452842712402344,0.03484654426574707
3958,pop44,4,0.0006181001663208008,5.130086976827815e-05
3958,pop50,1,0.0007395744323730469,0.0
3958,pop53,1,0.0007205009460449219,0.0
3958,pop52,1,0.000732421875,0.0
3959,pop9,5,0.013317394256591796,0.025508653927343153
3959,pop51,1,0.0007231235504150391,0.0
3959,pop10,1,0.0005562305450439453,0.0
3960,pop48,2,0.036946773529052734,0.03625941276550293
3960,pop52,3,0.0007139046986897787,0.0001374662249671996
3960,pop53,1,0.0008020401000976562,0.0
3960,pop51,1,0.0011823177337646484,0.0
3960,pop46,1,0.0004839897155761719,0.0
3960,pop20,1,0.0005280971527099609,0.0
3960,pop19,1,0.0005860328674316406,0.0
3960,pop18,1,0.0004858970642089844,0.0
3961,pop57,2,0.040425777435302734,0.03978466987609863
3961,pop56,4,0.0005564093589782715,7.731186566798417e-05
3961,pop48,1,0.0004947185516357422,0.0
3961,pop52,1,0.0009856224060058594,0.0
3961,pop3,1,0.0004630088806152344,0.0
3961,pop0,1,0.0005853176116943359,0.0
3961,pop1,1,0.0005815029144287109,0.0
3961,pop15,1,0.0004413127899169922,0.0
3962,pop27,4,0.020528435707092285,0.0345205017862998
3962,pop25,1,0.0004894733428955078,0.0
3962,pop17,1,0.0005779266357421875,0.0
3962,pop50,1,0.0008113384246826172,0.0
3962,pop55,1,0.0005090236663818359,0.0
3963,pop42,2,0.034067392349243164,0.03342270851135254
3963,pop43,1,0.0005483627319335938,0.0
3963,pop40,1,0.06868386268615723,0.0
3963,pop41,1,0.0005714893341064453,0.0
3963,pop53,2,0.0006705522537231445,5.614757537841797e-05
3963,pop52,2,0.0005996227264404297,2.384185791015625e-07
3963,pop12,4,0.0005726814270019531,0.00012663909797876486
3963,pop1,1,0.0005605220794677734,0.0
3963,pop6,1,0.0004858970642089844,0.0
3964,pop47,2,0.03056466579437256,0.029924511909484863
3964,pop53,2,0.0007348060607910156,3.9577484130859375e-05
3964,pop41,1,0.0005316734313964844,0.0
3964,pop40,1,0.06950974464416504,0.0
3964,pop43,1,0.0005283355712890625,0.0
3964,pop51,5,0.0008983135223388672,0.0001549139207146206
3964,pop10,1,0.07322835922241211,0.0
3964,pop4,1,0.07524609565734863,0.0
3964,pop19,2,0.0006377696990966797,1.5497207641601562e-05
3964,pop20,1,0.08065176010131836,0.0
3964,pop50,2,0.0008734464645385742,1.1563301086425781e-05
3964,pop17,3,0.030698378880818684,0.04259759534315557
3964,pop25,1,0.0004897117614746094,0.0
3964,pop27,1,0.0006442070007324219,0.0
3964,pop14,2,0.0006594657897949219,7.104873657226562e-05
3965,pop18,2,0.03833973407745361,0.03764927387237549
3965,pop19,1,0.0006110668182373047,0.0
3965,pop51,1,0.0006554126739501953,0.0
3965,pop43,1,0.0006628036499023438,0.0
3965,pop40,1,0.0670006275177002,0.0
3965,pop41,1,0.0006666183471679688,0.0
3965,pop53,2,0.0007609128952026367,9.179115295410156e-06
3965,pop1,2,0.0006058216094970703,9.5367431640625e-06
3965,pop6,1,0.07928895950317383,0.0
3965,pop50,3,0.0010298093159993489,0.0001202890976243357
3965,pop55,2,0.034516096115112305,0.033975839614868164
3965,pop14,3,0.035337368647257485,0.049115296052185675
3965,pop27,1,0.0004944801330566406,0.0
3965,pop25,1,0.0005917549133300781,0.0
3965,pop17,1,0.0926506519317627,0.0
3965,pop31,1,0.0004737377166748047,0.0
3965,pop30,1,0.0006594657897949219,0.0
3965,pop48,1,0.0005624294281005859,0.0
3965,pop52,1,0.0008041858673095703,0.0
3965,pop16,1,0.0005354881286621094,0.0
3965,pop23,1,0.0005669593811035156,0.0
3965,pop24,4,0.0005865693092346191,5.8074962155901216e-05
3966,pop55,2,0.030892491340637207,0.03022921085357666
3966,pop52,4,0.0006237030029296875,7.239312306428344e-05
3966,pop53,1,0.0007264614105224609,0.0
3966,pop1,1,0.0005640983581542969,0.0
3966,pop15,1,0.00041961669921875,0.0
3967,pop10,3,0.022599538167317707,0.031127835888769335
3967,pop51,2,0.0007476806640625,6.4373016357421875e-06
3967,pop43,1,0.0004677772521972656,0.0
3967,pop40,2,0.034900546073913574,0.034401774406433105
3967,pop41,1,0.0005564689636230469,0.0
3967,pop53,3,0.0006841023763020834,1.2010134609029778e-05
3967,pop1,2,0.0006289482116699219,1.7404556274414062e-05
3967,pop6,1,0.08017873764038086,0.0
3967,pop52,3,0.0007069905598958334,0.00011049603012493814
3968,pop56,3,0.05210669835408529,0.03636932613602172
3968,pop2,1,0.00046324729919433594,0.0
3968,pop49,2,0.0006453990936279297,0.00015354156494140625
3968,pop48,1,0.0005571842193603516,0.0
3968,pop52,1,0.0005953311920166016,0.0
3968,pop53,1,0.0008041858673095703,0.0
3968,pop51,1,0.0007259845733642578,0.0
3968,pop19,1,0.0007574558258056641,0.0
3968,pop20,1,0.0004825592041015625,0.0
3969,pop9,4,0.017120301723480225,0.02860234525117786
3969,pop51,1,0.0006875991821289062,0.0
3969,pop53,1,0.0007693767547607422,0.0
3969,pop52,1,0.0006616115570068359,0.0
3970,pop14,4,0.03890633583068848,0.038270719917556435
3970,pop24,3,0.0006080468495686849,6.693473929156257e-05
3970,pop50,1,0.0007624626159667969,0.0
3970,pop53,1,0.0008008480072021484,0.0
3970,pop52,1,0.0006177425384521484,0.0
3971,pop8,2,0.0334092378616333,0.03276050090789795
3971,pop51,2,0.0007236003875732422,3.814697265625e-06
3971,pop10,3,0.0006177425384521484,0.00015760544111612538
3971,pop53,1,0.0007491111755371094,0.0
3971,pop52,1,0.0005352497100830078,0.0
3972,pop50,3,0.02417333920796712,0.03300144008096594
3972,pop17,4,0.0006251931190490723,5.365566951846701e-05
3972,pop55,1,0.0005514621734619141,0.0
3973,pop38,4,0.020167231559753418,0.03384236308991177
3973,pop18,1,0.000484466552734375,0.0
3973,pop19,1,0.0006184577941894531,0.0
3973,pop51,1,0.000743865966796875,0.0
3973,pop53,1,0.0007750988006591797,0.0
3973,pop52,1,0.0006115436553955078,0.0
3974,pop53,4,0.03563201427459717,0.034863629538291294
3974,pop41,2,0.0006006956100463867,7.11679458618164e-05
3974,pop40,2,0.03470325469970703,0.03405904769897461
3974,pop54,2,0.03505885601043701,0.03442871570587158
3974,pop52,2,0.0007050037384033203,1.3828277587890625e-05
3975,pop47,2,0.02989184856414795,0.02926170825958252
3975,pop53,2,0.000751495361328125,2.2649765014648438e-05
3975,pop41,2,0.0006020069122314453,8.368492126464844e-05
3975,pop40,2,0.03565824031829834,0.03515183925628662
3975,pop43,2,0.0004857778549194336,1.1801719665527344e-05
3975,pop51,4,0.0007519721984863281,0.0001243442608055075
3975,pop10,1,0.07406735420227051,0.0
3975,pop4,1,0.07630228996276855,0.0
3975,pop22,3,0.0005652904510498047,8.077031256241237e-05
3975,pop1,1,0.0005540847778320312,0.0
3975,pop6,1,0.0004820823669433594,0.0
3976,pop56,2,0.03818953037261963,0.03754746913909912
3976,pop48,2,0.037415266036987305,0.036873817443847656
3976,pop49,3,0.02668277422587077,0.03695969233418434
3976,pop2,3,0.0006348292032877604,0.0001877473606067707
3976,pop52,1,0.0005595684051513672,0.0
3976,pop53,1,0.0007832050323486328,0.0
3976,pop51,1,0.0007443428039550781,0.0
3976,pop19,1,0.0006458759307861328,0.0
3976,pop18,1,0.00045490264892578125,0.0
3977,pop23,3,0.05176440874735514,0.03612237768920954
3977,pop24,3,0.0006398359934488932,0.00011714520575250544
3977,pop14,1,0.0006015300750732422,0.0
3977,pop50,1,0.0008404254913330078,0.0
3977,pop53,1,0.0007407665252685547,0.0
3977,pop1,1,0.0007419586181640625,0.0
3977,pop6,1,0.0004756450653076172,0.0
3978,pop24,2,0.0424647331237793,0.041748046875
3978,pop23,4,0.0006681084632873535,8.37411744068168e-05
3978,pop16,1,0.0005176067352294922,0.0
3978,pop50,1,0.0008804798126220703,0.0
3978,pop51,1,0.0006914138793945312,0.0
3978,pop19,1,0.0005888938903808594,0.0
3978,pop18,1,0.000576019287109375,0.0
3979,pop4,2,0.03467905521392822,0.033995985984802246
3979,pop51,1,0.0007219314575195312,0.0
3979,pop43,1,0.0005025863647460938,0.0
3979,pop40,1,0.06721258163452148,0.0
3979,pop41,1,0.0005154609680175781,0.0
3979,pop53,3,0.000728448232014974,1.85347338759694e-05
3979,pop1,2,0.0005625486373901367,2.014636993408203e-05
3979,pop6,1,0.0804135799407959,0.0
3979,pop52,2,0.0006138086318969727,2.8252601623535156e-05
3979,pop12,3,0.0005541642506917318,8.837160443883771e-05
3979,pop50,1,0.0008497238159179688,0.0
3979,pop14,1,0.0005686283111572266,0.0
3979,pop24,1,0.0004928112030029297,0.0
3980,pop27,2,0.041791319847106934,0.041097283363342285
3980,pop25,1,0.0004818439483642578,0.0
3980,pop17,2,0.040288567543029785,0.03968393802642822
3980,pop50,1,0.0009472370147705078,0.0
3980,pop55,1,0.06524109840393066,0.0
3980,pop52,2,0.0007693767547607422,0.00022792816162109375
3980,pop48,2,0.040259599685668945,0.039713382720947266
3980,pop49,1,0.08443403244018555,0.0
3980,pop2,1,0.0004703998565673828,0.0
3980,pop56,3,0.0006071726481119791,0.00014112357117790925
3980,pop51,1,0.00075531005859375,0.0
3980,pop19,1,0.0006392002105712891,0.0
3980,pop18,1,0.0005049705505371094,0.0
3981,pop18,3,0.025802135467529297,0.0356465554306466
3981,pop38,2,0.03995227813720703,0.03948235511779785
3981,pop19,1,0.0006206035614013672,0.0
3981,pop51,3,0.0007026195526123047,2.9510660320639263e-05
3981,pop4,1,0.07239127159118652,0.0
3981,pop9,2,0.000718235969543457,7.522106170654297e-05
3981,pop47,1,0.000461578369140625,0.0
3982,pop38,4,0.02005070447921753,0.03353562526723527
3982,pop18,1,0.0005311965942382812,0.0
3982,pop19,1,0.0008475780487060547,0.0
3982,pop20,1,0.0006327629089355469,0.0
3982,pop46,1,0.00048613548278808594,0.0
3982,pop45,1,0.0004987716674804688,0.0
3982,pop44,1,0.0006997585296630859,0.0
3982,pop50,1,0.0008177757263183594,0.0
3982,pop14,1,0.0005979537963867188,0.0
3982,pop24,1,0.0005028247833251953,0.0
3983,pop16,2,0.0368962287902832,0.03623390197753906
3983,pop50,1,0.0007390975952148438,0.0
3983,pop33,2,0.0006079673767089844,5.412101745605469e-05
3983,pop32,2,0.04292643070220947,0.04240453243255615
3984,pop41,3,0.02396734555562337,0.03304650478892298
3984,pop40,2,0.03317296504974365,0.03263437747955322
3984,pop53,3,0.023555755615234375,0.03215299805997981
3984,pop54,2,0.034889817237854004,0.034263014793395996
3984,pop50,1,0.0008208751678466797,0.0
3984,pop44,1,0.0005018711090087891,0.0
3985,pop36,2,0.03231394290924072,0.03167521953582764
3985,pop51,1,0.0007817745208740234,0.0
3985,pop53,2,0.03598678112030029,0.03529560565948486
3985,pop54,2,0.03387916088104248,0.03328239917755127
3985,pop52,2,0.0007358789443969727,0.0001093149185180664
3985,pop50,1,0.0008695125579833984,0.0
3985,pop16,1,0.0004928112030029297,0.0
3986,pop37,4,0.014822900295257568,0.024608874489925242
3986,pop33,1,0.0007045269012451172,0.0
3986,pop50,2,0.0008417367935180664,4.1365623474121094e-05
3986,pop51,1,0.0012407302856445312,0.0
3986,pop44,1,0.0005240440368652344,0.0
3986,pop45,1,0.000514984130859375,0.0
3986,pop46,1,0.0005295276641845703,0.0
3986,pop20,1,0.0004813671112060547,0.0
3986,pop19,1,0.0006167888641357422,0.0
3986,pop18,1,0.0004832744598388672,0.0
3987,pop33,3,0.02594105402628581,0.035820030760523244
3987,pop32,4,0.0005540847778320312,6.750635872539378e-05
3987,pop50,1,0.0008256435394287109,0.0
3987,pop53,1,0.0007579326629638672,0.0
3987,pop7,1,0.0004448890686035156,0.0
3988,pop50,3,0.023434559504191082,0.03191584561423284
3988,pop17,4,0.0006664395332336426,0.0001210646929775933
3988,pop35,1,0.0004203319549560547,0.0
3989,pop53,6,0.035206000010172524,0.03458167933175968
3989,pop51,2,0.0007681846618652344,9.5367431640625e-06
3989,pop4,1,0.07243609428405762,0.0
3989,pop5,1,0.0005993843078613281,0.0
3989,pop10,1,0.07644820213317871,0.0
3989,pop41,2,0.0005174875259399414,2.300739288330078e-05
3989,pop40,2,0.0006196498870849609,6.747245788574219e-05
3989,pop1,1,0.0006041526794433594,0.0
3989,pop15,1,0.0005750656127929688,0.0
3990,pop56,2,0.039459824562072754,0.03880798816680908
3990,pop48,6,0.025208791097005207,0.03484967785325827
3990,pop49,2,0.0802149772644043,0.0012044906616210938
3990,pop52,1,0.0005707740783691406,0.0
3990,pop53,1,0.0007507801055908203,0.0
3990,pop7,1,0.00042438507080078125,0.0
3991,pop40,2,0.03457009792327881,0.03389418125152588
3991,pop41,1,0.0005078315734863281,0.0
3991,pop53,2,0.0007576942443847656,3.409385681152344e-05
3991,pop1,2,0.0005928277969360352,2.8014183044433594e-05
3991,pop6,2,0.03915214538574219,0.03865766525268555
3991,pop54,1,0.06788206100463867,0.0
3991,pop52,2,0.0006742477416992188,3.981590270996094e-05
3991,pop55,1,0.0004792213439941406,0.0
3992,pop21,3,0.055864810943603516,0.039018610434828925
3992,pop23,1,0.0005488395690917969,0.0
3992,pop24,2,0.00063323974609375,0.00011014938354492188
3992,pop14,1,0.0005640983581542969,0.0
3992,pop50,1,0.0006272792816162109,0.0
3992,pop51,1,0.0005850791931152344,0.0
3992,pop19,1,0.0007140636444091797,0.0
3992,pop18,1,0.0005159378051757812,0.0
3993,pop6,3,0.05043506622314453,0.0352363086853929
3993,pop1,1,0.0005407333374023438,0.0
3993,pop53,1,0.0007755756378173828,0.0
3993,pop52,2,0.0006595849990844727,5.233287811279297e-05
3993,pop12,3,0.0005000432332356771,2.7136694260840595e-05
3993,pop55,1,0.00048422813415527344,0.0
3994,pop48,4,0.03732597827911377,0.036772355927541994
3994,pop49,4,0.020594418048858643,0.03472180345213012
3994,pop2,3,0.02725108464558919,0.037671944269148126
3994,pop52,1,0.0006225109100341797,0.0
3994,pop53,1,0.0007672309875488281,0.0
3994,pop47,1,0.00043964385986328125,0.0
3995,pop57,2,0.04027748107910156,0.03961944580078125
3995,pop56,2,0.03957092761993408,0.03901112079620361
3995,pop48,3,0.02642536163330078,0.036526654347776535
3995,pop49,1,0.08277034759521484,0.0
3995,pop52,1,0.0006129741668701172,0.0
3996,pop18,3,0.025719881057739258,0.03554201143051535
3996,pop38,1,0.08123660087585449,0.0
3996,pop19,1,0.0006132125854492188,0.0
3996,pop51,3,0.0008002916971842448,0.0001836686048473056
3996,pop4,1,0.07297015190124512,0.0
3996,pop10,1,0.07293176651000977,0.0
3996,pop11,1,0.0004863739013671875,0.0
3996,pop43,1,0.0004994869232177734,0.0
3997,pop36,2,0.03257632255554199,0.03190779685974121
3997,pop51,1,0.0007138252258300781,0.0
3997,pop43,1,0.0005078315734863281,0.0
3997,pop40,2,0.035376787185668945,0.034882545471191406
3997,pop41,1,0.0005395412445068359,0.0
3997,pop53,1,0.07410621643066406,0.0
3997,pop54,1,0.0005323886871337891,0.0
3997,pop52,3,0.0006162325541178385,5.4464021167218856e-05
3997,pop55,1,0.0004782676696777344,0.0
3998,pop37,5,0.012413263320922852,0.023662102864093388
3998,pop52,1,0.0005555152893066406,0.0
3998,pop34,1,0.00048828125,0.0
3998,pop35,1,0.0004277229309082031,0.0
3999,pop50,4,0.01791846752166748,0.029352846839296735
3999,pop44,4,0.018870770931243896,0.03174072139255132
3999,pop27,1,0.0005733966827392578,0.0
3999,pop25,1,0.0005273818969726562,0.0
3999,pop17,2,0.0006972551345825195,8.976459503173828e-05
4000,pop53,3,0.022179126739501953,0.030243401405861386
4000,pop41,2,0.0005148649215698242,1.0132789611816406e-05
4000,pop40,2,0.03335225582122803,0.03286397457122803
4000,pop43,2,0.0005896091461181641,6.67572021484375e-05
4000,pop51,4,0.0007633566856384277,0.00020874233353012717
4000,pop4,1,0.07067227363586426,0.0
4000,pop10,1,0.07099509239196777,0.0
4000,pop9,4,0.0005560517311096191,9.327490848878618e-05
4000,pop50,1,0.0008928775787353516,0.0
4000,pop14,1,0.0006263256072998047,0.0
4000,pop24,1,0.0007011890411376953,0.0
4001,pop46,2,0.037703752517700195,0.037053585052490234
4001,pop20,1,0.07491302490234375,0.0
4001,pop19,1,0.0007643699645996094,0.0
4001,pop51,2,0.0008292198181152344,0.00015735626220703125
4001,pop10,1,0.0005779266357421875,0.0
4001,pop5,1,0.0004482269287109375,0.0
4001,pop4,1,0.0774848461151123,0.0
4001,pop53,1,0.0008168220520019531,0.0
4001,pop54,2,0.036451101303100586,0.03591036796569824
4001,pop52,2,0.0006374120712280273,2.0623207092285156e-05
4001,pop12,2,0.0006815195083618164,0.00015556812286376953
4001,pop34,1,0.0004525184631347656,0.0
4001,pop35,1,0.00045418739318847656,0.0
4002,pop42,2,0.033561110496520996,0.03294980525970459
4002,pop43,1,0.0006623268127441406,0.0
4002,pop40,1,0.07011985778808594,0.0
4002,pop41,1,0.00055694580078125,0.0
4002,pop53,2,0.0008096694946289062,2.5510787963867188e-05
4002,pop1,2,0.0005633831024169922,1.8358230590820312e-05
4002,pop6,4,0.0005857944488525391,0.00011175246221250449
4002,pop47,1,0.0004787445068359375,0.0
4003,pop10,5,0.014114189147949218,0.02699628931882988
4003,pop51,1,0.0005962848663330078,0.0
4003,pop19,1,0.0005893707275390625,0.0
4003,pop18,1,0.00044345855712890625,0.0
4004,pop9,5,0.014069843292236327,0.02694136955344942
4004,pop51,1,0.0008835792541503906,0.0
4004,pop50,1,0.0008523464202880859,0.0
4004,pop16,1,0.0004968643188476562,0.0
4005,pop41,2,0.034610748291015625,0.03397798538208008
4005,pop40,4,0.0005728006362915039,0.00010783961193324085
4005,pop43,1,0.0005457401275634766,0.0
4005,pop51,1,0.0008378028869628906,0.0
4005,pop10,1,0.0005803108215332031,0.0
4006,pop56,2,0.038781046867370605,0.03815305233001709
4006,pop2,1,0.0005452632904052734,0.0
4006,pop49,5,0.01672358512878418,0.03232344770524552
4006,pop48,2,0.040161848068237305,0.03963422775268555
4006,pop52,1,0.0006248950958251953,0.0
4006,pop34,1,0.00045680999755859375,0.0
4006,pop35,1,0.0004248619079589844,0.0
4007,pop21,2,0.04123246669769287,0.04058945178985596
4007,pop23,4,0.0006142258644104004,7.225860539881528e-05
4007,pop24,1,0.0005590915679931641,0.0
4008,pop48,2,0.03722822666168213,0.036548495292663574
4008,pop52,3,0.0006987253824869791,0.00015751588957915258
4008,pop12,2,0.0378880500793457,0.03727459907531738
4008,pop13,1,0.07237672805786133,0.0
4008,pop54,1,0.0004968643188476562,0.0
4008,pop53,2,0.037511467933654785,0.03656470775604248
4008,pop50,4,0.000864565372467041,0.00017587975327314686
4008,pop17,1,0.08645153045654297,0.0
4008,pop25,1,0.0005245208740234375,0.0
4008,pop27,1,0.0005092620849609375,0.0
4008,pop14,1,0.0005800724029541016,0.0
4008,pop33,2,0.0005210638046264648,1.2040138244628906e-05
4008,pop32,3,0.0005591710408528646,5.065645212308129e-05
4008,pop51,1,0.0008273124694824219,0.0
4009,pop36,2,0.03232157230377197,0.031609416007995605
4009,pop51,1,0.0007300376892089844,0.0
4009,pop43,1,0.0006346702575683594,0.0
4009,pop40,1,0.07128548622131348,0.0
4009,pop41,1,0.0005257129669189453,0.0
4009,pop53,1,0.0006079673767089844,0.0
4009,pop50,2,0.0008411407470703125,8.368492126464844e-05
4009,pop55,4,0.0005498528480529785,3.3527864349268435e-05
4009,pop44,1,0.0005254745483398438,0.0
4010,pop53,5,0.014499807357788086,0.02750268073287106
4010,pop1,1,0.0005888938903808594,0.0
4010,pop15,1,0.0004191398620605469,0.0
4011,pop28,2,0.03172099590301514,0.031104683876037598
4011,pop36,1,0.0005421638488769531,0.0
4011,pop10,3,0.024297078450520832,0.033509301868134285
4011,pop51,2,0.0007860660552978516,1.9073486328125e-06
4011,pop4,2,0.0006939172744750977,0.00013172626495361328
4011,pop19,1,0.0005702972412109375,0.0
4011,pop20,1,0.0005159378051757812,0.0
4012,pop45,2,0.03762412071228027,0.036957502365112305
4012,pop44,1,0.0005514621734619141,0.0
4012,pop50,2,0.0008673667907714844,5.555152893066406e-05
4012,pop17,4,0.000674128532409668,0.000119685473668266
4012,pop53,1,0.000698089599609375,0.0
4012,pop1,1,0.0005638599395751953,0.0
4012,pop6,1,0.00045990943908691406,0.0
4013,pop8,2,0.033597469329833984,0.03294992446899414
4013,pop51,2,0.0007866621017456055,7.593631744384766e-05
4013,pop50,2,0.0006917715072631836,1.633167266845703e-05
4013,pop17,1,0.07937097549438477,0.0
4013,pop25,1,0.0005247592926025391,0.0
4013,pop27,1,0.0005133152008056641,0.0
4013,pop14,2,0.0006010532379150391,2.7418136596679688e-05
4013,pop24,2,0.046962857246398926,0.04644739627838135
4013,pop23,2,0.0006802082061767578,2.384185791015625e-06
4013,pop21,2,0.046903371810913086,0.04642438888549805
4013,pop22,1,0.074676513671875,0.0
4013,pop53,2,0.040245652198791504,0.039214253425598145
4013,pop1,2,0.0006028413772583008,4.410743713378906e-06
4013,pop6,1,0.09321308135986328,0.0
4013,pop54,1,0.00048470497131347656,0.0
4013,pop52,2,0.0007295608520507812,0.00016689300537109375
4013,pop12,3,0.0005652904510498047,0.00012409055289446728
4013,pop10,1,0.0005016326904296875,0.0
4014,pop47,4,0.030458390712738037,0.029908821078891347
4014,pop53,2,0.0009006261825561523,0.00010836124420166016
4014,pop51,1,0.0007557868957519531,0.0
4014,pop19,1,0.0005605220794677734,0.0
4014,pop20,1,0.0004966259002685547,0.0
4015,pop18,3,0.025598923365275066,0.03538170497499069
4015,pop38,2,0.04048562049865723,0.039936065673828125
4015,pop19,1,0.000640869140625,0.0
4015,pop20,2,0.039966702461242676,0.039437174797058105
4015,pop46,1,0.0006527900695800781,0.0
4015,pop45,1,0.0005228519439697266,0.0
4015,pop44,2,0.04040241241455078,0.03970217704772949
4015,pop50,2,0.0010253190994262695,0.0002626180648803711
4015,pop27,1,0.0006320476531982422,0.0
4015,pop25,1,0.00048089027404785156,0.0
4015,pop17,2,0.0007783174514770508,0.00012695789337158203
4015,pop53,1,0.0007426738739013672,0.0
4015,pop47,1,0.0004940032958984375,0.0
4016,pop37,2,0.029712557792663574,0.02904975414276123
4016,pop33,2,0.0005335807800292969,3.24249267578125e-05
4016,pop32,4,0.000588536262512207,6.798348068803922e-05
4016,pop50,1,0.0008797645568847656,0.0
4016,pop53,1,0.0008223056793212891,0.0
4016,pop7,1,0.00045800209045410156,0.0
4017,pop10,5,0.01425638198852539,0.027183911028813623
4017,pop51,3,0.0007467269897460938,6.805782128504155e-05
4017,pop4,2,0.03695416450500488,0.03649163246154785
4017,pop50,1,0.0009028911590576172,0.0
4017,pop14,1,0.0006046295166015625,0.0
4017,pop24,1,0.0006093978881835938,0.0
4018,pop21,2,0.04192984104156494,0.04126393795013428
4018,pop23,1,0.0005908012390136719,0.0
4018,pop24,4,0.0005672574043273926,5.728161419725755e-05
4018,pop14,1,0.0007359981536865234,0.0
4018,pop50,1,0.0009005069732666016,0.0
4018,pop44,1,0.0005247592926025391,0.0
4019,pop48,3,0.025184075037638348,0.03476737359737971
4019,pop49,4,0.0005654692649841309,8.688278155590052e-05
4019,pop52,1,0.0006036758422851562,0.0
4019,pop53,1,0.0006716251373291016,0.0
4019,pop50,1,0.0008792877197265625,0.0
4019,pop44,1,0.0005502700805664062,0.0
4020,pop30,2,0.03185164928436279,0.031191229820251465
4020,pop48,1,0.0007364749908447266,0.0
4020,pop56,1,0.0005528926849365234,0.0
4020,pop52,3,0.0006471474965413412,5.950389400270744e-05
4020,pop12,3,0.02767157554626465,0.03844485833540173
4020,pop53,1,0.0008373260498046875,0.0
4020,pop7,1,0.0004482269287109375,0.0
4021,pop44,3,0.025357484817504883,0.03497617226315835
4021,pop50,2,0.0008370876312255859,4.76837158203125e-05
4021,pop33,2,0.0006160736083984375,8.797645568847656e-05
4021,pop32,4,0.0005515813827514648,1.4863921362051319e-05
4022,pop31,2,0.033817291259765625,0.03314328193664551
4022,pop30,1,0.0004730224609375,0.0
4022,pop48,1,0.0005300045013427734,0.0
4022,pop52,2,0.0006613731384277344,3.600120544433594e-05
4022,pop12,4,0.0005280375480651855,9.083112293321128e-05
4022,pop53,1,0.00069427490234375,0.0
4022,pop1,1,0.0005800724029541016,0.0
4022,pop15,1,0.0004353523254394531,0.0
4023,pop23,2,0.03924763202667236,0.03859150409698486
4023,pop24,3,0.0005370775858561198,1.557384192624411e-05
4024,pop46,2,0.0366206169128418,0.03594088554382324
4024,pop45,1,0.0005202293395996094,0.0
4024,pop44,1,0.00055694580078125,0.0
4024,pop50,1,0.0008351802825927734,0.0
4024,pop33,2,0.0006316900253295898,9.644031524658203e-05
4024,pop32,2,0.042904019355773926,0.04236900806427002
4024,pop37,3,0.0005695025126139323,7.429186516422826e-05
4024,pop52,1,0.0005431175231933594,0.0
4024,pop53,1,0.0007963180541992188,0.0
4024,pop7,1,0.00042700767517089844,0.0
4025,pop41,2,0.03586101531982422,0.035210371017456055
4025,pop53,1,0.0011074542999267578,0.0
4025,pop54,1,0.0005869865417480469,0.0
4025,pop52,2,0.0006784200668334961,6.282329559326172e-05
4025,pop12,4,0.0005460381507873535,5.8173980624749e-05
4025,pop34,1,0.00044035911560058594,0.0
4025,pop35,1,0.00043487548828125,0.0
4026,pop45,2,0.03826701641082764,0.037612080574035645
4026,pop44,3,0.0006355444590250651,5.7963452721910924e-05
4026,pop50,1,0.0008118152618408203,0.0
4026,pop53,1,0.0007636547088623047,0.0
4026,pop1,1,0.0005669593811035156,0.0
4026,pop6,1,0.0006079673767089844,0.0
4027,pop37,5,0.012340497970581055,0.023536172311623287
4027,pop52,1,0.0006597042083740234,0.0
4027,pop53,1,0.0008046627044677734,0.0
4027,pop1,1,0.0005590915679931641,0.0
4027,pop6,1,0.0004918575286865234,0.0
4028,pop32,4,0.041834115982055664,0.04126540587353264
4028,pop33,1,0.0005321502685546875,0.0
4028,pop50,1,0.0007772445678710938,0.0
4028,pop55,2,0.0005282163619995117,6.318092346191406e-06
4029,pop52,2,0.035273075103759766,0.03455495834350586
4029,pop54,2,0.034293413162231445,0.033746957778930664
4029,pop53,3,0.0007992585500081381,3.3629886909198704e-05
4029,pop50,1,0.0008308887481689453,0.0
4029,pop44,1,0.0005328655242919922,0.0
4030,pop16,2,0.03720963001251221,0.036549925804138184
4030,pop50,2,0.0008255243301391602,3.612041473388672e-05
4030,pop17,4,0.0007006525993347168,0.0001632212769765588
4030,pop35,1,0.0004487037658691406,0.0
4031,pop47,5,0.012579727172851562,0.024037950002562845
4031,pop53,1,0.00080108642578125,0.0
4031,pop1,1,0.0005986690521240234,0.0
4031,pop15,1,0.00044536590576171875,0.0
4032,pop21,3,0.056711673736572266,0.03971235081088011
4032,pop23,4,0.0006107687950134277,7.485382339573786e-05
4032,pop24,4,0.02226954698562622,0.03758964584917958
4032,pop14,1,0.08086991310119629,0.0
4032,pop16,1,0.0004987716674804688,0.0
4032,pop50,1,0.0006542205810546875,0.0
4032,pop53,1,0.0007071495056152344,0.0
4032,pop1,1,0.0005748271942138672,0.0
4032,pop6,1,0.0004832744598388672,0.0
4033,pop31,2,0.032967329025268555,0.03234505653381348
4033,pop17,4,0.0006405115127563477,8.795068784752244e-05
4033,pop50,1,0.0006628036499023438,0.0
4033,pop53,1,0.0006654262542724609,0.0
4033,pop1,1,0.0005242824554443359,0.0
4033,pop6,1,0.00044655799865722656,0.0
4034,pop23,2,0.040183186531066895,0.0394970178604126
4034,pop16,1,0.0005285739898681641,0.0
4034,pop50,1,0.0007832050323486328,0.0
4034,pop33,2,0.000513911247253418,4.5418739318847656e-05
4034,pop32,2,0.0428919792175293,0.042398929595947266
4034,pop37,3,0.0005964438120524088,0.00012536560862476577
4034,pop52,1,0.0006341934204101562,0.0
4034,pop53,1,0.0008471012115478516,0.0
4034,pop51,1,0.0008859634399414062,0.0
4034,pop19,1,0.0006685256958007812,0.0
4034,pop20,1,0.0004925727844238281,0.0
4035,pop46,2,0.03767573833465576,0.03700220584869385
4035,pop20,1,0.0005202293395996094,0.0
4035,pop19,1,0.0005905628204345703,0.0
4035,pop51,2,0.0006471872329711914,4.851818084716797e-05
4035,pop4,2,0.03767967224121094,0.03714942932128906
4035,pop53,2,0.03721058368682861,0.036380887031555176
4035,pop41,2,0.0005227327346801758,1.1324882507324219e-05
4035,pop40,3,0.0005617141723632812,5.176374289269245e-05
4035,pop7,1,0.00041866302490234375,0.0
4036,pop37,5,0.013030052185058594,0.024881234412210546
4036,pop33,1,0.0005042552947998047,0.0
4036,pop50,1,0.0008251667022705078,0.0
4036,pop16,1,0.0004699230194091797,0.0
4037,pop22,4,0.01693350076675415,0.02834236127369967
4037,pop51,1,0.0007104873657226562,0.0
4037,pop10,1,0.0005018711090087891,0.0
4038,pop39,2,0.035733819007873535,0.03506195545196533
4038,pop38,1,0.0005552768707275391,0.0
4038,pop18,1,0.0005717277526855469,0.0
4038,pop19,1,0.0008718967437744141,0.0
4038,pop20,1,0.0006437301635742188,0.0
4038,pop46,1,0.0006568431854248047,0.0
4038,pop51,3,0.0009059906005859375,0.00013281947892887776
4038,pop4,2,0.03805983066558838,0.03753483295440674
4038,pop50,1,0.0007414817810058594,0.0
4038,pop16,1,0.00048661231994628906,0.0
4038,pop23,1,0.0005888938903808594,0.0
4038,pop21,1,0.0005168914794921875,0.0
4038,pop22,2,0.0007354021072387695,7.56978988647461e-05
4038,pop53,1,0.0008966922760009766,0.0
4038,pop1,1,0.0006113052368164062,0.0
4038,pop15,1,0.0004336833953857422,0.0
4039,pop57,2,0.03994584083557129,0.039273977279663086
4039,pop56,4,0.0005386471748352051,6.79129735593228e-05
4039,pop48,1,0.0005786418914794922,0.0
4039,pop52,1,0.0006060600280761719,0.0
4039,pop53,1,0.0007107257843017578,0.0
4039,pop1,1,0.0007171630859375,0.0
4039,pop15,1,0.0004506111145019531,0.0
4040,pop55,2,0.03250837326049805,0.03183913230895996
4040,pop52,1,0.0005893707275390625,0.0
4040,pop54,3,0.0006442070007324219,0.00020182213695789538
4040,pop53,1,0.0006906986236572266,0.0
4040,pop47,1,0.0004754066467285156,0.0
4041,pop9,4,0.017451167106628418,0.029109242168829933
4041,pop51,1,0.0007443428039550781,0.0
4041,pop50,1,0.0009372234344482422,0.0
4041,pop16,1,0.0006213188171386719,0.0
4042,pop36,2,0.03238391876220703,0.031768083572387695
4042,pop10,3,0.024631738662719727,0.03396404690138263
4042,pop51,2,0.0007207393646240234,8.0108642578125e-05
4042,pop4,1,0.0751335620880127,0.0
4042,pop43,1,0.0005099773406982422,0.0
4042,pop40,2,0.0006182193756103516,0.0001239776611328125
4042,pop41,1,0.0005309581756591797,0.0
4042,pop53,1,0.0011336803436279297,0.0
4042,pop54,1,0.000530242919921875,0.0
4042,pop52,1,0.0006241798400878906,0.0
4042,pop34,1,0.0005033016204833984,0.0
4042,pop35,1,0.0004181861877441406,0.0
4043,pop47,2,0.030556082725524902,0.029892563819885254
4043,pop51,2,0.0009545087814331055,0.00021517276763916016
4043,pop10,1,0.0005309581756591797,0.0
4043,pop5,1,0.00047516822814941406,0.0
4043,pop4,3,0.0006391207377115885,0.00014067859026873806
4043,pop50,1,0.0008981227874755859,0.0
4043,pop35,1,0.00045108795166015625,0.0
4044,pop37,4,0.015790462493896484,0.02625061015370696
4044,pop33,1,0.0005655288696289062,0.0
4044,pop50,1,0.0007078647613525391,0.0
4044,pop44,1,0.0004973411560058594,0.0
4045,pop14,5,0.016728591918945313,0.032144612512173855
4045,pop50,1,0.0007448196411132812,0.0
4045,pop55,1,0.0005078315734863281,0.0
4046,pop28,2,0.03208351135253906,0.03146481513977051
4046,pop51,2,0.0009467601776123047,0.00018930435180664062
4046,pop10,1,0.0005064010620117188,0.0
4046,pop5,1,0.0004203319549560547,0.0
4046,pop4,1,0.08095240592956543,0.0
4046,pop43,1,0.0004987716674804688,0.0
4046,pop40,1,0.07661294937133789,0.0
4046,pop41,1,0.00061798095703125,0.0
4046,pop53,1,0.0008175373077392578,0.0
4046,pop50,3,0.0009318987528483073,7.413177915372094e-05
4046,pop44,2,0.04330909252166748,0.042768120765686035
4046,pop33,2,0.0004787445068359375,3.409385681152344e-05
4046,pop32,4,0.0005574226379394531,3.940151055755297e-05
4047,pop18,2,0.03777158260345459,0.03709137439727783
4047,pop19,2,0.0006598234176635742,8.71419906616211e-05
4047,pop51,3,0.0009010632832845052,0.00025169989403199604
4047,pop10,2,0.0005199909210205078,3.24249267578125e-05
4047,pop5,2,0.0004526376724243164,1.633167266845703e-05
4047,pop4,1,0.07947397232055664,0.0
4047,pop22,3,0.0005630652109781901,7.6779255817326e-05
4047,pop20,1,0.0005252361297607422,0.0
4048,pop48,3,0.025986194610595703,0.03588555618750791
4048,pop49,2,0.00048065185546875,9.775161743164062e-06
4048,pop2,3,0.000576178232828776,0.00014322486678457295
4048,pop52,1,0.000986337661743164,0.0
4048,pop51,1,0.0007643699645996094,0.0
4048,pop19,1,0.0006530284881591797,0.0
4048,pop20,1,0.0006344318389892578,0.0
4049,pop22,5,0.01376638412475586,0.026336196254767262
4049,pop51,1,0.0007588863372802734,0.0
4049,pop50,1,0.0006868839263916016,0.0
4049,pop55,1,0.0005340576171875,0.0
4050,pop39,2,0.03521692752838135,0.034578919410705566
4050,pop38,1,0.00046515464782714844,0.0
4050,pop18,1,0.0004856586456298828,0.0
4050,pop19,1,0.0006358623504638672,0.0
4050,pop51,2,0.000901341438293457,0.00019347667694091797
4050,pop10,1,0.0005247592926025391,0.0
4050,pop5,1,0.00044083595275878906,0.0
4050,pop4,1,0.07983994483947754,0.0
4050,pop43,1,0.0005254745483398438,0.0
4050,pop40,2,0.07974755764007568,0.0007973909378051758
4050,pop41,3,0.0005369186401367188,7.34339544710891e-06
4050,pop53,3,0.02868811289469401,0.03955354615155033
4050,pop1,2,0.0005795955657958984,2.47955322265625e-05
4050,pop6,1,0.09144449234008789,0.0
4050,pop54,2,0.04027199745178223,0.039732933044433594
4050,pop52,2,0.0450059175491333,0.044362425804138184
4051,pop57,2,0.039699554443359375,0.03903603553771973
4051,pop56,3,0.028722286224365234,0.03988036278005363
4051,pop2,3,0.028979937235514324,0.04014507688851232
4051,pop49,1,0.0004975795745849609,0.0
4051,pop48,1,0.0005488395690917969,0.0
4051,pop52,1,0.0006155967712402344,0.0
4051,pop53,1,0.0007383823394775391,0.0
4051,pop50,1,0.0009436607360839844,0.0
4051,pop16,1,0.0005097389221191406,0.0
4052,pop55,2,0.03205513954162598,0.03136038780212402
4052,pop52,2,0.0005948543548583984,3.62396240234375e-05
4052,pop48,4,0.03962498903274536,0.039053692386726
4052,pop49,2,0.08236098289489746,0.0037648677825927734
4052,pop2,1,0.0005013942718505859,0.0
4052,pop56,3,0.0006071726481119791,7.216809573193359e-05
4052,pop53,1,0.0007631778717041016,0.0
4052,pop51,1,0.000701904296875,0.0
4052,pop10,1,0.0005347728729248047,0.0
4053,pop47,4,0.015706360340118408,0.02618830235461229
4053,pop53,1,0.0008020401000976562,0.0
4053,pop50,1,0.0007636547088623047,0.0
4053,pop55,1,0.0005125999450683594,0.0
4054,pop24,2,0.04297924041748047,0.042289018630981445
4054,pop14,4,0.0006755590438842773,0.00013432242277895082
4054,pop50,1,0.0006678104400634766,0.0
4054,pop51,1,0.0006115436553955078,0.0
4054,pop19,1,0.0006139278411865234,0.0
4054,pop20,1,0.00047469139099121094,0.0
4055,pop4,3,0.04769714673360189,0.033295178716325806
4055,pop5,1,0.0006191730499267578,0.0
4055,pop10,1,0.0767526626586914,0.0
4055,pop51,2,0.0007766485214233398,5.9723854064941406e-05
4055,pop22,2,0.0006078481674194336,0.00010263919830322266
4055,pop53,1,0.0008401870727539062,0.0
4055,pop7,1,0.0004298686981201172,0.0
4056,pop27,3,0.05593172709147135,0.039087148423167205
4056,pop25,1,0.000514984130859375,0.0
4056,pop17,3,0.0006822745005289713,0.00013679013039839087
4056,pop50,1,0.000766754150390625,0.0
4056,pop51,1,0.0006933212280273438,0.0
4056,pop19,1,0.0006384849548339844,0.0
4056,pop18,1,0.0005159378051757812,0.0
4057,pop38,4,0.020773589611053467,0.03491160230662601
4057,pop18,1,0.0004966259002685547,0.0
4057,pop19,1,0.0005359649658203125,0.0
4057,pop51,1,0.0006759166717529297,0.0
4057,pop53,1,0.0007638931274414062,0.0
4057,pop52,1,0.0005831718444824219,0.0
4058,pop30,2,0.03258073329925537,0.031931519508361816
4058,pop48,4,0.01981508731842041,0.03330985265801139
4058,pop49,1,0.08138322830200195,0.0
4058,pop52,1,0.0005917549133300781,0.0
4059,pop41,2,0.03564751148223877,0.0349811315536499
4059,pop53,3,0.024383068084716797,0.03349702997814548
4059,pop1,2,0.0006500482559204102,7.545948028564453e-05
4059,pop6,2,0.03937947750091553,0.03886401653289795
4059,pop54,3,0.0006047884623209635,0.0001407793013131005
4059,pop51,1,0.0007450580596923828,0.0
4059,pop19,1,0.0006411075592041016,0.0
4059,pop20,1,0.0005078315734863281,0.0
4060,pop37,4,0.016045451164245605,0.0267350976035986
4060,pop52,1,0.0006577968597412109,0.0
4060,pop53,1,0.0008766651153564453,0.0
4060,pop7,1,0.000423431396484375,0.0
4061,pop28,2,0.03326249122619629,0.032608985900878906
4061,pop51,1,0.0007259845733642578,0.0
4061,pop9,3,0.0005927880605061849,0.0001443210939913086
4062,pop48,5,0.015759944915771484,0.03017706970373317
4062,pop52,1,0.0009107589721679688,0.0
4062,pop3,1,0.00045228004455566406,0.0
4062,pop0,1,0.00044417381286621094,0.0
4062,pop1,1,0.0005609989166259766,0.0
4062,pop6,1,0.00045800209045410156,0.0
4063,pop22,5,0.013520336151123047,0.025885550141495035
4063,pop51,1,0.0007300376892089844,0.0
4063,pop50,1,0.0008208751678466797,0.0
4063,pop55,1,0.0005483627319335938,0.0
4064,pop39,2,0.03542435169219971,0.034798502922058105
4064,pop44,4,0.0006167888641357422,0.00012543887770539308
4064,pop50,1,0.0008292198181152344,0.0
4064,pop53,1,0.0006453990936279297,0.0
4064,pop47,1,0.0005998611450195312,0.0
4065,pop33,3,0.025983174641927082,0.035903205991122476
4065,pop32,3,0.0006269613901774088,8.462512516530459e-05
4065,pop50,1,0.0008783340454101562,0.0
4065,pop53,1,0.0007448196411132812,0.0
4065,pop1,1,0.0005941390991210938,0.0
4065,pop15,1,0.0004394054412841797,0.0
4066,pop32,3,0.05517896016438802,0.03854401639775562
4066,pop33,1,0.0005674362182617188,0.0
4066,pop50,2,0.0009260177612304688,6.103515625e-05
4066,pop14,2,0.0006955862045288086,9.810924530029297e-05
4066,pop53,1,0.0007944107055664062,0.0
4066,pop7,1,0.00046515464782714844,0.0
4067,pop52,3,0.02386474609375,0.032746427752934903
4067,pop48,5,0.015801000595092773,0.03036335348093705
4067,pop49,1,0.08077073097229004,0.0
4067,pop53,1,0.0007643699645996094,0.0
4067,pop1,1,0.0006022453308105469,0.0
4067,pop6,1,0.0004718303680419922,0.0
4068,pop21,3,0.05537947018941244,0.03869464516897367
4068,pop23,1,0.0005292892456054688,0.0
4068,pop24,3,0.02982044219970703,0.04126687539209812
4068,pop14,2,0.0005774497985839844,1.1682510375976562e-05
4068,pop50,2,0.001082301139831543,0.0002893209457397461
4068,pop44,1,0.0005424022674560547,0.0
4068,pop27,1,0.0004825592041015625,0.0
4068,pop25,1,0.0005297660827636719,0.0
4068,pop17,2,0.0006818771362304688,4.1961669921875e-05
4069,pop31,2,0.033747196197509766,0.03309035301208496
4069,pop17,4,0.0006557703018188477,0.0001001727654722238
4069,pop50,1,0.0007274150848388672,0.0
4069,pop51,1,0.0007317066192626953,0.0
4070,pop46,2,0.037674903869628906,0.03699350357055664
4070,pop45,1,0.0005517005920410156,0.0
4070,pop44,2,0.03922319412231445,0.03866100311279297
4070,pop50,4,0.0008352994918823242,2.0668635745827238e-05
4070,pop17,2,0.04176294803619385,0.041219353675842285
4070,pop33,2,0.0005375146865844727,1.4424324035644531e-05
4070,pop32,2,0.000658869743347168,0.00015461444854736328
4070,pop53,1,0.0008547306060791016,0.0
4070,pop47,1,0.0004718303680419922,0.0
4071,pop18,3,0.02583154042561849,0.03572316081461758
4071,pop38,3,0.02819085121154785,0.039126944235810354
4071,pop19,1,0.0007572174072265625,0.0
4071,pop51,3,0.0007521311442057291,2.1157400775932617e-05
4071,pop10,1,0.0723116397857666,0.0
4071,pop22,2,0.0006211996078491211,2.9921531677246094e-05
4072,pop27,5,0.01733288764953613,0.03334494925197056
4072,pop25,1,0.0005555152893066406,0.0
4072,pop17,1,0.0006308555603027344,0.0
4072,pop50,1,0.0008535385131835938,0.0
4072,pop53,1,0.0008285045623779297,0.0
4072,pop1,1,0.0005741119384765625,0.0
4072,pop6,1,0.0005955696105957031,0.0
4073,pop38,3,0.05388474464416504,0.037628968259799445
4073,pop18,1,0.000514984130859375,0.0
4073,pop19,1,0.0007600784301757812,0.0
4073,pop20,2,0.03975486755371094,0.039226531982421875
4073,pop46,1,0.0004918575286865234,0.0
4073,pop45,1,0.0005440711975097656,0.0
4073,pop44,2,0.0006064176559448242,5.4717063903808594e-05
4073,pop50,1,0.0009377002716064453,0.0
4073,pop55,1,0.0005917549133300781,0.0
4074,pop40,4,0.017650842666625977,0.029518892273843276
4074,pop43,1,0.0004892349243164062,0.0
4074,pop51,1,0.0006201267242431641,0.0
4075,pop6,3,0.05231181780497233,0.03654319930058803
4075,pop1,1,0.0005388259887695312,0.0
4075,pop53,2,0.0007756948471069336,2.1338462829589844e-05
4075,pop41,2,0.0005284547805786133,4.172325134277344e-06
4075,pop40,2,0.0006107091903686523,6.568431854248047e-05
4075,pop50,1,0.0007531642913818359,0.0
4075,pop55,1,0.0004763603210449219,0.0
4076,pop50,3,0.023731231689453125,0.03236625084911483
4076,pop44,4,0.0006538629531860352,0.0001649875947391929
4076,pop53,1,0.0007586479187011719,0.0
4076,pop47,1,0.000453948974609375,0.0
4077,pop4,2,0.035910725593566895,0.034947752952575684
4077,pop5,1,0.0004296302795410156,0.0
4077,pop10,1,0.0006101131439208984,0.0
4077,pop51,1,0.0011112689971923828,0.0
4078,pop48,5,0.01581282615661621,0.0303283795394236
4078,pop52,1,0.0009217262268066406,0.0
4078,pop3,1,0.0004761219024658203,0.0
4078,pop0,1,0.00043320655822753906,0.0
4078,pop1,1,0.0005943775177001953,0.0
4078,pop6,1,0.0004935264587402344,0.0
4079,pop33,3,0.026175260543823242,0.0360736620187852
4079,pop32,4,0.0006097555160522461,7.52584588117958e-05
4079,pop50,1,0.00098419189453125,0.0
4079,pop53,1,0.0007624626159667969,0.0
4079,pop52,1,0.0005738735198974609,0.0
4080,pop18,3,0.02581898371378581,0.03568382655967184
4080,pop38,3,0.02837260564168294,0.03942545916913189
4080,pop19,1,0.0006353855133056641,0.0
4080,pop51,1,0.0005598068237304688,0.0
4080,pop10,2,0.0005484819412231445,9.655952453613281e-06
4081,pop42,2,0.03597569465637207,0.035327911376953125
4081,pop43,1,0.000518798828125,0.0
4081,pop51,1,0.0008740425109863281,0.0
4081,pop9,4,0.0006028413772583008,0.0001772128988412611
4082,pop56,2,0.040009140968322754,0.039374709129333496
4082,pop48,1,0.0005309581756591797,0.0
4082,pop52,6,0.0006789366404215494,0.00012970370009141
4082,pop13,1,0.07205581665039062,0.0
4082,pop55,1,0.06451225280761719,0.0
4082,pop53,1,0.0007984638214111328,0.0
4082,pop51,1,0.0008168220520019531,0.0
4082,pop19,1,0.0006282329559326172,0.0
4082,pop20,1,0.0005180835723876953,0.0
4083,pop53,5,0.042267894744873045,0.03390342918040837
4083,pop54,1,0.06746983528137207,0.0
4083,pop41,1,0.0005114078521728516,0.0
4083,pop40,2,0.0006083250045776367,0.00011813640594482422
4083,pop43,1,0.0004811286926269531,0.0
4083,pop51,1,0.0007357597351074219,0.0
4083,pop19,1,0.0006353855133056641,0.0
4083,pop18,1,0.0005042552947998047,0.0
4084,pop27,2,0.042551279067993164,0.04186272621154785
4084,pop14,3,0.0006732940673828125,7.685884317925225e-05
4084,pop24,3,0.03076823552449544,0.04272050700116395
4084,pop50,1,0.0009136199951171875,0.0
4084,pop53,1,0.0007407665252685547,0.0
4084,pop1,1,0.0005681514739990234,0.0
4084,pop15,1,0.00043010711669921875,0.0
4085,pop38,2,0.04149806499481201,0.04081857204437256
4085,pop18,1,0.0005323886871337891,0.0
4085,pop19,1,0.0005617141723632812,0.0
4085,pop20,1,0.07996630668640137,0.0
4085,pop46,1,0.00046515464782714844,0.0
4085,pop51,1,0.0010025501251220703,0.0
4086,pop33,3,0.02608521779378255,0.03605863665729461
4086,pop32,4,0.000610053539276123,8.093729177348699e-05
4086,pop50,1,0.0008220672607421875,0.0
4086,pop51,1,0.0006849765777587891,0.0
4086,pop10,1,0.0004954338073730469,0.0
4087,pop8,2,0.03397846221923828,0.03333258628845215
4087,pop51,3,0.0006714661916097006,3.541155816877143e-05
4087,pop19,1,0.0007646083831787109,0.0
4087,pop20,1,0.07813858985900879,0.0
4087,pop46,1,0.0005354881286621094,0.0
4087,pop9,2,0.039078474044799805,0.03860306739807129
4087,pop53,3,0.055373032887776695,0.038627687052757625
4087,pop54,3,0.052372137705485024,0.03663953711390379
4087,pop52,3,0.0007698535919189453,0.0001035851216681423
4087,pop48,1,0.0926966667175293,0.0
4087,pop50,1,0.0008482933044433594,0.0
4087,pop16,1,0.0006337165832519531,0.0
4088,pop10,2,0.034311890602111816,0.03366649150848389
4088,pop51,3,0.0006500085194905599,4.124036522857471e-05
4088,pop19,1,0.0005927085876464844,0.0
4088,pop20,1,0.0793313980102539,0.0
4088,pop46,1,0.0005102157592773438,0.0
4088,pop9,4,0.0005251169204711914,6.669213751602478e-05
4088,pop53,1,0.0008070468902587891,0.0
4088,pop7,1,0.00045180320739746094,0.0
4089,pop57,2,0.04136860370635986,0.04072272777557373
4089,pop56,2,0.04360020160675049,0.04305756092071533
4089,pop48,5,0.016403388977050782,0.03166442717686667
4089,pop49,1,0.08351588249206543,0.0
4089,pop2,1,0.0004677772521972656,0.0
4089,pop52,1,0.0006451606750488281,0.0
4089,pop55,1,0.0005085468292236328,0.0
4090,pop47,5,0.012752008438110352,0.02445817466478655
4090,pop51,1,0.0006983280181884766,0.0
4090,pop10,1,0.0004944801330566406,0.0
4091,pop40,3,0.046593427658081055,0.03248836635444442
4091,pop43,1,0.0005786418914794922,0.0
4091,pop51,2,0.0007443428039550781,2.384185791015625e-07
4091,pop10,2,0.000666499137878418,4.5180320739746094e-05
4091,pop53,1,0.0007681846618652344,0.0
4091,pop1,1,0.000736236572265625,0.0
4091,pop15,1,0.0004379749298095703,0.0
4092,pop6,3,0.05238644282023112,0.03659801187789248
4092,pop1,1,0.00064849853515625,0.0
4092,pop53,1,0.0007288455963134766,0.0
4092,pop51,4,0.0007550716400146484,5.795754111805606e-05
4092,pop10,1,0.07371306419372559,0.0
4092,pop4,1,0.07471847534179688,0.0
4092,pop22,3,0.0006755193074544271,3.143771950694643e-05
4092,pop21,1,0.0005018711090087891,0.0
4092,pop23,1,0.0005755424499511719,0.0
4092,pop16,1,0.0005249977111816406,0.0
4092,pop50,1,0.0007109642028808594,0.0
4093,pop48,4,0.018977463245391846,0.031757208172274065
4093,pop52,1,0.0005769729614257812,0.0
4093,pop53,1,0.0007457733154296875,0.0
4093,pop51,1,0.0007402896881103516,0.0
4094,pop53,4,0.01795417070388794,0.02955259899451546
4094,pop1,2,0.0005947351455688477,1.633167266845703e-05
4094,pop6,1,0.07974576950073242,0.0
4094,pop54,1,0.0006580352783203125,0.0
4094,pop52,4,0.0006935596466064453,0.000131349705025972
4094,pop48,4,0.04252779483795166,0.04198536399740701
4094,pop56,1,0.08959150314331055,0.0
4094,pop2,1,0.08887696266174316,0.0
4094,pop49,3,0.03060603141784668,0.04262041154650499
4094,pop55,1,0.07376742362976074,0.0
4094,pop51,1,0.0006735324859619141,0.0
4094,pop19,1,0.0006361007690429688,0.0
4094,pop18,1,0.0005459785461425781,0.0
4095,pop27,2,0.04261064529418945,0.041908979415893555
4095,pop14,2,0.0007369518280029297,0.00012636184692382812
4095,pop50,2,0.0007884502410888672,6.604194641113281e-05
4095,pop16,1,0.0005943775177001953,0.0
4095,pop23,1,0.0005915164947509766,0.0
4095,pop24,3,0.0005390644073486328,2.8636046523324698e-05
4095,pop55,1,0.0005354881286621094,0.0
4096,pop44,2,0.03789365291595459,0.037364840507507324
4096,pop45,1,0.0004477500915527344,0.0
4096,pop46,1,0.0005152225494384766,0.0
4096,pop20,1,0.07732748985290527,0.0
4097,pop45,2,0.03807210922241211,0.037442922592163086
4097,pop46,2,0.0005631446838378906,9.298324584960938e-06
4097,pop20,1,0.07845735549926758,0.0
4097,pop51,1,0.0006883144378662109,0.0
4097,pop19,1,0.0005567073822021484,0.0
4097,pop18,1,0.0004999637603759766,0.0
4097,pop38,1,0.08894038200378418,0.0
4097,pop39,1,0.0005238056182861328,0.0
4097,pop44,2,0.08815872669219971,0.0033975839614868164
4097,pop50,4,0.0009047389030456543,0.00018045462476540383
4097,pop17,3,0.06388004620869954,0.044683734261815516
4097,pop25,1,0.0006797313690185547,0.0
4097,pop27,1,0.00054168701171875,0.0
4097,pop32,1,0.10444951057434082,0.0
4097,pop33,2,0.0006074905395507812,6.508827209472656e-05
4097,pop37,2,0.000780940055847168,0.0003172159194946289
4097,pop53,1,0.0006802082061767578,0.0
4097,pop47,1,0.00043201446533203125,0.0
4098,pop24,5,0.017181396484375,0.03311879864050715
4098,pop14,1,0.0007622241973876953,0.0
4098,pop50,1,0.0007808208465576172,0.0
4098,pop53,1,0.0006909370422363281,0.0
4098,pop52,1,0.0005536079406738281,0.0
4099,pop30,2,0.03402125835418701,0.033359646797180176
4099,pop31,1,0.0006165504455566406,0.0
4099,pop17,4,0.0007764697074890137,0.00020920597750183752
4099,pop25,1,0.00047588348388671875,0.0
4099,pop27,1,0.0005009174346923828,0.0
4099,pop14,1,0.00057220458984375,0.0
4099,pop50,1,0.0008654594421386719,0.0
4099,pop35,1,0.00044989585876464844,0.0
4100,pop28,2,0.03271627426147461,0.03206825256347656
4100,pop36,1,0.00047516822814941406,0.0
4100,pop10,4,0.0005793571472167969,0.00014122522830770505
4100,pop51,1,0.0007610321044921875,0.0
4100,pop53,1,0.0007977485656738281,0.0
4100,pop1,1,0.0005545616149902344,0.0
4100,pop6,1,0.0004544258117675781,0.0
4101,pop39,2,0.037224650382995605,0.036532044410705566
4101,pop38,1,0.0004863739013671875,0.0
4101,pop18,1,0.0005431175231933594,0.0
4101,pop19,2,0.0007919073104858398,0.00017273426055908203
4101,pop51,4,0.0008045434951782227,8.225829695763132e-05
4101,pop20,2,0.04023265838623047,0.03967928886413574
4101,pop46,1,0.0005583763122558594,0.0
4101,pop10,1,0.07845520973205566,0.0
4101,pop53,1,0.07898092269897461,0.0
4101,pop50,3,0.0010676383972167969,0.00019563470854700105
4101,pop14,1,0.0006783008575439453,0.0
4101,pop27,1,0.0005338191986083984,0.0
4101,pop25,1,0.0005052089691162109,0.0
4101,pop17,2,0.049146175384521484,0.04849672317504883
4101,pop32,2,0.0005768537521362305,5.424022674560547e-05
4101,pop33,1,0.0005230903625488281,0.0
4101,pop55,1,0.0005097389221191406,0.0
4102,pop38,2,0.04159343242645264,0.04090893268585205
4102,pop18,1,0.0004794597625732422,0.0
4102,pop19,2,0.0007547140121459961,0.0002027750015258789
4102,pop51,3,0.0008846124013264974,0.00013003824228677624
4102,pop46,1,0.0005276203155517578,0.0
4102,pop20,1,0.07977533340454102,0.0
4102,pop50,1,0.0009684562683105469,0.0
4102,pop16,1,0.0004904270172119141,0.0
4102,pop23,1,0.0005581378936767578,0.0
4102,pop21,1,0.0004901885986328125,0.0
4102,pop22,3,0.0005769729614257812,0.00011648026649602788
4102,pop53,1,0.0007317066192626953,0.0
4102,pop1,1,0.0005338191986083984,0.0
4102,pop6,1,0.0004208087921142578,0.0
4103,pop33,3,0.026059865951538086,0.03594538220082105
4103,pop32,3,0.0005702972412109375,7.371749275922113e-05
4103,pop50,1,0.0008220672607421875,0.0
4103,pop55,1,0.0006430149078369141,0.0
4104,pop48,3,0.025251070658365887,0.034886420628659195
4104,pop49,4,0.0005878806114196777,6.104176246199811e-05
4104,pop52,1,0.0005471706390380859,0.0
4104,pop34,1,0.0004558563232421875,0.0
4104,pop35,1,0.0004627704620361328,0.0
4105,pop16,3,0.025634209314982098,0.03544258764851803
4105,pop23,4,0.0006358623504638672,0.00011921727630563383
4105,pop50,1,0.0006983280181884766,0.0
4105,pop53,1,0.00072479248046875,0.0
4105,pop1,1,0.0005609989166259766,0.0
4105,pop6,1,0.0004999637603759766,0.0
4106,pop23,5,0.04918131828308105,0.03968891889792089
4106,pop24,4,0.02198582887649536,0.03694212312496875
4106,pop21,1,0.0879209041595459,0.0
4106,pop14,1,0.0005736351013183594,0.0
4106,pop50,1,0.0008461475372314453,0.0
4106,pop51,1,0.0008075237274169922,0.0
4106,pop10,1,0.0005221366882324219,0.0
4107,pop31,2,0.03362405300140381,0.03295433521270752
4107,pop17,3,0.0563962459564209,0.0395290799707035
4107,pop50,4,0.0008352994918823242,4.9908275685666214e-05
4107,pop44,2,0.08233952522277832,0.002312898635864258
4107,pop25,1,0.0004994869232177734,0.0
4107,pop27,1,0.0004982948303222656,0.0
4107,pop45,1,0.0005228519439697266,0.0
4107,pop46,1,0.00048470497131347656,0.0
4107,pop20,2,0.04351174831390381,0.04324233531951904
4107,pop19,2,0.0004525184631347656,0.00012564659118652344
4107,pop51,5,0.0006773948669433593,0.00016632127925821476
4107,pop43,3,0.0005133152008056641,1.3318759794301228e-05
4107,pop40,1,0.0823056697845459,0.0
4107,pop4,1,0.08544921875,0.0
4107,pop10,1,0.08816838264465332,0.0
4107,pop11,1,0.0005891323089599609,0.0
4107,pop33,3,0.000545660654703776,1.5284017396489873e-05
4107,pop32,1,0.10645866394042969,0.0
4107,pop37,3,0.0006068547566731771,0.00013768314565166127
4108,pop40,5,0.014273405075073242,0.027256672078214805
4108,pop41,1,0.00054168701171875,0.0
4108,pop53,1,0.0007703304290771484,0.0
4108,pop50,1,0.0008382797241210938,0.0
4108,pop16,1,0.000507354736328125,0.0
4109,pop6,2,0.03963744640350342,0.03899657726287842
4109,pop1,1,0.000576019287109375,0.0
4109,pop53,1,0.00070953369140625,0.0
4109,pop51,3,0.0009281635284423828,0.00019141592185101657
4109,pop10,2,0.037059783935546875,0.03653550148010254
4109,pop4,1,0.07763147354125977,0.0
4109,pop5,1,0.0004680156707763672,0.0
4109,pop50,1,0.001056671142578125,0.0
4109,pop16,1,0.0005161762237548828,0.0
4109,pop23,1,0.0005359649658203125,0.0
4109,pop21,1,0.0005667209625244141,0.0
4110,pop53,5,0.028289985656738282,0.03364323920675046
4110,pop41,2,0.0005271434783935547,9.775161743164062e-06
4110,pop40,1,0.07156944274902344,0.0
4110,pop54,1,0.07217049598693848,0.0
4110,pop52,2,0.0006026029586791992,1.728534698486328e-05
4110,pop12,2,0.0006145238876342773,0.00011861324310302734
4110,pop51,1,0.0007522106170654297,0.0
4110,pop10,1,0.0005338191986083984,0.0
4111,pop44,5,0.01551957130432129,0.029747260327944877
4111,pop50,1,0.0008370876312255859,0.0
4111,pop53,1,0.0007910728454589844,0.0
4111,pop47,1,0.0004525184631347656,0.0
4112,pop30,2,0.032222867012023926,0.03161013126373291
4112,pop31,1,0.0006308555603027344,0.0
4112,pop17,3,0.0006648699442545573,0.00012568335645711388
4112,pop50,1,0.0008456707000732422,0.0
4112,pop35,1,0.00040984153747558594,0.0
4113,pop33,3,0.02636400858561198,0.036440635065411946
4113,pop32,4,0.0005971193313598633,7.061105444187027e-05
4113,pop50,1,0.0008180141448974609,0.0
4113,pop51,1,0.0007085800170898438,0.0
4113,pop10,1,0.00052642822265625,0.0
4114,pop48,3,0.025759140650431316,0.035494476248760065
4114,pop49,2,0.08103632926940918,0.002338886260986328
4114,pop2,2,0.0005601644515991211,6.759166717529297e-05
4114,pop56,1,0.08352184295654297,0.0
4114,pop52,4,0.0006986260414123535,0.00010175298482803647
4114,pop53,1,0.0006978511810302734,0.0
4114,pop47,1,0.0004680156707763672,0.0
4115,pop45,2,0.03996729850769043,0.03929853439331055
4115,pop44,1,0.0005583763122558594,0.0
4115,pop50,3,0.0008362929026285807,1.59607938271386e-05
4115,pop14,2,0.042207956314086914,0.04159736633300781
4115,pop24,3,0.030445655186971027,0.04225942010093352
4115,pop17,2,0.0007343292236328125,0.00017571449279785156
4115,pop53,1,0.0007236003875732422,0.0
4115,pop47,1,0.0006411075592041016,0.0
4116,pop28,2,0.0337294340133667,0.03307831287384033
4116,pop36,1,0.0004832744598388672,0.0
4116,pop10,1,0.07134294509887695,0.0
4116,pop51,1,0.0007717609405517578,0.0
4116,pop43,1,0.00048613548278808594,0.0
4116,pop40,1,0.07292556762695312,0.0
4116,pop41,1,0.0006079673767089844,0.0
4116,pop53,4,0.02031421661376953,0.03392961875577833
4116,pop54,2,0.03661060333251953,0.03607988357543945
4116,pop1,3,0.0005888938903808594,7.92898614326281e-06
4116,pop6,1,0.09042096138000488,0.0
4116,pop52,3,0.0007660388946533203,0.00015408051619094078
4116,pop15,1,0.000396728515625,0.0
4117,pop38,2,0.04126453399658203,0.040625572204589844
4117,pop18,2,0.0005592107772827148,9.28640365600586e-05
4117,pop19,2,0.0006082057952880859,4.315376281738281e-05
4117,pop51,4,0.000774085521697998,0.00021835623684477923
4117,pop10,2,0.03685164451599121,0.03633832931518555
4117,pop4,1,0.07390713691711426,0.0
4117,pop5,1,0.0004627704620361328,0.0
4117,pop50,1,0.0009248256683349609,0.0
4117,pop16,1,0.0005671977996826172,0.0
4117,pop23,1,0.0006926059722900391,0.0
4117,pop21,1,0.0005621910095214844,0.0
4117,pop22,4,0.0005531907081604004,7.839828178980834e-05
4118,pop31,2,0.03373527526855469,0.03311514854431152
4118,pop30,1,0.0005061626434326172,0.0
4118,pop48,2,0.0005960464477539062,7.319450378417969e-05
4118,pop49,4,0.0005633234977722168,0.00012673560851286583
4118,pop52,1,0.0006639957427978516,0.0
4118,pop53,1,0.0007586479187011719,0.0
4118,pop51,1,0.0007779598236083984,0.0
4119,pop40,4,0.034494638442993164,0.033912205273613
4119,pop41,1,0.0005199909210205078,0.0
4119,pop53,2,0.0007566213607788086,3.8743019104003906e-05
4119,pop52,2,0.0007808208465576172,9.298324584960938e-05
4119,pop1,1,0.000579833984375,0.0
4119,pop15,1,0.0004520416259765625,0.0
4120,pop30,2,0.03361392021179199,0.03295183181762695
4120,pop48,2,0.0005832910537719727,2.753734588623047e-05
4120,pop49,5,0.017105913162231444,0.03309110193080309
4120,pop2,2,0.044379353523254395,0.04382932186126709
4120,pop56,1,0.08666658401489258,0.0
4120,pop52,1,0.0006649494171142578,0.0
4120,pop53,1,0.0007944107055664062,0.0
4120,pop1,1,0.0006735324859619141,0.0
4120,pop6,1,0.0005617141723632812,0.0
4121,pop9,5,0.014061927795410156,0.026970839687992045
4121,pop51,1,0.0007531642913818359,0.0
4121,pop53,1,0.0007545948028564453,0.0
4121,pop1,1,0.0005517005920410156,0.0
4121,pop15,1,0.00045013427734375,0.0
4122,pop36,2,0.03438735008239746,0.03371620178222656
4122,pop10,3,0.05049649874369303,0.035362175426463915
4122,pop51,4,0.0009334683418273926,0.00016339000872894302
4122,pop4,4,0.019217848777770996,0.03229484315460611
4122,pop5,1,0.0004563331604003906,0.0
4122,pop53,1,0.0008389949798583984,0.0
4122,pop50,1,0.0009777545928955078,0.0
4122,pop44,1,0.0005574226379394531,0.0
4123,pop38,2,0.04052901268005371,0.03986811637878418
4123,pop18,1,0.0005328655242919922,0.0
4123,pop19,1,0.0007357597351074219,0.0
4123,pop20,1,0.07797646522521973,0.0
4123,pop46,1,0.0005125999450683594,0.0
4123,pop45,1,0.0005021095275878906,0.0
4123,pop44,1,0.07918429374694824,0.0
4123,pop50,3,0.0009624163309733073,0.0001544874307702567
4123,pop17,2,0.0444256067276001,0.04368174076080322
4123,pop14,2,0.04394173622131348,0.043370962142944336
4123,pop24,3,0.0006457964579264323,0.00011864406312016106
4123,pop51,1,0.0007231235504150391,0.0
4123,pop47,1,0.00046896934509277344,0.0
4124,pop31,2,0.03493356704711914,0.03426766395568848
4124,pop17,4,0.0006276369094848633,6.975006738989354e-05
4124,pop50,1,0.0007891654968261719,0.0
4124,pop14,1,0.0005750656127929688,0.0
4124,pop24,1,0.0005552768707275391,0.0
4125,pop30,2,0.03365325927734375,0.032982587814331055
4125,pop31,1,0.0004928112030029297,0.0
4125,pop17,3,0.027907292048136394,0.03852954505902704
4125,pop50,3,0.0007969538370768229,6.30719166206363e-05
4125,pop14,2,0.04410696029663086,0.04329419136047363
4125,pop53,1,0.0008242130279541016,0.0
4125,pop7,1,0.0005023479461669922,0.0
4126,pop14,5,0.016716384887695314,0.032082322368477245
4126,pop24,1,0.0007011890411376953,0.0
4127,pop55,3,0.04348961512247721,0.0303703344601235
4127,pop52,5,0.01692991256713867,0.03267644258557702
4127,pop48,2,0.039469361305236816,0.03889119625091553
4127,pop49,3,0.028339624404907227,0.039391293972113675
4127,pop2,2,0.044854044914245605,0.04434764385223389
4127,pop56,1,0.08641386032104492,0.0
4127,pop54,2,0.07791483402252197,0.0002690553665161133
4127,pop53,2,0.0008863210678100586,5.805492401123047e-05
4127,pop51,1,0.0008256435394287109,0.0
4128,pop57,2,0.04112982749938965,0.04048490524291992
4128,pop56,1,0.0005271434783935547,0.0
4128,pop48,1,0.0006783008575439453,0.0
4128,pop52,2,0.0006110668182373047,5.7220458984375e-06
4128,pop37,1,0.06884002685546875,0.0
4128,pop33,2,0.0006012916564941406,8.678436279296875e-05
4128,pop32,4,0.0005933642387390137,9.076053493867823e-05
4128,pop50,1,0.0007333755493164062,0.0
4128,pop53,1,0.0007460117340087891,0.0
4129,pop47,5,0.013105201721191406,0.02513263601744549
4129,pop53,1,0.0008497238159179688,0.0
4129,pop7,1,0.0004494190216064453,0.0
4130,pop41,2,0.03743624687194824,0.036752939224243164
4130,pop53,2,0.0007120370864868164,3.516674041748047e-05
4130,pop54,2,0.03545808792114258,0.03482556343078613
4130,pop52,3,0.0007370313008626302,9.773423523638499e-05
4130,pop47,1,0.0004677772521972656,0.0
4131,pop37,4,0.01589280366897583,0.026485100252370535
4131,pop52,1,0.0007009506225585938,0.0
4131,pop53,1,0.0007488727569580078,0.0
4131,pop1,1,0.000560760498046875,0.0
4131,pop6,1,0.00048828125,0.0
4132,pop22,4,0.017056763172149658,0.02850740442933431
4132,pop51,1,0.0007150173187255859,0.0
4132,pop19,1,0.0008111000061035156,0.0
4132,pop18,1,0.0005130767822265625,0.0
4133,pop39,2,0.03662371635437012,0.03596997261047363
4133,pop38,2,0.04266929626464844,0.04206037521362305
4133,pop18,1,0.0005528926849365234,0.0
4133,pop19,1,0.0006244182586669922,0.0
4133,pop51,2,0.0007082223892211914,5.328655242919922e-05
4133,pop9,2,0.03848767280578613,0.03796958923339844
4133,pop43,1,0.0005366802215576172,0.0
4133,pop40,2,0.0006248950958251953,0.00010347366333007812
4133,pop41,1,0.0005128383636474609,0.0
4133,pop53,1,0.0007183551788330078,0.0
4133,pop50,1,0.0008172988891601562,0.0
4133,pop44,1,0.0005698204040527344,0.0
4134,pop30,2,0.03392338752746582,0.0332798957824707
4134,pop48,4,0.0005734562873840332,7.820245241115389e-05
4134,pop52,1,0.0005159378051757812,0.0
4134,pop55,1,0.0005047321319580078,0.0
4135,pop32,5,0.017693758010864258,0.03417700588993696
4135,pop33,1,0.0005424022674560547,0.0
4135,pop50,1,0.0008668899536132812,0.0
4135,pop14,1,0.0005598068237304688,0.0
4135,pop24,1,0.0005249977111816406,0.0
4136,pop52,6,0.012455582618713379,0.02622856161491526
4136,pop48,4,0.06058800220489502,0.03471334179465284
4136,pop49,2,0.045235514640808105,0.04472315311431885
4136,pop2,1,0.08644843101501465,0.0
4136,pop56,2,0.042810678482055664,0.04227876663208008
4136,pop54,2,0.03675496578216553,0.03621542453765869
4136,pop53,1,0.0007855892181396484,0.0
4136,pop1,1,0.0007238388061523438,0.0
4136,pop15,1,0.000408172607421875,0.0
4137,pop21,5,0.017515277862548827,0.03382461038458253
4137,pop23,1,0.0005793571472167969,0.0
4137,pop16,1,0.0005273818969726562,0.0
4137,pop50,1,0.0007984638214111328,0.0
4137,pop51,1,0.0007369518280029297,0.0
4137,pop19,1,0.0006341934204101562,0.0
4137,pop20,1,0.00047206878662109375,0.0
4138,pop46,2,0.0372161865234375,0.03654956817626953
4138,pop20,4,0.0005814433097839355,0.00010064333844569927
4138,pop19,1,0.0006525516510009766,0.0
4138,pop51,1,0.0008025169372558594,0.0
4138,pop53,1,0.00083160400390625,0.0
4138,pop7,1,0.0004277229309082031,0.0
4139,pop6,5,0.016542959213256835,0.03193145956681769
4139,pop1,1,0.0005314350128173828,0.0
4139,pop53,1,0.0007863044738769531,0.0
4139,pop50,1,0.0008647441864013672,0.0
4139,pop14,1,0.0005741119384765625,0.0
4139,pop24,1,0.0005192756652832031,0.0
4140,pop33,3,0.026286760965983074,0.03635917685004221
4140,pop32,4,0.0005752444267272949,0.00012446207709913834
4140,pop50,1,0.0007853507995605469,0.0
4140,pop53,1,0.0007443428039550781,0.0
4140,pop1,1,0.0005993843078613281,0.0
4140,pop15,1,0.0004405975341796875,0.0
4141,pop55,5,0.013354682922363281,0.02537028579597449
4141,pop52,1,0.0006337165832519531,0.0
4141,pop34,1,0.00048065185546875,0.0
4141,pop35,1,0.0004432201385498047,0.0
4142,pop47,4,0.031773269176483154,0.031247358694559545
4142,pop51,2,0.0007824897766113281,3.814697265625e-06
4142,pop4,2,0.0005822181701660156,4.696846008300781e-05
4142,pop19,1,0.0006442070007324219,0.0
4142,pop18,1,0.0004985332489013672,0.0
4143,pop39,2,0.03594815731048584,0.03528249263763428
4143,pop38,4,0.0006087422370910645,0.0001571844325070787
4143,pop18,1,0.0006773471832275391,0.0
4143,pop19,1,0.0006158351898193359,0.0
4143,pop51,1,0.0007305145263671875,0.0
4143,pop53,1,0.0007965564727783203,0.0
4143,pop1,1,0.000591278076171875,0.0
4143,pop15,1,0.00044798851013183594,0.0
4144,pop50,3,0.02485354741414388,0.034055837173430685
4144,pop17,4,0.0007726550102233887,6.141474132097002e-05
4144,pop14,1,0.0007386207580566406,0.0
4144,pop24,1,0.0005278587341308594,0.0
4145,pop4,4,0.01890099048614502,0.031639711922942966
4145,pop5,1,0.0004520416259765625,0.0
4145,pop10,2,0.03892016410827637,0.038420915603637695
4145,pop51,2,0.0007243156433105469,5.7220458984375e-06
4145,pop19,1,0.0005815029144287109,0.0
4145,pop18,1,0.0006694793701171875,0.0
4146,pop18,2,0.039783358573913574,0.039154648780822754
4146,pop38,1,0.08525633811950684,0.0
4146,pop39,1,0.0004703998565673828,0.0
4146,pop44,3,0.02834924062093099,0.03920110240334557
4146,pop50,1,0.000823974609375,0.0
4146,pop55,2,0.0005260705947875977,2.396106719970703e-05
4147,pop40,2,0.03619503974914551,0.035500288009643555
4147,pop41,1,0.0005161762237548828,0.0
4147,pop53,2,0.0007818937301635742,1.895427703857422e-05
4147,pop50,3,0.0008720556894938151,0.00012038168310615366
4147,pop17,3,0.0292660395304362,0.0405298149476812
4147,pop33,2,0.0006353855133056641,8.106231689453125e-05
4147,pop32,2,0.0006964206695556641,0.0001423358917236328
4147,pop47,1,0.0004336833953857422,0.0
4148,pop41,2,0.03671383857727051,0.03604292869567871
4148,pop53,2,0.0008224248886108398,4.374980926513672e-05
4148,pop52,2,0.0005936622619628906,1.2636184692382812e-05
4148,pop48,3,0.027753432591756184,0.038463326728852054
4148,pop49,2,0.000584721565246582,0.00011932849884033203
4148,pop1,1,0.0005486011505126953,0.0
4148,pop6,1,0.0004458427429199219,0.0
4149,pop30,2,0.0332639217376709,0.03262019157409668
4149,pop48,4,0.0006293654441833496,0.000137190095992165
4149,pop52,1,0.0006721019744873047,0.0
4149,pop53,1,0.0006439685821533203,0.0
4149,pop47,1,0.0004677772521972656,0.0
4150,pop33,2,0.03934013843536377,0.038540005683898926
4151,pop39,2,0.03659224510192871,0.03592061996459961
4151,pop38,1,0.08476734161376953,0.0
4151,pop18,1,0.0004975795745849609,0.0
4151,pop19,1,0.0005941390991210938,0.0
4151,pop51,2,0.0008304119110107422,0.0001304149627685547
4151,pop9,3,0.02535867691040039,0.03519397248243263
4151,pop50,1,0.0008509159088134766,0.0
4151,pop53,2,0.08091020584106445,0.0018303394317626953
4151,pop54,2,0.07712864875793457,0.0012011528015136719
4151,pop52,2,0.0006529092788696289,2.9921531677246094e-05
4151,pop12,2,0.0004978179931640625,1.6689300537109375e-06
4152,pop42,2,0.03583681583404541,0.0352247953414917
4152,pop43,1,0.0004756450653076172,0.0
4152,pop51,1,0.0007522106170654297,0.0
4152,pop50,5,0.0009541511535644531,0.00023897321085398183
4152,pop44,1,0.0005257129669189453,0.0
4152,pop27,1,0.0005304813385009766,0.0
4152,pop25,1,0.0005495548248291016,0.0
4152,pop17,3,0.03154746691385905,0.04374292264900956
4152,pop31,1,0.0005092620849609375,0.0
4152,pop30,1,0.000492095947265625,0.0
4152,pop48,1,0.0005376338958740234,0.0
4152,pop52,1,0.0006117820739746094,0.0
4152,pop53,2,0.0007966756820678711,6.99758529663086e-05
4152,pop14,1,0.1013486385345459,0.0
4152,pop33,3,0.0007164478302001953,0.00013514625594746057
4152,pop32,2,0.0006905794143676758,0.00013267993927001953
4152,pop47,1,0.0004696846008300781,0.0
4153,pop56,5,0.016608238220214844,0.03202327679037412
4153,pop48,1,0.0005128383636474609,0.0
4153,pop52,1,0.0007567405700683594,0.0
4153,pop53,1,0.0007925033569335938,0.0
4153,pop50,1,0.0008809566497802734,0.0
4153,pop44,1,0.0005559921264648438,0.0
4154,pop9,5,0.0140777587890625,0.026935536504824394
4155,pop38,4,0.02149653434753418,0.036186435586946335
4155,pop18,1,0.0005178451538085938,0.0
4156,pop52,4,0.01808953285217285,0.030180605494448114
4156,pop55,3,0.02229936917622884,0.03071931155336603
4157,pop6,3,0.052943785985310875,0.036962184564657385
4157,pop1,1,0.0005638599395751953,0.0
4157,pop53,2,0.0008882284164428711,4.8279762268066406e-05
4157,pop54,1,0.0005326271057128906,0.0
4157,pop52,2,0.0007760524749755859,0.00012445449829101562
4157,pop51,1,0.0007684230804443359,0.0
4157,pop10,1,0.0005278587341308594,0.0
4158,pop47,3,0.02113787333170573,0.029118889383464287
4158,pop53,2,0.0007507801055908203,1.621246337890625e-05
4158,pop50,4,0.0008417963981628418,3.7919939103907276e-05
4158,pop17,3,0.0581514040629069,0.04067521993207236
4158,pop44,1,0.08478307723999023,0.0
4158,pop55,2,0.07332205772399902,0.002416372299194336
4158,pop52,5,0.0006747722625732421,0.00010082771040010325
4158,pop54,1,0.07732009887695312,0.0
4159,pop18,2,0.04070889949798584,0.04005014896392822
4159,pop19,2,0.0006990432739257812,9.059906005859375e-05
4159,pop51,2,0.0007096529006958008,1.6808509826660156e-05
4159,pop10,4,0.0005553364753723145,5.399256405013699e-05
4159,pop20,1,0.0005037784576416016,0.0
4160,pop30,2,0.03348803520202637,0.032849788665771484
4160,pop31,1,0.0005362033843994141,0.0
4160,pop17,3,0.0006779034932454427,9.160597674738068e-05
4160,pop50,1,0.0008869171142578125,0.0
4160,pop53,1,0.0006051063537597656,0.0
4160,pop7,1,0.0004305839538574219,0.0
4161,pop8,2,0.0350421667098999,0.03438913822174072
4161,pop51,2,0.0006532669067382812,5.507469177246094e-05
4161,pop10,3,0.0005960464477539062,0.0001042106490821942
4161,pop50,1,0.0008332729339599609,0.0
4161,pop16,1,0.0004870891571044922,0.0
4162,pop10,2,0.03550875186920166,0.03484904766082764
4162,pop51,1,0.0005862712860107422,0.0
4162,pop50,3,0.0009553432464599609,0.00011088283963678658
4162,pop17,3,0.028076728185017902,0.038806065711110116
4162,pop33,2,0.0005643367767333984,1.7642974853515625e-05
4162,pop32,2,0.000598907470703125,4.7206878662109375e-05
4162,pop53,1,0.0010230541229248047,0.0
4162,pop54,1,0.0006625652313232422,0.0
4162,pop52,1,0.0005967617034912109,0.0
4162,pop55,1,0.0006439685821533203,0.0
4163,pop27,5,0.017441272735595703,0.03361462752881028
4163,pop25,1,0.0004849433898925781,0.0
4163,pop17,1,0.0006077289581298828,0.0
4163,pop50,1,0.0008084774017333984,0.0
4163,pop51,1,0.0006425380706787109,0.0
4163,pop10,1,0.0005183219909667969,0.0
4164,pop14,2,0.04102051258087158,0.040314555168151855
4164,pop24,1,0.08721399307250977,0.0
4164,pop23,3,0.05607851346333822,0.03927140504966194
4164,pop21,4,0.022452175617218018,0.03783315386579801
4164,pop16,1,0.0005619525909423828,0.0
4164,pop50,1,0.0008854866027832031,0.0
4164,pop53,1,0.0008261203765869141,0.0
4164,pop52,1,0.0006432533264160156,0.0
4165,pop57,2,0.041626572608947754,0.04098093509674072
4165,pop56,2,0.08484554290771484,0.002400636672973633
4165,pop2,3,0.05750592549641927,0.04033892061539597
4165,pop49,1,0.0004961490631103516,0.0
4165,pop48,1,0.0005962848663330078,0.0
4165,pop52,2,0.0006116628646850586,1.1086463928222656e-05
4165,pop55,1,0.07277560234069824,0.0
4165,pop54,3,0.0006109873453776041,9.247164985396757e-05
4165,pop53,1,0.0008025169372558594,0.0
4165,pop50,1,0.0009868144989013672,0.0
4165,pop16,1,0.000484466552734375,0.0
4166,pop50,3,0.025284767150878906,0.03466887645133638
4166,pop17,3,0.0006764729817708334,6.250640197801392e-05
4166,pop53,1,0.0007891654968261719,0.0
4166,pop7,1,0.0004343986511230469,0.0
4167,pop4,2,0.037024855613708496,0.036093831062316895
4167,pop5,1,0.0004124641418457031,0.0
4167,pop10,1,0.0005538463592529297,0.0
4167,pop51,2,0.0007661581039428711,1.2516975402832031e-05
4167,pop9,3,0.0005846023559570312,0.00010731767324630592
4167,pop19,1,0.0006403923034667969,0.0
4167,pop18,1,0.0005064010620117188,0.0
4168,pop33,3,0.026563405990600586,0.03669610565105002
4168,pop32,3,0.0005950133005777994,2.045897535922252e-05
4168,pop50,1,0.0007457733154296875,0.0
4168,pop55,1,0.0005080699920654297,0.0
4169,pop56,3,0.0563657283782959,0.039452848463251436
4169,pop2,3,0.05963985125223795,0.04182429934980281
4169,pop49,1,0.0004851818084716797,0.0
4169,pop48,1,0.0005259513854980469,0.0
4169,pop52,2,0.0009325742721557617,0.00027930736541748047
4169,pop54,1,0.0005395412445068359,0.0
4169,pop53,1,0.0007650852203369141,0.0
4169,pop47,1,0.0004723072052001953,0.0
4170,pop6,2,0.040671706199645996,0.04002726078033447
4170,pop1,1,0.00060272216796875,0.0
4170,pop53,2,0.0007225275039672852,3.1828880310058594e-05
4170,pop50,2,0.0010362863540649414,0.00016987323760986328
4170,pop44,1,0.0007138252258300781,0.0
4170,pop27,1,0.0005087852478027344,0.0
4170,pop25,1,0.0004947185516357422,0.0
4170,pop17,4,0.0006195306777954102,7.591909845134625e-05
4170,pop7,1,0.0004456043243408203,0.0
4171,pop24,5,0.01801638603210449,0.0346914755243385
4171,pop14,1,0.0005404949188232422,0.0
4171,pop50,1,0.0008957386016845703,0.0
4171,pop53,1,0.0007703304290771484,0.0
4171,pop1,1,0.00054168701171875,0.0
4171,pop15,1,0.00045418739318847656,0.0
4172,pop9,4,0.017843902111053467,0.029942358333355647
4172,pop51,1,0.0007259845733642578,0.0
4172,pop19,1,0.0006008148193359375,0.0
4172,pop18,1,0.0005171298980712891,0.0
4173,pop52,2,0.0361781120300293,0.035462141036987305
4173,pop54,4,0.0005486607551574707,6.589511164024566e-05
4173,pop53,1,0.0008199214935302734,0.0
4173,pop51,1,0.0007240772247314453,0.0
4174,pop47,5,0.012688207626342773,0.024213599387181952
4174,pop53,1,0.0008132457733154297,0.0
4174,pop50,1,0.0008370876312255859,0.0
4174,pop14,1,0.0005931854248046875,0.0
4174,pop24,1,0.0005207061767578125,0.0
4175,pop10,2,0.03628873825073242,0.03530454635620117
4175,pop11,1,0.0004589557647705078,0.0
4175,pop43,1,0.0006737709045410156,0.0
4175,pop51,2,0.0007517337799072266,0.0001125335693359375
4175,pop9,4,0.0005052089691162109,5.953474714767329e-05
4175,pop19,1,0.0007658004760742188,0.0
4175,pop20,1,0.0004947185516357422,0.0
4176,pop14,3,0.028897921244303387,0.03994788417325328
4176,pop24,4,0.0006121397018432617,0.0001000782398120216
4176,pop23,1,0.08247256278991699,0.0
4176,pop50,1,0.0008535385131835938,0.0
4176,pop51,1,0.000820159912109375,0.0
4176,pop19,1,0.0006020069122314453,0.0
4176,pop18,1,0.0005130767822265625,0.0
4177,pop57,2,0.04242432117462158,0.04181110858917236
4177,pop56,2,0.04267621040344238,0.04219388961791992
4177,pop2,3,0.05861910184224447,0.04112560680865819
4177,pop49,2,0.0007077455520629883,0.00019729137420654297
4177,pop48,1,0.0004985332489013672,0.0
4177,pop52,1,0.0007681846618652344,0.0
4177,pop53,1,0.0007517337799072266,0.0
4177,pop51,1,0.0006892681121826172,0.0
4177,pop19,1,0.0006563663482666016,0.0
4177,pop18,1,0.00047326087951660156,0.0
4178,pop50,3,0.024777809778849285,0.033835209634018606
4178,pop44,4,0.0006285309791564941,0.00011152822251198083
4178,pop55,1,0.0004642009735107422,0.0
4179,pop16,2,0.037446022033691406,0.03679251670837402
4179,pop23,3,0.028231382369995117,0.039133181773383804
4179,pop24,2,0.0007318258285522461,3.9458274841308594e-05
4179,pop14,1,0.0007145404815673828,0.0
4179,pop50,1,0.0009016990661621094,0.0
4179,pop53,1,0.0007967948913574219,0.0
4179,pop1,1,0.0006306171417236328,0.0
4179,pop15,1,0.00046324729919433594,0.0
4180,pop23,3,0.05558093388875326,0.038848705459818854
4180,pop24,3,0.0006513595581054688,0.000138758930278903
4180,pop14,1,0.0006265640258789062,0.0
4180,pop50,1,0.0008358955383300781,0.0
4180,pop53,1,0.0006122589111328125,0.0
4180,pop47,1,0.0004630088806152344,0.0
4181,pop53,3,0.04770056406656901,0.03312053420503549
4181,pop54,1,0.000530242919921875,0.0
4181,pop52,3,0.0006955464680989584,6.565401041890686e-05
4181,pop34,1,0.0004956722259521484,0.0
4181,pop35,1,0.0004372596740722656,0.0
4182,pop44,2,0.03903698921203613,0.03835105895996094
4182,pop50,4,0.0008870363235473633,0.00024008108692046175
4182,pop33,2,0.0005543231964111328,7.3909759521484375e-06
4182,pop32,2,0.045194149017333984,0.04469013214111328
4182,pop14,2,0.0005563497543334961,2.276897430419922e-05
4182,pop27,3,0.035271803538004555,0.049150194939506064
4182,pop25,3,0.0005432764689127604,8.098030928668299e-05
4182,pop17,4,0.02464085817337036,0.041523959947158545
4182,pop53,1,0.0006642341613769531,0.0
4182,pop7,1,0.00042057037353515625,0.0
4183,pop48,5,0.03167848587036133,0.03798093004867088
4183,pop49,1,0.08434009552001953,0.0
4183,pop52,1,0.0006406307220458984,0.0
4183,pop53,1,0.0007765293121337891,0.0
4183,pop50,1,0.0008480548858642578,0.0
4183,pop16,1,0.00048065185546875,0.0
4184,pop32,5,0.017319869995117188,0.03340827814291377
4184,pop33,1,0.0006272792816162109,0.0
4184,pop50,1,0.0008854866027832031,0.0
4184,pop35,1,0.0005249977111816406,0.0
4185,pop21,5,0.017960548400878906,0.03467348162981792
4185,pop23,1,0.0006804466247558594,0.0
4185,pop16,1,0.00046944618225097656,0.0
4185,pop50,1,0.0007824897766113281,0.0
4185,pop51,1,0.0008366107940673828,0.0
4185,pop19,1,0.0005772113800048828,0.0
4185,pop20,1,0.0005090236663818359,0.0
4186,pop8,2,0.03496885299682617,0.03435182571411133
4186,pop51,1,0.000637054443359375,0.0
4186,pop53,4,0.0008314847946166992,0.0001630226588946177
4186,pop47,1,0.0004673004150390625,0.0
4187,pop56,4,0.04269444942474365,0.04214008972703299
4187,pop2,3,0.059149742126464844,0.04137973753807082
4187,pop49,2,0.00060272216796875,8.58306884765625e-05
4187,pop48,1,0.0005767345428466797,0.0
4187,pop52,1,0.0006098747253417969,0.0
4187,pop53,1,0.0006687641143798828,0.0
4187,pop50,1,0.0008504390716552734,0.0
4187,pop44,1,0.0005645751953125,0.0
4188,pop47,5,0.012889909744262695,0.024707023476308144
4188,pop51,1,0.0006844997406005859,0.0
4189,pop14,5,0.034790325164794925,0.04188825976290789
4189,pop24,4,0.022630393505096436,0.038185433008037124
4189,pop23,1,0.0005667209625244141,0.0
4189,pop16,1,0.0005271434783935547,0.0
4189,pop50,2,0.0008342266082763672,2.0503997802734375e-05
4189,pop53,1,0.00074005126953125,0.0
4189,pop7,1,0.00043964385986328125,0.0
4190,pop45,2,0.03966796398162842,0.039020419120788574
4190,pop44,2,0.0005568265914916992,3.933906555175781e-06
4190,pop50,4,0.001068711280822754,0.00019624655274928148
4190,pop27,3,0.0005498727162679037,5.867950052239723e-05
4190,pop25,3,0.0005588531494140625,2.758727219790082e-05
4190,pop17,4,0.0223538875579834,0.037478724365815556
4190,pop55,1,0.07281208038330078,0.0
4190,pop14,2,0.000637054443359375,2.86102294921875e-05
4190,pop51,1,0.0007920265197753906,0.0
4191,pop28,2,0.03353404998779297,0.032891273498535156
4191,pop51,2,0.000743865966796875,0.00011897087097167969
4191,pop9,4,0.0005150437355041504,4.439625868730522e-05
4191,pop19,1,0.0006225109100341797,0.0
4191,pop18,1,0.0004699230194091797,0.0
4192,pop39,2,0.03748726844787598,0.03687787055969238
4192,pop44,1,0.0005507469177246094,0.0
4192,pop50,3,0.000854333241780599,9.917760751069304e-05
4192,pop55,3,0.04711707433064779,0.03298000650754019
4192,pop52,2,0.0007425546646118164,1.6570091247558594e-05
4192,pop48,1,0.08339643478393555,0.0
4192,pop17,1,0.09510064125061035,0.0
4192,pop25,1,0.0006618499755859375,0.0
4192,pop27,1,0.0005521774291992188,0.0
4192,pop14,3,0.03226788838704427,0.04486021737059489
4192,pop24,2,0.0005913972854614258,3.0159950256347656e-05
4193,pop52,4,0.01862204074859619,0.03093966088487532
4193,pop53,1,0.0007874965667724609,0.0
4193,pop1,1,0.0005567073822021484,0.0
4193,pop15,1,0.00044345855712890625,0.0
4194,pop16,2,0.03757119178771973,0.03691220283508301
4194,pop50,3,0.000900427500406901,0.00011851063613516545
4194,pop17,1,0.08501219749450684,0.0
4194,pop14,2,0.00066375732421875,9.202957153320312e-05
4194,pop24,3,0.000694433848063151,0.00011761188480229325
4194,pop51,1,0.0009152889251708984,0.0
4194,pop47,1,0.00047969818115234375,0.0
4195,pop23,3,0.05519843101501465,0.038556762614395244
4195,pop24,3,0.0006020863850911459,8.898270575261058e-05
4195,pop14,1,0.0005552768707275391,0.0
4195,pop50,1,0.0009732246398925781,0.0
4195,pop53,1,0.0008587837219238281,0.0
4195,pop1,1,0.0006034374237060547,0.0
4195,pop15,1,0.0004425048828125,0.0
4196,pop36,2,0.03555953502655029,0.03490793704986572
4196,pop51,1,0.0007851123809814453,0.0
4196,pop50,2,0.0007833242416381836,5.328655242919922e-05
4196,pop17,4,0.0006797909736633301,8.035031104802202e-05
4196,pop53,1,0.0007905960083007812,0.0
4196,pop7,1,0.0004773139953613281,0.0
4197,pop31,2,0.035028815269470215,0.034397244453430176
4197,pop17,4,0.0006502866744995117,5.420772920391819e-05
4197,pop50,1,0.0009088516235351562,0.0
4197,pop51,1,0.0007448196411132812,0.0
4198,pop42,2,0.03445565700531006,0.033818840980529785
4198,pop43,1,0.0005393028259277344,0.0
4198,pop51,2,0.0007205009460449219,1.0728836059570312e-05
4198,pop4,3,0.0006161530812581381,8.284724486215916e-05
4198,pop53,1,0.0007500648498535156,0.0
4198,pop7,1,0.0004057884216308594,0.0
4199,pop18,2,0.0413128137588501,0.040609002113342285
4199,pop19,2,0.0006467103958129883,1.1801719665527344e-05
4199,pop20,4,0.000587165355682373,6.6081393120437e-05
4199,pop51,1,0.0006506443023681641,0.0
4199,pop10,1,0.0005269050598144531,0.0
4200,pop53,2,0.03697061538696289,0.03610730171203613
4200,pop51,3,0.0006809234619140625,7.354507922547453e-05
4200,pop4,2,0.03931105136871338,0.03878891468048096
4200,pop22,2,0.0006220340728759766,3.5762786865234375e-05
4200,pop19,1,0.0005536079406738281,0.0
4200,pop18,1,0.0004813671112060547,0.0
4201,pop32,5,0.017466306686401367,0.033635435608985104
4201,pop33,1,0.0005154609680175781,0.0
4201,pop50,1,0.0009021759033203125,0.0
4201,pop53,1,0.0008425712585449219,0.0
4201,pop47,1,0.0004508495330810547,0.0
4202,pop8,2,0.03416037559509277,0.03354334831237793
4202,pop51,4,0.0007792115211486816,0.0001273121028568033
4202,pop4,4,0.019330263137817383,0.03251004092770627
4202,pop10,1,0.0741276741027832,0.0
4202,pop19,1,0.0005955696105957031,0.0
4202,pop18,1,0.0005118846893310547,0.0
4203,pop56,4,0.04217809438705444,0.04164845421809468
4203,pop2,4,0.02146977186203003,0.03620067211430455
4203,pop49,1,0.0005147457122802734,0.0
4203,pop48,1,0.0005774497985839844,0.0
4203,pop52,1,0.0006844997406005859,0.0
4203,pop53,1,0.0008606910705566406,0.0
4203,pop51,1,0.0007522106170654297,0.0
4203,pop19,1,0.0005719661712646484,0.0
4203,pop18,1,0.0005035400390625,0.0
4204,pop28,2,0.0350722074508667,0.03440439701080322
4204,pop51,1,0.0010952949523925781,0.0
4205,pop39,2,0.038201212882995605,0.03758895397186279
4205,pop44,1,0.0005927085876464844,0.0
4205,pop50,2,0.0010508298873901367,0.00020492076873779297
4205,pop14,2,0.0006098747253417969,2.4080276489257812e-05
4205,pop27,1,0.0005216598510742188,0.0
4205,pop25,1,0.0005114078521728516,0.0
4205,pop17,1,0.09195399284362793,0.0
4205,pop24,3,0.0005385080973307291,2.12235690430215e-05
4205,pop23,1,0.0004973411560058594,0.0
4205,pop16,1,0.0004980564117431641,0.0
4206,pop16,3,0.025095224380493164,0.034666144294084336
4206,pop23,4,0.0006566643714904785,2.7234757372634877e-05
4206,pop21,1,0.08963799476623535,0.0
4206,pop24,2,0.04746699333190918,0.04692554473876953
4206,pop50,1,0.0008649826049804688,0.0
4206,pop51,1,0.0008180141448974609,0.0
4207,pop33,3,0.0274044672648112,0.03789015727444123
4207,pop32,3,0.0006059010823567709,6.450719546033177e-05
4207,pop50,1,0.0009834766387939453,0.0
4207,pop16,1,0.0006420612335205078,0.0
4208,pop52,3,0.024330615997314453,0.03343648148974054
4208,pop37,4,0.0006040334701538086,7.349279288393115e-05
4208,pop34,1,0.0006277561187744141,0.0
4208,pop35,1,0.00042128562927246094,0.0
4209,pop18,3,0.0273285706837972,0.037713285608709506
4209,pop38,2,0.043074607849121094,0.04254722595214844
4209,pop19,1,0.0006213188171386719,0.0
4209,pop20,1,0.08377861976623535,0.0
4209,pop46,1,0.0005254745483398438,0.0
4209,pop45,1,0.0005490779876708984,0.0
4209,pop44,3,0.0006391207377115885,0.00012711837313895903
4209,pop50,1,0.001050710678100586,0.0
4209,pop53,1,0.0008258819580078125,0.0
4209,pop47,1,0.0004661083221435547,0.0
4210,pop8,2,0.035640835762023926,0.034967780113220215
4210,pop51,6,0.0007128318150838217,2.8873732417860067e-05
4210,pop10,3,0.0503539244333903,0.03530361786558132
4210,pop4,3,0.05324331919352213,0.037332768454423515
4210,pop53,1,0.07679224014282227,0.0
4210,pop50,2,0.0008352994918823242,2.7060508728027344e-05
4210,pop17,2,0.0007777214050292969,0.00012493133544921875
4210,pop19,1,0.0005717277526855469,0.0
4210,pop20,1,0.0005373954772949219,0.0
4211,pop28,2,0.03380846977233887,0.0331883430480957
4211,pop36,1,0.0004889965057373047,0.0
4211,pop10,4,0.0005850791931152344,7.38653310941285e-05
4211,pop51,1,0.0007953643798828125,0.0
4211,pop19,1,0.0005996227264404297,0.0
4211,pop18,1,0.0005030632019042969,0.0
4212,pop37,5,0.013296842575073242,0.025366063980646586
4212,pop52,1,0.0006506443023681641,0.0
4212,pop53,1,0.0007417201995849609,0.0
4212,pop51,1,0.000713348388671875,0.0
4212,pop19,1,0.0007150173187255859,0.0
4212,pop20,1,0.0005147457122802734,0.0
4213,pop22,5,0.014239740371704102,0.02730936041175675
4213,pop21,1,0.0004754066467285156,0.0
4213,pop23,1,0.0005586147308349609,0.0
4213,pop16,1,0.0004749298095703125,0.0
4214,pop9,4,0.017951011657714844,0.030004025975767745
4214,pop51,1,0.0007748603820800781,0.0
4214,pop50,1,0.0009148120880126953,0.0
4214,pop35,1,0.0004475116729736328,0.0
4215,pop36,2,0.03472304344177246,0.03406977653503418
4215,pop51,3,0.0007843176523844401,0.0001607778575028624
4215,pop4,1,0.07462596893310547,0.0
4215,pop5,1,0.0004398822784423828,0.0
4215,pop10,2,0.0005331039428710938,7.152557373046875e-07
4215,pop50,1,0.0007054805755615234,0.0
4215,pop16,1,0.0005557537078857422,0.0
4215,pop23,1,0.0005769729614257812,0.0
4215,pop21,1,0.0005249977111816406,0.0
4215,pop22,4,0.0005384087562561035,4.8823262963054716e-05
4216,pop31,2,0.035076141357421875,0.034455299377441406
4216,pop17,4,0.0006659030914306641,0.00011217752500139974
4216,pop50,1,0.0009267330169677734,0.0
4216,pop55,1,0.0005214214324951172,0.0
4217,pop53,4,0.036277830600738525,0.035565604201836284
4217,pop54,3,0.0006299813588460287,0.0001259726302102181
4217,pop1,1,0.0005977153778076172,0.0
4217,pop15,1,0.0004553794860839844,0.0
4218,pop56,2,0.041445136070251465,0.04076659679412842
4218,pop2,1,0.000476837158203125,0.0
4218,pop49,3,0.0006388823191324869,0.00013739218705144976
4218,pop48,1,0.0005886554718017578,0.0
4218,pop52,1,0.0006003379821777344,0.0
4218,pop53,1,0.0007939338684082031,0.0
4218,pop51,1,0.0006988048553466797,0.0
4218,pop10,1,0.0004899501800537109,0.0
4219,pop46,2,0.04004359245300293,0.03937864303588867
4219,pop45,1,0.0005619525909423828,0.0
4219,pop44,3,0.026180585225423176,0.03627017295559676
4219,pop50,1,0.0008795261383056641,0.0
4219,pop17,2,0.04273951053619385,0.04215443134307861
4219,pop25,1,0.00048613548278808594,0.0
4219,pop27,1,0.0005483627319335938,0.0
4220,pop55,4,0.032965898513793945,0.03236642018101111
4220,pop50,2,0.0009878873825073242,0.00022804737091064453
4220,pop14,1,0.0006170272827148438,0.0
4220,pop27,1,0.0004944801330566406,0.0
4220,pop25,1,0.0004856586456298828,0.0
4220,pop17,2,0.0007295608520507812,0.00010371208190917969
4220,pop53,1,0.0008051395416259766,0.0
4220,pop47,1,0.0005192756652832031,0.0
4221,pop44,5,0.01592860221862793,0.030589906388586382
4221,pop50,1,0.0006895065307617188,0.0
4221,pop16,1,0.0005085468292236328,0.0
4222,pop47,2,0.03185713291168213,0.031208395957946777
4222,pop51,3,0.0007356007893880209,3.343210775773252e-05
4222,pop4,2,0.04001152515411377,0.03941977024078369
4222,pop22,2,0.0005944967269897461,6.783008575439453e-05
4222,pop19,1,0.0005819797515869141,0.0
4222,pop20,1,0.0005023479461669922,0.0
4223,pop18,2,0.04051077365875244,0.03982746601104736
4223,pop19,1,0.0007598400115966797,0.0
4223,pop51,3,0.0010265509287516277,0.0002542958402702521
4223,pop10,1,0.0007555484771728516,0.0
4223,pop4,1,0.07790374755859375,0.0
4223,pop50,2,0.0008518695831298828,5.030632019042969e-05
4223,pop16,2,0.0005011558532714844,2.9087066650390625e-05
4223,pop23,2,0.0005865097045898438,2.3603439331054688e-05
4223,pop21,2,0.0005013942718505859,2.6226043701171875e-06
4223,pop22,4,0.0006849765777587891,0.00023033239986168045
4223,pop53,1,0.0006225109100341797,0.0
4223,pop47,1,0.00046896934509277344,0.0
4224,pop8,2,0.034385085105895996,0.03375566005706787
4224,pop51,3,0.0008268356323242188,0.00016006536319983244
4224,pop4,1,0.07334399223327637,0.0
4224,pop5,1,0.0004558563232421875,0.0
4224,pop10,1,0.00047898292541503906,0.0
4224,pop50,1,0.0007719993591308594,0.0
4224,pop16,1,0.0005013942718505859,0.0
4224,pop23,1,0.0004951953887939453,0.0
4224,pop21,1,0.0004894733428955078,0.0
4224,pop22,4,0.0005391240119934082,9.027510607468828e-05
4224,pop53,1,0.0009002685546875,0.0
4224,pop1,1,0.0006000995635986328,0.0
4224,pop15,1,0.00045871734619140625,0.0
4225,pop28,2,0.034655094146728516,0.03401947021484375
4225,pop51,3,0.0007303555806477865,0.00017092116173829787
4225,pop4,1,0.07682037353515625,0.0
4225,pop50,2,0.0010315179824829102,0.0002580881118774414
4225,pop16,1,0.00045871734619140625,0.0
4225,pop23,3,0.03225501378377279,0.04483071245335749
4225,pop21,5,0.04175577163696289,0.05053579180803983
4225,pop22,1,0.07465052604675293,0.0
4225,pop24,2,0.0006225109100341797,6.508827209472656e-05
4225,pop14,1,0.0005919933319091797,0.0
4225,pop53,1,0.0006830692291259766,0.0
4225,pop7,1,0.0004420280456542969,0.0
4226,pop22,5,0.014253950119018555,0.027319418017856378
4226,pop51,1,0.00067901611328125,0.0
4226,pop50,1,0.0008647441864013672,0.0
4226,pop55,1,0.0004980564117431641,0.0
4227,pop36,2,0.034723639488220215,0.03411757946014404
4227,pop51,2,0.0007550716400146484,0.00019502639770507812
4227,pop4,1,0.07583093643188477,0.0
4227,pop50,2,0.0007460117340087891,6.008148193359375e-05
4227,pop16,2,0.0005016326904296875,4.76837158203125e-05
4227,pop23,3,0.0005823771158854166,8.729123233936184e-05
4227,pop21,3,0.03399030367533366,0.047412901079449565
4227,pop22,1,0.07707977294921875,0.0
4227,pop53,1,0.0008137226104736328,0.0
4227,pop7,1,0.0004458427429199219,0.0
4228,pop31,2,0.03464627265930176,0.03402304649353027
4228,pop17,3,0.0005884170532226562,1.2662398540563019e-05
4228,pop50,3,0.0009063084920247396,9.13756808711131e-05
4228,pop44,4,0.02158176898956299,0.03641441055359116
4229,pop40,3,0.04750633239746094,0.033173544623018233
4229,pop41,1,0.0005438327789306641,0.0
4229,pop53,3,0.026419878005981445,0.0363019436106472
4229,pop54,2,0.000657200813293457,0.00012671947479248047
4229,pop51,1,0.0007319450378417969,0.0
4229,pop10,1,0.0005333423614501953,0.0
4230,pop41,3,0.02431344985961914,0.03351070222665951
4230,pop40,4,0.0005571842193603516,5.6140361614050554e-05
4230,pop53,1,0.0006566047668457031,0.0
4230,pop52,1,0.0006272792816162109,0.0
4231,pop44,3,0.052459398905436196,0.036603793596251204
4231,pop45,1,0.0004935264587402344,0.0
4231,pop46,1,0.0006763935089111328,0.0
4231,pop20,3,0.0005226929982503256,1.007081382602913e-05
4232,pop8,2,0.034860968589782715,0.03423106670379639
4232,pop51,3,0.0007297992706298828,5.816729302136223e-05
4232,pop4,1,0.07658863067626953,0.0
4232,pop5,1,0.00045371055603027344,0.0
4232,pop10,2,0.04096066951751709,0.04045546054840088
4232,pop19,3,0.0006096363067626953,3.3372356193914816e-05
4232,pop20,1,0.08777666091918945,0.0
4232,pop18,2,0.0005161762237548828,8.106231689453125e-06
4232,pop38,3,0.0005693435668945312,9.71560829242722e-05
4232,pop53,1,0.0008952617645263672,0.0
4232,pop7,1,0.000576019287109375,0.0
4233,pop36,2,0.033828020095825195,0.03318023681640625
4233,pop51,2,0.0006901025772094727,6.377696990966797e-05
4233,pop4,4,0.0006050467491149902,0.0001136610878196505
4233,pop53,1,0.0006644725799560547,0.0
4233,pop1,1,0.0005776882171630859,0.0
4233,pop15,1,0.00043964385986328125,0.0
4234,pop38,5,0.017226648330688477,0.03327894079818611
4234,pop18,1,0.0005202293395996094,0.0
4234,pop19,1,0.0006887912750244141,0.0
4234,pop51,1,0.0008015632629394531,0.0
4234,pop53,1,0.0008628368377685547,0.0
4234,pop1,1,0.0006186962127685547,0.0
4234,pop15,1,0.0004494190216064453,0.0
4235,pop30,2,0.03342413902282715,0.03279995918273926
4235,pop48,4,0.0006836056709289551,0.0001000549317665663
4235,pop52,1,0.0006213188171386719,0.0
4235,pop53,1,0.0007960796356201172,0.0
4235,pop7,1,0.0004515647888183594,0.0
4236,pop32,4,0.022467076778411865,0.03773035963484547
4236,pop33,1,0.0005202293395996094,0.0
4236,pop50,1,0.0008945465087890625,0.0
4236,pop51,1,0.0007839202880859375,0.0
4236,pop19,1,0.0006206035614013672,0.0
4236,pop20,1,0.0006434917449951172,0.0
4237,pop39,2,0.03842771053314209,0.03778374195098877
4237,pop38,1,0.0005362033843994141,0.0
4237,pop18,1,0.0005233287811279297,0.0
4237,pop19,3,0.00070953369140625,8.616206871745724e-05
4237,pop20,5,0.034665393829345706,0.041857076844243286
4237,pop46,2,0.0005441904067993164,1.1324882507324219e-05
4237,pop45,2,0.0005155801773071289,1.9669532775878906e-05
4237,pop44,2,0.09103965759277344,0.004633903503417969
4237,pop51,3,0.0007623036702473959,1.939007488939231e-05
4237,pop10,1,0.08381366729736328,0.0
4237,pop53,1,0.08167004585266113,0.0
4237,pop50,4,0.0008543729782104492,5.7547721200711506e-05
4237,pop17,4,0.0253753662109375,0.042698195614362985
4237,pop25,2,0.0005398988723754883,4.4226646423339844e-05
4237,pop27,1,0.0006718635559082031,0.0
4238,pop46,2,0.04019474983215332,0.03950929641723633
4238,pop20,4,0.0005635619163513184,4.5432465086265095e-05
4238,pop19,1,0.0006785392761230469,0.0
4238,pop51,1,0.0006864070892333984,0.0
4239,pop47,2,0.032628536224365234,0.03196382522583008
4239,pop51,2,0.0010385513305664062,6.651878356933594e-05
4239,pop10,1,0.0005781650543212891,0.0
4239,pop5,1,0.0004661083221435547,0.0
4239,pop4,2,0.0421673059463501,0.04162490367889404
4239,pop53,2,0.0008023977279663086,1.800060272216797e-05
4239,pop50,2,0.0011059045791625977,0.00023758411407470703
4239,pop44,1,0.0005555152893066406,0.0
4239,pop27,1,0.0005238056182861328,0.0
4239,pop25,1,0.0005486011505126953,0.0
4239,pop17,2,0.000727534294128418,0.00013577938079833984
4239,pop1,1,0.0006020069122314453,0.0
4239,pop6,1,0.0004734992980957031,0.0
4240,pop28,2,0.03489398956298828,0.03423666954040527
4240,pop51,3,0.0008015632629394531,0.00015397570720004447
4240,pop10,2,0.000502467155456543,2.0623207092285156e-05
4240,pop5,1,0.0004591941833496094,0.0
4240,pop4,1,0.08462691307067871,0.0
4240,pop9,4,0.0005486607551574707,9.806315494149937e-05
4241,pop22,4,0.017567932605743408,0.029341496271204946
4241,pop51,1,0.0007615089416503906,0.0
4241,pop53,1,0.0008432865142822266,0.0
4241,pop1,1,0.0005743503570556641,0.0
4241,pop6,1,0.0004832744598388672,0.0
4242,pop40,2,0.0354464054107666,0.03476524353027344
4242,pop43,1,0.0004968643188476562,0.0
4242,pop51,3,0.0007426738739013672,2.30243723974378e-05
4242,pop4,1,0.07744359970092773,0.0
4242,pop22,4,0.0005918741226196289,9.711372902071033e-05
4242,pop50,1,0.0009582042694091797,0.0
4242,pop55,1,0.00046706199645996094,0.0
4243,pop27,3,0.05900780359903971,0.041246152661222724
4243,pop25,1,0.0005106925964355469,0.0
4243,pop17,1,0.08825397491455078,0.0
4243,pop50,2,0.0008713006973266602,4.279613494873047e-05
4243,pop44,1,0.08494758605957031,0.0
4243,pop14,1,0.09094691276550293,0.0
4243,pop24,3,0.0005327860514322916,1.778452738794016e-05
4244,pop4,3,0.05016628901163737,0.03499008598753983
4244,pop51,2,0.000731348991394043,7.748603820800781e-06
4244,pop22,2,0.03710782527923584,0.03660309314727783
4244,pop21,1,0.0005242824554443359,0.0
4244,pop23,1,0.0007331371307373047,0.0
4244,pop24,1,0.0005054473876953125,0.0
4244,pop14,1,0.0006084442138671875,0.0
4244,pop50,1,0.001024484634399414,0.0
4244,pop55,1,0.0005323886871337891,0.0
4244,pop52,3,0.0007276535034179688,0.0001264854941816429
4244,pop53,2,0.04230499267578125,0.0415952205657959
4244,pop19,1,0.0006363391876220703,0.0
4244,pop18,1,0.0004832744598388672,0.0
4245,pop6,4,0.04092693328857422,0.04038250389821035
4245,pop1,2,0.0005477666854858398,3.2186508178710938e-06
4245,pop53,2,0.0007908344268798828,4.0531158447265625e-06
4245,pop50,2,0.0008395910263061523,1.800060272216797e-05
4245,pop17,3,0.0006598631540934244,6.880826098669189e-05
4246,pop33,3,0.027780691782633465,0.03844009857347625
4246,pop32,3,0.000633080800374349,9.834919713170564e-05
4246,pop50,1,0.0008494853973388672,0.0
4246,pop53,1,0.0008308887481689453,0.0
4246,pop52,1,0.0005390644073486328,0.0
4247,pop44,2,0.04033470153808594,0.03964638710021973
4247,pop50,2,0.0008254051208496094,0.00014281272888183594
4247,pop17,3,0.0007184346516927084,0.0001712388044423087
4247,pop53,1,0.0007479190826416016,0.0
4247,pop47,1,0.00046324729919433594,0.0
4248,pop47,5,0.012894678115844726,0.02470212128864227
4248,pop51,1,0.0007870197296142578,0.0
4248,pop10,1,0.0006458759307861328,0.0
4249,pop40,4,0.018111824989318848,0.030247715680206903
4249,pop41,1,0.0005350112915039062,0.0
4249,pop53,1,0.0007898807525634766,0.0
4249,pop52,1,0.0005698204040527344,0.0
4249,pop34,1,0.0004763603210449219,0.0
4249,pop35,1,0.0004239082336425781,0.0
4250,pop24,4,0.022787272930145264,0.038314154138253134
4250,pop14,1,0.0005927085876464844,0.0
4250,pop50,1,0.0008437633514404297,0.0
4250,pop51,1,0.0007507801055908203,0.0
4250,pop10,1,0.0005199909210205078,0.0
4251,pop10,5,0.015310049057006836,0.029326690748681564
4251,pop51,1,0.0007653236389160156,0.0
4251,pop50,1,0.0008625984191894531,0.0
4251,pop16,1,0.0005137920379638672,0.0
4252,pop57,2,0.04310917854309082,0.042453765869140625
4252,pop56,1,0.0857853889465332,0.0
4252,pop48,1,0.0005457401275634766,0.0
4252,pop52,2,0.0008929967880249023,0.0001710653305053711
4252,pop12,4,0.0005866289138793945,0.0001339706115690633
4252,pop54,1,0.0005211830139160156,0.0
4252,pop53,1,0.00069427490234375,0.0
4252,pop47,1,0.0004596710205078125,0.0
4253,pop50,3,0.02525186538696289,0.034372318288322525
4253,pop17,4,0.0006737112998962402,0.00012147659113758008
4253,pop51,1,0.0007703304290771484,0.0
4253,pop19,1,0.0005929470062255859,0.0
4253,pop20,1,0.0004699230194091797,0.0
4254,pop37,4,0.016673922538757324,0.027703418933198512
4254,pop52,1,0.0006659030914306641,0.0
4254,pop34,1,0.00043845176696777344,0.0
4254,pop35,1,0.0004220008850097656,0.0
4255,pop39,2,0.037127137184143066,0.036488890647888184
4255,pop38,1,0.0006511211395263672,0.0
4255,pop18,1,0.0005009174346923828,0.0
4255,pop19,1,0.000644683837890625,0.0
4255,pop20,1,0.08119821548461914,0.0
4255,pop46,1,0.0006775856018066406,0.0
4255,pop45,1,0.0004963874816894531,0.0
4255,pop44,1,0.08465838432312012,0.0
4255,pop50,2,0.0009390115737915039,4.5418739318847656e-05
4255,pop17,4,0.0006763935089111328,0.00011431331772783581
4255,pop25,1,0.0006639957427978516,0.0
4255,pop27,1,0.0005042552947998047,0.0
4255,pop14,1,0.0008826255798339844,0.0
4255,pop24,1,0.0005178451538085938,0.0
4255,pop23,1,0.0005714893341064453,0.0
4255,pop16,1,0.0005095005035400391,0.0
4255,pop53,1,0.0007319450378417969,0.0
4255,pop52,1,0.0005629062652587891,0.0
4256,pop46,3,0.02689512570699056,0.03718515254817841
4256,pop20,2,0.039847373962402344,0.03931069374084473
4256,pop19,1,0.0009546279907226562,0.0
4256,pop51,1,0.0007441043853759766,0.0
4256,pop22,4,0.0005794167518615723,6.464515994442653e-05
4256,pop21,1,0.0005004405975341797,0.0
4256,pop23,1,0.0005621910095214844,0.0
4256,pop16,1,0.0005140304565429688,0.0
4257,pop28,2,0.03529822826385498,0.03462803363800049
4257,pop51,2,0.0008145570755004883,3.707408905029297e-05
4257,pop4,1,0.0780174732208252,0.0
4257,pop22,4,0.0005636215209960938,0.00010748937108355601
4258,pop27,5,0.018055820465087892,0.03496237553426228
4258,pop25,1,0.000522613525390625,0.0
4258,pop17,1,0.0006098747253417969,0.0
4258,pop50,1,0.0008881092071533203,0.0
4258,pop16,1,0.0005197525024414062,0.0
4259,pop47,2,0.03140091896057129,0.030792951583862305
4259,pop51,4,0.0006824731826782227,2.444023028214108e-05
4259,pop19,2,0.0007545948028564453,4.0531158447265625e-06
4259,pop20,2,0.04314398765563965,0.04259300231933594
4259,pop53,1,0.0813601016998291,0.0
4259,pop50,1,0.0009369850158691406,0.0
4259,pop10,1,0.08182144165039062,0.0
4259,pop9,3,0.0005486806233723959,6.781638496299062e-05
4260,pop48,3,0.026347637176513672,0.036355904622240365
4260,pop56,2,0.04288673400878906,0.04234457015991211
4260,pop2,3,0.000568548838297526,9.430739912267317e-05
4260,pop49,1,0.0006206035614013672,0.0
4260,pop52,1,0.0005841255187988281,0.0
4260,pop53,1,0.0007607936859130859,0.0
4260,pop1,1,0.0005774497985839844,0.0
4260,pop6,1,0.0004291534423828125,0.0
4261,pop21,4,0.046120643615722656,0.0454260516681933
4261,pop22,1,0.0005698204040527344,0.0
4261,pop23,2,0.044870615005493164,0.044296979904174805
4261,pop24,3,0.0006743272145589193,9.484352475805008e-05
4261,pop14,1,0.0005538463592529297,0.0
4261,pop50,1,0.0008196830749511719,0.0
4261,pop35,1,0.0004448890686035156,0.0
4262,pop14,3,0.05648175875345866,0.03946953613393547
4262,pop50,4,0.0008614659309387207,8.686184290056962e-05
4262,pop17,1,0.08600163459777832,0.0
4262,pop44,1,0.08237481117248535,0.0
4262,pop33,2,0.0006219148635864258,8.809566497802734e-05
4262,pop32,3,0.0005985895792643229,2.765198739284165e-05
4262,pop51,1,0.0007007122039794922,0.0
4263,pop55,3,0.044536431630452476,0.031029469685751414
4263,pop50,1,0.0013573169708251953,0.0
4263,pop14,4,0.02399158477783203,0.04047133510675178
4263,pop27,2,0.0005997419357299805,1.2278556823730469e-05
4263,pop25,2,0.0005216598510742188,6.4373016357421875e-06
4263,pop17,1,0.09082460403442383,0.0
4263,pop24,3,0.03508623441060384,0.04883836747767347
4263,pop23,2,0.05006146430969238,0.04956793785095215
4263,pop21,1,0.10474419593811035,0.0
4264,pop18,2,0.041681528091430664,0.04103493690490723
4264,pop19,4,0.0006698966026306152,4.6281884029968294e-05
4264,pop20,2,0.08599352836608887,0.002647876739501953
4264,pop51,7,0.0007309573037283761,6.759317534927712e-05
4264,pop4,3,0.08332379659016927,0.00533277994615609
4264,pop43,3,0.0005108515421549479,9.714561605126567e-06
4264,pop40,1,0.07665848731994629,0.0
4264,pop10,1,0.08398723602294922,0.0
4264,pop11,1,0.0004277229309082031,0.0
4264,pop50,2,0.0010510683059692383,0.00013530254364013672
4264,pop33,2,0.000544428825378418,3.6954879760742188e-06
4264,pop32,3,0.0006086826324462891,0.00011822340511224161
4264,pop53,1,0.0008208751678466797,0.0
4264,pop1,1,0.0005674362182617188,0.0
4264,pop6,1,0.00047779083251953125,0.0
4265,pop31,2,0.03608417510986328,0.03542923927307129
4265,pop30,1,0.0005004405975341797,0.0
4265,pop48,2,0.0005730390548706055,3.635883331298828e-05
4265,pop56,3,0.03063193957010905,0.04256146122261305
4265,pop2,2,0.0006315708160400391,0.00011730194091796875
4265,pop49,1,0.0004837512969970703,0.0
4265,pop52,1,0.0007374286651611328,0.0
4265,pop53,1,0.0007200241088867188,0.0
4265,pop51,1,0.000827789306640625,0.0
4265,pop19,1,0.000583648681640625,0.0
4265,pop20,1,0.0005207061767578125,0.0
4266,pop4,2,0.03729367256164551,0.03664398193359375
4266,pop51,2,0.0009282827377319336,0.00024139881134033203
4266,pop19,2,0.0005519390106201172,2.86102294921875e-06
4266,pop20,1,0.08027958869934082,0.0
4266,pop43,1,0.0005967617034912109,0.0
4266,pop40,1,0.0005023479461669922,0.0
4266,pop41,1,0.0005247592926025391,0.0
4266,pop53,2,0.0007709264755249023,4.279613494873047e-05
4266,pop50,3,0.0008992354075113932,7.477690859062589e-05
4266,pop17,1,0.09843707084655762,0.0
4266,pop31,1,0.00046515464782714844,0.0
4266,pop30,1,0.0005185604095458984,0.0
4266,pop48,1,0.0007326602935791016,0.0
4266,pop56,1,0.0005593299865722656,0.0
4266,pop55,1,0.0005080699920654297,0.0
4266,pop14,2,0.05190777778625488,0.051310062408447266
4266,pop24,3,0.0005946954091389974,7.967470286465118e-05
4266,pop1,1,0.0005803108215332031,0.0
4266,pop15,1,0.0004410743713378906,0.0
4267,pop6,2,0.04060971736907959,0.03995239734649658
4267,pop1,1,0.0006155967712402344,0.0
4267,pop53,1,0.0007770061492919922,0.0
4267,pop52,4,0.0007796883583068848,0.0002583929135798504
4267,pop51,1,0.0007889270782470703,0.0
4267,pop10,1,0.00048422813415527344,0.0
4268,pop44,5,0.016144847869873045,0.03082537161950843
4268,pop50,1,0.0009298324584960938,0.0
4268,pop35,1,0.0004544258117675781,0.0
4269,pop24,5,0.018688011169433593,0.036252552433496565
4270,pop45,3,0.027033646901448567,0.03729231864707922
4270,pop46,2,0.0004940032958984375,3.147125244140625e-05
4270,pop20,2,0.040305376052856445,0.03979349136352539
4270,pop44,3,0.0006001790364583334,5.483155068964918e-05
4270,pop50,1,0.0008587837219238281,0.0
4270,pop51,1,0.0006406307220458984,0.0
4271,pop23,4,0.021240532398223877,0.03554600553348196
4271,pop16,1,0.0005164146423339844,0.0
4271,pop50,1,0.000698089599609375,0.0
4271,pop53,1,0.0008938312530517578,0.0
4271,pop1,1,0.0007166862487792969,0.0
4271,pop15,1,0.0005035400390625,0.0
4272,pop41,2,0.038100361824035645,0.03739488124847412
4272,pop40,4,0.0006273984909057617,0.00010440100213675188
4272,pop43,1,0.0005102157592773438,0.0
4272,pop51,1,0.0007677078247070312,0.0
4272,pop19,1,0.000652313232421875,0.0
4272,pop18,1,0.0006663799285888672,0.0
4273,pop8,2,0.03612685203552246,0.03547787666320801
4273,pop51,2,0.0007619857788085938,3.886222839355469e-05
4273,pop10,4,0.0005782246589660645,9.541918050917577e-05
4273,pop53,1,0.0009014606475830078,0.0
4273,pop52,1,0.0006105899810791016,0.0
4274,pop36,2,0.0350189208984375,0.034380435943603516
4274,pop10,2,0.039807677268981934,0.03930366039276123
4274,pop51,2,0.0006676912307739258,8.07046890258789e-05
4274,pop4,1,0.08157038688659668,0.0
4274,pop53,3,0.0008086363474527994,5.599278927980313e-05
4274,pop7,1,0.0004551410675048828,0.0
4275,pop37,4,0.03332918882369995,0.032741353333762165
4275,pop33,2,0.0005632638931274414,1.1086463928222656e-05
4275,pop32,2,0.0007004737854003906,3.7670135498046875e-05
4275,pop50,1,0.0012123584747314453,0.0
4275,pop51,1,0.0007393360137939453,0.0
4275,pop53,1,0.0007081031799316406,0.0
4275,pop7,1,0.00038552284240722656,0.0
4276,pop47,2,0.03254556655883789,0.03190422058105469
4276,pop53,1,0.0008411407470703125,0.0
4276,pop52,4,0.0006250739097595215,3.78111026804194e-05
4277,pop14,3,0.028055111567179363,0.03871802208807329
4277,pop24,4,0.0006265640258789062,0.0001378233652744988
4277,pop50,1,0.0011775493621826172,0.0
4277,pop51,1,0.0007450580596923828,0.0
4277,pop53,1,0.0007722377777099609,0.0
4277,pop7,1,0.0004627704620361328,0.0
4278,pop42,2,0.037323594093322754,0.036675095558166504
4278,pop43,1,0.0005135536193847656,0.0
4278,pop51,3,0.0006922086079915365,3.947985786491909e-05
4278,pop10,1,0.07509970664978027,0.0
4278,pop22,4,0.0005284547805786133,8.540852689529591e-05
4278,pop50,1,0.0009329319000244141,0.0
4278,pop44,1,0.0005457401275634766,0.0
4279,pop16,3,0.02636893590291341,0.0364609356419212
4279,pop23,3,0.0006209214528401693,0.00011538479459518862
4279,pop50,1,0.0008707046508789062,0.0
4279,pop51,1,0.0007669925689697266,0.0
4279,pop19,1,0.0006361007690429688,0.0
4279,pop18,1,0.0004825592041015625,0.0
4280,pop38,5,0.01735367774963379,0.033578372392554276
4280,pop18,1,0.0004954338073730469,0.0
4281,pop30,2,0.033460021018981934,0.03282773494720459
4281,pop31,1,0.0004725456237792969,0.0
4281,pop17,1,0.08836078643798828,0.0
4281,pop50,2,0.0008109807968139648,2.2649765014648438e-06
4281,pop33,2,0.0005218982696533203,1.621246337890625e-05
4281,pop32,4,0.0005756616592407227,3.916183922799484e-05
4281,pop51,1,0.0007557868957519531,0.0
4282,pop55,2,0.032820940017700195,0.032176971435546875
4282,pop52,4,0.0006861090660095215,8.155716852520027e-05
4282,pop53,1,0.0007405281066894531,0.0
4282,pop1,1,0.0006306171417236328,0.0
4282,pop15,1,0.00045371055603027344,0.0
4283,pop31,2,0.03586137294769287,0.03518378734588623
4283,pop17,4,0.0007317662239074707,0.0001330236132586327
4283,pop50,1,0.0008392333984375,0.0
4283,pop16,1,0.00051116943359375,0.0
4284,pop6,2,0.04208540916442871,0.04143238067626953
4284,pop1,2,0.0005832910537719727,2.086162567138672e-05
4284,pop53,1,0.0010402202606201172,0.0
4284,pop54,1,0.0006508827209472656,0.0
4284,pop52,4,0.0007238984107971191,0.00021266211396550884
4284,pop3,1,0.0004661083221435547,0.0
4284,pop0,1,0.00043082237243652344,0.0
4284,pop15,1,0.0004379749298095703,0.0
4285,pop44,2,0.039466023445129395,0.03878200054168701
4285,pop45,1,0.0004999637603759766,0.0
4285,pop46,1,0.0006656646728515625,0.0
4285,pop20,4,0.000518798828125,2.4355481878254062e-05
4286,pop23,4,0.021139204502105713,0.03547299238411859
4286,pop16,1,0.00052642822265625,0.0
4286,pop50,1,0.0009322166442871094,0.0
4286,pop53,1,0.0007977485656738281,0.0
4286,pop1,1,0.0006353855133056641,0.0
4286,pop15,1,0.0005958080291748047,0.0
4287,pop37,5,0.013289833068847656,0.025364325207296166
4287,pop33,1,0.0005533695220947266,0.0
4287,pop50,1,0.0008814334869384766,0.0
4287,pop44,1,0.0005695819854736328,0.0
4288,pop52,3,0.02529446283976237,0.03484778380152562
4288,pop12,3,0.0005414485931396484,5.075236627250649e-05
4288,pop53,1,0.0008368492126464844,0.0
4288,pop51,1,0.0007898807525634766,0.0
4289,pop33,3,0.02694559097290039,0.03728700264945902
4289,pop32,3,0.0006171067555745443,9.777086993587353e-05
4289,pop50,1,0.0008151531219482422,0.0
4289,pop53,1,0.0008585453033447266,0.0
4289,pop7,1,0.00046825408935546875,0.0
4290,pop41,2,0.0380709171295166,0.037400007247924805
4290,pop53,1,0.0007944107055664062,0.0
4290,pop50,2,0.0009057521820068359,4.76837158203125e-05
4290,pop17,4,0.0006245970726013184,3.8203694596349486e-05
4290,pop16,1,0.0005047321319580078,0.0
4291,pop47,2,0.03303992748260498,0.03237569332122803
4291,pop53,4,0.0008381009101867676,0.00011961372137839184
4291,pop50,1,0.0008261203765869141,0.0
4291,pop55,1,0.0005033016204833984,0.0
4292,pop14,3,0.02866331736246745,0.039606310406307216
4292,pop24,4,0.0006150007247924805,0.00011716781435888394
4292,pop50,1,0.0008864402770996094,0.0
4292,pop53,1,0.0008840560913085938,0.0
4292,pop7,1,0.00044846534729003906,0.0
4293,pop42,2,0.036290884017944336,0.035668134689331055
4293,pop43,1,0.0005209445953369141,0.0
4293,pop40,3,0.0006163120269775391,6.314537559798215e-05
4293,pop41,1,0.0005257129669189453,0.0
4293,pop53,1,0.0007929801940917969,0.0
4293,pop52,1,0.0006122589111328125,0.0
4294,pop38,2,0.04270744323730469,0.042047739028930664
4294,pop18,2,0.0004888772964477539,1.2516975402832031e-05
4294,pop19,2,0.0006176233291625977,1.0728836059570312e-06
4294,pop51,2,0.0006976127624511719,2.9087066650390625e-05
4294,pop22,3,0.0005525747934977213,9.926583301697622e-05
4295,pop55,2,0.03416931629180908,0.03349936008453369
4295,pop52,2,0.0005674362182617188,7.62939453125e-06
4295,pop12,4,0.0005119442939758301,6.050746365877956e-05
4295,pop34,1,0.0004730224609375,0.0
4295,pop35,1,0.0005731582641601562,0.0
4296,pop6,4,0.021176457405090332,0.03567390524665392
4296,pop1,1,0.000499725341796875,0.0
4296,pop53,1,0.0008242130279541016,0.0
4296,pop51,1,0.0007984638214111328,0.0
4297,pop9,4,0.018924415111541748,0.031594667614173295
4298,pop53,2,0.037183165550231934,0.03635108470916748
4298,pop50,2,0.0009005069732666016,2.956390380859375e-05
4298,pop17,2,0.04435718059539795,0.043758273124694824
4298,pop44,1,0.08198070526123047,0.0
4298,pop45,1,0.0005323886871337891,0.0
4298,pop46,1,0.0005006790161132812,0.0
4298,pop20,3,0.029896974563598633,0.04156050256151342
4298,pop19,2,0.0007007122039794922,3.814697265625e-05
4298,pop51,4,0.0008554458618164062,4.2976560906322e-05
4298,pop4,1,0.08458638191223145,0.0
4298,pop10,1,0.08055615425109863,0.0
4298,pop9,2,0.0005614757537841797,4.124641418457031e-05
4299,pop56,2,0.04193556308746338,0.04129660129547119
4299,pop2,4,0.0005167722702026367,5.500045847418306e-05
4299,pop49,1,0.00048041343688964844,0.0
4299,pop48,1,0.0005295276641845703,0.0
4299,pop52,1,0.0005652904510498047,0.0
4299,pop53,1,0.0008714199066162109,0.0
4299,pop50,1,0.0007805824279785156,0.0
4299,pop44,1,0.0005471706390380859,0.0
4300,pop10,2,0.0368119478225708,0.03613555431365967
4300,pop51,1,0.0007622241973876953,0.0
4300,pop53,3,0.025251229604085285,0.03473199201502141
4300,pop54,1,0.07484745979309082,0.0
4300,pop52,2,0.0006462335586547852,6.556510925292969e-06
4300,pop48,2,0.04264688491821289,0.042073726654052734
4300,pop49,3,0.0005618731180826823,6.387996626046361e-05
4300,pop1,1,0.0006070137023925781,0.0
4300,pop15,1,0.0004184246063232422,0.0
4301,pop50,5,0.015990734100341797,0.03026716704395812
4301,pop17,2,0.04438745975494385,0.04381358623504639
4301,pop25,1,0.0005300045013427734,0.0
4301,pop27,1,0.00048279762268066406,0.0
4301,pop44,1,0.08719635009765625,0.0
4301,pop45,1,0.0005326271057128906,0.0
4301,pop46,1,0.0005328655242919922,0.0
4301,pop20,2,0.044719815254211426,0.04410827159881592
4301,pop19,2,0.0005797147750854492,1.2040138244628906e-05
4301,pop51,5,0.0007611751556396484,4.385025203509447e-05
4301,pop43,2,0.0005108118057250977,4.649162292480469e-06
4301,pop40,1,0.08108997344970703,0.0
4301,pop10,2,0.04296565055847168,0.042406320571899414
4301,pop53,1,0.0012078285217285156,0.0
4301,pop33,2,0.0007159709930419922,0.00011587142944335938
4301,pop32,3,0.0006643931070963541,0.0002144180994900913
4302,pop39,2,0.037911057472229004,0.0372849702835083
4302,pop44,2,0.04475843906402588,0.0441814661026001
4302,pop50,5,0.0007984161376953125,7.67341075986425e-05
4302,pop17,2,0.09151995182037354,0.004434466361999512
4302,pop55,1,0.07415890693664551,0.0
4302,pop52,2,0.0007610321044921875,0.0001704692840576172
4302,pop53,2,0.0009611845016479492,7.37905502319336e-05
4302,pop45,1,0.0005009174346923828,0.0
4302,pop46,1,0.0007100105285644531,0.0
4302,pop20,1,0.0006844997406005859,0.0
4302,pop19,1,0.0008127689361572266,0.0
4302,pop51,1,0.0007967948913574219,0.0
4302,pop16,2,0.000494837760925293,5.602836608886719e-06
4302,pop23,3,0.03434443473815918,0.04771513981955291
4302,pop24,3,0.0005649725596110026,3.263248910513357e-05
4303,pop28,2,0.03527259826660156,0.03461861610412598
4303,pop51,4,0.001035451889038086,0.00018346112140536612
4303,pop53,4,0.000971674919128418,0.0003180947721396615
4303,pop41,2,0.0005098581314086914,6.079673767089844e-06
4303,pop40,2,0.0005180835723876953,2.4080276489257812e-05
4303,pop43,2,0.0005445480346679688,2.2172927856445312e-05
4303,pop50,1,0.0007567405700683594,0.0
4303,pop16,1,0.0005290508270263672,0.0
4303,pop23,1,0.0005795955657958984,0.0
4303,pop21,1,0.0006546974182128906,0.0
4303,pop22,4,0.0005686283111572266,0.00011771493312586751
4303,pop1,1,0.0005643367767333984,0.0
4303,pop6,1,0.0006344318389892578,0.0
4304,pop30,2,0.0357518196105957,0.03508186340332031
4304,pop31,1,0.0004761219024658203,0.0
4304,pop17,4,0.000677943229675293,0.00012648937025438051
4304,pop50,1,0.0008208751678466797,0.0
4304,pop35,1,0.0004127025604248047,0.0
4305,pop31,2,0.03650772571563721,0.0358654260635376
4305,pop17,3,0.0007445812225341797,0.00013181651304928075
4305,pop50,1,0.0010495185852050781,0.0
4305,pop53,1,0.0007615089416503906,0.0
4305,pop47,1,0.00047206878662109375,0.0
4306,pop44,2,0.038933753967285156,0.03806591033935547
4306,pop50,3,0.0007721583048502604,2.8210962258220546e-05
4306,pop17,1,0.08519244194030762,0.0
4306,pop33,2,0.0004991292953491211,7.510185241699219e-06
4306,pop32,4,0.000587165355682373,0.00012142171310224517
4306,pop35,1,0.0004582405090332031,0.0
4307,pop37,3,0.04413930575052897,0.03078877521236351
4307,pop33,2,0.0005418062210083008,1.4901161193847656e-05
4307,pop32,2,0.0006440877914428711,4.0411949157714844e-05
4307,pop50,2,0.0010120868682861328,2.288818359375e-05
4307,pop53,2,0.0009143352508544922,0.0001780986785888672
4307,pop51,1,0.0006890296936035156,0.0
4308,pop52,2,0.03671586513519287,0.035929083824157715
4308,pop53,4,0.000770866870880127,0.00012745902449470223
4308,pop50,1,0.0008912086486816406,0.0
4308,pop14,1,0.0007371902465820312,0.0
4308,pop24,1,0.0004909038543701172,0.0
4309,pop41,3,0.025942643483479817,0.03584929351344685
4309,pop40,3,0.0006097952524820963,0.00015220299662204129
4309,pop53,1,0.0008265972137451172,0.0
4309,pop52,1,0.0007460117340087891,0.0
4309,pop34,1,0.0004749298095703125,0.0
4309,pop35,1,0.0004444122314453125,0.0
4310,pop47,2,0.033185482025146484,0.032527923583984375
4310,pop51,3,0.0009619394938151041,0.00018415447894486322
4310,pop53,3,0.0008523464202880859,0.00023363098727210825
4310,pop41,2,0.0004888772964477539,1.4185905456542969e-05
4310,pop40,2,0.0005561113357543945,4.756450653076172e-05
4310,pop43,2,0.0005549192428588867,8.90493392944336e-05
4310,pop50,1,0.0009109973907470703,0.0
4310,pop16,1,0.0006704330444335938,0.0
4310,pop23,1,0.0005245208740234375,0.0
4310,pop21,1,0.0005080699920654297,0.0
4310,pop22,3,0.0006016890207926432,0.00012355057398795137
4310,pop1,1,0.0007219314575195312,0.0
4310,pop15,1,0.0004315376281738281,0.0
4311,pop55,2,0.03397798538208008,0.03332185745239258
4311,pop52,2,0.0006080865859985352,5.996227264404297e-05
4311,pop12,4,0.0005319714546203613,6.8362837893922e-05
4312,pop24,5,0.018528318405151366,0.03581972609760968
4312,pop14,1,0.0006048679351806641,0.0
4312,pop50,1,0.0007424354553222656,0.0
4312,pop53,1,0.0007035732269287109,0.0
4312,pop1,1,0.0005693435668945312,0.0
4312,pop15,1,0.0004413127899169922,0.0
4313,pop14,2,0.04273033142089844,0.041986703872680664
4313,pop50,2,0.0009261369705200195,5.4717063903808594e-05
4313,pop17,3,0.0006744861602783203,6.4983242424061e-05
4313,pop51,1,0.0007464885711669922,0.0
4313,pop10,1,0.00049591064453125,0.0
4314,pop6,4,0.02162492275238037,0.03636806867535287
4314,pop1,1,0.0005917549133300781,0.0
4314,pop53,1,0.0009241104125976562,0.0
4314,pop41,1,0.0005078315734863281,0.0
4314,pop40,1,0.0005106925964355469,0.0
4314,pop43,1,0.00049591064453125,0.0
4314,pop51,1,0.0007083415985107422,0.0
4314,pop10,1,0.0005550384521484375,0.0
4315,pop53,4,0.019126296043395996,0.03169067505980868
4315,pop52,1,0.0006189346313476562,0.0
4316,pop30,2,0.03397548198699951,0.03333628177642822
4316,pop31,1,0.0005042552947998047,0.0
4316,pop17,3,0.0006405512491861979,3.29468444382288e-05
4316,pop50,1,0.0007908344268798828,0.0
4316,pop55,1,0.0005280971527099609,0.0
4317,pop31,2,0.035128116607666016,0.034461021423339844
4317,pop17,3,0.0007398128509521484,0.00013544987332838918
4317,pop50,1,0.0008728504180908203,0.0
4317,pop53,1,0.0008285045623779297,0.0
4317,pop47,1,0.00046181678771972656,0.0
4318,pop47,5,0.01340780258178711,0.025665554236097638
4318,pop53,1,0.0007202625274658203,0.0
4318,pop50,1,0.0008578300476074219,0.0
4318,pop55,1,0.0006079673767089844,0.0
4319,pop8,2,0.036132216453552246,0.03547871112823486
4319,pop51,3,0.0006987253824869791,4.159218015751929e-05
4319,pop4,1,0.07604432106018066,0.0
4319,pop22,4,0.0005588531494140625,8.222814499959398e-05
4319,pop53,1,0.0007383823394775391,0.0
4319,pop1,1,0.0005538463592529297,0.0
4319,pop6,1,0.0004801750183105469,0.0
4320,pop36,2,0.035125732421875,0.03445005416870117
4320,pop10,3,0.02699883778889974,0.037328982779645845
4320,pop51,2,0.0007852315902709961,1.1563301086425781e-05
4320,pop4,2,0.0006508827209472656,8.20159912109375e-05
4320,pop50,1,0.0008294582366943359,0.0
4320,pop55,1,0.0004801750183105469,0.0
4321,pop50,3,0.026743491490681965,0.036666049343367986
4321,pop17,4,0.0006313920021057129,6.02509211144476e-05
4321,pop44,1,0.0005066394805908203,0.0
4322,pop28,2,0.03561592102050781,0.034980058670043945
4322,pop51,1,0.0007429122924804688,0.0
4322,pop50,5,0.0008964061737060547,0.000182193818662112
4322,pop14,1,0.0005958080291748047,0.0
4322,pop27,1,0.0005099773406982422,0.0
4322,pop25,1,0.0005438327789306641,0.0
4322,pop17,2,0.04761993885040283,0.04700744152069092
4322,pop44,1,0.08984184265136719,0.0
4322,pop16,2,0.0005725622177124023,7.37905502319336e-05
4322,pop23,1,0.09749698638916016,0.0
4322,pop33,2,0.0005538463592529297,1.9311904907226562e-05
4322,pop32,2,0.0007297992706298828,1.9073486328125e-05
4322,pop53,1,0.0007894039154052734,0.0
4322,pop1,1,0.0006072521209716797,0.0
4322,pop6,1,0.00047588348388671875,0.0
4323,pop44,2,0.03941047191619873,0.03871190547943115
4323,pop50,3,0.0009413560231526693,0.00018657482260470785
4323,pop17,2,0.043523192405700684,0.04299962520599365
4323,pop14,3,0.030382792154947918,0.04197891775502563
4323,pop24,2,0.048168301582336426,0.04760539531707764
4323,pop53,1,0.0007672309875488281,0.0
4323,pop51,1,0.0006818771362304688,0.0
4323,pop19,1,0.0006260871887207031,0.0
4323,pop18,1,0.000492095947265625,0.0
4324,pop41,2,0.03857874870300293,0.03790116310119629
4324,pop53,2,0.037383317947387695,0.03665614128112793
4324,pop54,1,0.07292795181274414,0.0
4324,pop52,1,0.0005524158477783203,0.0
4324,pop55,1,0.07082629203796387,0.0
4324,pop50,2,0.0009677410125732422,2.7418136596679688e-05
4324,pop17,1,0.09303402900695801,0.0
4324,pop14,1,0.0948953628540039,0.0
4324,pop24,1,0.0005483627319335938,0.0
4324,pop23,2,0.0005663633346557617,2.300739288330078e-05
4324,pop16,1,0.0004813671112060547,0.0
4325,pop24,6,0.033018151919047035,0.045968122584206954
4325,pop23,4,0.02538895606994629,0.04300810119867655
4325,pop16,2,0.0005220174789428711,6.318092346191406e-06
4325,pop50,4,0.0009194612503051758,0.0001850862716707971
4325,pop14,3,0.031847874323527016,0.04422963338138141
4325,pop27,1,0.0005095005035400391,0.0
4325,pop25,1,0.0005731582641601562,0.0
4325,pop17,2,0.04610335826873779,0.045514702796936035
4325,pop21,1,0.10483431816101074,0.0
4325,pop53,1,0.0008599758148193359,0.0
4325,pop52,1,0.0005204677581787109,0.0
4326,pop32,2,0.04513072967529297,0.04443073272705078
4326,pop33,1,0.0005490779876708984,0.0
4326,pop50,3,0.0008455912272135416,2.690388135626184e-05
4326,pop17,1,0.08602046966552734,0.0
4326,pop14,1,0.09223198890686035,0.0
4326,pop24,3,0.0006709098815917969,0.00019374801893932482
4326,pop23,1,0.0005657672882080078,0.0
4326,pop16,1,0.0005137920379638672,0.0
4326,pop53,1,0.0007753372192382812,0.0
4326,pop1,1,0.0005424022674560547,0.0
4326,pop6,1,0.0004744529724121094,0.0
4327,pop22,5,0.014408493041992187,0.027584687260355567
4327,pop51,1,0.0007512569427490234,0.0
4327,pop19,1,0.0006973743438720703,0.0
4327,pop20,1,0.0006721019744873047,0.0
4328,pop23,2,0.04233360290527344,0.0416264533996582
4328,pop21,1,0.09285235404968262,0.0
4328,pop22,2,0.03762471675872803,0.037105441093444824
4328,pop51,1,0.0009856224060058594,0.0
4328,pop50,1,0.0008075237274169922,0.0
4328,pop53,1,0.07883787155151367,0.0
4328,pop54,1,0.0780787467956543,0.0
4328,pop52,3,0.0007227261861165365,8.297065512601698e-05
4328,pop55,1,0.0005159378051757812,0.0
4329,pop14,5,0.01743736267089844,0.03352941391683227
4329,pop50,3,0.0009944438934326172,0.00017886828550208364
4329,pop27,1,0.0006747245788574219,0.0
4329,pop25,1,0.0004596710205078125,0.0
4329,pop17,3,0.031507253646850586,0.04361457420212726
4329,pop51,1,0.0007979869842529297,0.0
4329,pop19,1,0.0006544589996337891,0.0
4329,pop18,1,0.00047326087951660156,0.0
4330,pop6,4,0.021080076694488525,0.035434638035286486
4330,pop1,1,0.0006077289581298828,0.0
4330,pop53,1,0.0007374286651611328,0.0
4330,pop51,1,0.0007708072662353516,0.0
4330,pop19,1,0.0006756782531738281,0.0
4330,pop18,1,0.0005159378051757812,0.0
4331,pop31,2,0.036545515060424805,0.03586912155151367
4331,pop17,3,0.0006663799285888672,0.00014767216444288756
4331,pop50,1,0.0008122920989990234,0.0
4331,pop51,1,0.0007805824279785156,0.0
4331,pop19,1,0.0006072521209716797,0.0
4331,pop18,1,0.0005216598510742188,0.0
4332,pop8,2,0.03725540637969971,0.03660881519317627
4332,pop51,3,0.0007181167602539062,9.177680543345025e-05
4332,pop4,1,0.07593441009521484,0.0
4332,pop5,1,0.0004858970642089844,0.0
4332,pop10,1,0.0005006790161132812,0.0
4332,pop22,4,0.000502467155456543,1.1691629976420228e-05
4333,pop36,2,0.034988999366760254,0.0343397855758667
4333,pop51,2,0.0007755756378173828,4.267692565917969e-05
4333,pop4,4,0.0005939006805419922,5.959677644293605e-05
4333,pop50,1,0.0008349418640136719,0.0
4333,pop16,1,0.0005695819854736328,0.0
4334,pop44,6,0.013412197430928549,0.028548819994046196
4334,pop50,3,0.0009327729543050131,0.0001454465806152172
4334,pop14,1,0.0007171630859375,0.0
4334,pop27,1,0.0005030632019042969,0.0
4334,pop25,1,0.0004405975341796875,0.0
4334,pop17,1,0.0910344123840332,0.0
4334,pop35,1,0.00043010711669921875,0.0
4335,pop40,4,0.019263744354248047,0.03227176628454884
4335,pop41,1,0.000530242919921875,0.0
4335,pop53,1,0.0007424354553222656,0.0
4335,pop52,1,0.0006530284881591797,0.0
4336,pop33,3,0.028250932693481445,0.03905382388650892
4336,pop32,4,0.0006262660026550293,0.00013737383656496754
4336,pop50,1,0.0008285045623779297,0.0
4336,pop51,1,0.0009350776672363281,0.0
4336,pop19,1,0.0006437301635742188,0.0
4336,pop18,1,0.0005643367767333984,0.0
4337,pop38,2,0.042862653732299805,0.04222607612609863
4337,pop39,1,0.0004863739013671875,0.0
4337,pop44,1,0.08344602584838867,0.0
4337,pop50,2,0.0008423328399658203,9.608268737792969e-05
4337,pop17,3,0.0006728172302246094,8.296852366805393e-05
4337,pop14,1,0.0006620883941650391,0.0
4337,pop24,1,0.0005557537078857422,0.0
4338,pop22,5,0.014883708953857423,0.02848843304662912
4338,pop51,1,0.0007884502410888672,0.0
4338,pop53,1,0.0006856918334960938,0.0
4338,pop1,1,0.0005779266357421875,0.0
4338,pop6,1,0.0004520416259765625,0.0
4339,pop31,2,0.036156535148620605,0.03552114963531494
4339,pop17,4,0.0006048679351806641,3.255483255908921e-05
4339,pop50,1,0.0009696483612060547,0.0
4339,pop44,1,0.0005331039428710938,0.0
4340,pop8,2,0.03642988204956055,0.03580045700073242
4340,pop51,3,0.0007230440775553385,7.506269446655439e-05
4340,pop4,3,0.02666918436686198,0.03689743891043924
4340,pop10,2,0.0006269216537475586,0.00011408329010009766
4340,pop53,1,0.0006957054138183594,0.0
4340,pop7,1,0.00045609474182128906,0.0
4341,pop57,2,0.04376256465911865,0.043129801750183105
4341,pop56,1,0.0005242824554443359,0.0
4341,pop2,1,0.0869607925415039,0.0
4341,pop49,1,0.0004742145538330078,0.0
4341,pop48,1,0.00054168701171875,0.0
4341,pop52,5,0.0007433414459228516,0.00015925735758309036
4341,pop53,2,0.0007745027542114258,8.64267349243164e-05
4341,pop50,1,0.0006740093231201172,0.0
4341,pop55,1,0.07384729385375977,0.0
4341,pop51,1,0.0006589889526367188,0.0
4341,pop19,1,0.0005905628204345703,0.0
4341,pop18,1,0.0004525184631347656,0.0
4342,pop46,3,0.02667093276977539,0.0368996655101864
4342,pop20,1,0.0818626880645752,0.0
4342,pop45,1,0.0005741119384765625,0.0
4342,pop44,1,0.08261394500732422,0.0
4342,pop50,1,0.0007250308990478516,0.0
4342,pop55,1,0.0701296329498291,0.0
4342,pop52,2,0.0006940364837646484,1.7642974853515625e-05
4342,pop12,4,0.0006232261657714844,0.00013469309866783738
4342,pop53,1,0.0008578300476074219,0.0
4342,pop1,1,0.0005896091461181641,0.0
4342,pop6,1,0.0004961490631103516,0.0
4343,pop27,5,0.018448925018310545,0.03565222977035471
4343,pop25,1,0.0005724430084228516,0.0
4343,pop17,1,0.0005800724029541016,0.0
4343,pop50,1,0.0009627342224121094,0.0
4343,pop51,1,0.00070953369140625,0.0
4343,pop19,1,0.0006093978881835938,0.0
4343,pop18,1,0.0004947185516357422,0.0
4344,pop37,5,0.013547611236572266,0.02587346556742881
4344,pop52,1,0.0005805492401123047,0.0
4344,pop53,1,0.0007996559143066406,0.0
4344,pop51,1,0.0007131099700927734,0.0
4344,pop19,1,0.0005505084991455078,0.0
4344,pop18,1,0.0005068778991699219,0.0
4345,pop52,7,0.011108739035470145,0.025550746662738284
4345,pop53,2,0.037868380546569824,0.03714954853057861
4345,pop54,2,0.07597100734710693,0.0024362802505493164
4345,pop55,1,0.07179975509643555,0.0
4345,pop47,1,0.00046706199645996094,0.0
4346,pop14,2,0.0438915491104126,0.04311048984527588
4346,pop24,1,0.0005447864532470703,0.0
4346,pop23,2,0.0430302619934082,0.0425264835357666
4346,pop21,4,0.0005422234535217285,2.882074107729698e-05
4346,pop16,1,0.0006475448608398438,0.0
4346,pop50,1,0.0008618831634521484,0.0
4346,pop51,1,0.0007295608520507812,0.0
4347,pop8,2,0.036708831787109375,0.03601217269897461
4347,pop51,5,0.0007759571075439453,0.00019042219522069984
4347,pop10,3,0.02739429473876953,0.037914129597427314
4347,pop5,1,0.0004477500915527344,0.0
4347,pop4,2,0.08253026008605957,0.0006916522979736328
4347,pop19,2,0.0006868839263916016,8.0108642578125e-05
4347,pop20,3,0.0005334218343098959,1.652424038997272e-05
4348,pop48,3,0.027233600616455078,0.03767863865141726
4348,pop49,2,0.0005185604095458984,4.553794860839844e-05
4348,pop2,4,0.000509798526763916,5.838319834010431e-05
4348,pop52,1,0.0006659030914306641,0.0
4349,pop21,4,0.02315974235534668,0.039037861485886435
4349,pop23,1,0.0005595684051513672,0.0
4349,pop16,1,0.0005066394805908203,0.0
4349,pop50,1,0.0008044242858886719,0.0
4349,pop53,1,0.0007810592651367188,0.0
4349,pop1,1,0.0005526542663574219,0.0
4349,pop6,1,0.0004773139953613281,0.0
4350,pop18,2,0.04278850555419922,0.0421144962310791
4350,pop38,1,0.09042239189147949,0.0
4350,pop39,1,0.00046563148498535156,0.0
4350,pop44,2,0.04222416877746582,0.04167318344116211
4350,pop50,2,0.0008581876754760742,6.759166717529297e-05
4350,pop14,3,0.06327017148335774,0.04433140626979959
4350,pop24,5,0.0005440235137939454,5.307036908949088e-05
4350,pop23,1,0.09186482429504395,0.0
4350,pop53,1,0.0007154941558837891,0.0
4350,pop7,1,0.00042319297790527344,0.0
4351,pop4,4,0.03950709104537964,0.03893253803631144
4351,pop51,2,0.0006791353225708008,9.000301361083984e-05
4351,pop10,2,0.0006320476531982422,7.390975952148438e-05
4351,pop53,1,0.0007119178771972656,0.0
4351,pop7,1,0.00043511390686035156,0.0
4352,pop30,2,0.03477811813354492,0.03415346145629883
4352,pop48,1,0.0006074905395507812,0.0
4352,pop52,1,0.0006241798400878906,0.0
4352,pop54,3,0.0006076494852701823,0.00010656827474292837
4352,pop53,1,0.0007836818695068359,0.0
4352,pop51,1,0.0008904933929443359,0.0
4352,pop19,1,0.0007381439208984375,0.0
4352,pop20,1,0.0005209445953369141,0.0
4353,pop47,2,0.03399765491485596,0.03336012363433838
4353,pop51,2,0.0010313987731933594,0.00022935867309570312
4353,pop50,2,0.00087738037109375,6.008148193359375e-05
4353,pop16,2,0.0005069971084594727,8.463859558105469e-06
4353,pop23,3,0.0005999406178792318,0.00010149826114010717
4353,pop21,2,0.0006923675537109375,0.0002186298370361328
4353,pop22,4,0.0005334615707397461,7.490413995683449e-05
4353,pop24,1,0.0005366802215576172,0.0
4354,pop40,2,0.03668475151062012,0.03600430488586426
4354,pop43,1,0.0005040168762207031,0.0
4354,pop51,2,0.0009541511535644531,0.00028634071350097656
4354,pop53,1,0.0007522106170654297,0.0
4354,pop50,1,0.0009701251983642578,0.0
4354,pop16,1,0.0005011558532714844,0.0
4354,pop23,1,0.0005824565887451172,0.0
4354,pop21,1,0.0004935264587402344,0.0
4354,pop22,4,0.0005265474319458008,3.689156769411692e-05
4354,pop10,1,0.000484466552734375,0.0
4355,pop38,5,0.018041229248046874,0.03483907202793697
4355,pop18,1,0.0005090236663818359,0.0
4355,pop19,1,0.0005550384521484375,0.0
4355,pop51,1,0.0007092952728271484,0.0
4355,pop47,1,0.00047850608825683594,0.0
4356,pop57,2,0.04386591911315918,0.04324674606323242
4356,pop56,1,0.00047397613525390625,0.0
4356,pop2,4,0.000540614128112793,6.91942925129832e-05
4356,pop49,1,0.0005095005035400391,0.0
4356,pop48,1,0.0006699562072753906,0.0
4356,pop52,1,0.0007545948028564453,0.0
4356,pop53,1,0.0010211467742919922,0.0
4356,pop51,1,0.00078582763671875,0.0
4356,pop50,1,0.0008418560028076172,0.0
4356,pop44,1,0.0006661415100097656,0.0
4357,pop27,5,0.018393611907958983,0.035547815299767554
4357,pop25,1,0.0004925727844238281,0.0
4357,pop17,1,0.0005514621734619141,0.0
4357,pop50,1,0.0006396770477294922,0.0
4357,pop35,1,0.00042557716369628906,0.0
4358,pop14,3,0.028986612955729168,0.04014352521244787
4358,pop24,5,0.0005424022674560547,3.2061404356504846e-05
4358,pop23,1,0.08628249168395996,0.0
4358,pop50,1,0.0006747245788574219,0.0
4358,pop44,1,0.0005772113800048828,0.0
4359,pop8,2,0.03697025775909424,0.03630721569061279
4359,pop51,4,0.0007731914520263672,0.00010052630372169345
4359,pop43,2,0.0005860328674316406,9.059906005859375e-05
4359,pop11,1,0.00047326087951660156,0.0
4359,pop10,3,0.052259206771850586,0.0366074366397464
4359,pop4,2,0.04206705093383789,0.041538238525390625
4359,pop40,1,0.08051347732543945,0.0
4359,pop41,1,0.0004990100860595703,0.0
4359,pop53,1,0.0006744861602783203,0.0
4359,pop54,2,0.0006008148193359375,7.295608520507812e-05
4359,pop52,1,0.0006463527679443359,0.0
4359,pop55,1,0.0005915164947509766,0.0
4360,pop45,2,0.041776299476623535,0.04115903377532959
4360,pop44,3,0.029549360275268555,0.041016647936068254
4360,pop50,5,0.0009119510650634766,0.0002051838104194167
4360,pop14,3,0.03339068094889323,0.04627360666662073
4360,pop27,1,0.0004730224609375,0.0
4360,pop25,1,0.0005021095275878906,0.0
4360,pop17,1,0.09366345405578613,0.0
4360,pop24,3,0.06866772969563802,0.04819481810873387
4360,pop23,2,0.04863262176513672,0.04805564880371094
4360,pop21,1,0.10298967361450195,0.0
4360,pop32,2,0.0005773305892944336,3.1113624572753906e-05
4360,pop33,1,0.0006680488586425781,0.0
4360,pop51,1,0.0007777214050292969,0.0
4361,pop41,2,0.039144158363342285,0.03845226764678955
4361,pop53,1,0.0007927417755126953,0.0
4361,pop54,1,0.07501530647277832,0.0
4361,pop52,1,0.0005848407745361328,0.0
4361,pop55,1,0.0688931941986084,0.0
4361,pop50,2,0.000826716423034668,6.23464584350586e-05
4361,pop17,4,0.0006331205368041992,6.118781864638561e-05
4361,pop51,1,0.0007300376892089844,0.0
4362,pop24,2,0.04726409912109375,0.046564340591430664
4362,pop23,4,0.0006393194198608398,9.261641217294247e-05
4362,pop16,1,0.00048613548278808594,0.0
4362,pop50,1,0.0010173320770263672,0.0
4362,pop53,1,0.0008106231689453125,0.0
4362,pop52,1,0.0005083084106445312,0.0
4363,pop37,5,0.013762426376342774,0.02631591257482701
4363,pop33,1,0.0005180835723876953,0.0
4363,pop50,1,0.0009033679962158203,0.0
4363,pop14,1,0.0005977153778076172,0.0
4363,pop24,1,0.0005357265472412109,0.0
4364,pop52,5,0.015645742416381836,0.02980234451293124
4364,pop54,2,0.03621184825897217,0.03550612926483154
4364,pop53,1,0.0007469654083251953,0.0
4364,pop1,1,0.0005593299865722656,0.0
4364,pop6,1,0.0004754066467285156,0.0
4365,pop38,2,0.04452967643737793,0.043852806091308594
4365,pop18,1,0.0005574226379394531,0.0
4365,pop19,2,0.0006183385848999023,1.5616416931152344e-05
4365,pop20,3,0.0006059805552164713,0.0001400489936520607
4365,pop51,1,0.0007829666137695312,0.0
4365,pop47,1,0.0004334449768066406,0.0
4366,pop8,2,0.036904096603393555,0.03629422187805176
4366,pop51,2,0.0007344484329223633,0.00010001659393310547
4366,pop53,4,0.021012842655181885,0.0349009841458197
4366,pop54,1,0.07519674301147461,0.0
4366,pop50,2,0.0008314847946166992,2.1338462829589844e-05
4366,pop17,2,0.0006471872329711914,7.975101470947266e-05
4366,pop7,1,0.0004489421844482422,0.0
4367,pop16,2,0.03930103778839111,0.03864490985870361
4367,pop23,1,0.08799195289611816,0.0
4367,pop24,3,0.0006501674652099609,0.00010620756062706325
4367,pop14,1,0.0006356239318847656,0.0
4367,pop50,1,0.0007989406585693359,0.0
4367,pop51,1,0.00080108642578125,0.0
4367,pop19,1,0.0005934238433837891,0.0
4367,pop18,1,0.0004961490631103516,0.0
4368,pop32,5,0.017891740798950194,0.03448284833866396
4368,pop33,1,0.0005190372467041016,0.0
4368,pop50,1,0.0008244514465332031,0.0
4368,pop51,1,0.0006282329559326172,0.0
4368,pop19,1,0.0006320476531982422,0.0
4368,pop20,1,0.0005004405975341797,0.0
4369,pop6,5,0.017693376541137694,0.03426050678192192
4369,pop1,1,0.0005838871002197266,0.0
4369,pop53,1,0.0008540153503417969,0.0
4369,pop7,1,0.00044727325439453125,0.0
4370,pop36,2,0.037094950675964355,0.03643691539764404
4370,pop51,1,0.0006988048553466797,0.0
4370,pop22,4,0.000590980052947998,0.00012234687849313605
4371,pop48,3,0.028234322865804035,0.03904769628296149
4371,pop49,4,0.0005939602851867676,6.547518003087907e-05
4371,pop52,1,0.0006420612335205078,0.0
4371,pop53,1,0.0008132457733154297,0.0
4371,pop7,1,0.00038123130798339844,0.0
4372,pop18,2,0.04440724849700928,0.043715834617614746
4372,pop19,1,0.0006659030914306641,0.0
4372,pop51,2,0.0009402036666870117,0.00023877620697021484
4372,pop53,3,0.0006651878356933594,5.671088826600558e-05
4372,pop50,1,0.0008118152618408203,0.0
4372,pop16,1,0.00047659873962402344,0.0
4372,pop23,1,0.0005154609680175781,0.0
4372,pop21,1,0.0004677772521972656,0.0
4372,pop22,1,0.07742929458618164,0.0
4372,pop54,1,0.08285760879516602,0.0
4372,pop52,4,0.0006468892097473145,9.593235645560217e-05
4372,pop48,2,0.04787337779998779,0.0473862886428833
4372,pop7,1,0.0004611015319824219,0.0
4373,pop57,2,0.04406869411468506,0.04344832897186279
4373,pop56,1,0.0005331039428710938,0.0
4373,pop48,1,0.0006911754608154297,0.0
4373,pop52,2,0.0006148815155029297,2.1696090698242188e-05
4373,pop55,1,0.07267522811889648,0.0
4373,pop50,1,0.0008435249328613281,0.0
4373,pop33,1,0.0005674362182617188,0.0
4373,pop37,4,0.0005716085433959961,5.802676714556177e-05
4373,pop34,1,0.00045943260192871094,0.0
4373,pop35,1,0.00044608116149902344,0.0
4374,pop45,2,0.0407109260559082,0.04003763198852539
4374,pop44,3,0.027771949768066406,0.03846709281875602
4374,pop50,1,0.0007815361022949219,0.0
4374,pop53,2,0.0008647441864013672,5.7697296142578125e-05
4374,pop1,1,0.0005881786346435547,0.0
4374,pop15,1,0.0004074573516845703,0.0
4375,pop24,2,0.047309279441833496,0.04660236835479736
4375,pop23,2,0.04474306106567383,0.04420828819274902
4375,pop21,3,0.0005934238433837891,9.915251320277787e-05
4375,pop16,1,0.0004773139953613281,0.0
4376,pop42,2,0.03759944438934326,0.03696238994598389
4376,pop43,1,0.0005035400390625,0.0
4376,pop51,2,0.0007222890853881836,1.1563301086425781e-05
4376,pop4,3,0.0005640983581542969,2.332443813064972e-05
4377,pop22,5,0.014691638946533202,0.02823715670382664
4377,pop21,1,0.0004968643188476562,0.0
4377,pop23,1,0.0005643367767333984,0.0
4377,pop24,1,0.0005471706390380859,0.0
4378,pop31,2,0.03699302673339844,0.03635287284851074
4378,pop17,3,0.032097578048706055,0.044504383954860276
4378,pop50,4,0.00101393461227417,0.00020412845258498252
4378,pop44,1,0.0874021053314209,0.0
4378,pop14,3,0.000736077626546224,0.00010963804513171082
4378,pop27,1,0.0005414485931396484,0.0
4378,pop25,1,0.0005657672882080078,0.0
4378,pop51,1,0.00083160400390625,0.0
4378,pop19,1,0.0006914138793945312,0.0
4378,pop20,1,0.0004754066467285156,0.0
4379,pop37,5,0.013337802886962891,0.02549359206459124
4379,pop33,1,0.000568389892578125,0.0
4379,pop50,1,0.0008156299591064453,0.0
4379,pop44,1,0.0005671977996826172,0.0
4380,pop38,2,0.04572772979736328,0.04506254196166992
4380,pop39,1,0.0005295276641845703,0.0
4380,pop44,1,0.08256006240844727,0.0
4380,pop50,2,0.0008472204208374023,2.944469451904297e-05
4380,pop17,4,0.0006487369537353516,8.951673127699389e-05
4380,pop53,1,0.0007236003875732422,0.0
4380,pop1,1,0.0005586147308349609,0.0
4380,pop15,1,0.0005042552947998047,0.0
4381,pop32,5,0.018710565567016602,0.03619360037572377
4381,pop33,1,0.0005524158477783203,0.0
4381,pop50,1,0.0009543895721435547,0.0
4381,pop14,1,0.0006163120269775391,0.0
4381,pop24,1,0.0005543231964111328,0.0
4382,pop9,5,0.014997625350952148,0.028780568179132996
4382,pop51,1,0.0007703304290771484,0.0
4382,pop50,1,0.0009355545043945312,0.0
4382,pop55,1,0.0004563331604003906,0.0
4383,pop56,5,0.017709636688232423,0.03421961134484168
4383,pop48,1,0.0005664825439453125,0.0
4383,pop52,1,0.0005793571472167969,0.0
4383,pop53,1,0.0008966922760009766,0.0
4383,pop50,1,0.0008327960968017578,0.0
4383,pop16,1,0.0004868507385253906,0.0
4384,pop10,2,0.03877878189086914,0.03810930252075195
4384,pop51,2,0.0007447004318237305,5.7816505432128906e-05
4384,pop4,1,0.08028650283813477,0.0
4384,pop22,3,0.025832494099934895,0.03576815872237457
4384,pop21,1,0.09959602355957031,0.0
4384,pop23,1,0.0005695819854736328,0.0
4384,pop24,2,0.0006018877029418945,7.283687591552734e-05
4384,pop14,1,0.0005612373352050781,0.0
4384,pop50,1,0.0007402896881103516,0.0
4384,pop55,1,0.0004887580871582031,0.0
4385,pop39,2,0.040058135986328125,0.03940463066101074
4385,pop38,3,0.0005507469177246094,2.8325358063297596e-05
4385,pop18,1,0.0005097389221191406,0.0
4385,pop19,1,0.0005824565887451172,0.0
4385,pop51,1,0.00064849853515625,0.0
4386,pop55,3,0.02284081776936849,0.03147729553999245
4386,pop52,2,0.0006121397018432617,3.421306610107422e-05
4386,pop48,4,0.0005943179130554199,6.172909216703151e-05
4387,pop48,4,0.02113032341003418,0.03540353382519667
4387,pop52,1,0.0006272792816162109,0.0
4387,pop53,1,0.0008144378662109375,0.0
4387,pop51,1,0.0007390975952148438,0.0
4387,pop19,1,0.000598907470703125,0.0
4387,pop18,1,0.0005319118499755859,0.0
4388,pop57,2,0.044649600982666016,0.04401588439941406
4388,pop56,1,0.0005636215209960938,0.0
4388,pop48,3,0.028417348861694336,0.039347500663066075
4388,pop49,2,0.0005573034286499023,6.830692291259766e-05
4388,pop52,1,0.0006148815155029297,0.0
4388,pop55,1,0.0004699230194091797,0.0
4389,pop45,2,0.04216718673706055,0.04147529602050781
4389,pop44,3,0.0005804697672526041,2.9865727264241924e-05
4389,pop50,1,0.0007035732269287109,0.0
4389,pop16,1,0.000518798828125,0.0
4390,pop24,5,0.019139480590820313,0.036999434479365594
4390,pop14,1,0.0004963874816894531,0.0
4390,pop50,1,0.0007276535034179688,0.0
4390,pop53,1,0.0008800029754638672,0.0
4390,pop1,1,0.0006263256072998047,0.0
4390,pop6,1,0.0004792213439941406,0.0
4391,pop42,2,0.03779804706573486,0.03719508647918701
4391,pop43,1,0.0004994869232177734,0.0
4391,pop40,4,0.0006102919578552246,7.86890352885893e-05
4391,pop41,1,0.0005347728729248047,0.0
4391,pop53,1,0.0007693767547607422,0.0
4391,pop50,1,0.0009136199951171875,0.0
4391,pop14,1,0.0005953311920166016,0.0
4391,pop24,1,0.0006079673767089844,0.0
4392,pop22,4,0.017788589000701904,0.029718823054817465
4392,pop51,1,0.0009272098541259766,0.0
4392,pop47,1,0.0004220008850097656,0.0
4393,pop53,5,0.015498113632202149,0.029345903362466966
4393,pop50,1,0.0008547306060791016,0.0
4393,pop44,1,0.0006842613220214844,0.0
4394,pop21,2,0.04610013961791992,0.04542994499206543
4394,pop22,4,0.0005957484245300293,0.0001322254452472564
4394,pop51,1,0.0007784366607666016,0.0
4394,pop50,1,0.0008237361907958984,0.0
4394,pop44,1,0.0005581378936767578,0.0
4395,pop4,3,0.0526118278503418,0.03669670812378422
4395,pop51,3,0.0007517337799072266,1.5243880618234425e-05
4395,pop10,3,0.026940425237019856,0.0373427351134739
4395,pop19,1,0.0006434917449951172,0.0
4395,pop20,2,0.0005083084106445312,5.9604644775390625e-06
4396,pop30,2,0.03465688228607178,0.03403270244598389
4396,pop31,1,0.0004825592041015625,0.0
4396,pop17,4,0.0006218552589416504,5.727392296718564e-05
4396,pop50,1,0.0008337497711181641,0.0
4396,pop51,1,0.0007417201995849609,0.0
4397,pop27,2,0.046663880348205566,0.04596364498138428
4397,pop25,1,0.0005338191986083984,0.0
4397,pop17,1,0.0822591781616211,0.0
4397,pop50,1,0.0007488727569580078,0.0
4397,pop55,1,0.07260322570800781,0.0
4397,pop52,3,0.0007522106170654297,0.00010665619005963729
4397,pop53,1,0.0006947517395019531,0.0
4397,pop7,1,0.0004439353942871094,0.0
4398,pop14,5,0.018127918243408203,0.03479921547485451
4398,pop50,1,0.0008454322814941406,0.0
4398,pop53,1,0.0008401870727539062,0.0
4398,pop47,1,0.000438690185546875,0.0
4399,pop32,5,0.01858344078063965,0.03591819458003171
4399,pop33,1,0.0005245208740234375,0.0
4399,pop50,1,0.0008802413940429688,0.0
4399,pop35,1,0.0004818439483642578,0.0
4400,pop55,5,0.013986825942993164,0.02677209853647994
4400,pop50,1,0.0008392333984375,0.0
4400,pop14,1,0.0005702972412109375,0.0
4400,pop24,1,0.0005171298980712891,0.0
4401,pop24,5,0.018763971328735352,0.03624376577231615
4401,pop14,1,0.0005667209625244141,0.0
4401,pop50,1,0.0008988380432128906,0.0
4401,pop44,1,0.0005104541778564453,0.0
4402,pop22,4,0.018688321113586426,0.031237114191910387
4402,pop51,1,0.000797271728515625,0.0
4402,pop47,1,0.0004622936248779297,0.0
4403,pop50,3,0.026790062586466473,0.03662230395281754
4403,pop17,3,0.030106306076049805,0.04178456947025702
4403,pop53,2,0.04002726078033447,0.039126038551330566
4403,pop54,2,0.0006930828094482422,1.7642974853515625e-05
4403,pop51,1,0.0007648468017578125,0.0
4403,pop19,1,0.0006453990936279297,0.0
4403,pop20,1,0.0005304813385009766,0.0
4404,pop28,2,0.036377668380737305,0.03571367263793945
4404,pop36,1,0.0005860328674316406,0.0
4404,pop10,3,0.0526731014251709,0.036871165252399724
4404,pop51,3,0.0008300145467122396,0.00013071664460400273
4404,pop4,1,0.08129644393920898,0.0
4404,pop43,1,0.0005273818969726562,0.0
4404,pop40,1,0.0005433559417724609,0.0
4404,pop41,1,0.0005369186401367188,0.0
4404,pop53,2,0.0008223056793212891,4.935264587402344e-05
4404,pop50,2,0.0008611679077148438,2.0265579223632812e-05
4404,pop17,2,0.0007499456405639648,0.0001684427261352539
4404,pop25,1,0.0004780292510986328,0.0
4404,pop27,1,0.0007369518280029297,0.0
4404,pop14,1,0.0006463527679443359,0.0
4404,pop7,1,0.00043773651123046875,0.0
4405,pop56,2,0.04473614692687988,0.044068098068237305
4405,pop48,1,0.0005676746368408203,0.0
4405,pop52,4,0.0007059574127197266,0.00015493566745603646
4405,pop53,1,0.0011475086212158203,0.0
4405,pop50,1,0.000751495361328125,0.0
4405,pop51,1,0.0010156631469726562,0.0
4405,pop43,1,0.00046944618225097656,0.0
4405,pop11,1,0.0004355907440185547,0.0
4405,pop10,1,0.0005507469177246094,0.0
4406,pop39,2,0.03916192054748535,0.03853178024291992
4406,pop38,1,0.0004990100860595703,0.0
4406,pop18,2,0.0005929470062255859,6.937980651855469e-05
4406,pop19,3,0.0006213982899983724,1.6741821360509596e-05
4406,pop51,2,0.0007737874984741211,1.1563301086425781e-05
4406,pop10,2,0.0401308536529541,0.03961038589477539
4406,pop20,3,0.0005307197570800781,3.888489348959944e-06
4407,pop27,5,0.0187469482421875,0.03625742989610153
4407,pop25,1,0.0005049705505371094,0.0
4407,pop17,1,0.0005648136138916016,0.0
4407,pop50,1,0.0007700920104980469,0.0
4407,pop53,1,0.0007350444793701172,0.0
4407,pop1,1,0.0007100105285644531,0.0
4407,pop6,1,0.0004966259002685547,0.0
4408,pop23,2,0.04333615303039551,0.04264187812805176
4408,pop24,4,0.0005870461463928223,6.793138514780302e-05
4408,pop14,1,0.0006175041198730469,0.0
4408,pop50,1,0.0008726119995117188,0.0
4408,pop53,1,0.00078582763671875,0.0
4408,pop7,1,0.0003952980041503906,0.0
4409,pop44,3,0.05397280057271322,0.037696664024629775
4409,pop50,1,0.0008666515350341797,0.0
4409,pop14,3,0.0006078084309895834,2.5007319539784623e-05
4409,pop24,1,0.0005130767822265625,0.0
4410,pop16,2,0.04068267345428467,0.03999006748199463
4410,pop23,1,0.0005612373352050781,0.0
4410,pop24,4,0.0006132125854492188,7.823653996919002e-05
4410,pop14,1,0.0006098747253417969,0.0
4410,pop50,1,0.0008623600006103516,0.0
4410,pop53,1,0.0007677078247070312,0.0
4410,pop52,1,0.0006551742553710938,0.0
4411,pop6,5,0.017345428466796875,0.03352833141336435
4411,pop1,1,0.0005538463592529297,0.0
4411,pop53,1,0.0011644363403320312,0.0
4411,pop50,1,0.0008432865142822266,0.0
4411,pop51,1,0.0007758140563964844,0.0
4411,pop10,1,0.0005292892456054688,0.0
4412,pop36,2,0.03642010688781738,0.035784244537353516
4412,pop51,2,0.0007898807525634766,1.049041748046875e-05
4412,pop22,3,0.000579992930094401,0.00011471086250709471
4412,pop53,1,0.0006608963012695312,0.0
4412,pop1,1,0.0006005764007568359,0.0
4412,pop6,1,0.0004897117614746094,0.0
4413,pop18,3,0.028896093368530273,0.040040600291788776
4413,pop38,1,0.08852124214172363,0.0
4413,pop19,2,0.0006326436996459961,6.794929504394531e-06
4413,pop20,1,0.08475065231323242,0.0
4413,pop51,2,0.0007877349853515625,7.319450378417969e-05
4413,pop4,1,0.08327722549438477,0.0
4413,pop50,3,0.0009530385335286459,0.0003173610912446674
4413,pop44,2,0.04377436637878418,0.04326510429382324
4413,pop27,1,0.0005011558532714844,0.0
4413,pop25,1,0.0005290508270263672,0.0
4413,pop17,2,0.05078613758087158,0.05024302005767822
4413,pop55,1,0.08043146133422852,0.0
4413,pop52,2,0.0006117820739746094,2.3365020751953125e-05
4413,pop12,3,0.0005269845326741537,6.259909221134654e-05
4413,pop34,1,0.00048279762268066406,0.0
4413,pop35,1,0.00043082237243652344,0.0
4414,pop53,2,0.038497328758239746,0.03762471675872803
4414,pop54,1,0.0733029842376709,0.0
4414,pop52,1,0.000576019287109375,0.0
4414,pop55,3,0.0005458196004231771,7.612819681058278e-06
4415,pop32,5,0.018483352661132813,0.035740222970534856
4415,pop33,1,0.0005133152008056641,0.0
4415,pop50,1,0.0009403228759765625,0.0
4415,pop51,1,0.000762939453125,0.0
4415,pop10,1,0.0004947185516357422,0.0
4416,pop24,5,0.018752479553222658,0.03630180529659036
4416,pop14,1,0.0005373954772949219,0.0
4416,pop50,1,0.0008432865142822266,0.0
4416,pop44,1,0.0005486011505126953,0.0
4417,pop33,3,0.02854784329732259,0.03950269491098488
4417,pop32,3,0.0006031195322672526,0.00011007028366190933
4417,pop50,1,0.0007710456848144531,0.0
4417,pop35,1,0.00044846534729003906,0.0
4418,pop56,5,0.01842532157897949,0.03562613334888545
4418,pop48,1,0.0005521774291992188,0.0
4418,pop52,1,0.0006170272827148438,0.0
4418,pop53,1,0.0007255077362060547,0.0
4418,pop50,1,0.0008165836334228516,0.0
4418,pop44,1,0.0006620883941650391,0.0
4419,pop36,2,0.036544084548950195,0.03593039512634277
4419,pop51,2,0.0009198188781738281,0.00024199485778808594
4419,pop50,1,0.0009167194366455078,0.0
4419,pop16,1,0.0005235671997070312,0.0
4419,pop23,1,0.0004925727844238281,0.0
4419,pop21,1,0.0005047321319580078,0.0
4419,pop22,4,0.0006338357925415039,0.00015957244357992024
4419,pop53,1,0.0007495880126953125,0.0
4419,pop7,1,0.0004496574401855469,0.0
4420,pop46,2,0.042476534843444824,0.041797518730163574
4420,pop20,2,0.04289364814758301,0.04238557815551758
4420,pop19,1,0.0006885528564453125,0.0
4420,pop51,1,0.00078582763671875,0.0
4420,pop53,2,0.040198326110839844,0.03945207595825195
4420,pop52,2,0.04187488555908203,0.04124045372009277
4420,pop48,2,0.04386746883392334,0.04330456256866455
4420,pop56,1,0.09285330772399902,0.0
4420,pop2,2,0.000563502311706543,8.738040924072266e-05
4420,pop49,1,0.0006532669067382812,0.0
4420,pop1,1,0.0007166862487792969,0.0
4420,pop15,1,0.00045299530029296875,0.0
4421,pop9,5,0.015216445922851563,0.029199476959288054
4421,pop51,1,0.0007793903350830078,0.0
4421,pop53,1,0.0007982254028320312,0.0
4421,pop52,1,0.0006897449493408203,0.0
4422,pop45,2,0.0433274507522583,0.04267442226409912
4422,pop44,2,0.04015052318572998,0.039418816566467285
4422,pop50,1,0.0009107589721679688,0.0
4422,pop53,2,0.0009063482284545898,0.00015747547149658203
4422,pop51,1,0.0006966590881347656,0.0
4422,pop19,1,0.0005638599395751953,0.0
4422,pop20,1,0.00048232078552246094,0.0
4423,pop16,2,0.040476322174072266,0.039816856384277344
4423,pop50,2,0.0008682012557983398,3.0875205993652344e-05
4423,pop33,2,0.0006248950958251953,1.9788742065429688e-05
4423,pop32,4,0.000594794750213623,9.047621866080449e-05
4423,pop51,1,0.0007317066192626953,0.0
4423,pop19,1,0.0006349086761474609,0.0
4423,pop18,1,0.0004956722259521484,0.0
4424,pop18,3,0.02923448880513509,0.04052674320254141
4424,pop38,3,0.0005815823872884115,0.00010881927057720238
4424,pop19,1,0.0007758140563964844,0.0
4424,pop51,1,0.0007884502410888672,0.0
4424,pop53,1,0.0009164810180664062,0.0
4424,pop1,1,0.0005753040313720703,0.0
4424,pop6,1,0.0006194114685058594,0.0
4425,pop53,2,0.038210272789001465,0.03737437725067139
4425,pop52,3,0.0006549358367919922,2.5488124418126332e-05
4425,pop55,1,0.0005092620849609375,0.0
4426,pop24,2,0.046979665756225586,0.04631447792053223
4426,pop14,2,0.04587209224700928,0.04526388645172119
4426,pop50,2,0.0008995532989501953,1.3828277587890625e-05
4426,pop33,2,0.0005439519882202148,6.794929504394531e-06
4426,pop32,3,0.0006230672200520834,0.0001491167121692478
4426,pop53,1,0.0006351470947265625,0.0
4426,pop47,1,0.0004391670227050781,0.0
4427,pop36,2,0.03602755069732666,0.035396695137023926
4427,pop51,3,0.0010534922281901042,5.979264598021308e-05
4427,pop43,5,0.0005279064178466796,2.9445765935269785e-05
4427,pop40,2,0.039487600326538086,0.03902888298034668
4427,pop11,2,0.0005568265914916992,3.7550926208496094e-05
4427,pop10,1,0.08144545555114746,0.0
4427,pop41,1,0.0005013942718505859,0.0
4427,pop53,2,0.0007585287094116211,5.7816505432128906e-05
4427,pop54,1,0.08487462997436523,0.0
4427,pop52,4,0.0006875991821289062,7.961966941777033e-05
4427,pop7,1,0.0004622936248779297,0.0
4428,pop47,3,0.045142412185668945,0.03151046518806241
4428,pop53,1,0.08133602142333984,0.0
4428,pop52,2,0.04103648662567139,0.04041588306427002
4428,pop54,2,0.0006366968154907227,0.0001112222671508789
4428,pop34,1,0.0004749298095703125,0.0
4428,pop35,1,0.00041985511779785156,0.0
4429,pop40,3,0.05017526944478353,0.035050143543685006
4429,pop41,1,0.0005331039428710938,0.0
4429,pop53,1,0.07982301712036133,0.0
4429,pop47,2,0.00048732757568359375,2.384185791015625e-06
4430,pop30,2,0.03681230545043945,0.036136627197265625
4430,pop48,1,0.0005171298980712891,0.0
4430,pop52,3,0.0005899270375569662,3.078545121856789e-05
4430,pop55,2,0.036901116371154785,0.036379456520080566
4430,pop12,3,0.0005321502685546875,5.136172970320365e-05
4431,pop14,3,0.06031592686971029,0.04213645274029945
4431,pop24,1,0.0005655288696289062,0.0
4431,pop23,2,0.04635477066040039,0.04581165313720703
4431,pop21,2,0.0006557703018188477,0.00016677379608154297
4431,pop16,1,0.00048089027404785156,0.0
4431,pop50,1,0.0008323192596435547,0.0
4431,pop35,1,0.00044989585876464844,0.0
4432,pop18,2,0.042122840881347656,0.04147505760192871
4432,pop38,3,0.0304412047068278,0.04222332161408263
4432,pop39,1,0.0005054473876953125,0.0
4432,pop44,2,0.0006142854690551758,3.063678741455078e-05
4432,pop50,1,0.0009434223175048828,0.0
4432,pop16,1,0.0005993843078613281,0.0
4433,pop36,2,0.03671979904174805,0.036054134368896484
4433,pop51,2,0.001119852066040039,1.811981201171875e-05
4433,pop50,2,0.0008798837661743164,8.094310760498047e-05
4433,pop16,1,0.0006914138793945312,0.0
4433,pop23,1,0.0006017684936523438,0.0
4433,pop21,1,0.0004737377166748047,0.0
4433,pop22,4,0.0006001591682434082,9.192997711379774e-05
4433,pop53,1,0.0007653236389160156,0.0
4433,pop1,1,0.0007424354553222656,0.0
4433,pop6,1,0.0004642009735107422,0.0
4434,pop41,2,0.038031578063964844,0.03738737106323242
4434,pop40,2,0.04005908966064453,0.03951907157897949
4434,pop43,1,0.0005075931549072266,0.0
4434,pop51,3,0.0007314682006835938,1.4603989440072589e-05
4434,pop4,1,0.08364200592041016,0.0
4434,pop10,1,0.08202910423278809,0.0
4434,pop47,2,0.0005534887313842773,8.046627044677734e-05
4435,pop52,3,0.025911728541056316,0.035714313773770635
4435,pop48,3,0.0006088415781656901,6.527920239864122e-05
4435,pop53,1,0.0007989406585693359,0.0
4435,pop1,1,0.0005908012390136719,0.0
4435,pop15,1,0.0004177093505859375,0.0
4436,pop8,2,0.03703451156616211,0.03640294075012207
4436,pop51,1,0.0007441043853759766,0.0
4436,pop22,3,0.0005517800649007162,5.329222664335881e-05
4436,pop21,1,0.0004944801330566406,0.0
4436,pop23,1,0.0005636215209960938,0.0
4436,pop24,1,0.0005726814270019531,0.0
4437,pop50,6,0.014170130093892416,0.029796661815117476
4437,pop55,3,0.04866806666056315,0.034083065459962765
4437,pop17,4,0.02378523349761963,0.04009935569059608
4437,pop52,1,0.0005857944488525391,0.0
4437,pop54,1,0.07796740531921387,0.0
4437,pop53,1,0.08198428153991699,0.0
4437,pop51,1,0.0007870197296142578,0.0
4438,pop28,2,0.03713250160217285,0.036479949951171875
4438,pop51,3,0.0010158220926920574,0.0001912701895963838
4438,pop50,3,0.0008997122446695963,6.296939147167303e-06
4438,pop16,2,0.0007765293121337891,0.00022983551025390625
4438,pop23,1,0.0005567073822021484,0.0
4438,pop21,1,0.0004680156707763672,0.0
4438,pop22,4,0.0005667805671691895,0.00010210376556396692
4438,pop53,1,0.0007638931274414062,0.0
4438,pop1,1,0.0005002021789550781,0.0
4438,pop15,1,0.0004305839538574219,0.0
4439,pop27,4,0.023451507091522217,0.03950267585963625
4439,pop25,1,0.0005109310150146484,0.0
4439,pop17,1,0.0007455348968505859,0.0
4439,pop50,1,0.0007777214050292969,0.0
4439,pop53,1,0.0008251667022705078,0.0
4439,pop1,1,0.0006234645843505859,0.0
4439,pop6,1,0.00047397613525390625,0.0
4440,pop46,2,0.040804386138916016,0.04009890556335449
4440,pop20,4,0.000594019889831543,6.220497905752913e-05
4440,pop19,1,0.0006148815155029297,0.0
4440,pop51,1,0.0007872581481933594,0.0
4440,pop50,1,0.0009183883666992188,0.0
4440,pop16,1,0.0005116462707519531,0.0
4441,pop9,5,0.015604019165039062,0.03005367221556391
4441,pop51,1,0.0007138252258300781,0.0
4441,pop50,1,0.0009448528289794922,0.0
4441,pop44,1,0.0005333423614501953,0.0
4442,pop16,2,0.04157280921936035,0.04088473320007324
4442,pop23,2,0.0005476474761962891,1.6689300537109375e-06
4442,pop21,3,0.0328062375386556,0.04571797940804971
4442,pop24,2,0.0007314682006835938,0.00017189979553222656
4442,pop14,1,0.0005872249603271484,0.0
4442,pop50,1,0.0008382797241210938,0.0
4442,pop53,1,0.0007121562957763672,0.0
4442,pop1,1,0.0005602836608886719,0.0
4442,pop6,1,0.00048089027404785156,0.0
4443,pop53,4,0.019421041011810303,0.032175413038599804
4443,pop1,3,0.0005716482798258463,1.531126680757769e-05
4443,pop6,2,0.04356491565704346,0.043076157569885254
4443,pop54,1,0.07723760604858398,0.0
4443,pop52,4,0.0006789565086364746,9.016216729390782e-05
4444,pop47,3,0.0452424685160319,0.03154557228466531
4444,pop53,1,0.0008013248443603516,0.0
4444,pop50,2,0.0008701086044311523,1.4662742614746094e-05
4444,pop17,3,0.000713507334391276,3.222582813280749e-05
4444,pop14,1,0.0006213188171386719,0.0
4444,pop24,1,0.0005240440368652344,0.0
4445,pop30,2,0.035249948501586914,0.034577369689941406
4445,pop48,3,0.029593785603841145,0.041097843236883626
4445,pop49,3,0.0006213188171386719,0.00010818127538696875
4445,pop52,1,0.0006377696990966797,0.0
4445,pop53,1,0.0008428096771240234,0.0
4445,pop50,1,0.0009086132049560547,0.0
4445,pop14,1,0.0006000995635986328,0.0
4445,pop24,1,0.0005066394805908203,0.0
4446,pop32,4,0.0233495831489563,0.039374529028105926
4446,pop33,1,0.0005345344543457031,0.0
4446,pop50,1,0.0009071826934814453,0.0
4446,pop53,1,0.0008852481842041016,0.0
4446,pop7,1,0.00045108795166015625,0.0
4447,pop14,3,0.030179341634114582,0.0417655161034206
4447,pop24,3,0.0006313323974609375,0.0001137015845710334
4447,pop50,1,0.0008101463317871094,0.0
4447,pop53,1,0.0007750988006591797,0.0
4447,pop47,1,0.00049591064453125,0.0
4448,pop36,2,0.0369800329208374,0.036347031593322754
4448,pop51,2,0.0006899833679199219,7.915496826171875e-05
4448,pop22,3,0.0005069573720296224,2.038382025359306e-05
4449,pop8,2,0.0368880033493042,0.03625810146331787
4449,pop51,1,0.0007321834564208984,0.0
4449,pop43,1,0.0006968975067138672,0.0
4449,pop40,4,0.0006254911422729492,6.673175888893095e-05
4449,pop41,1,0.0005426406860351562,0.0
4449,pop53,1,0.0007977485656738281,0.0
4449,pop50,1,0.0009753704071044922,0.0
4449,pop44,1,0.0005557537078857422,0.0
4450,pop50,3,0.027016878128051758,0.036957734613485574
4450,pop55,1,0.06935882568359375,0.0
4450,pop52,1,0.0006735324859619141,0.0
4450,pop37,3,0.0005451838175455729,6.671925253233364e-05
4450,pop33,1,0.0005407333374023438,0.0
4450,pop44,1,0.0005702972412109375,0.0
4451,pop46,2,0.04117012023925781,0.04044175148010254
4451,pop45,1,0.0006172657012939453,0.0
4451,pop44,1,0.0005691051483154297,0.0
4451,pop50,5,0.001012897491455078,0.00034321063250675513
4451,pop53,2,0.0007270574569702148,0.00011789798736572266
4451,pop52,4,0.0005426406860351562,0.00013830363593120098
4451,pop55,2,0.07277452945709229,0.0001100301742553711
4451,pop48,2,0.045116305351257324,0.04485452175140381
4451,pop14,4,0.0006434917449951172,5.412863161074791e-05
4451,pop27,3,0.02136842409769694,0.029393070858988537
4451,pop25,2,0.0003857612609863281,9.632110595703125e-05
4451,pop17,4,0.026642441749572754,0.045552102717337534
4451,pop31,1,0.0004642009735107422,0.0
4451,pop30,1,0.00046944618225097656,0.0
4451,pop51,1,0.0007567405700683594,0.0
4451,pop16,1,0.0002579689025878906,0.0
4452,pop31,2,0.038168907165527344,0.037517547607421875
4452,pop30,1,0.0005228519439697266,0.0
4452,pop48,4,0.0005665421485900879,3.877267252902997e-05
4452,pop52,1,0.0007278919219970703,0.0
4453,pop37,5,0.014443540573120117,0.0277007986137127
4453,pop52,1,0.0006239414215087891,0.0
4453,pop53,1,0.0008325576782226562,0.0
4453,pop51,1,0.0007512569427490234,0.0
4453,pop10,1,0.0005221366882324219,0.0
4454,pop38,5,0.01836051940917969,0.0356058689193649
4454,pop18,1,0.0005173683166503906,0.0
4454,pop19,1,0.0005736351013183594,0.0
4454,pop20,1,0.0005421638488769531,0.0
4455,pop33,3,0.028273344039916992,0.03901719738041156
4455,pop32,3,0.0006362597147623698,6.096008687731585e-05
4455,pop50,1,0.0012202262878417969,0.0
4455,pop55,1,0.0005776882171630859,0.0
4455,pop52,1,0.0006582736968994141,0.0
4455,pop53,1,0.0008299350738525391,0.0
4455,pop1,1,0.000583648681640625,0.0
4455,pop6,1,0.0004687309265136719,0.0
4456,pop52,2,0.03971719741821289,0.03897237777709961
4456,pop55,3,0.0005596478780110677,9.599446421022942e-05
4456,pop50,1,0.0008666515350341797,0.0
4456,pop14,1,0.0005600452423095703,0.0
4456,pop24,1,0.0005252361297607422,0.0
4457,pop28,2,0.03670668601989746,0.03607821464538574
4457,pop36,1,0.0004801750183105469,0.0
4457,pop10,3,0.02742775281270345,0.03807237240590282
4457,pop11,1,0.0004420280456542969,0.0
4457,pop43,1,0.0005137920379638672,0.0
4457,pop51,2,0.0008758306503295898,6.377696990966797e-05
4457,pop4,2,0.0006260871887207031,7.605552673339844e-05
4457,pop53,1,0.0008101463317871094,0.0
4457,pop7,1,0.0004372596740722656,0.0
4458,pop27,5,0.018880414962768554,0.03653916331980767
4458,pop25,1,0.0005173683166503906,0.0
4458,pop17,1,0.0006167888641357422,0.0
4458,pop50,1,0.0008988380432128906,0.0
4458,pop51,1,0.0007374286651611328,0.0
4458,pop19,1,0.0005908012390136719,0.0
4458,pop20,1,0.0005044937133789062,0.0
4459,pop47,5,0.01370997428894043,0.026214703840708686
4459,pop53,1,0.0008549690246582031,0.0
4459,pop52,1,0.0005981922149658203,0.0
4459,pop34,1,0.0004627704620361328,0.0
4459,pop35,1,0.00040602684020996094,0.0
4460,pop46,2,0.042878031730651855,0.04220736026763916
4460,pop20,1,0.08427071571350098,0.0
4460,pop19,2,0.0007157325744628906,6.222724914550781e-05
4460,pop18,2,0.0005261898040771484,1.1682510375976562e-05
4460,pop38,4,0.0005612373352050781,6.454123487545232e-05
4460,pop51,1,0.0008289813995361328,0.0
4461,pop10,4,0.019941747188568115,0.033345210652097924
4461,pop51,1,0.0007429122924804688,0.0
4461,pop53,1,0.0007650852203369141,0.0
4461,pop7,1,0.0005030632019042969,0.0
4462,pop48,5,0.017705535888671874,0.03416135139490839
4462,pop52,1,0.0006260871887207031,0.0
4462,pop53,1,0.0007915496826171875,0.0
4462,pop51,1,0.0007274150848388672,0.0
4463,pop57,2,0.04483914375305176,0.04420971870422363
4463,pop56,1,0.0005438327789306641,0.0
4463,pop48,1,0.00048422813415527344,0.0
4463,pop52,3,0.0006935596466064453,0.00010740962063591824
4463,pop53,1,0.0007100105285644531,0.0
4463,pop1,1,0.0005290508270263672,0.0
4463,pop15,1,0.000415802001953125,0.0
4464,pop42,2,0.037940144538879395,0.03729569911956787
4464,pop43,1,0.0005218982696533203,0.0
4464,pop40,4,0.0005916357040405273,0.00010770247594231231
4464,pop41,1,0.0005826950073242188,0.0
4464,pop53,1,0.0008175373077392578,0.0
4464,pop52,1,0.0006203651428222656,0.0
4464,pop34,1,0.0004775524139404297,0.0
4464,pop35,1,0.00042247772216796875,0.0
4465,pop14,4,0.04638546705245972,0.045680273834074386
4465,pop24,7,0.028133596692766463,0.04355829671419136
4465,pop23,2,0.09274947643280029,0.0001341104507446289
4465,pop50,1,0.0011167526245117188,0.0
4465,pop53,1,0.0007815361022949219,0.0
4465,pop52,1,0.0006368160247802734,0.0
4466,pop36,2,0.03701901435852051,0.036360740661621094
4466,pop51,1,0.0007851123809814453,0.0
4466,pop53,2,0.04035472869873047,0.039562225341796875
4466,pop41,2,0.0005179643630981445,2.276897430419922e-05
4466,pop40,4,0.0005674362182617188,6.797501428634694e-05
4466,pop1,1,0.0005748271942138672,0.0
4466,pop15,1,0.0005862712860107422,0.0
4467,pop37,4,0.01762259006500244,0.029536074438462418
4467,pop52,1,0.0006804466247558594,0.0
4468,pop52,3,0.026936769485473633,0.0371235277615091
4468,pop37,4,0.0005939006805419922,8.406528882209152e-05
4468,pop53,1,0.0007524490356445312,0.0
4468,pop1,1,0.0007171630859375,0.0
4468,pop15,1,0.0004069805145263672,0.0
4469,pop28,2,0.036501407623291016,0.035854339599609375
4469,pop51,2,0.0008327960968017578,0.0001251697540283203
4469,pop50,1,0.001054525375366211,0.0
4469,pop53,3,0.02674102783203125,0.0366547805792734
4469,pop54,2,0.04004240036010742,0.03952312469482422
4470,pop21,3,0.06507706642150879,0.04554072832066894
4470,pop23,1,0.0005471706390380859,0.0
4470,pop24,4,0.0006101131439208984,7.07334123281294e-05
4470,pop14,2,0.047096967697143555,0.046486854553222656
4470,pop50,1,0.0008187294006347656,0.0
4470,pop51,1,0.0006422996520996094,0.0
4471,pop4,5,0.016027164459228516,0.03085694839041147
4471,pop51,1,0.0007982254028320312,0.0
4471,pop10,1,0.00047779083251953125,0.0
4472,pop55,3,0.04614615440368652,0.032165799414263445
4472,pop50,2,0.0007007122039794922,2.6702880859375e-05
4472,pop17,2,0.000651240348815918,6.878376007080078e-05
4472,pop51,1,0.0007622241973876953,0.0
4472,pop10,1,0.0005300045013427734,0.0
4473,pop22,4,0.018723607063293457,0.031371360011774096
4474,pop40,2,0.03912174701690674,0.03843414783477783
4474,pop41,1,0.0006799697875976562,0.0
4474,pop53,2,0.04105234146118164,0.0402529239654541
4474,pop1,2,0.0006897449493408203,0.00011587142944335938
4474,pop6,2,0.04581558704376221,0.045285820960998535
4474,pop52,2,0.0007555484771728516,9.560585021972656e-05
4474,pop48,2,0.0444716215133667,0.04394829273223877
4474,pop56,2,0.05034899711608887,0.049852609634399414
4474,pop2,2,0.0006475448608398438,0.00014472007751464844
4474,pop49,1,0.0006394386291503906,0.0
4474,pop51,1,0.0008182525634765625,0.0
4475,pop31,2,0.03848230838775635,0.037842392921447754
4475,pop30,1,0.0005152225494384766,0.0
4475,pop48,2,0.0005321502685546875,2.0503997802734375e-05
4475,pop49,4,0.0005551576614379883,9.160743323613824e-05
4475,pop52,1,0.0006389617919921875,0.0
4475,pop53,1,0.00079345703125,0.0
4475,pop51,1,0.0008118152618408203,0.0
4475,pop10,1,0.0005013942718505859,0.0
4476,pop38,2,0.046890974044799805,0.04621577262878418
4476,pop18,1,0.0005667209625244141,0.0
4476,pop19,1,0.0008029937744140625,0.0
4476,pop51,1,0.0012278556823730469,0.0
4476,pop50,2,0.0009404420852661133,4.565715789794922e-05
4476,pop53,3,0.053838491439819336,0.03752597762521399
4476,pop41,2,0.0005096197128295898,1.1324882507324219e-05
4476,pop40,2,0.03984940052032471,0.0393146276473999
4476,pop54,1,0.08353972434997559,0.0
4476,pop52,2,0.0006687641143798828,2.193450927734375e-05
4476,pop12,3,0.0005857944488525391,6.825631476606688e-05
4476,pop16,1,0.0005161762237548828,0.0
4477,pop27,2,0.04660212993621826,0.045951008796691895
4477,pop25,1,0.0005307197570800781,0.0
4477,pop17,1,0.0005581378936767578,0.0
4477,pop50,2,0.00084686279296875,3.314018249511719e-05
4477,pop55,2,0.03705954551696777,0.036525726318359375
4477,pop53,2,0.0008167028427124023,3.7789344787597656e-05
4477,pop54,2,0.0006238222122192383,0.00015342235565185547
4477,pop51,1,0.0007495880126953125,0.0
4477,pop19,1,0.0005908012390136719,0.0
4477,pop18,1,0.0005168914794921875,0.0
4478,pop14,2,0.043938517570495605,0.04316747188568115
4478,pop24,1,0.000560760498046875,0.0
4478,pop23,2,0.04485154151916504,0.04430341720581055
4478,pop21,4,0.0005539655685424805,7.447299234691562e-05
4478,pop16,1,0.0005350112915039062,0.0
4478,pop50,1,0.0007455348968505859,0.0
4478,pop53,1,0.0007238388061523438,0.0
4478,pop1,1,0.0005614757537841797,0.0
4478,pop15,1,0.0004146099090576172,0.0
4479,pop37,5,0.01423187255859375,0.027260414967499775
4479,pop52,1,0.0006082057952880859,0.0
4479,pop53,1,0.0008304119110107422,0.0
4479,pop47,1,0.0004429817199707031,0.0
4480,pop39,2,0.040273308753967285,0.03963792324066162
4480,pop44,3,0.03062740961710612,0.04254831329097152
4480,pop50,4,0.0008397698402404785,6.759647637368976e-05
4480,pop17,3,0.03106411298116048,0.043076047023518055
4480,pop25,1,0.0005545616149902344,0.0
4480,pop27,1,0.0004940032958984375,0.0
4480,pop33,2,0.0008345842361450195,1.5139579772949219e-05
4480,pop32,3,0.0006073315938313802,4.26608652717108e-05
4481,pop53,4,0.01976722478866577,0.03258730087820021
4481,pop54,1,0.0005466938018798828,0.0
4481,pop52,1,0.0006372928619384766,0.0
4482,pop30,2,0.03717350959777832,0.0364985466003418
4482,pop48,3,0.0005973180135091146,7.459144968144352e-05
4482,pop52,1,0.0005826950073242188,0.0
4482,pop53,1,0.0007536411285400391,0.0
4482,pop51,1,0.000774383544921875,0.0
4483,pop42,2,0.03863382339477539,0.03799748420715332
4483,pop43,1,0.0005190372467041016,0.0
4483,pop51,1,0.0008053779602050781,0.0
4483,pop53,3,0.0008320013682047526,4.5914546271909924e-05
4483,pop1,1,0.0005865097045898438,0.0
4483,pop6,1,0.0004584789276123047,0.0
4484,pop52,3,0.02638077735900879,0.03632454980386346
4484,pop48,4,0.0006238818168640137,0.00012882265431319662
4484,pop53,1,0.0008440017700195312,0.0
4484,pop51,1,0.0009067058563232422,0.0
4484,pop19,1,0.0006062984466552734,0.0
4484,pop18,1,0.0005071163177490234,0.0
4485,pop40,2,0.038420915603637695,0.03771018981933594
4485,pop41,1,0.0005464553833007812,0.0
4485,pop53,2,0.040161967277526855,0.039432644844055176
4485,pop1,2,0.0005956888198852539,1.1563301086425781e-05
4485,pop6,1,0.09079432487487793,0.0
4485,pop51,4,0.0007552504539489746,5.5144412169492044e-05
4485,pop10,2,0.04097437858581543,0.040445566177368164
4485,pop19,2,0.0006034374237060547,2.956390380859375e-05
4485,pop20,1,0.09162449836730957,0.0
4485,pop4,2,0.04636800289154053,0.045810818672180176
4485,pop22,2,0.0005662441253662109,7.462501525878906e-05
4485,pop21,1,0.00048732757568359375,0.0
4485,pop23,1,0.0007078647613525391,0.0
4485,pop16,1,0.00066375732421875,0.0
4486,pop27,5,0.019474124908447264,0.03777015667374098
4486,pop14,1,0.0009317398071289062,0.0
4486,pop50,1,0.0008382797241210938,0.0
4486,pop16,1,0.0004940032958984375,0.0
4486,pop23,1,0.0005214214324951172,0.0
4486,pop24,1,0.0005359649658203125,0.0
4487,pop37,4,0.01750493049621582,0.02926607131070378
4487,pop52,1,0.0005583763122558594,0.0
4487,pop53,1,0.0008399486541748047,0.0
4487,pop1,1,0.0005602836608886719,0.0
4487,pop6,1,0.0004856586456298828,0.0
4488,pop23,4,0.04545187950134277,0.04486470300080478
4488,pop24,2,0.0006783008575439453,5.4836273193359375e-06
4488,pop14,1,0.0006625652313232422,0.0
4488,pop50,1,0.0008842945098876953,0.0
4488,pop51,1,0.0007774829864501953,0.0
4489,pop44,2,0.04231882095336914,0.04160475730895996
4489,pop50,1,0.0009243488311767578,0.0
4489,pop14,4,0.000618278980255127,3.534927316436292e-05
4489,pop24,1,0.0005414485931396484,0.0
4490,pop6,3,0.029696305592854817,0.04113864038141632
4490,pop1,2,0.0006039142608642578,3.504753112792969e-05
4490,pop53,1,0.07998776435852051,0.0
4490,pop51,1,0.0008344650268554688,0.0
4490,pop50,2,0.0009223222732543945,5.424022674560547e-05
4490,pop17,3,0.031351566314697266,0.043367968050078864
4490,pop25,3,0.0005238056182861328,1.2745920567153606e-05
4490,pop27,3,0.03408662478129069,0.04747662867974222
4490,pop14,1,0.0006508827209472656,0.0
4490,pop55,1,0.08157610893249512,0.0
4490,pop52,2,0.0008988380432128906,0.00023365020751953125
4490,pop3,1,0.0004456043243408203,0.0
4490,pop0,1,0.00044536590576171875,0.0
4491,pop32,4,0.023388147354125977,0.039375335127147165
4491,pop33,1,0.000537872314453125,0.0
4491,pop50,1,0.0006997585296630859,0.0
4491,pop35,1,0.0005824565887451172,0.0
4492,pop8,2,0.038083672523498535,0.037448763847351074
4492,pop51,2,0.0007725954055786133,3.039836883544922e-05
4492,pop10,4,0.0006667971611022949,0.00016890003396669495
4492,pop53,1,0.0008492469787597656,0.0
4492,pop1,1,0.0005335807800292969,0.0
4492,pop6,1,0.0006160736083984375,0.0
4493,pop50,3,0.0277865727742513,0.03803646536435809
4493,pop17,3,0.0006545384724934896,0.00011229866595569662
4493,pop53,1,0.0007033348083496094,0.0
4493,pop1,1,0.0007410049438476562,0.0
4493,pop6,1,0.0004489421844482422,0.0
4494,pop21,2,0.048097848892211914,0.04743218421936035
4494,pop23,3,0.06144563357035319,0.04312563568787515
4494,pop24,6,0.017960349718729656,0.03880689746455089
4494,pop14,1,0.09132671356201172,0.0
4494,pop16,1,0.0005192756652832031,0.0
4494,pop50,1,0.0011413097381591797,0.0
4494,pop51,1,0.0007185935974121094,0.0
4494,pop53,1,0.0008313655853271484,0.0
4494,pop7,1,0.0004410743713378906,0.0
4495,pop31,2,0.03844285011291504,0.03779435157775879
4495,pop17,1,0.09502553939819336,0.0
4495,pop50,1,0.0007977485656738281,0.0
4495,pop44,1,0.08822894096374512,0.0
4495,pop45,1,0.0006604194641113281,0.0
4495,pop46,1,0.0005252361297607422,0.0
4495,pop20,3,0.0005168120066324869,1.2967477197247276e-05
4496,pop39,2,0.04002690315246582,0.03941035270690918
4496,pop38,1,0.0006530284881591797,0.0
4496,pop18,1,0.0005359649658203125,0.0
4496,pop19,1,0.0005884170532226562,0.0
4496,pop51,1,0.0007791519165039062,0.0
4496,pop53,4,0.0008020997047424316,8.722705495475042e-05
4496,pop1,1,0.0006074905395507812,0.0
4496,pop6,1,0.0004756450653076172,0.0
4497,pop40,2,0.03821861743927002,0.037561774253845215
4497,pop41,1,0.0005269050598144531,0.0
4497,pop53,4,0.0008286237716674805,6.402448948218746e-05
4497,pop50,1,0.0009472370147705078,0.0
4497,pop44,1,0.0005779266357421875,0.0
4498,pop56,2,0.045540809631347656,0.044859886169433594
4498,pop2,2,0.04807102680206299,0.04761326313018799
4498,pop49,1,0.0004649162292480469,0.0
4498,pop48,1,0.0005221366882324219,0.0
4498,pop52,1,0.0006120204925537109,0.0
4498,pop55,2,0.000632166862487793,0.0001035928726196289
4498,pop50,1,0.0007765293121337891,0.0
4498,pop53,1,0.0008633136749267578,0.0
4498,pop7,1,0.0004477500915527344,0.0
4499,pop33,3,0.028743664423624676,0.039748427296497815
4499,pop32,4,0.0006156563758850098,8.182002774869523e-05
4499,pop50,1,0.0007536411285400391,0.0
4499,pop53,1,0.0007643699645996094,0.0
4499,pop7,1,0.0004558563232421875,0.0
4500,pop47,2,0.03383147716522217,0.03320944309234619
4500,pop53,3,0.0008242925008138021,5.224118071601558e-05
4500,pop7,1,0.0004639625549316406,0.0
4501,pop46,2,0.042670249938964844,0.04198145866394043
4501,pop45,1,0.0004990100860595703,0.0
4501,pop44,1,0.0005507469177246094,0.0
4501,pop50,3,0.0009742577870686849,5.676710264495307e-05
4501,pop53,2,0.04156827926635742,0.04040384292602539
4501,pop51,2,0.0007119178771972656,6.771087646484375e-05
4501,pop10,1,0.0816490650177002,0.0
4501,pop11,1,0.0004677772521972656,0.0
4501,pop43,1,0.0005471706390380859,0.0
4501,pop40,1,0.0811612606048584,0.0
4501,pop41,1,0.0006709098815917969,0.0
4501,pop52,1,0.0006029605865478516,0.0
4501,pop55,1,0.0005469322204589844,0.0
4501,pop17,4,0.0006783008575439453,8.941316583126286e-05
4502,pop30,2,0.03815948963165283,0.03752338886260986
4502,pop48,2,0.0005342960357666016,3.5762786865234375e-05
4502,pop49,4,0.0005660057067871094,0.00011369204374160933
4502,pop52,1,0.0006926059722900391,0.0
4502,pop53,1,0.0007939338684082031,0.0
4502,pop50,1,0.0007996559143066406,0.0
4502,pop16,1,0.0004856586456298828,0.0
4503,pop8,2,0.03687918186187744,0.0362628698348999
4503,pop51,2,0.0008561611175537109,6.270408630371094e-05
4503,pop53,2,0.0405118465423584,0.03970909118652344
4503,pop54,1,0.07707357406616211,0.0
4503,pop52,4,0.000700831413269043,0.00011569831174263445
4503,pop10,1,0.0004870891571044922,0.0
4504,pop40,3,0.05156699816385905,0.03613264443643752
4504,pop41,2,0.0005598068237304688,1.71661376953125e-05
4504,pop53,1,0.07587456703186035,0.0
4504,pop43,2,0.0005747079849243164,0.0001055002212524414
4504,pop51,2,0.0007765293121337891,3.123283386230469e-05
4504,pop10,1,0.07977128028869629,0.0
4504,pop11,1,0.0004477500915527344,0.0
4504,pop50,2,0.0013099908828735352,0.00011456012725830078
4504,pop14,2,0.000522613525390625,2.7894973754882812e-05
4504,pop27,2,0.0005897283554077148,8.308887481689453e-05
4504,pop44,1,0.0005741119384765625,0.0
4504,pop25,1,0.0004870891571044922,0.0
4504,pop17,1,0.10845828056335449,0.0
4505,pop45,3,0.028514544169108074,0.039469416591710195
4505,pop46,2,0.0005271434783935547,2.384185791015625e-06
4505,pop20,3,0.02902070681254069,0.04031470101706179
4505,pop44,2,0.0006835460662841797,6.079673767089844e-05
4505,pop50,1,0.0011072158813476562,0.0
4505,pop53,1,0.0007817745208740234,0.0
4505,pop51,1,0.0005702972412109375,0.0
4506,pop24,2,0.04758727550506592,0.04685652256011963
4506,pop14,1,0.0006663799285888672,0.0
4506,pop50,2,0.0008875131607055664,2.372264862060547e-05
4506,pop17,4,0.023452401161193848,0.0394594287752204
4506,pop25,2,0.0005776882171630859,3.790855407714844e-05
4506,pop27,1,0.0976555347442627,0.0
4506,pop16,1,0.0006525516510009766,0.0
4507,pop57,2,0.04692482948303223,0.04627513885498047
4507,pop56,1,0.0004978179931640625,0.0
4507,pop2,4,0.0006262063980102539,0.00010109756039298313
4507,pop49,1,0.0006425380706787109,0.0
4507,pop48,1,0.0006582736968994141,0.0
4507,pop52,1,0.0010030269622802734,0.0
4507,pop51,1,0.0007429122924804688,0.0
4507,pop19,1,0.0005846023559570312,0.0
4507,pop18,1,0.0005061626434326172,0.0
4508,pop36,2,0.03818666934967041,0.0375286340713501
4508,pop51,1,0.0009105205535888672,0.0
4508,pop43,1,0.00047469139099121094,0.0
4508,pop40,1,0.0004947185516357422,0.0
4508,pop41,1,0.0005095005035400391,0.0
4508,pop53,2,0.0007336139678955078,7.557868957519531e-05
4508,pop50,4,0.0008866786956787109,2.8386332698349467e-05
4508,pop17,2,0.04863560199737549,0.04802501201629639
4508,pop44,1,0.09001302719116211,0.0
4508,pop33,2,0.0005450248718261719,2.9087066650390625e-05
4508,pop32,3,0.0005977153778076172,9.13204368684469e-05
4508,pop1,1,0.0007443428039550781,0.0
4508,pop6,1,0.0004940032958984375,0.0
4509,pop28,2,0.038051605224609375,0.03739333152770996
4509,pop51,1,0.0008792877197265625,0.0
4509,pop43,1,0.00046515464782714844,0.0
4509,pop40,1,0.0004677772521972656,0.0
4509,pop41,1,0.0004949569702148438,0.0
4509,pop53,1,0.0006153583526611328,0.0
4509,pop50,2,0.0008226633071899414,6.54458999633789e-05
4509,pop17,3,0.0006515185038248698,0.00011216951560834218
4509,pop35,1,0.00041484832763671875,0.0
4510,pop23,4,0.02308708429336548,0.038857254795878454
4510,pop16,1,0.0005118846893310547,0.0
4510,pop50,1,0.0008881092071533203,0.0
4510,pop53,1,0.0007777214050292969,0.0
4510,pop52,1,0.0005433559417724609,0.0
4511,pop6,2,0.044515371322631836,0.04389643669128418
4511,pop1,1,0.0005652904510498047,0.0
4511,pop53,5,0.03243684768676758,0.038760484004668416
4511,pop51,3,0.0007993380228678385,8.182571329988599e-05
4511,pop10,1,0.08344244956970215,0.0
4511,pop43,1,0.0005295276641845703,0.0
4511,pop40,3,0.05560922622680664,0.03899592877196564
4511,pop41,3,0.0005329449971516927,1.7162089989129856e-05
4512,pop39,3,0.02715277671813965,0.03762760029874576
4512,pop38,1,0.09244918823242188,0.0
4512,pop44,1,0.08402895927429199,0.0
4512,pop50,2,0.000704646110534668,2.3245811462402344e-05
4512,pop17,4,0.0006771087646484375,0.00012428870521686552
4512,pop53,1,0.0008378028869628906,0.0
4512,pop47,1,0.00046753883361816406,0.0
4513,pop56,5,0.018273210525512694,0.03534250986699109
4513,pop48,1,0.000537872314453125,0.0
4513,pop52,1,0.0005702972412109375,0.0
4513,pop53,1,0.0007660388946533203,0.0
4513,pop51,1,0.0008554458618164062,0.0
4513,pop10,1,0.0005526542663574219,0.0
4514,pop18,3,0.030071258544921875,0.04167301075340496
4514,pop38,3,0.0006440480550130209,7.09022630744816e-05
4514,pop19,1,0.0006239414215087891,0.0
4514,pop51,1,0.0007116794586181641,0.0
4514,pop53,1,0.0006792545318603516,0.0
4514,pop52,1,0.0005705356597900391,0.0
4515,pop38,4,0.07003146409988403,0.04010841537902076
4515,pop18,2,0.0005022287368774414,1.728534698486328e-05
4515,pop19,2,0.0006819963455200195,9.000301361083984e-05
4515,pop20,1,0.09026646614074707,0.0
4515,pop39,1,0.0004756450653076172,0.0
4515,pop44,2,0.0006510019302368164,0.0001233816146850586
4515,pop50,1,0.0008924007415771484,0.0
4515,pop14,1,0.0005812644958496094,0.0
4515,pop24,1,0.0005481243133544922,0.0
4516,pop46,2,0.04172015190124512,0.04107522964477539
4516,pop20,1,0.08631730079650879,0.0
4516,pop19,1,0.0006825923919677734,0.0
4516,pop51,4,0.0008804202079772949,0.00017756137642807238
4516,pop4,1,0.08208847045898438,0.0
4516,pop43,2,0.0005158185958862305,1.3113021850585938e-06
4516,pop11,1,0.0004608631134033203,0.0
4516,pop10,1,0.08321475982666016,0.0
4516,pop40,1,0.0004956722259521484,0.0
4516,pop41,1,0.0005137920379638672,0.0
4516,pop53,1,0.08681821823120117,0.0
4516,pop50,3,0.0009284814198811849,7.094474125319116e-05
4516,pop33,2,0.0006510019302368164,6.0439109802246094e-05
4516,pop32,2,0.05264604091644287,0.052068114280700684
4516,pop17,2,0.052524685859680176,0.051920533180236816
4516,pop25,2,0.0004889965057373047,3.24249267578125e-05
4516,pop27,2,0.0005743503570556641,6.413459777832031e-05
4517,pop40,2,0.03859150409698486,0.037902235984802246
4517,pop41,1,0.0007007122039794922,0.0
4517,pop53,1,0.0008537769317626953,0.0
4517,pop52,4,0.0006368160247802734,6.550417582871082e-05
4517,pop34,1,0.0005135536193847656,0.0
4517,pop35,1,0.00043654441833496094,0.0
4518,pop57,2,0.046792030334472656,0.04613351821899414
4518,pop56,1,0.0005519390106201172,0.0
4518,pop48,1,0.08813858032226562,0.0
4518,pop52,1,0.0006902217864990234,0.0
4518,pop55,1,0.07460880279541016,0.0
4518,pop50,2,0.0008699893951416016,4.291534423828125e-05
4518,pop17,4,0.0006262063980102539,3.982107762725433e-05
4518,pop44,1,0.0005269050598144531,0.0
4519,pop41,2,0.03910017013549805,0.038428544998168945
4519,pop53,2,0.039212942123413086,0.03850579261779785
4519,pop54,1,0.07563304901123047,0.0
4519,pop52,2,0.04077184200286865,0.04017913341522217
4519,pop48,3,0.0006191730499267578,0.00012451933856162615
4519,pop1,1,0.0005185604095458984,0.0
4519,pop6,1,0.00048351287841796875,0.0
4520,pop9,4,0.019965827465057373,0.03351975729677325
4520,pop51,1,0.0006496906280517578,0.0
4520,pop19,1,0.0006062984466552734,0.0
4520,pop20,1,0.0005004405975341797,0.0
4521,pop16,3,0.028827508290608723,0.039925382251743274
4521,pop23,2,0.00061798095703125,0.00010657310485839844
4521,pop21,4,0.0005688667297363281,8.993485693219177e-05
4521,pop50,1,0.0008599758148193359,0.0
4521,pop53,1,0.0008323192596435547,0.0
4521,pop1,1,0.0005829334259033203,0.0
4521,pop6,1,0.0004496574401855469,0.0
4522,pop42,2,0.0378495454788208,0.037211060523986816
4522,pop43,2,0.00048661231994628906,4.6253204345703125e-05
4522,pop51,3,0.0006911754608154297,7.982145784981785e-05
4522,pop4,1,0.08163285255432129,0.0
4522,pop10,1,0.08160710334777832,0.0
4522,pop40,3,0.0006285508473714193,7.516057209905975e-05
4522,pop41,1,0.0005040168762207031,0.0
4522,pop53,1,0.0007872581481933594,0.0
4522,pop50,1,0.0008206367492675781,0.0
4522,pop14,1,0.0006210803985595703,0.0
4522,pop24,1,0.0005338191986083984,0.0
4523,pop52,5,0.01643648147583008,0.031454126810916146
4523,pop54,2,0.03817605972290039,0.037624359130859375
4523,pop53,1,0.0006573200225830078,0.0
4523,pop51,1,0.0007436275482177734,0.0
4523,pop19,1,0.0006036758422851562,0.0
4523,pop18,1,0.00048160552978515625,0.0
4524,pop37,4,0.018306970596313477,0.030569048653367663
4524,pop52,1,0.0006597042083740234,0.0
4524,pop53,1,0.0008618831634521484,0.0
4524,pop51,1,0.00074005126953125,0.0
4524,pop19,1,0.0005829334259033203,0.0
4524,pop20,1,0.0005064010620117188,0.0
4525,pop45,2,0.0429987907409668,0.042308807373046875
4525,pop46,1,0.00069427490234375,0.0
4525,pop20,3,0.0006035963694254557,9.079926383081146e-05
4525,pop19,1,0.0005970001220703125,0.0
4525,pop51,1,0.0006070137023925781,0.0
4525,pop47,1,0.0004780292510986328,0.0
4526,pop24,2,0.049581170082092285,0.04886066913604736
4526,pop14,4,0.0007072687149047852,9.705283578126354e-05
4526,pop50,1,0.0007526874542236328,0.0
4526,pop53,1,0.0007998943328857422,0.0
4526,pop47,1,0.0004353523254394531,0.0
4527,pop23,3,0.031043211619059246,0.04285464460149808
4527,pop21,3,0.0005929470062255859,3.468205067044438e-05
4527,pop16,1,0.0005161762237548828,0.0
4527,pop50,1,0.0008904933929443359,0.0
4527,pop53,1,0.0008375644683837891,0.0
4527,pop7,1,0.0004398822784423828,0.0
4528,pop56,4,0.04647284746170044,0.0459292437198809
4528,pop48,1,0.0005850791931152344,0.0
4528,pop52,2,0.0006812810897827148,9.40561294555664e-05
4528,pop34,1,0.00045037269592285156,0.0
4528,pop35,1,0.00045180320739746094,0.0
4529,pop18,3,0.02867889404296875,0.039713193832542626
4529,pop38,4,0.0005577802658081055,6.246441646953439e-05
4529,pop19,1,0.0005884170532226562,0.0
4529,pop51,1,0.0007312297821044922,0.0
4529,pop53,1,0.0007834434509277344,0.0
4529,pop7,1,0.000438690185546875,0.0
4530,pop38,3,0.060348908106486,0.042186744025081144
4530,pop18,1,0.0005321502685546875,0.0
4530,pop19,2,0.0006074905395507812,3.7670135498046875e-05
4530,pop20,1,0.09259772300720215,0.0
4530,pop51,2,0.0006996393203735352,8.785724639892578e-05
4530,pop43,1,0.0004944801330566406,0.0
4530,pop40,1,0.07931995391845703,0.0
4530,pop41,1,0.0005338191986083984,0.0
4530,pop53,1,0.0008411407470703125,0.0
4530,pop50,3,0.0010391871134440105,0.00027443468674093993
4530,pop17,1,0.09878063201904297,0.0
4530,pop32,1,0.10577917098999023,0.0
4530,pop33,2,0.000546574592590332,1.3113021850585938e-06
4530,pop37,3,0.0006117026011149088,0.0001618668822921961
4531,pop44,3,0.05754979451497396,0.040190666036532
4531,pop50,2,0.0008584260940551758,4.5180320739746094e-05
4531,pop17,2,0.04741382598876953,0.04681205749511719
4531,pop14,2,0.0005871057510375977,2.0384788513183594e-05
4531,pop24,1,0.0005905628204345703,0.0
4532,pop50,3,0.02775708834330241,0.03800572549506851
4532,pop44,3,0.0006866455078125,0.00010306027453785198
4532,pop51,1,0.0007092952728271484,0.0
4532,pop19,1,0.0006077289581298828,0.0
4532,pop18,1,0.0004944801330566406,0.0
4533,pop31,2,0.03785502910614014,0.03723490238189697
4533,pop17,3,0.0006891886393229166,0.00012663331252026728
4533,pop50,1,0.0012290477752685547,0.0
4533,pop53,1,0.0008475780487060547,0.0
4533,pop51,1,0.0007932186126708984,0.0
4533,pop19,1,0.0006556510925292969,0.0
4533,pop18,1,0.0005040168762207031,0.0
4534,pop46,2,0.04114055633544922,0.04049277305603027
4534,pop45,1,0.0005261898040771484,0.0
4534,pop44,1,0.0005927085876464844,0.0
4534,pop50,2,0.0008770227432250977,1.537799835205078e-05
4534,pop14,2,0.0008254051208496094,9.250640869140625e-05
4534,pop24,2,0.04934191703796387,0.04880785942077637
4534,pop27,1,0.0005173683166503906,0.0
4534,pop25,1,0.0005033016204833984,0.0
4534,pop17,3,0.0007023811340332031,0.0001327202943494316
4534,pop53,1,0.0007119178771972656,0.0
4534,pop1,1,0.0006101131439208984,0.0
4534,pop6,1,0.0004696846008300781,0.0
4535,pop30,2,0.03605663776397705,0.03544199466705322
4535,pop31,1,0.0004956722259521484,0.0
4535,pop17,3,0.03205458323160807,0.04452668754499445
4535,pop25,1,0.0005042552947998047,0.0
4535,pop27,1,0.0006999969482421875,0.0
4535,pop44,1,0.09343123435974121,0.0
4535,pop50,1,0.0010921955108642578,0.0
4535,pop32,1,0.10697627067565918,0.0
4535,pop33,1,0.0005574226379394531,0.0
4535,pop37,2,0.0005195140838623047,6.67572021484375e-06
4535,pop52,1,0.0006418228149414062,0.0
4536,pop16,3,0.028465112050374348,0.039446594854082515
4536,pop23,3,0.0006784598032633463,9.904454798318614e-05
4536,pop50,1,0.0009064674377441406,0.0
4536,pop51,1,0.0008032321929931641,0.0
4536,pop19,1,0.0005614757537841797,0.0
4536,pop18,1,0.0005106925964355469,0.0
4537,pop42,2,0.03928816318511963,0.03866851329803467
4537,pop43,1,0.0005202293395996094,0.0
4537,pop51,2,0.0008745193481445312,8.630752563476562e-05
4537,pop4,4,0.0006413459777832031,0.00013267420896030075
4537,pop53,1,0.0006957054138183594,0.0
4537,pop50,1,0.0007014274597167969,0.0
4537,pop44,1,0.0005562305450439453,0.0
4538,pop52,3,0.026573816935221355,0.036591276451568705
4538,pop48,2,0.04511427879333496,0.04458761215209961
4538,pop55,3,0.0006108283996582031,0.00010973679692256584
4538,pop50,1,0.0008883476257324219,0.0
4538,pop51,1,0.0008158683776855469,0.0
4538,pop10,1,0.00048470497131347656,0.0
4539,pop45,2,0.04346024990081787,0.04277503490447998
4539,pop44,1,0.0005447864532470703,0.0
4539,pop50,2,0.0010498762130737305,0.00018465518951416016
4539,pop14,1,0.0006377696990966797,0.0
4539,pop27,1,0.00048661231994628906,0.0
4539,pop25,1,0.0005846023559570312,0.0
4539,pop17,4,0.0006670355796813965,9.916312452299386e-05
4539,pop53,1,0.0007071495056152344,0.0
4539,pop1,1,0.000637054443359375,0.0
4539,pop15,1,0.0004496574401855469,0.0
4540,pop24,4,0.024879276752471924,0.04194787845833406
4540,pop14,1,0.0006003379821777344,0.0
4540,pop50,1,0.0007596015930175781,0.0
4540,pop44,1,0.0005381107330322266,0.0
4541,pop56,2,0.04551565647125244,0.044873833656311035
4541,pop48,1,0.0005791187286376953,0.0
4541,pop52,1,0.0006401538848876953,0.0
4541,pop37,4,0.0005592703819274902,0.00010053229386561948
4541,pop33,1,0.0007257461547851562,0.0
4541,pop32,1,0.0006394386291503906,0.0
4542,pop44,2,0.041791439056396484,0.041115760803222656
4542,pop50,2,0.0008566379547119141,4.0531158447265625e-05
4542,pop17,4,0.0006614327430725098,6.400381615000801e-05
4542,pop53,1,0.0007541179656982422,0.0
4542,pop52,1,0.0006091594696044922,0.0
4543,pop50,3,0.027681350708007812,0.03770630125664017
4543,pop17,4,0.000607907772064209,9.998701812587725e-05
4543,pop51,1,0.0007643699645996094,0.0
4543,pop53,1,0.0008771419525146484,0.0
4543,pop1,1,0.0005753040313720703,0.0
4543,pop15,1,0.0004105567932128906,0.0
4544,pop10,4,0.04104793071746826,0.04044638505649302
4544,pop51,3,0.0008086363474527994,6.422547909454823e-05
4544,pop4,2,0.04276466369628906,0.04222440719604492
4544,pop53,2,0.0008943080902099609,7.867813110351562e-06
4544,pop50,1,0.0009174346923828125,0.0
4544,pop16,1,0.000507354736328125,0.0
4545,pop48,2,0.04416346549987793,0.04345846176147461
4545,pop52,2,0.0006275177001953125,7.152557373046875e-07
4545,pop12,4,0.0005753040313720703,8.47997943670617e-05
4545,pop53,1,0.0007352828979492188,0.0
4545,pop1,1,0.0007004737854003906,0.0
4545,pop15,1,0.00044846534729003906,0.0
4546,pop6,5,0.017913007736206056,0.03462442220561758
4546,pop1,1,0.0005869865417480469,0.0
4546,pop53,1,0.0007898807525634766,0.0
4546,pop50,1,0.0008594989776611328,0.0
4546,pop14,1,0.0006568431854248047,0.0
4546,pop24,1,0.0006043910980224609,0.0
4547,pop45,2,0.04408133029937744,0.04342973232269287
4547,pop44,1,0.0005583763122558594,0.0
4547,pop50,2,0.0010540485382080078,5.269050598144531e-05
4547,pop17,3,0.0006993611653645834,5.0820765551401634e-05
4547,pop16,1,0.0005228519439697266,0.0
4548,pop56,2,0.045583486557006836,0.04493069648742676
4548,pop48,4,0.0006454586982727051,9.46526826165134e-05
4548,pop52,1,0.0005834102630615234,0.0
4548,pop53,1,0.0007181167602539062,0.0
4548,pop51,1,0.000736236572265625,0.0
4548,pop10,1,0.0005142688751220703,0.0
4549,pop4,3,0.05499132474263509,0.038405350103828804
4549,pop51,2,0.0007617473602294922,5.4836273193359375e-05
4549,pop10,1,0.07995796203613281,0.0
4549,pop43,1,0.0005271434783935547,0.0
4549,pop40,3,0.0006438096364339193,0.00011971372266811259
4549,pop41,1,0.0005249977111816406,0.0
4549,pop53,1,0.0008413791656494141,0.0
4549,pop50,1,0.0006721019744873047,0.0
4549,pop14,1,0.0006411075592041016,0.0
4549,pop24,1,0.0005552768707275391,0.0
4550,pop55,3,0.02450140317281087,0.033857611896092696
4550,pop52,3,0.0006367365519205729,1.9587440199493607e-05
4551,pop22,3,0.05111122131347656,0.03568267924697168
4552,pop14,3,0.030667463938395183,0.042480926091746134
4552,pop24,4,0.0006147623062133789,0.0001231653511154855
4552,pop50,1,0.0009751319885253906,0.0
4552,pop51,1,0.0008130073547363281,0.0
4552,pop19,1,0.0006024837493896484,0.0
4552,pop20,1,0.0004904270172119141,0.0
4553,pop40,3,0.05384596188863119,0.03758748720408841
4553,pop43,2,0.0005030632019042969,2.1457672119140625e-06
4553,pop51,3,0.0008902549743652344,0.00019084450431489685
4553,pop11,1,0.00046133995056152344,0.0
4553,pop10,1,0.08348584175109863,0.0
4553,pop19,2,0.0007139444351196289,8.857250213623047e-05
4553,pop20,1,0.09356570243835449,0.0
4553,pop53,2,0.04365658760070801,0.04294395446777344
4553,pop52,3,0.0006074110666910807,1.8627529642903005e-05
4553,pop48,1,0.09721755981445312,0.0
4553,pop12,2,0.0005186796188354492,4.8995018005371094e-05
4553,pop55,1,0.0005080699920654297,0.0
4554,pop50,2,0.04085969924926758,0.03998255729675293
4554,pop17,1,0.09176850318908691,0.0
4554,pop25,1,0.0005261898040771484,0.0
4554,pop27,1,0.0006191730499267578,0.0
4554,pop44,3,0.0006150404612223307,9.991157747543539e-05
4554,pop45,1,0.0005345344543457031,0.0
4554,pop46,1,0.0006353855133056641,0.0
4554,pop20,1,0.0005133152008056641,0.0
4555,pop48,4,0.04381746053695679,0.04323084114027051
4555,pop49,2,0.0005697011947631836,9.40561294555664e-05
4555,pop52,1,0.0005779266357421875,0.0
4555,pop53,1,0.0008101463317871094,0.0
4555,pop1,1,0.0005888938903808594,0.0
4555,pop15,1,0.0004401206970214844,0.0
4556,pop45,2,0.04438316822052002,0.04367935657501221
4556,pop44,1,0.0007169246673583984,0.0
4556,pop50,3,0.0008946259816487631,0.00015901099295248205
4556,pop17,1,0.09258794784545898,0.0
4556,pop55,3,0.0006488958994547526,0.0001417232623950178
4556,pop16,1,0.0005066394805908203,0.0
4556,pop23,1,0.0005362033843994141,0.0
4556,pop24,1,0.0005087852478027344,0.0
4557,pop53,2,0.039084792137145996,0.03823888301849365
4557,pop54,1,0.07644343376159668,0.0
4557,pop52,1,0.0006430149078369141,0.0
4557,pop55,4,0.0005600452423095703,6.982245927061864e-05
4557,pop50,1,0.0007967948913574219,0.0
4557,pop14,1,0.0007054805755615234,0.0
4557,pop24,1,0.0005424022674560547,0.0
4558,pop27,5,0.02000265121459961,0.038688264328651016
4558,pop25,1,0.000476837158203125,0.0
4558,pop17,1,0.0006051063537597656,0.0
4558,pop50,1,0.0009114742279052734,0.0
4558,pop51,1,0.0007643699645996094,0.0
4558,pop19,1,0.0006413459777832031,0.0
4558,pop20,1,0.0005033016204833984,0.0
4559,pop37,4,0.018253028392791748,0.030562087020680015
4559,pop33,1,0.0004715919494628906,0.0
4559,pop50,1,0.001195669174194336,0.0
4559,pop53,1,0.0007243156433105469,0.0
4559,pop51,1,0.0006461143493652344,0.0
4559,pop19,1,0.00063323974609375,0.0
4559,pop20,1,0.0005125999450683594,0.0
4559,pop46,1,0.0005431175231933594,0.0
4559,pop45,1,0.0004825592041015625,0.0
4559,pop44,1,0.0005412101745605469,0.0
4560,pop23,6,0.03096175193786621,0.04294776416423458
4560,pop24,5,0.04109511375427246,0.049634304945413314
4560,pop21,3,0.03293307622273763,0.04563713605885604
4560,pop14,1,0.09540867805480957,0.0
4560,pop16,1,0.0006656646728515625,0.0
4560,pop50,1,0.0007677078247070312,0.0
4560,pop35,1,0.0004191398620605469,0.0
4561,pop55,2,0.03640139102935791,0.035755276679992676
4561,pop50,2,0.0008175373077392578,4.792213439941406e-05
4561,pop17,2,0.04724001884460449,0.04648447036743164
4561,pop33,3,0.0005762577056884766,6.073858559168969e-05
4561,pop32,2,0.04974949359893799,0.04916870594024658
4561,pop37,2,0.0006778240203857422,0.00015616416931152344
4562,pop40,5,0.015927457809448244,0.030512441270826595
4562,pop41,1,0.0005342960357666016,0.0
4562,pop53,1,0.0006849765777587891,0.0
4562,pop50,1,0.0009326934814453125,0.0
4562,pop14,1,0.0006031990051269531,0.0
4562,pop24,1,0.0006771087646484375,0.0
4563,pop48,7,0.052763632365635464,0.045203913732258516
4563,pop52,5,0.01792287826538086,0.034590007197693284
4563,pop54,1,0.0768439769744873,0.0
4563,pop49,3,0.032984018325805664,0.04592219527327663
4563,pop2,1,0.09739065170288086,0.0
4563,pop56,2,0.05000162124633789,0.04948687553405762
4563,pop55,1,0.07973837852478027,0.0
4563,pop12,2,0.0005849599838256836,9.953975677490234e-05
4563,pop53,1,0.0007586479187011719,0.0
4563,pop1,1,0.0005958080291748047,0.0
4563,pop6,1,0.0004730224609375,0.0
4564,pop32,5,0.01960101127624512,0.03790834440035383
4564,pop33,1,0.0005714893341064453,0.0
4564,pop50,1,0.0007567405700683594,0.0
4564,pop51,1,0.0009255409240722656,0.0
4564,pop19,1,0.0005965232849121094,0.0
4564,pop20,1,0.0005106925964355469,0.0
4565,pop21,4,0.024684488773345947,0.041696841100367026
4565,pop23,1,0.0005748271942138672,0.0
4565,pop16,1,0.0005156993865966797,0.0
4565,pop50,1,0.0009000301361083984,0.0
4565,pop53,1,0.0007843971252441406,0.0
4565,pop7,1,0.0004112720489501953,0.0
4566,pop31,2,0.038112640380859375,0.03748607635498047
4566,pop17,2,0.04682302474975586,0.04621386528015137
4566,pop50,2,0.0008920431137084961,5.424022674560547e-05
4566,pop14,2,0.0006250143051147461,8.463859558105469e-06
4566,pop24,2,0.0006933212280273438,0.00010395050048828125
4566,pop53,1,0.0008492469787597656,0.0
4566,pop1,1,0.0005948543548583984,0.0
4566,pop6,1,0.0004620552062988281,0.0
4567,pop46,2,0.04233431816101074,0.041648149490356445
4567,pop20,3,0.029525597890218098,0.04093201305589907
4567,pop19,1,0.0005609989166259766,0.0
4567,pop18,1,0.0005009174346923828,0.0
4567,pop38,1,0.0972909927368164,0.0
4567,pop39,1,0.0004875659942626953,0.0
4567,pop44,2,0.0006150007247924805,8.14199447631836e-05
4567,pop50,1,0.0007445812225341797,0.0
4567,pop14,1,0.0005600452423095703,0.0
4567,pop24,1,0.0005171298980712891,0.0
4568,pop14,2,0.04668986797332764,0.045928120613098145
4568,pop24,2,0.048667311668395996,0.04803001880645752
4568,pop23,2,0.04754483699798584,0.04700005054473877
4568,pop21,1,0.09885358810424805,0.0
4568,pop16,1,0.0004940032958984375,0.0
4568,pop50,1,0.0009424686431884766,0.0
4568,pop17,2,0.0008379220962524414,0.00022852420806884766
4568,pop25,1,0.0005114078521728516,0.0
4568,pop27,1,0.0004913806915283203,0.0
4568,pop44,1,0.0005750656127929688,0.0
4568,pop45,1,0.0005016326904296875,0.0
4568,pop46,1,0.0006806850433349609,0.0
4568,pop20,1,0.0005011558532714844,0.0
4569,pop23,2,0.04676651954650879,0.04601621627807617
4569,pop24,4,0.0006573200225830078,9.954353999183786e-05
4569,pop14,1,0.0005807876586914062,0.0
4569,pop50,1,0.0006999969482421875,0.0
4569,pop51,1,0.0007522106170654297,0.0
4569,pop10,1,0.0005331039428710938,0.0
4570,pop33,3,0.0294796625773112,0.040794693785682894
4570,pop32,4,0.0005904436111450195,7.433662279502913e-05
4570,pop50,1,0.0008449554443359375,0.0
4570,pop53,1,0.0008928775787353516,0.0
4570,pop7,1,0.00045871734619140625,0.0
4571,pop47,3,0.0469208558400472,0.03271826193437034
4571,pop51,2,0.0009791851043701172,0.0001437664031982422
4571,pop10,1,0.08269667625427246,0.0
4571,pop11,1,0.0005295276641845703,0.0
4571,pop43,1,0.000514984130859375,0.0
4571,pop50,1,0.0007920265197753906,0.0
4571,pop53,1,0.0008585453033447266,0.0
4571,pop54,1,0.08191943168640137,0.0
4571,pop52,2,0.0006594657897949219,5.9604644775390625e-06
4571,pop48,3,0.03317101796468099,0.0461676019734105
4571,pop49,3,0.0005501111348470052,6.655290921603347e-05
4571,pop2,1,0.10399127006530762,0.0
4571,pop34,1,0.0004532337188720703,0.0
4571,pop35,1,0.0004553794860839844,0.0
4572,pop8,2,0.03896200656890869,0.03829300403594971
4572,pop51,2,0.0007717609405517578,3.8623809814453125e-05
4572,pop10,4,0.0005805492401123047,0.00011609858746139584
4572,pop50,1,0.0009686946868896484,0.0
4572,pop16,1,0.000545501708984375,0.0
4573,pop30,2,0.0379178524017334,0.037279605865478516
4573,pop48,4,0.000659942626953125,0.00016907920474915257
4573,pop52,1,0.0006508827209472656,0.0
4573,pop53,1,0.0007457733154296875,0.0
4573,pop51,1,0.0008020401000976562,0.0
4573,pop19,1,0.0006237030029296875,0.0
4573,pop20,1,0.0004696846008300781,0.0
4574,pop52,4,0.020586490631103516,0.03441278369741928
4574,pop53,1,0.0006344318389892578,0.0
4574,pop51,1,0.0007522106170654297,0.0
4575,pop53,5,0.016689157485961913,0.031690481489338125
4575,pop1,1,0.0005745887756347656,0.0
4575,pop6,1,0.0004813671112060547,0.0
4576,pop27,4,0.0246274471282959,0.04162985146345827
4576,pop25,1,0.0004963874816894531,0.0
4576,pop17,1,0.0005466938018798828,0.0
4576,pop50,1,0.0007395744323730469,0.0
4576,pop16,1,0.0004851818084716797,0.0
4577,pop31,2,0.03863084316253662,0.03797352313995361
4577,pop30,1,0.00048470497131347656,0.0
4577,pop48,3,0.0006070137023925781,7.158144781803319e-05
4577,pop52,1,0.0005745887756347656,0.0
4577,pop53,1,0.0007729530334472656,0.0
4577,pop51,1,0.0008077621459960938,0.0
4578,pop36,2,0.03872537612915039,0.038077354431152344
4578,pop51,2,0.0006831884384155273,5.805492401123047e-05
4578,pop4,1,0.08372998237609863,0.0
4578,pop53,2,0.04356801509857178,0.04283726215362549
4578,pop41,2,0.0005259513854980469,7.152557373046875e-06
4578,pop40,4,0.0005823373794555664,8.212966374309369e-05
4578,pop50,1,0.0009410381317138672,0.0
4578,pop44,1,0.0005664825439453125,0.0
4579,pop28,2,0.03772008419036865,0.03709757328033447
4579,pop51,2,0.00061798095703125,4.0531158447265625e-05
4579,pop4,1,0.08493518829345703,0.0
4579,pop53,2,0.08547365665435791,0.0014594793319702148
4579,pop41,2,0.0005555152893066406,5.626678466796875e-05
4579,pop40,2,0.04089665412902832,0.040428876876831055
4579,pop54,1,0.0850367546081543,0.0
4579,pop52,2,0.04509913921356201,0.0445481538772583
4579,pop48,3,0.0006630420684814453,4.6993263588969765e-05
4579,pop34,1,0.00044918060302734375,0.0
4579,pop35,1,0.0004534721374511719,0.0
4580,pop39,2,0.04123663902282715,0.04059290885925293
4580,pop38,2,0.04761016368865967,0.04692566394805908
4580,pop18,1,0.0005106925964355469,0.0
4580,pop19,1,0.0006568431854248047,0.0
4580,pop20,2,0.00058746337890625,3.600120544433594e-05
4581,pop6,5,0.018514060974121095,0.03576290641529447
4581,pop1,1,0.0005939006805419922,0.0
4581,pop53,1,0.0006542205810546875,0.0
4581,pop52,1,0.0006463527679443359,0.0
4581,pop34,1,0.0004451274871826172,0.0
4581,pop35,1,0.00047659873962402344,0.0
4582,pop56,4,0.023842811584472656,0.04026242493621502
4582,pop48,1,0.000530242919921875,0.0
4582,pop52,1,0.0006172657012939453,0.0
4582,pop55,1,0.0005238056182861328,0.0
4583,pop46,3,0.02912425994873047,0.040367140066269916
4583,pop20,1,0.08838748931884766,0.0
4583,pop45,1,0.00046443939208984375,0.0
4583,pop44,1,0.08593058586120605,0.0
4583,pop50,2,0.0007773637771606445,9.691715240478516e-05
4583,pop33,2,0.0006806850433349609,0.000156402587890625
4583,pop32,5,0.0005801200866699218,0.00012365477036190768
4583,pop35,1,0.0004153251647949219,0.0
4584,pop14,5,0.05650763511657715,0.04563350181242819
4584,pop24,4,0.0005657076835632324,4.810131762999778e-05
4584,pop23,1,0.09091854095458984,0.0
4584,pop50,1,0.0008642673492431641,0.0
4584,pop51,1,0.0008060932159423828,0.0
4585,pop23,2,0.046480774879455566,0.04575788974761963
4585,pop24,3,0.033770243326822914,0.04687346010976593
4585,pop14,2,0.0006315708160400391,1.430511474609375e-06
4585,pop50,2,0.0009300708770751953,0.00011563301086425781
4585,pop17,2,0.0008622407913208008,0.00028836727142333984
4585,pop25,1,0.0004725456237792969,0.0
4585,pop27,1,0.0006387233734130859,0.0
4585,pop53,1,0.0007827281951904297,0.0
4585,pop51,1,0.0007679462432861328,0.0
4585,pop19,1,0.0005960464477539062,0.0
4585,pop18,1,0.0006425380706787109,0.0
4586,pop47,2,0.03565263748168945,0.0349884033203125
4586,pop51,2,0.0006046295166015625,3.933906555175781e-05
4586,pop4,1,0.08581256866455078,0.0
4586,pop53,4,0.06350624561309814,0.03633277581971559
4586,pop41,2,0.0004956722259521484,4.291534423828125e-05
4586,pop40,1,0.08291125297546387,0.0
4586,pop54,4,0.021178007125854492,0.035733883816981775
4586,pop50,1,0.0007917881011962891,0.0
4586,pop44,1,0.0005743503570556641,0.0
4587,pop57,2,0.048282504081726074,0.04762732982635498
4587,pop56,2,0.05080866813659668,0.05027461051940918
4587,pop48,4,0.04779374599456787,0.04724932708068851
4587,pop52,7,0.0006353855133056641,4.572844551418882e-05
4587,pop55,2,0.03838026523590088,0.0379256010055542
4587,pop49,1,0.09852409362792969,0.0
4587,pop54,2,0.08291172981262207,2.2172927856445312e-05
4587,pop53,1,0.08833074569702148,0.0
4588,pop28,2,0.03829765319824219,0.03762412071228027
4588,pop36,1,0.0005044937133789062,0.0
4588,pop10,2,0.042380452156066895,0.04183828830718994
4588,pop51,1,0.000957489013671875,0.0
4588,pop50,2,0.0010917186737060547,0.00018525123596191406
4588,pop44,1,0.0007228851318359375,0.0
4588,pop27,1,0.0005025863647460938,0.0
4588,pop25,1,0.0005280971527099609,0.0
4588,pop17,3,0.0006767908732096354,0.00010918101675071823
4588,pop53,1,0.0008177757263183594,0.0
4588,pop1,1,0.00075531005859375,0.0
4588,pop15,1,0.0004317760467529297,0.0
4589,pop46,2,0.04360783100128174,0.04290568828582764
4589,pop20,4,0.000551760196685791,5.0190473283050485e-05
4589,pop19,1,0.0005669593811035156,0.0
4589,pop51,1,0.0008177757263183594,0.0
4589,pop10,1,0.0004856586456298828,0.0
4590,pop14,3,0.031085968017578125,0.04303620297017475
4590,pop24,3,0.0006551742553710938,0.00014890393499320074
4590,pop50,1,0.000850677490234375,0.0
4590,pop53,1,0.0008158683776855469,0.0
4590,pop47,1,0.0004291534423828125,0.0
4591,pop47,2,0.03559863567352295,0.03494298458099365
4591,pop51,3,0.0007866223653157552,7.238306738377495e-05
4591,pop10,1,0.08141088485717773,0.0
4591,pop9,4,0.0005515217781066895,7.451722534406343e-05
4591,pop53,2,0.0007950067520141602,3.6954879760742188e-06
4591,pop1,1,0.0009615421295166016,0.0
4591,pop7,1,0.000507354736328125,0.0
4591,pop6,1,0.0004761219024658203,0.0
4592,pop41,2,0.04145491123199463,0.0407484769821167
4592,pop53,1,0.0006701946258544922,0.0
4592,pop52,3,0.05638440450032552,0.03953367781994036
4592,pop54,2,0.07925581932067871,0.004182100296020508
4592,pop55,3,0.025652964909871418,0.03552604856098028
4593,pop9,4,0.020417213439941406,0.0342890123794593
4593,pop51,1,0.0007297992706298828,0.0
4593,pop10,1,0.0005311965942382812,0.0
4594,pop18,2,0.04507887363433838,0.04439127445220947
4594,pop38,1,0.09176993370056152,0.0
4594,pop39,1,0.0004684925079345703,0.0
4594,pop44,3,0.030117273330688477,0.04181945301680581
4594,pop50,2,0.001202225685119629,0.00017750263214111328
4594,pop14,1,0.0005290508270263672,0.0
4594,pop27,2,0.00055694580078125,5.888938903808594e-05
4594,pop25,1,0.00047659873962402344,0.0
4594,pop17,1,0.10633540153503418,0.0
4595,pop38,5,0.018936729431152342,0.03676317603866912
4595,pop18,1,0.0004584789276123047,0.0
4596,pop37,5,0.014946889877319337,0.028703698040170544
4596,pop33,1,0.0005440711975097656,0.0
4596,pop50,1,0.0008640289306640625,0.0
4596,pop44,1,0.0005600452423095703,0.0
4597,pop55,4,0.01871722936630249,0.03132115649542092
4597,pop50,1,0.0008375644683837891,0.0
4597,pop51,1,0.0007517337799072266,0.0
4597,pop10,1,0.0005557537078857422,0.0
4598,pop40,2,0.04018294811248779,0.039516568183898926
4598,pop43,1,0.0006308555603027344,0.0
4598,pop51,3,0.0007953643798828125,3.904584983656323e-05
4598,pop10,3,0.02720355987548828,0.037744357343502385
4598,pop53,1,0.08180499076843262,0.0
4598,pop50,2,0.0009621381759643555,0.0002568960189819336
4598,pop14,1,0.0007028579711914062,0.0
4598,pop27,1,0.0005307197570800781,0.0
4598,pop25,1,0.0005097389221191406,0.0
4598,pop17,3,0.0007575352986653646,8.003134000045846e-05
4599,pop48,2,0.04462015628814697,0.043915629386901855
4599,pop52,4,0.022810161113739014,0.03843344228647312
4599,pop55,3,0.05218815803527832,0.0365939646346285
4599,pop50,4,0.0008443593978881836,0.00013513901781357372
4599,pop54,2,0.04001820087432861,0.0394970178604126
4599,pop13,2,0.04523944854736328,0.04481840133666992
4599,pop44,1,0.09505295753479004,0.0
4599,pop17,2,0.0006756782531738281,5.030632019042969e-05
4599,pop14,1,0.0006031990051269531,0.0
4599,pop24,1,0.0005598068237304688,0.0
4600,pop39,2,0.04210960865020752,0.041496872901916504
4600,pop38,4,0.0006039142608642578,0.00011201779216516168
4600,pop18,1,0.0004730224609375,0.0
4600,pop19,1,0.0005841255187988281,0.0
4600,pop51,1,0.0006966590881347656,0.0
4600,pop50,1,0.0008869171142578125,0.0
4600,pop55,1,0.0005283355712890625,0.0
4601,pop6,2,0.0461888313293457,0.0455632209777832
4601,pop1,1,0.0006148815155029297,0.0
4601,pop53,1,0.0007777214050292969,0.0
4601,pop52,4,0.021942138671875,0.03680036596337861
4601,pop12,2,0.0005829334259033203,6.604194641113281e-05
4601,pop34,1,0.00046634674072265625,0.0
4601,pop35,1,0.0005478858947753906,0.0
4602,pop57,2,0.04781770706176758,0.04718446731567383
4602,pop56,1,0.00046706199645996094,0.0
4602,pop2,1,0.0004868507385253906,0.0
4602,pop49,3,0.0006187756856282552,8.946985223135297e-05
4602,pop48,1,0.0005636215209960938,0.0
4602,pop52,1,0.0006721019744873047,0.0
4602,pop53,1,0.0007894039154052734,0.0
4602,pop51,1,0.0008349418640136719,0.0
4603,pop28,2,0.03817927837371826,0.037523865699768066
4603,pop36,1,0.0004963874816894531,0.0
4603,pop10,2,0.041480422019958496,0.040844082832336426
4603,pop51,1,0.000713348388671875,0.0
4603,pop50,2,0.0009517669677734375,3.0994415283203125e-06
4603,pop17,2,0.0007607936859130859,0.00014853477478027344
4603,pop35,1,0.00047588348388671875,0.0
4604,pop32,4,0.02427011728286743,0.040863733714769666
4604,pop33,1,0.0005404949188232422,0.0
4604,pop50,1,0.0008981227874755859,0.0
4604,pop35,1,0.00046563148498535156,0.0
4605,pop14,2,0.04573774337768555,0.04500722885131836
4605,pop50,3,0.0007681051890055338,6.253731398708771e-05
4605,pop44,1,0.08690237998962402,0.0
4605,pop17,1,0.09468507766723633,0.0
4605,pop55,1,0.07387518882751465,0.0
4605,pop52,5,0.0006659030914306641,7.360379662726759e-05
4605,pop12,2,0.04434049129486084,0.043831467628479004
4605,pop53,2,0.04415535926818848,0.0433957576751709
4605,pop54,1,0.0004990100860595703,0.0
4605,pop51,1,0.0007734298706054688,0.0
4606,pop9,5,0.01638827323913574,0.03161991185491006
4606,pop51,1,0.0008924007415771484,0.0
4607,pop55,3,0.04910016059875488,0.03425482179508429
4607,pop50,2,0.0008834600448608398,7.11679458618164e-05
4607,pop53,2,0.0006735324859619141,2.8848648071289062e-05
4607,pop54,2,0.0007658004760742188,0.00012540817260742188
4607,pop14,1,0.0007386207580566406,0.0
4607,pop24,1,0.0005397796630859375,0.0
4608,pop40,2,0.04081010818481445,0.0401759147644043
4608,pop43,2,0.0005282163619995117,2.7298927307128906e-05
4608,pop51,3,0.0009322166442871094,0.0001644481095415945
4608,pop11,1,0.0004513263702392578,0.0
4608,pop10,1,0.0835881233215332,0.0
4608,pop4,4,0.0005897283554077148,8.905316922940747e-05
4608,pop19,1,0.0005841255187988281,0.0
4608,pop20,1,0.0004990100860595703,0.0
4609,pop6,2,0.04521369934082031,0.04455971717834473
4609,pop1,1,0.0005533695220947266,0.0
4609,pop53,2,0.0009818077087402344,0.0002434253692626953
4609,pop54,1,0.0005326271057128906,0.0
4609,pop52,4,0.0006818771362304688,0.00013215907656296484
4609,pop47,1,0.0004649162292480469,0.0
4610,pop16,2,0.043167829513549805,0.04249262809753418
4610,pop23,2,0.046662330627441406,0.04613637924194336
4610,pop24,3,0.03488842646280924,0.04850989909544217
4610,pop14,2,0.046524763107299805,0.04589104652404785
4610,pop50,1,0.0009253025054931641,0.0
4610,pop17,2,0.000893712043762207,0.0002397298812866211
4610,pop25,1,0.0004978179931640625,0.0
4610,pop27,1,0.0005681514739990234,0.0
4610,pop44,1,0.0005755424499511719,0.0
4610,pop45,1,0.0005092620849609375,0.0
4610,pop46,1,0.0005068778991699219,0.0
4610,pop20,1,0.00049591064453125,0.0
4611,pop42,2,0.04085838794708252,0.0401993989944458
4611,pop43,3,0.0005048116048177084,2.5084484906958502e-05
4611,pop51,4,0.0008544325828552246,0.00010702662529968439
4611,pop11,2,0.00044906139373779297,1.537799835205078e-05
4611,pop10,1,0.08063960075378418,0.0
4611,pop19,3,0.0006142457326253256,2.4376542762031925e-05
4611,pop20,2,0.0480576753616333,0.04754006862640381
4611,pop50,2,0.0009016990661621094,5.9604644775390625e-06
4611,pop33,3,0.0005719661712646484,2.751850333982e-05
4611,pop32,1,0.1059260368347168,0.0
4611,pop37,2,0.0006313323974609375,0.00013709068298339844
4611,pop18,1,0.0004856586456298828,0.0
4612,pop24,6,0.017530441284179688,0.03768237562445634
4612,pop23,2,0.04689502716064453,0.04642510414123535
4612,pop14,2,0.04823410511016846,0.04760253429412842
4612,pop50,1,0.000766754150390625,0.0
4612,pop53,1,0.0007715225219726562,0.0
4612,pop1,1,0.0006515979766845703,0.0
4612,pop6,1,0.000484466552734375,0.0
4613,pop44,3,0.05877129236857096,0.041055916157265934
4613,pop50,2,0.0008482933044433594,1.2159347534179688e-05
4613,pop33,2,0.0006165504455566406,9.226799011230469e-05
4613,pop32,3,0.0006115436553955078,0.00015131336130451076
4613,pop53,1,0.000766754150390625,0.0
4613,pop47,1,0.00048613548278808594,0.0
4614,pop33,3,0.029776891072591145,0.041253800102651735
4614,pop32,3,0.0006604989369710287,0.00019841739180315293
4614,pop50,1,0.0008873939514160156,0.0
4614,pop51,1,0.0007109642028808594,0.0
4614,pop19,1,0.0006277561187744141,0.0
4614,pop20,1,0.0006241798400878906,0.0
4615,pop8,2,0.03916049003601074,0.03852963447570801
4615,pop51,3,0.0007584095001220703,3.180245279823665e-05
4615,pop10,2,0.04155170917510986,0.041037917137145996
4615,pop4,2,0.0006577968597412109,0.00014972686767578125
4615,pop53,1,0.0009181499481201172,0.0
4615,pop7,1,0.00043511390686035156,0.0
4616,pop30,2,0.03780508041381836,0.03714418411254883
4616,pop48,2,0.0005506277084350586,2.3484230041503906e-05
4616,pop49,3,0.0006022453308105469,4.290783781171482e-05
4616,pop52,1,0.0006253719329833984,0.0
4616,pop53,1,0.0008170604705810547,0.0
4616,pop51,1,0.0008985996246337891,0.0
4617,pop53,3,0.02818902333577474,0.038656447379803394
4617,pop41,1,0.0004899501800537109,0.0
4617,pop40,1,0.0004634857177734375,0.0
4617,pop43,2,0.00047957897186279297,8.225440979003906e-06
4617,pop51,2,0.0006376504898071289,4.887580871582031e-06
4617,pop10,1,0.08202934265136719,0.0
4617,pop11,1,0.0004284381866455078,0.0
4617,pop19,1,0.0005946159362792969,0.0
4617,pop20,1,0.09450268745422363,0.0
4617,pop46,1,0.0005099773406982422,0.0
4617,pop45,1,0.0005433559417724609,0.0
4617,pop44,2,0.047178030014038086,0.046648502349853516
4617,pop50,3,0.0006287097930908203,0.000217478783816919
4617,pop17,1,0.10268545150756836,0.0
4617,pop25,2,0.0005604028701782227,0.00010478496551513672
4617,pop27,3,0.037268479665120445,0.05199617373059223
4617,pop14,3,0.03755966822306315,0.052192254692304096
4617,pop16,1,0.0004940032958984375,0.0
4617,pop23,1,0.0005865097045898438,0.0
4617,pop24,3,0.03989680608113607,0.05587994792295327
4617,pop1,1,0.0007307529449462891,0.0
4617,pop15,1,0.0005545616149902344,0.0
4618,pop27,5,0.020128774642944335,0.03908671341665121
4618,pop25,1,0.0005390644073486328,0.0
4618,pop17,1,0.0006396770477294922,0.0
4618,pop50,1,0.0009455680847167969,0.0
4618,pop16,1,0.0004937648773193359,0.0
4619,pop31,2,0.03942751884460449,0.03875899314880371
4619,pop30,1,0.0004911422729492188,0.0
4619,pop48,2,0.0006531476974487305,0.00010335445404052734
4619,pop49,1,0.0938112735748291,0.0
4619,pop2,1,0.0005083084106445312,0.0
4619,pop56,5,0.0005465984344482422,5.952192288314274e-05
4619,pop52,1,0.0005457401275634766,0.0
4619,pop34,1,0.00045228004455566406,0.0
4619,pop35,1,0.000431060791015625,0.0
4620,pop37,4,0.01851034164428711,0.03108963233570944
4620,pop52,1,0.0005896091461181641,0.0
4620,pop55,1,0.0005133152008056641,0.0
4621,pop28,2,0.03877830505371094,0.038106679916381836
4621,pop36,1,0.0006349086761474609,0.0
4621,pop10,3,0.0006186962127685547,9.842905375852395e-05
4621,pop51,1,0.000789642333984375,0.0
4621,pop53,1,0.0006935596466064453,0.0
4621,pop1,1,0.0005714893341064453,0.0
4621,pop6,1,0.0004570484161376953,0.0
4622,pop9,5,0.015884542465209962,0.03067783457991427
4622,pop51,1,0.0008387565612792969,0.0
4622,pop10,1,0.0006644725799560547,0.0
4623,pop10,3,0.052919626235961914,0.036955982417914555
4623,pop11,1,0.0004646778106689453,0.0
4623,pop43,1,0.0004830360412597656,0.0
4623,pop40,3,0.0005922317504882812,7.471471743518384e-05
4623,pop41,1,0.0005404949188232422,0.0
4623,pop53,1,0.0007290840148925781,0.0
4623,pop7,1,0.0005826950073242188,0.0
4624,pop36,2,0.039060235023498535,0.0383988618850708
4624,pop10,1,0.08356475830078125,0.0
4624,pop51,1,0.0008566379547119141,0.0
4624,pop53,1,0.08461189270019531,0.0
4624,pop54,1,0.07977294921875,0.0
4624,pop52,4,0.0005857348442077637,2.3467204777402538e-05
4625,pop56,2,0.04552257061004639,0.04485976696014404
4625,pop2,1,0.0005471706390380859,0.0
4625,pop49,1,0.09432458877563477,0.0
4625,pop48,1,0.0005362033843994141,0.0
4625,pop52,2,0.042944908142089844,0.04229736328125
4625,pop12,3,0.0005254745483398438,6.992482686674195e-05
4625,pop34,1,0.0006191730499267578,0.0
4625,pop35,1,0.00041675567626953125,0.0
4626,pop23,5,0.018979644775390624,0.03672751716689822
4626,pop16,1,0.0005385875701904297,0.0
4626,pop50,1,0.0010178089141845703,0.0
4626,pop55,1,0.0006496906280517578,0.0
4627,pop32,5,0.019405937194824217,0.03755366738035709
4627,pop33,1,0.0005567073822021484,0.0
4627,pop50,1,0.0009298324584960938,0.0
4627,pop53,1,0.0007357597351074219,0.0
4627,pop52,1,0.0006515979766845703,0.0
4628,pop55,4,0.03668946027755737,0.03609842352573902
4628,pop50,1,0.0012440681457519531,0.0
4628,pop52,1,0.0006103515625,0.0
4628,pop54,3,0.0006099541982014974,8.561281821219145e-05
4628,pop53,1,0.0007891654968261719,0.0
4628,pop51,1,0.0007939338684082031,0.0
4628,pop19,1,0.0007772445678710938,0.0
4628,pop18,1,0.00045800209045410156,0.0
4629,pop6,2,0.04626750946044922,0.045612335205078125
4629,pop1,1,0.0006356239318847656,0.0
4629,pop53,2,0.04113626480102539,0.04047131538391113
4629,pop41,2,0.0005216598510742188,2.956390380859375e-05
4629,pop40,1,0.08151125907897949,0.0
4629,pop50,4,0.0009346604347229004,0.00032861399661393586
4629,pop14,3,0.03622976938883463,0.05064746268884191
4629,pop27,2,0.0005779266357421875,5.650520324707031e-05
4629,pop44,1,0.0007336139678955078,0.0
4629,pop25,1,0.0005578994750976562,0.0
4629,pop17,1,0.10741615295410156,0.0
4629,pop16,3,0.0005504290262858073,8.943723236976735e-05
4629,pop23,5,0.03419203758239746,0.04440965033058436
4629,pop24,6,0.030331095059712727,0.04559927775718833
4630,pop42,2,0.040283799171447754,0.03961765766143799
4630,pop43,1,0.0005123615264892578,0.0
4630,pop40,1,0.07757139205932617,0.0
4630,pop41,1,0.0004916191101074219,0.0
4630,pop53,1,0.0006103515625,0.0
4630,pop54,3,0.052391370137532554,0.03671803805978664
4630,pop52,4,0.044725656509399414,0.044008340382130993
4630,pop12,1,0.09301304817199707,0.0
4630,pop55,3,0.0550234317779541,0.03842800811341709
4630,pop56,1,0.0006189346313476562,0.0
4630,pop48,1,0.0005745887756347656,0.0
4630,pop50,3,0.0007538795471191406,4.713980086635157e-05
4630,pop17,3,0.0735033353169759,0.05155908665525921
4630,pop25,1,0.0005338191986083984,0.0
4630,pop27,1,0.00030112266540527344,0.0
4630,pop14,1,0.0006101131439208984,0.0
4630,pop24,1,0.0005638599395751953,0.0
4630,pop23,2,0.0004495382308959961,0.00012123584747314453
4630,pop16,1,0.0002968311309814453,0.0
4631,pop4,2,0.04109227657318115,0.04038679599761963
4631,pop51,2,0.000674128532409668,9.572505950927734e-05
4631,pop10,1,0.08288764953613281,0.0
4631,pop53,1,0.0007307529449462891,0.0
4631,pop54,1,0.08068037033081055,0.0
4631,pop52,2,0.0006300210952758789,2.872943878173828e-05
4631,pop48,2,0.04568779468536377,0.045192837715148926
4631,pop49,2,0.05245387554168701,0.05198323726654053
4631,pop2,1,0.00046372413635253906,0.0
4631,pop56,2,0.0005822181701660156,6.985664367675781e-05
4631,pop34,1,0.0004818439483642578,0.0
4631,pop35,1,0.0005645751953125,0.0
4632,pop22,3,0.05074318250020345,0.03542104348810971
4632,pop21,2,0.10310721397399902,0.0011987686157226562
4632,pop23,3,0.03300762176513672,0.04583050532332589
4632,pop24,2,0.10284829139709473,0.0017595291137695312
4632,pop14,1,0.10058927536010742,0.0
4632,pop50,3,0.0008854866027832031,9.058672001104146e-05
4632,pop33,2,0.0007745027542114258,0.00013554096221923828
4632,pop32,1,0.10479116439819336,0.0
4632,pop17,2,0.0008887052536010742,0.0002840757369995117
4632,pop31,1,0.0004520416259765625,0.0
4632,pop30,1,0.00045871734619140625,0.0
4632,pop48,1,0.0002982616424560547,0.0
4632,pop52,1,0.0004904270172119141,0.0
4632,pop51,1,0.000690460205078125,0.0
4632,pop19,1,0.000598907470703125,0.0
4632,pop18,1,0.0004706382751464844,0.0
4633,pop50,4,0.021199345588684082,0.03524884156404207
4633,pop44,1,0.08566665649414062,0.0
4633,pop17,3,0.0006567637125651041,6.723075134197794e-05
4633,pop16,1,0.0004756450653076172,0.0
4634,pop45,2,0.043696045875549316,0.0430372953414917
4634,pop44,2,0.08909881114959717,0.005083680152893066
4634,pop50,3,0.000896294911702474,0.0002846974967037316
4634,pop17,2,0.04839348793029785,0.04784655570983887
4634,pop25,1,0.0005276203155517578,0.0
4634,pop27,1,0.0005488395690917969,0.0
4634,pop53,2,0.0007655620574951172,6.937980651855469e-05
4634,pop52,2,0.0006347894668579102,4.684925079345703e-05
4634,pop37,1,0.00048279762268066406,0.0
4634,pop33,2,0.0005639791488647461,4.887580871582031e-06
4634,pop32,3,0.0005962848663330078,6.700735679453472e-05
4635,pop46,2,0.043349385261535645,0.04270493984222412
4635,pop45,1,0.0004839897155761719,0.0
4635,pop44,1,0.08509397506713867,0.0
4635,pop50,2,0.0008932352066040039,0.00014889240264892578
4635,pop33,3,0.0006659825642903646,7.531469785608363e-05
4635,pop32,5,0.0006181240081787109,9.369402430662562e-05
4635,pop53,1,0.0007948875427246094,0.0
4635,pop52,1,0.0005815029144287109,0.0
4636,pop16,2,0.04226672649383545,0.041330695152282715
4636,pop50,2,0.0007162094116210938,3.647804260253906e-05
4636,pop14,2,0.0007423162460327148,6.0677528381347656e-05
4636,pop24,4,0.0005589723587036133,6.143004018440608e-05
4636,pop23,2,0.048927903175354004,0.04823482036590576
4636,pop51,1,0.0008766651153564453,0.0
4637,pop44,3,0.05848161379496256,0.04089703215018626
4637,pop50,2,0.0007959604263305664,8.118152618408203e-05
4637,pop17,3,0.0006869633992513021,0.00010973823579589706
4637,pop53,1,0.0006244182586669922,0.0
4637,pop1,1,0.0006039142608642578,0.0
4637,pop15,1,0.0005738735198974609,0.0
4638,pop33,3,0.030658880869547527,0.0423734861643984
4638,pop32,4,0.0006251931190490723,0.00010102273415069608
4638,pop50,1,0.000835418701171875,0.0
4638,pop51,1,0.0007314682006835938,0.0
4638,pop19,1,0.0006546974182128906,0.0
4638,pop18,1,0.0004904270172119141,0.0
4639,pop27,4,0.02408015727996826,0.04058958068899105
4639,pop25,1,0.0005156993865966797,0.0
4639,pop17,1,0.0006320476531982422,0.0
4639,pop50,1,0.0008089542388916016,0.0
4639,pop53,1,0.0008418560028076172,0.0
4639,pop1,1,0.0006902217864990234,0.0
4639,pop6,1,0.00047469139099121094,0.0
4640,pop37,4,0.017672717571258545,0.029462467082549692
4640,pop52,1,0.0006279945373535156,0.0
4640,pop53,1,0.0008299350738525391,0.0
4640,pop51,1,0.0006670951843261719,0.0
4640,pop10,1,0.0005152225494384766,0.0
4641,pop36,2,0.039627790451049805,0.038959503173828125
4641,pop10,4,0.0005662441253662109,6.358337878665947e-05
4641,pop51,1,0.0007584095001220703,0.0
4641,pop53,1,0.0007994174957275391,0.0
4641,pop7,1,0.0004620552062988281,0.0
4642,pop18,3,0.03137516975402832,0.04357889461839336
4642,pop38,2,0.048212647438049316,0.0477062463760376
4642,pop19,1,0.0007805824279785156,0.0
4642,pop20,1,0.09383654594421387,0.0
4642,pop46,1,0.0005247592926025391,0.0
4642,pop45,1,0.0006515979766845703,0.0
4642,pop44,3,0.0006389617919921875,0.00015082696749490107
4642,pop50,1,0.0008556842803955078,0.0
4642,pop53,1,0.0008370876312255859,0.0
4642,pop7,1,0.0004124641418457031,0.0
4643,pop48,4,0.0442277193069458,0.04359912984194575
4643,pop49,1,0.09224414825439453,0.0
4643,pop2,2,0.04926741123199463,0.048783183097839355
4643,pop56,2,0.0006567239761352539,0.00015032291412353516
4643,pop52,1,0.000659942626953125,0.0
4643,pop53,1,0.0007131099700927734,0.0
4643,pop51,1,0.0007476806640625,0.0
4643,pop19,1,0.0007541179656982422,0.0
4643,pop18,1,0.0004792213439941406,0.0
4644,pop39,2,0.04326736927032471,0.04260265827178955
4644,pop44,3,0.02941608428955078,0.04085125507517278
4644,pop50,3,0.0008989175160725912,2.6710212170377316e-05
4644,pop17,2,0.04893636703491211,0.0484013557434082
4644,pop33,2,0.0006210803985595703,5.340576171875e-05
4644,pop32,3,0.0005734761555989584,6.78848031191749e-05
4645,pop57,2,0.04763674736022949,0.04703021049499512
4645,pop56,2,0.0004925727844238281,3.552436828613281e-05
4645,pop2,2,0.04881560802459717,0.04832756519317627
4645,pop49,2,0.0006284713745117188,0.00016999244689941406
4645,pop48,1,0.0008726119995117188,0.0
4645,pop52,1,0.0009191036224365234,0.0
4645,pop51,1,0.0007750988006591797,0.0
4646,pop10,2,0.041108131408691406,0.04041719436645508
4646,pop51,2,0.0006870031356811523,7.37905502319336e-05
4646,pop9,4,0.000499725341796875,1.37726718082773e-05
4647,pop23,4,0.023195266723632812,0.039113581007222134
4647,pop21,2,0.04932808876037598,0.04883384704589844
4647,pop24,3,0.0005774497985839844,3.7458788645293364e-05
4647,pop14,1,0.0007891654968261719,0.0
4647,pop16,1,0.0004913806915283203,0.0
4647,pop50,1,0.0009214878082275391,0.0
4647,pop55,1,0.000476837158203125,0.0
4648,pop55,2,0.035537123680114746,0.034868836402893066
4648,pop52,2,0.0008219480514526367,0.00021064281463623047
4648,pop13,4,0.0005459785461425781,0.00011710005634892329
4648,pop3,1,0.0004591941833496094,0.0
4648,pop0,1,0.00047278404235839844,0.0
4648,pop1,1,0.0005636215209960938,0.0
4648,pop15,1,0.0004363059997558594,0.0
4649,pop6,5,0.0186861515045166,0.03617382240221235
4649,pop1,1,0.0005958080291748047,0.0
4649,pop53,1,0.0008206367492675781,0.0
4649,pop50,1,0.0009150505065917969,0.0
4649,pop44,1,0.0005276203155517578,0.0
4650,pop44,3,0.058894952138264976,0.041154528728917235
4650,pop50,2,0.0009050369262695312,1.5974044799804688e-05
4650,pop17,2,0.0006793737411499023,8.046627044677734e-05
4650,pop51,1,0.00079345703125,0.0
4651,pop36,2,0.03951847553253174,0.03886616230010986
4651,pop51,1,0.0007369518280029297,0.0
4651,pop43,1,0.0005004405975341797,0.0
4651,pop40,2,0.04351651668548584,0.0429610013961792
4651,pop41,1,0.0005509853363037109,0.0
4651,pop53,2,0.0007834434509277344,7.987022399902344e-05
4651,pop7,1,0.00041866302490234375,0.0
4652,pop21,5,0.02040834426879883,0.039554454091923055
4652,pop23,1,0.0005540847778320312,0.0
4652,pop16,1,0.0005195140838623047,0.0
4652,pop50,1,0.0009088516235351562,0.0
4652,pop51,1,0.0006792545318603516,0.0
4652,pop19,1,0.0005674362182617188,0.0
4652,pop20,1,0.0005087852478027344,0.0
4653,pop14,5,0.03746609687805176,0.04511519780433067
4653,pop24,2,0.0005832910537719727,4.5418739318847656e-05
4653,pop50,1,0.0008890628814697266,0.0
4653,pop44,1,0.0005934238433837891,0.0
4654,pop22,2,0.03918147087097168,0.03851008415222168
4654,pop21,1,0.10102987289428711,0.0
4654,pop23,1,0.0005180835723876953,0.0
4654,pop24,4,0.0006439685821533203,8.76951047824621e-05
4654,pop14,1,0.0005743503570556641,0.0
4654,pop50,1,0.0009336471557617188,0.0
4654,pop53,1,0.0007116794586181641,0.0
4654,pop1,1,0.00060272216796875,0.0
4654,pop6,1,0.0004787445068359375,0.0
4655,pop48,3,0.02948586146036784,0.040745606613967034
4655,pop49,4,0.0005863308906555176,0.00010414217622191334
4655,pop52,1,0.0006363391876220703,0.0
4655,pop53,1,0.0007205009460449219,0.0
4655,pop50,1,0.0008547306060791016,0.0
4655,pop14,1,0.0005865097045898438,0.0
4655,pop24,1,0.0005471706390380859,0.0
4656,pop6,4,0.02251756191253662,0.03798272830680726
4656,pop1,1,0.0006053447723388672,0.0
4656,pop53,1,0.0007431507110595703,0.0
4656,pop50,1,0.0008070468902587891,0.0
4656,pop55,1,0.0004856586456298828,0.0
4657,pop36,2,0.03823506832122803,0.03756439685821533
4657,pop51,1,0.0009145736694335938,0.0
4657,pop50,2,0.0008065700531005859,4.4345855712890625e-05
4657,pop17,1,0.09973740577697754,0.0
4657,pop33,2,0.00063323974609375,9.083747863769531e-05
4657,pop32,3,0.03549377123514811,0.049481638971723495
4657,pop37,2,0.0005797147750854492,0.00011432170867919922
4657,pop52,1,0.0006856918334960938,0.0
4657,pop34,1,0.0004749298095703125,0.0
4657,pop35,1,0.0005574226379394531,0.0
4658,pop52,4,0.020772218704223633,0.03487340637653329
4658,pop54,1,0.07624220848083496,0.0
4658,pop12,4,0.000619053840637207,0.0001319536990217693
4658,pop53,1,0.0008611679077148438,0.0
4658,pop1,1,0.0006706714630126953,0.0
4658,pop6,1,0.00047135353088378906,0.0
4659,pop24,2,0.04984152317047119,0.04913651943206787
4659,pop14,3,0.0006581942240397135,7.747988391139386e-05
4659,pop50,1,0.0009362697601318359,0.0
4659,pop53,1,0.0007474422454833984,0.0
4659,pop7,1,0.0004572868347167969,0.0
4660,pop8,2,0.03974783420562744,0.03910410404205322
4660,pop51,1,0.0007429122924804688,0.0
4660,pop19,1,0.0006680488586425781,0.0
4660,pop20,4,0.022963225841522217,0.03889044547938115
4660,pop46,2,0.0004968643188476562,2.1696090698242188e-05
4660,pop45,2,0.0005010366439819336,1.2278556823730469e-05
4660,pop44,1,0.0927286148071289,0.0
4661,pop53,4,0.039855122566223145,0.03905832326698334
4661,pop1,2,0.0006023645401000977,1.3113021850585938e-06
4661,pop6,2,0.0006015300750732422,0.00011038780212402344
4661,pop51,1,0.0007700920104980469,0.0
4661,pop19,1,0.0006122589111328125,0.0
4661,pop20,1,0.00048732757568359375,0.0
4662,pop31,2,0.04024779796600342,0.03956806659698486
4662,pop17,3,0.03241920471191406,0.04486011959110203
4662,pop50,2,0.0008996725082397461,8.809566497802734e-05
4662,pop33,2,0.0005511045455932617,3.6954879760742188e-06
4662,pop32,2,0.0007013082504272461,4.6372413635253906e-05
4662,pop51,1,0.0008416175842285156,0.0
4662,pop19,1,0.0005853176116943359,0.0
4662,pop18,1,0.0005166530609130859,0.0
4663,pop28,2,0.03955948352813721,0.03893601894378662
4663,pop51,2,0.0007880926132202148,4.0411949157714844e-05
4663,pop9,3,0.0005335807800292969,4.278578451549107e-05
4663,pop10,1,0.0005025863647460938,0.0
4664,pop18,3,0.030390262603759766,0.042144878664573275
4664,pop19,2,0.0006043910980224609,5.9604644775390625e-06
4664,pop20,4,0.0005107522010803223,7.508056202608472e-06
4665,pop57,2,0.04741966724395752,0.046769022941589355
4665,pop56,2,0.04764878749847412,0.04708540439605713
4665,pop2,1,0.09612321853637695,0.0
4665,pop49,1,0.09332847595214844,0.0
4665,pop48,1,0.0005795955657958984,0.0
4665,pop52,1,0.0011026859283447266,0.0
4666,pop44,2,0.044738054275512695,0.04406309127807617
4666,pop50,3,0.0010337034861246746,0.0002563201418291557
4666,pop17,1,0.09213542938232422,0.0
4666,pop25,1,0.00047397613525390625,0.0
4666,pop27,1,0.0006649494171142578,0.0
4666,pop14,1,0.0006053447723388672,0.0
4666,pop32,4,0.000594794750213623,6.581548546733223e-05
4666,pop33,1,0.0007104873657226562,0.0
4666,pop55,1,0.0005040168762207031,0.0
4667,pop21,5,0.020128679275512696,0.03902516106697003
4667,pop23,1,0.0005764961242675781,0.0
4667,pop16,1,0.00051116943359375,0.0
4667,pop50,1,0.0009298324584960938,0.0
4667,pop51,1,0.0007767677307128906,0.0
4667,pop10,1,0.0005145072937011719,0.0
4668,pop56,5,0.019070816040039063,0.0369512942412559
4668,pop48,1,0.0005862712860107422,0.0
4668,pop52,1,0.0007240772247314453,0.0
4668,pop53,1,0.0007486343383789062,0.0
4668,pop1,1,0.0006189346313476562,0.0
4668,pop15,1,0.00042438507080078125,0.0
4669,pop32,4,0.024442970752716064,0.041234498466627224
4669,pop33,1,0.0005588531494140625,0.0
4669,pop50,1,0.000843048095703125,0.0
4669,pop53,1,0.0007669925689697266,0.0
4669,pop52,1,0.0005550384521484375,0.0
4670,pop6,2,0.0457233190536499,0.045082688331604004
4670,pop1,1,0.0006067752838134766,0.0
4670,pop53,2,0.0007461309432983398,3.5643577575683594e-05
4670,pop52,3,0.0005971590677897135,1.6948786835074886e-05
4670,pop12,3,0.030577341715494793,0.04254763993674305
4670,pop13,2,0.0006166696548461914,0.00011146068572998047
4670,pop51,1,0.0008893013000488281,0.0
4670,pop10,1,0.0005502700805664062,0.0
4671,pop52,2,0.042147159576416016,0.04141736030578613
4671,pop54,3,0.0005467732747395834,6.43442623455388e-05
4671,pop53,1,0.0007801055908203125,0.0
4671,pop51,1,0.0009467601776123047,0.0
4672,pop8,2,0.039848923683166504,0.03917372226715088
4672,pop51,2,0.0007835626602172852,5.602836608886719e-06
4672,pop4,3,0.0006116231282552084,9.369300775489072e-05
4672,pop50,1,0.0007817745208740234,0.0
4672,pop16,1,0.0004913806915283203,0.0
4673,pop47,5,0.014428472518920899,0.02774004307109792
4673,pop53,1,0.0008418560028076172,0.0
4673,pop50,1,0.0009200572967529297,0.0
4673,pop55,1,0.0005304813385009766,0.0
4674,pop50,3,0.02884848912556966,0.03955932369645941
4674,pop17,4,0.0006262063980102539,5.5512503599155656e-05
4674,pop16,1,0.0006799697875976562,0.0
4675,pop45,2,0.04518008232116699,0.04454612731933594
4675,pop44,2,0.04714334011077881,0.046648383140563965
4675,pop50,3,0.0009756088256835938,0.00023418991852874394
4675,pop17,1,0.09302759170532227,0.0
4675,pop25,1,0.0006816387176513672,0.0
4675,pop27,1,0.0005116462707519531,0.0
4675,pop32,3,0.0005706946055094401,7.924978419506145e-05
4675,pop33,1,0.0005645751953125,0.0
4675,pop53,1,0.0008711814880371094,0.0
4675,pop52,1,0.0005929470062255859,0.0
4676,pop46,2,0.042661309242248535,0.042003512382507324
4676,pop20,1,0.0004937648773193359,0.0
4676,pop19,1,0.0008041858673095703,0.0
4676,pop51,3,0.0007411638895670573,5.9792329087455e-05
4676,pop4,1,0.08628439903259277,0.0
4676,pop10,4,0.0005633234977722168,6.01725642432537e-05
4677,pop33,3,0.02970298131306966,0.041161299888310625
4677,pop32,3,0.0006043910980224609,9.099284974341432e-05
4677,pop50,1,0.0008938312530517578,0.0
4677,pop51,1,0.0007588863372802734,0.0
4677,pop10,1,0.0005269050598144531,0.0
4678,pop28,2,0.03919649124145508,0.0385589599609375
4678,pop51,1,0.0008432865142822266,0.0
4678,pop50,3,0.0008569558461507162,0.00012134019697835939
4678,pop17,2,0.04978907108306885,0.04913961887359619
4678,pop33,1,0.0006437301635742188,0.0
4678,pop32,3,0.0007124741872151693,8.36794493076598e-05
4678,pop44,1,0.0005667209625244141,0.0
4679,pop57,2,0.04725146293640137,0.046622514724731445
4679,pop56,1,0.09403276443481445,0.0
4679,pop2,1,0.09834051132202148,0.0
4679,pop49,1,0.00048065185546875,0.0
4679,pop48,1,0.0005509853363037109,0.0
4679,pop52,2,0.000652313232421875,2.3126602172851562e-05
4679,pop12,3,0.0006549358367919922,0.00011128147272795445
4679,pop53,1,0.0007860660552978516,0.0
4679,pop50,1,0.0012850761413574219,0.0
4679,pop51,1,0.0007653236389160156,0.0
4679,pop19,1,0.0006422996520996094,0.0
4679,pop20,1,0.0004942417144775391,0.0
4679,pop46,1,0.0006475448608398438,0.0
4679,pop45,1,0.0005099773406982422,0.0
4679,pop44,1,0.0005862712860107422,0.0
4680,pop8,2,0.03780806064605713,0.03715670108795166
4680,pop51,1,0.0007996559143066406,0.0
4680,pop50,3,0.0009082953135172526,7.256085349852452e-05
4680,pop17,2,0.048948049545288086,0.04815053939819336
4680,pop16,2,0.0005353689193725586,2.372264862060547e-05
4680,pop23,2,0.0006649494171142578,0.000118255615234375
4680,pop53,1,0.0007395744323730469,0.0
4680,pop1,1,0.0005803108215332031,0.0
4680,pop15,1,0.0004203319549560547,0.0
4681,pop41,2,0.040651559829711914,0.039998531341552734
4681,pop53,1,0.0007731914520263672,0.0
4681,pop54,2,0.03998899459838867,0.03948712348937988
4681,pop52,2,0.0006780624389648438,9.322166442871094e-05
4681,pop48,2,0.04744410514831543,0.04690957069396973
4681,pop49,2,0.0005632638931274414,8.428096771240234e-05
4681,pop34,1,0.00047516822814941406,0.0
4681,pop35,1,0.0004298686981201172,0.0
4682,pop38,4,0.023615598678588867,0.0397731648240254
4682,pop39,1,0.00044655799865722656,0.0
4682,pop44,1,0.0005578994750976562,0.0
4683,pop39,2,0.04206740856170654,0.04142200946807861
4683,pop44,1,0.08918595314025879,0.0
4683,pop50,1,0.0008287429809570312,0.0
4683,pop55,4,0.0005207061767578125,1.8206658042782094e-05
4684,pop10,3,0.05507540702819824,0.038466674240759634
4684,pop51,1,0.0008437633514404297,0.0
4684,pop19,1,0.0007672309875488281,0.0
4684,pop20,2,0.0005325078964233398,1.2278556823730469e-05
4685,pop55,3,0.02484917640686035,0.03413676804168942
4685,pop50,1,0.00113677978515625,0.0
4685,pop52,3,0.028840065002441406,0.03989081754410619
4685,pop54,1,0.08141350746154785,0.0
4685,pop37,4,0.0005278587341308594,5.6474763984913176e-05
4686,pop56,3,0.06235543886820475,0.043629035160935775
4686,pop2,3,0.0005349318186442057,2.8306844828288574e-05
4686,pop49,1,0.0005054473876953125,0.0
4686,pop48,1,0.0005338191986083984,0.0
4686,pop52,1,0.0006341934204101562,0.0
4687,pop32,5,0.019683694839477538,0.03805408353807643
4687,pop33,1,0.000469207763671875,0.0
4687,pop50,1,0.000934600830078125,0.0
4687,pop35,1,0.00043702125549316406,0.0
4688,pop50,4,0.021347880363464355,0.03540077062846325
4688,pop17,2,0.04715275764465332,0.04646444320678711
4688,pop44,2,0.0006823539733886719,9.512901306152344e-05
4688,pop53,1,0.0007698535919189453,0.0
4688,pop1,1,0.0007255077362060547,0.0
4688,pop6,1,0.00047516822814941406,0.0
4689,pop45,3,0.02939629554748535,0.04069768970891516
4689,pop46,2,0.0005246400833129883,3.159046173095703e-05
4689,pop20,1,0.08942866325378418,0.0
4689,pop44,3,0.0005757808685302734,5.684404276031346e-05
4689,pop50,1,0.0009887218475341797,0.0
4689,pop55,1,0.0005173683166503906,0.0
4690,pop33,3,0.03003040949503581,0.04160953053973872
4690,pop32,4,0.0006054043769836426,0.00010875734359092516
4690,pop50,1,0.00081634521484375,0.0
4690,pop53,1,0.0008947849273681641,0.0
4690,pop47,1,0.0004642009735107422,0.0
4691,pop40,2,0.039310574531555176,0.038657307624816895
4691,pop41,1,0.0006997585296630859,0.0
4691,pop53,1,0.000751495361328125,0.0
4691,pop54,1,0.08043694496154785,0.0
4691,pop52,2,0.0007306337356567383,9.620189666748047e-05
4691,pop12,4,0.0005348324775695801,8.722347068577116e-05
4691,pop55,1,0.0004878044128417969,0.0
4691,pop50,1,0.0009419918060302734,0.0
4691,pop44,1,0.0005359649658203125,0.0
4692,pop48,2,0.04391038417816162,0.04321920871734619
4692,pop52,4,0.0006999373435974121,9.134160457625224e-05
4692,pop53,1,0.0007491111755371094,0.0
4692,pop1,1,0.0006613731384277344,0.0
4692,pop6,1,0.0005764961242675781,0.0
4693,pop36,2,0.039389729499816895,0.03873932361602783
4693,pop10,3,0.0006467501322428385,0.00017241574179822496
4693,pop51,1,0.0009191036224365234,0.0
4693,pop47,1,0.0004889965057373047,0.0
4694,pop47,4,0.018025100231170654,0.03015309673087705
4694,pop53,1,0.0008568763732910156,0.0
4694,pop52,1,0.0006024837493896484,0.0
4695,pop50,3,0.027725934982299805,0.03795509897573156
4695,pop17,4,0.0006191134452819824,6.38546593032664e-05
4695,pop51,1,0.0007863044738769531,0.0
4695,pop10,1,0.0005295276641845703,0.0
4696,pop45,2,0.044559478759765625,0.043881893157958984
4696,pop44,1,0.0005500316619873047,0.0
4696,pop50,3,0.0010386308034261067,0.00020704383743378873
4696,pop17,1,0.09630608558654785,0.0
4696,pop25,1,0.0006759166717529297,0.0
4696,pop27,1,0.0005364418029785156,0.0
4696,pop14,1,0.10381340980529785,0.0
4696,pop24,1,0.0005669593811035156,0.0
4696,pop23,1,0.0005712509155273438,0.0
4696,pop16,1,0.0005743503570556641,0.0
4696,pop32,3,0.0006354649861653646,0.0001254849527225926
4696,pop33,1,0.0005459785461425781,0.0
4696,pop51,1,0.0007846355438232422,0.0
4696,pop19,1,0.000598907470703125,0.0
4696,pop18,1,0.0004780292510986328,0.0
4697,pop30,2,0.037355780601501465,0.03672158718109131
4697,pop48,4,0.0006798505783081055,9.467852139338745e-05
4697,pop52,1,0.0006074905395507812,0.0
4697,pop53,1,0.0008554458618164062,0.0
4697,pop51,1,0.0009737014770507812,0.0
4697,pop19,1,0.0007102489471435547,0.0
4697,pop20,1,0.0005047321319580078,0.0
4698,pop9,5,0.016162681579589843,0.031173892238196214
4698,pop51,1,0.0007946491241455078,0.0
4698,pop53,1,0.0007603168487548828,0.0
4698,pop1,1,0.0007193088531494141,0.0
4698,pop15,1,0.0004489421844482422,0.0
4699,pop53,4,0.0413249135017395,0.040510763425052713
4699,pop52,2,0.0006430149078369141,1.4066696166992188e-05
4699,pop48,2,0.0006403923034667969,6.413459777832031e-05
4699,pop34,1,0.00047397613525390625,0.0
4699,pop35,1,0.0004353523254394531,0.0
4700,pop31,2,0.04027140140533447,0.039627909660339355
4700,pop30,1,0.0005104541778564453,0.0
4700,pop48,2,0.0005217790603637695,1.895427703857422e-05
4700,pop56,1,0.09900617599487305,0.0
4700,pop2,1,0.10078859329223633,0.0
4700,pop49,1,0.0005173683166503906,0.0
4700,pop52,3,0.0006379286448160807,8.169871823562876e-06
4700,pop54,1,0.08275985717773438,0.0
4700,pop12,4,0.0004878044128417969,1.4312066931960655e-05
4701,pop44,2,0.042289137840270996,0.04163014888763428
4701,pop45,1,0.0005328655242919922,0.0
4701,pop46,1,0.0005478858947753906,0.0
4701,pop20,4,0.0004971027374267578,1.3081556194905197e-05
4702,pop41,2,0.04206728935241699,0.04134368896484375
4702,pop53,1,0.0007860660552978516,0.0
4702,pop51,2,0.0008057355880737305,5.0187110900878906e-05
4702,pop4,1,0.08504986763000488,0.0
4702,pop50,2,0.001076817512512207,0.0003737211227416992
4702,pop44,2,0.0005726814270019531,4.76837158203125e-07
4702,pop27,4,0.0005748271942138672,5.3383671500536376e-05
4702,pop25,3,0.0005778471628824869,8.088689722538416e-05
4702,pop17,3,0.03538227081298828,0.049112723754581034
4702,pop16,1,0.0005102157592773438,0.0
4703,pop56,6,0.01615909735361735,0.034776639823963805
4703,pop48,1,0.0008440017700195312,0.0
4703,pop52,1,0.0009150505065917969,0.0
4703,pop3,1,0.0004458427429199219,0.0
4703,pop0,1,0.0004334449768066406,0.0
4703,pop1,1,0.0005538463592529297,0.0
4703,pop15,1,0.00040984153747558594,0.0
4704,pop32,5,0.01918931007385254,0.03711533458749021
4704,pop33,1,0.0005140304565429688,0.0
4704,pop50,1,0.0008671283721923828,0.0
4704,pop35,1,0.0004432201385498047,0.0
4705,pop33,3,0.03024633725484212,0.041793772198077846
4705,pop32,4,0.0005972981452941895,0.00010873460538169834
4705,pop50,1,0.0006809234619140625,0.0
4705,pop35,1,0.0004374980926513672,0.0
4706,pop40,5,0.016916322708129882,0.03260022443203753
4706,pop41,1,0.0006268024444580078,0.0
4706,pop53,1,0.0008327960968017578,0.0
4706,pop1,1,0.0005986690521240234,0.0
4706,pop6,1,0.00047969818115234375,0.0
4707,pop36,2,0.039638638496398926,0.03900706768035889
4707,pop51,4,0.0007751584053039551,2.9452355253136663e-05
4707,pop4,4,0.022149205207824707,0.037360647361136805
4707,pop10,2,0.04394996166229248,0.04331696033477783
4707,pop19,1,0.0006427764892578125,0.0
4707,pop18,1,0.0005500316619873047,0.0
4708,pop42,2,0.03980851173400879,0.03917860984802246
4708,pop43,1,0.0006346702575683594,0.0
4708,pop51,1,0.0005624294281005859,0.0
4708,pop50,4,0.0010129213333129883,0.0001756028097990962
4708,pop17,5,0.020090436935424803,0.03879161116187745
4708,pop32,1,0.10587906837463379,0.0
4708,pop33,1,0.00052642822265625,0.0
4708,pop35,1,0.0005970001220703125,0.0
4709,pop41,2,0.04163980484008789,0.04094696044921875
4709,pop53,1,0.0006275177001953125,0.0
4709,pop1,2,0.0006113052368164062,1.430511474609375e-06
4709,pop6,3,0.0005271434783935547,2.3263431457277882e-05
4709,pop15,1,0.00041103363037109375,0.0
4710,pop4,3,0.0556176503499349,0.03889475113759912
4710,pop51,2,0.0007520914077758789,3.7789344787597656e-05
4710,pop9,2,0.0005404949188232422,3.838539123535156e-05
4710,pop19,1,0.0006139278411865234,0.0
4710,pop20,1,0.00047469139099121094,0.0
4711,pop16,3,0.028725067774454754,0.03978603891081392
4711,pop23,2,0.0006097555160522461,9.381771087646484e-05
4711,pop24,4,0.0005964040756225586,5.783739400841791e-05
4711,pop14,1,0.0008206367492675781,0.0
4711,pop50,1,0.0008749961853027344,0.0
4711,pop55,1,0.0005223751068115234,0.0
4712,pop27,5,0.02036561965942383,0.039397754824070916
4712,pop25,1,0.0005123615264892578,0.0
4712,pop17,1,0.0007655620574951172,0.0
4712,pop50,1,0.0008692741394042969,0.0
4712,pop35,1,0.0004830360412597656,0.0
4713,pop37,5,0.014923954010009765,0.028516031278206604
4713,pop52,1,0.0007543563842773438,0.0
4713,pop53,1,0.0008726119995117188,0.0
4713,pop51,1,0.0008234977722167969,0.0
4713,pop19,1,0.0006146430969238281,0.0
4713,pop20,1,0.0006661415100097656,0.0
4714,pop46,2,0.043970465660095215,0.0432814359664917
4714,pop45,1,0.0005371570587158203,0.0
4714,pop44,1,0.0005407333374023438,0.0
4714,pop50,2,0.0009359121322631836,7.748603820800781e-06
4714,pop17,2,0.09792757034301758,0.0034782886505126953
4714,pop25,3,0.0005279382069905599,1.5157039133474258e-05
4714,pop27,3,0.07208649317423503,0.05067109187355477
4714,pop14,2,0.0006103515625,0.0
4714,pop24,3,0.0005863507588704427,6.238503060196022e-05
4714,pop53,1,0.0008463859558105469,0.0
4714,pop52,1,0.0006196498870849609,0.0
4715,pop28,2,0.03797578811645508,0.03734707832336426
4715,pop51,2,0.0007635354995727539,3.2186508178710938e-06
4715,pop4,4,0.0006225705146789551,0.00011253917291699912
4715,pop47,1,0.00046443939208984375,0.0
4716,pop57,2,0.04717433452606201,0.04653298854827881
4716,pop56,1,0.0005424022674560547,0.0
4716,pop48,1,0.0005724430084228516,0.0
4716,pop52,7,0.013185535158429827,0.030554421288243854
4716,pop53,1,0.0010135173797607422,0.0
4716,pop50,1,0.0008158683776855469,0.0
4716,pop55,1,0.0005009174346923828,0.0
4716,pop54,1,0.08515167236328125,0.0
4716,pop12,1,0.09653854370117188,0.0
4716,pop51,1,0.0006451606750488281,0.0
4716,pop19,1,0.0006315708160400391,0.0
4716,pop18,1,0.0005915164947509766,0.0
4717,pop32,5,0.020083284378051756,0.03890820046433899
4717,pop33,1,0.0005576610565185547,0.0
4717,pop50,1,0.0009949207305908203,0.0
4717,pop53,1,0.0008144378662109375,0.0
4717,pop1,1,0.0005691051483154297,0.0
4717,pop6,1,0.00048351287841796875,0.0
4718,pop40,3,0.054373741149902344,0.038044498069386104
4718,pop41,1,0.0005123615264892578,0.0
4718,pop53,1,0.0007076263427734375,0.0
4718,pop54,2,0.0006500482559204102,0.00010716915130615234
4718,pop52,1,0.0006551742553710938,0.0
4718,pop34,1,0.00038886070251464844,0.0
4718,pop35,1,0.00044846534729003906,0.0
4719,pop23,3,0.03181330362955729,0.04414369872166766
4719,pop24,4,0.0005682706832885742,2.3358633667023014e-05
4719,pop16,1,0.0005066394805908203,0.0
4720,pop10,2,0.04004323482513428,0.03939831256866455
4720,pop51,2,0.0006885528564453125,7.2479248046875e-05
4720,pop53,1,0.08351469039916992,0.0
4720,pop50,4,0.000980079174041748,0.00014904159005930294
4720,pop14,1,0.0004858970642089844,0.0
4720,pop27,2,0.0006351470947265625,2.3365020751953125e-05
4720,pop44,3,0.0005288918813069662,3.891135999483108e-05
4720,pop17,3,0.0006504853566487631,1.9618370808278198e-05
4721,pop55,2,0.036112070083618164,0.03544759750366211
4721,pop52,4,0.0007084012031555176,0.00017094091508231975
4721,pop3,1,0.00042700767517089844,0.0
4721,pop0,1,0.00039386749267578125,0.0
4721,pop1,1,0.0005762577056884766,0.0
4721,pop6,1,0.0004508495330810547,0.0
4722,pop27,4,0.04993051290512085,0.049315986456976116
4722,pop25,2,0.000537872314453125,1.33514404296875e-05
4722,pop17,2,0.04908442497253418,0.04851078987121582
4722,pop14,1,0.0005965232849121094,0.0
4722,pop50,2,0.0008748769760131836,7.033348083496094e-06
4722,pop33,2,0.0005449056625366211,7.987022399902344e-06
4722,pop32,2,0.0006268024444580078,9.107589721679688e-05
4722,pop53,1,0.0007097721099853516,0.0
4722,pop1,1,0.0006382465362548828,0.0
4722,pop6,1,0.00047588348388671875,0.0
4723,pop28,2,0.03928864002227783,0.03862440586090088
4723,pop51,1,0.0007002353668212891,0.0
4723,pop53,3,0.0009486675262451172,8.998040574276659e-05
4723,pop50,1,0.0007169246673583984,0.0
4723,pop55,1,0.0006673336029052734,0.0
4724,pop14,3,0.03161851565043131,0.043793858852702414
4724,pop24,4,0.0006570219993591309,8.924969111888003e-05
4724,pop50,1,0.0008635520935058594,0.0
4724,pop53,1,0.0008285045623779297,0.0
4724,pop47,1,0.0004432201385498047,0.0
4725,pop22,5,0.015903759002685546,0.03061826528892805
4725,pop51,1,0.0006718635559082031,0.0
4725,pop50,1,0.0008149147033691406,0.0
4725,pop55,1,0.0006401538848876953,0.0
4726,pop48,2,0.045346856117248535,0.044675230979919434
4726,pop52,2,0.0006176233291625977,3.2782554626464844e-05
4726,pop12,4,0.0005457401275634766,0.00010176145138287307
4726,pop53,1,0.0007486343383789062,0.0
4726,pop51,1,0.0006921291351318359,0.0
4726,pop19,1,0.0006198883056640625,0.0
4726,pop20,1,0.0005159378051757812,0.0
4727,pop47,5,0.014830207824707032,0.02853091864833858
4727,pop53,1,0.0008327960968017578,0.0
4727,pop50,1,0.0008883476257324219,0.0
4727,pop14,1,0.0006480216979980469,0.0
4727,pop24,1,0.0005311965942382812,0.0
4728,pop45,2,0.04428720474243164,0.0436396598815918
4728,pop44,2,0.045365095138549805,0.04471254348754883
4728,pop27,1,0.0006990432739257812,0.0
4728,pop25,1,0.0005288124084472656,0.0
4728,pop17,3,0.0006763140360514323,8.735285683534013e-05
4728,pop50,1,0.0009522438049316406,0.0
4728,pop53,1,0.0007061958312988281,0.0
4728,pop1,1,0.0005850791931152344,0.0
4728,pop6,1,0.0004696846008300781,0.0
4729,pop4,2,0.04124093055725098,0.0405423641204834
4729,pop51,1,0.0006918907165527344,0.0
4729,pop53,4,0.0007954835891723633,8.832185611705135e-05
4729,pop7,1,0.0004086494445800781,0.0
4730,pop37,5,0.014931726455688476,0.028713077599911412
4730,pop33,1,0.0006854534149169922,0.0
4730,pop50,1,0.0009443759918212891,0.0
4730,pop16,1,0.0005185604095458984,0.0
4731,pop46,2,0.04374217987060547,0.04307913780212402
4731,pop45,1,0.0006582736968994141,0.0
4731,pop44,2,0.049927711486816406,0.04941439628601074
4731,pop50,4,0.0010511279106140137,0.00023039047270396424
4731,pop14,3,0.0373373826344808,0.05173588294132582
4731,pop27,2,0.0005908012390136719,8.20159912109375e-05
4731,pop25,2,0.0005092620849609375,4.1961669921875e-05
4731,pop17,2,0.05228579044342041,0.05167067050933838
4731,pop16,3,0.000556786855061849,7.175206598911848e-05
4731,pop23,4,0.000512540340423584,0.00011972510975327302
4731,pop24,3,0.03975963592529297,0.055485243925812576
4731,pop51,1,0.0008666515350341797,0.0
4731,pop19,1,0.00036787986755371094,0.0
4731,pop18,1,0.0003838539123535156,0.0
4732,pop32,5,0.019554328918457032,0.03792631312546458
4732,pop33,1,0.0005104541778564453,0.0
4732,pop50,1,0.0009016990661621094,0.0
4732,pop53,1,0.0006403923034667969,0.0
4732,pop7,1,0.0006229877471923828,0.0
4733,pop24,4,0.025574684143066406,0.043190935009495494
4733,pop14,1,0.0007295608520507812,0.0
4733,pop50,1,0.000946044921875,0.0
4733,pop51,1,0.0008873939514160156,0.0
4734,pop18,3,0.030832529067993164,0.04275228586397967
4734,pop38,1,0.0974876880645752,0.0
4734,pop19,1,0.0006260871887207031,0.0
4734,pop51,1,0.0007541179656982422,0.0
4734,pop50,3,0.0008877913157145182,3.4689334290839164e-05
4734,pop17,2,0.05081939697265625,0.05021929740905762
4734,pop44,1,0.0960240364074707,0.0
4734,pop55,1,0.08118534088134766,0.0
4734,pop52,2,0.0006902217864990234,0.00012755393981933594
4734,pop12,3,0.0005710124969482422,5.462370320306365e-05
4734,pop53,1,0.0006794929504394531,0.0
4734,pop7,1,0.00045990943908691406,0.0
4735,pop21,2,0.04985535144805908,0.049233317375183105
4735,pop23,1,0.0006003379821777344,0.0
4735,pop24,1,0.10373306274414062,0.0
4735,pop14,1,0.0006072521209716797,0.0
4735,pop50,2,0.0010323524475097656,0.00015115737915039062
4735,pop44,1,0.0005426406860351562,0.0
4735,pop27,1,0.000530242919921875,0.0
4735,pop25,1,0.0005872249603271484,0.0
4735,pop17,3,0.0007313887278238932,0.0001257811605244855
4735,pop53,1,0.0007035732269287109,0.0
4735,pop47,1,0.00047397613525390625,0.0
4736,pop53,4,0.020739972591400146,0.034404888036096065
4736,pop1,2,0.0006258487701416016,1.33514404296875e-05
4736,pop6,1,0.09432554244995117,0.0
4736,pop54,1,0.0005831718444824219,0.0
4736,pop52,2,0.0006331205368041992,9.894371032714844e-06
4736,pop12,3,0.0005269845326741537,5.608374426796778e-05
4736,pop7,1,0.00044345855712890625,0.0
4737,pop31,2,0.03905534744262695,0.03839850425720215
4737,pop30,1,0.0004711151123046875,0.0
4737,pop48,1,0.0005586147308349609,0.0
4737,pop52,1,0.0009407997131347656,0.0
4738,pop56,5,0.019843006134033205,0.03848013249659501
4738,pop48,1,0.0005669593811035156,0.0
4738,pop52,1,0.0005955696105957031,0.0
4739,pop33,3,0.030529896418253582,0.042306772716776
4739,pop32,3,0.000648339589436849,0.00010926688769679805
4739,pop50,1,0.0008876323699951172,0.0
4739,pop51,1,0.000835418701171875,0.0
4739,pop19,1,0.0006160736083984375,0.0
4739,pop20,1,0.0005524158477783203,0.0
4740,pop36,2,0.03872108459472656,0.03809857368469238
4740,pop10,2,0.04401063919067383,0.043485164642333984
4740,pop51,2,0.0008122920989990234,1.6927719116210938e-05
4740,pop4,3,0.0005737145741780599,3.738148538942527e-05
4741,pop10,3,0.054285923639933266,0.03791452803830823
4741,pop51,2,0.0007615089416503906,2.384185791015625e-07
4741,pop43,2,0.0005093812942504883,5.602836608886719e-06
4741,pop40,3,0.000598748524983724,8.718806585394507e-05
4741,pop19,1,0.0006146430969238281,0.0
4741,pop18,1,0.0005104541778564453,0.0
4742,pop55,2,0.038481950759887695,0.03780317306518555
4742,pop50,2,0.0008407831192016602,5.638599395751953e-05
4742,pop44,2,0.045832157135009766,0.04522585868835449
4742,pop14,1,0.1009681224822998,0.0
4742,pop24,3,0.0006496906280517578,6.610431893231906e-05
4742,pop23,1,0.0005476474761962891,0.0
4742,pop16,1,0.0005047321319580078,0.0
4743,pop48,3,0.05970168113708496,0.04175366291565526
4743,pop52,2,0.0008072853088378906,0.0001583099365234375
4743,pop12,3,0.0006173451741536459,0.00016314456076002093
4743,pop51,1,0.0008211135864257812,0.0
4743,pop10,1,0.0005240440368652344,0.0
4744,pop46,2,0.043889760971069336,0.043244123458862305
4744,pop20,4,0.0006248354911804199,7.873543455123917e-05
4744,pop19,1,0.0006051063537597656,0.0
4744,pop51,1,0.0006871223449707031,0.0
4744,pop53,1,0.0007960796356201172,0.0
4744,pop7,1,0.0004429817199707031,0.0
4745,pop6,3,0.0630797545115153,0.04414182461627797
4745,pop1,1,0.0005896091461181641,0.0
4745,pop53,3,0.0008587042490641276,0.00010059650597112028
4745,pop51,1,0.0006892681121826172,0.0
4745,pop10,1,0.0005233287811279297,0.0
4746,pop52,2,0.04210102558135986,0.04136478900909424
4746,pop54,3,0.000602881113688151,0.00010080385894723498
4746,pop53,1,0.0008075237274169922,0.0
4746,pop50,1,0.0006890296936035156,0.0
4746,pop16,1,0.00048470497131347656,0.0
4747,pop41,2,0.04203486442565918,0.041367530822753906
4747,pop53,3,0.0008948644002278646,9.543224622369119e-05
4747,pop50,1,0.0007183551788330078,0.0
4747,pop55,1,0.0004999637603759766,0.0
4748,pop22,5,0.016080141067504883,0.03093042793833289
4748,pop51,1,0.0006265640258789062,0.0
4748,pop47,1,0.0006449222564697266,0.0
4749,pop4,3,0.0568693478902181,0.03973094793796361
4749,pop51,1,0.0011188983917236328,0.0
4749,pop53,1,0.0008776187896728516,0.0
4749,pop50,3,0.0009469191233317057,2.1560153424824508e-05
4749,pop17,1,0.10094094276428223,0.0
4749,pop33,2,0.0005797147750854492,7.140636444091797e-05
4749,pop32,2,0.0006633996963500977,1.990795135498047e-05
4749,pop55,1,0.0004570484161376953,0.0
4750,pop37,4,0.018182575702667236,0.030408141957908336
4750,pop52,1,0.0008971691131591797,0.0
4750,pop3,1,0.0004162788391113281,0.0
4750,pop0,1,0.0004467964172363281,0.0
4750,pop1,1,0.0005130767822265625,0.0
4750,pop15,1,0.00042724609375,0.0
4751,pop24,4,0.02500736713409424,0.04220486983240846
4751,pop14,1,0.0005857944488525391,0.0
4751,pop50,1,0.0008757114410400391,0.0
4751,pop53,1,0.0007030963897705078,0.0
4751,pop7,1,0.00041985511779785156,0.0
4752,pop56,3,0.03239703178405762,0.04492012101708831
4752,pop48,2,0.0006268024444580078,0.00010848045349121094
4752,pop52,3,0.03022313117980957,0.041694823331498695
4752,pop54,3,0.05629301071166992,0.03950833552077338
4752,pop53,1,0.0827169418334961,0.0
4752,pop55,2,0.041251301765441895,0.040629029273986816
4752,pop50,2,0.0009313821792602539,3.612041473388672e-05
4752,pop17,3,0.0006624062856038412,7.952974191151991e-05
4752,pop14,1,0.0005445480346679688,0.0
4752,pop24,1,0.0005552768707275391,0.0
4753,pop36,2,0.04020416736602783,0.03953087329864502
4753,pop51,2,0.0006041526794433594,0.0002071857452392578
4753,pop53,4,0.0425572395324707,0.041807504970217395
4753,pop54,1,0.08282232284545898,0.0
4753,pop41,2,0.0005245208740234375,2.193450927734375e-05
4753,pop40,1,0.08812642097473145,0.0
4753,pop50,3,0.0011246204376220703,0.0001925061354319724
4753,pop44,2,0.0005782842636108398,1.990795135498047e-05
4753,pop27,1,0.0006844997406005859,0.0
4753,pop17,3,0.0006686051686604818,8.983295119666308e-05
4753,pop10,1,0.0002713203430175781,0.0
4754,pop8,2,0.04074907302856445,0.04011368751525879
4754,pop51,3,0.0007619857788085938,8.201321885502173e-05
4754,pop19,2,0.0007488727569580078,9.012222290039062e-05
4754,pop20,1,0.09243512153625488,0.0
4754,pop4,1,0.0882563591003418,0.0
4754,pop50,3,0.0009236335754394531,0.00027562184574267683
4754,pop53,2,0.0007938146591186523,0.0004099607467651367
4754,pop33,2,0.0005353689193725586,2.0623207092285156e-05
4754,pop32,1,0.10524892807006836,0.0
4754,pop37,3,0.0005666414896647135,9.588979343154758e-05
4754,pop52,1,0.0003190040588378906,0.0
4754,pop1,1,0.0003285408020019531,0.0
4754,pop15,1,0.00022864341735839844,0.0
4755,pop57,2,0.0488208532333374,0.04814326763153076
4755,pop56,1,0.0005462169647216797,0.0
4755,pop48,1,0.0005209445953369141,0.0
4755,pop52,2,0.0006406307220458984,4.7206878662109375e-05
4755,pop12,4,0.0005971193313598633,7.535168178073655e-05
4756,pop21,2,0.050246238708496094,0.049570560455322266
4756,pop23,1,0.0005383491516113281,0.0
4756,pop24,4,0.0005561113357543945,3.446055824092023e-05
4757,pop48,4,0.04624968767166138,0.04563908426574328
4757,pop56,2,0.04907083511352539,0.04859352111816406
4757,pop49,2,0.0005570650100708008,6.449222564697266e-05
4757,pop52,1,0.0005505084991455078,0.0
4757,pop53,1,0.0007681846618652344,0.0
4757,pop7,1,0.00043129920959472656,0.0
4758,pop6,3,0.06215373675028483,0.04349815158110526
4758,pop1,2,0.0006642341613769531,8.96453857421875e-05
4758,pop53,2,0.0008050203323364258,1.5616416931152344e-05
4758,pop50,2,0.0008552074432373047,4.1961669921875e-05
4758,pop17,3,0.0006759961446126302,8.701686606777001e-05
4758,pop15,1,0.00040531158447265625,0.0
4759,pop38,3,0.06470290819803874,0.04530790697506972
4759,pop18,1,0.0005106925964355469,0.0
4759,pop19,1,0.0006439685821533203,0.0
4759,pop51,2,0.0007687807083129883,2.968311309814453e-05
4759,pop9,3,0.0005651315053304037,0.00012166861371293597
4759,pop50,1,0.0009150505065917969,0.0
4759,pop14,1,0.0006480216979980469,0.0
4759,pop24,1,0.0005388259887695312,0.0
4760,pop39,2,0.04240226745605469,0.041762590408325195
4760,pop44,1,0.0006616115570068359,0.0
4760,pop50,4,0.0009503364562988281,0.0001637636286437352
4760,pop14,1,0.09803438186645508,0.0
4760,pop32,3,0.03610873222351074,0.05030294548296556
4760,pop33,1,0.0005521774291992188,0.0
4760,pop17,2,0.0007251501083374023,0.00012981891632080078
4760,pop53,1,0.0009775161743164062,0.0
4760,pop1,1,0.0007460117340087891,0.0
4760,pop6,1,0.00048661231994628906,0.0
4761,pop23,4,0.024394869804382324,0.041101472506303
4761,pop16,1,0.0004930496215820312,0.0
4761,pop50,1,0.0008208751678466797,0.0
4761,pop53,1,0.0007765293121337891,0.0
4761,pop7,1,0.0004324913024902344,0.0
4762,pop27,2,0.0504535436630249,0.04980051517486572
4762,pop25,1,0.0005540847778320312,0.0
4762,pop17,4,0.000691533088684082,5.301812212368212e-05
4762,pop50,1,0.0008816719055175781,0.0
4762,pop16,1,0.0005764961242675781,0.0
4763,pop4,5,0.017180633544921876,0.03304439281197972
4763,pop51,1,0.0006723403930664062,0.0
4763,pop50,1,0.0008897781372070312,0.0
4763,pop55,1,0.0005435943603515625,0.0
4764,pop21,5,0.019978761672973633,0.038841750735439246
4764,pop23,1,0.00055694580078125,0.0
4764,pop16,1,0.00048661231994628906,0.0
4765,pop50,3,0.02921120325724284,0.03973382889436914
4765,pop44,1,0.0005359649658203125,0.0
4765,pop27,1,0.0005064010620117188,0.0
4765,pop25,1,0.0005257129669189453,0.0
4765,pop17,2,0.051651954650878906,0.050994873046875
4765,pop53,2,0.04516041278839111,0.044476866722106934
4765,pop54,2,0.0006493330001831055,0.00012052059173583984
4765,pop51,1,0.0005972385406494141,0.0
4765,pop19,1,0.0005753040313720703,0.0
4765,pop18,1,0.0006563663482666016,0.0
4766,pop32,4,0.024678289890289307,0.04164137138667509
4766,pop33,1,0.0007038116455078125,0.0
4766,pop50,1,0.0008165836334228516,0.0
4766,pop53,1,0.000843048095703125,0.0
4766,pop7,1,0.0004451274871826172,0.0
4767,pop6,2,0.047434329986572266,0.046804189682006836
4767,pop1,1,0.0005984306335449219,0.0
4767,pop53,1,0.0007472038269042969,0.0
4767,pop50,2,0.0007953643798828125,0.00011801719665527344
4767,pop17,4,0.0006326436996459961,4.7151003869692716e-05
4767,pop16,1,0.0005397796630859375,0.0
4768,pop27,3,0.033708413441975914,0.04679781229647065
4768,pop25,2,0.0005234479904174805,1.1920928955078125e-07
4768,pop17,1,0.09585046768188477,0.0
4768,pop14,2,0.05200648307800293,0.05139899253845215
4768,pop24,2,0.0004954338073730469,2.193450927734375e-05
4769,pop4,2,0.04201662540435791,0.04132664203643799
4769,pop51,2,0.00091552734375,1.0728836059570312e-05
4769,pop9,4,0.0005018711090087891,1.727753495576071e-05
4770,pop30,2,0.03877449035644531,0.03814339637756348
4770,pop31,1,0.0005421638488769531,0.0
4770,pop17,3,0.0332331657409668,0.046120959323333946
4770,pop50,2,0.0010159015655517578,0.00014710426330566406
4770,pop53,1,0.0008525848388671875,0.0
4770,pop52,1,0.0006244182586669922,0.0
4770,pop55,2,0.0005899667739868164,8.404254913330078e-05
4770,pop51,1,0.0007870197296142578,0.0
4771,pop9,5,0.01644730567932129,0.03173531371587767
4771,pop51,1,0.0007894039154052734,0.0
4771,pop53,1,0.0008184909820556641,0.0
4771,pop1,1,0.0005943775177001953,0.0
4771,pop6,1,0.0006206035614013672,0.0
4772,pop44,3,0.05970287322998047,0.04171303382697615
4772,pop50,3,0.0008483727773030599,6.652756583250674e-05
4772,pop17,1,0.09778547286987305,0.0
4772,pop33,2,0.0005652904510498047,1.2874603271484375e-05
4772,pop32,2,0.0534745454788208,0.05297291278839111
4772,pop37,2,0.0005670785903930664,6.306171417236328e-05
4772,pop52,1,0.0005600452423095703,0.0
4772,pop34,1,0.0004706382751464844,0.0
4772,pop35,1,0.00042939186096191406,0.0
4773,pop53,2,0.04067075252532959,0.03984057903289795
4773,pop52,2,0.0006699562072753906,9.179115295410156e-05
4773,pop12,4,0.0005204677581787109,3.047890373246313e-05
4774,pop31,2,0.03958618640899658,0.038925766944885254
4774,pop17,4,0.0006877779960632324,9.315401300004808e-05
4774,pop50,1,0.0009586811065673828,0.0
4774,pop51,1,0.0008375644683837891,0.0
4774,pop19,1,0.0006690025329589844,0.0
4774,pop18,1,0.00048089027404785156,0.0
4775,pop55,2,0.0377274751663208,0.03708207607269287
4775,pop50,4,0.0008780360221862793,0.00020594669281135997
4775,pop14,1,0.000644683837890625,0.0
4775,pop27,1,0.0006694793701171875,0.0
4775,pop25,1,0.0005824565887451172,0.0
4775,pop17,5,0.021497488021850586,0.041568815107258635
4775,pop44,1,0.09557223320007324,0.0
4775,pop51,1,0.0009379386901855469,0.0
4775,pop19,1,0.0006344318389892578,0.0
4775,pop20,1,0.0005059242248535156,0.0
4776,pop38,2,0.04791569709777832,0.04725337028503418
4776,pop39,1,0.000507354736328125,0.0
4776,pop44,1,0.09501910209655762,0.0
4776,pop50,2,0.0008360147476196289,0.00010669231414794922
4776,pop33,2,0.0005296468734741211,7.033348083496094e-06
4776,pop32,4,0.0005992650985717773,6.794856305313693e-05
4776,pop14,1,0.0006148815155029297,0.0
4776,pop24,1,0.0005972385406494141,0.0
4777,pop21,2,0.05078160762786865,0.05011546611785889
4777,pop23,1,0.0005502700805664062,0.0
4777,pop24,4,0.000696718692779541,0.00014474652650002924
4777,pop14,1,0.0005865097045898438,0.0
4777,pop50,1,0.0010006427764892578,0.0
4777,pop51,1,0.0009350776672363281,0.0
4777,pop19,1,0.0006432533264160156,0.0
4777,pop18,1,0.00047898292541503906,0.0
4778,pop32,4,0.02466869354248047,0.0416543538091369
4778,pop33,1,0.0005335807800292969,0.0
4778,pop50,1,0.0007565021514892578,0.0
4778,pop51,1,0.0007128715515136719,0.0
4778,pop10,1,0.0005266666412353516,0.0
4779,pop6,5,0.018796825408935548,0.036537156225766476
4779,pop1,1,0.0006003379821777344,0.0
4779,pop15,1,0.00041103363037109375,0.0
4780,pop42,2,0.042020559310913086,0.04136991500854492
4780,pop43,1,0.00054931640625,0.0
4780,pop51,1,0.0007410049438476562,0.0
4780,pop50,2,0.0008680820465087891,3.0279159545898438e-05
4780,pop17,3,0.03354787826538086,0.04657665140400765
4780,pop55,2,0.0005383491516113281,2.2411346435546875e-05
4780,pop52,1,0.0006165504455566406,0.0
4781,pop41,3,0.02801799774169922,0.038767700802056757
4781,pop53,2,0.0008919239044189453,8.893013000488281e-05
4781,pop51,1,0.0012288093566894531,0.0
4781,pop43,1,0.0005309581756591797,0.0
4781,pop40,1,0.000457763671875,0.0
4781,pop50,5,0.0009510040283203125,0.00012225582138413905
4781,pop17,3,0.06977160771687825,0.04894293112100621
4781,pop14,3,0.03714378674825033,0.05152504258082716
4781,pop24,6,0.03799899419148763,0.053169647304906004
4781,pop23,2,0.10684084892272949,0.0029201507568359375
4781,pop16,1,0.00047779083251953125,0.0
4781,pop25,2,0.0005979537963867188,0.00010156631469726562
4781,pop27,1,0.0006871223449707031,0.0
4782,pop24,4,0.025975406169891357,0.043837269438447964
4782,pop23,3,0.03404768308003744,0.04734063285975695
4782,pop14,1,0.0005941390991210938,0.0
4782,pop50,1,0.0008471012115478516,0.0
4782,pop53,1,0.0009133815765380859,0.0
4782,pop7,1,0.0005667209625244141,0.0
4783,pop56,2,0.04770326614379883,0.04703545570373535
4783,pop48,1,0.0006253719329833984,0.0
4783,pop52,2,0.0006374120712280273,5.6862831115722656e-05
4783,pop12,4,0.0005316734313964844,6.430432398618345e-05
4783,pop53,1,0.0008873939514160156,0.0
4783,pop50,1,0.0009062290191650391,0.0
4783,pop44,1,0.0007114410400390625,0.0
4784,pop30,2,0.03916001319885254,0.03851461410522461
4784,pop48,4,0.02406024932861328,0.04068070954848895
4784,pop56,1,0.10288858413696289,0.0
4784,pop2,2,0.0005322694778442383,2.205371856689453e-05
4784,pop49,1,0.00048828125,0.0
4784,pop52,1,0.0006227493286132812,0.0
4785,pop53,2,0.04186832904815674,0.04102146625518799
4785,pop50,2,0.0008054971694946289,8.33272933959961e-05
4785,pop17,4,0.0006217360496520996,4.898511915380349e-05
4785,pop44,1,0.0005679130554199219,0.0
4786,pop38,2,0.048172950744628906,0.047521114349365234
4786,pop18,1,0.0005831718444824219,0.0
4786,pop19,1,0.0006036758422851562,0.0
4786,pop51,1,0.000997781753540039,0.0
4786,pop50,2,0.0008386373519897461,4.4465065002441406e-05
4786,pop17,1,0.10165190696716309,0.0
4786,pop33,1,0.0011239051818847656,0.0
4786,pop37,1,0.0006275177001953125,0.0
4787,pop16,3,0.02944072087605794,0.040834066145847864
4787,pop23,4,0.0006163120269775391,5.041665141091107e-05
4787,pop50,1,0.0007157325744628906,0.0
4787,pop51,1,0.0007624626159667969,0.0
4787,pop19,1,0.0006337165832519531,0.0
4787,pop18,1,0.00051116943359375,0.0
4788,pop40,4,0.020264387130737305,0.03398307642488182
4788,pop41,1,0.0005085468292236328,0.0
4788,pop53,1,0.0009174346923828125,0.0
4788,pop47,1,0.00043702125549316406,0.0
4789,pop57,2,0.05028402805328369,0.0496293306350708
4789,pop56,4,0.0005360841751098633,7.065290316012706e-05
4789,pop48,1,0.0005755424499511719,0.0
4789,pop52,1,0.0005996227264404297,0.0
4789,pop53,1,0.0007998943328857422,0.0
4789,pop51,1,0.0008466243743896484,0.0
4790,pop44,4,0.04602867364883423,0.04539479199984234
4790,pop50,2,0.0008558034896850586,1.8477439880371094e-05
4790,pop33,2,0.0005426406860351562,1.9550323486328125e-05
4790,pop32,2,0.0006518363952636719,0.00012350082397460938
4790,pop35,1,0.0004398822784423828,0.0
4791,pop32,5,0.01985936164855957,0.038543951679401625
4791,pop33,1,0.000591278076171875,0.0
4791,pop50,1,0.000888824462890625,0.0
4791,pop51,1,0.0007824897766113281,0.0
4792,pop56,3,0.03160667419433594,0.043864100995646194
4792,pop48,3,0.03384868303934733,0.04711281543698552
4792,pop52,7,0.013453926358904158,0.03140803631739615
4792,pop12,4,0.023084282875061035,0.03891354190840528
4792,pop54,3,0.05843997001647949,0.04117893418670799
4792,pop55,2,0.04043996334075928,0.040000081062316895
4792,pop49,2,0.05359065532684326,0.05296790599822998
4792,pop2,1,0.10740780830383301,0.0
4792,pop53,1,0.0010890960693359375,0.0
4792,pop50,1,0.0004146099090576172,0.0
4792,pop14,1,0.0004966259002685547,0.0
4792,pop24,1,0.0004277229309082031,0.0
4793,pop28,2,0.03896522521972656,0.03835797309875488
4793,pop51,2,0.0007480382919311523,5.066394805908203e-05
4793,pop4,3,0.030277013778686523,0.041937677100048844
4793,pop10,2,0.0006194114685058594,5.4836273193359375e-05
4794,pop23,4,0.024507462978363037,0.041156197995516244
4794,pop16,1,0.0006206035614013672,0.0
4794,pop50,1,0.0009558200836181641,0.0
4794,pop53,1,0.0008573532104492188,0.0
4794,pop7,1,0.0004858970642089844,0.0
4795,pop38,4,0.02458012104034424,0.04160347802909091
4795,pop18,1,0.0005109310150146484,0.0
4795,pop19,1,0.0005524158477783203,0.0
4795,pop51,1,0.0009315013885498047,0.0
4796,pop44,2,0.04485619068145752,0.04397237300872803
4796,pop27,1,0.0006206035614013672,0.0
4796,pop25,1,0.0005893707275390625,0.0
4796,pop17,4,0.0006977319717407227,8.870749243447788e-05
4796,pop50,1,0.0008475780487060547,0.0
4796,pop35,1,0.0005476474761962891,0.0
4797,pop56,2,0.04800605773925781,0.04734325408935547
4797,pop48,1,0.0006866455078125,0.0
4797,pop52,1,0.001066446304321289,0.0
4798,pop14,3,0.03261089324951172,0.04516762601411602
4798,pop24,5,0.0006172657012939453,0.00012479403281755253
4798,pop23,1,0.09633374214172363,0.0
4798,pop50,1,0.0008747577667236328,0.0
4798,pop53,1,0.0008232593536376953,0.0
4798,pop7,1,0.0004115104675292969,0.0
4799,pop47,4,0.01897364854812622,0.031778068912354615
4799,pop53,1,0.00081634521484375,0.0
4799,pop1,1,0.0005764961242675781,0.0
4799,pop6,1,0.00044727325439453125,0.0
4800,pop45,2,0.044501304626464844,0.043886423110961914
4800,pop46,1,0.0005679130554199219,0.0
4800,pop20,3,0.0006100336710611979,0.00011673786729586129
4800,pop19,1,0.0006113052368164062,0.0
4800,pop51,1,0.0007753372192382812,0.0
4800,pop50,1,0.0008742809295654297,0.0
4800,pop14,1,0.0006239414215087891,0.0
4800,pop24,1,0.0005078315734863281,0.0
4801,pop50,3,0.029274940490722656,0.04014352779838697
4801,pop17,3,0.0006903807322184244,3.0567414929827585e-05
4801,pop14,1,0.0005714893341064453,0.0
4801,pop24,1,0.0005574226379394531,0.0
4802,pop4,5,0.017848730087280273,0.03445727660750444
4802,pop51,1,0.0007798671722412109,0.0
4802,pop50,1,0.0008914470672607422,0.0
4802,pop14,1,0.0007288455963134766,0.0
4802,pop24,1,0.0005466938018798828,0.0
4803,pop57,2,0.049738526344299316,0.049109816551208496
4803,pop56,1,0.000568389892578125,0.0
4803,pop48,2,0.0464937686920166,0.04580330848693848
4803,pop52,3,0.0008756319681803385,0.00012813016580488204
4803,pop55,1,0.0004858970642089844,0.0
4803,pop50,1,0.00090789794921875,0.0
4803,pop53,1,0.0008783340454101562,0.0
4803,pop54,1,0.08475399017333984,0.0
4803,pop12,2,0.000638127326965332,3.1828880310058594e-05
4803,pop3,1,0.00041365623474121094,0.0
4803,pop0,1,0.00045490264892578125,0.0
4803,pop1,1,0.0005986690521240234,0.0
4803,pop15,1,0.00042819976806640625,0.0
4804,pop32,2,0.050206661224365234,0.04953408241271973
4804,pop33,1,0.0005228519439697266,0.0
4804,pop37,4,0.000548243522644043,8.036766368230289e-05
4804,pop52,1,0.0006325244903564453,0.0
4804,pop34,1,0.0004863739013671875,0.0
4804,pop35,1,0.0005695819854736328,0.0
4805,pop18,3,0.03075440724690755,0.042650888308274376
4805,pop38,1,0.10020661354064941,0.0
4805,pop19,2,0.0006299018859863281,1.430511474609375e-06
4805,pop20,4,0.0005597472190856934,9.629976616305602e-05
4805,pop51,1,0.0007472038269042969,0.0
4805,pop53,1,0.0007851123809814453,0.0
4805,pop1,1,0.0005908012390136719,0.0
4805,pop15,1,0.00040531158447265625,0.0
4806,pop33,3,0.031568447748819985,0.04376203695536856
4806,pop32,3,0.0005706151326497396,3.654023466928052e-05
4806,pop50,1,0.0008039474487304688,0.0
4806,pop16,1,0.0004849433898925781,0.0
4807,pop10,5,0.01762847900390625,0.03402752325790963
4807,pop51,1,0.0008051395416259766,0.0
4807,pop50,1,0.0008256435394287109,0.0
4807,pop55,1,0.0005230903625488281,0.0
4808,pop46,2,0.04447674751281738,0.0438084602355957
4808,pop45,1,0.0006527900695800781,0.0
4808,pop44,1,0.09310388565063477,0.0
4808,pop50,2,0.0007783174514770508,6.0677528381347656e-05
4808,pop33,3,0.0005822181701660156,7.45867924815254e-05
4808,pop32,2,0.05350172519683838,0.052988409996032715
4808,pop37,2,0.0007513761520385742,0.00026810169219970703
4808,pop53,1,0.0008146762847900391,0.0
4808,pop1,1,0.0005738735198974609,0.0
4808,pop6,1,0.0004773139953613281,0.0
4809,pop31,3,0.02669676144917806,0.036957403642511134
4809,pop17,5,0.02084341049194336,0.04016672078001837
4809,pop25,2,0.0005249977111816406,1.0013580322265625e-05
4809,pop27,1,0.11241936683654785,0.0
4809,pop30,1,0.0006172657012939453,0.0
4809,pop48,1,0.0005648136138916016,0.0
4809,pop52,1,0.0006551742553710938,0.0
4809,pop53,1,0.00041294097900390625,0.0
4809,pop47,1,0.0004265308380126953,0.0
4810,pop21,5,0.021013259887695312,0.040874177614091255
4810,pop23,1,0.0005488395690917969,0.0
4810,pop16,1,0.0004894733428955078,0.0
4810,pop50,1,0.0008561611175537109,0.0
4810,pop55,1,0.00048232078552246094,0.0
4811,pop6,5,0.01936817169189453,0.03755362718011511
4811,pop1,1,0.0006563663482666016,0.0
4811,pop53,1,0.0008575916290283203,0.0
4811,pop51,1,0.0007843971252441406,0.0
4811,pop19,1,0.0006699562072753906,0.0
4811,pop18,1,0.0005006790161132812,0.0
4812,pop38,3,0.06437643369038899,0.04505930688789129
4812,pop18,1,0.0005345344543457031,0.0
4812,pop19,1,0.000804901123046875,0.0
4812,pop51,2,0.0008062124252319336,1.1920928955078125e-07
4812,pop10,1,0.08631634712219238,0.0
4812,pop50,2,0.0008827447891235352,1.4185905456542969e-05
4812,pop17,2,0.0007655620574951172,0.00014853477478027344
4812,pop25,1,0.0005128383636474609,0.0
4812,pop27,1,0.00054931640625,0.0
4812,pop44,1,0.0005805492401123047,0.0
4812,pop55,1,0.0005140304565429688,0.0
4813,pop45,2,0.04660749435424805,0.045932769775390625
4813,pop44,1,0.0005774497985839844,0.0
4813,pop50,2,0.0009183883666992188,3.62396240234375e-05
4813,pop16,2,0.0005668401718139648,5.924701690673828e-05
4813,pop23,4,0.025620102882385254,0.04342167441850963
4813,pop21,1,0.1030271053314209,0.0
4813,pop24,3,0.0006176630655924479,0.00011820951412602172
4813,pop14,1,0.0009596347808837891,0.0
4813,pop51,1,0.0006191730499267578,0.0
4813,pop19,1,0.0006358623504638672,0.0
4813,pop18,1,0.0005292892456054688,0.0
4814,pop52,3,0.0279999574025472,0.03862335890750735
4814,pop48,2,0.04733014106750488,0.04679298400878906
4814,pop49,3,0.0005904038747151693,0.00011823611927662964
4814,pop53,1,0.0008521080017089844,0.0
4814,pop47,1,0.0004703998565673828,0.0
4815,pop22,5,0.016518640518188476,0.03186991301448904
4815,pop21,1,0.0004773139953613281,0.0
4815,pop23,1,0.0005564689636230469,0.0
4815,pop24,1,0.00054931640625,0.0
4816,pop37,5,0.015552663803100586,0.029995705457167773
4816,pop52,1,0.000637054443359375,0.0
4817,pop36,2,0.03992331027984619,0.039298415184020996
4817,pop51,2,0.0008918046951293945,0.00014960765838623047
4817,pop4,1,0.0872344970703125,0.0
4817,pop53,1,0.0007307529449462891,0.0
4817,pop50,3,0.0008372465769449869,0.00010301546626706233
4817,pop44,4,0.02470630407333374,0.04187141437701544
4817,pop17,1,0.10587668418884277,0.0
4817,pop25,1,0.0005488395690917969,0.0
4817,pop27,1,0.00048542022705078125,0.0
4817,pop55,2,0.0004968643188476562,3.814697265625e-06
4818,pop24,4,0.02566605806350708,0.043273964495607706
4818,pop14,1,0.00061798095703125,0.0
4818,pop50,1,0.0008869171142578125,0.0
4818,pop53,1,0.0008144378662109375,0.0
4818,pop47,1,0.0005230903625488281,0.0
4819,pop53,5,0.017332124710083007,0.03308065239301651
4819,pop50,1,0.001046895980834961,0.0
4819,pop44,1,0.0005643367767333984,0.0
4820,pop47,2,0.036670804023742676,0.036061882972717285
4820,pop51,2,0.0008096694946289062,0.00012922286987304688
4820,pop4,1,0.08846831321716309,0.0
4820,pop22,4,0.0005453228950500488,3.8472801325840786e-05
4820,pop21,1,0.0005054473876953125,0.0
4820,pop23,1,0.0005702972412109375,0.0
4820,pop24,1,0.0005469322204589844,0.0
4821,pop57,2,0.04876744747161865,0.04814255237579346
4821,pop56,1,0.10111618041992188,0.0
4821,pop2,3,0.0005899270375569662,0.00013363360767854133
4821,pop49,1,0.0005104541778564453,0.0
4821,pop48,1,0.0005550384521484375,0.0
4821,pop52,1,0.0005710124969482422,0.0
4821,pop53,1,0.0008604526519775391,0.0
4821,pop51,1,0.0008456707000732422,0.0
4821,pop19,1,0.0006005764007568359,0.0
4821,pop18,1,0.0006444454193115234,0.0
4822,pop32,5,0.021056556701660158,0.040909247675420354
4822,pop33,1,0.0005216598510742188,0.0
4822,pop50,1,0.0009596347808837891,0.0
4822,pop55,1,0.0005078315734863281,0.0
4823,pop31,2,0.040963172912597656,0.04032015800476074
4823,pop30,1,0.0004093647003173828,0.0
4823,pop48,4,0.0006533265113830566,0.0001231925634367299
4823,pop52,1,0.0005841255187988281,0.0
4823,pop53,1,0.0008616447448730469,0.0
4823,pop50,1,0.0007889270782470703,0.0
4823,pop14,1,0.00066375732421875,0.0
4823,pop24,1,0.0005347728729248047,0.0
4824,pop6,3,0.06375400225321452,0.04467992776790246
4824,pop1,1,0.0006074905395507812,0.0
4824,pop53,3,0.0008741219838460287,0.00010964789551204241
4824,pop47,2,0.03926098346710205,0.0387495756149292
4825,pop38,5,0.01937999725341797,0.037514645924618756
4825,pop18,1,0.0005238056182861328,0.0
4825,pop19,1,0.0006458759307861328,0.0
4825,pop51,1,0.0008895397186279297,0.0
4825,pop50,1,0.0009324550628662109,0.0
4825,pop35,1,0.0004382133483886719,0.0
4826,pop45,2,0.047482967376708984,0.0467836856842041
4826,pop44,2,0.04627954959869385,0.04580223560333252
4826,pop50,2,0.0008358955383300781,6.699562072753906e-05
4826,pop33,3,0.0005233287811279297,1.6171506496683938e-05
4826,pop32,2,0.05365753173828125,0.05312967300415039
4826,pop37,2,0.0006837844848632812,0.00016760826110839844
4826,pop14,1,0.0005335807800292969,0.0
4826,pop24,1,0.0004990100860595703,0.0
4827,pop8,2,0.04074573516845703,0.04011034965515137
4827,pop51,5,0.0007471561431884766,7.372146123730836e-05
4827,pop4,1,0.08527994155883789,0.0
4827,pop10,1,0.08819007873535156,0.0
4827,pop50,3,0.0008703867594401041,0.00018594472029529542
4827,pop53,1,0.0010097026824951172,0.0
4827,pop33,2,0.0005650520324707031,3.0994415283203125e-05
4827,pop32,3,0.0006425380706787109,0.0001105153484621988
4827,pop19,1,0.0006771087646484375,0.0
4827,pop18,1,0.0005030632019042969,0.0
4828,pop48,4,0.04741382598876953,0.04678262906425015
4828,pop49,2,0.04928719997406006,0.04877340793609619
4828,pop2,3,0.0005273024241129557,5.12451451008041e-05
4828,pop52,1,0.0006833076477050781,0.0
4829,pop18,2,0.04671680927276611,0.04606974124908447
4829,pop19,1,0.0006008148193359375,0.0
4829,pop20,2,0.04758310317993164,0.046990156173706055
4829,pop46,1,0.0004849433898925781,0.0
4829,pop45,1,0.0004954338073730469,0.0
4829,pop44,2,0.048184871673583984,0.047627925872802734
4829,pop50,2,0.000987410545349121,0.00025284290313720703
4829,pop14,1,0.0006475448608398438,0.0
4829,pop27,1,0.0005023479461669922,0.0
4829,pop25,1,0.0004937648773193359,0.0
4829,pop17,2,0.0007240772247314453,0.00012540817260742188
4829,pop51,1,0.0008308887481689453,0.0
4829,pop10,1,0.0005345344543457031,0.0
4830,pop37,5,0.01527390480041504,0.02929222763388317
4830,pop52,1,0.0006239414215087891,0.0
4830,pop53,1,0.0007567405700683594,0.0
4830,pop51,1,0.000835418701171875,0.0
4830,pop19,1,0.0005998611450195312,0.0
4830,pop18,1,0.0005078315734863281,0.0
4831,pop36,2,0.04044675827026367,0.039775848388671875
4831,pop51,3,0.0008137226104736328,3.1334285155025476e-05
4831,pop4,2,0.04598045349121094,0.04545927047729492
4831,pop22,3,0.0006308555603027344,0.0001539461706595396
4831,pop21,1,0.0005211830139160156,0.0
4831,pop23,1,0.0005881786346435547,0.0
4831,pop16,1,0.0005588531494140625,0.0
4831,pop50,1,0.0007872581481933594,0.0
4831,pop19,1,0.0008199214935302734,0.0
4831,pop18,1,0.0005540847778320312,0.0
4832,pop24,3,0.07086730003356934,0.04957151981648223
4832,pop14,3,0.06732344627380371,0.04720004786374513
4832,pop50,3,0.0010088284810384114,0.0003004067999549343
4832,pop53,1,0.0008683204650878906,0.0
4832,pop52,1,0.0006561279296875,0.0
4832,pop37,1,0.0005517005920410156,0.0
4832,pop33,2,0.0005576610565185547,1.1682510375976562e-05
4832,pop32,2,0.05617964267730713,0.05565822124481201
4832,pop44,1,0.0005922317504882812,0.0
4832,pop27,1,0.0007078647613525391,0.0
4832,pop25,1,0.0004134178161621094,0.0
4832,pop17,2,0.0006331205368041992,0.00014197826385498047
4832,pop51,1,0.000621795654296875,0.0
4832,pop10,1,0.0004944801330566406,0.0
4833,pop53,3,0.026898860931396484,0.0368717515417603
4833,pop52,4,0.0007076859474182129,0.00012500699849223433
4833,pop51,1,0.00083160400390625,0.0
4833,pop19,1,0.0007953643798828125,0.0
4833,pop18,1,0.0005164146423339844,0.0
4834,pop47,5,0.015129709243774414,0.029113761449868075
4834,pop53,1,0.0007810592651367188,0.0
4834,pop50,1,0.0009529590606689453,0.0
4834,pop16,1,0.0004775524139404297,0.0
4835,pop6,2,0.04721987247467041,0.046587347984313965
4835,pop1,1,0.0005869865417480469,0.0
4835,pop53,4,0.04389476776123047,0.04302308694175981
4835,pop54,2,0.0413205623626709,0.040812015533447266
4835,pop52,2,0.0006632804870605469,4.100799560546875e-05
4835,pop48,3,0.0006077289581298828,0.00010053407847075951
4835,pop7,1,0.0005803108215332031,0.0
4836,pop39,2,0.0431903600692749,0.04253733158111572
4836,pop44,2,0.047303080558776855,0.046663641929626465
4836,pop50,1,0.0009882450103759766,0.0
4836,pop55,2,0.0006573200225830078,0.00013637542724609375
4836,pop52,1,0.0006422996520996094,0.0
4836,pop34,1,0.0004730224609375,0.0
4836,pop35,1,0.00043845176696777344,0.0
4837,pop52,6,0.02921009063720703,0.040319088736745494
4837,pop54,1,0.08214116096496582,0.0
4837,pop53,1,0.0008559226989746094,0.0
4837,pop1,1,0.00060272216796875,0.0
4837,pop6,1,0.00046443939208984375,0.0
4838,pop22,4,0.020417451858520508,0.03423370996605878
4838,pop51,1,0.000797271728515625,0.0
4838,pop47,1,0.00046706199645996094,0.0
4839,pop31,2,0.04143226146697998,0.040772318840026855
4839,pop17,4,0.0006194710731506348,6.745589608210158e-05
4839,pop50,1,0.0009002685546875,0.0
4839,pop53,1,0.0007574558258056641,0.0
4839,pop52,1,0.0006299018859863281,0.0
4840,pop45,2,0.04640460014343262,0.0457456111907959
4840,pop44,4,0.0006072521209716797,6.548117553769968e-05
4840,pop50,1,0.0009140968322753906,0.0
4840,pop53,1,0.0006892681121826172,0.0
4840,pop7,1,0.0004177093505859375,0.0
4841,pop48,3,0.06252757708231609,0.04374727533381133
4841,pop52,3,0.0008130073547363281,0.0001364397406373096
4841,pop54,1,0.0004885196685791016,0.0
4841,pop53,1,0.0008141994476318359,0.0
4841,pop7,1,0.00042748451232910156,0.0
4842,pop27,3,0.07043798764546712,0.049362732540416135
4842,pop14,2,0.05027890205383301,0.04964876174926758
4842,pop24,3,0.0007024606068929037,9.306458504724949e-05
4842,pop50,1,0.0007650852203369141,0.0
4842,pop53,1,0.0008611679077148438,0.0
4842,pop1,1,0.0005924701690673828,0.0
4842,pop6,1,0.0004551410675048828,0.0
4843,pop14,4,0.050603270530700684,0.049975060757988146
4843,pop50,2,0.0008624792098999023,3.826618194580078e-05
4843,pop33,2,0.0005292892456054688,5.7220458984375e-06
4843,pop32,2,0.0006617307662963867,4.7087669372558594e-05
4843,pop53,2,0.0008951425552368164,1.4901161193847656e-05
4843,pop1,1,0.0010955333709716797,0.0
4843,pop7,1,0.0004265308380126953,0.0
4843,pop6,1,0.0004596710205078125,0.0
4844,pop8,2,0.04154694080352783,0.04093945026397705
4844,pop51,1,0.0009140968322753906,0.0
4844,pop53,1,0.08576440811157227,0.0
4844,pop54,1,0.08356404304504395,0.0
4845,pop18,2,0.04652810096740723,0.04585623741149902
4845,pop19,2,0.0006164312362670898,1.8715858459472656e-05
4845,pop51,2,0.0007327795028686523,1.5497207641601562e-06
4845,pop10,2,0.04484677314758301,0.044171810150146484
4845,pop20,2,0.0005087852478027344,2.0503997802734375e-05
4846,pop37,4,0.019375979900360107,0.03242511295884634
4846,pop52,1,0.0006229877471923828,0.0
4846,pop53,1,0.0008347034454345703,0.0
4846,pop51,1,0.0007410049438476562,0.0
4847,pop36,2,0.04084217548370361,0.04021346569061279
4847,pop10,1,0.08723640441894531,0.0
4847,pop51,2,0.0009626150131225586,0.0002611875534057617
4847,pop19,4,0.0006743073463439941,2.500008097018129e-05
4847,pop20,2,0.09913921356201172,0.0026476383209228516
4847,pop18,2,0.0005944967269897461,7.522106170654297e-05
4847,pop38,2,0.05328333377838135,0.05274045467376709
4848,pop6,4,0.02371513843536377,0.039999600991446574
4848,pop1,1,0.0005834102630615234,0.0
4848,pop53,1,0.0007617473602294922,0.0
4848,pop51,1,0.0007610321044921875,0.0
4848,pop19,1,0.0006144046783447266,0.0
4848,pop20,1,0.0006649494171142578,0.0
4849,pop52,4,0.06480050086975098,0.0370207479305911
4849,pop54,1,0.08127069473266602,0.0
4849,pop53,1,0.0007836818695068359,0.0
4849,pop37,2,0.0005979537963867188,8.845329284667969e-05
4849,pop33,1,0.0005745887756347656,0.0
4849,pop50,1,0.0009448528289794922,0.0
4849,pop16,1,0.00047969818115234375,0.0
4850,pop31,2,0.04224836826324463,0.04158055782318115
4850,pop30,1,0.0004763603210449219,0.0
4850,pop48,2,0.0005288124084472656,2.002716064453125e-05
4850,pop49,3,0.0005930264790852865,0.0001377138312521315
4850,pop52,1,0.0007073879241943359,0.0
4850,pop53,1,0.0007412433624267578,0.0
4850,pop51,1,0.0007562637329101562,0.0
4850,pop19,1,0.0006535053253173828,0.0
4850,pop18,1,0.0004744529724121094,0.0
4851,pop9,4,0.02099430561065674,0.03515346421346311
4851,pop51,1,0.0008029937744140625,0.0
4851,pop50,1,0.0008831024169921875,0.0
4851,pop35,1,0.00042557716369628906,0.0
4852,pop55,5,0.015395641326904297,0.029575856618544998
4852,pop50,1,0.0009529590606689453,0.0
4852,pop51,1,0.0007979869842529297,0.0
4852,pop19,1,0.0006380081176757812,0.0
4852,pop18,1,0.0005261898040771484,0.0
4853,pop48,2,0.045700788497924805,0.04502081871032715
4853,pop52,6,0.030724565188090008,0.04242954776529921
4853,pop54,1,0.08495879173278809,0.0
4853,pop55,1,0.08248448371887207,0.0
4853,pop53,1,0.0008499622344970703,0.0
4853,pop51,1,0.0007450580596923828,0.0
4853,pop10,1,0.0005078315734863281,0.0
4854,pop27,4,0.05220639705657959,0.05160756281342432
4854,pop25,1,0.0005254745483398438,0.0
4854,pop17,2,0.0006672143936157227,3.5881996154785156e-05
4854,pop50,1,0.0008869171142578125,0.0
4854,pop53,1,0.0008158683776855469,0.0
4854,pop7,1,0.0004489421844482422,0.0
4855,pop31,2,0.04178571701049805,0.041139841079711914
4855,pop17,4,0.0006785988807678223,0.00011710774706549589
4855,pop50,1,0.0008568763732910156,0.0
4855,pop53,1,0.0006814002990722656,0.0
4855,pop47,1,0.000453948974609375,0.0
4856,pop42,2,0.041216373443603516,0.04060816764831543
4856,pop43,1,0.0005228519439697266,0.0
4856,pop51,3,0.0007205804189046224,1.1812886072753547e-05
4856,pop19,3,0.0007282098134358724,7.468918379805915e-05
4856,pop18,2,0.0004911422729492188,5.507469177246094e-05
4856,pop38,2,0.051195740699768066,0.05064046382904053
4856,pop20,1,0.0993046760559082,0.0
4856,pop22,2,0.0005323886871337891,3.981590270996094e-05
4857,pop41,2,0.04340934753417969,0.04274320602416992
4857,pop53,4,0.06414920091629028,0.036620105929922035
4857,pop54,3,0.08463700612386067,0.0025445227468346267
4857,pop52,1,0.0006945133209228516,0.0
4857,pop55,4,0.020739197731018066,0.03519716896300282
4857,pop50,3,0.0008663336435953776,0.00039371372853990165
4857,pop14,1,0.0007796287536621094,0.0
4857,pop27,1,0.0005512237548828125,0.0
4857,pop25,1,0.0004978179931640625,0.0
4857,pop17,1,0.1081850528717041,0.0
4857,pop51,1,0.0007898807525634766,0.0
4857,pop10,1,0.0005393028259277344,0.0
4858,pop30,2,0.039684295654296875,0.03903508186340332
4858,pop48,1,0.0005826950073242188,0.0
4858,pop52,3,0.030936717987060547,0.04263555865163614
4858,pop12,3,0.0005686283111572266,0.00011118301357867023
4858,pop51,1,0.0007538795471191406,0.0
4858,pop10,1,0.0004916191101074219,0.0
4859,pop38,5,0.020389890670776366,0.039526828738896694
4859,pop18,1,0.0005161762237548828,0.0
4859,pop19,1,0.0006747245788574219,0.0
4859,pop51,1,0.0008113384246826172,0.0
4859,pop53,1,0.0006866455078125,0.0
4859,pop1,1,0.0007379055023193359,0.0
4859,pop15,1,0.0004470348358154297,0.0
4860,pop8,2,0.04182446002960205,0.04120481014251709
4860,pop51,1,0.0009398460388183594,0.0
4860,pop50,1,0.0009343624114990234,0.0
4860,pop14,3,0.0006285508473714193,2.1294871024023846e-05
4860,pop24,1,0.0005366802215576172,0.0
4861,pop37,5,0.015041828155517578,0.028887479284963175
4861,pop52,1,0.0006017684936523438,0.0
4861,pop53,1,0.0007507801055908203,0.0
4861,pop51,1,0.0008342266082763672,0.0
4861,pop19,1,0.0006392002105712891,0.0
4861,pop20,1,0.0004944801330566406,0.0
4862,pop52,6,0.028931021690368652,0.039952717164994676
4862,pop54,1,0.08416342735290527,0.0
4862,pop53,1,0.0009036064147949219,0.0
4862,pop51,1,0.0007393360137939453,0.0
4863,pop16,2,0.04446136951446533,0.04377925395965576
4863,pop23,2,0.09972608089447021,0.0015496015548706055
4863,pop24,6,0.036345203717549644,0.050503758578316925
4863,pop14,2,0.05251598358154297,0.051934003829956055
4863,pop50,1,0.0009686946868896484,0.0
4863,pop53,1,0.0007903575897216797,0.0
4863,pop1,1,0.0006220340728759766,0.0
4863,pop15,1,0.0004258155822753906,0.0
4864,pop40,2,0.042015910148620605,0.04133808612823486
4864,pop41,1,0.0006685256958007812,0.0
4864,pop53,3,0.08786813418070476,0.00126664660057801
4864,pop54,3,0.08408459027608235,0.0012378575274331306
4864,pop52,2,0.0006072521209716797,7.62939453125e-06
4864,pop48,3,0.000606377919514974,4.4865086530002854e-05
4864,pop34,1,0.0004456043243408203,0.0
4864,pop35,1,0.00043487548828125,0.0
4865,pop41,4,0.021881580352783203,0.03688227417472108
4865,pop53,4,0.04356867074966431,0.0427860156388934
4865,pop54,1,0.08376622200012207,0.0
4865,pop40,2,0.0006676912307739258,0.00016391277313232422
4865,pop47,1,0.0004780292510986328,0.0
4866,pop28,2,0.040128469467163086,0.039483070373535156
4866,pop36,1,0.0004582405090332031,0.0
4866,pop10,3,0.030087947845458984,0.04172930505477243
4866,pop51,2,0.0006964206695556641,2.4318695068359375e-05
4866,pop4,2,0.0005936622619628906,3.3855438232421875e-05
4866,pop19,1,0.0006608963012695312,0.0
4866,pop18,1,0.0005159378051757812,0.0
4867,pop23,5,0.05994811058044434,0.04850487005722727
4867,pop24,2,0.0005490779876708984,1.4781951904296875e-05
4867,pop14,1,0.09921526908874512,0.0
4867,pop21,2,0.0005608797073364258,5.614757537841797e-05
4867,pop16,1,0.0005247592926025391,0.0
4867,pop50,1,0.0008516311645507812,0.0
4867,pop44,1,0.0005385875701904297,0.0
4868,pop44,2,0.04561805725097656,0.044924259185791016
4868,pop50,2,0.0007915496826171875,4.076957702636719e-05
4868,pop33,2,0.0005887746810913086,4.1365623474121094e-05
4868,pop32,4,0.000625908374786377,8.87138801410269e-05
4868,pop53,1,0.0007987022399902344,0.0
4868,pop52,1,0.0005960464477539062,0.0
4869,pop56,2,0.05060267448425293,0.04994082450866699
4869,pop2,3,0.0005695819854736328,6.950245772923457e-05
4869,pop49,1,0.0004799365997314453,0.0
4869,pop48,1,0.000537872314453125,0.0
4869,pop52,1,0.0006964206695556641,0.0
4869,pop53,1,0.0007154941558837891,0.0
4869,pop50,1,0.0009391307830810547,0.0
4869,pop16,1,0.0005228519439697266,0.0
4870,pop39,2,0.0434565544128418,0.042838096618652344
4870,pop38,3,0.034650961558024086,0.0482816350810433
4870,pop18,2,0.0005950927734375,4.8160552978515625e-05
4870,pop19,2,0.0007123947143554688,0.00010347366333007812
4870,pop20,2,0.0005741119384765625,5.245208740234375e-06
4871,pop42,2,0.04288125038146973,0.042247772216796875
4871,pop43,1,0.0004813671112060547,0.0
4871,pop51,2,0.0007932186126708984,6.628036499023438e-05
4871,pop10,3,0.029808600743611652,0.041373313865182816
4871,pop53,2,0.04439651966094971,0.043636441230773926
4871,pop54,2,0.0006000995635986328,8.96453857421875e-05
4871,pop50,1,0.0008976459503173828,0.0
4871,pop44,1,0.0005626678466796875,0.0
4872,pop37,4,0.019422531127929688,0.03265582860344425
4872,pop52,1,0.0006563663482666016,0.0
4873,pop16,4,0.02314049005508423,0.03935039476207727
4873,pop50,10,0.0007967233657836914,0.0002670138229269342
4873,pop33,2,0.0005987882614135742,5.8531761169433594e-05
4873,pop32,3,0.03653558095296224,0.05091857183977011
4873,pop44,5,0.05851726531982422,0.04756784656036177
4873,pop17,4,0.0537647008895874,0.053305864380626546
4873,pop14,1,0.0005929470062255859,0.0
4873,pop27,3,0.00036032994588216144,0.00011878451857344783
4873,pop25,3,0.0003437201182047526,0.00010730996326492006
4873,pop23,1,0.05715751647949219,0.0
4873,pop45,1,0.0005185604095458984,0.0
4873,pop46,1,0.0006041526794433594,0.0
4873,pop20,1,0.0002887248992919922,0.0
4873,pop19,1,0.0003600120544433594,0.0
4873,pop51,1,0.0004885196685791016,0.0
4873,pop55,3,0.047229607899983726,0.0007281039879329775
4873,pop52,4,0.00030159950256347656,1.3085900783598512e-05
4873,pop13,1,0.05232596397399902,0.0
4873,pop12,1,0.0553746223449707,0.0
4873,pop53,1,0.00038695335388183594,0.0
4873,pop47,1,0.0002753734588623047,0.0
4874,pop50,3,0.02952750523885091,0.04060611055634392
4874,pop33,3,0.0005636215209960938,4.669962106927379e-05
4874,pop32,3,0.03524104754130045,0.04911243041361471
4874,pop37,2,0.0006095170974731445,0.00011050701141357422
4874,pop14,1,0.0005896091461181641,0.0
4874,pop24,1,0.0005390644073486328,0.0
4875,pop4,2,0.043810486793518066,0.04311811923980713
4875,pop51,2,0.000804901123046875,0.00012135505676269531
4875,pop10,1,0.0890657901763916,0.0
4875,pop53,4,0.0008558034896850586,1.9933632601504506e-05
4875,pop50,1,0.0007944107055664062,0.0
4875,pop44,1,0.0005507469177246094,0.0
4876,pop14,3,0.03288825352986654,0.045612299215768
4876,pop24,4,0.0006293654441833496,4.216180798727949e-05
4876,pop50,1,0.0009255409240722656,0.0
4876,pop44,1,0.0005726814270019531,0.0
4877,pop41,2,0.04334139823913574,0.04268980026245117
4877,pop53,1,0.0008072853088378906,0.0
4877,pop54,1,0.0851130485534668,0.0
4878,pop23,2,0.04909813404083252,0.04841458797454834
4878,pop24,4,0.0005627870559692383,4.9465247942457196e-05
4878,pop14,1,0.0005996227264404297,0.0
4878,pop50,1,0.0009217262268066406,0.0
4878,pop53,1,0.0008645057678222656,0.0
4878,pop52,1,0.0006222724914550781,0.0
4879,pop37,4,0.01916491985321045,0.03210685711373412
4879,pop52,1,0.0005993843078613281,0.0
4879,pop53,1,0.0008726119995117188,0.0
4879,pop1,1,0.0005784034729003906,0.0
4879,pop15,1,0.0005834102630615234,0.0
4880,pop33,3,0.03208208084106445,0.04450880176696758
4880,pop32,4,0.000546872615814209,5.374670166176719e-05
4880,pop50,1,0.0009636878967285156,0.0
4880,pop44,1,0.0007145404815673828,0.0
4881,pop10,2,0.04273104667663574,0.042058467864990234
4881,pop51,1,0.0007789134979248047,0.0
4881,pop47,1,0.07825279235839844,0.0
4881,pop53,1,0.0008151531219482422,0.0
4881,pop50,1,0.0009424686431884766,0.0
4881,pop17,1,0.10513567924499512,0.0
4881,pop25,1,0.0007870197296142578,0.0
4882,pop46,2,0.0454179048538208,0.044713616371154785
4882,pop20,4,0.0005705952644348145,0.0001059029960532463
4882,pop19,1,0.0005726814270019531,0.0
4882,pop51,1,0.0007786750793457031,0.0
4882,pop47,1,0.0004985332489013672,0.0
4883,pop21,3,0.07043639818827312,0.049336465900879305
4883,pop23,1,0.0004951953887939453,0.0
4883,pop24,1,0.0004901885986328125,0.0
4883,pop14,2,0.0006232261657714844,6.318092346191406e-05
4883,pop50,1,0.0011026859283447266,0.0
4883,pop44,1,0.0005390644073486328,0.0
4884,pop9,4,0.021332740783691406,0.0358691439728782
4884,pop51,1,0.0008413791656494141,0.0
4884,pop53,1,0.0007195472717285156,0.0
4884,pop1,1,0.0006349086761474609,0.0
4884,pop6,1,0.00048279762268066406,0.0
4885,pop48,4,0.04804849624633789,0.047440364006693304
4885,pop56,3,0.0005319118499755859,5.477507950072887e-05
4885,pop52,1,0.000537872314453125,0.0
4885,pop53,1,0.0008258819580078125,0.0
4885,pop7,1,0.00045680999755859375,0.0
4886,pop31,2,0.04047715663909912,0.03984344005584717
4886,pop17,3,0.0006473859151204427,3.080083435631525e-05
4886,pop50,1,0.0009133815765380859,0.0
4886,pop44,1,0.0005218982696533203,0.0
4887,pop56,2,0.049476027488708496,0.04884946346282959
4887,pop48,1,0.0007266998291015625,0.0
4887,pop52,3,0.0007220109303792318,0.00010072996080070972
4887,pop54,2,0.043137311935424805,0.042458534240722656
4887,pop12,3,0.0005557537078857422,0.00010479628910770568
4887,pop55,1,0.00048422813415527344,0.0
4887,pop50,1,0.0010235309600830078,0.0
4887,pop44,1,0.0005657672882080078,0.0
4888,pop4,3,0.05975095431009928,0.04182852383503272
4888,pop51,4,0.0007903575897216797,3.132869119130484e-05
4888,pop43,2,0.0004988908767700195,9.417533874511719e-06
4888,pop40,3,0.029139041900634766,0.04047682463350975
4888,pop53,2,0.046312570571899414,0.045557498931884766
4888,pop54,2,0.0006389617919921875,0.0001049041748046875
4888,pop19,1,0.0006415843963623047,0.0
4888,pop18,1,0.0005128383636474609,0.0
4889,pop14,2,0.049230217933654785,0.04850494861602783
4889,pop24,4,0.0005472302436828613,2.0266543393479924e-05
4889,pop23,1,0.0005385875701904297,0.0
4889,pop16,1,0.0004889965057373047,0.0
4890,pop57,2,0.05175590515136719,0.05109143257141113
4890,pop56,1,0.0005140304565429688,0.0
4890,pop2,2,0.051255226135253906,0.05077314376831055
4890,pop49,2,0.0006023645401000977,0.00013506412506103516
4890,pop48,1,0.0005896091461181641,0.0
4890,pop52,1,0.0006377696990966797,0.0
4890,pop53,1,0.0007505416870117188,0.0
4890,pop47,1,0.000453948974609375,0.0
4891,pop32,5,0.020871973037719725,0.04050440069523576
4891,pop33,1,0.0006918907165527344,0.0
4891,pop50,1,0.0008752346038818359,0.0
4891,pop53,1,0.0007054805755615234,0.0
4891,pop1,1,0.0005195140838623047,0.0
4891,pop6,1,0.0005078315734863281,0.0
4892,pop30,2,0.04000091552734375,0.03934025764465332
4892,pop31,1,0.0005216598510742188,0.0
4892,pop17,5,0.041532373428344725,0.050048028466558966
4892,pop50,5,0.0008910179138183593,2.895442235089069e-05
4892,pop44,3,0.06609018643697102,0.046363892551686214
4892,pop53,1,0.0008246898651123047,0.0
4892,pop1,1,0.000579833984375,0.0
4892,pop15,1,0.0004024505615234375,0.0
4893,pop38,4,0.025886476039886475,0.04380322567979265
4893,pop18,1,0.0005173683166503906,0.0
4893,pop19,1,0.0005769729614257812,0.0
4893,pop51,1,0.0008220672607421875,0.0
4894,pop23,2,0.049057960510253906,0.04839491844177246
4894,pop24,3,0.0006380081176757812,7.464773646735621e-05
4894,pop14,1,0.0005407333374023438,0.0
4894,pop50,1,0.0012350082397460938,0.0
4894,pop53,1,0.000812530517578125,0.0
4894,pop51,1,0.0007395744323730469,0.0
4894,pop19,1,0.0006258487701416016,0.0
4894,pop18,1,0.0005044937133789062,0.0
4895,pop10,2,0.043669700622558594,0.0429842472076416
4895,pop51,3,0.0006952285766601562,3.659136214272497e-05
4895,pop4,1,0.08934497833251953,0.0
4895,pop19,2,0.0007042884826660156,0.00010752677917480469
4895,pop20,3,0.031953016916910805,0.04445740937153329
4895,pop46,1,0.0006749629974365234,0.0
4895,pop45,1,0.0005240440368652344,0.0
4895,pop44,1,0.09624028205871582,0.0
4895,pop50,3,0.0008583863576253256,8.295352579063415e-05
4895,pop17,1,0.10491371154785156,0.0
4895,pop14,3,0.0007961591084798177,0.0001455343583334659
4896,pop21,5,0.021473217010498046,0.04170128754611854
4896,pop23,1,0.0005464553833007812,0.0
4896,pop16,1,0.0005431175231933594,0.0
4896,pop50,1,0.0009181499481201172,0.0
4896,pop51,1,0.000957489013671875,0.0
4896,pop19,1,0.0006315708160400391,0.0
4896,pop20,1,0.0005240440368652344,0.0
4897,pop48,3,0.0317080020904541,0.043900833112035784
4897,pop49,4,0.0005258321762084961,2.366026626637901e-05
4897,pop52,1,0.0006296634674072266,0.0
4897,pop55,1,0.0005176067352294922,0.0
4898,pop56,2,0.048787474632263184,0.048137545585632324
4898,pop2,4,0.0005248785018920898,8.444756117950166e-05
4898,pop49,1,0.00047469139099121094,0.0
4898,pop48,1,0.0005450248718261719,0.0
4898,pop52,1,0.0006077289581298828,0.0
4898,pop53,1,0.0008771419525146484,0.0
4898,pop50,1,0.0008447170257568359,0.0
4898,pop44,1,0.0005393028259277344,0.0
4899,pop4,5,0.03491473197937012,0.04189699206618235
4899,pop51,3,0.0007694562276204427,7.370009816086852e-06
4899,pop10,2,0.04445052146911621,0.04390573501586914
4899,pop50,1,0.0009644031524658203,0.0
4899,pop55,1,0.0005280971527099609,0.0
4900,pop24,4,0.02626746892929077,0.0443517257471932
4900,pop14,1,0.0006208419799804688,0.0
4900,pop50,1,0.0009417533874511719,0.0
4900,pop51,1,0.0007688999176025391,0.0
4900,pop19,1,0.0005996227264404297,0.0
4900,pop20,1,0.000507354736328125,0.0
4901,pop53,6,0.014910181363423666,0.0314828361702422
4901,pop54,1,0.08469152450561523,0.0
4901,pop1,1,0.0007135868072509766,0.0
4901,pop15,1,0.00043272972106933594,0.0
4902,pop47,5,0.015299749374389649,0.029511269441323058
4902,pop53,1,0.0006971359252929688,0.0
4902,pop50,1,0.00093841552734375,0.0
4902,pop44,1,0.0005359649658203125,0.0
4903,pop40,3,0.05676404635111491,0.03973781309533574
4903,pop41,1,0.0005452632904052734,0.0
4903,pop53,2,0.0008958578109741211,0.00011074542999267578
4903,pop54,1,0.0005643367767333984,0.0
4903,pop52,3,0.0007675488789876302,0.00016465092631812829
4903,pop50,1,0.0007143020629882812,0.0
4903,pop16,1,0.0005249977111816406,0.0
4904,pop33,3,0.03248182932535807,0.04505896452566607
4904,pop32,4,0.0006020665168762207,3.434939710861601e-05
4904,pop50,1,0.0006885528564453125,0.0
4904,pop55,1,0.0004858970642089844,0.0
4905,pop9,5,0.01714930534362793,0.033235656438667785
4905,pop51,1,0.0007004737854003906,0.0
4905,pop10,1,0.0004963874816894531,0.0
4906,pop31,2,0.04091668128967285,0.04028606414794922
4906,pop17,4,0.0006766915321350098,6.277280362769914e-05
4906,pop50,1,0.0007779598236083984,0.0
4906,pop53,1,0.0007953643798828125,0.0
4906,pop1,1,0.0005965232849121094,0.0
4906,pop15,1,0.0004544258117675781,0.0
4907,pop10,2,0.0429840087890625,0.04234480857849121
4907,pop51,3,0.0007483164469401041,3.3311170253331005e-05
4907,pop4,1,0.09088492393493652,0.0
4907,pop22,4,0.0005589127540588379,7.695019660437877e-05
4908,pop48,2,0.047358155250549316,0.04666769504547119
4908,pop52,1,0.0006327629089355469,0.0
4908,pop54,4,0.0006905794143676758,0.00015521557641391112
4908,pop53,1,0.0008616447448730469,0.0
4908,pop47,1,0.00046706199645996094,0.0
4909,pop56,2,0.05121326446533203,0.0505375862121582
4909,pop2,3,0.0004886786142985026,2.592326232639963e-05
4909,pop49,1,0.0004634857177734375,0.0
4909,pop48,1,0.00057220458984375,0.0
4909,pop52,1,0.0006191730499267578,0.0
4910,pop22,5,0.01647529602050781,0.031730947064980475
4910,pop51,1,0.0007467269897460938,0.0
4910,pop47,1,0.00046133995056152344,0.0
4911,pop45,2,0.04628443717956543,0.04564714431762695
4911,pop46,1,0.0005285739898681641,0.0
4911,pop20,4,0.025130808353424072,0.04261934230998662
4911,pop19,2,0.0007064342498779297,9.584426879882812e-05
4911,pop18,2,0.0005887746810913086,6.0439109802246094e-05
4911,pop38,2,0.0005462169647216797,3.2901763916015625e-05
4912,pop28,2,0.04097282886505127,0.04031574726104736
4912,pop36,1,0.0004987716674804688,0.0
4912,pop10,2,0.044726014137268066,0.04422485828399658
4912,pop51,2,0.0007635354995727539,4.208087921142578e-05
4912,pop4,1,0.09131908416748047,0.0
4912,pop53,2,0.0009311437606811523,8.90493392944336e-05
4912,pop52,1,0.0006861686706542969,0.0
4913,pop44,2,0.04631352424621582,0.045589447021484375
4913,pop50,2,0.0008420944213867188,2.384185791015625e-06
4913,pop33,2,0.0005044937133789062,9.5367431640625e-07
4913,pop32,4,0.0005778074264526367,8.404965066327969e-05
4913,pop53,1,0.0008072853088378906,0.0
4913,pop1,1,0.0006031990051269531,0.0
4913,pop6,1,0.0006368160247802734,0.0
4914,pop39,2,0.044392943382263184,0.043757081031799316
4914,pop44,1,0.0005922317504882812,0.0
4914,pop50,2,0.001116037368774414,0.0002086162567138672
4914,pop32,4,0.0005790591239929199,5.4442081190759856e-05
4914,pop33,1,0.0005574226379394531,0.0
4914,pop14,1,0.0006368160247802734,0.0
4914,pop24,1,0.0005228519439697266,0.0
4915,pop16,3,0.03071133295694987,0.04250195048978813
4915,pop23,3,0.03463451067606608,0.04820273759667322
4915,pop24,4,0.027704715728759766,0.046975480934895605
4916,pop21,5,0.021434974670410157,0.0416044015511991
4916,pop23,1,0.0005638599395751953,0.0
4916,pop16,1,0.0004951953887939453,0.0
4916,pop50,1,0.0008347034454345703,0.0
4916,pop53,1,0.0008726119995117188,0.0
4916,pop1,1,0.0005526542663574219,0.0
4916,pop15,1,0.000438690185546875,0.0
4917,pop24,2,0.05347490310668945,0.05276608467102051
4917,pop14,4,0.0007030367851257324,0.00017828548347167153
4917,pop50,1,0.000896453857421875,0.0
4917,pop51,1,0.0008075237274169922,0.0
4917,pop10,1,0.0005106925964355469,0.0
4918,pop53,7,0.05752699715750558,0.03824014140951888
4918,pop54,5,0.06920804977416992,0.03449552704318876
4918,pop52,4,0.0005369186401367188,9.275662486886029e-05
4918,pop48,1,0.09924960136413574,0.0
4918,pop50,4,0.0008040070533752441,0.0003997888363592154
4918,pop14,1,0.0006115436553955078,0.0
4918,pop27,1,0.0005371570587158203,0.0
4918,pop25,1,0.0005736351013183594,0.0
4918,pop17,2,0.05644547939300537,0.05583369731903076
4918,pop44,2,0.026634693145751953,0.026337862014770508
4919,pop47,5,0.015443706512451172,0.029717709555387703
4919,pop53,1,0.0006375312805175781,0.0
4919,pop50,1,0.0010058879852294922,0.0
4919,pop14,1,0.0006227493286132812,0.0
4919,pop24,1,0.0005266666412353516,0.0
4920,pop9,5,0.017008495330810548,0.03285505349049118
4920,pop51,1,0.0008251667022705078,0.0
4920,pop53,1,0.0007100105285644531,0.0
4920,pop1,1,0.0005686283111572266,0.0
4920,pop15,1,0.0004417896270751953,0.0
4921,pop48,3,0.03187870979309082,0.04416115299921323
4921,pop56,4,0.0005844235420227051,0.00010099867673870592
4921,pop52,1,0.0005991458892822266,0.0
4921,pop53,1,0.0007672309875488281,0.0
4921,pop50,1,0.0008893013000488281,0.0
4921,pop44,1,0.0005478858947753906,0.0
4922,pop18,3,0.03181163469950358,0.04417893612606303
4922,pop38,4,0.0005869269371032715,9.31762829672335e-05
4922,pop19,1,0.00063323974609375,0.0
4922,pop51,1,0.0007884502410888672,0.0
4922,pop50,1,0.0009386539459228516,0.0
4922,pop55,1,0.0004904270172119141,0.0
4923,pop36,2,0.041028618812561035,0.04038727283477783
4923,pop51,2,0.0005854368209838867,0.00018870830535888672
4923,pop50,4,0.0009892582893371582,0.00014259438060469613
4923,pop14,1,0.0006353855133056641,0.0
4923,pop27,1,0.0005362033843994141,0.0
4923,pop25,1,0.0005395412445068359,0.0
4923,pop17,5,0.022151088714599608,0.042976976953817365
4923,pop44,1,0.09957504272460938,0.0
4923,pop10,1,0.00028061866760253906,0.0
4924,pop6,4,0.05002939701080322,0.049400268668940116
4924,pop1,1,0.0007224082946777344,0.0
4924,pop53,1,0.0008306503295898438,0.0
4924,pop50,1,0.000978231430053711,0.0
4924,pop55,2,0.0005296468734741211,2.7298927307128906e-05
4925,pop41,2,0.04448246955871582,0.04383087158203125
4925,pop53,3,0.0007640520731608073,3.2883522333438096e-05
4925,pop1,3,0.0006225109100341797,8.364676106312611e-05
4925,pop6,1,0.1000669002532959,0.0
4925,pop52,2,0.0006988048553466797,3.504753112792969e-05
4925,pop12,4,0.0006028413772583008,0.00011586364133194926
4925,pop15,1,0.00044608116149902344,0.0
4926,pop37,5,0.015243053436279297,0.029204348948220805
4926,pop52,1,0.0005934238433837891,0.0
4926,pop53,1,0.0007436275482177734,0.0
4926,pop51,1,0.0007102489471435547,0.0
4926,pop19,1,0.0006380081176757812,0.0
4926,pop20,1,0.0005202293395996094,0.0
4927,pop31,2,0.042400240898132324,0.041742920875549316
4927,pop17,3,0.0697329044342041,0.04889897091253866
4927,pop50,5,0.0008967876434326172,5.106714477576686e-05
4927,pop44,3,0.06535593668619792,0.04582996548409332
4927,pop14,2,0.0007627010345458984,7.390975952148438e-05
4927,pop51,1,0.0006918907165527344,0.0
4927,pop10,1,0.0004916191101074219,0.0
4928,pop10,2,0.043875694274902344,0.04320979118347168
4928,pop51,2,0.0007966756820678711,5.233287811279297e-05
4928,pop50,3,0.0008903344472249349,0.00013597265162533276
4928,pop55,1,0.0008571147918701172,0.0
4928,pop33,2,0.0005857944488525391,4.00543212890625e-05
4928,pop32,4,0.0005702376365661621,3.3777852800403766e-05
4929,pop16,2,0.04519832134246826,0.04455101490020752
4929,pop50,3,0.0008474191029866537,3.659671257717887e-05
4929,pop33,2,0.0008537769317626953,7.677078247070312e-05
4929,pop32,1,0.10774946212768555,0.0
4929,pop17,2,0.05401027202606201,0.05341494083404541
4929,pop25,1,0.0005347728729248047,0.0
4929,pop27,3,0.0005889733632405599,9.823970617071865e-05
4929,pop44,1,0.0005373954772949219,0.0
4930,pop53,3,0.05683016777038574,0.03957055381962176
4930,pop54,1,0.08410048484802246,0.0
4930,pop41,1,0.0005469322204589844,0.0
4930,pop40,3,0.0005958080291748047,9.424442461321887e-05
4930,pop43,1,0.000499725341796875,0.0
4930,pop51,1,0.0007677078247070312,0.0
4930,pop19,1,0.0007386207580566406,0.0
4930,pop18,1,0.00051116943359375,0.0
4931,pop48,2,0.04817318916320801,0.047453880310058594
4931,pop52,3,0.0006910165150960287,9.724835065854e-05
4931,pop34,1,0.0004782676696777344,0.0
4931,pop35,1,0.00043892860412597656,0.0
4932,pop55,5,0.01587533950805664,0.03063506529788294
4932,pop50,1,0.0007643699645996094,0.0
4932,pop44,1,0.0005295276641845703,0.0
4933,pop27,5,0.02116422653198242,0.0410204576988741
4933,pop25,1,0.0005042552947998047,0.0
4933,pop17,1,0.0006127357482910156,0.0
4933,pop50,1,0.0008847713470458984,0.0
4933,pop35,1,0.0005919933319091797,0.0
4934,pop46,2,0.0474090576171875,0.046701669692993164
4934,pop45,1,0.0005433559417724609,0.0
4934,pop44,1,0.09614062309265137,0.0
4934,pop50,2,0.0008897781372070312,6.29425048828125e-05
4934,pop17,4,0.0006673932075500488,9.370310832121251e-05
4934,pop53,1,0.0008246898651123047,0.0
4934,pop1,1,0.0007169246673583984,0.0
4934,pop6,1,0.00047016143798828125,0.0
4935,pop14,2,0.04969489574432373,0.048979878425598145
4935,pop50,1,0.0009262561798095703,0.0
4935,pop33,2,0.0005903244018554688,2.5510787963867188e-05
4935,pop32,1,0.1053621768951416,0.0
4935,pop37,3,0.0005443890889485677,9.027081416752747e-05
4935,pop52,1,0.0006811618804931641,0.0
4935,pop53,1,0.0006988048553466797,0.0
4935,pop1,1,0.00054931640625,0.0
4935,pop15,1,0.000400543212890625,0.0
4936,pop39,2,0.044916510581970215,0.04429447650909424
4936,pop38,2,0.05265486240386963,0.0519939661026001
4936,pop18,2,0.0005199909210205078,7.152557373046875e-07
4936,pop19,3,0.0006291866302490234,1.4813962751920663e-05
4936,pop20,2,0.048854827880859375,0.048293352127075195
4936,pop51,2,0.0007851123809814453,7.82012939453125e-05
4936,pop53,2,0.046056389808654785,0.04530322551727295
4936,pop54,2,0.0006260871887207031,0.00011777877807617188
4937,pop24,5,0.021486520767211914,0.04165027187590713
4938,pop9,4,0.021854698657989502,0.03682567782660973
4938,pop51,1,0.0007638931274414062,0.0
4938,pop53,1,0.0006754398345947266,0.0
4938,pop7,1,0.0004239082336425781,0.0
4939,pop53,3,0.02921152114868164,0.03992653303424323
4939,pop52,3,0.030284007390340168,0.042038400627298356
4939,pop13,2,0.0005617141723632812,0.00013494491577148438
4939,pop50,1,0.0008189678192138672,0.0
4939,pop51,1,0.00086212158203125,0.0
4939,pop19,1,0.0006194114685058594,0.0
4939,pop18,1,0.00048613548278808594,0.0
4940,pop8,2,0.04248201847076416,0.04186856746673584
4940,pop51,1,0.0008518695831298828,0.0
4940,pop53,2,0.04265284538269043,0.04202413558959961
4940,pop52,2,0.0005700588226318359,4.506111145019531e-05
4940,pop48,3,0.032497564951578774,0.04520592401947355
4940,pop49,1,0.10061860084533691,0.0
4940,pop2,2,0.05526077747344971,0.0547713041305542
4940,pop56,2,0.0005941390991210938,8.630752563476562e-05
4940,pop50,1,0.0007879734039306641,0.0
4940,pop16,1,0.0005152225494384766,0.0
4941,pop52,5,0.017809534072875978,0.03421208718843322
4941,pop48,1,0.0984504222869873,0.0
4941,pop53,1,0.0008273124694824219,0.0
4941,pop50,1,0.0008587837219238281,0.0
4941,pop44,1,0.0005657672882080078,0.0
4942,pop32,3,0.06930255889892578,0.04855440937085479
4942,pop33,1,0.0005443096160888672,0.0
4942,pop37,2,0.000606536865234375,0.00013446807861328125
4942,pop52,1,0.0006418228149414062,0.0
4942,pop53,1,0.0007188320159912109,0.0
4942,pop47,1,0.0004432201385498047,0.0
4943,pop38,2,0.05013775825500488,0.049480438232421875
4943,pop18,1,0.000640869140625,0.0
4943,pop19,1,0.0006456375122070312,0.0
4943,pop51,4,0.0007804036140441895,0.0001062447568297413
4943,pop53,1,0.08827328681945801,0.0
4943,pop4,1,0.09197282791137695,0.0
4943,pop22,3,0.0006175041198730469,7.472131079783253e-05
4943,pop10,1,0.0005586147308349609,0.0
4944,pop23,5,0.020429372787475586,0.03957798137610956
4944,pop16,1,0.0004780292510986328,0.0
4944,pop50,1,0.0008847713470458984,0.0
4944,pop53,1,0.0007405281066894531,0.0
4944,pop7,1,0.0004341602325439453,0.0
4945,pop4,2,0.044582486152648926,0.04390919208526611
4945,pop51,1,0.0008611679077148438,0.0
4945,pop50,3,0.000797271728515625,0.0003331901704404281
4945,pop33,3,0.0005994637807210287,0.00026488589075346943
4945,pop37,5,0.0004581451416015625,0.00015113470888262925
4945,pop52,1,0.0006618499755859375,0.0
4945,pop53,1,0.0007703304290771484,0.0
4945,pop32,1,0.11239099502563477,0.0
4945,pop44,1,0.00044608116149902344,0.0
4946,pop41,2,0.044310569763183594,0.043646812438964844
4946,pop40,2,0.04335331916809082,0.0426783561706543
4946,pop43,1,0.00047779083251953125,0.0
4946,pop51,3,0.0007909138997395834,2.4879701920490996e-05
4946,pop10,2,0.04554712772369385,0.044867634773254395
4946,pop4,2,0.0006833076477050781,0.0001239776611328125
4946,pop47,1,0.0004906654357910156,0.0
4947,pop31,2,0.041849732398986816,0.04119598865509033
4947,pop17,4,0.0006982088088989258,0.00012516061431577054
4947,pop50,1,0.0008411407470703125,0.0
4947,pop51,1,0.001031637191772461,0.0
4947,pop19,1,0.0006542205810546875,0.0
4947,pop18,1,0.0004763603210449219,0.0
4948,pop10,3,0.05855870246887207,0.04092636441940948
4948,pop51,1,0.0008101463317871094,0.0
4948,pop43,1,0.0004968643188476562,0.0
4948,pop40,2,0.044460296630859375,0.04395461082458496
4948,pop41,1,0.0005311965942382812,0.0
4948,pop53,2,0.0007952451705932617,3.0159950256347656e-05
4948,pop1,2,0.0006556510925292969,7.605552673339844e-05
4948,pop6,2,0.0005460977554321289,7.975101470947266e-05
4948,pop52,1,0.0005846023559570312,0.0
4949,pop55,2,0.039528846740722656,0.03885364532470703
4949,pop50,5,0.0007634639739990234,0.0002719063874077094
4949,pop53,2,0.0007539987564086914,0.00011670589447021484
4949,pop52,2,0.0006952285766601562,0.00013399124145507812
4949,pop37,1,0.0007808208465576172,0.0
4949,pop33,1,0.0006811618804931641,0.0
4949,pop32,3,0.038090149561564125,0.05313576875379938
4949,pop44,1,0.0004265308380126953,0.0
4949,pop17,2,0.0007696151733398438,0.00010347366333007812
4949,pop51,1,0.0004088878631591797,0.0
4949,pop19,1,0.0004010200500488281,0.0
4949,pop18,1,0.000274658203125,0.0
4950,pop40,4,0.02164095640182495,0.03623279067146595
4950,pop41,1,0.0004949569702148438,0.0
4950,pop53,1,0.0008223056793212891,0.0
4950,pop52,1,0.0005857944488525391,0.0
4950,pop34,1,0.00044727325439453125,0.0
4950,pop35,1,0.00043201446533203125,0.0
4951,pop56,2,0.050604939460754395,0.04996979236602783
4951,pop48,1,0.0005145072937011719,0.0
4951,pop52,2,0.04518389701843262,0.04454946517944336
4951,pop12,3,0.0005908807118733724,8.821537544635075e-05
4951,pop53,1,0.0007984638214111328,0.0
4951,pop50,1,0.0008213520050048828,0.0
4951,pop44,1,0.0005788803100585938,0.0
4952,pop14,2,0.05159330368041992,0.05086326599121094
4952,pop50,2,0.0007946491241455078,5.507469177246094e-05
4952,pop33,2,0.0006393194198608398,7.68899917602539e-05
4952,pop32,4,0.0005948543548583984,5.763297594262355e-05
4952,pop53,1,0.0008194446563720703,0.0
4952,pop7,1,0.0005459785461425781,0.0
4953,pop39,3,0.030192136764526367,0.04186060468233805
4953,pop38,1,0.09943389892578125,0.0
4953,pop44,1,0.09639525413513184,0.0
4953,pop50,2,0.0009006261825561523,1.3232231140136719e-05
4953,pop14,1,0.10598254203796387,0.0
4953,pop17,1,0.10328149795532227,0.0
4953,pop25,1,0.000774383544921875,0.0
4954,pop9,4,0.021054446697235107,0.035428064311703616
4954,pop51,1,0.0006244182586669922,0.0
4954,pop53,1,0.0007662773132324219,0.0
4954,pop1,1,0.0005676746368408203,0.0
4954,pop6,1,0.0005815029144287109,0.0
4955,pop52,5,0.01834864616394043,0.03528774118721454
4955,pop53,1,0.0007522106170654297,0.0
4955,pop51,1,0.0007967948913574219,0.0
4955,pop10,1,0.0005071163177490234,0.0
4956,pop41,3,0.030199289321899414,0.041847837131225314
4956,pop40,3,0.0007037321726481119,5.077563236542793e-06
4956,pop53,1,0.0008955001831054688,0.0
4956,pop50,1,0.0008471012115478516,0.0
4956,pop44,1,0.0005729198455810547,0.0
4957,pop55,3,0.026859362920125324,0.03693698348423848
4957,pop50,4,0.0009897351264953613,0.0002575843464101713
4957,pop33,2,0.0007779598236083984,9.131431579589844e-05
4957,pop32,3,0.0006357828776041666,0.0001156131545996246
4957,pop51,1,0.0007410049438476562,0.0
4957,pop19,1,0.0006415843963623047,0.0
4957,pop18,1,0.0004918575286865234,0.0
4958,pop42,2,0.04416179656982422,0.0435028076171875
4958,pop43,2,0.0005140304565429688,7.152557373046875e-07
4958,pop40,4,0.0005861520767211914,0.00010376174055789985
4958,pop51,1,0.0007455348968505859,0.0
4958,pop19,1,0.0005865097045898438,0.0
4958,pop18,1,0.000499725341796875,0.0
4959,pop45,2,0.047774553298950195,0.04713106155395508
4959,pop46,1,0.0004987716674804688,0.0
4959,pop20,1,0.09403514862060547,0.0
4959,pop19,2,0.00048661231994628906,0.00014162063598632812
4959,pop51,2,0.0007871389389038086,2.658367156982422e-05
4959,pop53,3,0.029437939325968426,0.04059691538253793
4959,pop1,1,0.0007302761077880859,0.0
4959,pop6,1,0.10004091262817383,0.0
4959,pop7,1,0.0004379749298095703,0.0
4959,pop52,3,0.0007584095001220703,0.00012644069538805466
4959,pop18,1,0.00028777122497558594,0.0
4960,pop28,2,0.04099249839782715,0.040392160415649414
4960,pop36,1,0.00048542022705078125,0.0
4960,pop10,1,0.09057879447937012,0.0
4960,pop51,1,0.0008058547973632812,0.0
4960,pop47,3,0.0004817644755045573,1.2041646298513017e-05
4961,pop4,4,0.022248387336730957,0.03749182860288578
4961,pop51,1,0.0007872581481933594,0.0
4961,pop19,1,0.0006384849548339844,0.0
4961,pop18,1,0.0004379749298095703,0.0
4962,pop10,4,0.04364496469497681,0.043067116902740794
4962,pop51,2,0.0007776021957397461,3.3974647521972656e-05
4962,pop4,2,0.0006390810012817383,4.3272972106933594e-05
4962,pop50,1,0.0009331703186035156,0.0
4962,pop16,1,0.0005235671997070312,0.0
4963,pop55,2,0.0395960807800293,0.038932085037231445
4963,pop52,4,0.0006690621376037598,8.54738711274794e-05
4963,pop53,1,0.0006453990936279297,0.0
4963,pop51,1,0.0008192062377929688,0.0
4963,pop19,1,0.0005948543548583984,0.0
4963,pop20,1,0.0005257129669189453,0.0
4964,pop50,4,0.02305203676223755,0.03825956425767739
4964,pop44,2,0.04824066162109375,0.04766058921813965
4964,pop17,2,0.0008488893508911133,0.00022399425506591797
4964,pop53,1,0.0008618831634521484,0.0
4964,pop47,1,0.0004951953887939453,0.0
4965,pop36,2,0.042711615562438965,0.042054057121276855
4965,pop51,2,0.0007898807525634766,5.3882598876953125e-05
4965,pop19,3,0.0007229646046956381,5.075286405457416e-05
4965,pop20,1,0.09898710250854492,0.0
4965,pop18,2,0.0005555152893066406,2.1457672119140625e-06
4965,pop38,1,0.10829472541809082,0.0
4965,pop53,2,0.047827720642089844,0.046980857849121094
4965,pop41,2,0.0005469322204589844,1.6689300537109375e-06
4965,pop40,1,0.09329104423522949,0.0
4965,pop50,3,0.0006980101267496744,0.00038758503843467333
4965,pop44,2,0.0004220008850097656,0.00012302398681640625
4965,pop27,2,0.0002993345260620117,1.990795135498047e-05
4965,pop25,3,0.0004119873046875,0.00010516736941750378
4965,pop17,2,0.05622899532318115,0.055721402168273926
4965,pop33,2,0.00029850006103515625,4.5299530029296875e-06
4965,pop32,4,0.00033593177795410156,4.9105835632883464e-05
4965,pop16,1,0.0002727508544921875,0.0
4966,pop6,4,0.04913949966430664,0.04858088656485274
4966,pop1,2,0.0005899667739868164,3.3974647521972656e-05
4966,pop53,2,0.0008841753005981445,9.97781753540039e-05
4966,pop15,1,0.00043582916259765625,0.0
4967,pop37,5,0.015469932556152343,0.029772947232768503
4967,pop52,1,0.0006384849548339844,0.0
4967,pop53,1,0.0007107257843017578,0.0
4967,pop51,1,0.0007226467132568359,0.0
4967,pop10,1,0.0005483627319335938,0.0
4968,pop16,3,0.030478874842325848,0.04227037455798062
4968,pop23,4,0.025799274444580078,0.04364350016481787
4968,pop21,2,0.000616908073425293,1.0371208190917969e-05
4968,pop50,1,0.0009582042694091797,0.0
4968,pop51,1,0.0008111000061035156,0.0
4969,pop48,3,0.032248497009277344,0.04470621074877367
4969,pop52,3,0.030654509862263996,0.04252923814308356
4969,pop54,1,0.0005054473876953125,0.0
4969,pop53,2,0.0005700588226318359,0.00015878677368164062
4969,pop50,6,0.0007272958755493164,0.00029968044931613923
4969,pop55,1,0.08257627487182617,0.0
4969,pop14,3,0.036940415700276695,0.051507718179516715
4969,pop17,1,0.10785174369812012,0.0
4969,pop31,1,0.0004742145538330078,0.0
4969,pop30,1,0.0004990100860595703,0.0
4969,pop24,3,0.03993018468221029,0.05578151078579439
4969,pop23,2,0.11111760139465332,0.0003342628479003906
4969,pop16,1,0.00030541419982910156,0.0
4969,pop32,3,0.00031908353169759113,3.7970898170261815e-05
4969,pop33,1,0.0003006458282470703,0.0
4970,pop9,5,0.017141246795654298,0.033075231472899744
4970,pop51,1,0.0007441043853759766,0.0
4970,pop50,1,0.0008869171142578125,0.0
4970,pop16,1,0.0004956722259521484,0.0
4971,pop55,3,0.02655482292175293,0.03671333681371109
4971,pop52,4,0.0007029175758361816,3.075385964162207e-05
4972,pop46,2,0.047263145446777344,0.04658031463623047
4972,pop20,3,0.0005726814270019531,7.806087890256487e-05
4972,pop19,1,0.0006487369537353516,0.0
4972,pop51,1,0.0008289813995361328,0.0
4972,pop53,1,0.0007851123809814453,0.0
4972,pop52,1,0.0006611347198486328,0.0
4973,pop53,3,0.028888146082560223,0.03978789944186794
4973,pop52,5,0.018252086639404298,0.035174347727565176
4973,pop55,1,0.07961821556091309,0.0
4973,pop56,1,0.0005056858062744141,0.0
4973,pop48,2,0.04956161975860596,0.04905569553375244
4973,pop49,2,0.053081512451171875,0.05253934860229492
4973,pop2,1,0.1080632209777832,0.0
4973,pop51,1,0.0006015300750732422,0.0
4974,pop42,2,0.04537308216094971,0.044725775718688965
4974,pop43,1,0.0005254745483398438,0.0
4974,pop51,1,0.0006914138793945312,0.0
4974,pop50,2,0.0007666349411010742,3.9696693420410156e-05
4974,pop17,1,0.1042473316192627,0.0
4974,pop25,1,0.0004837512969970703,0.0
4974,pop27,1,0.0005183219909667969,0.0
4974,pop14,2,0.0006603002548217773,8.571147918701172e-05
4974,pop24,3,0.0006144046783447266,0.00011271728455040479
4974,pop35,1,0.00041031837463378906,0.0
4975,pop45,2,0.048398375511169434,0.04774677753448486
4975,pop44,1,0.09431982040405273,0.0
4975,pop50,2,0.0007445812225341797,2.4557113647460938e-05
4975,pop17,4,0.0006879568099975586,0.00015505078041157158
4975,pop53,1,0.0008296966552734375,0.0
4975,pop47,1,0.0006110668182373047,0.0
4976,pop28,2,0.040631890296936035,0.039992451667785645
4976,pop51,3,0.000758965810139974,5.812927681154075e-05
4976,pop19,2,0.0006846189498901367,9.179115295410156e-06
4976,pop20,1,0.09820556640625,0.0
4976,pop43,1,0.0006623268127441406,0.0
4976,pop40,1,0.09277868270874023,0.0
4976,pop41,1,0.0005233287811279297,0.0
4976,pop53,2,0.04729104042053223,0.0464785099029541
4976,pop54,3,0.05976390838623047,0.04191022296737083
4976,pop52,2,0.0005867481231689453,9.72747802734375e-05
4977,pop36,2,0.04088473320007324,0.040230751037597656
4977,pop51,3,0.0006889502207438151,1.3891619455521168e-05
4977,pop19,2,0.0005950927734375,1.2874603271484375e-05
4977,pop20,1,0.09737324714660645,0.0
4977,pop43,1,0.0005209445953369141,0.0
4977,pop40,1,0.09141111373901367,0.0
4977,pop41,1,0.0004911422729492188,0.0
4977,pop53,1,0.0006761550903320312,0.0
4977,pop54,1,0.09028768539428711,0.0
4977,pop52,2,0.0005736351013183594,1.4543533325195312e-05
4977,pop48,4,0.0005318522453308105,7.49657500831163e-05
4978,pop37,5,0.015924453735351562,0.030605404386960224
4978,pop52,1,0.0006568431854248047,0.0
4978,pop53,1,0.0007603168487548828,0.0
4978,pop51,1,0.0008575916290283203,0.0
4978,pop19,1,0.0006361007690429688,0.0
4978,pop18,1,0.0004811286926269531,0.0
4979,pop55,3,0.05394864082336426,0.037661885879771095
4979,pop52,4,0.022846102714538574,0.03878596775234148
4979,pop56,1,0.0004930496215820312,0.0
4979,pop48,2,0.04962038993835449,0.04911327362060547
4979,pop49,2,0.052352070808410645,0.05188143253326416
4979,pop2,1,0.1136934757232666,0.0
4979,pop54,1,0.09022164344787598,0.0
4979,pop12,3,0.00043892860412597656,7.15131218985841e-05
4979,pop53,1,0.000377655029296875,0.0
4979,pop7,1,0.00045108795166015625,0.0
4980,pop57,2,0.05368518829345703,0.05305123329162598
4980,pop56,4,0.0005958080291748047,0.00014209007237510625
4980,pop48,1,0.0005726814270019531,0.0
4980,pop52,1,0.0006015300750732422,0.0
4980,pop53,1,0.000736236572265625,0.0
4980,pop47,1,0.00047206878662109375,0.0
4981,pop30,2,0.04112386703491211,0.04049324989318848
4981,pop31,1,0.0005517005920410156,0.0
4981,pop17,5,0.021436786651611327,0.041454717930590065
4981,pop50,3,0.0007976690928141276,0.0001079844627865582
4981,pop44,1,0.10055184364318848,0.0
4981,pop53,1,0.0006442070007324219,0.0
4981,pop1,1,0.0006361007690429688,0.0
4981,pop15,1,0.0004355907440185547,0.0
4982,pop31,2,0.04257392883300781,0.04189920425415039
4982,pop17,3,0.03540992736816406,0.04920796749786165
4982,pop25,1,0.0005340576171875,0.0
4982,pop27,1,0.0005338191986083984,0.0
4982,pop14,3,0.07388718922932942,0.05181160567156646
4982,pop50,3,0.000751336415608724,0.00021590969703725425
4982,pop16,2,0.0004029273986816406,0.00010848045349121094
4982,pop23,2,0.0004646778106689453,0.0001506805419921875
4982,pop24,3,0.04014746348063151,0.056045839312274255
4982,pop51,1,0.0003581047058105469,0.0
4982,pop10,1,0.0002446174621582031,0.0
4983,pop16,2,0.04705238342285156,0.0463716983795166
4983,pop23,1,0.0007307529449462891,0.0
4983,pop24,3,0.0005461374918619791,1.034552278908478e-05
4984,pop48,3,0.032677412033081055,0.04527910319392836
4984,pop56,1,0.10390830039978027,0.0
4984,pop2,3,0.07059653600056966,0.04949127606366254
4984,pop49,3,0.034064690272013344,0.04746280278704274
4984,pop52,2,0.0007455348968505859,8.893013000488281e-05
4984,pop53,1,0.0008158683776855469,0.0
4984,pop51,1,0.0009109973907470703,0.0
4984,pop10,1,0.0005161762237548828,0.0
4985,pop46,2,0.046817898750305176,0.04616129398345947
4985,pop45,1,0.0006873607635498047,0.0
4985,pop44,3,0.0653072992960612,0.045890297792293006
4985,pop50,2,0.0008994340896606445,7.927417755126953e-05
4985,pop17,1,0.10162687301635742,0.0
4985,pop25,1,0.000518798828125,0.0
4985,pop27,1,0.0005564689636230469,0.0
4985,pop55,1,0.08434152603149414,0.0
4985,pop52,2,0.0004705190658569336,0.00014603137969970703
4985,pop12,2,0.0005724430084228516,8.559226989746094e-05
4985,pop53,1,0.00042891502380371094,0.0
4985,pop1,1,0.0003371238708496094,0.0
4985,pop15,1,0.0002300739288330078,0.0
4986,pop45,2,0.047762393951416016,0.04709959030151367
4986,pop44,1,0.09279632568359375,0.0
4986,pop50,1,0.0007884502410888672,0.0
4986,pop55,1,0.0797879695892334,0.0
4986,pop52,3,0.0006080468495686849,1.7750401539402705e-05
4986,pop48,2,0.04768359661102295,0.047134995460510254
4986,pop56,1,0.10661792755126953,0.0
4986,pop2,3,0.03671526908874512,0.051129898841060936
4986,pop49,1,0.00047206878662109375,0.0
4986,pop13,2,0.0004994869232177734,3.0279159545898438e-05
4986,pop34,1,0.0004372596740722656,0.0
4986,pop35,1,0.000244140625,0.0
4987,pop28,2,0.04157710075378418,0.04092907905578613
4987,pop51,2,0.0007952451705932617,4.6133995056152344e-05
4987,pop43,2,0.0004976987838745117,4.410743713378906e-06
4987,pop40,4,0.0005974173545837402,9.915610218943005e-05
4987,pop19,1,0.0006134510040283203,0.0
4987,pop20,1,0.0005252361297607422,0.0
4988,pop37,5,0.016158628463745116,0.03108589712622406
4988,pop52,1,0.0006749629974365234,0.0
4988,pop53,1,0.0012047290802001953,0.0
4988,pop51,1,0.0006163120269775391,0.0
4988,pop47,1,0.0004684925079345703,0.0
4989,pop33,3,0.03286131223042806,0.04559462969528052
4989,pop32,4,0.0006350874900817871,7.582355099269633e-05
4989,pop50,1,0.0009791851043701172,0.0
4989,pop35,1,0.0004260540008544922,0.0
4990,pop40,2,0.043323636054992676,0.0426710844039917
4990,pop41,1,0.0005497932434082031,0.0
4990,pop53,2,0.0007241964340209961,1.0609626770019531e-05
4990,pop54,2,0.044035911560058594,0.043524980545043945
4990,pop52,2,0.000594019889831543,6.878376007080078e-05
4990,pop37,3,0.0005624294281005859,7.397356663061843e-05
4990,pop1,1,0.0006363391876220703,0.0
4990,pop15,1,0.0005536079406738281,0.0
4991,pop14,2,0.050504326820373535,0.04975903034210205
4991,pop24,2,0.05543220043182373,0.0548480749130249
4991,pop23,2,0.0521543025970459,0.05159568786621094
4991,pop21,2,0.05690407752990723,0.05643630027770996
4991,pop22,3,0.0005392233530680338,3.857635858961079e-05
4991,pop51,1,0.0008013248443603516,0.0
4991,pop10,1,0.0006504058837890625,0.0
4992,pop39,2,0.045107483863830566,0.044443726539611816
4992,pop38,1,0.10313177108764648,0.0
4992,pop18,1,0.0005276203155517578,0.0
4992,pop19,1,0.0006122589111328125,0.0
4992,pop51,1,0.000743865966796875,0.0
4992,pop50,1,0.0008065700531005859,0.0
4992,pop55,1,0.08308911323547363,0.0
4992,pop52,4,0.00067138671875,0.0001024685497758445
4992,pop34,1,0.0005984306335449219,0.0
4992,pop35,1,0.0004324913024902344,0.0
4993,pop53,6,0.014777461687723795,0.03121857682587551
4993,pop54,1,0.08369827270507812,0.0
4993,pop7,1,0.00041174888610839844,0.0
4994,pop36,2,0.04197847843170166,0.04133880138397217
4994,pop51,2,0.000710606575012207,7.998943328857422e-05
4994,pop22,3,0.0005636215209960938,8.687230604311646e-05
4994,pop53,1,0.0006551742553710938,0.0
4994,pop1,1,0.0005865097045898438,0.0
4994,pop15,1,0.00042748451232910156,0.0
4995,pop31,2,0.043050289154052734,0.04239082336425781
4995,pop17,1,0.10640287399291992,0.0
4995,pop50,2,0.0010924339294433594,0.00023031234741210938
4995,pop51,1,0.0008001327514648438,0.0
4995,pop19,1,0.0006480216979980469,0.0
4995,pop20,1,0.0004889965057373047,0.0
4995,pop46,1,0.0005331039428710938,0.0
4995,pop45,1,0.0006542205810546875,0.0
4995,pop44,3,0.0006240208943684896,5.0377017679994644e-05
4995,pop53,1,0.0008130073547363281,0.0
4995,pop52,1,0.0006635189056396484,0.0
4996,pop46,2,0.04862189292907715,0.04794955253601074
4996,pop20,3,0.03383485476175944,0.047115344028193215
4996,pop19,3,0.000709374745686849,8.986078867649561e-05
4996,pop18,2,0.0004979372024536133,4.649162292480469e-06
4996,pop38,1,0.10182476043701172,0.0
4996,pop51,2,0.0005941390991210938,0.0002357959747314453
4996,pop9,2,0.0005500316619873047,2.2411346435546875e-05
4996,pop10,1,0.00029397010803222656,0.0
4997,pop45,3,0.03190183639526367,0.04417242659091309
4997,pop46,2,0.0005868673324584961,8.666515350341797e-05
4997,pop20,1,0.09625363349914551,0.0
4997,pop44,4,0.0006192326545715332,7.85348365790922e-05
4997,pop50,1,0.0007205009460449219,0.0
4997,pop53,1,0.0007886886596679688,0.0
4997,pop1,1,0.0006153583526611328,0.0
4997,pop6,1,0.0006208419799804688,0.0
4998,pop22,5,0.017082738876342773,0.03302791819042191
4998,pop51,1,0.0007860660552978516,0.0
4998,pop19,1,0.0006372928619384766,0.0
4998,pop20,1,0.00047469139099121094,0.0
4999,pop44,2,0.04752767086029053,0.04684865474700928
4999,pop45,1,0.00052642822265625,0.0
4999,pop46,1,0.0005168914794921875,0.0
4999,pop20,4,0.000569760799407959,7.120365476199094e-05
5000,pop21,2,0.053163886070251465,0.0525130033493042
5000,pop23,2,0.0005614757537841797,9.298324584960938e-06
5000,pop24,4,0.0006169676780700684,7.702735249243904e-05
5000,pop16,1,0.0005137920379638672,0.0
5001,pop47,5,0.01564311981201172,0.030295676347372492
5002,pop4,2,0.04430079460144043,0.0436403751373291
5002,pop51,1,0.0009398460388183594,0.0
5002,pop50,2,0.0008699893951416016,6.4373016357421875e-06
5002,pop17,1,0.1020042896270752,0.0
5002,pop25,1,0.0006530284881591797,0.0
5002,pop27,1,0.0006058216094970703,0.0
5002,pop14,2,0.0006415843963623047,1.4543533325195312e-05
5002,pop24,3,0.0006123383839925131,6.893673934183937e-05
5002,pop53,1,0.0008175373077392578,0.0
5002,pop7,1,0.00045800209045410156,0.0
5003,pop10,3,0.05854550997416178,0.04093001132637642
5003,pop51,2,0.000789642333984375,5.0067901611328125e-06
5003,pop4,3,0.0005701382954915365,3.378278999943e-05
5003,pop19,1,0.000606536865234375,0.0
5003,pop18,1,0.0004901885986328125,0.0
5004,pop57,2,0.05063128471374512,0.05002307891845703
5004,pop56,1,0.10380125045776367,0.0
5004,pop2,4,0.0005546808242797852,8.217152621337756e-05
5004,pop49,1,0.0006439685821533203,0.0
5004,pop48,1,0.00054168701171875,0.0
5004,pop52,1,0.0005922317504882812,0.0
5004,pop53,1,0.0008597373962402344,0.0
5004,pop50,1,0.0009074211120605469,0.0
5004,pop44,1,0.0005156993865966797,0.0
5005,pop30,2,0.0404362678527832,0.0398249626159668
5005,pop31,1,0.0005099773406982422,0.0
5005,pop17,3,0.03568617502848307,0.04955396117492483
5005,pop25,1,0.0006899833679199219,0.0
5006,pop39,2,0.04495871067047119,0.04430210590362549
5006,pop38,1,0.0005006790161132812,0.0
5006,pop18,1,0.0004944801330566406,0.0
5006,pop19,2,0.0007421970367431641,9.393692016601562e-05
5006,pop20,4,0.0005677342414855957,0.00011194017301008154
5006,pop51,1,0.0007827281951904297,0.0
5006,pop47,1,0.00045871734619140625,0.0
5007,pop45,2,0.04895651340484619,0.04828965663909912
5007,pop44,4,0.025184452533721924,0.042798280563327275
5007,pop50,3,0.0008699893951416016,0.000364331257686466
5007,pop17,4,0.025673627853393555,0.0436264505989627
5007,pop25,3,0.0004572868347167969,0.00014689873971022728
5007,pop27,3,0.0005170504252115885,2.0496911788481775e-05
5007,pop16,1,0.0002460479736328125,0.0
5008,pop18,2,0.047957420349121094,0.047254323959350586
5008,pop19,1,0.0006797313690185547,0.0
5008,pop51,1,0.00077056884765625,0.0
5008,pop50,2,0.0008269548416137695,5.066394805908203e-05
5008,pop55,1,0.08161330223083496,0.0
5008,pop52,4,0.0007280707359313965,6.992463210394673e-05
5008,pop53,1,0.0008561611175537109,0.0
5008,pop16,1,0.0004901885986328125,0.0
5009,pop50,3,0.031451781590779625,0.04334283268455163
5009,pop55,2,0.04060864448547363,0.04013705253601074
5009,pop53,1,0.0012319087982177734,0.0
5009,pop54,1,0.0006661415100097656,0.0
5009,pop52,2,0.0005830526351928711,4.398822784423828e-05
5009,pop12,4,0.000507652759552002,3.495511331056023e-05
5010,pop6,2,0.05085289478302002,0.05018413066864014
5010,pop1,1,0.0007810592651367188,0.0
5010,pop53,3,0.0008454322814941406,0.00017505065948960624
5010,pop41,2,0.0005296468734741211,1.4662742614746094e-05
5010,pop40,2,0.04629170894622803,0.045626044273376465
5010,pop51,1,0.000736236572265625,0.0
5010,pop19,1,0.0006673336029052734,0.0
5010,pop20,1,0.0004773139953613281,0.0
5011,pop9,4,0.022326648235321045,0.03756917034569545
5011,pop51,1,0.0007548332214355469,0.0
5011,pop19,1,0.0006515979766845703,0.0
5011,pop18,1,0.0004749298095703125,0.0
5012,pop40,4,0.04308444261550903,0.04249794540579213
5012,pop43,1,0.0007090568542480469,0.0
5012,pop51,2,0.000720977783203125,4.553794860839844e-05
5012,pop4,1,0.09130167961120605,0.0
5012,pop53,2,0.0008834600448608398,0.00011265277862548828
5012,pop52,1,0.0006349086761474609,0.0
5013,pop36,2,0.041948795318603516,0.0412600040435791
5013,pop10,3,0.0005474885304768881,6.6196646445461274e-06
5014,pop31,2,0.043326497077941895,0.042679429054260254
5014,pop17,4,0.0006517767906188965,0.00012240912022095775
5014,pop50,1,0.0010371208190917969,0.0
5014,pop51,1,0.0008852481842041016,0.0
5014,pop19,1,0.0006525516510009766,0.0
5014,pop18,1,0.0005018711090087891,0.0
5015,pop46,3,0.0315554141998291,0.043708979311037795
5015,pop20,2,0.0482255220413208,0.04769456386566162
5015,pop45,1,0.0005185604095458984,0.0
5015,pop44,1,0.09439992904663086,0.0
5015,pop50,2,0.0010924339294433594,0.0002543926239013672
5015,pop14,1,0.0006067752838134766,0.0
5015,pop27,1,0.0007240772247314453,0.0
5015,pop25,1,0.00046133995056152344,0.0
5015,pop17,3,0.0007454554239908854,0.00022730418821479851
5015,pop35,1,0.0002281665802001953,0.0
5016,pop39,2,0.044947147369384766,0.04431462287902832
5016,pop44,3,0.0005922317504882812,3.784927796048537e-05
5016,pop50,1,0.0008802413940429688,0.0
5016,pop53,1,0.0007655620574951172,0.0
5016,pop7,1,0.0004239082336425781,0.0
5017,pop27,4,0.0270729660987854,0.045814148418124076
5017,pop25,1,0.0004999637603759766,0.0
5017,pop17,1,0.0006365776062011719,0.0
5017,pop50,1,0.0008940696716308594,0.0
5017,pop53,1,0.0008523464202880859,0.0
5017,pop1,1,0.0005970001220703125,0.0
5017,pop15,1,0.0004143714904785156,0.0
5018,pop24,4,0.027445673942565918,0.04643134221443575
5018,pop14,1,0.0006170272827148438,0.0
5018,pop50,1,0.0008838176727294922,0.0
5018,pop55,1,0.0004911422729492188,0.0
5019,pop55,2,0.0403752326965332,0.0397493839263916
5019,pop52,2,0.0007661581039428711,0.00015914440155029297
5019,pop12,3,0.0006155967712402344,4.7424326148578324e-05
5019,pop3,1,0.00044608116149902344,0.0
5019,pop0,1,0.0006055831909179688,0.0
5019,pop1,1,0.0006184577941894531,0.0
5019,pop15,1,0.00042891502380371094,0.0
5020,pop44,2,0.047187089920043945,0.04648399353027344
5020,pop50,1,0.0006716251373291016,0.0
5020,pop55,3,0.027643203735351562,0.03839223893070271
5020,pop52,2,0.0007323026657104492,0.00010788440704345703
5020,pop53,1,0.0007905960083007812,0.0
5020,pop51,1,0.0007331371307373047,0.0
5021,pop10,5,0.01798563003540039,0.03477951303270926
5021,pop51,1,0.0007627010345458984,0.0
5021,pop53,1,0.0008723735809326172,0.0
5021,pop1,1,0.0005655288696289062,0.0
5021,pop15,1,0.0004215240478515625,0.0
5022,pop30,2,0.0415114164352417,0.04084980487823486
5022,pop48,3,0.0006628036499023438,0.00011934892106196201
5022,pop52,1,0.0006835460662841797,0.0
5022,pop53,1,0.0007081031799316406,0.0
5022,pop47,1,0.00043392181396484375,0.0
5023,pop50,5,0.019109582901000975,0.036327395098955204
5023,pop44,3,0.03228076299031576,0.044893420481403566
5023,pop14,2,0.051982760429382324,0.051445603370666504
5023,pop27,1,0.0005123615264892578,0.0
5023,pop25,1,0.0004794597625732422,0.0
5023,pop17,2,0.0006659030914306641,0.00013327598571777344
5023,pop51,1,0.0007193088531494141,0.0
5023,pop10,1,0.0005381107330322266,0.0
5024,pop6,2,0.049680113792419434,0.04903090000152588
5024,pop1,1,0.0006139278411865234,0.0
5024,pop53,2,0.0007401704788208008,1.704692840576172e-05
5024,pop54,1,0.08294534683227539,0.0
5024,pop52,2,0.00054931640625,2.86102294921875e-06
5024,pop48,2,0.04956960678100586,0.049001216888427734
5024,pop49,4,0.02636587619781494,0.04462876148266991
5024,pop2,2,0.05589103698730469,0.05540871620178223
5024,pop47,1,0.00024628639221191406,0.0
5025,pop36,2,0.04246699810028076,0.041828036308288574
5025,pop10,1,0.09034085273742676,0.0
5025,pop51,2,0.0008286237716674805,7.30752944946289e-05
5025,pop4,4,0.0006028413772583008,6.621998242248353e-05
5025,pop50,1,0.0008237361907958984,0.0
5025,pop14,1,0.0006053447723388672,0.0
5025,pop24,1,0.0005915164947509766,0.0
5026,pop31,2,0.04173398017883301,0.04112720489501953
5026,pop30,1,0.0004665851593017578,0.0
5026,pop48,1,0.0005333423614501953,0.0
5026,pop52,2,0.0006687641143798828,5.555152893066406e-05
5026,pop12,3,0.0005849997202555338,5.416155560544505e-05
5026,pop53,1,0.0009162425994873047,0.0
5026,pop7,1,0.0004863739013671875,0.0
5027,pop39,3,0.030702829360961914,0.04261004126246826
5027,pop38,3,0.0359954833984375,0.050207857388326095
5027,pop44,2,0.0006353855133056641,8.058547973632812e-05
5027,pop50,1,0.0009441375732421875,0.0
5027,pop14,1,0.0005695819854736328,0.0
5027,pop24,1,0.0005528926849365234,0.0
5028,pop8,2,0.042331814765930176,0.04167377948760986
5028,pop51,1,0.0009434223175048828,0.0
5028,pop53,3,0.030059814453125,0.04115155884734261
5028,pop1,2,0.0006732940673828125,8.177757263183594e-05
5028,pop6,3,0.035088141759236656,0.048902763837014
5028,pop52,1,0.0006613731384277344,0.0
5028,pop34,1,0.0004696846008300781,0.0
5028,pop35,1,0.00042700767517089844,0.0
5029,pop32,2,0.05332958698272705,0.05256927013397217
5030,pop38,5,0.02137150764465332,0.04143881867560132
5030,pop18,1,0.0004875659942626953,0.0
5030,pop19,1,0.0005981922149658203,0.0
5030,pop51,1,0.0008180141448974609,0.0
5030,pop50,1,0.0008432865142822266,0.0
5030,pop14,1,0.0005917549133300781,0.0
5030,pop24,1,0.0005393028259277344,0.0
5031,pop23,5,0.021030330657958986,0.0407278552310351
5031,pop16,1,0.0005290508270263672,0.0
5031,pop50,1,0.0008153915405273438,0.0
5031,pop53,1,0.0008873939514160156,0.0
5031,pop47,1,0.00042366981506347656,0.0
5032,pop16,3,0.03137890497843424,0.04354521269342657
5032,pop23,2,0.0005737543106079102,2.872943878173828e-05
5032,pop21,4,0.0005325675010681152,4.176729296075823e-05
5032,pop50,1,0.0010161399841308594,0.0
5032,pop44,1,0.0005788803100585938,0.0
5033,pop28,2,0.04127669334411621,0.04065966606140137
5033,pop51,1,0.0009071826934814453,0.0
5033,pop22,2,0.0443652868270874,0.04382121562957764
5033,pop21,1,0.0005249977111816406,0.0
5033,pop23,2,0.0005671977996826172,1.5974044799804688e-05
5033,pop24,2,0.05871593952178955,0.058153510093688965
5033,pop16,1,0.00028967857360839844,0.0
5033,pop50,4,0.0003929734230041504,2.6596965694499095e-05
5033,pop14,1,0.058747053146362305,0.0
5033,pop17,2,0.054590463638305664,0.05424332618713379
5033,pop25,2,0.0004093647003173828,0.00012135505676269531
5033,pop27,1,0.0006620883941650391,0.0
5033,pop55,1,0.047178030014038086,0.0
5033,pop52,1,0.0003199577331542969,0.0
5033,pop37,1,0.04500770568847656,0.0
5033,pop33,2,0.00031638145446777344,5.7220458984375e-06
5033,pop32,2,0.00034880638122558594,6.818771362304688e-05
5033,pop35,1,0.00024628639221191406,0.0
5034,pop18,2,0.0495448112487793,0.048892974853515625
5034,pop19,1,0.0006325244903564453,0.0
5034,pop51,2,0.0008683204650878906,6.222724914550781e-05
5034,pop22,4,0.0005423426628112793,7.008479794943328e-05
5034,pop53,1,0.0010869503021240234,0.0
5034,pop54,1,0.0005159378051757812,0.0
5034,pop52,1,0.0002846717834472656,0.0
5035,pop9,5,0.01732292175292969,0.03350685627002242
5035,pop51,1,0.0008051395416259766,0.0
5035,pop19,1,0.0006198883056640625,0.0
5035,pop20,1,0.0004999637603759766,0.0
5036,pop24,5,0.043363761901855466,0.052392220603104736
5036,pop23,3,0.03490265210469564,0.04853423150852464
5036,pop21,1,0.1109926700592041,0.0
5037,pop56,2,0.052556753158569336,0.05187630653381348
5037,pop2,2,0.052883267402648926,0.052385687828063965
5037,pop49,2,0.0005691051483154297,6.389617919921875e-05
5037,pop48,1,0.0005805492401123047,0.0
5037,pop52,1,0.0008766651153564453,0.0
5037,pop54,1,0.0005156993865966797,0.0
5037,pop53,1,0.0008904933929443359,0.0
5037,pop7,1,0.00042891502380371094,0.0
5038,pop52,2,0.045845746994018555,0.04512739181518555
5038,pop55,3,0.027348756790161133,0.03792289397936667
5038,pop50,4,0.0009418725967407227,0.00039907219739930837
5038,pop17,3,0.03599898020426432,0.05002770392127246
5038,pop44,2,0.049071311950683594,0.04874730110168457
5038,pop14,1,0.0006401538848876953,0.0
5038,pop27,1,0.0004973411560058594,0.0
5038,pop25,1,0.0005366802215576172,0.0
5039,pop41,2,0.0447535514831543,0.04407763481140137
5039,pop53,4,0.023006737232208252,0.038547624510830325
5039,pop1,2,0.0006101131439208984,2.6226043701171875e-06
5039,pop6,1,0.09996390342712402,0.0
5039,pop54,1,0.08812189102172852,0.0
5039,pop52,3,0.0007123152414957682,3.884898065892958e-05
5039,pop51,1,0.0008254051208496094,0.0
5040,pop33,2,0.048702359199523926,0.04800379276275635
5040,pop50,2,0.0008646249771118164,4.565715789794922e-05
5040,pop17,4,0.0006119608879089355,4.5775862718325714e-05
5040,pop53,1,0.0007350444793701172,0.0
5040,pop7,1,0.00043082237243652344,0.0
5041,pop14,2,0.05170607566833496,0.05096912384033203
5041,pop24,4,0.000556647777557373,1.3327337332401812e-05
5042,pop53,4,0.04411846399307251,0.04327147021372791
5042,pop1,1,0.0006365776062011719,0.0
5042,pop6,2,0.0004950761795043945,2.5033950805664062e-06
5043,pop55,5,0.016613054275512695,0.032003908988569314
5043,pop50,1,0.0008749961853027344,0.0
5043,pop44,1,0.0007035732269287109,0.0
5044,pop10,2,0.04357326030731201,0.04290759563446045
5044,pop51,1,0.0006690025329589844,0.0
5044,pop53,3,0.02974708875020345,0.04097041491110203
5044,pop54,2,0.0006453990936279297,2.1457672119140625e-05
5044,pop7,1,0.0004177093505859375,0.0
5045,pop30,2,0.04020810127258301,0.03953099250793457
5045,pop31,1,0.00048065185546875,0.0
5045,pop17,2,0.052596330642700195,0.051930904388427734
5045,pop50,2,0.0008609294891357422,3.0279159545898438e-05
5045,pop44,3,0.0006127357482910156,4.71289469878098e-05
5045,pop14,1,0.0006077289581298828,0.0
5045,pop24,1,0.0005164146423339844,0.0
5046,pop6,3,0.06673852602640788,0.046720085099628834
5046,pop1,1,0.0005526542663574219,0.0
5046,pop53,2,0.0007948875427246094,5.745887756347656e-05
5046,pop54,3,0.0005955696105957031,8.417312700180151e-05
5046,pop50,1,0.0007817745208740234,0.0
5046,pop44,1,0.0005304813385009766,0.0
5047,pop36,2,0.04219162464141846,0.04152858257293701
5047,pop51,1,0.0006418228149414062,0.0
5047,pop50,1,0.001009225845336914,0.0
5047,pop17,1,0.1094064712524414,0.0
5047,pop25,1,0.0007255077362060547,0.0
5048,pop8,2,0.042800188064575195,0.04215383529663086
5048,pop51,2,0.0006058216094970703,1.2874603271484375e-05
5048,pop50,3,0.0008061726888020834,0.00033579230957421545
5048,pop14,5,0.0005176544189453125,0.00014011634130640469
5048,pop27,2,0.000613093376159668,0.00011456012725830078
5048,pop25,3,0.0005304813385009766,2.368237880985155e-05
5048,pop17,2,0.05389201641082764,0.05323517322540283
5048,pop10,1,0.0005240440368652344,0.0
5049,pop16,2,0.0444788932800293,0.04384016990661621
5049,pop50,2,0.000943303108215332,0.00013816356658935547
5049,pop17,4,0.000617682933807373,5.0353014719072055e-05
5049,pop53,1,0.0008711814880371094,0.0
5049,pop51,1,0.0007777214050292969,0.0
5050,pop24,2,0.05512678623199463,0.05442631244659424
5050,pop23,4,0.0006306767463684082,0.0001572649661103034
5050,pop16,1,0.0006444454193115234,0.0
5050,pop50,1,0.0009582042694091797,0.0
5050,pop51,1,0.0009179115295410156,0.0
5050,pop19,1,0.0006842613220214844,0.0
5050,pop20,1,0.0005753040313720703,0.0
5051,pop4,5,0.018216371536254883,0.03521309581329129
5051,pop51,1,0.0010371208190917969,0.0
5051,pop50,1,0.000865936279296875,0.0
5051,pop53,1,0.0008513927459716797,0.0
5051,pop1,1,0.0005924701690673828,0.0
5051,pop15,1,0.0005910396575927734,0.0
5052,pop45,2,0.04914736747741699,0.04847145080566406
5052,pop44,1,0.0005714893341064453,0.0
5052,pop50,2,0.0011239051818847656,0.00016021728515625
5052,pop14,1,0.0006012916564941406,0.0
5052,pop27,1,0.0004773139953613281,0.0
5052,pop25,1,0.00047397613525390625,0.0
5052,pop17,3,0.0005840460459391276,6.42322641980917e-05
5052,pop55,1,0.000457763671875,0.0
5053,pop32,5,0.02142443656921387,0.041591424590303065
5053,pop33,1,0.0005369186401367188,0.0
5053,pop50,1,0.0009133815765380859,0.0
5053,pop55,1,0.0005271434783935547,0.0
5054,pop28,2,0.041950225830078125,0.04128289222717285
5054,pop51,2,0.0008008480072021484,3.5762786865234375e-06
5054,pop4,4,0.0005639791488647461,5.4650536361862815e-05
5054,pop53,1,0.0007817745208740234,0.0
5054,pop7,1,0.0004048347473144531,0.0
5055,pop33,3,0.033935546875,0.04700654876424434
5055,pop32,2,0.05449032783508301,0.053977251052856445
5055,pop50,3,0.0009205341339111328,0.0003502975605649998
5055,pop44,1,0.0983574390411377,0.0
5055,pop14,1,0.0006427764892578125,0.0
5055,pop27,1,0.0005419254302978516,0.0
5055,pop25,1,0.0004892349243164062,0.0
5055,pop17,1,0.10968923568725586,0.0
5055,pop31,1,0.0003962516784667969,0.0
5055,pop30,1,0.0002703666687011719,0.0
5055,pop48,1,0.0003190040588378906,0.0
5055,pop52,1,0.0003082752227783203,0.0
5055,pop53,1,0.00039076805114746094,0.0
5055,pop16,1,0.0002894401550292969,0.0
5055,pop23,2,0.029908418655395508,0.029633522033691406
5055,pop24,1,0.06434869766235352,0.0
5055,pop21,1,0.06082344055175781,0.0
5055,pop22,4,0.00029027462005615234,5.19428403668257e-05
5055,pop51,1,0.000377655029296875,0.0
5055,pop19,1,0.0003495216369628906,0.0
5055,pop18,1,0.00027060508728027344,0.0
5056,pop6,5,0.020371437072753906,0.039512586598778175
5056,pop1,1,0.0005919933319091797,0.0
5056,pop53,1,0.0008962154388427734,0.0
5056,pop52,1,0.0006172657012939453,0.0
5056,pop34,1,0.000446319580078125,0.0
5056,pop35,1,0.00040721893310546875,0.0
5057,pop8,2,0.04225873947143555,0.041641950607299805
5057,pop51,1,0.0009813308715820312,0.0
5057,pop53,3,0.061808109283447266,0.04329066421711287
5057,pop1,2,0.0006921291351318359,0.0001068115234375
5057,pop6,1,0.10062336921691895,0.0
5057,pop0,1,0.00046133995056152344,0.0
5057,pop3,1,0.0004534721374511719,0.0
5057,pop52,3,0.0005321502685546875,0.00014475143120210347
5057,pop54,1,0.08838796615600586,0.0
5057,pop12,4,0.00047647953033447266,0.00015099648319624612
5057,pop50,1,0.0009677410125732422,0.0
5057,pop14,1,0.0006580352783203125,0.0
5057,pop24,1,0.0005419254302978516,0.0
5058,pop52,3,0.030539592107137043,0.042118984212410226
5058,pop48,4,0.0006298422813415527,0.00010998429882081286
5058,pop53,1,0.0008447170257568359,0.0
5058,pop51,1,0.0009191036224365234,0.0
5059,pop55,2,0.03986489772796631,0.03916633129119873
5059,pop50,2,0.0009933710098266602,0.00025641918182373047
5059,pop14,1,0.0005705356597900391,0.0
5059,pop27,1,0.0004918575286865234,0.0
5059,pop25,1,0.0005044937133789062,0.0
5059,pop17,4,0.0006459355354309082,7.441398207444673e-05
5059,pop53,1,0.0008561611175537109,0.0
5059,pop1,1,0.0005877017974853516,0.0
5059,pop15,1,0.0004074573516845703,0.0
5060,pop30,2,0.04226231575012207,0.041623830795288086
5060,pop31,1,0.00047016143798828125,0.0
5060,pop17,4,0.0006821751594543457,9.82125936996508e-05
5060,pop50,1,0.0009801387786865234,0.0
5060,pop51,1,0.0007340908050537109,0.0
5060,pop19,1,0.0007128715515136719,0.0
5060,pop20,1,0.0004703998565673828,0.0
5061,pop36,2,0.04139280319213867,0.040758371353149414
5061,pop10,1,0.08972311019897461,0.0
5061,pop51,1,0.0011186599731445312,0.0
5061,pop50,1,0.0007457733154296875,0.0
5061,pop53,2,0.04653048515319824,0.04575657844543457
5061,pop54,1,0.0886988639831543,0.0
5061,pop52,3,0.0005652109781901041,0.0001956013237015612
5061,pop55,1,0.08618831634521484,0.0
5061,pop12,3,0.0004467964172363281,0.00011678633403388793
5062,pop45,2,0.04759490489959717,0.04692065715789795
5062,pop44,1,0.0007491111755371094,0.0
5062,pop27,1,0.000514984130859375,0.0
5062,pop25,1,0.00047087669372558594,0.0
5062,pop17,1,0.10532593727111816,0.0
5062,pop50,1,0.0010457038879394531,0.0
5062,pop16,1,0.0004696846008300781,0.0
5062,pop23,1,0.0004696846008300781,0.0
5062,pop24,1,0.0005102157592773438,0.0
5062,pop14,1,0.10660982131958008,0.0
5063,pop6,2,0.0505601167678833,0.049907803535461426
5063,pop1,1,0.0006306171417236328,0.0
5063,pop53,2,0.045400381088256836,0.044538021087646484
5063,pop41,2,0.0005944967269897461,8.308887481689453e-05
5063,pop40,3,0.06044173240661621,0.04241094432237724
5063,pop43,2,0.0004904270172119141,1.7881393432617188e-05
5063,pop51,2,0.0007367134094238281,6.246566772460938e-05
5063,pop10,2,0.04592549800872803,0.04538238048553467
5063,pop52,2,0.0006476640701293945,1.1563301086425781e-05
5063,pop48,2,0.05207252502441406,0.051801204681396484
5063,pop56,2,0.0003044605255126953,1.1444091796875e-05
5064,pop42,2,0.044351935386657715,0.043715596199035645
5064,pop43,1,0.0004980564117431641,0.0
5064,pop51,2,0.0010085105895996094,7.700920104980469e-05
5064,pop10,3,0.0006522337595621744,8.455366999032273e-05
5064,pop53,1,0.0007791519165039062,0.0
5064,pop50,1,0.000782012939453125,0.0
5064,pop14,1,0.0005879402160644531,0.0
5064,pop24,1,0.0005388259887695312,0.0
5065,pop27,3,0.07293462753295898,0.05110359572418329
5065,pop25,2,0.0005866289138793945,5.924701690673828e-05
5065,pop17,2,0.05190432071685791,0.05136263370513916
5066,pop44,6,0.03366053104400635,0.04701285812744212
5066,pop50,4,0.0008189082145690918,0.00030548428308146004
5066,pop14,2,0.03058648109436035,0.02990889549255371
5066,pop27,5,0.02356095314025879,0.04625417078090018
5066,pop25,2,0.00045752525329589844,7.43865966796875e-05
5066,pop17,2,0.08301723003387451,0.02424323558807373
5066,pop24,2,0.0003199577331542969,2.002716064453125e-05
5066,pop23,1,0.0002999305725097656,0.0
5066,pop16,1,0.00026798248291015625,0.0
5067,pop32,3,0.07085474332173665,0.04961771047435491
5067,pop33,3,0.0006050268809000651,0.00025214921186716873
5067,pop50,3,0.0007479985555013021,0.00026477349020040766
5067,pop53,2,0.0007293224334716797,4.458427429199219e-05
5067,pop52,1,0.0010182857513427734,0.0
5067,pop37,2,0.0005695819854736328,0.00010180473327636719
5067,pop16,1,0.0005030632019042969,0.0
5068,pop33,3,0.032952467600504555,0.045684603581935365
5068,pop32,3,0.03632354736328125,0.050647362093359224
5068,pop50,2,0.0008516311645507812,5.221366882324219e-05
5068,pop17,2,0.0006977319717407227,0.00013267993927001953
5068,pop51,1,0.0008034706115722656,0.0
5069,pop8,2,0.04335618019104004,0.04271674156188965
5069,pop51,3,0.0007578531901041666,6.102967154840703e-05
5069,pop10,1,0.09343576431274414,0.0
5069,pop22,4,0.0005657076835632324,0.0001334513122423238
5069,pop47,1,0.0002841949462890625,0.0
5070,pop30,2,0.040767788887023926,0.04014623165130615
5070,pop48,1,0.09876036643981934,0.0
5070,pop52,4,0.0007033944129943848,0.00010299991328747777
5070,pop51,1,0.0007255077362060547,0.0
5071,pop48,5,0.020123624801635744,0.038987638722114755
5071,pop52,1,0.0005638599395751953,0.0
5071,pop53,1,0.0009336471557617188,0.0
5071,pop51,1,0.000835418701171875,0.0
5072,pop37,5,0.01633610725402832,0.031440896557856944
5072,pop52,1,0.0006535053253173828,0.0
5072,pop53,1,0.0008304119110107422,0.0
5072,pop7,1,0.00045418739318847656,0.0
5073,pop23,3,0.03448017438252767,0.04777626521127931
5073,pop21,1,0.1099550724029541,0.0
5073,pop24,4,0.0006078481674194336,9.520643771509972e-05
5073,pop14,1,0.0007402896881103516,0.0
5073,pop50,1,0.0007610321044921875,0.0
5073,pop51,1,0.0007486343383789062,0.0
5073,pop10,1,0.0005049705505371094,0.0
5074,pop18,3,0.03314336140950521,0.046028223906174025
5074,pop38,2,0.05243241786956787,0.051772475242614746
5074,pop19,1,0.0006306171417236328,0.0
5074,pop51,1,0.0007984638214111328,0.0
5074,pop22,2,0.0005666017532348633,6.663799285888672e-05
5074,pop21,1,0.0005457401275634766,0.0
5074,pop23,1,0.0006082057952880859,0.0
5074,pop16,1,0.0002665519714355469,0.0
5075,pop9,5,0.017804384231567383,0.03449802514727946
5075,pop51,1,0.0008134841918945312,0.0
5075,pop10,1,0.0005373954772949219,0.0
5076,pop52,5,0.01826024055480957,0.0350260955679867
5076,pop53,1,0.0007736682891845703,0.0
5076,pop51,1,0.0006549358367919922,0.0
5076,pop10,1,0.0005433559417724609,0.0
5077,pop36,2,0.04162895679473877,0.040987372398376465
5077,pop51,4,0.0008054375648498535,5.40388674341709e-05
5077,pop4,1,0.09292221069335938,0.0
5077,pop19,2,0.0006771087646484375,4.76837158203125e-07
5077,pop20,1,0.10069823265075684,0.0
5077,pop9,4,0.00048655271530151367,9.451595934507965e-05
5077,pop10,1,0.0005202293395996094,0.0
5078,pop32,2,0.053339600563049316,0.05264413356781006
5078,pop33,1,0.0005028247833251953,0.0
5078,pop37,4,0.0005607008934020996,7.192230959788087e-05
5078,pop52,1,0.0005743503570556641,0.0
5078,pop55,1,0.0005362033843994141,0.0
5079,pop41,2,0.046874165534973145,0.046193718910217285
5079,pop40,3,0.0005582173665364584,3.163598836683971e-05
5079,pop43,1,0.0005166530609130859,0.0
5079,pop51,1,0.0007762908935546875,0.0
5080,pop10,2,0.0444873571395874,0.043797850608825684
5080,pop51,2,0.0007997751235961914,5.352497100830078e-05
5080,pop4,1,0.09129548072814941,0.0
5080,pop50,2,0.0008504390716552734,0.0001404285430908203
5080,pop14,3,0.03627490997314453,0.05038689700643601
5080,pop24,2,0.0005960464477539062,1.9788742065429688e-05
5080,pop55,1,0.00048232078552246094,0.0
5081,pop16,3,0.03056788444519043,0.04238799543248776
5081,pop23,5,0.0006425857543945312,0.00013548842655860513
5081,pop21,1,0.10706114768981934,0.0
5081,pop50,1,0.0008149147033691406,0.0
5081,pop53,1,0.0008685588836669922,0.0
5081,pop47,1,0.0006124973297119141,0.0
5082,pop42,2,0.04422295093536377,0.04357731342315674
5082,pop43,1,0.0006256103515625,0.0
5082,pop51,3,0.0007534027099609375,6.044118671999468e-05
5082,pop4,1,0.09150433540344238,0.0
5082,pop53,2,0.04578888416290283,0.045003294944763184
5082,pop52,3,0.0007048447926839193,0.00014812291364995817
5082,pop19,1,0.0006158351898193359,0.0
5082,pop18,1,0.0004742145538330078,0.0
5083,pop30,2,0.04165804386138916,0.041008830070495605
5083,pop31,1,0.00047206878662109375,0.0
5083,pop17,1,0.10457277297973633,0.0
5083,pop25,1,0.0006239414215087891,0.0
5084,pop18,3,0.03398728370666504,0.04723366234397085
5084,pop38,1,0.10535073280334473,0.0
5084,pop19,1,0.0007822513580322266,0.0
5084,pop20,3,0.000598907470703125,0.00012161045953151693
5084,pop46,1,0.0006804466247558594,0.0
5084,pop51,1,0.0007469654083251953,0.0
5084,pop10,1,0.000522613525390625,0.0
5085,pop9,5,0.017521476745605467,0.03388516075007453
5085,pop51,1,0.0007669925689697266,0.0
5085,pop53,1,0.0007266998291015625,0.0
5085,pop52,1,0.0006959438323974609,0.0
5086,pop36,2,0.04260420799255371,0.04193997383117676
5086,pop51,3,0.0007523695627848307,4.547333974513812e-05
5086,pop4,2,0.048142075538635254,0.04761660099029541
5086,pop50,2,0.0011736154556274414,0.0001481771469116211
5086,pop44,1,0.0005509853363037109,0.0
5086,pop27,1,0.0005309581756591797,0.0
5086,pop25,1,0.0005254745483398438,0.0
5086,pop17,3,0.0004717508951822917,0.0001154320785578911
5086,pop53,1,0.0007331371307373047,0.0
5086,pop19,1,0.0006902217864990234,0.0
5086,pop20,1,0.0003066062927246094,0.0
5087,pop22,5,0.01713247299194336,0.03304977226726241
5087,pop51,1,0.0008394718170166016,0.0
5087,pop50,1,0.0009434223175048828,0.0
5087,pop35,1,0.0004398822784423828,0.0
5088,pop21,2,0.05404043197631836,0.05336713790893555
5088,pop23,1,0.0005915164947509766,0.0
5088,pop24,1,0.11034154891967773,0.0
5088,pop14,1,0.10199236869812012,0.0
5088,pop50,2,0.0008774995803833008,9.66787338256836e-05
5088,pop17,4,0.0007475018501281738,0.0002281322831527731
5088,pop25,1,0.0005180835723876953,0.0
5088,pop27,1,0.0005085468292236328,0.0
5088,pop44,1,0.0006015300750732422,0.0
5088,pop51,1,0.0003609657287597656,0.0
5088,pop19,1,0.00035190582275390625,0.0
5088,pop18,1,0.0002651214599609375,0.0
5089,pop47,3,0.05288855234781901,0.03694060331311513
5089,pop53,2,0.0008068084716796875,3.838539123535156e-05
5089,pop54,2,0.0006138086318969727,7.069110870361328e-05
5089,pop51,1,0.0007891654968261719,0.0
5089,pop10,1,0.0005433559417724609,0.0
5090,pop57,2,0.05366241931915283,0.05300939083099365
5090,pop56,3,0.000560760498046875,7.415494959454439e-05
5090,pop2,3,0.07192810376485188,0.05053631951180238
5090,pop49,2,0.05428779125213623,0.05373036861419678
5090,pop48,1,0.0005192756652832031,0.0
5090,pop52,1,0.0005564689636230469,0.0
5090,pop53,1,0.0007226467132568359,0.0
5090,pop1,1,0.0006318092346191406,0.0
5090,pop6,1,0.0002532005310058594,0.0
5091,pop37,5,0.015943622589111327,0.030675463843331273
5091,pop52,1,0.0009632110595703125,0.0
5091,pop51,1,0.0007996559143066406,0.0
5091,pop19,1,0.0005824565887451172,0.0
5091,pop20,1,0.0005064010620117188,0.0
5092,pop23,2,0.05279111862182617,0.05205345153808594
5092,pop24,2,0.05528748035430908,0.054534316062927246
5092,pop14,2,0.0006916522979736328,4.291534423828125e-05
5092,pop50,3,0.0008762677510579427,0.00039681315347070797
5092,pop17,4,0.027712881565093994,0.04680450748655507
5092,pop25,2,0.000507354736328125,1.430511474609375e-06
5092,pop27,1,0.1114051342010498,0.0
5092,pop53,1,0.0004477500915527344,0.0
5092,pop47,1,0.0004379749298095703,0.0
5093,pop42,2,0.04561281204223633,0.045011281967163086
5093,pop43,1,0.0005958080291748047,0.0
5093,pop51,2,0.0007505416870117188,2.5510787963867188e-05
5093,pop4,4,0.0006210803985595703,0.00010337858182438235
5093,pop53,1,0.0007734298706054688,0.0
5093,pop52,1,0.0006225109100341797,0.0
5094,pop40,2,0.04537761211395264,0.0446854829788208
5094,pop43,1,0.0005726814270019531,0.0
5094,pop51,4,0.0009020566940307617,8.275915507902116e-05
5094,pop4,4,0.0229722261428833,0.03870266200648008
5094,pop10,2,0.04620850086212158,0.045706868171691895
5094,pop50,1,0.0008075237274169922,0.0
5094,pop14,1,0.0006415843963623047,0.0
5094,pop24,1,0.0005555152893066406,0.0
5095,pop46,2,0.04866147041320801,0.04797101020812988
5095,pop20,2,0.04949951171875,0.048987388610839844
5095,pop19,3,0.0006080468495686849,3.801777604540192e-05
5095,pop18,3,0.0004905859629313151,1.10966426059132e-05
5095,pop38,2,0.055159926414489746,0.054644227027893066
5095,pop51,2,0.0007055997848510742,3.039836883544922e-05
5095,pop10,2,0.0006536245346069336,0.00013744831085205078
5096,pop55,2,0.040633201599121094,0.04000973701477051
5096,pop50,5,0.0008425235748291016,7.646532479717376e-05
5096,pop44,2,0.09789323806762695,0.0014889240264892578
5096,pop17,5,0.02154083251953125,0.041747803556029216
5096,pop51,1,0.0008740425109863281,0.0
5096,pop10,1,0.0005803108215332031,0.0
5097,pop45,2,0.049491286277770996,0.0488206148147583
5097,pop44,2,0.048088908195495605,0.047568678855895996
5097,pop50,2,0.000822901725769043,1.0132789611816406e-05
5097,pop17,3,0.0006093184153238932,5.006159384417096e-06
5097,pop55,1,0.0004744529724121094,0.0
5098,pop10,4,0.04605865478515625,0.04541077167010855
5098,pop51,3,0.0007557074228922526,3.591628159881617e-05
5098,pop4,2,0.04575169086456299,0.04517209529876709
5098,pop22,2,0.0005913972854614258,5.614757537841797e-05
5098,pop21,1,0.0003972053527832031,0.0
5098,pop23,1,0.00025963783264160156,0.0
5098,pop24,1,0.0002944469451904297,0.0
5099,pop18,3,0.03361384073893229,0.04672478551578614
5099,pop38,3,0.0005771319071451823,9.539054219711044e-05
5099,pop19,1,0.0006279945373535156,0.0
5099,pop51,1,0.0008134841918945312,0.0
5099,pop53,1,0.0009503364562988281,0.0
5099,pop52,1,0.0006108283996582031,0.0
5100,pop47,5,0.016117429733276366,0.031050990707275707
5100,pop53,1,0.0009341239929199219,0.0
5100,pop1,1,0.0005979537963867188,0.0
5100,pop6,1,0.0004811286926269531,0.0
5101,pop23,3,0.03452595074971517,0.047933090993026034
5101,pop24,4,0.0005933642387390137,6.391983319439542e-05
5101,pop16,1,0.0005209445953369141,0.0
5102,pop42,2,0.04514312744140625,0.04450535774230957
5102,pop43,1,0.00048732757568359375,0.0
5102,pop40,3,0.030086278915405273,0.04179264681776202
5102,pop41,1,0.0005109310150146484,0.0
5102,pop53,2,0.04690134525299072,0.046088337898254395
5102,pop54,1,0.08997392654418945,0.0
5102,pop52,2,0.0006293058395385742,2.9802322387695312e-06
5102,pop48,2,0.0006939172744750977,0.00017464160919189453
5102,pop51,1,0.0007736682891845703,0.0
5102,pop19,1,0.0003597736358642578,0.0
5102,pop20,1,0.00026917457580566406,0.0
5103,pop50,5,0.019267511367797852,0.03689067922121756
5103,pop14,4,0.0005037784576416016,0.0001817254030222457
5103,pop27,2,0.031179308891296387,0.030629754066467285
5103,pop25,1,0.0005872249603271484,0.0
5103,pop17,2,0.05630970001220703,0.05538296699523926
5103,pop31,1,0.00049591064453125,0.0
5103,pop30,1,0.0004987716674804688,0.0
5103,pop48,1,0.0002872943878173828,0.0
5103,pop52,2,0.0003167390823364258,1.2516975402832031e-05
5103,pop53,2,0.00041115283966064453,6.830692291259766e-05
5103,pop24,4,0.00032341480255126953,2.391238510010206e-05
5104,pop31,2,0.042883992195129395,0.042246460914611816
5104,pop17,1,0.10553550720214844,0.0
5104,pop25,1,0.0007073879241943359,0.0
5105,pop39,2,0.04616045951843262,0.0455174446105957
5105,pop38,3,0.0732269287109375,0.05138922573798378
5105,pop18,3,0.0005927085876464844,6.172785475842882e-05
5105,pop19,3,0.0007045269012451172,8.082096784712334e-05
5105,pop20,2,0.10113096237182617,0.0007817745208740234
5105,pop46,1,0.0005443096160888672,0.0
5105,pop45,1,0.0005390644073486328,0.0
5105,pop44,1,0.05301713943481445,0.0
5105,pop50,2,0.0007054805755615234,0.0003108978271484375
5105,pop17,2,0.00035643577575683594,5.745887756347656e-05
5105,pop51,1,0.0006284713745117188,0.0
5106,pop27,4,0.05468606948852539,0.05400490948448397
5106,pop25,1,0.000518798828125,0.0
5106,pop17,2,0.0007628202438354492,0.0001512765884399414
5106,pop50,1,0.0009350776672363281,0.0
5106,pop51,1,0.0007822513580322266,0.0
5106,pop19,1,0.0008313655853271484,0.0
5106,pop20,1,0.0005006790161132812,0.0
5107,pop8,2,0.04531967639923096,0.04462087154388428
5107,pop51,2,0.0008575916290283203,2.3365020751953125e-05
5107,pop10,1,0.09118366241455078,0.0
5107,pop53,4,0.0008179545402526855,7.874355612300499e-05
5107,pop7,1,0.0004425048828125,0.0
5108,pop21,2,0.05454897880554199,0.0538632869720459
5108,pop23,1,0.0005612373352050781,0.0
5108,pop24,4,0.0006018877029418945,7.057844353954713e-05
5109,pop40,3,0.05902568499247233,0.041240315224054046
5109,pop41,1,0.00067138671875,0.0
5109,pop53,3,0.031087557474772137,0.042898911617720324
5109,pop50,2,0.0007257461547851562,3.457069396972656e-05
5109,pop17,1,0.1071176528930664,0.0
5109,pop31,1,0.0005078315734863281,0.0
5109,pop30,1,0.0004782676696777344,0.0
5109,pop48,1,0.0004127025604248047,0.0
5109,pop52,1,0.0004925727844238281,0.0
5109,pop54,1,0.00030303001403808594,0.0
5109,pop44,2,0.0005660057067871094,2.1457672119140625e-06
5110,pop46,2,0.04871475696563721,0.04805648326873779
5110,pop20,2,0.04887270927429199,0.04834866523742676
5110,pop19,2,0.0006119012832641602,1.2993812561035156e-05
5110,pop18,2,0.0005044937133789062,2.384185791015625e-07
5110,pop38,2,0.0005935430526733398,9.500980377197266e-05
5110,pop51,1,0.0007891654968261719,0.0
5110,pop53,1,0.0009038448333740234,0.0
5110,pop7,1,0.0004215240478515625,0.0
5111,pop45,2,0.048302412033081055,0.04761910438537598
5111,pop44,4,0.024488508701324463,0.04135203288600415
5111,pop50,2,0.0008521080017089844,0.00010347366333007812
5111,pop14,1,0.10173535346984863,0.0
5111,pop17,1,0.10466384887695312,0.0
5111,pop25,1,0.00048804283142089844,0.0
5111,pop27,1,0.0005338191986083984,0.0
5112,pop18,3,0.03407430648803711,0.04732859037855426
5112,pop38,2,0.05307173728942871,0.05253791809082031
5112,pop19,1,0.0006594657897949219,0.0
5112,pop51,1,0.0007703304290771484,0.0
5112,pop50,6,0.0008220672607421875,6.806185807373301e-05
5112,pop17,2,0.10831308364868164,0.0004019737243652344
5112,pop55,4,0.021007120609283447,0.03587416964756845
5112,pop44,2,0.050080299377441406,0.04953718185424805
5113,pop23,4,0.026308119297027588,0.044486637234666476
5113,pop24,3,0.037531375885009766,0.05217769561571469
5113,pop21,3,0.0005293687184651693,2.0036934682691812e-05
5114,pop38,5,0.02163352966308594,0.042115772594544985
5114,pop18,1,0.0005078315734863281,0.0
5114,pop19,1,0.0007977485656738281,0.0
5114,pop20,1,0.0004923343658447266,0.0
5115,pop48,3,0.033390204111735024,0.046285894211255264
5115,pop49,4,0.026392221450805664,0.04466873954717581
5115,pop2,2,0.05443847179412842,0.05397164821624756
5115,pop52,1,0.0006844997406005859,0.0
5115,pop53,1,0.0007843971252441406,0.0
5115,pop51,1,0.0006248950958251953,0.0
5115,pop19,1,0.0006232261657714844,0.0
5115,pop18,1,0.0006566047668457031,0.0
5116,pop52,4,0.023674964904785156,0.03970684411852188
5116,pop53,1,0.0008187294006347656,0.0
5116,pop51,1,0.0007433891296386719,0.0
5116,pop10,1,0.0005407333374023438,0.0
5117,pop32,2,0.054009199142456055,0.05302095413208008
5117,pop50,1,0.0007879734039306641,0.0
5117,pop33,1,0.0006184577941894531,0.0
5117,pop37,3,0.0005447864532470703,4.315881190259448e-05
5117,pop52,1,0.0004448890686035156,0.0
5117,pop55,1,0.0002696514129638672,0.0
5118,pop55,2,0.04226040840148926,0.041576385498046875
5118,pop52,3,0.0006749629974365234,6.912521743222293e-05
5118,pop53,1,0.0007066726684570312,0.0
5118,pop51,1,0.0008344650268554688,0.0
5119,pop47,4,0.039713501930236816,0.039155335731243864
5119,pop53,1,0.09319853782653809,0.0
5119,pop1,1,0.0006608963012695312,0.0
5119,pop6,2,0.00048100948333740234,8.940696716308594e-06
5120,pop42,2,0.04413580894470215,0.04351997375488281
5120,pop43,2,0.0005180835723876953,1.1920928955078125e-06
5120,pop40,5,0.018226003646850585,0.03527262955527128
5120,pop41,2,0.0006133317947387695,8.165836334228516e-05
5120,pop53,1,0.09150958061218262,0.0
5120,pop51,1,0.0006604194641113281,0.0
5120,pop19,1,0.0006413459777832031,0.0
5120,pop18,1,0.0005013942718505859,0.0
5121,pop56,2,0.0526808500289917,0.05203855037689209
5121,pop2,2,0.053990960121154785,0.05343782901763916
5121,pop49,4,0.052090466022491455,0.05159764049320602
5121,pop48,1,0.0005838871002197266,0.0
5121,pop52,2,0.000800013542175293,7.617473602294922e-05
5121,pop13,2,0.0006383657455444336,0.00016868114471435547
5121,pop3,1,0.0004284381866455078,0.0
5121,pop0,1,0.00024366378784179688,0.0
5121,pop1,1,0.0003578662872314453,0.0
5121,pop6,1,0.0002598762512207031,0.0
5122,pop14,5,0.041845703125,0.0504509828605324
5122,pop24,2,0.0007094144821166992,0.00011146068572998047
5122,pop50,1,0.000896453857421875,0.0
5122,pop53,1,0.0006937980651855469,0.0
5122,pop47,1,0.0005884170532226562,0.0
5123,pop53,4,0.04543036222457886,0.04480323024117796
5123,pop1,2,0.0006204843521118164,9.894371032714844e-06
5123,pop6,1,0.10168719291687012,0.0
5123,pop50,3,0.0008215109507242838,0.0003442144147275792
5123,pop14,1,0.0005404949188232422,0.0
5123,pop27,1,0.0005486011505126953,0.0
5123,pop25,1,0.0005505084991455078,0.0
5123,pop17,2,0.0548633337020874,0.054224610328674316
5123,pop44,1,0.05249381065368652,0.0
5123,pop45,1,0.00029397010803222656,0.0
5123,pop46,1,0.0002911090850830078,0.0
5123,pop20,2,0.08113467693328857,0.024564385414123535
5123,pop19,4,0.0004188418388366699,0.00011441314566411848
5123,pop51,5,0.0005664348602294922,0.0001760666177441111
5123,pop4,1,0.10097718238830566,0.0
5123,pop9,1,0.050504207611083984,0.0
5123,pop43,1,0.0003757476806640625,0.0
5123,pop40,1,0.0003120899200439453,0.0
5123,pop41,1,0.0002803802490234375,0.0
5123,pop16,1,0.00026988983154296875,0.0
5123,pop23,1,0.0003993511199951172,0.0
5123,pop21,1,0.0002732276916503906,0.0
5123,pop22,2,0.00031363964080810547,3.731250762939453e-05
5123,pop18,1,0.00028395652770996094,0.0
5124,pop24,3,0.07488528887430827,0.05246702330892794
5124,pop23,3,0.0006020069122314453,0.00011328989254720252
5124,pop21,2,0.0555192232131958,0.05502593517303467
5124,pop16,1,0.0005025863647460938,0.0
5124,pop50,1,0.0007071495056152344,0.0
5124,pop51,1,0.0007939338684082031,0.0
5124,pop10,1,0.0005252361297607422,0.0
5125,pop41,2,0.04609215259552002,0.04542386531829834
5125,pop53,3,0.0007038911183675131,0.00023459365136670792
5125,pop1,2,0.0006868839263916016,0.00011110305786132812
5125,pop6,2,0.05157637596130371,0.051111698150634766
5125,pop51,7,0.0005716936928885323,0.000212035244396591
5125,pop10,4,0.02340179681777954,0.03988532158913083
5125,pop19,4,0.0004971027374267578,0.0001462356442788781
5125,pop18,2,0.0005906820297241211,1.0371208190917969e-05
5125,pop38,1,0.11098480224609375,0.0
5125,pop4,1,0.050461530685424805,0.0
5125,pop5,1,0.0005030632019042969,0.0
5125,pop46,1,0.00032830238342285156,0.0
5125,pop20,1,0.05585789680480957,0.0
5125,pop50,2,0.0004407167434692383,3.7789344787597656e-05
5125,pop17,2,0.0003879070281982422,2.1696090698242188e-05
5126,pop30,2,0.0410536527633667,0.040410637855529785
5126,pop48,2,0.000546574592590332,1.990795135498047e-05
5126,pop49,3,0.000557104746500651,4.5760773501743575e-05
5126,pop52,1,0.0006296634674072266,0.0
5126,pop55,1,0.0005037784576416016,0.0
5127,pop9,5,0.01818423271179199,0.03526416534156186
5127,pop51,1,0.0007042884826660156,0.0
5127,pop53,1,0.0006630420684814453,0.0
5127,pop7,1,0.00044417381286621094,0.0
5128,pop50,3,0.03176585833231608,0.04373072322412851
5128,pop16,1,0.0005345344543457031,0.0
5128,pop23,1,0.10528278350830078,0.0
5128,pop24,4,0.0006529688835144043,7.345602036848271e-05
5128,pop14,1,0.0005843639373779297,0.0
5128,pop53,1,0.0006601810455322266,0.0
5128,pop52,1,0.0005640983581542969,0.0
5129,pop21,2,0.05536484718322754,0.054685115814208984
5129,pop23,2,0.05218005180358887,0.05160951614379883
5129,pop24,3,0.0006535053253173828,5.807633856851605e-05
5129,pop14,1,0.0006039142608642578,0.0
5129,pop50,1,0.0011780261993408203,0.0
5129,pop53,1,0.0009281635284423828,0.0
5129,pop7,1,0.0004329681396484375,0.0
5130,pop40,2,0.04507458209991455,0.044411540031433105
5130,pop41,1,0.0005092620849609375,0.0
5130,pop53,3,0.0008025964101155599,7.586166317573954e-05
5130,pop1,2,0.0007939338684082031,0.0001842975616455078
5130,pop7,1,0.0005795955657958984,0.0
5130,pop6,1,0.1089017391204834,0.0
5130,pop54,1,0.09284400939941406,0.0
5130,pop52,3,0.032895962397257485,0.045789004791894926
5130,pop37,2,0.0004801750183105469,4.76837158203125e-07
5131,pop46,3,0.03235816955566406,0.04480867865169541
5131,pop20,4,0.0005972385406494141,4.955981948379235e-05
5131,pop45,1,0.00048828125,0.0
5131,pop44,1,0.00051116943359375,0.0
5132,pop48,4,0.05067479610443115,0.05005379620311599
5132,pop49,2,0.10389339923858643,8.702278137207031e-06
5132,pop2,2,0.053461670875549316,0.05282032489776611
5132,pop56,2,0.0005667209625244141,5.7220458984375e-05
5132,pop52,1,0.0007150173187255859,0.0
5132,pop55,1,0.0005095005035400391,0.0
5133,pop52,3,0.031038681666056316,0.04286576665490283
5133,pop37,3,0.0005677541097005209,9.046015492260935e-05
5133,pop53,1,0.0006964206695556641,0.0
5133,pop1,1,0.0005664825439453125,0.0
5133,pop6,1,0.0004925727844238281,0.0
5134,pop4,3,0.06117622057596842,0.04278256014468174
5134,pop51,2,0.0008910894393920898,5.710124969482422e-05
5134,pop10,3,0.0006419022878011068,7.931120644269193e-05
5134,pop53,1,0.000774383544921875,0.0
5134,pop52,1,0.0006277561187744141,0.0
5135,pop28,2,0.04101729393005371,0.04038691520690918
5135,pop51,2,0.0007891654968261719,8.058547973632812e-05
5135,pop4,4,0.0006292462348937988,0.00011699605313889947
5135,pop19,1,0.0006892681121826172,0.0
5135,pop20,1,0.0004723072052001953,0.0
5136,pop22,5,0.016669225692749024,0.03226584528492023
5136,pop51,1,0.0007467269897460938,0.0
5137,pop57,2,0.053822875022888184,0.05317986011505127
5137,pop56,3,0.0005425612131754557,4.2435976969798344e-05
5137,pop48,1,0.0005438327789306641,0.0
5137,pop52,1,0.0006442070007324219,0.0
5137,pop55,1,0.0005404949188232422,0.0
5138,pop56,5,0.020885753631591796,0.040673151191243054
5138,pop48,1,0.0005526542663574219,0.0
5138,pop52,1,0.0006244182586669922,0.0
5139,pop40,3,0.058871825536092125,0.04114542535690382
5139,pop41,1,0.0005660057067871094,0.0
5139,pop53,2,0.04650592803955078,0.04568624496459961
5139,pop54,3,0.0005741119384765625,6.424661872160055e-05
5139,pop51,1,0.0007672309875488281,0.0
5140,pop48,5,0.020189714431762696,0.03911590726938955
5140,pop52,1,0.0005426406860351562,0.0
5140,pop53,1,0.0007975101470947266,0.0
5140,pop50,1,0.0009510517120361328,0.0
5140,pop44,1,0.0005533695220947266,0.0
5141,pop6,4,0.025908946990966797,0.043846861231372054
5141,pop1,1,0.0006368160247802734,0.0
5141,pop53,1,0.0007746219635009766,0.0
5141,pop50,1,0.0009112358093261719,0.0
5141,pop14,1,0.0006334781646728516,0.0
5141,pop24,1,0.0005388259887695312,0.0
5142,pop14,5,0.02139573097229004,0.04129957025770514
5142,pop50,1,0.001344442367553711,0.0
5142,pop51,1,0.0009145736694335938,0.0
5142,pop53,1,0.0007810592651367188,0.0
5142,pop1,1,0.0006089210510253906,0.0
5142,pop6,1,0.0006213188171386719,0.0
5143,pop30,2,0.04200410842895508,0.041367530822753906
5143,pop48,3,0.0006531079610188802,3.926377525135026e-05
5143,pop52,1,0.0007240772247314453,0.0
5143,pop53,1,0.0007040500640869141,0.0
5143,pop50,1,0.0008287429809570312,0.0
5143,pop44,1,0.0006964206695556641,0.0
5144,pop9,5,0.01743025779724121,0.033817962973370655
5144,pop51,1,0.0007364749908447266,0.0
5144,pop10,1,0.0005519390106201172,0.0
5145,pop21,2,0.054805874824523926,0.05412185192108154
5145,pop23,4,0.0007120966911315918,6.966523463721316e-05
5145,pop16,1,0.00048661231994628906,0.0
5145,pop50,1,0.0010156631469726562,0.0
5145,pop51,1,0.000644683837890625,0.0
5145,pop19,1,0.0006763935089111328,0.0
5145,pop20,1,0.0004706382751464844,0.0
5146,pop46,3,0.032171408335367836,0.044805345186522516
5146,pop45,2,0.0005377531051635742,1.5139579772949219e-05
5146,pop44,4,0.024980008602142334,0.0422106335826233
5146,pop50,2,0.0007708072662353516,0.00021338462829589844
5146,pop17,1,0.10742998123168945,0.0
5146,pop31,1,0.0004918575286865234,0.0
5146,pop30,1,0.00046825408935546875,0.0
5146,pop48,1,0.0005500316619873047,0.0
5146,pop52,1,0.0003039836883544922,0.0
5146,pop53,1,0.00048613548278808594,0.0
5146,pop20,1,0.00026297569274902344,0.0
5147,pop44,2,0.04773831367492676,0.04704141616821289
5147,pop50,2,0.0009393692016601562,3.457069396972656e-05
5147,pop33,2,0.0005638599395751953,1.0251998901367188e-05
5147,pop32,4,0.0006820559501647949,0.00016929292060076771
5147,pop53,1,0.0006291866302490234,0.0
5147,pop47,1,0.00026726722717285156,0.0
5148,pop33,3,0.0324393113454183,0.04500269566173287
5148,pop32,4,0.0005831718444824219,7.401025001008814e-05
5148,pop50,1,0.0009596347808837891,0.0
5148,pop53,1,0.0008552074432373047,0.0
5148,pop7,1,0.0004856586456298828,0.0
5149,pop31,2,0.04350435733795166,0.042812466621398926
5149,pop30,1,0.00046634674072265625,0.0
5149,pop48,2,0.051880836486816406,0.05136537551879883
5149,pop49,4,0.0005649924278259277,7.790331632558805e-05
5149,pop52,1,0.0009047985076904297,0.0
5149,pop55,1,0.000476837158203125,0.0
5149,pop50,1,0.0004038810729980469,0.0
5149,pop16,1,0.0003941059112548828,0.0
5150,pop39,2,0.04742753505706787,0.04675161838531494
5150,pop38,1,0.10303783416748047,0.0
5150,pop18,1,0.0005247592926025391,0.0
5150,pop19,1,0.0006492137908935547,0.0
5150,pop51,2,0.0007895231246948242,3.2782554626464844e-05
5150,pop10,3,0.03168551127115885,0.04409021299409287
5150,pop43,1,0.0004611015319824219,0.0
5150,pop40,1,0.0915675163269043,0.0
5150,pop41,1,0.0004968643188476562,0.0
5150,pop53,2,0.0005769729614257812,0.0001494884490966797
5150,pop54,2,0.0007458925247192383,5.7578086853027344e-05
5150,pop50,1,0.0004260540008544922,0.0
5150,pop14,1,0.0003764629364013672,0.0
5150,pop24,1,0.00026607513427734375,0.0
5151,pop8,2,0.042681097984313965,0.04206287860870361
5151,pop51,2,0.000758051872253418,1.7523765563964844e-05
5151,pop4,1,0.09361004829406738,0.0
5151,pop53,1,0.09184384346008301,0.0
5151,pop47,4,0.00047266483306884766,1.3150357068509325e-05
5152,pop45,2,0.0486607551574707,0.04799914360046387
5152,pop44,1,0.0005664825439453125,0.0
5152,pop50,2,0.0009788274765014648,3.898143768310547e-05
5152,pop14,2,0.0545269250869751,0.053885579109191895
5152,pop24,3,0.0005879402160644531,3.3843683163114527e-05
5152,pop55,1,0.0005121231079101562,0.0
5153,pop18,2,0.05141103267669678,0.05074203014373779
5153,pop19,1,0.0005905628204345703,0.0
5153,pop51,1,0.0007348060607910156,0.0
5153,pop22,2,0.0893552303314209,0.0023508071899414062
5153,pop21,3,0.03855379422505697,0.054108742641941675
5153,pop23,5,0.04487543106079102,0.05451681079891715
5153,pop24,3,0.03943753242492676,0.055316899953914665
5153,pop16,1,0.00028824806213378906,0.0
5154,pop28,2,0.0437929630279541,0.04315614700317383
5154,pop51,2,0.0006102323532104492,0.00013744831085205078
5154,pop22,4,0.0005717277526855469,5.633216026049452e-05
5154,pop10,1,0.00027179718017578125,0.0
5155,pop22,4,0.021396160125732422,0.035978034197998526
5155,pop51,1,0.0007779598236083984,0.0
5155,pop53,1,0.0007646083831787109,0.0
5155,pop1,1,0.0005581378936767578,0.0
5155,pop15,1,0.0004363059997558594,0.0
5156,pop56,4,0.052966535091400146,0.052383262264060655
5156,pop48,2,0.05082261562347412,0.050336241722106934
5156,pop49,2,0.00048720836639404297,6.556510925292969e-06
5156,pop2,2,0.0005695819854736328,9.632110595703125e-05
5156,pop52,1,0.0005407333374023438,0.0
5156,pop53,1,0.0006837844848632812,0.0
5156,pop1,1,0.0007684230804443359,0.0
5156,pop15,1,0.00043392181396484375,0.0
5157,pop40,2,0.04298591613769531,0.04231572151184082
5157,pop41,1,0.0005128383636474609,0.0
5157,pop53,1,0.0007300376892089844,0.0
5157,pop54,2,0.04483985900878906,0.04419732093811035
5157,pop52,3,0.0007024606068929037,5.562782278514525e-05
5157,pop34,1,0.0005962848663330078,0.0
5157,pop35,1,0.0006239414215087891,0.0
5158,pop38,2,0.05299234390258789,0.05233407020568848
5158,pop18,1,0.0005545616149902344,0.0
5158,pop19,1,0.000774383544921875,0.0
5158,pop51,1,0.0007419586181640625,0.0
5158,pop53,2,0.04571568965911865,0.04507720470428467
5158,pop1,2,0.0005877017974853516,1.811981201171875e-05
5158,pop6,2,0.054798126220703125,0.05433034896850586
5158,pop54,2,0.04541420936584473,0.044905900955200195
5158,pop52,1,0.00031638145446777344,0.0
5158,pop55,2,0.00029850006103515625,2.1219253540039062e-05
5158,pop50,1,0.0008141994476318359,0.0
5158,pop44,1,0.0005578994750976562,0.0
5159,pop32,4,0.05424541234970093,0.05364062497208715
5159,pop33,1,0.0007195472717285156,0.0
5159,pop50,4,0.0008522272109985352,9.306825823032749e-05
5159,pop17,3,0.03683940569559733,0.050936897117458135
5159,pop44,2,0.051077961921691895,0.050556063652038574
5159,pop25,1,0.0005331039428710938,0.0
5159,pop27,1,0.0002548694610595703,0.0
5159,pop51,1,0.00035119056701660156,0.0
5159,pop10,1,0.0003383159637451172,0.0
5160,pop42,2,0.04373431205749512,0.043114662170410156
5160,pop43,1,0.0005154609680175781,0.0
5160,pop51,2,0.0008138418197631836,5.2809715270996094e-05
5160,pop50,1,0.0006692409515380859,0.0
5160,pop53,4,0.0009121298789978027,6.472578675923103e-05
5160,pop19,1,0.0005941390991210938,0.0
5160,pop20,1,0.0005383491516113281,0.0
5161,pop6,3,0.06741102536519368,0.047214952957738233
5161,pop1,1,0.0006284713745117188,0.0
5161,pop53,1,0.09258198738098145,0.0
5161,pop52,2,0.04756510257720947,0.046941399574279785
5161,pop55,2,0.0005048513412475586,2.276897430419922e-05
5162,pop14,3,0.03453469276428223,0.04786316514019024
5162,pop24,3,0.0006277561187744141,5.842406620020874e-05
5162,pop50,1,0.0008327960968017578,0.0
5162,pop53,1,0.0006775856018066406,0.0
5162,pop52,1,0.0006570816040039062,0.0
5163,pop30,3,0.028495073318481445,0.039450839297679285
5163,pop31,2,0.0004894733428955078,1.9311904907226562e-05
5163,pop17,1,0.1081094741821289,0.0
5163,pop48,1,0.000522613525390625,0.0
5163,pop52,1,0.0004947185516357422,0.0
5163,pop55,1,0.0002739429473876953,0.0
5163,pop50,1,0.0005245208740234375,0.0
5163,pop14,1,0.11316108703613281,0.0
5163,pop24,4,0.00040262937545776367,0.00011729120371589833
5164,pop33,3,0.03255001703898112,0.04518000729783997
5164,pop32,4,0.0005729198455810547,5.31194775062884e-05
5164,pop50,1,0.0007169246673583984,0.0
5164,pop53,1,0.0009443759918212891,0.0
5164,pop52,1,0.0006694793701171875,0.0
5165,pop18,2,0.050929903984069824,0.05026566982269287
5165,pop19,1,0.0006186962127685547,0.0
5165,pop51,1,0.0008578300476074219,0.0
5165,pop50,2,0.0007323026657104492,7.545948028564453e-05
5165,pop53,2,0.046300530433654785,0.04587352275848389
5165,pop54,1,0.09011197090148926,0.0
5165,pop52,1,0.0007367134094238281,0.0
5165,pop55,4,0.0005916953086853027,9.009547173995794e-05
5165,pop7,1,0.0002548694610595703,0.0
5166,pop16,2,0.04723095893859863,0.04658079147338867
5166,pop50,2,0.0008361339569091797,4.1961669921875e-05
5166,pop17,4,0.0007062554359436035,0.00010744247692245208
5166,pop51,1,0.0006978511810302734,0.0
5166,pop19,1,0.0006606578826904297,0.0
5166,pop18,1,0.0004913806915283203,0.0
5167,pop36,2,0.0425032377243042,0.041849493980407715
5167,pop51,2,0.000737309455871582,5.3048133850097656e-05
5167,pop4,4,0.0006080269813537598,8.030236735151866e-05
5167,pop53,1,0.0010981559753417969,0.0
5167,pop54,1,0.0005397796630859375,0.0
5167,pop52,1,0.0002951622009277344,0.0
5168,pop31,2,0.04415726661682129,0.04349088668823242
5168,pop17,3,0.03677813212076823,0.051015800381041435
5168,pop50,2,0.0009131431579589844,7.700920104980469e-05
5168,pop33,2,0.0005786418914794922,2.2649765014648438e-05
5168,pop32,2,0.0006473064422607422,0.0001010894775390625
5168,pop53,1,0.0003941059112548828,0.0
5168,pop1,1,0.00031065940856933594,0.0
5168,pop6,1,0.000377655029296875,0.0
5169,pop56,2,0.05511474609375,0.05447745323181152
5169,pop2,3,0.07238467534383138,0.050883588861506
5169,pop49,3,0.03512891133626302,0.04898570860230565
5169,pop48,1,0.0005733966827392578,0.0
5169,pop52,3,0.0006580352783203125,0.000131481883973561
5169,pop13,1,0.0985879898071289,0.0
5169,pop53,1,0.00036978721618652344,0.0
5169,pop1,1,0.0003349781036376953,0.0
5169,pop15,1,0.0002357959747314453,0.0
5170,pop40,2,0.0436098575592041,0.04296255111694336
5170,pop41,1,0.0005352497100830078,0.0
5170,pop53,1,0.08988142013549805,0.0
5170,pop52,5,0.0005614280700683594,0.00013251332938104662
5170,pop48,2,0.05061829090118408,0.05011451244354248
5170,pop49,1,0.10779452323913574,0.0
5170,pop13,2,0.051010847091674805,0.050572872161865234
5171,pop14,2,0.05147814750671387,0.050736188888549805
5171,pop50,2,0.0008544921875,0.00014519691467285156
5171,pop17,4,0.0007373690605163574,9.730288024306999e-05
5171,pop53,1,0.0009095668792724609,0.0
5171,pop1,1,0.0005908012390136719,0.0
5171,pop15,1,0.0004286766052246094,0.0
5172,pop37,4,0.02082604169845581,0.034930980699720456
5172,pop52,1,0.0006415843963623047,0.0
5172,pop53,1,0.000751495361328125,0.0
5172,pop47,1,0.0004711151123046875,0.0
5173,pop4,2,0.04656398296356201,0.045899271965026855
5173,pop51,2,0.0007383823394775391,1.4066696166992188e-05
5173,pop10,3,0.0006553332010904948,0.00011724786968120675
5173,pop50,1,0.0008540153503417969,0.0
5173,pop35,1,0.0004343986511230469,0.0
5174,pop57,2,0.05221819877624512,0.051573991775512695
5174,pop56,3,0.037129481633504234,0.051766726604779725
5174,pop2,1,0.1086268424987793,0.0
5174,pop49,1,0.0005097389221191406,0.0
5174,pop48,1,0.10576725006103516,0.0
5174,pop52,2,0.0006017684936523438,9.775161743164062e-06
5174,pop12,2,0.0005692243576049805,0.00010144710540771484
5174,pop53,1,0.0003821849822998047,0.0
5174,pop51,1,0.00046181678771972656,0.0
5174,pop10,1,0.00040793418884277344,0.0
5175,pop48,3,0.03310799598693848,0.045939962446153025
5175,pop56,4,0.0005639791488647461,8.839583844446019e-05
5175,pop52,1,0.000640869140625,0.0
5175,pop55,1,0.0005087852478027344,0.0
5176,pop32,5,0.04384903907775879,0.05288685618693921
5176,pop33,3,0.00045569737752278644,0.00011722847551372651
5176,pop50,3,0.0006289482116699219,0.00027665850568049774
5176,pop17,1,0.10655021667480469,0.0
5176,pop31,1,0.0005087852478027344,0.0
5176,pop30,1,0.00048804283142089844,0.0
5176,pop48,1,0.0007343292236328125,0.0
5176,pop52,1,0.0005698204040527344,0.0
5176,pop55,1,0.0002903938293457031,0.0
5176,pop51,1,0.0003323554992675781,0.0
5176,pop19,1,0.0003437995910644531,0.0
5176,pop20,1,0.0004093647003173828,0.0
5177,pop30,2,0.04360306262969971,0.04293501377105713
5177,pop31,1,0.0004925727844238281,0.0
5177,pop17,3,0.0007498264312744141,8.71610414091172e-05
5177,pop50,1,0.0009219646453857422,0.0
5177,pop51,1,0.0007953643798828125,0.0
5177,pop19,1,0.0006480216979980469,0.0
5177,pop20,1,0.0006716251373291016,0.0
5178,pop33,3,0.032918850580851235,0.04570041163591242
5178,pop32,3,0.0005859533945719401,9.72945166285663e-05
5178,pop50,1,0.0009119510650634766,0.0
5178,pop51,1,0.0007853507995605469,0.0
5178,pop10,1,0.0004849433898925781,0.0
5179,pop31,2,0.04297661781311035,0.042339324951171875
5179,pop17,4,0.0006327033042907715,7.317943118812662e-05
5179,pop50,1,0.0007314682006835938,0.0
5179,pop16,1,0.0005052089691162109,0.0
5180,pop56,3,0.07110945383707683,0.04982040554557652
5180,pop48,3,0.0006322860717773438,7.28253312750856e-05
5180,pop52,1,0.0006787776947021484,0.0
5180,pop53,1,0.0007827281951904297,0.0
5180,pop50,1,0.0009808540344238281,0.0
5180,pop16,1,0.0005190372467041016,0.0
5181,pop40,2,0.04485726356506348,0.04420042037963867
5181,pop41,1,0.0005450248718261719,0.0
5181,pop53,2,0.0007516145706176758,1.3113021850585938e-06
5181,pop54,1,0.08927130699157715,0.0
5181,pop50,2,0.0009143352508544922,6.151199340820312e-05
5181,pop17,3,0.0007205804189046224,0.00013727187653928295
5181,pop51,1,0.0007762908935546875,0.0
5181,pop19,1,0.0006377696990966797,0.0
5181,pop20,1,0.0004858970642089844,0.0
5182,pop10,2,0.045238614082336426,0.044580817222595215
5182,pop51,1,0.0009851455688476562,0.0
5182,pop50,1,0.0006830692291259766,0.0
5182,pop53,3,0.03056025505065918,0.04229018486331143
5182,pop47,2,0.04095900058746338,0.040720343589782715
5182,pop54,1,0.0912315845489502,0.0
5182,pop52,3,0.00034769376118977863,7.102695375809803e-05
5182,pop55,1,0.04563331604003906,0.0
5182,pop12,3,0.0005760987599690756,0.00012073907507705775
5183,pop21,2,0.05574297904968262,0.055036306381225586
5183,pop23,1,0.0006000995635986328,0.0
5183,pop24,4,0.0007331967353820801,0.0001467123381799608
5183,pop14,1,0.0006022453308105469,0.0
5183,pop50,1,0.0006556510925292969,0.0
5183,pop35,1,0.0004267692565917969,0.0
5184,pop33,2,0.0504380464553833,0.04974925518035889
5184,pop50,3,0.0009691715240478516,0.00034751098006451423
5184,pop14,4,0.028574049472808838,0.04848219204089013
5184,pop17,1,0.10476112365722656,0.0
5184,pop25,1,0.0006601810455322266,0.0
5184,pop27,1,0.0005102157592773438,0.0
5184,pop24,2,0.08857452869415283,0.028224587440490723
5184,pop23,1,0.11033296585083008,0.0
5184,pop51,1,0.0007503032684326172,0.0
5184,pop53,2,0.04905688762664795,0.04866373538970947
5184,pop52,3,0.0005033016204833984,0.00014727875537750185
5184,pop54,1,0.0002796649932861328,0.0
5184,pop7,1,0.0002338886260986328,0.0
5185,pop27,2,0.05384719371795654,0.053192973136901855
5185,pop25,1,0.0005397796630859375,0.0
5185,pop17,3,0.0006380081176757812,5.011253789268061e-05
5185,pop50,1,0.00064849853515625,0.0
5185,pop16,1,0.0005211830139160156,0.0
5186,pop23,5,0.02143268585205078,0.041542583840559186
5186,pop16,1,0.0005257129669189453,0.0
5186,pop50,1,0.0008502006530761719,0.0
5186,pop53,1,0.0006759166717529297,0.0
5186,pop1,1,0.0007481575012207031,0.0
5186,pop15,1,0.0005939006805419922,0.0
5187,pop39,2,0.047060370445251465,0.046447157859802246
5187,pop38,1,0.0005555152893066406,0.0
5187,pop18,1,0.0005078315734863281,0.0
5187,pop19,2,0.000674128532409668,2.586841583251953e-05
5187,pop20,1,0.10003376007080078,0.0
5187,pop51,3,0.0005634625752766927,0.00021133448792597353
5187,pop9,1,0.09395790100097656,0.0
5187,pop10,1,0.04980182647705078,0.0
5187,pop47,4,0.00028783082962036133,4.519820645634277e-05
5188,pop45,2,0.049735188484191895,0.049108147621154785
5188,pop44,1,0.0006215572357177734,0.0
5188,pop50,2,0.000652313232421875,0.00030422210693359375
5188,pop17,2,0.05367457866668701,0.05303680896759033
5188,pop25,1,0.0007071495056152344,0.0
5188,pop27,1,0.0005385875701904297,0.0
5188,pop14,2,0.05609273910522461,0.05572509765625
5188,pop24,2,0.000655055046081543,0.00015866756439208984
5188,pop53,1,0.000400543212890625,0.0
5188,pop1,1,0.0003383159637451172,0.0
5188,pop6,1,0.00043201446533203125,0.0
5189,pop28,2,0.0429309606552124,0.04226791858673096
5189,pop51,1,0.0007793903350830078,0.0
5189,pop53,1,0.09299755096435547,0.0
5189,pop54,4,0.000555872917175293,7.26602867308466e-05
5189,pop52,1,0.0006039142608642578,0.0
5190,pop22,5,0.01730055809020996,0.03338987209262302
5190,pop51,1,0.0007889270782470703,0.0
5190,pop47,1,0.0005764961242675781,0.0
5191,pop37,4,0.020680785179138184,0.03463596424059515
5191,pop33,1,0.0006325244903564453,0.0
5191,pop50,1,0.0009329319000244141,0.0
5191,pop51,1,0.0007178783416748047,0.0
5192,pop48,3,0.0328520139058431,0.04558666862703031
5192,pop56,2,0.054495930671691895,0.05400645732879639
5192,pop2,2,0.0006058216094970703,9.703636169433594e-05
5192,pop49,1,0.0005178451538085938,0.0
5192,pop52,1,0.0005617141723632812,0.0
5192,pop53,1,0.0008103847503662109,0.0
5192,pop1,1,0.0007398128509521484,0.0
5192,pop6,1,0.0004687309265136719,0.0
5193,pop55,5,0.016933441162109375,0.03263352223278063
5193,pop50,1,0.000835418701171875,0.0
5193,pop53,1,0.0006837844848632812,0.0
5193,pop1,1,0.0006074905395507812,0.0
5193,pop15,1,0.0004100799560546875,0.0
5194,pop47,3,0.05279890696207682,0.03692105891941366
5194,pop53,2,0.0007086992263793945,8.857250213623047e-05
5194,pop50,4,0.0007877945899963379,0.00013357307803141537
5194,pop17,4,0.027302265167236328,0.046622295746514025
5194,pop33,2,0.0005757808685302734,7.152557373046875e-07
5194,pop32,1,0.1141214370727539,0.0
5194,pop51,1,0.0006649494171142578,0.0
5194,pop10,1,0.0005102157592773438,0.0
5195,pop38,2,0.05283796787261963,0.052165865898132324
5195,pop18,1,0.0005671977996826172,0.0
5195,pop19,2,0.0006577968597412109,1.71661376953125e-05
5195,pop20,1,0.10007143020629883,0.0
5195,pop51,1,0.0006899833679199219,0.0
5195,pop50,1,0.0008673667907714844,0.0
5195,pop14,1,0.10845732688903809,0.0
5195,pop24,3,0.03919132550557455,0.054660025644295895
5195,pop23,2,0.055867791175842285,0.055557847023010254
5195,pop21,2,0.0003018379211425781,9.059906005859375e-06
5195,pop16,1,0.0004837512969970703,0.0
5196,pop6,2,0.05105400085449219,0.05044078826904297
5196,pop1,1,0.0006465911865234375,0.0
5196,pop53,2,0.0008105039596557617,2.205371856689453e-05
5196,pop52,4,0.02429288625717163,0.040946452568772766
5196,pop12,2,0.0006204843521118164,9.66787338256836e-05
5196,pop50,1,0.0012090206146240234,0.0
5196,pop16,1,0.0002765655517578125,0.0
5196,pop23,1,0.0003237724304199219,0.0
5196,pop24,1,0.0003287792205810547,0.0
5197,pop18,4,0.025318682193756104,0.042808940699700294
5197,pop19,3,0.0006386439005533854,0.00010458477361221293
5197,pop20,1,0.09736394882202148,0.0
5197,pop38,1,0.11154317855834961,0.0
5197,pop51,2,0.0007917881011962891,5.745887756347656e-05
5197,pop10,1,0.09499287605285645,0.0
5197,pop50,3,0.0007523695627848307,0.0005161027963775896
5197,pop14,2,0.0003292560577392578,2.7418136596679688e-05
5197,pop27,1,0.0007026195526123047,0.0
5197,pop17,4,0.00038748979568481445,3.121297829423564e-05
5197,pop53,1,0.00034332275390625,0.0
5197,pop7,1,0.00021910667419433594,0.0
5198,pop33,2,0.049574851989746094,0.04887723922729492
5198,pop50,3,0.0008136431376139323,0.00033617393530652125
5198,pop53,3,0.048002401987711586,0.03715357831913795
5198,pop14,1,0.0005857944488525391,0.0
5198,pop27,1,0.0004916191101074219,0.0
5198,pop25,1,0.0005114078521728516,0.0
5198,pop17,3,0.019378105799357098,0.0265748708383458
5198,pop54,2,0.0006517171859741211,0.00014007091522216797
5198,pop51,1,0.00038814544677734375,0.0
5198,pop19,1,0.00031113624572753906,0.0
5198,pop18,1,0.00029087066650390625,0.0
5199,pop28,2,0.0426715612411499,0.04201209545135498
5199,pop51,1,0.0007157325744628906,0.0
5199,pop53,2,0.046355605125427246,0.045571208000183105
5199,pop54,4,0.0005902647972106934,8.597814539523544e-05
5199,pop50,1,0.0003993511199951172,0.0
5199,pop14,1,0.0003418922424316406,0.0
5199,pop24,1,0.0003066062927246094,0.0
5200,pop22,5,0.01732645034790039,0.03345972249338574
5200,pop51,1,0.0007214546203613281,0.0
5200,pop19,1,0.0008046627044677734,0.0
5200,pop18,1,0.00047469139099121094,0.0
5201,pop53,4,0.04591900110244751,0.04506060543557513
5201,pop41,1,0.0005483627319335938,0.0
5201,pop40,2,0.0005830526351928711,0.00010073184967041016
5201,pop43,1,0.00047087669372558594,0.0
5201,pop51,1,0.0009760856628417969,0.0
5201,pop10,1,0.0004851818084716797,0.0
5202,pop24,4,0.02839362621307373,0.048039639691957015
5202,pop14,1,0.0005815029144287109,0.0
5202,pop50,1,0.0008065700531005859,0.0
5202,pop51,1,0.0008103847503662109,0.0
5202,pop10,1,0.0005300045013427734,0.0
5203,pop41,3,0.03073406219482422,0.04264625694897455
5203,pop40,3,0.0005882581075032552,6.339493778335249e-05
5203,pop53,1,0.0009458065032958984,0.0
5203,pop50,1,0.0006775856018066406,0.0
5203,pop44,1,0.0005388259887695312,0.0
5204,pop50,4,0.02395421266555786,0.039930887454818376
5204,pop44,3,0.033416191736857094,0.046472520636419296
5204,pop17,2,0.0007663965225219727,0.00014221668243408203
5204,pop35,1,0.00043392181396484375,0.0
5205,pop52,5,0.01927528381347656,0.037109824097448674
5205,pop53,1,0.0008635520935058594,0.0
5205,pop50,1,0.0006313323974609375,0.0
5205,pop44,1,0.0005292892456054688,0.0
5206,pop36,2,0.04371047019958496,0.04303336143493652
5206,pop51,2,0.0005222558975219727,0.0001176595687866211
5206,pop19,3,0.0005102952321370443,0.00011370214005317773
5206,pop20,2,0.05155491828918457,0.05102968215942383
5206,pop18,2,0.0004576444625854492,4.780292510986328e-05
5206,pop38,2,0.0005929470062255859,3.0517578125e-05
5207,pop39,2,0.04755759239196777,0.04691433906555176
5207,pop38,1,0.0006735324859619141,0.0
5207,pop18,1,0.0004856586456298828,0.0
5207,pop19,2,0.0009567737579345703,8.082389831542969e-05
5207,pop51,3,0.0006372928619384766,0.00022480288782242272
5207,pop46,1,0.0006778240203857422,0.0
5207,pop20,1,0.10198235511779785,0.0
5207,pop22,1,0.046525001525878906,0.0
5207,pop21,2,0.031954169273376465,0.03144514560699463
5207,pop23,1,0.0003256797790527344,0.0
5207,pop24,3,0.0003410180409749349,4.1249553166521836e-05
5207,pop14,1,0.0003452301025390625,0.0
5207,pop50,1,0.0003848075866699219,0.0
5208,pop48,3,0.06759126981099446,0.04732805979291159
5208,pop49,1,0.10544490814208984,0.0
5208,pop52,4,0.0006982684135437012,5.316209740483863e-05
5208,pop53,1,0.0007822513580322266,0.0
5208,pop51,1,0.0007417201995849609,0.0
5208,pop10,1,0.0005733966827392578,0.0
5209,pop38,5,0.02144789695739746,0.04169957583254116
5209,pop18,1,0.0005030632019042969,0.0
5210,pop18,2,0.05075383186340332,0.05007314682006836
5210,pop19,2,0.0006606578826904297,2.288818359375e-05
5210,pop20,1,0.10266780853271484,0.0
5210,pop51,2,0.0008974075317382812,8.058547973632812e-05
5210,pop53,3,0.03214756647745768,0.044360626567643786
5210,pop52,3,0.0005958080291748047,1.304275296262685e-05
5210,pop12,2,0.05055820941925049,0.05006754398345947
5210,pop54,1,0.00028705596923828125,0.0
5210,pop50,2,0.000873565673828125,0.0004963874816894531
5210,pop44,1,0.0002970695495605469,0.0
5211,pop57,2,0.05503427982330322,0.05441248416900635
5211,pop56,2,0.053791165351867676,0.05328094959259033
5211,pop2,1,0.0005025863647460938,0.0
5211,pop49,3,0.000583648681640625,0.00012026194880361535
5211,pop48,1,0.0005316734313964844,0.0
5211,pop52,1,0.0006327629089355469,0.0
5211,pop53,1,0.0007328987121582031,0.0
5211,pop50,1,0.0007188320159912109,0.0
5211,pop14,1,0.0002994537353515625,0.0
5211,pop24,1,0.0002899169921875,0.0
5212,pop32,5,0.022135162353515626,0.043154005070949505
5212,pop33,3,0.0005296866099039713,0.00016875885389235906
5212,pop50,3,0.0008242925008138021,0.00031763519449922096
5212,pop17,2,0.05541348457336426,0.05478525161743164
5212,pop51,1,0.0008218288421630859,0.0
5212,pop10,1,0.000522613525390625,0.0
5213,pop31,2,0.044571876525878906,0.043944597244262695
5213,pop17,1,0.10658740997314453,0.0
5213,pop50,1,0.0008933544158935547,0.0
5213,pop55,4,0.0005301237106323242,1.3822624267695731e-05
5214,pop56,2,0.05181074142456055,0.05117177963256836
5214,pop48,2,0.0514833927154541,0.05092978477478027
5214,pop52,1,0.0006082057952880859,0.0
5214,pop55,2,0.043105244636535645,0.04256331920623779
5214,pop50,1,0.000995635986328125,0.0
5214,pop14,2,0.0006253719329833984,8.821487426757812e-06
5214,pop24,1,0.00052642822265625,0.0
5215,pop40,5,0.018335294723510743,0.035282875203980504
5215,pop43,1,0.0005238056182861328,0.0
5215,pop51,1,0.0006244182586669922,0.0
5215,pop10,1,0.0005090236663818359,0.0
5216,pop6,2,0.051377296447753906,0.05076169967651367
5216,pop1,1,0.0005948543548583984,0.0
5216,pop53,1,0.0009002685546875,0.0
5216,pop52,2,0.0005370378494262695,0.0002568960189819336
5216,pop48,2,0.05247652530670166,0.051944851875305176
5216,pop56,4,0.0005523562431335449,2.6820434413244157e-05
5217,pop50,2,0.0468822717666626,0.04596602916717529
5217,pop55,3,0.0005160172780354818,1.704243546671112e-05
5218,pop52,3,0.03157941500345866,0.04348434957157925
5218,pop48,4,0.000605463981628418,9.100198555212547e-05
5218,pop3,1,0.0004634857177734375,0.0
5218,pop0,1,0.00041747093200683594,0.0
5218,pop1,1,0.0007660388946533203,0.0
5218,pop6,1,0.0006105899810791016,0.0
5219,pop48,4,0.04971122741699219,0.04911003602677343
5219,pop49,2,0.00048041343688964844,2.384185791015625e-07
5219,pop2,3,0.0005640188852945963,0.00012062697369612505
5219,pop52,1,0.0006010532379150391,0.0
5219,pop53,1,0.0006880760192871094,0.0
5219,pop51,1,0.0006747245788574219,0.0
5219,pop19,1,0.00030112266540527344,0.0
5219,pop20,1,0.0002715587615966797,0.0
5220,pop38,2,0.0522688627243042,0.05152714252471924
5220,pop18,1,0.0005953311920166016,0.0
5220,pop19,1,0.0008394718170166016,0.0
5220,pop20,4,0.0006349086761474609,6.993857744250994e-05
5221,pop9,4,0.02299046516418457,0.038710210705852115
5221,pop51,1,0.0008251667022705078,0.0
5221,pop19,1,0.0006015300750732422,0.0
5221,pop18,1,0.0005104541778564453,0.0
5222,pop46,2,0.04928171634674072,0.04863607883453369
5222,pop20,2,0.05084025859832764,0.05015361309051514
5222,pop19,1,0.0007395744323730469,0.0
5222,pop51,1,0.0007574558258056641,0.0
5222,pop50,3,0.0009092489878336588,5.13367607891342e-05
5222,pop14,1,0.11021828651428223,0.0
5222,pop17,3,0.0006495316823323568,3.264758231666752e-05
5222,pop44,1,0.0003037452697753906,0.0
5223,pop10,4,0.022959649562835693,0.038653601238472356
5223,pop51,1,0.0007090568542480469,0.0
5223,pop50,1,0.0007331371307373047,0.0
5223,pop14,1,0.0006003379821777344,0.0
5223,pop24,1,0.0005533695220947266,0.0
5224,pop21,2,0.05442249774932861,0.05373656749725342
5224,pop23,1,0.0006246566772460938,0.0
5224,pop24,3,0.03915611902872721,0.05449091690547537
5224,pop14,1,0.0006241798400878906,0.0
5224,pop50,2,0.0006239414215087891,0.000255584716796875
5224,pop33,2,0.0005358457565307617,3.4570693969726562e-06
5224,pop32,2,0.000681757926940918,2.3245811462402344e-05
5224,pop53,1,0.0004010200500488281,0.0
5224,pop1,1,0.00035071372985839844,0.0
5224,pop15,1,0.0002200603485107422,0.0
5225,pop53,2,0.04555070400238037,0.044686198234558105
5225,pop1,1,0.0006375312805175781,0.0
5225,pop6,4,0.0005283355712890625,7.658712115700974e-05
5226,pop24,5,0.02266726493835449,0.04402182387482376
5226,pop14,1,0.0005476474761962891,0.0
5226,pop50,1,0.0008924007415771484,0.0
5226,pop53,1,0.0008308887481689453,0.0
5226,pop47,1,0.0006124973297119141,0.0
5227,pop39,2,0.04687464237213135,0.04622924327850342
5227,pop44,1,0.09958028793334961,0.0
5227,pop50,1,0.0009579658508300781,0.0
5227,pop55,1,0.08466601371765137,0.0
5227,pop52,2,0.0004475116729736328,0.00011110305786132812
5227,pop12,4,0.00046432018280029297,6.0280897512816846e-05
5227,pop53,1,0.0008165836334228516,0.0
5227,pop7,1,0.00042557716369628906,0.0
5228,pop18,2,0.051744818687438965,0.05104386806488037
5228,pop19,1,0.0006747245788574219,0.0
5228,pop20,4,0.000535130500793457,5.259615987061031e-05
5228,pop46,1,0.0005035400390625,0.0
5228,pop45,1,0.0005118846893310547,0.0
5228,pop44,1,0.0005533695220947266,0.0
5229,pop56,2,0.05212521553039551,0.051499128341674805
5229,pop2,1,0.0005285739898681641,0.0
5229,pop49,1,0.10530686378479004,0.0
5229,pop48,1,0.0005633831024169922,0.0
5229,pop52,3,0.0006073315938313802,3.1992144915056776e-05
5230,pop50,5,0.019211530685424805,0.03670328161857481
5230,pop44,1,0.09998345375061035,0.0
5230,pop17,1,0.10608267784118652,0.0
5230,pop14,4,0.027834534645080566,0.04716413104535058
5230,pop24,2,0.0006806850433349609,0.0001289844512939453
5230,pop53,1,0.0007045269012451172,0.0
5230,pop7,1,0.000232696533203125,0.0
5231,pop44,5,0.020023202896118163,0.038774133274512915
5231,pop50,1,0.0008442401885986328,0.0
5231,pop53,1,0.0007238388061523438,0.0
5231,pop7,1,0.0005588531494140625,0.0
5232,pop8,2,0.04342520236968994,0.04279005527496338
5232,pop51,3,0.0006699562072753906,0.00019345440807898732
5232,pop4,1,0.09434986114501953,0.0
5232,pop9,3,0.0005546410878499349,8.640940444940504e-05
5232,pop50,1,0.0003879070281982422,0.0
5232,pop14,1,0.00028228759765625,0.0
5232,pop24,1,0.000553131103515625,0.0
5233,pop27,4,0.028477370738983154,0.04826988833954113
5233,pop25,1,0.0005276203155517578,0.0
5233,pop17,1,0.0006163120269775391,0.0
5233,pop50,1,0.0009551048278808594,0.0
5233,pop53,1,0.0007843971252441406,0.0
5233,pop7,1,0.0004515647888183594,0.0
5234,pop23,3,0.034968296686808266,0.048518687015307135
5234,pop24,4,0.04360443353652954,0.04685864539912367
5234,pop14,5,0.011810016632080079,0.02262670174727269
5234,pop50,4,0.0007827281951904297,0.00027721232801112075
5234,pop27,1,0.0006558895111083984,0.0
5234,pop25,1,0.0005848407745361328,0.0
5234,pop17,1,0.10878968238830566,0.0
5234,pop33,2,0.00042629241943359375,0.00013136863708496094
5234,pop32,4,0.0003560781478881836,7.195789100789835e-05
5235,pop45,2,0.04975080490112305,0.04909682273864746
5235,pop46,1,0.0006475448608398438,0.0
5235,pop20,2,0.05093717575073242,0.050377845764160156
5235,pop19,1,0.0006542205810546875,0.0
5235,pop51,3,0.000762939453125,2.9101394293072826e-05
5235,pop4,1,0.09442019462585449,0.0
5235,pop10,1,0.09318733215332031,0.0
5235,pop22,2,0.0003281831741333008,3.325939178466797e-05
5235,pop21,1,0.0006406307220458984,0.0
5235,pop23,1,0.0003135204315185547,0.0
5235,pop24,1,0.0003044605255126953,0.0
5236,pop57,2,0.05463540554046631,0.05399477481842041
5236,pop56,2,0.05334818363189697,0.052665114402770996
5236,pop48,4,0.02635592222213745,0.044682798587504596
5236,pop52,1,0.0005617141723632812,0.0
5237,pop40,5,0.018300580978393554,0.035307254144819174
5237,pop41,1,0.0005314350128173828,0.0
5237,pop53,1,0.0006859302520751953,0.0
5237,pop1,1,0.0006074905395507812,0.0
5237,pop6,1,0.0004930496215820312,0.0
5238,pop56,3,0.07031806310017903,0.04926306105458075
5238,pop2,4,0.028673827648162842,0.048783847145798864
5238,pop49,4,0.026877105236053467,0.045575933456623634
5238,pop48,1,0.0002949237823486328,0.0
5238,pop52,1,0.00031280517578125,0.0
5238,pop53,1,0.00038170814514160156,0.0
5238,pop50,1,0.0007297992706298828,0.0
5238,pop44,1,0.0005102157592773438,0.0
5239,pop42,2,0.04518938064575195,0.04453468322753906
5239,pop43,1,0.0005719661712646484,0.0
5239,pop51,3,0.0006075700124104818,0.00018850948919127463
5239,pop19,3,0.0005160967508951823,0.0003041897389138026
5239,pop46,3,0.0004382928212483724,0.00011470260326815991
5239,pop20,2,0.081329345703125,0.025898218154907227
5239,pop18,2,0.0003720521926879883,0.00012314319610595703
5239,pop38,1,0.1094367504119873,0.0
5239,pop45,1,0.0002777576446533203,0.0
5239,pop44,1,0.00031685829162597656,0.0
5239,pop50,2,0.0003966093063354492,4.5180320739746094e-05
5239,pop17,3,0.019498268763224285,0.027126282578785594
5239,pop55,1,0.04629945755004883,0.0
5239,pop52,2,0.00029671192169189453,6.079673767089844e-06
5239,pop12,2,0.0003788471221923828,2.6226043701171875e-06
5239,pop53,1,0.00035190582275390625,0.0
5239,pop1,1,0.0003421306610107422,0.0
5239,pop15,1,0.0002257823944091797,0.0
5240,pop55,5,0.016829824447631835,0.032553696628395315
5241,pop33,3,0.03344909350077311,0.04646917189955098
5241,pop32,3,0.0006052652994791666,9.951519012593419e-05
5241,pop50,1,0.0008389949798583984,0.0
5241,pop51,1,0.0008397102355957031,0.0
5241,pop10,1,0.0005004405975341797,0.0
5242,pop28,2,0.04347431659698486,0.04284203052520752
5242,pop51,2,0.000761866569519043,0.0001207590103149414
5242,pop9,4,0.00042814016342163086,0.00010050232190095921
5242,pop47,1,0.00024127960205078125,0.0
5243,pop21,4,0.08368420600891113,0.04793341306052382
5243,pop23,2,0.10831999778747559,0.000274658203125
5243,pop24,3,0.0005348523457845052,5.325025575829101e-05
5243,pop14,1,0.0005509853363037109,0.0
5243,pop50,1,0.0009133815765380859,0.0
5243,pop44,1,0.0006918907165527344,0.0
5244,pop39,3,0.03191812833150228,0.044345043093888065
5244,pop38,2,0.0559309720993042,0.05540597438812256
5244,pop44,3,0.0006200472513834635,8.513030941150243e-05
5244,pop50,1,0.00039839744567871094,0.0
5244,pop53,1,0.0005822181701660156,0.0
5244,pop54,1,0.00029158592224121094,0.0
5244,pop52,1,0.0006339550018310547,0.0
5245,pop56,2,0.052721381187438965,0.05206477642059326
5245,pop48,3,0.0006560484568277994,0.00013011995963605377
5245,pop52,1,0.0005502700805664062,0.0
5245,pop53,1,0.0006949901580810547,0.0
5245,pop51,1,0.0006887912750244141,0.0
5245,pop10,1,0.0004742145538330078,0.0
5246,pop16,3,0.03158338864644369,0.04385683086887074
5246,pop23,2,0.0007075071334838867,3.0875205993652344e-05
5246,pop24,4,0.0006247162818908691,0.00012219264735899638
5246,pop50,1,0.0008242130279541016,0.0
5246,pop53,1,0.0008206367492675781,0.0
5246,pop7,1,0.000438690185546875,0.0
5247,pop14,3,0.03516737620035807,0.0487525285532059
5247,pop24,3,0.0006993611653645834,0.00011982509714709095
5247,pop50,1,0.0006849765777587891,0.0
5247,pop53,1,0.0007123947143554688,0.0
5247,pop7,1,0.00041413307189941406,0.0
5248,pop57,2,0.0537877082824707,0.05317282676696777
5248,pop56,1,0.10876655578613281,0.0
5248,pop2,4,0.0005251169204711914,6.611044546986899e-05
5248,pop49,1,0.0006353855133056641,0.0
5248,pop48,1,0.0005500316619873047,0.0
5248,pop52,1,0.0006344318389892578,0.0
5248,pop53,1,0.0004229545593261719,0.0
5248,pop1,1,0.0003268718719482422,0.0
5248,pop15,1,0.0002307891845703125,0.0
5249,pop55,4,0.021062731742858887,0.035371263779243635
5249,pop50,1,0.00083160400390625,0.0
5249,pop53,1,0.0007586479187011719,0.0
5249,pop1,1,0.0006389617919921875,0.0
5249,pop15,1,0.0004405975341796875,0.0
5250,pop28,2,0.044136643409729004,0.04349648952484131
5250,pop51,2,0.000819087028503418,0.00011336803436279297
5250,pop9,3,0.0006016890207926432,3.954028356269744e-05
5250,pop53,1,0.0008270740509033203,0.0
5250,pop50,1,0.0009140968322753906,0.0
5250,pop44,1,0.0005331039428710938,0.0
5251,pop4,5,0.0191925048828125,0.03712875398089148
5251,pop51,1,0.0008697509765625,0.0
5251,pop53,1,0.0007796287536621094,0.0
5251,pop1,1,0.0005772113800048828,0.0
5251,pop6,1,0.0005154609680175781,0.0
5252,pop30,2,0.043712496757507324,0.043105483055114746
5252,pop31,1,0.0005166530609130859,0.0
5252,pop17,3,0.0006564458211263021,5.709128015160975e-05
5252,pop50,1,0.0008099079132080078,0.0
5252,pop51,1,0.0007526874542236328,0.0
5253,pop31,2,0.043840885162353516,0.04321765899658203
5253,pop17,4,0.0006856918334960938,8.24099259197851e-05
5253,pop50,1,0.0008466243743896484,0.0
5253,pop53,1,0.0008080005645751953,0.0
5253,pop1,1,0.0005714893341064453,0.0
5253,pop6,1,0.0002701282501220703,0.0
5254,pop6,5,0.020919990539550782,0.04079431518738285
5255,pop52,3,0.032002528508504234,0.04430088644345033
5255,pop48,2,0.049768924713134766,0.049284934997558594
5255,pop49,1,0.1071004867553711,0.0
5255,pop53,4,0.0008348226547241211,7.29924038325865e-05
5255,pop47,1,0.00042700767517089844,0.0
5256,pop42,2,0.046210527420043945,0.045566558837890625
5256,pop43,1,0.0005121231079101562,0.0
5256,pop51,2,0.0007060766220092773,1.3232231140136719e-05
5256,pop10,3,0.000587622324625651,6.700009858600221e-05
5256,pop50,1,0.0008611679077148438,0.0
5256,pop44,1,0.0005552768707275391,0.0
5257,pop39,2,0.047176241874694824,0.04652369022369385
5257,pop38,1,0.10893726348876953,0.0
5257,pop18,1,0.0005648136138916016,0.0
5257,pop19,1,0.0007519721984863281,0.0
5257,pop51,2,0.0006862878799438477,3.898143768310547e-05
5257,pop10,1,0.09289216995239258,0.0
5257,pop43,1,0.0005278587341308594,0.0
5257,pop40,4,0.0005498528480529785,3.9695932693180236e-05
5257,pop41,1,0.0002989768981933594,0.0
5257,pop53,1,0.00038933753967285156,0.0
5257,pop50,1,0.0003848075866699219,0.0
5257,pop55,1,0.0006325244903564453,0.0
5258,pop9,4,0.023400723934173584,0.0394959407517464
5258,pop51,1,0.0006878376007080078,0.0
5258,pop50,1,0.0008635520935058594,0.0
5258,pop14,1,0.0006015300750732422,0.0
5258,pop24,1,0.0006814002990722656,0.0
5259,pop24,2,0.05571424961090088,0.05502760410308838
5259,pop23,3,0.0006282329559326172,7.507144473865229e-05
5259,pop16,1,0.0004956722259521484,0.0
5259,pop50,1,0.0009469985961914062,0.0
5259,pop53,1,0.0007560253143310547,0.0
5259,pop7,1,0.0004012584686279297,0.0
5260,pop50,4,0.02436208724975586,0.04069818813071125
5260,pop17,2,0.05547964572906494,0.054729580879211426
5260,pop44,3,0.000614007314046224,4.726076636042706e-05
5260,pop53,1,0.0008633136749267578,0.0
5260,pop7,1,0.00043082237243652344,0.0
5261,pop14,4,0.027440547943115234,0.0465066877025805
5261,pop50,2,0.0009629726409912109,0.0001609325408935547
5261,pop27,1,0.0004949569702148438,0.0
5261,pop25,1,0.0004611015319824219,0.0
5261,pop17,1,0.10790109634399414,0.0
5261,pop24,4,0.00037366151809692383,9.213580645337677e-05
5262,pop28,2,0.042237162590026855,0.0416027307510376
5262,pop36,1,0.0004627704620361328,0.0
5262,pop10,1,0.09247899055480957,0.0
5262,pop51,5,0.0004790306091308594,0.00011982144536891859
5262,pop4,2,0.07267093658447266,0.020127058029174805
5262,pop43,2,0.0003917217254638672,9.894371032714844e-05
5262,pop40,2,0.09390401840209961,0.0016739368438720703
5262,pop53,3,0.03221400578816732,0.045034020320953966
5262,pop41,2,0.00048148632049560547,2.586841583251953e-05
5262,pop54,2,0.024503707885742188,0.02423691749572754
5262,pop52,3,0.01834694544474284,0.025500249180462425
5262,pop13,2,0.00028574466705322266,4.7087669372558594e-05
5263,pop42,2,0.04542434215545654,0.044774651527404785
5263,pop43,1,0.00047779083251953125,0.0
5263,pop51,2,0.0007910728454589844,8.58306884765625e-06
5263,pop10,3,0.0006221135457356771,8.49904179057954e-05
5263,pop50,1,0.0010104179382324219,0.0
5263,pop16,1,0.0005218982696533203,0.0
5264,pop39,2,0.04760885238647461,0.04694056510925293
5264,pop38,3,0.0005676746368408203,9.152541150237761e-05
5264,pop18,1,0.0005002021789550781,0.0
5264,pop19,1,0.0005784034729003906,0.0
5264,pop51,1,0.00077056884765625,0.0
5264,pop53,1,0.001062631607055664,0.0
5264,pop54,1,0.0004856586456298828,0.0
5264,pop52,1,0.0003209114074707031,0.0
5265,pop37,4,0.02036839723587036,0.0341875949061273
5265,pop52,1,0.0006132125854492188,0.0
5265,pop53,1,0.0008404254913330078,0.0
5265,pop7,1,0.0004303455352783203,0.0
5266,pop44,4,0.050826311111450195,0.05022533761937096
5266,pop50,5,0.0006334781646728516,0.0002550849280327118
5266,pop17,1,0.10982728004455566,0.0
5266,pop27,2,0.05852317810058594,0.05803322792053223
5266,pop14,1,0.05735588073730469,0.0
5266,pop45,1,0.0004749298095703125,0.0
5266,pop46,1,0.0004956722259521484,0.0
5266,pop20,1,0.0002799034118652344,0.0
5266,pop19,1,0.00038933753967285156,0.0
5266,pop51,1,0.00034999847412109375,0.0
5266,pop55,1,0.04651594161987305,0.0
5266,pop52,2,0.00029540061950683594,1.8358230590820312e-05
5266,pop13,2,0.0003707408905029297,9.5367431640625e-07
5266,pop53,1,0.00036454200744628906,0.0
5266,pop16,1,0.00028061866760253906,0.0
5267,pop27,5,0.023335933685302734,0.04546455047233927
5267,pop14,1,0.0005831718444824219,0.0
5267,pop24,1,0.0005555152893066406,0.0
5268,pop45,2,0.049747586250305176,0.04900634288787842
5268,pop44,4,0.0006906390190124512,0.00010325415338438951
5268,pop50,1,0.0008728504180908203,0.0
5268,pop35,1,0.0003521442413330078,0.0
5269,pop40,2,0.04561209678649902,0.044968605041503906
5269,pop41,1,0.0005440711975097656,0.0
5269,pop53,3,0.031104405721028645,0.04307633508247207
5269,pop54,1,0.08849740028381348,0.0
5269,pop52,2,0.0006684064865112305,3.2067298889160156e-05
5269,pop12,2,0.000609278678894043,0.00013244152069091797
5269,pop50,1,0.0003857612609863281,0.0
5269,pop14,1,0.0003342628479003906,0.0
5269,pop24,1,0.0002510547637939453,0.0
5270,pop4,2,0.047621846199035645,0.04695451259613037
5270,pop51,2,0.0006667375564575195,0.0002824068069458008
5270,pop50,3,0.0007216930389404297,0.00034577911544309415
5270,pop44,3,0.0005172093709309896,0.0001840630892153244
5270,pop27,3,0.00043050448099772137,0.00010446277386828102
5270,pop25,2,0.0005497932434082031,0.0002582073211669922
5270,pop17,1,0.05929255485534668,0.0
5270,pop14,2,0.0003287792205810547,2.9325485229492188e-05
5270,pop24,3,0.00039649009704589844,8.073722877370062e-05
5270,pop19,1,0.0003559589385986328,0.0
5270,pop20,1,0.0002694129943847656,0.0
5270,pop46,1,0.0002663135528564453,0.0
5270,pop45,1,0.0002779960632324219,0.0
5271,pop52,5,0.019194793701171876,0.03694572850142199
5271,pop53,1,0.0008449554443359375,0.0
5271,pop7,1,0.0005557537078857422,0.0
5272,pop47,3,0.05498917897542318,0.0384271937937137
5272,pop53,2,0.0006150007247924805,0.0002840757369995117
5272,pop50,2,0.0008363723754882812,8.988380432128906e-05
5272,pop17,2,0.0008171796798706055,0.00019681453704833984
5272,pop25,1,0.0002734661102294922,0.0
5272,pop27,1,0.0003018379211425781,0.0
5272,pop44,1,0.0005228519439697266,0.0
5272,pop1,1,0.0002799034118652344,0.0
5272,pop15,1,0.0002422332763671875,0.0
5273,pop22,5,0.018018484115600586,0.03479026539635077
5273,pop51,1,0.0010294914245605469,0.0
5273,pop53,1,0.0006680488586425781,0.0
5273,pop50,1,0.0004534721374511719,0.0
5273,pop44,1,0.00032138824462890625,0.0
5274,pop33,3,0.033765316009521484,0.0468627629878842
5274,pop32,2,0.055760860443115234,0.05523824691772461
5274,pop37,2,0.0005178451538085938,2.5987625122070312e-05
5274,pop52,1,0.0002951622009277344,0.0
5275,pop21,4,0.05552297830581665,0.054921349117536974
5275,pop23,1,0.0005364418029785156,0.0
5275,pop24,3,0.0006268819173177084,0.00010019110358604182
5275,pop14,2,0.05448555946350098,0.05382895469665527
5275,pop50,1,0.0007154941558837891,0.0
5275,pop53,1,0.0007064342498779297,0.0
5275,pop1,1,0.0003287792205810547,0.0
5275,pop6,1,0.0002608299255371094,0.0
5276,pop56,4,0.02756023406982422,0.04667941421670405
5276,pop48,1,0.0005700588226318359,0.0
5276,pop52,1,0.0006711483001708984,0.0
5276,pop55,1,0.0005133152008056641,0.0
5277,pop24,6,0.019115805625915527,0.04139947635087757
5277,pop23,3,0.07117414474487305,0.04991096522250995
5277,pop21,1,0.11534714698791504,0.0
5277,pop16,1,0.0005087852478027344,0.0
5278,pop50,2,0.04720616340637207,0.046308279037475586
5278,pop17,1,0.10807681083679199,0.0
5278,pop31,1,0.0004630088806152344,0.0
5278,pop30,1,0.0004885196685791016,0.0
5278,pop48,1,0.0005106925964355469,0.0
5278,pop52,1,0.00029921531677246094,0.0
5278,pop55,3,0.0003510316212972005,9.554614435400638e-05
5279,pop28,2,0.04370129108428955,0.04307281970977783
5279,pop36,1,0.0006310939788818359,0.0
5279,pop10,2,0.04717659950256348,0.04664468765258789
5279,pop51,1,0.0008423328399658203,0.0
5279,pop19,1,0.0006434917449951172,0.0
5279,pop20,2,0.0003819465637207031,0.00010824203491210938
5280,pop27,4,0.029147982597351074,0.049333890357661
5280,pop25,1,0.0004811286926269531,0.0
5280,pop17,1,0.0006103515625,0.0
5280,pop50,1,0.0007612705230712891,0.0
5280,pop53,1,0.00067138671875,0.0
5280,pop52,1,0.0005855560302734375,0.0
5281,pop45,2,0.05026412010192871,0.04958367347717285
5281,pop44,1,0.000606536865234375,0.0
5281,pop50,2,0.0008465051651000977,0.00015175342559814453
5281,pop17,3,0.036423285802205406,0.0505266410575178
5281,pop33,2,0.000580906867980957,9.655952453613281e-06
5281,pop32,1,0.11434173583984375,0.0
5281,pop37,2,0.00047588348388671875,0.0002067089080810547
5281,pop52,1,0.0003104209899902344,0.0
5281,pop53,1,0.00038909912109375,0.0
5281,pop7,1,0.0002295970916748047,0.0
5282,pop41,2,0.04753756523132324,0.04684305191040039
5282,pop53,3,0.03128663698832194,0.04348525410480105
5282,pop1,3,0.0005995432535807291,3.5711003713236604e-05
5282,pop6,2,0.05296790599822998,0.052468180656433105
5282,pop54,3,0.00046404202779134113,5.993033543027041e-05
5282,pop15,1,0.0005648136138916016,0.0
5283,pop36,2,0.04432713985443115,0.04365384578704834
5283,pop10,1,0.09361076354980469,0.0
5283,pop51,2,0.0006818771362304688,2.6464462280273438e-05
5283,pop4,1,0.09509038925170898,0.0
5283,pop43,1,0.0005199909210205078,0.0
5283,pop40,2,0.024273991584777832,0.023618340492248535
5283,pop41,1,0.00029277801513671875,0.0
5283,pop53,2,0.025170564651489258,0.024714946746826172
5283,pop54,2,0.04633128643035889,0.04583752155303955
5283,pop52,2,0.00046050548553466797,7.49826431274414e-05
5283,pop7,1,0.00022721290588378906,0.0
5284,pop4,2,0.0466156005859375,0.04597210884094238
5284,pop51,2,0.000506281852722168,0.0001519918441772461
5284,pop9,4,0.0005199909210205078,7.412728478305608e-05
5284,pop19,1,0.0006756782531738281,0.0
5284,pop18,1,0.00048422813415527344,0.0
5285,pop33,3,0.034456729888916016,0.0478279428869954
5285,pop32,2,0.0572664737701416,0.05670738220214844
5285,pop37,2,0.0006748437881469727,0.0001977682113647461
5285,pop52,1,0.0003399848937988281,0.0
5285,pop34,1,0.0005657672882080078,0.0
5285,pop35,1,0.0004265308380126953,0.0
5286,pop32,5,0.022440576553344728,0.04358428238323
5286,pop33,1,0.0005021095275878906,0.0
5286,pop50,1,0.0008535385131835938,0.0
5286,pop44,1,0.0005307197570800781,0.0
5287,pop48,3,0.03353476524353027,0.04656067609733866
5287,pop49,4,0.0006147027015686035,0.00013047296088263466
5287,pop52,1,0.0006604194641113281,0.0
5287,pop53,1,0.0007097721099853516,0.0
5287,pop47,1,0.00024247169494628906,0.0
5288,pop38,2,0.054428815841674805,0.05374503135681152
5288,pop39,1,0.0005202293395996094,0.0
5288,pop44,1,0.10058975219726562,0.0
5288,pop50,2,0.0007017850875854492,2.6106834411621094e-05
5288,pop55,1,0.08434486389160156,0.0
5288,pop52,4,0.00043398141860961914,0.00011942728792700888
5288,pop53,1,0.0007004737854003906,0.0
5288,pop16,1,0.0005314350128173828,0.0
5289,pop6,3,0.07057309150695801,0.049436593738868564
5289,pop1,1,0.0005562305450439453,0.0
5289,pop53,2,0.0006026029586791992,0.0002561807632446289
5289,pop41,2,0.0005800724029541016,9.417533874511719e-05
5289,pop40,3,0.0005803108215332031,7.95106003476027e-05
5289,pop50,1,0.00043702125549316406,0.0
5289,pop14,1,0.0003407001495361328,0.0
5289,pop24,1,0.0003039836883544922,0.0
5290,pop22,2,0.04386186599731445,0.04315757751464844
5290,pop21,1,0.0005199909210205078,0.0
5290,pop23,1,0.0006239414215087891,0.0
5290,pop24,1,0.11417293548583984,0.0
5290,pop14,1,0.0006160736083984375,0.0
5290,pop50,2,0.0009005069732666016,0.0005006790161132812
5290,pop44,1,0.00075531005859375,0.0
5290,pop27,1,0.00028252601623535156,0.0
5290,pop25,1,0.0005567073822021484,0.0
5290,pop17,3,0.00045982996622721356,0.00015289904902775913
5290,pop51,1,0.00038433074951171875,0.0
5291,pop28,2,0.04496443271636963,0.04427635669708252
5291,pop36,1,0.0004956722259521484,0.0
5291,pop10,4,0.0005875229835510254,9.931806258061261e-05
5291,pop51,1,0.0004730224609375,0.0
5291,pop53,1,0.0004138946533203125,0.0
5291,pop1,1,0.0003631114959716797,0.0
5291,pop15,1,0.00039076805114746094,0.0
5292,pop45,2,0.050331830978393555,0.049642086029052734
5292,pop44,1,0.0005741119384765625,0.0
5292,pop50,2,0.0008786916732788086,0.00013124942779541016
5292,pop14,3,0.0006993611653645834,0.00010915862716569214
5292,pop53,1,0.0008885860443115234,0.0
5292,pop1,1,0.0005984306335449219,0.0
5292,pop6,1,0.000598907470703125,0.0
5293,pop46,2,0.04920828342437744,0.048578619956970215
5293,pop45,1,0.0004980564117431641,0.0
5293,pop44,1,0.0005295276641845703,0.0
5293,pop50,2,0.0008558034896850586,0.0001443624496459961
5293,pop14,3,0.03751579920450846,0.05204080977503143
5293,pop24,1,0.11670756340026855,0.0
5293,pop23,2,0.05726134777069092,0.05694878101348877
5293,pop21,2,0.0004169940948486328,1.0251998901367188e-05
5293,pop16,1,0.0005242824554443359,0.0
5293,pop53,1,0.0006504058837890625,0.0
5293,pop1,1,0.0003161430358886719,0.0
5293,pop6,1,0.0002529621124267578,0.0
5294,pop10,3,0.062047878901163735,0.0433597818380435
5294,pop51,2,0.0007719993591308594,0.00010275840759277344
5294,pop4,2,0.0006771087646484375,0.00011610984802246094
5294,pop53,1,0.0007126331329345703,0.0
5294,pop1,1,0.0007677078247070312,0.0
5294,pop6,1,0.0005052089691162109,0.0
5295,pop53,5,0.01922464370727539,0.03672647865053098
5295,pop50,1,0.0007760524749755859,0.0
5295,pop55,1,0.0005052089691162109,0.0
5296,pop18,2,0.05090188980102539,0.05027627944946289
5296,pop19,2,0.0007206201553344727,6.186962127685547e-05
5296,pop51,2,0.0007712841033935547,1.5735626220703125e-05
5296,pop9,4,0.00042176246643066406,6.091209761519185e-05
5296,pop20,1,0.0002803802490234375,0.0
5297,pop14,3,0.07249188423156738,0.05086155886328918
5297,pop24,2,0.0007321834564208984,0.00016617774963378906
5297,pop23,1,0.0005466938018798828,0.0
5297,pop16,1,0.0006756782531738281,0.0
5297,pop50,1,0.000997781753540039,0.0
5297,pop53,1,0.0008060932159423828,0.0
5297,pop7,1,0.00023221969604492188,0.0
5298,pop41,2,0.047212839126586914,0.0465550422668457
5298,pop53,2,0.0008487701416015625,8.106231689453125e-06
5298,pop52,3,0.0007425149281819662,8.367695850528324e-05
5298,pop1,1,0.0006341934204101562,0.0
5298,pop6,1,0.0002608299255371094,0.0
5299,pop33,3,0.03415695826212565,0.047415792111354486
5299,pop32,2,0.055805325508117676,0.05523526668548584
5299,pop37,3,0.00042438507080078125,7.029022891230126e-05
5299,pop52,1,0.0006680488586425781,0.0
5300,pop8,2,0.04441392421722412,0.04376709461212158
5300,pop51,2,0.0009111166000366211,0.00010693073272705078
5300,pop4,3,0.0006380081176757812,8.294933808174855e-05
5300,pop50,1,0.0008597373962402344,0.0
5300,pop55,1,0.0004935264587402344,0.0
5301,pop23,3,0.03605898221333822,0.050111744922998934
5301,pop21,1,0.11204361915588379,0.0
5301,pop24,3,0.000629583994547526,0.00011815243709646378
5301,pop14,1,0.0006275177001953125,0.0
5301,pop50,1,0.0008761882781982422,0.0
5301,pop53,1,0.0007863044738769531,0.0
5301,pop47,1,0.0003669261932373047,0.0
5302,pop22,5,0.01785416603088379,0.034535039850339885
5302,pop51,1,0.0006926059722900391,0.0
5302,pop53,1,0.0003857612609863281,0.0
5302,pop52,1,0.00029349327087402344,0.0
5303,pop45,2,0.05166780948638916,0.050977110862731934
5303,pop44,1,0.0005357265472412109,0.0
5303,pop50,2,0.0007132291793823242,0.00017893314361572266
5303,pop33,1,0.0007379055023193359,0.0
5303,pop32,3,0.00072479248046875,0.000263329264196695
5303,pop53,1,0.0004482269287109375,0.0
5303,pop47,1,0.0006003379821777344,0.0
5304,pop53,2,0.046035170555114746,0.04516565799713135
5304,pop1,2,0.0005729198455810547,1.9073486328125e-05
5304,pop6,4,0.0004928708076477051,3.849052719709456e-05
5304,pop15,1,0.00044155120849609375,0.0
5305,pop47,4,0.04132735729217529,0.04077601409676645
5305,pop53,1,0.0006542205810546875,0.0
5305,pop52,2,0.0006449222564697266,1.7881393432617188e-05
5305,pop12,2,0.0003154277801513672,5.602836608886719e-05
5305,pop34,1,0.0004703998565673828,0.0
5305,pop35,1,0.0004291534423828125,0.0
5306,pop21,4,0.028111755847930908,0.04754749985389619
5306,pop23,1,0.0005853176116943359,0.0
5306,pop16,1,0.0004913806915283203,0.0
5306,pop50,1,0.0007903575897216797,0.0
5306,pop53,1,0.0008013248443603516,0.0
5306,pop47,1,0.0002574920654296875,0.0
5307,pop56,2,0.05394089221954346,0.05325615406036377
5307,pop48,1,0.0005674362182617188,0.0
5307,pop52,4,0.0005621910095214844,0.00015018989105887874
5307,pop13,2,0.04807019233703613,0.04755449295043945
5308,pop24,5,0.023424768447875978,0.045544153854891516
5308,pop14,1,0.0005841255187988281,0.0
5308,pop50,1,0.0009400844573974609,0.0
5308,pop51,1,0.0007402896881103516,0.0
5308,pop10,1,0.00048089027404785156,0.0
5309,pop50,3,0.03202120463053385,0.04401839342995488
5309,pop53,4,0.0007730722427368164,7.714241201435632e-05
5309,pop55,1,0.0004954338073730469,0.0
5310,pop41,2,0.04736649990081787,0.04671061038970947
5310,pop53,5,0.0005731582641601562,0.0001588502676775723
5310,pop1,2,0.0005829334259033203,1.2636184692382812e-05
5310,pop6,1,0.10429883003234863,0.0
5310,pop50,2,0.0008757114410400391,1.430511474609375e-06
5310,pop44,1,0.10302615165710449,0.0
5310,pop47,1,0.0002617835998535156,0.0
5311,pop8,2,0.045378684997558594,0.04474186897277832
5311,pop51,2,0.0007320642471313477,5.960464477539062e-07
5311,pop9,4,0.00042444467544555664,7.146025198116191e-05
5312,pop22,2,0.04462742805480957,0.043955087661743164
5312,pop21,1,0.11146426200866699,0.0
5312,pop23,2,0.05472159385681152,0.05400872230529785
5312,pop24,3,0.0005795160929361979,9.509929738883752e-05
5312,pop14,1,0.00034046173095703125,0.0
5312,pop50,1,0.0004298686981201172,0.0
5312,pop51,1,0.0006906986236572266,0.0
5312,pop10,1,0.0004878044128417969,0.0
5313,pop53,2,0.04605817794799805,0.04522252082824707
5313,pop52,4,0.0007558465003967285,0.00020723110393572962
5313,pop55,1,0.0006287097930908203,0.0
5313,pop50,1,0.0009026527404785156,0.0
5313,pop14,1,0.00042247772216796875,0.0
5313,pop24,1,0.0002925395965576172,0.0
5314,pop16,3,0.03284311294555664,0.045630612369659124
5314,pop23,4,0.026953399181365967,0.04560604272811105
5314,pop24,2,0.0005755424499511719,4.6253204345703125e-05
5315,pop57,2,0.05671095848083496,0.056073904037475586
5315,pop56,1,0.0005104541778564453,0.0
5315,pop48,2,0.05115354061126709,0.050861239433288574
5315,pop49,4,0.0004633665084838867,8.504051830575579e-05
5315,pop52,1,0.0003001689910888672,0.0
5316,pop55,4,0.02123391628265381,0.03567187032019224
5316,pop50,1,0.0007660388946533203,0.0
5316,pop51,1,0.0006432533264160156,0.0
5316,pop19,1,0.0006349086761474609,0.0
5316,pop18,1,0.0006384849548339844,0.0
5317,pop36,2,0.043761491775512695,0.043128252029418945
5317,pop10,1,0.09545516967773438,0.0
5317,pop51,1,0.0008244514465332031,0.0
5317,pop22,4,0.0004432797431945801,0.00010865276074453989
5317,pop21,1,0.0002741813659667969,0.0
5317,pop23,1,0.0003421306610107422,0.0
5317,pop24,1,0.0002827644348144531,0.0
5318,pop45,2,0.05201387405395508,0.051311492919921875
5318,pop44,1,0.0006127357482910156,0.0
5318,pop50,2,0.0008141994476318359,6.246566772460938e-05
5318,pop17,4,0.0007134079933166504,0.00021812800846626677
5318,pop53,1,0.00035834312438964844,0.0
5318,pop47,1,0.0006103515625,0.0
5319,pop21,2,0.05489790439605713,0.054255127906799316
5319,pop23,1,0.10986185073852539,0.0
5319,pop24,4,0.0006186366081237793,0.00013621322856030517
5319,pop14,1,0.0007658004760742188,0.0
5319,pop50,1,0.000858306884765625,0.0
5319,pop53,1,0.0008981227874755859,0.0
5319,pop47,1,0.0002799034118652344,0.0
5320,pop56,2,0.054256439208984375,0.05359649658203125
5320,pop48,3,0.03364698092142741,0.04681711654385338
5320,pop49,3,0.0005520184834798177,7.264123697396054e-05
5320,pop52,1,0.00031375885009765625,0.0
5320,pop34,1,0.0002536773681640625,0.0
5320,pop35,1,0.0002529621124267578,0.0
5321,pop30,2,0.044087767601013184,0.043436408042907715
5321,pop48,1,0.0005586147308349609,0.0
5321,pop52,2,0.0005060434341430664,0.0001417398452758789
5321,pop13,3,0.00040761629740397137,3.1912682810774375e-05
5321,pop53,1,0.0006008148193359375,0.0
5321,pop47,1,0.000244140625,0.0
5322,pop31,2,0.04695546627044678,0.04628884792327881
5322,pop30,1,0.00048661231994628906,0.0
5322,pop48,4,0.0005017518997192383,6.706738361760098e-05
5322,pop52,1,0.00033092498779296875,0.0
5322,pop53,1,0.0003936290740966797,0.0
5322,pop50,1,0.0008442401885986328,0.0
5322,pop16,1,0.00047588348388671875,0.0
5323,pop32,4,0.028457462787628174,0.04827227611204833
5323,pop33,1,0.0006749629974365234,0.0
5323,pop50,1,0.0008842945098876953,0.0
5323,pop55,1,0.0004761219024658203,0.0
5324,pop38,5,0.055813264846801755,0.049036952519845606
5324,pop18,4,0.0004456639289855957,0.0001177317576381977
5324,pop19,5,0.000590658187866211,0.00024420346256068617
5324,pop20,2,0.07978594303131104,0.022677302360534668
5324,pop51,3,0.0005221366882324219,0.0001814465116917126
5324,pop46,1,0.00029015541076660156,0.0
5324,pop9,2,0.00029468536376953125,3.0279159545898438e-05
5325,pop8,2,0.04486691951751709,0.04420650005340576
5325,pop51,2,0.0008825063705444336,0.00017321109771728516
5325,pop4,4,0.0005828738212585449,8.720994689018483e-05
5325,pop53,1,0.0005090236663818359,0.0
5325,pop50,1,0.0004508495330810547,0.0
5325,pop14,1,0.0003631114959716797,0.0
5325,pop24,1,0.0003075599670410156,0.0
5326,pop53,3,0.031209150950113933,0.04302510440877198
5326,pop1,2,0.0005959272384643555,8.940696716308594e-06
5326,pop6,2,0.05321371555328369,0.05268394947052002
5326,pop54,3,0.0004215240478515625,0.00016603396355475262
5326,pop52,1,0.0005812644958496094,0.0
5326,pop55,1,0.0004608631134033203,0.0
5327,pop9,5,0.01840205192565918,0.03563404688738742
5327,pop51,1,0.00039887428283691406,0.0
5327,pop53,1,0.0003986358642578125,0.0
5327,pop1,1,0.00033736228942871094,0.0
5327,pop15,1,0.0004000663757324219,0.0
5328,pop42,2,0.04712522029876709,0.04648768901824951
5328,pop43,1,0.0005125999450683594,0.0
5328,pop40,1,0.09130144119262695,0.0
5328,pop41,1,0.0005464553833007812,0.0
5328,pop53,2,0.0005972385406494141,0.00020241737365722656
5328,pop50,3,0.0009148120880126953,0.00035178513899868715
5328,pop44,2,0.050876736640930176,0.0503460168838501
5328,pop27,1,0.00025010108947753906,0.0
5328,pop25,1,0.0005040168762207031,0.0
5328,pop17,2,0.029231786727905273,0.0286862850189209
5328,pop33,2,0.0002955198287963867,5.602836608886719e-06
5328,pop32,1,0.06172513961791992,0.0
5328,pop37,2,0.0003447532653808594,8.916854858398438e-05
5328,pop52,1,0.0003046989440917969,0.0
5328,pop47,1,0.00024819374084472656,0.0
5329,pop39,2,0.048602938652038574,0.04795420169830322
5329,pop38,3,0.000591437021891276,0.00011367747403074855
5329,pop18,1,0.00047469139099121094,0.0
5329,pop19,1,0.0006358623504638672,0.0
5329,pop51,1,0.0006909370422363281,0.0
5329,pop50,1,0.0004105567932128906,0.0
5329,pop55,1,0.00028777122497558594,0.0
5330,pop10,2,0.045745134353637695,0.04508614540100098
5330,pop51,1,0.0007905960083007812,0.0
5330,pop43,1,0.0005128383636474609,0.0
5330,pop40,2,0.0475848913192749,0.04707133769989014
5330,pop41,1,0.0005075931549072266,0.0
5330,pop53,1,0.0006728172302246094,0.0
5330,pop50,3,0.0006220340728759766,0.00025549551666949544
5330,pop17,3,0.039119720458984375,0.027443642208174513
5330,pop25,2,0.0002777576446533203,1.0251998901367188e-05
5330,pop27,2,0.00040984153747558594,0.00010991096496582031
5330,pop44,2,0.027153849601745605,0.026878714561462402
5330,pop14,2,0.0003794431686401367,3.159046173095703e-05
5331,pop14,3,0.03612399101257324,0.04998464720818212
5331,pop24,3,0.00067901611328125,0.00011021180881688958
5331,pop50,1,0.0012822151184082031,0.0
5331,pop53,1,0.0008099079132080078,0.0
5331,pop51,1,0.00040793418884277344,0.0
5331,pop19,1,0.00035452842712402344,0.0
5331,pop18,1,0.0002899169921875,0.0
5332,pop33,3,0.03546897570292155,0.04925038034652067
5332,pop32,4,0.0006052255630493164,9.175840326149283e-05
5332,pop50,1,0.0009644031524658203,0.0
5332,pop53,1,0.0004725456237792969,0.0
5332,pop1,1,0.00035262107849121094,0.0
5332,pop6,1,0.0003826618194580078,0.0
5333,pop16,3,0.03315114974975586,0.04605102833497849
5333,pop23,3,0.0006156762440999349,5.266130989661016e-05
5333,pop50,1,0.0008151531219482422,0.0
5333,pop51,1,0.0008547306060791016,0.0
5334,pop56,2,0.055692434310913086,0.055027008056640625
5334,pop48,1,0.0005993843078613281,0.0
5334,pop52,3,0.0006540616353352865,1.7856828275688186e-05
5334,pop12,3,0.03371453285217285,0.046988004670295506
5334,pop51,1,0.0007135868072509766,0.0
5334,pop19,1,0.0006465911865234375,0.0
5334,pop18,1,0.0004711151123046875,0.0
5335,pop37,5,0.01699237823486328,0.03272595996159688
5335,pop52,1,0.00030994415283203125,0.0
5335,pop53,1,0.0004837512969970703,0.0
5335,pop1,1,0.00033092498779296875,0.0
5335,pop15,1,0.0004067420959472656,0.0
5336,pop44,2,0.04916965961456299,0.04848587512969971
5336,pop50,2,0.0009589195251464844,6.628036499023438e-05
5336,pop17,3,0.0007740656534830729,0.00016060346152002445
5336,pop35,1,0.00026345252990722656,0.0
5337,pop40,4,0.04646998643875122,0.04587373415661162
5337,pop41,1,0.0005548000335693359,0.0
5337,pop53,1,0.0006754398345947266,0.0
5337,pop52,2,0.0004792213439941406,0.00016117095947265625
5337,pop48,2,0.0004929304122924805,0.00012862682342529297
5337,pop34,1,0.00039196014404296875,0.0
5337,pop35,1,0.0004401206970214844,0.0
5338,pop52,5,0.019681835174560548,0.037969663217879875
5338,pop55,1,0.08343505859375,0.0
5338,pop48,2,0.0529322624206543,0.052347421646118164
5338,pop34,1,0.0002689361572265625,0.0
5338,pop35,1,0.00022745132446289062,0.0
5339,pop53,3,0.031160434087117512,0.043143405221182145
5339,pop54,1,0.08864021301269531,0.0
5339,pop52,3,0.017495473225911457,0.02414098760269454
5339,pop48,2,0.05309462547302246,0.05267214775085449
5339,pop49,2,0.055889010429382324,0.05537545680999756
5339,pop56,1,0.0002796649932861328,0.0
5339,pop55,1,0.08892321586608887,0.0
5339,pop12,3,0.00035762786865234375,5.6470821613501456e-05
5339,pop1,1,0.00028705596923828125,0.0
5339,pop15,1,0.0003311634063720703,0.0
5340,pop39,2,0.0476909875869751,0.047017693519592285
5340,pop38,2,0.0561525821685791,0.0556485652923584
5340,pop18,3,0.0004398822784423828,0.00011333002559063694
5340,pop19,4,0.0005026459693908691,0.0001264160839453883
5340,pop20,2,0.07862889766693115,0.02407228946685791
5340,pop46,1,0.0005180835723876953,0.0
5340,pop51,2,0.0004134178161621094,5.53131103515625e-05
5340,pop50,2,0.0003905296325683594,2.5033950805664062e-05
5340,pop17,3,0.0003333091735839844,3.1097558381208e-05
5340,pop53,1,0.0004570484161376953,0.0
5340,pop7,1,0.00036787986755371094,0.0
5341,pop27,4,0.05703490972518921,0.056409149958392135
5341,pop25,1,0.0005016326904296875,0.0
5341,pop17,2,0.0007951259613037109,0.000148773193359375
5341,pop50,1,0.0008895397186279297,0.0
5341,pop35,1,0.0004055500030517578,0.0
5342,pop47,2,0.04053652286529541,0.03992140293121338
5342,pop51,3,0.0005919138590494791,0.00018184501774036552
5342,pop10,2,0.048241496086120605,0.047641634941101074
5342,pop22,2,0.0005534887313842773,7.402896881103516e-05
5342,pop19,1,0.0003592967987060547,0.0
5342,pop20,1,0.0002722740173339844,0.0
5343,pop24,5,0.02345280647277832,0.045590268755551194
5343,pop14,2,0.05459189414978027,0.05397963523864746
5343,pop50,1,0.0009906291961669922,0.0
5343,pop35,1,0.0002429485321044922,0.0
5344,pop41,2,0.04861736297607422,0.047937870025634766
5344,pop53,1,0.0007069110870361328,0.0
5344,pop54,1,0.09032416343688965,0.0
5344,pop52,1,0.0009369850158691406,0.0
5345,pop22,5,0.01784090995788574,0.034531655394032613
5345,pop51,1,0.0004162788391113281,0.0
5345,pop53,1,0.00037407875061035156,0.0
5345,pop7,1,0.0004296302795410156,0.0
5346,pop42,2,0.04605567455291748,0.0454024076461792
5346,pop43,1,0.00048089027404785156,0.0
5346,pop51,3,0.000560760498046875,0.00017152522568747517
5346,pop10,2,0.04783987998962402,0.047298431396484375
5346,pop22,2,0.0002789497375488281,1.0967254638671875e-05
5347,pop33,3,0.03487586975097656,0.048428963311436216
5347,pop32,3,0.0005763371785481771,4.897140571798786e-05
5347,pop50,1,0.0010180473327636719,0.0
5347,pop53,1,0.0007915496826171875,0.0
5347,pop51,1,0.00043201446533203125,0.0
5348,pop16,3,0.03409870465596517,0.04742951075636498
5348,pop23,2,0.05499112606048584,0.05444490909576416
5348,pop21,3,0.0005443096160888672,6.786265622022869e-05
5348,pop50,1,0.00044536590576171875,0.0
5348,pop53,1,0.00036525726318359375,0.0
5348,pop7,1,0.00036263465881347656,0.0
5349,pop56,3,0.07115626335144043,0.04985594645221676
5349,pop2,2,0.0005600452423095703,7.367134094238281e-05
5349,pop49,1,0.0004985332489013672,0.0
5349,pop48,1,0.0005574226379394531,0.0
5349,pop52,1,0.000431060791015625,0.0
5349,pop53,1,0.0003616809844970703,0.0
5349,pop7,1,0.00023651123046875,0.0
5350,pop37,5,0.01697225570678711,0.03280767440018851
5350,pop33,1,0.0002963542938232422,0.0
5350,pop50,1,0.0004303455352783203,0.0
5350,pop16,1,0.00048232078552246094,0.0
5351,pop40,4,0.024296045303344727,0.04095894212390582
5351,pop41,1,0.0005276203155517578,0.0
5351,pop53,1,0.0008521080017089844,0.0
5351,pop50,1,0.0008556842803955078,0.0
5351,pop14,1,0.0006515979766845703,0.0
5351,pop24,1,0.00029659271240234375,0.0
5352,pop4,2,0.048179030418395996,0.04750335216522217
5352,pop51,2,0.000916600227355957,5.5909156799316406e-05
5352,pop10,1,0.09319305419921875,0.0
5352,pop50,2,0.0006837844848632812,0.00029015541076660156
5352,pop17,4,0.0005072355270385742,9.547919936120537e-05
5352,pop16,1,0.00027823448181152344,0.0
5353,pop36,2,0.04436922073364258,0.04374551773071289
5353,pop10,2,0.04867959022521973,0.04812312126159668
5353,pop51,2,0.0006012916564941406,0.0001995563507080078
5353,pop4,2,0.0004076957702636719,0.0001232624053955078
5353,pop50,1,0.0008296966552734375,0.0
5353,pop16,1,0.0006754398345947266,0.0
5354,pop44,2,0.049897074699401855,0.04917562007904053
5354,pop50,1,0.0010159015655517578,0.0
5354,pop55,1,0.08560681343078613,0.0
5354,pop52,2,0.0006657838821411133,1.3113021850585938e-06
5354,pop12,4,0.00043457746505737305,0.00013668221022644845
5354,pop53,1,0.0007405281066894531,0.0
5354,pop1,1,0.0005884170532226562,0.0
5354,pop15,1,0.0002262592315673828,0.0
5355,pop39,2,0.04923045635223389,0.04853808879852295
5355,pop38,1,0.0005345344543457031,0.0
5355,pop18,1,0.0006799697875976562,0.0
5355,pop19,2,0.0006070137023925781,0.000255584716796875
5355,pop20,3,0.00047628084818522137,6.547801658593854e-05
5355,pop51,1,0.0004546642303466797,0.0
5355,pop50,1,0.0008380413055419922,0.0
5355,pop16,1,0.0005183219909667969,0.0
5356,pop22,5,0.018108272552490236,0.03493542662238295
5356,pop21,1,0.0002713203430175781,0.0
5356,pop23,1,0.000293731689453125,0.0
5356,pop16,1,0.000484466552734375,0.0
5356,pop50,1,0.0008647441864013672,0.0
5356,pop53,1,0.0008308887481689453,0.0
5356,pop1,1,0.0005972385406494141,0.0
5356,pop15,1,0.00022149085998535156,0.0
5357,pop48,4,0.05188310146331787,0.051252988480827474
5357,pop49,2,0.0005745887756347656,5.3882598876953125e-05
5357,pop52,1,0.0006680488586425781,0.0
5357,pop53,1,0.00034809112548828125,0.0
5357,pop7,1,0.00024199485778808594,0.0
5358,pop6,3,0.07065272331237793,0.04948833721973169
5358,pop1,1,0.0005846023559570312,0.0
5358,pop53,2,0.0009381771087646484,0.00013065338134765625
5358,pop50,1,0.0007958412170410156,0.0
5358,pop16,1,0.0003993511199951172,0.0
5359,pop28,2,0.04490518569946289,0.044296979904174805
5359,pop51,3,0.0006244182586669922,0.00015406538971917145
5359,pop4,2,0.04902303218841553,0.04848587512969971
5359,pop10,3,0.0004094441731770833,0.0001693960602261978
5359,pop50,1,0.0007462501525878906,0.0
5359,pop44,1,0.00042319297790527344,0.0
5360,pop32,5,0.022736883163452147,0.04419846066886253
5360,pop33,1,0.0005505084991455078,0.0
5360,pop50,1,0.0009427070617675781,0.0
5360,pop51,1,0.00034332275390625,0.0
5360,pop19,1,0.0003981590270996094,0.0
5360,pop20,1,0.000274658203125,0.0
5361,pop38,2,0.054773569107055664,0.05407071113586426
5361,pop39,1,0.0004978179931640625,0.0
5361,pop44,1,0.10209465026855469,0.0
5361,pop50,2,0.0007536411285400391,0.0003383159637451172
5361,pop16,2,0.0003848075866699219,0.00010347366333007812
5361,pop23,2,0.028832316398620605,0.02831113338470459
5361,pop24,3,0.0006453196207682291,0.00025503168820189615
5361,pop53,1,0.0003528594970703125,0.0
5361,pop1,1,0.00036406517028808594,0.0
5361,pop6,1,0.00025391578674316406,0.0
5362,pop8,2,0.046053290367126465,0.045415282249450684
5362,pop51,2,0.0007611513137817383,4.661083221435547e-05
5362,pop4,3,0.0005708535512288412,4.80401440216374e-05
5362,pop19,1,0.0006432533264160156,0.0
5362,pop18,1,0.0005078315734863281,0.0
5363,pop47,5,0.016918182373046875,0.03275094796348732
5363,pop53,1,0.0005064010620117188,0.0
5363,pop50,1,0.0005397796630859375,0.0
5363,pop14,1,0.0003376007080078125,0.0
5363,pop24,1,0.0004673004150390625,0.0
5364,pop41,3,0.03193084398905436,0.04429897669580955
5364,pop40,2,0.046785831451416016,0.04624629020690918
5364,pop53,2,0.0006104707717895508,0.00022780895233154297
5364,pop54,1,0.09114670753479004,0.0
5364,pop52,3,0.017225027084350586,0.023678429315044738
5364,pop48,2,0.027758002281188965,0.027158379554748535
5364,pop49,2,0.0006015300750732422,4.267692565917969e-05
5364,pop50,1,0.0003695487976074219,0.0
5364,pop44,1,0.0002963542938232422,0.0
5365,pop56,4,0.027745604515075684,0.046993342474837975
5365,pop48,1,0.000659942626953125,0.0
5365,pop52,1,0.0008914470672607422,0.0
5365,pop55,1,0.0004868507385253906,0.0
5365,pop50,1,0.0004246234893798828,0.0
5365,pop44,1,0.0003063678741455078,0.0
5366,pop22,5,0.018259286880493164,0.03516568207554511
5366,pop21,1,0.0002779960632324219,0.0
5366,pop23,1,0.0003247261047363281,0.0
5366,pop16,1,0.0004992485046386719,0.0
5366,pop50,1,0.0008738040924072266,0.0
5366,pop35,1,0.00024771690368652344,0.0
5367,pop46,2,0.049752116203308105,0.04908788204193115
5367,pop20,3,0.034011443456014,0.047348561378131385
5367,pop19,1,0.0006163120269775391,0.0
5367,pop51,3,0.0006395975748697916,0.00017007355377267937
5367,pop4,1,0.09780335426330566,0.0
5367,pop10,2,0.0003464221954345703,3.790855407714844e-05
5367,pop53,1,0.0009031295776367188,0.0
5367,pop54,1,0.0005118846893310547,0.0
5367,pop52,1,0.00034928321838378906,0.0
5368,pop18,2,0.05390310287475586,0.053243398666381836
5368,pop19,2,0.0004767179489135742,0.00011360645294189453
5368,pop20,3,0.0006437301635742188,3.5527301726952966e-05
5368,pop51,1,0.0003619194030761719,0.0
5368,pop50,1,0.00039005279541015625,0.0
5368,pop16,1,0.0004703998565673828,0.0
5369,pop9,5,0.019013452529907226,0.03681757236714601
5369,pop51,1,0.00041365623474121094,0.0
5369,pop50,1,0.0003857612609863281,0.0
5369,pop55,1,0.0004820823669433594,0.0
5370,pop10,2,0.0460737943649292,0.04540741443634033
5370,pop51,2,0.0005737543106079102,0.00013148784637451172
5370,pop19,4,0.000594794750213623,0.00015657198550543267
5370,pop20,4,0.052410244941711426,0.05202757827782829
5370,pop18,2,0.00027632713317871094,2.86102294921875e-06
5370,pop38,1,0.05737948417663574,0.0
5370,pop46,1,0.0005593299865722656,0.0
5370,pop45,1,0.00029850006103515625,0.0
5370,pop44,1,0.05477452278137207,0.0
5370,pop50,2,0.0004633665084838867,1.0609626770019531e-05
5370,pop33,2,0.00031638145446777344,8.106231689453125e-06
5370,pop32,3,0.0003867944081624349,0.00012099147154534207
5371,pop14,3,0.03654813766479492,0.05072987612559089
5371,pop24,2,0.0574038028717041,0.05684781074523926
5371,pop50,5,0.0006886482238769531,0.00022690303062356952
5371,pop17,1,0.1086423397064209,0.0
5371,pop16,2,0.00028514862060546875,5.4836273193359375e-06
5371,pop23,1,0.05781722068786621,0.0
5371,pop44,1,0.10681581497192383,0.0
5371,pop45,1,0.0005154609680175781,0.0
5371,pop46,1,0.0005447864532470703,0.0
5371,pop20,1,0.00027441978454589844,0.0
5371,pop19,1,0.0003771781921386719,0.0
5371,pop51,1,0.00047278404235839844,0.0
5371,pop33,2,0.0003141164779663086,1.7523765563964844e-05
5371,pop32,3,0.0003243287404378255,3.782390510985974e-05
5371,pop53,1,0.00041031837463378906,0.0
5371,pop7,1,0.00022125244140625,0.0
5372,pop36,2,0.04494619369506836,0.04429316520690918
5372,pop51,1,0.0008862018585205078,0.0
5372,pop50,2,0.0007252693176269531,0.0002028942108154297
5372,pop44,2,0.02689826488494873,0.02634608745574951
5372,pop53,1,0.04949069023132324,0.0
5372,pop54,1,0.09325575828552246,0.0
5372,pop52,3,0.0005125204722086588,0.00015994082325578238
5372,pop3,1,0.00023794174194335938,0.0
5372,pop0,1,0.00023174285888671875,0.0
5372,pop1,1,0.0003287792205810547,0.0
5372,pop6,1,0.0002503395080566406,0.0
5373,pop28,2,0.04487967491149902,0.044252872467041016
5373,pop51,2,0.00074005126953125,8.344650268554688e-06
5373,pop43,2,0.0005208253860473633,2.944469451904297e-05
5373,pop40,4,0.0004622340202331543,0.00017210654107022546
5373,pop19,1,0.00033593177795410156,0.0
5373,pop18,1,0.000415802001953125,0.0
5374,pop47,2,0.0411151647567749,0.04048311710357666
5374,pop53,3,0.0005849997202555338,0.00017192060859263597
5374,pop54,1,0.0934455394744873,0.0
5374,pop52,3,0.0004100799560546875,0.00012930744706582653
5374,pop55,1,0.04457354545593262,0.0
5374,pop50,1,0.0004901885986328125,0.0
5374,pop48,2,0.05371379852294922,0.0534517765045166
5374,pop49,4,0.014895975589752197,0.025193031117156397
5374,pop2,1,0.06034994125366211,0.0
5374,pop51,1,0.0003173351287841797,0.0
5375,pop41,2,0.046852827072143555,0.046201467514038086
5375,pop53,1,0.0008022785186767578,0.0
5375,pop54,1,0.09056687355041504,0.0
5375,pop52,4,0.0004937648773193359,0.00014744092927984693
5375,pop55,1,0.0002582073211669922,0.0
5376,pop23,3,0.07146135965983073,0.05006394968949026
5376,pop21,2,0.05675375461578369,0.05623328685760498
5376,pop24,3,0.0005948543548583984,0.00012472748201354227
5376,pop14,1,0.0003466606140136719,0.0
5376,pop50,1,0.00034928321838378906,0.0
5376,pop53,1,0.000431060791015625,0.0
5376,pop7,1,0.0004172325134277344,0.0
5377,pop48,3,0.06801915168762207,0.047604775238590503
5377,pop52,2,0.0006105899810791016,2.288818359375e-05
5377,pop12,2,0.0006372928619384766,0.0001201629638671875
5377,pop53,1,0.0004982948303222656,0.0
5377,pop51,1,0.0004181861877441406,0.0
5377,pop19,1,0.0003039836883544922,0.0
5377,pop18,1,0.0006110668182373047,0.0
5378,pop22,5,0.017974090576171876,0.034752713536301216
5378,pop51,1,0.0004456043243408203,0.0
5378,pop47,1,0.0006103515625,0.0
5379,pop36,2,0.044333815574645996,0.04368698596954346
5379,pop51,2,0.0007801055908203125,3.409385681152344e-05
5379,pop43,2,0.0004982948303222656,1.6689300537109375e-06
5379,pop40,4,0.0003605484962463379,6.425444292132501e-05
5379,pop19,1,0.0005986690521240234,0.0
5379,pop18,1,0.00026607513427734375,0.0
5380,pop50,3,0.03286353747049967,0.045551631252203316
5380,pop44,4,0.0006928443908691406,0.00012800513442277978
5380,pop53,1,0.0003566741943359375,0.0
5380,pop1,1,0.00037670135498046875,0.0
5380,pop6,1,0.0002765655517578125,0.0
5381,pop24,2,0.057805776596069336,0.05712628364562988
5381,pop14,1,0.000675201416015625,0.0
5381,pop50,2,0.000676274299621582,9.691715240478516e-05
5381,pop33,2,0.0004267692565917969,0.00010991096496582031
5381,pop32,3,0.0005046526590983073,7.88091121574976e-05
5381,pop51,1,0.0009660720825195312,0.0
5381,pop43,1,0.00048065185546875,0.0
5381,pop40,1,0.0006756782531738281,0.0
5381,pop41,1,0.0005583763122558594,0.0
5381,pop53,1,0.0003681182861328125,0.0
5381,pop1,1,0.0003390312194824219,0.0
5381,pop15,1,0.00035500526428222656,0.0
5382,pop42,2,0.04710590839385986,0.04644739627838135
5382,pop43,1,0.0005328655242919922,0.0
5382,pop40,1,0.09414386749267578,0.0
5382,pop41,1,0.0005178451538085938,0.0
5382,pop53,3,0.0005525747934977213,0.0002888676548320984
5382,pop54,1,0.09055566787719727,0.0
5382,pop52,5,0.00037202835083007815,8.037635936904292e-05
5382,pop55,2,0.045530080795288086,0.0006756782531738281
5382,pop50,2,0.0004712343215942383,9.429454803466797e-05
5382,pop17,2,0.0545506477355957,0.054151296615600586
5382,pop25,3,0.00038170814514160156,0.00018242651758834552
5382,pop27,2,0.0003019571304321289,5.352497100830078e-05
5382,pop44,1,0.0002589225769042969,0.0
5382,pop51,1,0.0003638267517089844,0.0
5382,pop19,1,0.0003409385681152344,0.0
5382,pop18,1,0.000293731689453125,0.0
5383,pop9,5,0.018763160705566405,0.03631511809710116
5383,pop51,1,0.00040435791015625,0.0
5383,pop53,1,0.0008347034454345703,0.0
5383,pop1,1,0.0006003379821777344,0.0
5383,pop6,1,0.0004658699035644531,0.0
5384,pop47,4,0.020215153694152832,0.03390669151121574
5384,pop53,1,0.00046181678771972656,0.0
5384,pop50,1,0.0003597736358642578,0.0
5384,pop14,1,0.0004935264587402344,0.0
5384,pop24,1,0.0004990100860595703,0.0
5385,pop41,2,0.04697060585021973,0.04631161689758301
5385,pop53,1,0.000881195068359375,0.0
5385,pop52,1,0.0011603832244873047,0.0
5386,pop57,2,0.05598795413970947,0.05534684658050537
5386,pop56,1,0.00047850608825683594,0.0
5386,pop2,1,0.10982394218444824,0.0
5386,pop49,1,0.0005173683166503906,0.0
5386,pop48,1,0.0005414485931396484,0.0
5386,pop52,2,0.0253373384475708,0.024759888648986816
5386,pop12,3,0.00041596094767252606,0.00020777203023298268
5386,pop53,1,0.00034236907958984375,0.0
5386,pop51,1,0.0006191730499267578,0.0
5386,pop46,1,0.00039958953857421875,0.0
5386,pop20,1,0.0002760887145996094,0.0
5386,pop19,1,0.0003495216369628906,0.0
5386,pop18,1,0.0002589225769042969,0.0
5387,pop55,2,0.042516112327575684,0.041819214820861816
5387,pop50,4,0.0007222294807434082,0.00037536369919754305
5387,pop44,2,0.04976487159729004,0.049207448959350586
5387,pop27,2,0.00029730796813964844,2.6226043701171875e-06
5387,pop25,2,0.000415802001953125,0.00013256072998046875
5387,pop17,2,0.056172966957092285,0.05542027950286865
5387,pop14,2,0.0003364086151123047,1.4066696166992188e-05
5387,pop33,2,0.0002881288528442383,1.7881393432617188e-06
5387,pop32,3,0.0003063678741455078,3.508940506958868e-05
5387,pop24,1,0.0004189014434814453,0.0
5388,pop45,2,0.051506996154785156,0.050858497619628906
5388,pop44,1,0.09864997863769531,0.0
5388,pop50,4,0.000786900520324707,0.00027351695392923347
5388,pop17,2,0.05581212043762207,0.05518221855163574
5388,pop14,3,0.0379483699798584,0.05296317865236478
5388,pop24,5,0.012381792068481445,0.024052644651764096
5388,pop23,3,0.0003101825714111328,1.823967057778244e-05
5388,pop21,1,0.06032729148864746,0.0
5388,pop16,1,0.0006742477416992188,0.0
5388,pop55,1,0.0002589225769042969,0.0
5389,pop21,3,0.07491238911946614,0.05249823021725515
5389,pop23,1,0.11096310615539551,0.0
5389,pop24,3,0.0005077521006266276,6.267955470988381e-05
5389,pop14,1,0.0003345012664794922,0.0
5389,pop50,1,0.00043082237243652344,0.0
5389,pop51,1,0.0007321834564208984,0.0
5389,pop10,1,0.0004756450653076172,0.0
5390,pop4,4,0.02404886484146118,0.040587109405278037
5390,pop51,1,0.0008168220520019531,0.0
5390,pop19,1,0.0007851123809814453,0.0
5390,pop20,1,0.0002741813659667969,0.0
5391,pop44,5,0.04093146324157715,0.049465806056489176
5391,pop50,1,0.0008776187896728516,0.0
5391,pop17,2,0.05759704113006592,0.056935667991638184
5391,pop25,1,0.00027942657470703125,0.0
5391,pop27,1,0.0002925395965576172,0.0
5391,pop45,1,0.0002732276916503906,0.0
5391,pop46,1,0.00027632713317871094,0.0
5391,pop20,1,0.0002682209014892578,0.0
5392,pop39,2,0.04797101020812988,0.047327280044555664
5392,pop38,3,0.0005962053934733073,5.4337936931314594e-05
5392,pop18,1,0.0005176067352294922,0.0
5392,pop19,1,0.0003390312194824219,0.0
5392,pop51,1,0.00047206878662109375,0.0
5393,pop23,4,0.026612162590026855,0.044939351012759754
5393,pop16,1,0.0005230903625488281,0.0
5393,pop50,1,0.000675201416015625,0.0
5393,pop51,1,0.0004744529724121094,0.0
5393,pop19,1,0.0003597736358642578,0.0
5393,pop18,1,0.0004036426544189453,0.0
5394,pop30,2,0.04313957691192627,0.042502760887145996
5394,pop31,1,0.0005354881286621094,0.0
5394,pop17,2,0.028689861297607422,0.028105974197387695
5394,pop50,2,0.0003980398178100586,4.088878631591797e-05
5394,pop53,5,0.010587263107299804,0.020216416729634763
5394,pop1,3,0.00041596094767252606,0.00013987489719454645
5394,pop6,2,0.05523240566253662,0.05499136447906494
5394,pop41,2,0.00031244754791259766,2.9921531677246094e-05
5394,pop40,1,0.04971957206726074,0.0
5394,pop54,2,0.025272011756896973,0.024974465370178223
5394,pop52,3,0.00037161509195963543,9.616209455755843e-05
5394,pop13,1,0.05237531661987305,0.0
5394,pop33,1,0.0004429817199707031,0.0
5394,pop37,2,0.00039899349212646484,0.00011289119720458984
5395,pop31,2,0.044573307037353516,0.04391646385192871
5395,pop17,4,0.0004832148551940918,0.00011498628930695974
5395,pop25,1,0.0002665519714355469,0.0
5395,pop27,1,0.0004923343658447266,0.0
5395,pop14,1,0.0003387928009033203,0.0
5395,pop24,1,0.00030303001403808594,0.0
5396,pop6,2,0.05325579643249512,0.052611589431762695
5396,pop1,1,0.0006518363952636719,0.0
5396,pop53,1,0.000888824462890625,0.0
5396,pop50,4,0.0006752610206604004,0.00022210353464266429
5396,pop17,5,0.022396326065063477,0.043676072801831
5396,pop44,2,0.026467204093933105,0.026166081428527832
5397,pop32,4,0.05700218677520752,0.056397869274351364
5397,pop33,1,0.0005295276641845703,0.0
5397,pop37,2,0.0005123615264892578,0.00023055076599121094
5397,pop52,1,0.0004341602325439453,0.0
5397,pop53,1,0.00039958953857421875,0.0
5397,pop47,1,0.00024271011352539062,0.0
5398,pop38,5,0.02163209915161133,0.04199145459298602
5398,pop18,1,0.00040721893310546875,0.0
5398,pop19,1,0.0003497600555419922,0.0
5398,pop51,1,0.0003666877746582031,0.0
5398,pop53,1,0.0006868839263916016,0.0
5398,pop1,1,0.000591278076171875,0.0
5398,pop15,1,0.0005950927734375,0.0
5399,pop42,2,0.04732620716094971,0.04669487476348877
5399,pop43,1,0.0004956722259521484,0.0
5399,pop40,1,0.09622716903686523,0.0
5399,pop41,1,0.0005540847778320312,0.0
5399,pop53,1,0.0007617473602294922,0.0
5399,pop54,4,0.0004987120628356934,0.0002295087740900389
5399,pop52,1,0.0006041526794433594,0.0
5399,pop34,1,0.00025010108947753906,0.0
5399,pop35,1,0.00022554397583007812,0.0
5400,pop9,5,0.018509721755981444,0.03586774726221485
5400,pop51,1,0.0005297660827636719,0.0
5400,pop53,1,0.00037026405334472656,0.0
5400,pop1,1,0.0005538463592529297,0.0
5400,pop6,1,0.0004391670227050781,0.0
5401,pop47,5,0.016308403015136717,0.0313964042964371
5401,pop53,1,0.0003802776336669922,0.0
5401,pop52,1,0.0005643367767333984,0.0
5401,pop34,1,0.0005850791931152344,0.0
5401,pop35,1,0.00023603439331054688,0.0
5402,pop41,2,0.04786241054534912,0.047170281410217285
5402,pop53,2,0.0008095502853393555,0.00012218952178955078
5402,pop52,2,0.00067138671875,4.1484832763671875e-05
5402,pop12,4,0.00039631128311157227,8.92872605036187e-05
5402,pop1,1,0.0005710124969482422,0.0
5402,pop15,1,0.0003948211669921875,0.0
5403,pop46,2,0.0508652925491333,0.05020010471343994
5403,pop20,1,0.10303688049316406,0.0
5403,pop19,1,0.0007710456848144531,0.0
5403,pop51,1,0.0011680126190185547,0.0
5403,pop53,1,0.0008008480072021484,0.0
5403,pop50,2,0.0005642175674438477,3.6835670471191406e-05
5403,pop17,4,0.0006097555160522461,0.00028731083427143913
5403,pop25,1,0.0002808570861816406,0.0
5403,pop27,1,0.0004336833953857422,0.0
5403,pop14,1,0.00036716461181640625,0.0
5403,pop35,1,0.0002474784851074219,0.0
5404,pop14,4,0.02734309434890747,0.04640237326658892
5404,pop50,3,0.0009870529174804688,6.226423414083584e-05
5404,pop16,1,0.0005228519439697266,0.0
5404,pop23,2,0.054253458976745605,0.05364549160003662
5404,pop24,5,0.035907554626464847,0.047229448713782575
5404,pop17,2,0.05588722229003906,0.05524778366088867
5405,pop57,2,0.05530071258544922,0.054663896560668945
5405,pop56,1,0.0005364418029785156,0.0
5405,pop2,3,0.0004283587137858073,6.726456273191503e-05
5405,pop49,1,0.00026488304138183594,0.0
5405,pop48,1,0.00042366981506347656,0.0
5405,pop52,1,0.0003199577331542969,0.0
5405,pop55,1,0.0004987716674804688,0.0
5406,pop45,2,0.05080056190490723,0.05016183853149414
5406,pop46,1,0.0005011558532714844,0.0
5406,pop20,1,0.1032721996307373,0.0
5406,pop19,1,0.0006585121154785156,0.0
5406,pop18,1,0.0005288124084472656,0.0
5406,pop38,1,0.056111812591552734,0.0
5406,pop39,1,0.0002803802490234375,0.0
5406,pop44,3,0.0004928112030029297,4.27645222959697e-05
5406,pop50,1,0.00049591064453125,0.0
5406,pop35,1,0.0002727508544921875,0.0
5407,pop21,3,0.07612490653991699,0.05336850586430772
5407,pop23,1,0.10789108276367188,0.0
5407,pop24,2,0.0006302595138549805,5.233287811279297e-05
5407,pop14,1,0.0003230571746826172,0.0
5407,pop50,1,0.0004799365997314453,0.0
5407,pop44,1,0.0003154277801513672,0.0
5408,pop6,2,0.05271029472351074,0.05205965042114258
5408,pop1,1,0.0005605220794677734,0.0
5408,pop53,2,0.04803800582885742,0.04768013954162598
5408,pop41,1,0.0005474090576171875,0.0
5408,pop40,1,0.09562945365905762,0.0
5408,pop43,1,0.00027942657470703125,0.0
5408,pop51,3,0.0006648699442545573,0.0001646731349997457
5408,pop4,3,0.03303138415018717,0.04630747303048059
5408,pop10,1,0.09601855278015137,0.0
5408,pop19,2,0.00044548511505126953,6.496906280517578e-05
5408,pop20,3,0.00035190582275390625,4.639595328294971e-05
5408,pop46,1,0.00026297569274902344,0.0
5408,pop45,1,0.0002734661102294922,0.0
5408,pop44,1,0.000316619873046875,0.0
5408,pop50,1,0.000354766845703125,0.0
5408,pop7,1,0.00022172927856445312,0.0
5409,pop52,3,0.03177380561828613,0.04414574031737986
5409,pop12,4,0.00046372413635253906,4.1654052571122936e-05
5409,pop53,1,0.0008661746978759766,0.0
5409,pop50,1,0.0008373260498046875,0.0
5409,pop16,1,0.0004749298095703125,0.0
5410,pop53,3,0.06286072731018066,0.04386273592080558
5410,pop52,2,0.0006597042083740234,6.318092346191406e-05
5410,pop34,1,0.0002644062042236328,0.0
5410,pop35,1,0.0003635883331298828,0.0
5411,pop48,3,0.035035292307535805,0.04884024175043886
5411,pop56,4,0.0005088448524475098,1.942517110707342e-05
5411,pop52,1,0.00029206275939941406,0.0
5411,pop34,1,0.00045800209045410156,0.0
5411,pop35,1,0.0004134178161621094,0.0
5412,pop36,2,0.04430031776428223,0.04367995262145996
5412,pop51,3,0.0007021427154541016,8.844204597226563e-05
5412,pop19,3,0.0005396207173665365,0.00029135506931075053
5412,pop18,2,0.0004156827926635742,0.00010001659393310547
5412,pop38,1,0.058077096939086914,0.0
5412,pop46,1,0.0002689361572265625,0.0
5412,pop20,1,0.05602526664733887,0.0
5413,pop30,2,0.043654441833496094,0.04300522804260254
5413,pop48,4,0.02687382698059082,0.045882800851031004
5413,pop56,1,0.05684494972229004,0.0
5413,pop49,2,0.0004988908767700195,1.9431114196777344e-05
5413,pop2,1,0.11405324935913086,0.0
5413,pop52,2,0.00031816959381103516,6.794929504394531e-06
5413,pop12,3,0.0003101030985514323,3.599532783253324e-05
5413,pop34,1,0.0002651214599609375,0.0
5413,pop35,1,0.0003292560577392578,0.0
5414,pop32,5,0.022728824615478517,0.04419465770576336
5414,pop33,1,0.00031065940856933594,0.0
5414,pop50,1,0.0004868507385253906,0.0
5414,pop16,1,0.00026917457580566406,0.0
5415,pop38,3,0.07174269358317058,0.05026562144711582
5415,pop18,1,0.0005304813385009766,0.0
5415,pop19,2,0.000531315803527832,0.00016796588897705078
5415,pop20,1,0.05336117744445801,0.0
5415,pop51,2,0.0004597902297973633,8.463859558105469e-06
5415,pop22,3,0.0003707408905029297,9.353972467122583e-05
5415,pop10,1,0.00026679039001464844,0.0
5416,pop46,2,0.050351619720458984,0.0496821403503418
5416,pop20,2,0.0513378381729126,0.050817131996154785
5416,pop19,1,0.0006535053253173828,0.0
5416,pop51,2,0.0007650852203369141,7.700920104980469e-05
5416,pop10,3,0.00041596094767252606,0.00017003466741838318
5416,pop53,1,0.0008816719055175781,0.0
5416,pop7,1,0.000370025634765625,0.0
5417,pop21,3,0.07513864835103352,0.05268061383821362
5417,pop23,3,0.03699866930643717,0.05154396637058901
5417,pop24,3,0.07908797264099121,0.055533726763180004
5417,pop16,1,0.0002799034118652344,0.0
5417,pop50,3,0.00039323170979817707,1.846508754915569e-05
5417,pop14,3,0.0373991330464681,0.0520805436767265
5417,pop17,2,0.0003845691680908203,1.6450881958007812e-05
5417,pop55,1,0.00029587745666503906,0.0
5418,pop6,5,0.021140003204345705,0.041150331826812485
5418,pop1,1,0.00032258033752441406,0.0
5418,pop53,1,0.00039196014404296875,0.0
5418,pop51,1,0.0004324913024902344,0.0
5418,pop19,1,0.0006806850433349609,0.0
5418,pop20,1,0.0004506111145019531,0.0
5419,pop27,2,0.05730485916137695,0.05663585662841797
5419,pop25,1,0.0005483627319335938,0.0
5419,pop17,1,0.0008289813995361328,0.0
5419,pop31,1,0.0002624988555908203,0.0
5419,pop30,1,0.0002605915069580078,0.0
5419,pop48,1,0.0002608299255371094,0.0
5419,pop52,2,0.00031888484954833984,1.0848045349121094e-05
5419,pop55,3,0.00033013025919596356,6.85212765711197e-05
5419,pop34,1,0.0002491474151611328,0.0
5419,pop35,1,0.00022721290588378906,0.0
5420,pop33,3,0.03478344281514486,0.048195879785220795
5420,pop32,1,0.11200976371765137,0.0
5420,pop50,2,0.0005372762680053711,0.0001863241195678711
5420,pop17,3,0.0005558331807454427,6.640441333952589e-05
5420,pop14,1,0.0006272792816162109,0.0
5420,pop24,1,0.0005140304565429688,0.0
5421,pop16,3,0.03252371152242025,0.04532713263035192
5421,pop23,2,0.05544018745422363,0.05512547492980957
5421,pop21,4,0.0005362033843994141,2.9277956834809784e-05
5421,pop50,1,0.0011372566223144531,0.0
5421,pop51,1,0.0007889270782470703,0.0
5421,pop53,1,0.0008275508880615234,0.0
5421,pop1,1,0.00033020973205566406,0.0
5421,pop6,1,0.00025391578674316406,0.0
5422,pop37,5,0.016717910766601562,0.0323750119616875
5422,pop33,1,0.0006873607635498047,0.0
5422,pop50,1,0.0009431838989257812,0.0
5422,pop51,1,0.00041103363037109375,0.0
5422,pop19,1,0.0003426074981689453,0.0
5422,pop18,1,0.0002818107604980469,0.0
5423,pop40,2,0.04561209678649902,0.04495072364807129
5423,pop41,1,0.0006780624389648438,0.0
5423,pop53,2,0.0007034540176391602,3.635883331298828e-05
5423,pop54,1,0.09142136573791504,0.0
5423,pop52,4,0.0005565285682678223,0.00021704390367532664
5423,pop50,1,0.0007607936859130859,0.0
5423,pop44,1,0.0005509853363037109,0.0
5424,pop50,2,0.049914002418518066,0.0489119291305542
5424,pop55,1,0.08354592323303223,0.0
5424,pop52,3,0.0006556510925292969,6.432884961715718e-06
5424,pop53,1,0.0004055500030517578,0.0
5424,pop47,1,0.0004279613494873047,0.0
5425,pop24,4,0.029648125171661377,0.05026935188619411
5425,pop14,1,0.0005652904510498047,0.0
5425,pop50,1,0.0004944801330566406,0.0
5425,pop51,1,0.0005588531494140625,0.0
5426,pop14,3,0.03632418314615885,0.05063579455374145
5426,pop24,4,0.0005339384078979492,9.847214075089143e-05
5426,pop23,1,0.1074223518371582,0.0
5426,pop50,1,0.0006115436553955078,0.0
5426,pop55,1,0.0004742145538330078,0.0
5426,pop52,1,0.0008027553558349609,0.0
5426,pop51,1,0.00031566619873046875,0.0
5427,pop21,3,0.07474875450134277,0.052374129723013876
5427,pop23,5,0.04370617866516113,0.05286936613035709
5427,pop16,2,0.000423431396484375,0.0001533031463623047
5427,pop50,2,0.00044465065002441406,8.368492126464844e-05
5427,pop14,2,0.0003829002380371094,7.319450378417969e-05
5427,pop24,5,0.012648916244506836,0.0245044211911046
5427,pop55,1,0.00028777122497558594,0.0
5428,pop6,3,0.07044641176859538,0.049364166777984206
5428,pop1,1,0.0007207393646240234,0.0
5428,pop53,1,0.0007855892181396484,0.0
5428,pop52,1,0.050306081771850586,0.0
5428,pop37,3,0.0005425612131754557,9.177646134066781e-05
5428,pop33,1,0.0002853870391845703,0.0
5428,pop50,1,0.0004942417144775391,0.0
5428,pop14,1,0.0003337860107421875,0.0
5428,pop24,1,0.0002903938293457031,0.0
5429,pop55,3,0.056407769521077476,0.039422408999774346
5429,pop52,2,0.0007135868072509766,7.43865966796875e-05
5429,pop34,1,0.00026679039001464844,0.0
5429,pop35,1,0.00024127960205078125,0.0
5430,pop4,4,0.024251282215118408,0.04088061515380923
5430,pop51,1,0.0008900165557861328,0.0
5430,pop53,1,0.0003783702850341797,0.0
5430,pop1,1,0.00032901763916015625,0.0
5430,pop6,1,0.0002493858337402344,0.0
5431,pop39,2,0.04904615879058838,0.04839146137237549
5431,pop44,2,0.027376770973205566,0.02677333354949951
5431,pop50,4,0.0004546046257019043,5.6961929640992576e-05
5431,pop17,2,0.05841708183288574,0.0009291172027587891
5431,pop25,1,0.0003123283386230469,0.0
5431,pop27,1,0.0005080699920654297,0.0
5431,pop14,2,0.029967427253723145,0.029619336128234863
5431,pop24,3,0.00031956036885579425,6.590978977398979e-05
5431,pop53,1,0.000385284423828125,0.0
5431,pop1,1,0.0003161430358886719,0.0
5431,pop6,1,0.00024580955505371094,0.0
5432,pop23,6,0.046100894610087075,0.04843881454912744
5432,pop24,4,0.06018882989883423,0.04135346185626222
5432,pop14,1,0.05707192420959473,0.0
5432,pop21,2,0.0006589889526367188,0.0001537799835205078
5432,pop16,1,0.00027823448181152344,0.0
5432,pop50,1,0.00037550926208496094,0.0
5432,pop53,1,0.0003750324249267578,0.0
5432,pop52,1,0.00032711029052734375,0.0
5433,pop53,3,0.031197150548299152,0.043218669839802604
5433,pop54,2,0.04512310028076172,0.044654130935668945
5433,pop52,2,0.00035071372985839844,2.86102294921875e-06
5433,pop48,3,0.018520355224609375,0.025788476785953456
5433,pop49,2,0.05408942699432373,0.05380260944366455
5433,pop2,2,0.0005489587783813477,9.071826934814453e-05
5433,pop51,1,0.00057220458984375,0.0
5434,pop36,2,0.04489398002624512,0.04423022270202637
5434,pop51,4,0.0006281733512878418,0.0001933254486335901
5434,pop4,4,0.013267159461975098,0.022065395234276943
5434,pop10,2,0.04776585102081299,0.04747045040130615
5434,pop50,1,0.00045680999755859375,0.0
5434,pop44,1,0.00036787986755371094,0.0
5435,pop16,3,0.03362870216369629,0.04686827730110565
5435,pop23,4,0.0005342364311218262,6.627958776683815e-05
5435,pop50,1,0.00041794776916503906,0.0
5435,pop53,1,0.00034809112548828125,0.0
5435,pop1,1,0.0005855560302734375,0.0
5435,pop15,1,0.00043392181396484375,0.0
5436,pop37,4,0.0212671160697937,0.03572115665962452
5436,pop52,1,0.0003161430358886719,0.0
5436,pop53,1,0.0006816387176513672,0.0
5436,pop47,1,0.00024628639221191406,0.0
5437,pop40,2,0.04564082622528076,0.04496657848358154
5437,pop41,1,0.00048661231994628906,0.0
5437,pop53,2,0.0008873939514160156,7.677078247070312e-05
5437,pop54,2,0.0005753040313720703,2.384185791015625e-07
5437,pop52,4,0.0005620718002319336,0.00038541366234900017
5437,pop47,1,0.0002703666687011719,0.0
5438,pop21,3,0.0581514835357666,0.04613589805675197
5438,pop23,3,0.036106268564860024,0.050618421702923626
5438,pop24,6,0.010650197664896647,0.022733713020727058
5438,pop14,2,0.0552058219909668,0.054874420166015625
5438,pop50,1,0.00038433074951171875,0.0
5438,pop53,1,0.0003476142883300781,0.0
5438,pop7,1,0.00022721290588378906,0.0
5439,pop8,2,0.04542076587677002,0.04478657245635986
5439,pop51,3,0.0005497137705485026,0.00025117253663353814
5439,pop43,1,0.0005156993865966797,0.0
5439,pop40,1,0.09327411651611328,0.0
5439,pop41,1,0.00044035911560058594,0.0
5439,pop53,1,0.0006291866302490234,0.0
5439,pop50,3,0.0004582405090332031,7.862344440361109e-05
5439,pop44,1,0.10187792778015137,0.0
5439,pop45,1,0.0005075931549072266,0.0
5439,pop46,1,0.000667572021484375,0.0
5439,pop20,1,0.0002837181091308594,0.0
5439,pop19,1,0.0004830360412597656,0.0
5439,pop55,1,0.0475461483001709,0.0
5439,pop52,1,0.00031566619873046875,0.0
5439,pop37,4,0.0003218650817871094,5.636015515735219e-05
5439,pop33,1,0.0003104209899902344,0.0
5439,pop16,1,0.0002772808074951172,0.0
5440,pop56,4,0.05393993854522705,0.053497934298498945
5440,pop2,1,0.00048804283142089844,0.0
5440,pop49,1,0.10755395889282227,0.0
5440,pop48,1,0.00037479400634765625,0.0
5440,pop55,1,0.08811759948730469,0.0
5440,pop52,2,0.026092052459716797,0.025784969329833984
5440,pop12,2,0.0003743171691894531,1.6689300537109375e-05
5440,pop53,1,0.000362396240234375,0.0
5440,pop50,1,0.00040793418884277344,0.0
5440,pop44,1,0.0002949237823486328,0.0
5441,pop9,4,0.02303183078765869,0.0388773092720466
5441,pop51,1,0.0003724098205566406,0.0
5441,pop19,1,0.00035309791564941406,0.0
5441,pop18,1,0.0005002021789550781,0.0
5442,pop6,2,0.054239749908447266,0.05359315872192383
5442,pop1,1,0.0006253719329833984,0.0
5442,pop53,1,0.0007264614105224609,0.0
5442,pop54,3,0.00039386749267578125,8.729007465566015e-05
5442,pop52,1,0.00040435791015625,0.0
5442,pop55,1,0.00047326087951660156,0.0
5443,pop53,3,0.03272883097330729,0.04534095495391441
5443,pop54,3,0.0005714098612467448,0.00010746488060644906
5443,pop50,1,0.0003726482391357422,0.0
5443,pop14,1,0.00035119056701660156,0.0
5443,pop24,1,0.0004916191101074219,0.0
5444,pop21,2,0.056008100509643555,0.05536389350891113
5444,pop23,1,0.10671186447143555,0.0
5444,pop24,4,0.000532984733581543,0.0001715040562213612
5444,pop14,1,0.0003402233123779297,0.0
5444,pop50,1,0.0007350444793701172,0.0
5444,pop51,1,0.0007429122924804688,0.0
5445,pop18,2,0.05269753932952881,0.05204212665557861
5445,pop19,1,0.0006415843963623047,0.0
5445,pop51,2,0.0006437301635742188,0.00024247169494628906
5445,pop22,3,0.0004905859629313151,0.0001628772169355194
5445,pop53,1,0.0004208087921142578,0.0
5445,pop1,1,0.00034356117248535156,0.0
5445,pop6,1,0.0002598762512207031,0.0
5446,pop10,2,0.0468902587890625,0.04623293876647949
5446,pop51,1,0.0006511211395263672,0.0
5446,pop22,4,0.0005034804344177246,0.0002493319429823056
5446,pop21,1,0.00027561187744140625,0.0
5446,pop23,3,0.0002868970235188802,2.5838336606383184e-05
5446,pop16,2,0.0002982616424560547,5.4836273193359375e-05
5446,pop24,2,0.00027358531951904297,1.4901161193847656e-05
5446,pop14,1,0.0005967617034912109,0.0
5446,pop50,1,0.00035381317138671875,0.0
5446,pop55,1,0.0002636909484863281,0.0
5447,pop28,2,0.04360663890838623,0.04298198223114014
5447,pop51,2,0.0004190206527709961,3.1113624572753906e-05
5447,pop22,3,0.0005046526590983073,0.00011472374573253065
5447,pop47,1,0.00023245811462402344,0.0
5448,pop57,2,0.05591404438018799,0.055292725563049316
5448,pop56,3,0.019719998041788738,0.027122787508863683
5448,pop48,2,0.027287721633911133,0.02673649787902832
5448,pop49,2,0.0005824565887451172,9.799003601074219e-05
5448,pop52,1,0.0006229877471923828,0.0
5448,pop53,1,0.0003705024719238281,0.0
5448,pop1,1,0.0004527568817138672,0.0
5448,pop6,1,0.00037407875061035156,0.0
5449,pop45,2,0.05200314521789551,0.05136537551879883
5449,pop46,1,0.0005540847778320312,0.0
5449,pop20,3,0.0005046526590983073,0.00013703854347948562
5449,pop19,1,0.00033664703369140625,0.0
5449,pop51,1,0.0007688999176025391,0.0
5450,pop4,2,0.048606276512145996,0.04793083667755127
5450,pop51,1,0.0009992122650146484,0.0
5450,pop50,2,0.0009986162185668945,0.00045049190521240234
5450,pop44,1,0.0005648136138916016,0.0
5450,pop27,1,0.00030422210693359375,0.0
5450,pop25,1,0.0005724430084228516,0.0
5450,pop17,2,0.029520750045776367,0.028840303421020508
5450,pop33,2,0.00036835670471191406,8.296966552734375e-05
5450,pop32,2,0.031248807907104492,0.03089118003845215
5450,pop37,2,0.0003056526184082031,5.1975250244140625e-05
5450,pop52,1,0.0002894401550292969,0.0
5450,pop34,1,0.0002377033233642578,0.0
5450,pop35,1,0.00024271011352539062,0.0
5451,pop39,2,0.04871165752410889,0.048026442527770996
5451,pop44,2,0.00028002262115478516,2.9802322387695312e-06
5451,pop50,2,0.0005601644515991211,0.00013458728790283203
5451,pop27,1,0.0005435943603515625,0.0
5451,pop25,1,0.00028133392333984375,0.0
5451,pop17,3,0.02013055483500163,0.027950330674745012
5451,pop14,1,0.00033473968505859375,0.0
5451,pop24,2,0.00032842159271240234,2.014636993408203e-05
5451,pop23,1,0.00030303001403808594,0.0
5451,pop16,1,0.000286102294921875,0.0
5452,pop23,2,0.054718852043151855,0.05400717258453369
5452,pop21,1,0.11337876319885254,0.0
5452,pop22,4,0.0004436969757080078,0.00017377402731849016
5452,pop51,1,0.0003654956817626953,0.0
5452,pop10,1,0.0002872943878173828,0.0
5453,pop16,2,0.04943680763244629,0.04876399040222168
5453,pop23,1,0.0006573200225830078,0.0
5453,pop21,2,0.05809354782104492,0.057596683502197266
5453,pop22,2,0.0005257129669189453,0.0002486705780029297
5453,pop51,1,0.0004303455352783203,0.0
5453,pop50,1,0.0005068778991699219,0.0
5453,pop35,1,0.00022149085998535156,0.0
5454,pop37,5,0.016824769973754882,0.03261440511090116
5454,pop52,1,0.0006589889526367188,0.0
5454,pop53,1,0.0007865428924560547,0.0
5454,pop1,1,0.0005414485931396484,0.0
5454,pop15,1,0.00021767616271972656,0.0
5455,pop8,2,0.046781063079833984,0.04613089561462402
5455,pop51,2,0.0006122589111328125,0.0001811981201171875
5455,pop22,4,0.00039374828338623047,0.0001379228812635633
5455,pop10,1,0.0002894401550292969,0.0
5456,pop21,4,0.02897965908050537,0.049132859757105456
5456,pop23,1,0.00038361549377441406,0.0
5456,pop16,1,0.0002830028533935547,0.0
5456,pop50,1,0.0004985332489013672,0.0
5456,pop51,1,0.0007646083831787109,0.0
5457,pop22,5,0.0181520938873291,0.03526107017577809
5457,pop51,1,0.0006241798400878906,0.0
5457,pop47,1,0.00024437904357910156,0.0
5458,pop32,4,0.028785526752471924,0.048720633815583725
5458,pop33,1,0.0005459785461425781,0.0
5458,pop50,1,0.0005331039428710938,0.0
5458,pop51,1,0.0004794597625732422,0.0
5458,pop19,1,0.00047397613525390625,0.0
5458,pop18,1,0.0005068778991699219,0.0
5459,pop46,2,0.05048727989196777,0.04980945587158203
5459,pop45,1,0.0005648136138916016,0.0
5459,pop44,4,0.00040793418884277344,0.00010767166226520498
5459,pop50,1,0.0008349418640136719,0.0
5459,pop53,1,0.0008921623229980469,0.0
5459,pop47,1,0.0002541542053222656,0.0
5460,pop18,2,0.05247163772583008,0.05181479454040527
5460,pop19,1,0.0006525516510009766,0.0
5460,pop51,1,0.0008897781372070312,0.0
5460,pop50,2,0.0009546279907226562,7.796287536621094e-05
5460,pop17,4,0.00044614076614379883,0.00022449697586099737
5460,pop55,1,0.00048422813415527344,0.0
5461,pop4,2,0.047824859619140625,0.0471498966217041
5461,pop51,1,0.0007712841033935547,0.0
5461,pop50,3,0.0007165273030598959,0.00041366827382632003
5461,pop14,2,0.0004924535751342773,0.00010645389556884766
5461,pop27,1,0.0006177425384521484,0.0
5461,pop24,1,0.0003330707550048828,0.0
5461,pop23,1,0.00032401084899902344,0.0
5461,pop16,1,0.0003058910369873047,0.0
5461,pop17,4,0.00039505958557128906,4.6016329902474724e-05
5461,pop44,1,0.0004100799560546875,0.0
5462,pop27,4,0.02931588888168335,0.04987792241963195
5462,pop25,1,0.0002880096435546875,0.0
5462,pop17,1,0.00036025047302246094,0.0
5462,pop50,1,0.0008363723754882812,0.0
5462,pop16,1,0.0004687309265136719,0.0
5463,pop33,3,0.03539252281188965,0.04924986724608937
5463,pop32,3,0.0006606578826904297,0.00014342537250382992
5463,pop50,1,0.0003707408905029297,0.0
5463,pop53,1,0.00040841102600097656,0.0
5463,pop47,1,0.00043463706970214844,0.0
5464,pop50,3,0.033085266749064125,0.045828404300964916
5464,pop17,3,0.0192261536916097,0.02618834509250209
5464,pop53,1,0.04936957359313965,0.0
5464,pop1,1,0.00033473968505859375,0.0
5464,pop6,2,0.0004926919937133789,2.0265579223632812e-06
5465,pop24,5,0.02331404685974121,0.045534755153276624
5465,pop14,1,0.0003159046173095703,0.0
5465,pop50,1,0.0005421638488769531,0.0
5465,pop35,1,0.0003955364227294922,0.0
5466,pop14,4,0.027632176876068115,0.046576463905830874
5466,pop24,4,0.015403807163238525,0.025747332757181645
5466,pop23,2,0.00027370452880859375,8.58306884765625e-06
5466,pop21,1,0.0610349178314209,0.0
5466,pop50,1,0.0009257793426513672,0.0
5466,pop53,1,0.00036215782165527344,0.0
5466,pop1,1,0.0003490447998046875,0.0
5466,pop6,1,0.0002465248107910156,0.0
5467,pop16,3,0.034074862798055015,0.0473809705546061
5467,pop23,2,0.0005609989166259766,1.0967254638671875e-05
5467,pop24,5,0.023649311065673827,0.046164727550244866
5467,pop14,1,0.11165976524353027,0.0
5467,pop50,1,0.0004093647003173828,0.0
5467,pop53,1,0.00043845176696777344,0.0
5467,pop47,1,0.0002605915069580078,0.0
5468,pop8,2,0.04450380802154541,0.043816208839416504
5468,pop51,1,0.0007915496826171875,0.0
5468,pop50,2,0.0007994174957275391,0.0004291534423828125
5468,pop14,3,0.00028053919474283856,7.984550846485398e-06
5468,pop27,2,0.00043404102325439453,0.00017726421356201172
5468,pop17,1,0.06000518798828125,0.0
5468,pop25,1,0.00027632713317871094,0.0
5468,pop24,4,0.0002994537353515625,1.061297481730222e-05
5468,pop23,1,0.0003235340118408203,0.0
5468,pop16,1,0.0003871917724609375,0.0
5469,pop21,4,0.02893054485321045,0.048953742156944674
5469,pop23,1,0.0006613731384277344,0.0
5469,pop16,1,0.0002846717834472656,0.0
5469,pop50,1,0.0004258155822753906,0.0
5469,pop51,1,0.00036334991455078125,0.0
5469,pop10,1,0.0006659030914306641,0.0
5470,pop32,5,0.0230771541595459,0.04509283977817517
5470,pop33,1,0.0003218650817871094,0.0
5470,pop50,1,0.0004589557647705078,0.0
5470,pop53,1,0.0007030963897705078,0.0
5470,pop7,1,0.00042557716369628906,0.0
5471,pop46,2,0.05012381076812744,0.04944884777069092
5471,pop45,1,0.0005848407745361328,0.0
5471,pop44,5,0.031888914108276364,0.025705365872715994
5471,pop50,6,0.0006199280420939127,0.000294823618507304
5471,pop17,3,0.056380112965901695,0.04505744369166501
5471,pop33,2,0.00029158592224121094,2.09808349609375e-05
5471,pop32,2,0.00033020973205566406,8.082389831542969e-05
5472,pop18,3,0.0361940860748291,0.05053173505241398
5472,pop38,3,0.0004525184631347656,0.00010225590989385643
5472,pop19,1,0.0006160736083984375,0.0
5472,pop20,1,0.0004894733428955078,0.0
5473,pop4,2,0.04790973663330078,0.04725170135498047
5473,pop51,1,0.0006382465362548828,0.0
5473,pop50,3,0.0006023248036702474,0.00031692698325488846
5473,pop14,2,0.0003266334533691406,5.078315734863281e-05
5473,pop27,1,0.0005729198455810547,0.0
5473,pop24,1,0.00032806396484375,0.0
5473,pop23,1,0.0004227161407470703,0.0
5473,pop16,1,0.0002887248992919922,0.0
5473,pop17,3,0.0003387133280436198,4.409318699482708e-05
5473,pop55,1,0.0002701282501220703,0.0
5474,pop44,3,0.06774592399597168,0.047404590272068205
5474,pop50,3,0.0007013479868570963,0.0004464819915816229
5474,pop14,3,0.00043392181396484375,0.00012130110002688651
5474,pop27,1,0.0006992816925048828,0.0
5474,pop17,2,0.03011763095855713,0.029775023460388184
5474,pop24,2,0.0002993345260620117,1.4185905456542969e-05
5474,pop23,1,0.0002677440643310547,0.0
5474,pop16,1,0.00027680397033691406,0.0
5475,pop36,2,0.04478096961975098,0.044158220291137695
5475,pop51,1,0.0004782676696777344,0.0
5475,pop43,1,0.00029206275939941406,0.0
5475,pop40,3,0.000545501708984375,0.0001653890740006252
5475,pop41,1,0.0002868175506591797,0.0
5475,pop53,1,0.0004074573516845703,0.0
5475,pop7,1,0.0002243518829345703,0.0
5476,pop22,5,0.01862335205078125,0.03625924631420331
5476,pop21,1,0.0005085468292236328,0.0
5476,pop23,1,0.0007357597351074219,0.0
5476,pop16,1,0.0002696514129638672,0.0
5476,pop50,1,0.0003952980041503906,0.0
5476,pop51,1,0.0003561973571777344,0.0
5477,pop46,2,0.050684571266174316,0.05006229877471924
5477,pop45,1,0.0006015300750732422,0.0
5477,pop44,1,0.0005273818969726562,0.0
5477,pop50,2,0.0005248785018920898,2.3245811462402344e-05
5477,pop17,1,0.056442975997924805,0.0
5477,pop53,1,0.049735307693481445,0.0
5477,pop54,1,0.09179329872131348,0.0
5477,pop52,2,0.00042939186096191406,0.00015282630920410156
5477,pop48,4,0.0003578066825866699,9.226804786872535e-05
5478,pop4,2,0.04762768745422363,0.0469515323638916
5478,pop51,1,0.0008335113525390625,0.0
5478,pop43,1,0.0005273818969726562,0.0
5478,pop40,3,0.0003643035888671875,4.7902954274091194e-05
5478,pop41,1,0.0005173683166503906,0.0
5478,pop53,1,0.000659942626953125,0.0
5478,pop50,1,0.0006842613220214844,0.0
5478,pop55,1,0.0006041526794433594,0.0
5479,pop31,2,0.045868754386901855,0.04521071910858154
5479,pop17,5,0.011694526672363282,0.022612596587100287
5479,pop50,4,0.0005473494529724121,0.0002856785086825765
5479,pop44,2,0.02635014057159424,0.02606666088104248
5479,pop14,1,0.0005719661712646484,0.0
5479,pop27,1,0.0003905296325683594,0.0
5479,pop51,1,0.00036978721618652344,0.0
5479,pop10,1,0.00027632713317871094,0.0
5480,pop42,2,0.04616272449493408,0.04553496837615967
5480,pop43,1,0.0005171298980712891,0.0
5480,pop51,1,0.0007233619689941406,0.0
5480,pop22,4,0.00044733285903930664,9.618902578250009e-05
5480,pop21,1,0.0002789497375488281,0.0
5480,pop23,1,0.0002727508544921875,0.0
5480,pop16,1,0.0002932548522949219,0.0
5480,pop50,1,0.0003726482391357422,0.0
5480,pop53,1,0.0003342628479003906,0.0
5480,pop1,1,0.00031256675720214844,0.0
5480,pop15,1,0.0002446174621582031,0.0
5481,pop47,4,0.02121645212173462,0.03587541151516831
5481,pop53,1,0.0008296966552734375,0.0
5481,pop50,1,0.0008196830749511719,0.0
5481,pop44,1,0.0005879402160644531,0.0
5482,pop41,2,0.04882407188415527,0.04815077781677246
5482,pop53,2,0.0008927583694458008,0.0001939535140991211
5482,pop54,1,0.0005457401275634766,0.0
5482,pop52,4,0.0004481673240661621,0.0001898560824742815
5482,pop50,1,0.0003914833068847656,0.0
5482,pop14,1,0.0004904270172119141,0.0
5482,pop24,1,0.0003020763397216797,0.0
5483,pop56,3,0.07297738393147786,0.05115304716510151
5483,pop2,3,0.0002785523732503255,1.4172486673565076e-05
5483,pop49,1,0.000469207763671875,0.0
5483,pop48,1,0.0005013942718505859,0.0
5483,pop52,1,0.0006239414215087891,0.0
5484,pop9,4,0.02358466386795044,0.039966515467888354
5484,pop51,1,0.0008039474487304688,0.0
5484,pop53,1,0.000843048095703125,0.0
5484,pop1,1,0.0007536411285400391,0.0
5484,pop6,1,0.0002655982971191406,0.0
5485,pop53,5,0.0291290283203125,0.03777712182886949
5485,pop50,4,0.0007097721099853516,0.00021118442951394321
5485,pop17,3,0.01989897092183431,0.027167786522694415
5485,pop44,1,0.05259990692138672,0.0
5485,pop1,1,0.0003190040588378906,0.0
5485,pop15,1,0.00024509429931640625,0.0
5486,pop14,4,0.05589795112609863,0.05535118589821387
5486,pop24,6,0.010553717613220215,0.0223536058355413
5486,pop23,2,0.0002818107604980469,2.5510787963867188e-05
5486,pop21,1,0.06057429313659668,0.0
5486,pop50,1,0.00036334991455078125,0.0
5486,pop44,1,0.0003046989440917969,0.0
5487,pop32,5,0.022578954696655273,0.04418970265571397
5487,pop33,1,0.00031876564025878906,0.0
5487,pop50,1,0.0011293888092041016,0.0
5487,pop51,1,0.0007884502410888672,0.0
5487,pop53,1,0.0008215904235839844,0.0
5487,pop1,1,0.00029206275939941406,0.0
5487,pop6,1,0.00024628639221191406,0.0
5488,pop10,4,0.022925138473510742,0.0387652335559955
5488,pop51,1,0.0003299713134765625,0.0
5488,pop53,1,0.0005216598510742188,0.0
5488,pop1,1,0.00032210350036621094,0.0
5488,pop6,1,0.00046181678771972656,0.0
5489,pop45,2,0.05284225940704346,0.05216395854949951
5489,pop44,1,0.0005908012390136719,0.0
5489,pop50,2,0.0009131431579589844,6.866455078125e-05
5489,pop17,4,0.0004729032516479492,0.00017676245564547487
5489,pop53,1,0.0007650852203369141,0.0
5489,pop1,1,0.0005998611450195312,0.0
5489,pop6,1,0.00029659271240234375,0.0
5490,pop44,3,0.03464150428771973,0.04799615945425258
5490,pop50,4,0.0006339550018310547,0.0003983358387480784
5490,pop27,2,0.00036025047302246094,9.036064147949219e-05
5490,pop25,1,0.0006234645843505859,0.0
5490,pop14,2,0.02888643741607666,0.028519272804260254
5490,pop17,1,0.05932784080505371,0.0
5490,pop24,4,0.000420987606048584,0.00011809235585420038
5490,pop23,1,0.00027060508728027344,0.0
5490,pop16,1,0.0003993511199951172,0.0
5490,pop35,1,0.0002346038818359375,0.0
5491,pop36,2,0.044692039489746094,0.044051408767700195
5491,pop51,2,0.0003285408020019531,3.0994415283203125e-06
5491,pop4,1,0.050145864486694336,0.0
5491,pop19,1,0.0007781982421875,0.0
5491,pop20,1,0.1025686264038086,0.0
5491,pop46,1,0.00042724609375,0.0
5491,pop45,1,0.0002503395080566406,0.0
5491,pop44,1,0.054315805435180664,0.0
5491,pop27,2,0.031650662422180176,0.031395554542541504
5491,pop25,2,0.0002592802047729492,1.6570091247558594e-05
5491,pop17,2,0.03019416332244873,0.029894471168518066
5491,pop14,2,0.00033104419708251953,1.609325408935547e-05
5491,pop24,3,0.00034681955973307293,6.316077712886665e-05
5491,pop50,1,0.0004870891571044922,0.0
5491,pop53,1,0.00034999847412109375,0.0
5491,pop1,1,0.0003299713134765625,0.0
5491,pop6,1,0.00029015541076660156,0.0
5492,pop46,2,0.050223708152770996,0.049594998359680176
5492,pop45,1,0.0005235671997070312,0.0
5492,pop44,1,0.05302715301513672,0.0
5492,pop50,2,0.00040721893310546875,9.5367431640625e-06
5492,pop17,4,0.0005531907081604004,0.0002925166852768972
5492,pop25,1,0.0004227161407470703,0.0
5492,pop27,1,0.0002918243408203125,0.0
5492,pop14,1,0.000362396240234375,0.0
5492,pop51,1,0.0004146099090576172,0.0
5492,pop10,1,0.0002772808074951172,0.0
5493,pop47,5,0.017049503326416016,0.03329351996996054
5493,pop51,1,0.0006551742553710938,0.0
5494,pop56,2,0.05564999580383301,0.05497026443481445
5494,pop48,1,0.10840368270874023,0.0
5494,pop52,3,0.00042438507080078125,0.00010992518641219184
5494,pop55,2,0.023479580879211426,0.023226380348205566
5494,pop50,1,0.0004279613494873047,0.0
5494,pop53,1,0.0003783702850341797,0.0
5494,pop12,4,0.0003796815872192383,0.00014534057007874258
5495,pop52,5,0.019808483123779298,0.038544398034778195
5495,pop34,1,0.0004572868347167969,0.0
5495,pop35,1,0.0004258155822753906,0.0
5496,pop48,2,0.05282413959503174,0.05214893817901611
5496,pop52,4,0.00044083595275878906,0.00011534544493214594
5496,pop53,1,0.0006539821624755859,0.0
5496,pop47,1,0.0002429485321044922,0.0
5497,pop30,2,0.044097065925598145,0.04345118999481201
5497,pop31,1,0.00047016143798828125,0.0
5497,pop17,3,0.000552972157796224,0.00015097517537137012
5497,pop50,1,0.0009138584136962891,0.0
5497,pop44,1,0.0003027915954589844,0.0
5498,pop38,2,0.055855631828308105,0.05522620677947998
5498,pop18,1,0.0005314350128173828,0.0
5498,pop19,1,0.0002892017364501953,0.0
5498,pop51,3,0.0004291534423828125,7.255371559764522e-05
5498,pop4,1,0.05156874656677246,0.0
5498,pop9,4,0.00032830238342285156,9.370562960663659e-05
5499,pop31,2,0.046578407287597656,0.04590916633605957
5499,pop30,1,0.0004966259002685547,0.0
5499,pop48,1,0.0002853870391845703,0.0
5499,pop52,4,0.0005557537078857422,5.155991264124522e-05
5499,pop53,1,0.0004086494445800781,0.0
5499,pop50,1,0.0004906654357910156,0.0
5499,pop16,1,0.00026869773864746094,0.0
5500,pop14,3,0.03714704513549805,0.05179024581914438
5500,pop24,4,0.0004297494888305664,0.000131364147729199
5500,pop50,1,0.0008363723754882812,0.0
5500,pop35,1,0.0002231597900390625,0.0
5501,pop32,2,0.055800437927246094,0.0548093318939209
5501,pop50,1,0.0004551410675048828,0.0
5501,pop33,1,0.0003223419189453125,0.0
5501,pop37,3,0.00030883153279622394,4.766954105349158e-05
5501,pop52,1,0.0004429817199707031,0.0
5501,pop53,1,0.000476837158203125,0.0
5501,pop1,1,0.0003314018249511719,0.0
5501,pop6,1,0.0003693103790283203,0.0
5502,pop10,6,0.03191824754079183,0.04449975166042733
5502,pop51,3,0.0006314913431803385,0.00014235889750135598
5502,pop4,1,0.050577640533447266,0.0
5503,pop36,2,0.045359134674072266,0.04469656944274902
5503,pop51,3,0.0007772445678710938,0.0003252148859099711
5503,pop4,1,0.0508275032043457,0.0
5503,pop19,1,0.0008268356323242188,0.0
5503,pop50,3,0.0005834102630615234,0.00023274766381093805
5503,pop44,2,0.02732551097869873,0.027043700218200684
5503,pop33,3,0.00034626324971516925,6.823169665042913e-05
5503,pop32,2,0.031348228454589844,0.031038284301757812
5503,pop37,3,0.0003418922424316406,4.868567320342347e-05
5504,pop56,2,0.05538499355316162,0.05475914478302002
5504,pop48,1,0.0006463527679443359,0.0
5504,pop52,4,0.00048726797103881836,0.00016646247705508115
5504,pop53,1,0.0006778240203857422,0.0
5504,pop51,1,0.0003256797790527344,0.0
5504,pop10,1,0.00028133392333984375,0.0
5505,pop27,2,0.05741584300994873,0.056728243827819824
5505,pop14,2,0.00046074390411376953,0.00010788440704345703
5505,pop24,4,0.0004973411560058594,0.00011718097318725036
5505,pop50,1,0.0003685951232910156,0.0
5505,pop44,1,0.0002655982971191406,0.0
5506,pop50,2,0.049195289611816406,0.04827260971069336
5506,pop55,2,0.022373557090759277,0.021752238273620605
5506,pop52,2,0.0004222393035888672,4.696846008300781e-05
5506,pop48,2,0.0275801420211792,0.02716958522796631
5506,pop49,3,0.0005042552947998047,0.00011469114947263557
5506,pop3,1,0.00025463104248046875,0.0
5506,pop0,1,0.0002346038818359375,0.0
5506,pop1,1,0.0003533363342285156,0.0
5506,pop6,1,0.00023508071899414062,0.0
5507,pop8,2,0.04549753665924072,0.044888854026794434
5507,pop51,2,0.0006911754608154297,0.00011014938354492188
5507,pop4,4,0.00039327144622802734,0.00014931595240723128
5507,pop19,1,0.0006363391876220703,0.0
5507,pop18,1,0.00045752525329589844,0.0
5508,pop21,2,0.05809783935546875,0.05742907524108887
5508,pop23,2,0.0296170711517334,0.029038429260253906
5508,pop16,1,0.0003826618194580078,0.0
5508,pop50,1,0.0003643035888671875,0.0
5508,pop53,3,0.0005725224812825521,0.00012382325517904032
5508,pop7,1,0.00024819374084472656,0.0
5509,pop18,3,0.03678456942240397,0.051325915246013314
5509,pop38,2,0.028796672821044922,0.02825021743774414
5509,pop19,1,0.0003795623779296875,0.0
5509,pop20,1,0.10333728790283203,0.0
5509,pop46,1,0.0005583763122558594,0.0
5509,pop51,2,0.0004329681396484375,3.0517578125e-05
5509,pop10,3,0.00033362706502278644,4.819529343176332e-05
5509,pop53,1,0.0003833770751953125,0.0
5509,pop52,1,0.0003306865692138672,0.0
5510,pop30,2,0.044467806816101074,0.043822407722473145
5510,pop48,3,0.00032019615173339844,2.8612216244697946e-05
5510,pop52,3,0.00031908353169759113,4.673382577256888e-06
5510,pop55,3,0.029321908950805664,0.04092975913081506
5511,pop14,5,0.044182348251342776,0.05340646325749046
5511,pop24,4,0.030343055725097656,0.051742365698237626
5511,pop23,4,0.014680981636047363,0.024656608606838607
5511,pop16,1,0.0002834796905517578,0.0
5511,pop50,1,0.00046324729919433594,0.0
5511,pop51,1,0.0005915164947509766,0.0
5511,pop46,1,0.00025725364685058594,0.0
5511,pop20,1,0.0002655982971191406,0.0
5511,pop19,1,0.0003597736358642578,0.0
5511,pop18,1,0.00025844573974609375,0.0
5512,pop10,2,0.04693317413330078,0.04627561569213867
5512,pop51,2,0.0006924867630004883,5.7578086853027344e-05
5512,pop4,3,0.00034300486246744793,8.208673159305979e-05
5512,pop47,1,0.0002627372741699219,0.0
5513,pop55,5,0.01810488700866699,0.03533009490693836
5513,pop52,1,0.0005490779876708984,0.0
5514,pop40,4,0.03596144914627075,0.038578710764656056
5514,pop41,1,0.0003180503845214844,0.0
5514,pop53,2,0.000820159912109375,7.462501525878906e-05
5514,pop52,1,0.0005831718444824219,0.0
5515,pop4,4,0.03775757551193237,0.04092617052860331
5515,pop51,1,0.0003743171691894531,0.0
5515,pop53,2,0.02468574047088623,0.024169325828552246
5515,pop54,1,0.09145689010620117,0.0
5515,pop52,3,0.0004143714904785156,0.00015384385657765865
5515,pop48,1,0.10819578170776367,0.0
5515,pop13,2,0.00028336048126220703,4.470348358154297e-05
5515,pop7,1,0.0002231597900390625,0.0
5516,pop31,2,0.046327829360961914,0.0456690788269043
5516,pop30,1,0.0005586147308349609,0.0
5516,pop48,4,0.0004763603210449219,0.00011416628289209737
5516,pop52,1,0.0003001689910888672,0.0
5516,pop53,1,0.00044465065002441406,0.0
5516,pop51,1,0.0003275871276855469,0.0
5516,pop19,1,0.0003726482391357422,0.0
5516,pop20,1,0.0002880096435546875,0.0
5517,pop32,5,0.023760318756103516,0.04663424649730038
5517,pop33,1,0.00054931640625,0.0
5517,pop50,1,0.0008993148803710938,0.0
5517,pop16,1,0.00048804283142089844,0.0
5518,pop36,2,0.0448305606842041,0.04419708251953125
5518,pop51,1,0.0004878044128417969,0.0
5518,pop22,4,0.00038242340087890625,8.795076863624925e-05
5518,pop21,1,0.0002665519714355469,0.0
5518,pop23,1,0.0004215240478515625,0.0
5518,pop24,1,0.00027871131896972656,0.0
5519,pop18,2,0.0533214807510376,0.05265200138092041
5519,pop19,1,0.0006792545318603516,0.0
5519,pop51,1,0.0004603862762451172,0.0
5519,pop53,3,0.017098506291707356,0.02363253070025968
5519,pop54,1,0.09004354476928711,0.0
5519,pop52,2,0.0005304813385009766,0.00012350082397460938
5519,pop1,1,0.0003285408020019531,0.0
5519,pop15,1,0.0002346038818359375,0.0
5520,pop6,3,0.054525295893351235,0.04337127613054524
5520,pop1,1,0.00033855438232421875,0.0
5520,pop53,2,0.025134563446044922,0.02479696273803711
5520,pop54,1,0.09183669090270996,0.0
5520,pop52,3,0.00047135353088378906,0.00013023722635080933
5520,pop55,2,0.04487490653991699,0.044629573822021484
5520,pop12,3,0.0002998510996500651,2.0217683079241336e-05
5520,pop50,1,0.00035262107849121094,0.0
5521,pop42,2,0.04688405990600586,0.046240806579589844
5521,pop43,1,0.0005764961242675781,0.0
5521,pop51,4,0.00047343969345092773,0.0001648411792629142
5521,pop4,5,0.010503244400024415,0.020061000209569132
5521,pop10,1,0.050116539001464844,0.0
5521,pop50,1,0.00035262107849121094,0.0
5521,pop44,1,0.00029158592224121094,0.0
5522,pop41,2,0.04876601696014404,0.04806649684906006
5522,pop53,1,0.0007882118225097656,0.0
5522,pop52,3,0.0003432432810465495,2.989109381613591e-05
5523,pop9,5,0.019143342971801758,0.03752077928177293
5523,pop51,2,0.00035762786865234375,1.7642974853515625e-05
5523,pop50,1,0.0007646083831787109,0.0
5523,pop19,1,0.0002779960632324219,0.0
5523,pop20,1,0.00038361549377441406,0.0
5523,pop46,1,0.0002720355987548828,0.0
5523,pop45,1,0.0002720355987548828,0.0
5523,pop44,1,0.0002727508544921875,0.0
5524,pop53,3,0.047336737314860024,0.03767380896009039
5524,pop50,3,0.00039649009704589844,2.195609454234122e-05
5524,pop17,4,0.014664411544799805,0.024784215255312287
5524,pop25,1,0.0002803802490234375,0.0
5524,pop27,1,0.0004930496215820312,0.0
5524,pop44,2,0.02753746509552002,0.027257800102233887
5525,pop14,4,0.042282044887542725,0.04572155405414826
5525,pop24,3,0.00046642621358235675,0.00023049231137428131
5525,pop50,1,0.0008614063262939453,0.0
5525,pop51,1,0.0006973743438720703,0.0
5525,pop10,1,0.000286102294921875,0.0
5526,pop55,3,0.04474353790283203,0.03615863100968184
5526,pop52,2,0.0003088712692260742,2.086162567138672e-05
5526,pop12,3,0.0005197525024414062,0.00018661378221700484
5526,pop53,1,0.00039577484130859375,0.0
5526,pop1,1,0.0003209114074707031,0.0
5526,pop15,1,0.00023055076599121094,0.0
5527,pop40,2,0.04635417461395264,0.04571521282196045
5527,pop43,1,0.00026416778564453125,0.0
5527,pop51,1,0.0005943775177001953,0.0
5527,pop50,4,0.0004570484161376953,4.299904026342997e-05
5527,pop16,2,0.0004258155822753906,0.0001270771026611328
5527,pop23,3,0.000423431396484375,0.00015408998485247168
5527,pop21,2,0.0003991127014160156,0.000110626220703125
5527,pop22,2,0.02443850040435791,0.024171948432922363
5527,pop24,2,0.03173530101776123,0.03147995471954346
5527,pop17,2,0.0309298038482666,0.030567407608032227
5527,pop25,2,0.00028192996978759766,9.655952453613281e-06
5527,pop27,1,0.0643620491027832,0.0
5527,pop53,1,0.0004019737243652344,0.0
5527,pop52,2,0.0003695487976074219,8.249282836914062e-05
5527,pop12,2,0.00030362606048583984,6.473064422607422e-05
5527,pop55,1,0.0002491474151611328,0.0
5527,pop44,1,0.00042247772216796875,0.0
5528,pop4,3,0.06459283828735352,0.04519369274267719
5528,pop51,2,0.0005536079406738281,0.00019812583923339844
5528,pop10,2,0.0003402233123779297,6.008148193359375e-05
5528,pop50,1,0.0009744167327880859,0.0
5528,pop55,1,0.000457763671875,0.0
5529,pop36,2,0.04609847068786621,0.04544973373413086
5529,pop51,4,0.0005090236663818359,0.00014379042097424687
5529,pop4,4,0.02459883689880371,0.04189817754072825
5529,pop10,1,0.09815382957458496,0.0
5529,pop50,1,0.0004191398620605469,0.0
5529,pop16,1,0.0002899169921875,0.0
5530,pop28,2,0.04491698741912842,0.044283270835876465
5530,pop51,7,0.0004497255597795759,0.00014421160993403136
5530,pop4,3,0.05060537656148275,0.0402297797187602
5530,pop10,4,0.037474632263183594,0.040417018728882946
5530,pop53,1,0.05178236961364746,0.0
5530,pop41,1,0.000316619873046875,0.0
5530,pop40,1,0.0487058162689209,0.0
5530,pop43,1,0.0002689361572265625,0.0
5530,pop50,1,0.0003693103790283203,0.0
5530,pop14,1,0.00028133392333984375,0.0
5530,pop24,1,0.0002522468566894531,0.0
5531,pop57,2,0.054964423179626465,0.054345011711120605
5531,pop56,4,0.000418245792388916,0.00019094629601574124
5531,pop48,1,0.0005338191986083984,0.0
5531,pop52,1,0.0006988048553466797,0.0
5531,pop53,1,0.0004892349243164062,0.0
5531,pop1,1,0.0003299713134765625,0.0
5531,pop6,1,0.00026917457580566406,0.0
5532,pop39,2,0.048972129821777344,0.048328399658203125
5532,pop38,3,0.0004609425862630208,5.7014895233242335e-05
5532,pop18,1,0.00048089027404785156,0.0
5532,pop19,1,0.0006277561187744141,0.0
5532,pop51,1,0.0006554126739501953,0.0
5532,pop53,1,0.0005099773406982422,0.0
5532,pop1,1,0.0002999305725097656,0.0
5532,pop6,1,0.0002593994140625,0.0
5533,pop23,4,0.027674973011016846,0.04705770296516796
5533,pop16,1,0.00027871131896972656,0.0
5533,pop50,1,0.0003712177276611328,0.0
5533,pop53,1,0.0006985664367675781,0.0
5533,pop47,1,0.00024580955505371094,0.0
5534,pop37,4,0.020764946937561035,0.035222833760379095
5534,pop52,1,0.0005483627319335938,0.0
5534,pop53,1,0.0003941059112548828,0.0
5534,pop1,1,0.00034546852111816406,0.0
5534,pop15,1,0.00023412704467773438,0.0
5535,pop45,2,0.05334937572479248,0.05268871784210205
5535,pop44,1,0.082611083984375,0.0
5535,pop50,2,0.0004506111145019531,8.440017700195312e-05
5535,pop17,3,0.03751142819722494,0.05248241370859753
5535,pop25,1,0.0005216598510742188,0.0
5535,pop27,1,0.0006430149078369141,0.0
5535,pop14,1,0.0003504753112792969,0.0
5535,pop55,1,0.04736208915710449,0.0
5535,pop52,2,0.00040853023529052734,0.00012600421905517578
5535,pop48,2,0.0003587007522583008,9.238719940185547e-05
5535,pop54,1,0.0002696514129638672,0.0
5535,pop53,1,0.0004093647003173828,0.0
5535,pop47,1,0.0002646446228027344,0.0
5536,pop47,5,0.017094755172729494,0.03342973391182888
5536,pop53,1,0.000392913818359375,0.0
5536,pop1,1,0.00045490264892578125,0.0
5536,pop15,1,0.00022292137145996094,0.0
5537,pop31,2,0.04699420928955078,0.04633760452270508
5537,pop17,3,0.0006050268809000651,0.0002296885813965023
5537,pop50,1,0.0009150505065917969,0.0
5537,pop51,2,0.00037801265716552734,5.602836608886719e-06
5537,pop19,1,0.0005359649658203125,0.0
5537,pop46,1,0.00028252601623535156,0.0
5537,pop20,1,0.00026702880859375,0.0
5538,pop32,5,0.022805452346801758,0.044779980162894355
5538,pop33,1,0.0007190704345703125,0.0
5538,pop50,1,0.0008747577667236328,0.0
5538,pop53,1,0.0008103847503662109,0.0
5538,pop52,1,0.000362396240234375,0.0
5539,pop6,5,0.021885490417480467,0.042900960304511786
5539,pop1,1,0.0005748271942138672,0.0
5539,pop53,1,0.0007488727569580078,0.0
5539,pop51,1,0.0007216930389404297,0.0
5540,pop42,2,0.047957420349121094,0.0473179817199707
5540,pop43,1,0.000278472900390625,0.0
5540,pop51,3,0.0004379749298095703,0.00010976597358630515
5540,pop4,3,0.03249224026997884,0.04554602034098661
5540,pop10,2,0.0005235671997070312,0.00013971328735351562
5540,pop50,1,0.0005145072937011719,0.0
5540,pop16,1,0.00028896331787109375,0.0
5541,pop53,3,0.03164092699686686,0.043798100369742826
5541,pop1,2,0.0004889965057373047,0.00016617774963378906
5541,pop6,4,0.00045669078826904297,0.00014789280497554735
5541,pop50,1,0.0005786418914794922,0.0
5541,pop16,1,0.0004069805145263672,0.0
5541,pop23,1,0.00028705596923828125,0.0
5541,pop24,1,0.00031375885009765625,0.0
5542,pop14,5,0.022003889083862305,0.04297903279569807
5542,pop50,1,0.0007476806640625,0.0
5542,pop44,1,0.0005249977111816406,0.0
5543,pop40,2,0.0471423864364624,0.046460747718811035
5543,pop43,1,0.0003058910369873047,0.0
5543,pop51,3,0.00045688947041829425,8.060131005292319e-05
5543,pop19,2,0.0005857944488525391,0.0002231597900390625
5543,pop20,2,0.05248439311981201,0.05220687389373779
5543,pop53,1,0.05045771598815918,0.0
5543,pop54,1,0.049140214920043945,0.0
5543,pop52,2,0.026635408401489258,0.026320457458496094
5543,pop48,1,0.0575413703918457,0.0
5543,pop37,1,0.04538464546203613,0.0
5543,pop33,2,0.00037419795989990234,7.712841033935547e-05
5543,pop32,2,0.0003567934036254883,3.826618194580078e-05
5543,pop50,1,0.0003948211669921875,0.0
5543,pop10,1,0.00024890899658203125,0.0
5544,pop36,2,0.0456463098526001,0.04500710964202881
5544,pop51,2,0.00038063526153564453,1.2516975402832031e-05
5544,pop4,3,0.0005292097727457682,4.271368637365958e-05
5544,pop10,1,0.0002894401550292969,0.0
5545,pop52,4,0.02481687068939209,0.04206494026951171
5545,pop55,1,0.04387068748474121,0.0
5545,pop48,2,0.02743816375732422,0.02715015411376953
5545,pop49,4,0.000507652759552002,8.930874435918453e-05
5545,pop53,1,0.0005066394805908203,0.0
5545,pop50,1,0.0004749298095703125,0.0
5545,pop16,1,0.0002772808074951172,0.0
5546,pop48,3,0.03505992889404297,0.04876104877420596
5546,pop56,3,0.0004245440165201823,0.00018755631931720944
5546,pop52,1,0.0007982254028320312,0.0
5546,pop53,1,0.00037670135498046875,0.0
5546,pop51,1,0.00032711029052734375,0.0
5546,pop10,1,0.0003180503845214844,0.0
5547,pop38,3,0.05547650655110677,0.04438029606034896
5547,pop18,1,0.000274658203125,0.0
5547,pop19,2,0.0004736185073852539,0.00011050701141357422
5547,pop20,1,0.10489869117736816,0.0
5547,pop51,4,0.0004680156707763672,0.00018432346818256316
5547,pop10,3,0.01738588015238444,0.02404342183976478
5547,pop4,2,0.026903629302978516,0.026607751846313477
5547,pop50,1,0.0005030632019042969,0.0
5547,pop35,1,0.0002181529998779297,0.0
5548,pop41,3,0.03301151593526205,0.04599999339354079
5548,pop40,1,0.04816389083862305,0.0
5548,pop53,1,0.0003924369812011719,0.0
5548,pop50,2,0.0004589557647705078,0.00010967254638671875
5548,pop17,4,0.0006351470947265625,0.0002739561752532006
5548,pop35,1,0.00022912025451660156,0.0
5549,pop55,3,0.028460025787353516,0.03959726851438972
5549,pop52,2,0.00032258033752441406,6.67572021484375e-06
5549,pop37,4,0.00043970346450805664,0.00014405863106702472
5550,pop57,2,0.05837130546569824,0.05773806571960449
5550,pop56,1,0.00026607513427734375,0.0
5550,pop48,1,0.00027680397033691406,0.0
5550,pop52,1,0.00032830238342285156,0.0
5550,pop37,4,0.0004004836082458496,0.0001444702859020318
5550,pop33,1,0.000286102294921875,0.0
5550,pop50,2,0.0003604888916015625,1.71661376953125e-05
5550,pop14,1,0.00044536590576171875,0.0
5550,pop16,1,0.00026679039001464844,0.0
5550,pop23,1,0.00029277801513671875,0.0
5550,pop24,1,0.0002932548522949219,0.0
5551,pop39,2,0.05101895332336426,0.0503842830657959
5551,pop38,1,0.00039386749267578125,0.0
5551,pop18,1,0.0003209114074707031,0.0
5551,pop19,1,0.0003635883331298828,0.0
5551,pop51,1,0.0005414485931396484,0.0
5551,pop22,4,0.0003224015235900879,5.926089704670877e-05
5551,pop21,1,0.0002624988555908203,0.0
5551,pop23,1,0.0003542900085449219,0.0
5551,pop24,1,0.00030112266540527344,0.0
5552,pop23,5,0.03378071784973145,0.04335249410639891
5552,pop21,2,0.00043451786041259766,0.00013840198516845703
5552,pop16,1,0.0005216598510742188,0.0
5552,pop50,1,0.00042366981506347656,0.0
5552,pop51,1,0.00037860870361328125,0.0
5553,pop40,2,0.046050190925598145,0.045366644859313965
5553,pop43,1,0.0003037452697753906,0.0
5553,pop51,3,0.0003650188446044922,3.642476206955693e-05
5553,pop22,2,0.04629707336425781,0.0457916259765625
5553,pop19,2,0.0003172159194946289,4.649162292480469e-06
5553,pop20,2,0.0003654956817626953,8.106231689453125e-05
5553,pop53,1,0.0003345012664794922,0.0
5553,pop1,1,0.0004343986511230469,0.0
5553,pop6,1,0.0002701282501220703,0.0
5554,pop36,2,0.046451687812805176,0.04579365253448486
5554,pop10,2,0.025101304054260254,0.024817585945129395
5554,pop51,2,0.0006535053253173828,0.0001685619354248047
5554,pop4,4,0.0004171133041381836,0.00011146629543773494
5555,pop33,3,0.03591116269429525,0.049809595502127636
5555,pop32,4,0.00041687488555908203,0.0002016242152461027
5555,pop50,1,0.0008823871612548828,0.0
5555,pop35,1,0.00024056434631347656,0.0
5556,pop24,5,0.023453760147094726,0.04594304441808165
5556,pop14,1,0.0005657672882080078,0.0
5556,pop50,1,0.001024007797241211,0.0
5556,pop55,1,0.00026988983154296875,0.0
5557,pop16,2,0.05214095115661621,0.051488637924194336
5557,pop23,2,0.05492591857910156,0.05458855628967285
5557,pop24,5,0.023584794998168946,0.04621532478591675
5557,pop14,1,0.0003612041473388672,0.0
5557,pop50,1,0.00038886070251464844,0.0
5557,pop53,1,0.0004551410675048828,0.0
5557,pop7,1,0.0002396106719970703,0.0
5558,pop27,4,0.029193580150604248,0.04976338595638597
5558,pop25,1,0.0004916191101074219,0.0
5558,pop17,1,0.0006210803985595703,0.0
5558,pop50,1,0.0009520053863525391,0.0
5558,pop51,1,0.0004303455352783203,0.0
5558,pop19,1,0.0003502368927001953,0.0
5558,pop18,1,0.00028204917907714844,0.0
5559,pop50,3,0.03354787826538086,0.04614523963880955
5559,pop17,4,0.0005148649215698242,0.0001706559569634046
5559,pop51,1,0.0006866455078125,0.0
5559,pop10,1,0.0002834796905517578,0.0
5560,pop10,3,0.049010276794433594,0.038651578062180315
5560,pop51,2,0.0004132986068725586,2.2649765014648438e-06
5560,pop53,2,0.02490079402923584,0.024546265602111816
5560,pop54,1,0.08987569808959961,0.0
5560,pop52,3,0.0004849433898925781,0.00010793649090644946
5561,pop28,2,0.04502749443054199,0.04439115524291992
5561,pop36,1,0.0002734661102294922,0.0
5561,pop10,2,0.0490802526473999,0.04851663112640381
5561,pop51,1,0.0008056163787841797,0.0
5561,pop53,1,0.05158853530883789,0.0
5561,pop1,1,0.00032448768615722656,0.0
5561,pop6,3,0.00028395652770996094,1.1879531187092333e-05
5562,pop37,4,0.021110355854034424,0.03570568852606201
5562,pop33,1,0.0005292892456054688,0.0
5562,pop50,1,0.0004742145538330078,0.0
5562,pop51,1,0.00034546852111816406,0.0
5562,pop19,1,0.0003542900085449219,0.0
5562,pop18,1,0.0002956390380859375,0.0
5563,pop47,4,0.02154397964477539,0.03652911324351281
5563,pop53,1,0.0007493495941162109,0.0
5563,pop52,1,0.00031495094299316406,0.0
5563,pop34,1,0.00025391578674316406,0.0
5563,pop35,1,0.0002219676971435547,0.0
5564,pop31,2,0.04667246341705322,0.046039700508117676
5564,pop17,4,0.0005698204040527344,6.672718020160646e-05
5564,pop50,1,0.0003616809844970703,0.0
5564,pop53,1,0.00037360191345214844,0.0
5564,pop52,1,0.0002808570861816406,0.0
5565,pop6,4,0.026997029781341553,0.045959699651150356
5565,pop1,1,0.0005838871002197266,0.0
5565,pop53,1,0.0006356239318847656,0.0
5565,pop50,1,0.0008389949798583984,0.0
5565,pop16,1,0.0002720355987548828,0.0
5566,pop42,2,0.04738450050354004,0.04672360420227051
5566,pop43,1,0.00027489662170410156,0.0
5566,pop40,2,0.024219393730163574,0.02393162250518799
5566,pop41,1,0.0005123615264892578,0.0
5566,pop53,1,0.0007419586181640625,0.0
5566,pop54,2,0.0004495382308959961,7.18832015991211e-05
5566,pop52,1,0.0003383159637451172,0.0
5566,pop55,1,0.00028777122497558594,0.0
5567,pop22,4,0.023789644241333008,0.04034812360082868
5567,pop51,1,0.0008087158203125,0.0
5567,pop19,1,0.0003466606140136719,0.0
5567,pop18,1,0.0004050731658935547,0.0
5568,pop18,3,0.03842449188232422,0.05353125825451687
5568,pop38,4,0.0004157423973083496,0.00014258909856450152
5568,pop19,1,0.0003635883331298828,0.0
5568,pop51,1,0.0003447532653808594,0.0
5568,pop53,1,0.0003693103790283203,0.0
5568,pop7,1,0.0002484321594238281,0.0
5569,pop40,2,0.023950695991516113,0.023533225059509277
5569,pop41,1,0.0003006458282470703,0.0
5569,pop53,2,0.0003567934036254883,1.919269561767578e-05
5569,pop50,3,0.0003837744394938151,1.217932918862911e-05
5569,pop17,2,0.054646968841552734,0.05426979064941406
5569,pop25,1,0.0005404949188232422,0.0
5569,pop27,1,0.00046944618225097656,0.0
5569,pop44,1,0.0004277229309082031,0.0
5569,pop33,2,0.0003025531768798828,2.6226043701171875e-06
5569,pop32,3,0.00031646092732747394,3.723063863252112e-05
5569,pop7,1,0.0002627372741699219,0.0
5570,pop36,2,0.023478150367736816,0.023069024085998535
5570,pop10,5,0.019649982452392578,0.03843006423576983
5570,pop51,3,0.00035190582275390625,1.7721200337439826e-05
5570,pop4,1,0.05228090286254883,0.0
5570,pop50,1,0.0004978179931640625,0.0
5570,pop14,1,0.0003647804260253906,0.0
5570,pop24,1,0.00029730796813964844,0.0
5571,pop24,4,0.045996665954589844,0.02632349285231042
5571,pop23,3,0.019222577412923176,0.026789829417055402
5571,pop21,3,0.0005256334940592448,2.570231410318135e-05
5571,pop16,1,0.00026297569274902344,0.0
5572,pop42,2,0.024544119834899902,0.024141669273376465
5572,pop43,1,0.00027441978454589844,0.0
5572,pop51,1,0.000659942626953125,0.0
5572,pop50,1,0.00036144256591796875,0.0
5572,pop16,2,0.00038111209869384766,0.0001188516616821289
5572,pop23,2,0.00041961669921875,0.00012421607971191406
5572,pop21,2,0.0004642009735107422,7.009506225585938e-05
5572,pop22,4,0.00031322240829467773,3.25807406599016e-05
5573,pop33,3,0.018527666727701824,0.025468168282196793
5573,pop32,4,0.0003833174705505371,0.0001565033540624099
5573,pop50,1,0.0009245872497558594,0.0
5573,pop16,1,0.00028133392333984375,0.0
5574,pop50,3,0.01695418357849121,0.023295830787997414
5574,pop17,1,0.05724906921386719,0.0
5574,pop44,3,0.0004680156707763672,9.744370820612106e-05
5575,pop28,2,0.023711085319519043,0.023311972618103027
5575,pop36,1,0.00039839744567871094,0.0
5575,pop10,3,0.0174868901570638,0.02385465383817994
5575,pop51,1,0.00043320655822753906,0.0
5575,pop53,3,0.017284393310546875,0.023932498237003993
5575,pop1,2,0.00033926963806152344,4.5299530029296875e-06
5575,pop6,1,0.05931496620178223,0.0
5575,pop54,2,0.00032448768615722656,6.341934204101562e-05
5575,pop50,1,0.0005002021789550781,0.0
5575,pop16,1,0.0002791881561279297,0.0
5576,pop37,5,0.008914041519165038,0.017063211337462542
5576,pop52,1,0.00033783912658691406,0.0
5576,pop55,1,0.0002739429473876953,0.0
5577,pop47,3,0.014674107233683268,0.02030229661467632
5577,pop51,2,0.0006606578826904297,0.00019025802612304688
5577,pop22,3,0.0003681182861328125,5.721681636236177e-05
5578,pop44,5,0.010887432098388671,0.020835306529046523
5578,pop50,1,0.0007464885711669922,0.0
5578,pop53,1,0.0007832050323486328,0.0
5578,pop52,1,0.0006239414215087891,0.0
5579,pop46,2,0.026149392127990723,0.025734543800354004
5579,pop20,3,0.03573195139567057,0.05009580260759915
5579,pop19,1,0.000606536865234375,0.0
5579,pop51,2,0.0005742311477661133,0.00023257732391357422
5579,pop10,2,0.0003674030303955078,7.390975952148438e-05
5579,pop47,1,0.0002448558807373047,0.0
5580,pop45,2,0.027092814445495605,0.026679158210754395
5580,pop46,1,0.00029468536376953125,0.0
5580,pop20,2,0.05268573760986328,0.05238938331604004
5580,pop19,1,0.0005943775177001953,0.0
5580,pop51,2,0.000558018684387207,0.00019252300262451172
5580,pop10,2,0.00039780139923095703,1.3947486877441406e-05
5580,pop50,1,0.0003628730773925781,0.0
5580,pop44,1,0.00033020973205566406,0.0
5581,pop32,5,0.011967802047729492,0.02301411603060498
5581,pop33,1,0.0005049705505371094,0.0
5581,pop50,1,0.0008389949798583984,0.0
5581,pop14,1,0.0004839897155761719,0.0
5581,pop24,1,0.0002586841583251953,0.0
5582,pop14,5,0.011798381805419922,0.022590908073894442
5582,pop50,1,0.0008285045623779297,0.0
5582,pop16,1,0.00046539306640625,0.0
5583,pop22,5,0.009492111206054688,0.018148036788569622
5583,pop51,1,0.00043582916259765625,0.0
5583,pop53,1,0.0003554821014404297,0.0
5583,pop7,1,0.0002295970916748047,0.0
5584,pop18,2,0.027165651321411133,0.026742935180664062
5584,pop19,2,0.0005948543548583984,0.00012803077697753906
5584,pop20,2,0.05203080177307129,0.0517268180847168
5584,pop51,5,0.000467681884765625,0.00018145252237582852
5584,pop10,2,0.07447564601898193,0.02304232120513916
5584,pop4,3,0.01799186070760091,0.024948888407051523
5584,pop50,1,0.00035691261291503906,0.0
5584,pop55,1,0.0002636909484863281,0.0
5585,pop40,2,0.023391246795654297,0.022961139678955078
5585,pop41,1,0.00032591819763183594,0.0
5585,pop53,2,0.02469956874847412,0.023819327354431152
5585,pop51,2,0.0004534721374511719,9.5367431640625e-05
5585,pop50,3,0.0006404717763264974,0.0002470367280718535
5585,pop17,2,0.02936232089996338,0.028659462928771973
5585,pop33,3,0.0002941290537516276,2.505878952024453e-05
5585,pop32,1,0.06293296813964844,0.0
5585,pop37,2,0.00038051605224609375,6.198883056640625e-06
5585,pop10,1,0.00027632713317871094,0.0
5586,pop56,4,0.014581441879272461,0.024385089357223513
5586,pop48,1,0.0005464553833007812,0.0
5586,pop52,1,0.0006129741668701172,0.0
5586,pop53,1,0.00037932395935058594,0.0
5586,pop50,1,0.00039267539978027344,0.0
5586,pop14,1,0.0003390312194824219,0.0
5586,pop24,1,0.0003039836883544922,0.0
5587,pop48,4,0.02749723196029663,0.026961251764509184
5587,pop49,2,0.0006388425827026367,0.00010907649993896484
5587,pop52,1,0.0004513263702392578,0.0
5587,pop53,1,0.0003724098205566406,0.0
5587,pop47,1,0.0002467632293701172,0.0
5588,pop38,2,0.02844524383544922,0.02803325653076172
5588,pop18,1,0.00026798248291015625,0.0
5588,pop19,2,0.0005812644958496094,6.508827209472656e-05
5588,pop20,1,0.10544967651367188,0.0
5588,pop51,4,0.00047785043716430664,0.0002048913543870894
5588,pop10,3,0.017360607782999676,0.024054828569340457
5588,pop4,2,0.02658224105834961,0.02629542350769043
5588,pop53,1,0.0003447532653808594,0.0
5588,pop1,1,0.0003597736358642578,0.0
5588,pop6,1,0.00023055076599121094,0.0
5589,pop41,2,0.025254130363464355,0.024835705757141113
5589,pop53,2,0.02517867088317871,0.024751901626586914
5589,pop54,3,0.0005880196889241537,0.00013685494116433408
5589,pop52,1,0.00029587745666503906,0.0
5589,pop55,1,0.0002484321594238281,0.0
5590,pop57,2,0.02953171730041504,0.02913069725036621
5590,pop56,1,0.0002677440643310547,0.0
5590,pop48,2,0.027443528175354004,0.02716076374053955
5590,pop49,5,0.04652681350708008,0.0421990052153131
5590,pop2,2,0.08732414245605469,0.026082277297973633
5590,pop52,2,0.00034296512603759766,1.2755393981933594e-05
5590,pop54,1,0.04846787452697754,0.0
5590,pop55,2,0.00032711029052734375,5.602836608886719e-05
5590,pop50,1,0.00037932395935058594,0.0
5590,pop14,1,0.0003743171691894531,0.0
5590,pop24,1,0.0002899169921875,0.0
5591,pop39,2,0.02546548843383789,0.025063276290893555
5591,pop44,3,0.0005133946736653646,7.492474288320222e-05
5591,pop50,1,0.0003609657287597656,0.0
5591,pop53,1,0.0005328655242919922,0.0
5591,pop52,1,0.00031948089599609375,0.0
5592,pop23,2,0.028490304946899414,0.028059959411621094
5592,pop16,2,0.0002925395965576172,1.621246337890625e-05
5592,pop50,2,0.0004343986511230469,2.47955322265625e-05
5592,pop33,2,0.00048232078552246094,7.367134094238281e-05
5592,pop32,3,0.0005429585774739584,0.0001143442403431755
5593,pop50,3,0.01746821403503418,0.024062593057435643
5593,pop33,2,0.00045180320739746094,9.989738464355469e-05
5593,pop32,3,0.00048096974690755207,0.0001355405370119781
5593,pop51,1,0.00035858154296875,0.0
5594,pop47,2,0.021258950233459473,0.02085411548614502
5594,pop53,5,0.029952335357666015,0.038924036160049906
5594,pop41,6,0.0003217061360677083,8.086792069870091e-05
5594,pop40,4,0.04990953207015991,0.03478188089718219
5594,pop1,2,0.00034248828887939453,7.271766662597656e-06
5594,pop6,2,0.029628753662109375,0.029381752014160156
5594,pop52,2,0.00040161609649658203,3.159046173095703e-05
5594,pop34,1,0.00024008750915527344,0.0
5594,pop35,1,0.00022268295288085938,0.0
5595,pop44,2,0.026806235313415527,0.026373744010925293
5595,pop45,1,0.00028967857360839844,0.0
5595,pop46,1,0.0002918243408203125,0.0
5595,pop20,1,0.10433292388916016,0.0
5595,pop19,2,0.0005044937133789062,0.00017118453979492188
5595,pop51,2,0.0006109476089477539,0.0002485513687133789
5595,pop43,1,0.0005228519439697266,0.0
5595,pop40,2,0.025299787521362305,0.024997949600219727
5595,pop41,1,0.00030493736267089844,0.0
5595,pop53,2,0.00039887428283691406,1.6450881958007812e-05
5595,pop52,4,0.013470888137817383,0.0228082296464578
5595,pop13,1,0.05160331726074219,0.0
5595,pop54,1,0.04821205139160156,0.0
5595,pop12,3,0.00032011667887369793,9.703183794945533e-05
5595,pop18,1,0.00026535987854003906,0.0
5596,pop46,3,0.017331918080647785,0.024028447394075107
5596,pop20,4,0.02624422311782837,0.04488882542544378
5596,pop19,1,0.000659942626953125,0.0
5596,pop51,4,0.0005789399147033691,0.00021226079350576414
5596,pop10,1,0.05027651786804199,0.0
5596,pop4,1,0.05221152305603027,0.0
5596,pop9,2,0.0003572702407836914,0.0001043081283569336
5597,pop32,5,0.012397670745849609,0.02387762795056344
5597,pop33,1,0.0005526542663574219,0.0
5597,pop50,1,0.0004711151123046875,0.0
5597,pop16,1,0.00028324127197265625,0.0
5598,pop8,2,0.023787379264831543,0.023386597633361816
5598,pop51,3,0.0003954569498697917,5.773384645968878e-05
5598,pop10,1,0.04935717582702637,0.0
5598,pop19,3,0.00041286150614420575,0.00011284536022836326
5598,pop20,3,0.018745024998982746,0.025786385499018856
5598,pop18,2,0.0002728700637817383,1.609325408935547e-05
5598,pop38,2,0.00029468536376953125,1.3828277587890625e-05
5599,pop21,2,0.02981114387512207,0.029382944107055664
5599,pop22,4,0.0004413127899169922,9.579191509805556e-05
5599,pop51,1,0.00034117698669433594,0.0
5599,pop50,1,0.0003578662872314453,0.0
5599,pop35,1,0.00023031234741210938,0.0
5600,pop30,2,0.022817254066467285,0.02241528034210205
5600,pop48,3,0.036261399586995445,0.050649824906456295
5600,pop56,2,0.030388474464416504,0.03011167049407959
5600,pop2,1,0.0003142356872558594,0.0
5600,pop49,2,0.00036263465881347656,8.034706115722656e-05
5600,pop52,1,0.0002849102020263672,0.0
5600,pop53,1,0.00036454200744628906,0.0
5600,pop51,1,0.00037288665771484375,0.0
5600,pop10,1,0.0002751350402832031,0.0
5601,pop16,2,0.026180148124694824,0.02575814723968506
5601,pop23,4,0.0005009770393371582,0.00020066300920720898
5601,pop24,1,0.0005331039428710938,0.0
5602,pop31,2,0.024507641792297363,0.024089932441711426
5602,pop30,1,0.0002663135528564453,0.0
5602,pop48,1,0.10611915588378906,0.0
5602,pop52,2,0.00048422813415527344,0.00014162063598632812
5602,pop12,3,0.018305301666259766,0.02550592416524493
5602,pop54,2,0.0003210306167602539,3.9458274841308594e-05
5602,pop53,1,0.00042819976806640625,0.0
5602,pop50,2,0.0005224943161010742,9.357929229736328e-05
5602,pop51,1,0.0006663799285888672,0.0
5602,pop44,1,0.0002999305725097656,0.0
5603,pop48,4,0.013862967491149902,0.02303676787636411
5603,pop52,1,0.0005555152893066406,0.0
5603,pop53,1,0.0008640289306640625,0.0
5603,pop50,1,0.00039267539978027344,0.0
5603,pop14,1,0.0004725456237792969,0.0
5603,pop24,1,0.00026702880859375,0.0
5604,pop23,3,0.03854974110921224,0.026960955045504133
5604,pop24,3,0.00045744578043619793,0.00017794741732797843
5604,pop14,3,0.03822080294291178,0.05337067190400712
5604,pop50,1,0.00040030479431152344,0.0
5604,pop53,1,0.00036787986755371094,0.0
5604,pop52,1,0.00029659271240234375,0.0
5605,pop36,2,0.023763298988342285,0.023365139961242676
5605,pop10,2,0.04923272132873535,0.04870247840881348
5605,pop51,1,0.00034546852111816406,0.0
5605,pop53,1,0.05205392837524414,0.0
5605,pop52,3,0.0003650983174641927,2.5212569031833848e-05
5605,pop55,1,0.00023984909057617188,0.0
5606,pop42,2,0.02488887310028076,0.024489998817443848
5606,pop43,1,0.0002510547637939453,0.0
5606,pop51,1,0.0004878044128417969,0.0
5606,pop53,2,0.04840564727783203,0.047969818115234375
5606,pop41,2,0.0005449056625366211,2.8252601623535156e-05
5606,pop40,1,0.09572410583496094,0.0
5606,pop54,3,0.03317832946777344,0.02318972247861998
5606,pop52,2,0.026984095573425293,0.02646458148956299
5607,pop41,2,0.025313735008239746,0.024889826774597168
5607,pop53,3,0.017040332158406574,0.023487469214441926
5607,pop52,1,0.0005691051483154297,0.0
5607,pop54,2,0.0005203485488891602,1.0371208190917969e-05
5607,pop50,1,0.0005404949188232422,0.0
5607,pop16,1,0.0002815723419189453,0.0
5608,pop32,5,0.012325096130371093,0.02365174908222843
5608,pop33,1,0.0005476474761962891,0.0
5608,pop50,1,0.0008168220520019531,0.0
5608,pop53,1,0.0003516674041748047,0.0
5608,pop1,1,0.00033164024353027344,0.0
5608,pop6,1,0.00025963783264160156,0.0
5609,pop8,2,0.02418363094329834,0.02377140522003174
5609,pop51,1,0.0004711151123046875,0.0
5609,pop53,5,0.020602989196777343,0.024765232033390237
5609,pop52,1,0.0006012916564941406,0.0
5609,pop54,4,0.023303329944610596,0.03981678247599641
5609,pop1,2,0.0003304481506347656,9.5367431640625e-07
5609,pop6,1,0.058496713638305664,0.0
5609,pop50,1,0.0004019737243652344,0.0
5609,pop44,1,0.00028634071350097656,0.0
5610,pop21,3,0.019939740498860676,0.027691471788074816
5610,pop22,2,0.04686403274536133,0.04638314247131348
5610,pop23,1,0.00030684471130371094,0.0
5610,pop16,2,0.0002841949462890625,7.867813110351562e-06
5610,pop50,2,0.0004112720489501953,5.245208740234375e-05
5610,pop51,4,0.0004183053970336914,4.6455081615527184e-05
5610,pop19,2,0.00032806396484375,3.719329833984375e-05
5610,pop20,1,0.05612826347351074,0.0
5610,pop4,1,0.05352067947387695,0.0
5610,pop9,3,0.00031256675720214844,5.0193009667916755e-05
5611,pop9,4,0.01245725154876709,0.02080827017601345
5611,pop51,1,0.00040149688720703125,0.0
5611,pop53,1,0.0003962516784667969,0.0
5611,pop7,1,0.00022673606872558594,0.0
5612,pop4,2,0.025513887405395508,0.025095701217651367
5612,pop51,1,0.000431060791015625,0.0
5612,pop53,2,0.05015826225280762,0.04945564270019531
5612,pop50,1,0.0009257793426513672,0.0
5612,pop55,2,0.023346900939941406,0.023088932037353516
5612,pop52,3,0.0003101825714111328,1.4226751799235495e-05
5612,pop12,2,0.02770090103149414,0.027446269989013672
5612,pop37,2,0.0002847909927368164,3.6954879760742188e-06
5613,pop28,2,0.023558616638183594,0.02315974235534668
5613,pop51,1,0.0006012916564941406,0.0
5613,pop19,2,0.0005577802658081055,0.00020563602447509766
5613,pop20,2,0.02768528461456299,0.027419209480285645
5613,pop18,2,0.0002917051315307617,2.4199485778808594e-05
5613,pop38,3,0.00028578440348307293,4.158489053074878e-06
5614,pop37,5,0.008958196640014649,0.016937364488894484
5614,pop33,1,0.0003020763397216797,0.0
5614,pop50,1,0.0003643035888671875,0.0
5614,pop16,1,0.00032138824462890625,0.0
5615,pop30,2,0.02299785614013672,0.02257561683654785
5615,pop48,4,0.014236986637115479,0.02397204231285219
5615,pop56,2,0.0003598928451538086,7.998943328857422e-05
5615,pop52,1,0.00030612945556640625,0.0
5615,pop53,1,0.00039577484130859375,0.0
5615,pop47,1,0.0002536773681640625,0.0
5616,pop16,2,0.02627265453338623,0.025856375694274902
5616,pop23,1,0.0002818107604980469,0.0
5616,pop24,4,0.00041228532791137695,0.00010947040076699277
5617,pop31,2,0.023763656616210938,0.02335071563720703
5617,pop30,1,0.00025463104248046875,0.0
5617,pop48,2,0.053044915199279785,0.05273568630218506
5617,pop49,2,0.028853535652160645,0.028581976890563965
5617,pop2,2,0.030350446701049805,0.030086040496826172
5617,pop52,3,0.0003528594970703125,6.149073536544532e-05
5617,pop53,1,0.00034999847412109375,0.0
5617,pop47,1,0.00024390220642089844,0.0
5618,pop41,2,0.025262117385864258,0.024844646453857422
5618,pop40,1,0.049060821533203125,0.0
5618,pop43,1,0.0005064010620117188,0.0
5618,pop51,2,0.0005513429641723633,0.00020778179168701172
5618,pop4,4,0.00048542022705078125,0.00011506321217234441
5618,pop50,1,0.0004489421844482422,0.0
5618,pop35,1,0.0002219676971435547,0.0
5619,pop32,4,0.01522207260131836,0.025507881469689065
5619,pop33,1,0.0005786418914794922,0.0
5619,pop50,1,0.0009520053863525391,0.0
5619,pop53,1,0.0004227161407470703,0.0
5619,pop1,1,0.0003619194030761719,0.0
5619,pop6,1,0.0002892017364501953,0.0
5620,pop53,4,0.03625577688217163,0.03945997068571853
5620,pop41,1,0.0005934238433837891,0.0
5620,pop40,2,0.00046646595001220703,6.663799285888672e-05
5620,pop43,1,0.00029587745666503906,0.0
5620,pop51,1,0.00044989585876464844,0.0
5620,pop19,1,0.00033974647521972656,0.0
5620,pop18,1,0.00024247169494628906,0.0
5621,pop45,3,0.01858369509379069,0.02565418101690114
5621,pop44,2,0.05107998847961426,0.05063199996948242
5621,pop46,1,0.0004787445068359375,0.0
5621,pop20,1,0.00029087066650390625,0.0
5621,pop19,1,0.00042629241943359375,0.0
5621,pop51,1,0.00035381317138671875,0.0
5621,pop50,1,0.0004410743713378906,0.0
5621,pop55,2,0.0002802610397338867,2.2292137145996094e-05
5621,pop52,1,0.0002810955047607422,0.0
5622,pop36,2,0.024147987365722656,0.023749589920043945
5622,pop51,3,0.0006333192189534506,0.00025932419124888463
5622,pop19,2,0.00047707557678222656,0.00012445449829101562
5622,pop20,2,0.02825295925140381,0.02797234058380127
5622,pop9,3,0.00027251243591308594,3.6053009739601627e-06
5623,pop8,2,0.024539589881896973,0.024147868156433105
5623,pop51,1,0.0003895759582519531,0.0
5623,pop19,1,0.00034165382385253906,0.0
5623,pop20,2,0.05160057544708252,0.05095875263214111
5623,pop46,1,0.0005347728729248047,0.0
5623,pop45,1,0.0002868175506591797,0.0
5623,pop44,1,0.05517315864562988,0.0
5623,pop50,2,0.0004063844680786133,3.731250762939453e-05
5623,pop17,3,0.00039951006571451825,4.501013308211891e-05
5623,pop53,1,0.00035452842712402344,0.0
5623,pop47,1,0.00022554397583007812,0.0
5624,pop4,2,0.02500736713409424,0.024583935737609863
5624,pop51,1,0.0003387928009033203,0.0
5624,pop50,2,0.0008598566055297852,0.00011599063873291016
5624,pop44,1,0.10295367240905762,0.0
5624,pop17,4,0.00044989585876464844,9.780437511187863e-05
5624,pop31,1,0.0002753734588623047,0.0
5624,pop30,1,0.0003724098205566406,0.0
5624,pop48,1,0.0003008842468261719,0.0
5624,pop52,1,0.00030922889709472656,0.0
5625,pop28,2,0.02368617057800293,0.02328944206237793
5625,pop36,1,0.00027942657470703125,0.0
5625,pop10,3,0.017710526784261067,0.02445503827188046
5625,pop51,1,0.000537872314453125,0.0
5625,pop53,1,0.0005328655242919922,0.0
5625,pop50,2,0.0004438161849975586,3.612041473388672e-05
5625,pop33,2,0.0002970695495605469,4.76837158203125e-07
5625,pop32,2,0.0003153085708618164,2.467632293701172e-05
5625,pop16,1,0.0002734661102294922,0.0
5626,pop31,2,0.024116039276123047,0.023717403411865234
5626,pop30,1,0.0002586841583251953,0.0
5626,pop48,2,0.0004324913024902344,0.0001494884490966797
5626,pop49,1,0.05863523483276367,0.0
5626,pop52,2,0.0003936290740966797,6.604194641113281e-05
5626,pop12,4,0.0002910494804382324,5.865639156587424e-05
5626,pop55,1,0.0002627372741699219,0.0
5626,pop50,1,0.00039005279541015625,0.0
5626,pop14,1,0.0003323554992675781,0.0
5626,pop24,1,0.00030493736267089844,0.0
5627,pop41,2,0.025710344314575195,0.02528834342956543
5627,pop53,2,0.00041544437408447266,2.777576446533203e-05
5627,pop54,1,0.09139800071716309,0.0
5627,pop52,3,0.0003789265950520833,0.0001068896077289227
5627,pop55,1,0.0876762866973877,0.0
5627,pop12,4,0.0003324747085571289,7.500405604727568e-05
5627,pop51,1,0.0004146099090576172,0.0
5627,pop19,1,0.00033926963806152344,0.0
5627,pop20,1,0.0002703666687011719,0.0
5628,pop52,7,0.015276874814714705,0.023631645636638908
5628,pop48,2,0.027513861656188965,0.027208924293518066
5628,pop49,2,0.05391037464141846,0.05339205265045166
5628,pop2,1,0.11309981346130371,0.0
5628,pop55,1,0.047456979751586914,0.0
5628,pop13,1,0.051671504974365234,0.0
5628,pop37,3,0.00029460589090983075,3.3546961687716745e-05
5628,pop53,1,0.0005271434783935547,0.0
5628,pop1,1,0.0003294944763183594,0.0
5628,pop15,1,0.00022649765014648438,0.0
5629,pop55,3,0.030341386795043945,0.02116987753328615
5629,pop50,2,0.0004259347915649414,2.753734588623047e-05
5629,pop17,2,0.05554533004760742,0.05506300926208496
5629,pop25,3,0.0003884633382161458,9.88026331962507e-05
5629,pop27,2,0.00036132335662841797,6.449222564697266e-05
5629,pop44,1,0.00032830238342285156,0.0
5629,pop52,5,0.011018800735473632,0.021349322330133147
5629,pop13,2,0.028205394744873047,0.027962446212768555
5629,pop53,2,0.02810657024383545,0.027741074562072754
5629,pop51,1,0.00048828125,0.0
5629,pop10,1,0.0002703666687011719,0.0
5630,pop38,2,0.029110431671142578,0.028690576553344727
5630,pop18,1,0.0002810955047607422,0.0
5630,pop19,2,0.0005739927291870117,0.00023734569549560547
5630,pop20,2,0.05326104164123535,0.05301475524902344
5630,pop46,1,0.000423431396484375,0.0
5630,pop45,1,0.0002703666687011719,0.0
5630,pop44,1,0.054839134216308594,0.0
5630,pop27,3,0.021308342615763348,0.02971999416112466
5630,pop25,3,0.0002830823262532552,6.3269580960258305e-06
5630,pop17,4,0.015018582344055176,0.02525745855179323
5630,pop50,1,0.0005021095275878906,0.0
5630,pop51,1,0.0003857612609863281,0.0
5631,pop57,2,0.030048370361328125,0.029646635055541992
5631,pop56,3,0.037929137547810875,0.0530934332214358
5631,pop2,1,0.00025773048400878906,0.0
5631,pop49,2,0.0002884864807128906,1.8358230590820312e-05
5631,pop48,1,0.0003178119659423828,0.0
5631,pop52,1,0.0003414154052734375,0.0
5632,pop50,2,0.025984764099121094,0.02541184425354004
5632,pop44,3,0.0004738171895345052,0.00012290461693658788
5633,pop47,5,0.008927631378173827,0.01697034229261263
5633,pop53,1,0.0003743171691894531,0.0
5633,pop1,1,0.0003314018249511719,0.0
5633,pop6,1,0.0002608299255371094,0.0
5634,pop46,3,0.017639795939127605,0.024439379380327385
5634,pop20,2,0.05395650863647461,0.0004794597625732422
5634,pop19,3,0.0005442301432291666,0.00016559211138139586
5634,pop18,2,0.00047385692596435547,0.00018608570098876953
5634,pop38,1,0.11274504661560059,0.0
5634,pop51,3,0.00043090184529622394,9.339322349907772e-05
5634,pop10,1,0.05253458023071289,0.0
5634,pop43,1,0.0002734661102294922,0.0
5634,pop40,1,0.0002644062042236328,0.0
5634,pop41,1,0.0002880096435546875,0.0
5634,pop53,2,0.0004703998565673828,5.888938903808594e-05
5634,pop50,4,0.0004438161849975586,0.00010897444030804192
5634,pop17,2,0.030753493309020996,0.030449748039245605
5634,pop14,2,0.031525492668151855,0.031171441078186035
5634,pop24,1,0.06587338447570801,0.0
5634,pop32,3,0.0003635088602701823,0.00010188674774808506
5634,pop33,1,0.0003228187561035156,0.0
5634,pop54,1,0.00028586387634277344,0.0
5634,pop52,1,0.0003399848937988281,0.0
5635,pop37,5,0.008954477310180665,0.017007392596802503
5635,pop33,1,0.00027298927307128906,0.0
5635,pop50,1,0.0003933906555175781,0.0
5635,pop44,1,0.0002942085266113281,0.0
5636,pop30,2,0.0231325626373291,0.022722482681274414
5636,pop31,1,0.00038504600524902344,0.0
5636,pop17,4,0.00044268369674682617,0.00011643744091662912
5636,pop50,1,0.0005476474761962891,0.0
5636,pop53,1,0.0003781318664550781,0.0
5636,pop1,1,0.0003159046173095703,0.0
5636,pop6,1,0.00023794174194335938,0.0
5637,pop4,2,0.025464892387390137,0.025044798851013184
5637,pop51,1,0.00036215782165527344,0.0
5637,pop50,2,0.0009541511535644531,0.0004596710205078125
5637,pop14,1,0.0006325244903564453,0.0
5637,pop27,1,0.0002887248992919922,0.0
5637,pop25,1,0.0002951622009277344,0.0
5637,pop17,4,0.0003806948661804199,6.657011668871019e-05
5637,pop35,1,0.00023174285888671875,0.0
5638,pop27,4,0.015770375728607178,0.026440810631642612
5638,pop25,1,0.0004987716674804688,0.0
5638,pop17,1,0.0003516674041748047,0.0
5638,pop50,1,0.0003533363342285156,0.0
5638,pop16,1,0.0002777576446533203,0.0
5639,pop10,4,0.012827694416046143,0.021197223156402045
5639,pop51,1,0.0007576942443847656,0.0
5639,pop50,1,0.0004394054412841797,0.0
5639,pop55,1,0.00027370452880859375,0.0
5640,pop6,4,0.014364540576934814,0.023953399161542717
5640,pop1,1,0.0005638599395751953,0.0
5640,pop53,1,0.0004410743713378906,0.0
5640,pop47,1,0.00023603439331054688,0.0
5641,pop23,3,0.019665638605753582,0.02712143536677055
5641,pop21,2,0.05795001983642578,0.05766916275024414
5641,pop24,3,0.00047588348388671875,0.00012929249983738034
5641,pop14,1,0.000362396240234375,0.0
5641,pop50,1,0.0004456043243408203,0.0
5641,pop53,1,0.0004189014434814453,0.0
5641,pop47,1,0.00025010108947753906,0.0
5642,pop8,2,0.024021148681640625,0.023625850677490234
5642,pop51,2,0.00041472911834716797,6.16312026977539e-05
5642,pop4,4,0.0004932284355163574,5.211869811817098e-05
5642,pop53,1,0.00037360191345214844,0.0
5642,pop52,1,0.0003139972686767578,0.0
5643,pop31,2,0.024334430694580078,0.02393507957458496
5643,pop17,3,0.0005114078521728516,0.00018829121435690814
5643,pop50,1,0.0004956722259521484,0.0
5643,pop53,1,0.00036597251892089844,0.0
5643,pop52,1,0.00031065940856933594,0.0
5644,pop41,2,0.025794267654418945,0.02536630630493164
5644,pop53,2,0.00039958953857421875,6.198883056640625e-06
5644,pop54,1,0.09213614463806152,0.0
5644,pop52,6,0.01768604914347331,0.024474437654215447
5644,pop55,1,0.045906782150268555,0.0
5644,pop48,1,0.057863712310791016,0.0
5644,pop37,2,0.00032520294189453125,3.9577484130859375e-05
5644,pop7,1,0.00024771690368652344,0.0
5645,pop38,2,0.028844714164733887,0.02842271327972412
5645,pop39,1,0.00026345252990722656,0.0
5645,pop44,4,0.0003380775451660156,7.708574482835887e-05
5646,pop30,2,0.022912144660949707,0.02250659465789795
5646,pop31,1,0.0002574920654296875,0.0
5646,pop17,3,0.00041174888610839844,5.934308199678672e-05
5646,pop50,1,0.0003705024719238281,0.0
5646,pop53,1,0.0005679130554199219,0.0
5646,pop47,1,0.00024437904357910156,0.0
5647,pop4,2,0.025942564010620117,0.02552652359008789
5647,pop51,2,0.0006685256958007812,0.0003275871276855469
5647,pop50,4,0.0006665587425231934,0.00042443085591591535
5647,pop44,2,0.027341485023498535,0.026909232139587402
5647,pop17,2,0.0003877878189086914,5.733966827392578e-05
5647,pop55,1,0.0003745555877685547,0.0
5648,pop24,5,0.024926137924194337,0.029944483226476547
5648,pop23,2,0.0005137920379638672,6.413459777832031e-05
5648,pop21,1,0.11586117744445801,0.0
5648,pop14,1,0.0003571510314941406,0.0
5648,pop50,2,0.0005224943161010742,3.4689903259277344e-05
5648,pop17,2,0.00040459632873535156,5.245208740234375e-05
5648,pop53,1,0.0003590583801269531,0.0
5648,pop52,1,0.0002865791320800781,0.0
5649,pop55,5,0.009377574920654297,0.017570160725110917
5649,pop50,1,0.0004355907440185547,0.0
5649,pop53,1,0.0003314018249511719,0.0
5649,pop1,1,0.0003352165222167969,0.0
5649,pop6,1,0.00025391578674316406,0.0
5650,pop46,3,0.01770154635111491,0.024555048173882932
5650,pop45,2,0.0003870725631713867,0.00011742115020751953
5650,pop44,2,0.05113852024078369,0.050844550132751465
5650,pop50,2,0.0006451606750488281,3.409385681152344e-05
5650,pop17,1,0.11160469055175781,0.0
5650,pop25,1,0.000278472900390625,0.0
5650,pop27,1,0.000270843505859375,0.0
5650,pop14,2,0.029085159301757812,0.028723716735839844
5650,pop24,2,0.03129124641418457,0.0309755802154541
5650,pop23,2,0.00037610530853271484,4.112720489501953e-05
5650,pop16,1,0.0002803802490234375,0.0
5650,pop20,1,0.0002467632293701172,0.0
5650,pop19,1,0.00028443336486816406,0.0
5650,pop18,1,0.000263214111328125,0.0
5651,pop37,5,0.008972263336181641,0.017024827925253214
5651,pop52,1,0.0003082752227783203,0.0
5651,pop34,1,0.0003867149353027344,0.0
5651,pop35,1,0.00023746490478515625,0.0
5652,pop10,2,0.02510702610015869,0.02468717098236084
5652,pop51,2,0.0003343820571899414,8.344650268554688e-07
5652,pop43,2,0.000392913818359375,9.775161743164062e-05
5652,pop40,4,0.00039070844650268555,8.516223122471998e-05
5653,pop6,4,0.01432889699935913,0.024024856555688492
5654,pop8,2,0.023996710777282715,0.023602604866027832
5654,pop51,1,0.00032901763916015625,0.0
5654,pop19,1,0.0005261898040771484,0.0
5654,pop20,1,0.10770726203918457,0.0
5654,pop46,1,0.00042748451232910156,0.0
5654,pop45,1,0.00024771690368652344,0.0
5654,pop44,5,0.011152029037475586,0.021612328516006044
5654,pop50,3,0.0004440148671468099,5.632916098317627e-05
5654,pop17,1,0.06034421920776367,0.0
5654,pop53,1,0.00038743019104003906,0.0
5654,pop1,1,0.0004487037658691406,0.0
5654,pop15,1,0.0002186298370361328,0.0
5655,pop41,4,0.0130501389503479,0.021922747072730515
5655,pop53,4,0.012942254543304443,0.02160618322540882
5655,pop52,1,0.0005862712860107422,0.0
5655,pop54,1,0.09303736686706543,0.0
5655,pop40,1,0.04909491539001465,0.0
5655,pop1,2,0.00038826465606689453,6.42538070678711e-05
5655,pop6,4,0.00029605627059936523,6.056990451640993e-05
5655,pop51,1,0.00040340423583984375,0.0
5655,pop19,1,0.00045871734619140625,0.0
5655,pop18,1,0.00026988983154296875,0.0
5656,pop33,3,0.01881551742553711,0.026082078440715223
5656,pop32,3,0.0005525747934977213,2.6830536489681505e-05
5656,pop50,1,0.00038552284240722656,0.0
5656,pop44,1,0.0003020763397216797,0.0
5657,pop9,4,0.01266324520111084,0.020998575229113702
5657,pop51,1,0.0005173683166503906,0.0
5657,pop53,1,0.0004949569702148438,0.0
5657,pop50,1,0.0004439353942871094,0.0
5657,pop14,1,0.0003688335418701172,0.0
5657,pop24,1,0.00028133392333984375,0.0
5658,pop38,5,0.011785459518432618,0.022518824962441047
5658,pop18,1,0.00027370452880859375,0.0
5658,pop19,1,0.0003669261932373047,0.0
5658,pop51,1,0.00036454200744628906,0.0
5658,pop47,1,0.0002486705780029297,0.0
5659,pop24,6,0.01044138272603353,0.022294694925327783
5659,pop14,1,0.000545501708984375,0.0
5659,pop23,1,0.0003254413604736328,0.0
5659,pop16,1,0.0003075599670410156,0.0
5659,pop50,1,0.0005400180816650391,0.0
5659,pop51,1,0.0003705024719238281,0.0
5659,pop19,1,0.00035762786865234375,0.0
5659,pop18,1,0.00028705596923828125,0.0
5660,pop55,2,0.022498250007629395,0.02208244800567627
5660,pop52,4,0.0005093216896057129,0.00014063295007753432
5660,pop53,1,0.00033736228942871094,0.0
5660,pop50,1,0.00037026405334472656,0.0
5660,pop16,1,0.00027561187744140625,0.0
5661,pop10,2,0.024991869926452637,0.024563193321228027
5661,pop51,2,0.0006670951843261719,1.0013580322265625e-05
5661,pop4,2,0.05091142654418945,0.05041623115539551
5661,pop47,3,0.0002563794453938802,1.9692598491293376e-06
5662,pop14,5,0.01218729019165039,0.02323226239502157
5662,pop50,1,0.0003886222839355469,0.0
5662,pop51,1,0.0003752708435058594,0.0
5662,pop19,1,0.0003533363342285156,0.0
5662,pop20,1,0.0002567768096923828,0.0
5663,pop22,4,0.012165963649749756,0.02018405530014944
5663,pop21,1,0.00026488304138183594,0.0
5663,pop23,1,0.0003237724304199219,0.0
5663,pop16,1,0.00038909912109375,0.0
5664,pop18,3,0.018529733022054035,0.025705016718875234
5664,pop38,4,0.0003973841667175293,0.00010507612535952247
5664,pop19,1,0.0006697177886962891,0.0
5664,pop51,1,0.0004222393035888672,0.0
5664,pop46,1,0.0002675056457519531,0.0
5664,pop20,1,0.00027298927307128906,0.0
5665,pop40,5,0.00984053611755371,0.01855538699915657
5665,pop41,1,0.00028634071350097656,0.0
5665,pop53,1,0.00035834312438964844,0.0
5665,pop52,1,0.00032329559326171875,0.0
5665,pop34,1,0.0002512931823730469,0.0
5665,pop35,1,0.000232696533203125,0.0
5666,pop53,2,0.025185346603393555,0.024621963500976562
5666,pop54,1,0.09328746795654297,0.0
5666,pop52,2,0.0005931854248046875,0.00025534629821777344
5666,pop48,2,0.05380070209503174,0.05348646640777588
5666,pop49,1,0.0575716495513916,0.0
5666,pop2,2,0.030876874923706055,0.030605792999267578
5666,pop56,3,0.0003028710683186849,3.639891678423957e-05
5666,pop34,1,0.0003635883331298828,0.0
5666,pop35,1,0.00022292137145996094,0.0
5667,pop45,2,0.027638554573059082,0.027217984199523926
5667,pop44,1,0.00054168701171875,0.0
5667,pop50,3,0.00048009554545084637,0.00016437404443764875
5667,pop17,3,0.01993250846862793,0.027317064719887423
5667,pop55,1,0.04763150215148926,0.0
5667,pop52,2,0.0004023313522338867,4.3272972106933594e-05
5667,pop53,1,0.0003695487976074219,0.0
5667,pop16,1,0.0002582073211669922,0.0
5668,pop28,2,0.023639440536499023,0.02324080467224121
5668,pop51,1,0.0003864765167236328,0.0
5668,pop53,4,0.00040912628173828125,4.777512134183915e-05
5668,pop1,1,0.0003497600555419922,0.0
5668,pop6,1,0.00025153160095214844,0.0
5669,pop33,3,0.01919444402058919,0.02663361165672589
5669,pop32,4,0.0005249381065368652,9.379224101279361e-05
5669,pop50,1,0.00036716461181640625,0.0
5669,pop53,1,0.0003731250762939453,0.0
5669,pop1,1,0.00032973289489746094,0.0
5669,pop15,1,0.00024890899658203125,0.0
5670,pop38,4,0.014891624450683594,0.02485587849185253
5670,pop18,1,0.0003037452697753906,0.0
5670,pop19,1,0.0003323554992675781,0.0
5670,pop51,1,0.0003371238708496094,0.0
5670,pop50,1,0.0005278587341308594,0.0
5670,pop14,1,0.0003612041473388672,0.0
5670,pop24,1,0.00043773651123046875,0.0
5671,pop56,4,0.042837560176849365,0.046642779197797066
5671,pop48,2,0.0003707408905029297,6.079673767089844e-05
5671,pop52,1,0.0003132820129394531,0.0
5671,pop53,1,0.000362396240234375,0.0
5671,pop50,1,0.0004401206970214844,0.0
5671,pop14,1,0.0003116130828857422,0.0
5671,pop24,1,0.0002911090850830078,0.0
5672,pop39,2,0.025221586227416992,0.024810314178466797
5672,pop38,1,0.1110374927520752,0.0
5672,pop18,2,0.00038993358612060547,0.0001283884048461914
5672,pop19,2,0.0004347562789916992,9.810924530029297e-05
5672,pop51,2,0.00043773651123046875,5.4836273193359375e-05
5672,pop10,4,0.00031936168670654297,2.7283305900073697e-05
5673,pop44,2,0.026248574256896973,0.025825142860412598
5673,pop50,3,0.0007483164469401041,0.00047610084321778414
5673,pop14,2,0.0004801750183105469,0.0001163482666015625
5673,pop27,1,0.0002465248107910156,0.0
5673,pop25,1,0.0002646446228027344,0.0
5673,pop17,1,0.059256792068481445,0.0
5673,pop24,4,0.0004239082336425781,0.00011112927569533987
5673,pop23,1,0.0003437995910644531,0.0
5673,pop16,1,0.0003044605255126953,0.0
5673,pop53,1,0.0003509521484375,0.0
5673,pop47,1,0.0003616809844970703,0.0
5674,pop52,4,0.012900173664093018,0.021298036301875198
5674,pop53,1,0.00034308433532714844,0.0
5674,pop7,1,0.00023698806762695312,0.0
5675,pop57,2,0.03011155128479004,0.029712438583374023
5675,pop56,1,0.0005154609680175781,0.0
5675,pop2,2,0.08840835094451904,0.027485013008117676
5675,pop49,3,0.019215106964111328,0.026802361308886132
5675,pop48,2,0.028304100036621094,0.02789902687072754
5675,pop52,3,0.0003586610158284505,4.3435971262004146e-05
5675,pop53,1,0.00048828125,0.0
5675,pop1,1,0.00034427642822265625,0.0
5675,pop6,1,0.00023412704467773438,0.0
5676,pop24,4,0.021693885326385498,0.03683743986737036
5676,pop23,4,0.015038609504699707,0.025229485942397822
5676,pop21,1,0.061893463134765625,0.0
5676,pop14,1,0.0003447532653808594,0.0
5676,pop50,1,0.0003902912139892578,0.0
5676,pop51,1,0.00040149688720703125,0.0
5677,pop10,3,0.06298001607259114,0.044089282820808394
5677,pop51,3,0.0006477832794189453,0.0001699395496483494
5677,pop4,1,0.09863805770874023,0.0
5677,pop53,1,0.05073046684265137,0.0
5677,pop52,4,0.0003254413604736328,6.148033473281403e-05
5678,pop14,4,0.028089821338653564,0.0478152602678693
5678,pop24,4,0.02969372272491455,0.05066590906232871
5678,pop23,1,0.11115264892578125,0.0
5678,pop50,2,0.0004115104675292969,2.6702880859375e-05
5678,pop33,2,0.0003654956817626953,7.772445678710938e-05
5678,pop32,3,0.00033593177795410156,4.102785900968781e-05
5679,pop48,3,0.0362397034962972,0.05044413740312327
5679,pop49,2,0.05390322208404541,0.053270936012268066
5679,pop2,1,0.11259198188781738,0.0
5679,pop52,2,0.00030219554901123047,9.894371032714844e-06
5679,pop12,3,0.00029667218526204425,3.6114097444256264e-05
5679,pop53,1,0.0004813671112060547,0.0
5679,pop1,1,0.00035881996154785156,0.0
5679,pop6,1,0.00024700164794921875,0.0
5680,pop27,5,0.023568153381347656,0.04601420703608006
5680,pop25,1,0.00027489662170410156,0.0
5680,pop17,1,0.00037860870361328125,0.0
5680,pop50,1,0.00040531158447265625,0.0
5680,pop53,1,0.0003514289855957031,0.0
5680,pop52,1,0.00028324127197265625,0.0
5681,pop30,2,0.04373157024383545,0.04309117794036865
5681,pop48,3,0.018785874048868816,0.025943672765797378
5681,pop56,3,0.020553032557169598,0.028696159483489973
5681,pop52,1,0.0003361701965332031,0.0
5681,pop53,1,0.0003795623779296875,0.0
5681,pop51,1,0.00035119056701660156,0.0
5681,pop19,1,0.00035381317138671875,0.0
5681,pop20,1,0.0002684593200683594,0.0
5682,pop18,3,0.036418517430623375,0.05074299055580154
5682,pop38,2,0.057556986808776855,0.05698978900909424
5682,pop19,2,0.00033664703369140625,4.863739013671875e-05
5682,pop20,2,0.028069615364074707,0.02776777744293213
5682,pop51,3,0.0003414154052734375,3.6471029617257965e-06
5682,pop4,1,0.050935983657836914,0.0
5682,pop10,1,0.05194449424743652,0.0
5682,pop22,2,0.0003656148910522461,0.0001055002212524414
5682,pop21,1,0.00028896331787109375,0.0
5682,pop23,1,0.00032448768615722656,0.0
5682,pop24,1,0.0002989768981933594,0.0
5683,pop56,2,0.055168747901916504,0.0545121431350708
5683,pop2,2,0.057195067405700684,0.05669295787811279
5683,pop49,1,0.00026035308837890625,0.0
5683,pop48,1,0.00031304359436035156,0.0
5683,pop52,2,0.00031769275665283203,1.800060272216797e-05
5683,pop12,3,0.00031908353169759113,3.96637251435437e-05
5683,pop53,1,0.00036454200744628906,0.0
5683,pop50,1,0.0006389617919921875,0.0
5683,pop51,1,0.0003764629364013672,0.0
5683,pop19,1,0.0003566741943359375,0.0
5683,pop20,1,0.0002598762512207031,0.0
5683,pop46,1,0.0002682209014892578,0.0
5683,pop45,1,0.00026988983154296875,0.0
5683,pop44,1,0.00031495094299316406,0.0
5684,pop52,2,0.04926455020904541,0.048505425453186035
5684,pop55,3,0.0005187193552652994,7.620282825068232e-06
5684,pop50,1,0.0004711151123046875,0.0
5684,pop51,1,0.0003952980041503906,0.0
5684,pop10,1,0.0004189014434814453,0.0
5685,pop57,2,0.057073235511779785,0.056441426277160645
5685,pop56,2,0.030287623405456543,0.02979862689971924
5685,pop2,4,0.015190541744232178,0.025737762278006886
5685,pop49,1,0.060160160064697266,0.0
5685,pop48,1,0.0002968311309814453,0.0
5685,pop52,2,0.0002930164337158203,4.5299530029296875e-06
5685,pop13,2,0.00033676624298095703,1.5616416931152344e-05
5685,pop53,1,0.0003695487976074219,0.0
5685,pop7,1,0.00022912025451660156,0.0
5686,pop42,2,0.046880125999450684,0.04627096652984619
5686,pop43,2,0.0004203319549560547,0.00013566017150878906
5686,pop40,4,0.00041681528091430664,0.00010460007207000625
5686,pop51,1,0.0003647804260253906,0.0
5686,pop19,1,0.00032067298889160156,0.0
5686,pop20,1,0.0002562999725341797,0.0
5687,pop21,5,0.023622512817382812,0.04633775001750227
5687,pop23,1,0.0003082752227783203,0.0
5687,pop16,1,0.00029778480529785156,0.0
5687,pop50,1,0.0003719329833984375,0.0
5687,pop51,1,0.0005619525909423828,0.0
5687,pop10,1,0.00027441978454589844,0.0
5688,pop46,2,0.050815701484680176,0.05015909671783447
5688,pop45,1,0.0005013942718505859,0.0
5688,pop44,1,0.0005643367767333984,0.0
5688,pop50,2,0.00044524669647216797,4.398822784423828e-05
5688,pop17,1,0.05754446983337402,0.0
5688,pop53,2,0.02662980556488037,0.026224732398986816
5688,pop54,1,0.04936480522155762,0.0
5688,pop52,3,0.0004096031188964844,7.043187753253187e-05
5688,pop13,1,0.052031517028808594,0.0
5688,pop48,3,0.0003235340118408203,3.899729257528088e-05
5688,pop3,1,0.0003581047058105469,0.0
5688,pop0,1,0.0002334117889404297,0.0
5688,pop1,1,0.00027060508728027344,0.0
5688,pop6,1,0.0002524852752685547,0.0
5689,pop6,5,0.02186923027038574,0.04277699424202374
5689,pop1,1,0.00031948089599609375,0.0
5689,pop53,1,0.00033974647521972656,0.0
5689,pop50,1,0.0005879402160644531,0.0
5689,pop16,1,0.00026679039001464844,0.0
5690,pop8,2,0.04760110378265381,0.04694044589996338
5690,pop51,7,0.0004616805485316685,0.0001892868002087692
5690,pop10,3,0.050211032231648765,0.039908833212048835
5690,pop4,5,0.02151832580566406,0.025913773516348337
5690,pop43,2,0.0002720355987548828,1.3113021850585938e-05
5690,pop40,2,0.050266385078430176,0.000905156135559082
5690,pop41,2,0.0003088712692260742,1.9669532775878906e-05
5690,pop53,1,0.05124306678771973,0.0
5690,pop50,1,0.0005419254302978516,0.0
5690,pop16,1,0.0002715587615966797,0.0
5691,pop41,5,0.019651079177856447,0.03853160616678066
5691,pop40,3,0.04862674077351888,0.03897162110672925
5691,pop53,3,0.017319281895955402,0.0239403818086003
5691,pop52,6,0.009244362513224283,0.01991089036545317
5691,pop13,1,0.05290579795837402,0.0
5691,pop54,1,0.04852581024169922,0.0
5691,pop12,2,0.027985811233520508,0.027719736099243164
5691,pop55,1,0.04746413230895996,0.0
5691,pop51,1,0.0004885196685791016,0.0
5691,pop10,1,0.00028896331787109375,0.0
5692,pop44,2,0.05177807807922363,0.05086565017700195
5692,pop27,2,0.03148031234741211,0.03119206428527832
5692,pop25,2,0.0002892017364501953,3.337860107421875e-06
5692,pop17,2,0.031005859375,0.030532360076904297
5692,pop14,1,0.0002884864807128906,0.0
5692,pop24,3,0.00027871131896972656,6.7547255709571135e-06
5693,pop48,4,0.02674424648284912,0.04506218452333322
5693,pop52,1,0.0003192424774169922,0.0
5693,pop53,1,0.0003752708435058594,0.0
5693,pop51,1,0.0004265308380126953,0.0
5693,pop19,1,0.0003495216369628906,0.0
5693,pop18,1,0.0002779960632324219,0.0
5694,pop16,2,0.05021834373474121,0.04954838752746582
5694,pop23,1,0.11233687400817871,0.0
5694,pop24,3,0.0005259513854980469,9.719293554556586e-05
5694,pop14,1,0.00035691261291503906,0.0
5694,pop50,1,0.0005509853363037109,0.0
5694,pop53,1,0.0003867149353027344,0.0
5694,pop1,1,0.0003349781036376953,0.0
5694,pop6,1,0.0002548694610595703,0.0
5695,pop32,5,0.023279333114624025,0.0456003982640231
5695,pop33,1,0.0003075599670410156,0.0
5695,pop50,1,0.00042724609375,0.0
5695,pop51,1,0.00045013427734375,0.0
5695,pop19,1,0.0003638267517089844,0.0
5695,pop18,1,0.0002474784851074219,0.0
5696,pop9,5,0.019122982025146486,0.0373962044361239
5696,pop51,1,0.00047969818115234375,0.0
5696,pop19,1,0.0003349781036376953,0.0
5696,pop20,1,0.00026798248291015625,0.0
5697,pop56,4,0.027671456336975098,0.046862423334247415
5697,pop48,1,0.0002770423889160156,0.0
5697,pop52,1,0.00042891502380371094,0.0
5697,pop53,1,0.0003826618194580078,0.0
5697,pop51,1,0.0005061626434326172,0.0
5697,pop10,1,0.0002529621124267578,0.0
5698,pop57,2,0.05719435214996338,0.056526780128479004
5698,pop56,3,0.0005162556966145834,0.00011795502019146098
5698,pop48,1,0.0002701282501220703,0.0
5698,pop52,1,0.0003058910369873047,0.0
5698,pop53,1,0.00035881996154785156,0.0
5698,pop51,1,0.00043320655822753906,0.0
5699,pop46,2,0.05006694793701172,0.049431800842285156
5699,pop45,1,0.0005209445953369141,0.0
5699,pop44,1,0.0005185604095458984,0.0
5699,pop50,1,0.0004627704620361328,0.0
5699,pop55,3,0.015686750411987305,0.02180628141698452
5699,pop52,3,0.0003708203633626302,2.4907103599277513e-05
5700,pop41,2,0.04899156093597412,0.04833042621612549
5700,pop53,2,0.0006558895111083984,0.00017118453979492188
5700,pop52,4,0.0004044175148010254,0.00013113860352757155
5700,pop51,1,0.0005767345428466797,0.0
5701,pop44,2,0.05107426643371582,0.05037951469421387
5701,pop50,2,0.0006145238876342773,0.00018656253814697266
5701,pop55,3,0.00044163068135579425,0.00011974980415317856
5701,pop53,1,0.0004115104675292969,0.0
5701,pop1,1,0.00033283233642578125,0.0
5701,pop6,1,0.00025200843811035156,0.0
5702,pop36,2,0.045660972595214844,0.04505205154418945
5702,pop10,3,0.0002962748209635417,1.049282547257678e-05
5703,pop40,3,0.06382362047831218,0.04467619247021889
5703,pop41,1,0.0002942085266113281,0.0
5703,pop53,2,0.025616765022277832,0.025249361991882324
5703,pop54,2,0.00043487548828125,4.57763671875e-05
5703,pop50,1,0.0005357265472412109,0.0
5703,pop44,1,0.00031685829162597656,0.0
5704,pop53,4,0.037090837955474854,0.03956950632709093
5704,pop41,2,0.0004788637161254883,4.565715789794922e-05
5704,pop40,1,0.09617280960083008,0.0
5704,pop1,1,0.00030541419982910156,0.0
5704,pop6,3,0.00026106834411621094,1.0004114793803397e-05
5705,pop45,2,0.052899718284606934,0.05229055881500244
5705,pop44,1,0.0006008148193359375,0.0
5705,pop50,3,0.0007410844167073568,0.00047368063169732745
5705,pop14,1,0.0004410743713378906,0.0
5705,pop17,4,0.0003752708435058594,5.944827549326882e-05
5705,pop53,1,0.0003421306610107422,0.0
5705,pop1,1,0.00032448768615722656,0.0
5705,pop15,1,0.0002224445343017578,0.0
5706,pop21,4,0.06044381856918335,0.041071537736844084
5706,pop23,4,0.01538074016571045,0.025987583168295584
5706,pop24,3,0.06181979179382324,0.04843937214171007
5706,pop14,1,0.0002930164337158203,0.0
5706,pop50,1,0.00036716461181640625,0.0
5706,pop16,1,0.00027871131896972656,0.0
5706,pop22,3,0.0003135999043782552,5.4312824506245326e-05
5706,pop51,1,0.0003352165222167969,0.0
5707,pop9,4,0.024488747119903564,0.04158043110230478
5707,pop51,1,0.0004975795745849609,0.0
5707,pop53,1,0.0003769397735595703,0.0
5707,pop52,1,0.0002880096435546875,0.0
5708,pop57,2,0.0558699369430542,0.05525767803192139
5708,pop56,1,0.11109113693237305,0.0
5708,pop48,4,0.00034821033477783203,6.65893530717254e-05
5708,pop52,1,0.0003237724304199219,0.0
5708,pop53,1,0.0005300045013427734,0.0
5708,pop51,1,0.00036263465881347656,0.0
5708,pop10,1,0.0003037452697753906,0.0
5709,pop44,3,0.0346525510152181,0.04830053910272069
5709,pop50,3,0.0005427201588948568,0.00018952315940143642
5709,pop17,2,0.02945268154144287,0.028719782829284668
5709,pop33,3,0.0003028710683186849,9.608659849365579e-06
5709,pop32,2,0.03168129920959473,0.03134751319885254
5709,pop37,2,0.0002855062484741211,3.540515899658203e-05
5710,pop50,3,0.033694823582967125,0.04676591401721097
5710,pop17,3,0.0005560715993245443,7.849110746100813e-05
5710,pop14,1,0.0003407001495361328,0.0
5710,pop24,1,0.0002980232238769531,0.0
5711,pop47,4,0.03218299150466919,0.034384989016020814
5711,pop53,2,0.0004144906997680664,1.2516975402832031e-05
5711,pop41,2,0.0004265308380126953,2.1457672119140625e-06
5711,pop40,2,0.00033402442932128906,4.38690185546875e-05
5711,pop50,1,0.00033926963806152344,0.0
5711,pop14,1,0.0003123283386230469,0.0
5711,pop24,1,0.0002868175506591797,0.0
5712,pop10,2,0.048403143882751465,0.04772460460662842
5712,pop51,1,0.0007796287536621094,0.0
5712,pop50,3,0.0004838307698567708,9.427926677442306e-05
5712,pop17,1,0.057832956314086914,0.0
5712,pop32,3,0.0003248850504557292,6.043815622490796e-05
5712,pop33,1,0.000308990478515625,0.0
5712,pop35,1,0.0002124309539794922,0.0
5713,pop56,3,0.07442005475362141,0.05216357896037295
5713,pop48,3,0.018985191980997723,0.02645833166765766
5713,pop49,2,0.00033020973205566406,5.269050598144531e-05
5713,pop52,1,0.0003211498260498047,0.0
5713,pop53,1,0.0003800392150878906,0.0
5713,pop1,1,0.00033545494079589844,0.0
5713,pop6,1,0.0002522468566894531,0.0
5714,pop36,2,0.04670083522796631,0.04606783390045166
5714,pop10,2,0.02597677707672119,0.025711417198181152
5714,pop51,2,0.00037920475006103516,5.042552947998047e-05
5714,pop50,3,0.0004994869232177734,6.265556793585964e-05
5714,pop17,1,0.060236454010009766,0.0
5714,pop14,2,0.02867293357849121,0.028393030166625977
5714,pop24,4,0.0003230571746826172,7.370682513026867e-05
5715,pop9,4,0.02396911382675171,0.04062989418921833
5715,pop51,1,0.0004730224609375,0.0
5715,pop47,1,0.0002281665802001953,0.0
5716,pop44,2,0.05124258995056152,0.05057382583618164
5716,pop50,3,0.0005350907643636068,9.780245392047706e-05
5716,pop17,2,0.08409559726715088,0.026311278343200684
5716,pop25,1,0.0002453327178955078,0.0
5716,pop27,1,0.0002567768096923828,0.0
5716,pop14,1,0.06093406677246094,0.0
5716,pop55,1,0.04615044593811035,0.0
5716,pop52,2,0.000489354133605957,0.00017392635345458984
5716,pop12,4,0.0003069639205932617,7.094635483336365e-05
5716,pop51,1,0.0003437995910644531,0.0
5716,pop19,1,0.0003643035888671875,0.0
5716,pop18,1,0.0003845691680908203,0.0
5717,pop23,3,0.03703006108601888,0.05169362059578216
5717,pop24,4,0.0004354715347290039,0.00014801113914011182
5717,pop16,1,0.00029850006103515625,0.0
5718,pop31,2,0.04583561420440674,0.04519975185394287
5718,pop17,2,0.030010104179382324,0.02966296672821045
5718,pop25,1,0.0002932548522949219,0.0
5718,pop27,1,0.00029659271240234375,0.0
5718,pop14,2,0.00043261051177978516,4.851818084716797e-05
5718,pop24,3,0.0003331502278645833,5.0227476067772564e-05
5718,pop50,1,0.0004570484161376953,0.0
5718,pop51,1,0.00035190582275390625,0.0
5718,pop19,1,0.00048041343688964844,0.0
5718,pop20,1,0.0002796649932861328,0.0
5719,pop4,3,0.05024902025858561,0.03987748972509908
5719,pop51,3,0.000568548838297526,0.00016728472530239257
5719,pop10,1,0.0982053279876709,0.0
5719,pop43,1,0.0002884864807128906,0.0
5719,pop40,4,0.00031685829162597656,5.2978303574871634e-05
5719,pop41,1,0.00030493736267089844,0.0
5719,pop53,1,0.0005204677581787109,0.0
5719,pop47,1,0.00023984909057617188,0.0
5720,pop30,2,0.043857574462890625,0.043229103088378906
5720,pop48,4,0.00033980607986450195,5.941608525047336e-05
5720,pop52,1,0.00033354759216308594,0.0
5720,pop53,1,0.0003609657287597656,0.0
5720,pop50,1,0.0003509521484375,0.0
5720,pop16,1,0.0002644062042236328,0.0
5721,pop18,3,0.03630479176839193,0.05063625062629234
5721,pop38,4,0.00039124488830566406,0.00011520663532008942
5721,pop19,1,0.00037860870361328125,0.0
5721,pop51,1,0.00035834312438964844,0.0
5721,pop50,1,0.00038504600524902344,0.0
5721,pop55,1,0.00027871131896972656,0.0
5722,pop53,2,0.04777038097381592,0.046932339668273926
5722,pop52,3,0.04980587959289551,0.03930302087362422
5722,pop13,4,0.013506710529327393,0.022868586827943065
5723,pop37,5,0.017183780670166016,0.03345495835773198
5723,pop33,1,0.00025773048400878906,0.0
5723,pop50,1,0.00036072731018066406,0.0
5723,pop14,1,0.00033783912658691406,0.0
5723,pop24,1,0.00040268898010253906,0.0
5724,pop42,2,0.04825162887573242,0.04764866828918457
5724,pop43,1,0.0005331039428710938,0.0
5724,pop51,1,0.0003743171691894531,0.0
5724,pop53,2,0.02560734748840332,0.025249481201171875
5724,pop54,1,0.04909157752990723,0.0
5724,pop52,3,0.00035444895426432293,4.591454627190993e-05
5724,pop1,1,0.0003311634063720703,0.0
5724,pop15,1,0.0002262592315673828,0.0
5725,pop8,2,0.04658174514770508,0.04593849182128906
5725,pop51,3,0.0005654493967692057,9.073162697617281e-05
5725,pop10,1,0.05124306678771973,0.0
5725,pop4,3,0.000354766845703125,5.875200134902878e-05
5725,pop53,1,0.00044035911560058594,0.0
5725,pop1,1,0.0003254413604736328,0.0
5725,pop6,1,0.0002422332763671875,0.0
5726,pop56,4,0.028576552867889404,0.04854550164801462
5726,pop48,1,0.0002944469451904297,0.0
5726,pop52,1,0.000308990478515625,0.0
5726,pop55,1,0.0002856254577636719,0.0
5727,pop36,2,0.0458681583404541,0.0452570915222168
5727,pop51,1,0.0003657341003417969,0.0
5727,pop53,4,0.0004189610481262207,2.2292057460499693e-05
5727,pop50,1,0.0003542900085449219,0.0
5727,pop16,1,0.00026607513427734375,0.0
5728,pop44,2,0.04960429668426514,0.04882967472076416
5728,pop50,1,0.0007703304290771484,0.0
5728,pop55,4,0.011501431465148926,0.01944823408586934
5728,pop52,2,0.02665424346923828,0.026331663131713867
5729,pop30,2,0.046297550201416016,0.04564785957336426
5729,pop48,2,0.028628945350646973,0.02824103832244873
5729,pop49,3,0.00036525726318359375,0.00011145875201528341
5729,pop52,1,0.0003094673156738281,0.0
5729,pop53,1,0.0003609657287597656,0.0
5729,pop51,1,0.0003933906555175781,0.0
5729,pop10,1,0.00028824806213378906,0.0
5730,pop18,2,0.05563247203826904,0.054957032203674316
5730,pop19,2,0.0005486011505126953,6.628036499023438e-05
5730,pop20,4,0.0003095269203186035,5.243538867043382e-05
5730,pop51,1,0.0006000995635986328,0.0
5730,pop50,1,0.0003795623779296875,0.0
5730,pop16,1,0.00028586387634277344,0.0
5731,pop55,4,0.04326111078262329,0.04279310065306469
5731,pop52,2,0.00037086009979248047,7.522106170654297e-05
5731,pop12,3,0.00029842058817545575,1.669875891164994e-05
5732,pop46,2,0.05154526233673096,0.05087411403656006
5732,pop45,1,0.0002841949462890625,0.0
5732,pop44,1,0.05546092987060547,0.0
5732,pop50,2,0.00047910213470458984,2.872943878173828e-05
5732,pop33,3,0.00034197171529134113,6.707217449688322e-05
5732,pop32,1,0.06358957290649414,0.0
5732,pop37,4,0.0002905130386352539,5.467653331715838e-05
5732,pop14,1,0.0002942085266113281,0.0
5732,pop24,1,0.00029540061950683594,0.0
5733,pop41,2,0.04950368404388428,0.048850417137145996
5733,pop53,3,0.0005992253621419271,0.0001968055795006816
5733,pop54,3,0.016483863194783527,0.02289057318258013
5733,pop51,1,0.0003883838653564453,0.0
5733,pop19,1,0.0003428459167480469,0.0
5733,pop18,1,0.000255584716796875,0.0
5734,pop31,2,0.04701662063598633,0.04638361930847168
5734,pop30,1,0.0006070137023925781,0.0
5734,pop48,2,0.0003635883331298828,5.4836273193359375e-05
5734,pop49,2,0.029961228370666504,0.029672741889953613
5734,pop52,1,0.0006859302520751953,0.0
5735,pop37,5,0.017488670349121094,0.034073446137532055
5735,pop33,1,0.0003066062927246094,0.0
5735,pop50,1,0.0004940032958984375,0.0
5735,pop14,1,0.0003294944763183594,0.0
5735,pop24,1,0.0004432201385498047,0.0
5736,pop22,5,0.018378019332885742,0.035936023411944865
5736,pop51,1,0.000339508056640625,0.0
5736,pop50,1,0.0003833770751953125,0.0
5736,pop44,1,0.00027823448181152344,0.0
5737,pop28,2,0.04652261734008789,0.04589366912841797
5737,pop51,1,0.0004200935363769531,0.0
5737,pop53,4,0.00046956539154052734,9.801649922006804e-05
5737,pop50,1,0.000514984130859375,0.0
5737,pop14,1,0.0002753734588623047,0.0
5737,pop24,1,0.0002942085266113281,0.0
5738,pop33,3,0.03529564539591471,0.04925160729167108
5738,pop32,4,0.0003787875175476074,9.528594335373864e-05
5738,pop50,1,0.0004062652587890625,0.0
5738,pop51,1,0.0003788471221923828,0.0
5739,pop38,2,0.05579781532287598,0.05515146255493164
5739,pop18,1,0.0002675056457519531,0.0
5739,pop19,2,0.0003418922424316406,1.1682510375976562e-05
5739,pop20,4,0.0003350377082824707,5.775671625255477e-05
5739,pop51,1,0.00044417381286621094,0.0
5739,pop50,1,0.0004646778106689453,0.0
5739,pop16,1,0.00027823448181152344,0.0
5740,pop45,6,0.01821144421895345,0.03991959721031256
5740,pop46,5,0.00027794837951660155,9.18502741076241e-06
5740,pop20,5,0.022335290908813477,0.02700455145674329
5740,pop44,3,0.037105401357014976,0.026034901075125717
5740,pop19,1,0.00028967857360839844,0.0
5740,pop51,1,0.00034427642822265625,0.0
5741,pop39,2,0.05016791820526123,0.04951822757720947
5741,pop38,3,0.0003685951232910156,0.00011560326616428884
5741,pop18,1,0.0002951622009277344,0.0
5741,pop19,1,0.0004885196685791016,0.0
5741,pop51,1,0.0003829002380371094,0.0
5741,pop53,1,0.0003924369812011719,0.0
5741,pop1,1,0.0003185272216796875,0.0
5741,pop15,1,0.0002377033233642578,0.0
5742,pop24,5,0.02400860786437988,0.04717613708156317
5742,pop23,1,0.058068037033081055,0.0
5742,pop14,1,0.0003600120544433594,0.0
5742,pop50,1,0.00046634674072265625,0.0
5742,pop44,1,0.00030612945556640625,0.0
5743,pop14,5,0.022582817077636718,0.04421813810188794
5743,pop50,1,0.0005140304565429688,0.0
5743,pop51,1,0.00036334991455078125,0.0
5743,pop19,1,0.0003445148468017578,0.0
5743,pop18,1,0.00026535987854003906,0.0
5744,pop50,3,0.033701419830322266,0.046711864866599215
5744,pop17,1,0.05911755561828613,0.0
5744,pop53,4,0.0004566311836242676,4.1902828345262506e-05
5744,pop51,1,0.00038623809814453125,0.0
5744,pop19,1,0.0003726482391357422,0.0
5744,pop20,1,0.0002689361572265625,0.0
5745,pop47,5,0.017228031158447267,0.03371830419156957
5745,pop51,1,0.0004253387451171875,0.0
5745,pop19,1,0.0003063678741455078,0.0
5745,pop20,1,0.00025725364685058594,0.0
5746,pop10,2,0.04922056198120117,0.04858994483947754
5746,pop51,1,0.00038743019104003906,0.0
5746,pop53,2,0.0254976749420166,0.025167465209960938
5746,pop54,1,0.04944491386413574,0.0
5746,pop52,3,0.0003711382548014323,8.941943470246027e-05
5746,pop47,1,0.00026869773864746094,0.0
5747,pop9,5,0.01914210319519043,0.03749643221149733
5747,pop51,1,0.0003681182861328125,0.0
5747,pop50,1,0.0003724098205566406,0.0
5747,pop55,1,0.00025773048400878906,0.0
5748,pop55,2,0.0435100793838501,0.042850613594055176
5748,pop52,2,0.0003091096878051758,4.172325134277344e-06
5748,pop48,4,0.0003254413604736328,3.797335155015353e-05
5748,pop34,1,0.00025653839111328125,0.0
5748,pop35,1,0.00022101402282714844,0.0
5749,pop46,2,0.051215529441833496,0.050565361976623535
5749,pop45,1,0.0002849102020263672,0.0
5749,pop44,1,0.00031685829162597656,0.0
5749,pop50,3,0.0005114078521728516,0.00022264568090450728
5749,pop32,2,0.031159281730651855,0.030734896659851074
5749,pop33,2,0.0004903078079223633,7.736682891845703e-05
5749,pop53,2,0.0003687143325805664,3.2186508178710938e-06
5749,pop52,2,0.0004936456680297852,4.2557716369628906e-05
5749,pop37,3,0.000318447748819987,4.8803971901514956e-05
5749,pop55,1,0.00037169456481933594,0.0
5750,pop22,5,0.01869034767150879,0.03658253268711343
5750,pop51,1,0.0003561973571777344,0.0
5750,pop19,1,0.00032711029052734375,0.0
5750,pop18,1,0.0002827644348144531,0.0
5751,pop27,4,0.030277013778686523,0.05163059603174503
5751,pop25,1,0.00030422210693359375,0.0
5751,pop17,1,0.00033020973205566406,0.0
5751,pop50,1,0.0004513263702392578,0.0
5751,pop51,1,0.0003223419189453125,0.0
5751,pop19,1,0.00033020973205566406,0.0
5751,pop18,1,0.0002522468566894531,0.0
5752,pop52,2,0.05011606216430664,0.049334049224853516
5752,pop55,3,0.0003750324249267578,0.0001102226393545481
5752,pop50,1,0.0005376338958740234,0.0
5752,pop51,1,0.0004267692565917969,0.0
5752,pop10,1,0.0002906322479248047,0.0
5753,pop23,5,0.022746849060058593,0.04461865194832286
5753,pop16,1,0.0003421306610107422,0.0
5753,pop50,1,0.000446319580078125,0.0
5753,pop53,1,0.0003368854522705078,0.0
5753,pop52,1,0.00028061866760253906,0.0
5754,pop4,2,0.050202012062072754,0.049532532691955566
5754,pop51,1,0.0003998279571533203,0.0
5754,pop53,1,0.05225205421447754,0.0
5754,pop54,1,0.04872417449951172,0.0
5754,pop52,3,0.01798256238301595,0.0249964056426601
5754,pop37,2,0.0003139972686767578,4.315376281738281e-05
5754,pop34,1,0.0002505779266357422,0.0
5754,pop35,1,0.0002181529998779297,0.0
5755,pop53,4,0.0372505784034729,0.03990891468288706
5755,pop54,1,0.0003070831298828125,0.0
5755,pop52,2,0.0003561973571777344,3.719329833984375e-05
5755,pop55,1,0.00027179718017578125,0.0
5756,pop45,2,0.052680373191833496,0.05201852321624756
5756,pop46,1,0.0002868175506591797,0.0
5756,pop20,1,0.05537891387939453,0.0
5756,pop19,2,0.00040352344512939453,7.069110870361328e-05
5756,pop18,2,0.0002727508544921875,1.5735626220703125e-05
5756,pop38,3,0.0003590583801269531,3.53958591830285e-05
5756,pop51,1,0.0005538463592529297,0.0
5756,pop50,1,0.0004031658172607422,0.0
5756,pop53,1,0.0005016326904296875,0.0
5756,pop52,1,0.00030922889709472656,0.0
5757,pop14,4,0.043354034423828125,0.046835592140388745
5757,pop24,3,0.0003581047058105469,9.392138738385526e-05
5757,pop50,1,0.0004119873046875,0.0
5757,pop53,1,0.00038504600524902344,0.0
5757,pop47,1,0.00024819374084472656,0.0
5758,pop50,3,0.0329445997873942,0.045681551752646606
5758,pop33,2,0.0003129243850708008,2.9206275939941406e-05
5758,pop32,4,0.00037986040115356445,7.810353483158524e-05
5758,pop53,1,0.00046133995056152344,0.0
5758,pop47,1,0.0003578662872314453,0.0
5759,pop47,2,0.04242098331451416,0.04179871082305908
5759,pop51,2,0.0005002021789550781,2.8133392333984375e-05
5759,pop19,2,0.0003447532653808594,2.9325485229492188e-05
5759,pop20,1,0.056710004806518555,0.0
5759,pop53,1,0.0004887580871582031,0.0
5759,pop50,2,0.00039446353912353516,2.3484230041503906e-05
5759,pop17,4,0.00036841630935668945,7.885969320108984e-05
5759,pop35,1,0.00021314620971679688,0.0
5760,pop22,4,0.022992372512817383,0.03903985955834536
5760,pop51,1,0.0003361701965332031,0.0
5760,pop53,1,0.000347137451171875,0.0
5760,pop1,1,0.00033736228942871094,0.0
5760,pop15,1,0.00021648406982421875,0.0
5761,pop6,3,0.05568695068359375,0.04445873655781572
5761,pop1,1,0.0003364086151123047,0.0
5761,pop53,2,0.00039064884185791016,8.463859558105469e-06
5761,pop41,2,0.0003083944320678711,1.0609626770019531e-05
5761,pop40,1,0.05073857307434082,0.0
5761,pop52,2,0.0003160238265991211,5.602836608886719e-06
5761,pop13,1,0.05180239677429199,0.0
5761,pop12,3,0.00031693776448567707,8.178378966004979e-05
5762,pop48,3,0.036233743031819664,0.05046302150143319
5762,pop56,3,0.0003456274668375651,5.3391686545077466e-05
5762,pop52,1,0.00034880638122558594,0.0
5762,pop53,1,0.00040340423583984375,0.0
5762,pop1,1,0.00032138824462890625,0.0
5762,pop15,1,0.00022220611572265625,0.0
5763,pop42,2,0.04836273193359375,0.047745704650878906
5763,pop43,1,0.0002789497375488281,0.0
5763,pop51,6,0.0003686348597208659,1.7728905933728134e-05
5763,pop19,3,0.00047516822814941406,0.0001264294557422114
5763,pop20,2,0.028190970420837402,0.027926325798034668
5763,pop18,1,0.0003008842468261719,0.0
5763,pop38,1,0.00026154518127441406,0.0
5763,pop39,1,0.00027060508728027344,0.0
5763,pop44,1,0.00030684471130371094,0.0
5763,pop50,3,0.0004421075185139974,4.08048056180773e-05
5763,pop4,1,0.05440950393676758,0.0
5763,pop9,3,0.01847497622172038,0.025751275675059096
5763,pop10,1,0.057112693786621094,0.0
5763,pop17,2,0.00038993358612060547,8.881092071533203e-05
5764,pop8,2,0.04662621021270752,0.04597437381744385
5764,pop51,3,0.0004170735677083333,7.320921470821536e-05
5764,pop4,2,0.026275634765625,0.025976181030273438
5764,pop10,2,0.00038552284240722656,0.00011205673217773438
5764,pop50,1,0.0003695487976074219,0.0
5764,pop35,1,0.00021767616271972656,0.0
5765,pop56,3,0.057442665100097656,0.045541567364469265
5765,pop2,1,0.0605161190032959,0.0
5765,pop49,1,0.05888080596923828,0.0
5765,pop48,1,0.0002765655517578125,0.0
5765,pop52,1,0.053223371505737305,0.0
5765,pop13,1,0.05203413963317871,0.0
5766,pop44,3,0.05221700668334961,0.04074700358996275
5766,pop50,1,0.0004413127899169922,0.0
5766,pop53,4,0.013003230094909668,0.021747221096776927
5766,pop1,3,0.0003237724304199219,1.5344231519416893e-05
5766,pop6,2,0.030066847801208496,0.029694199562072754
5766,pop54,1,0.048346757888793945,0.0
5767,pop30,2,0.044767141342163086,0.04415249824523926
5767,pop48,2,0.00028395652770996094,7.867813110351562e-06
5767,pop49,4,0.0003362894058227539,9.092293434253796e-05
5767,pop52,1,0.0002980232238769531,0.0
5767,pop53,1,0.00033783912658691406,0.0
5767,pop50,1,0.0003521442413330078,0.0
5767,pop16,1,0.0002789497375488281,0.0
5768,pop18,4,0.027597129344940186,0.04709993582807785
5768,pop19,3,0.0003952980041503906,9.024765227536002e-05
5768,pop20,1,0.05581998825073242,0.0
5768,pop46,1,0.00029921531677246094,0.0
5768,pop51,3,0.00036565462748209637,3.633065947404231e-05
5768,pop38,1,0.05903196334838867,0.0
5768,pop22,3,0.0002988179524739583,6.179361088364517e-05
5768,pop53,1,0.0003840923309326172,0.0
5768,pop1,1,0.00033783912658691406,0.0
5768,pop15,1,0.0002372264862060547,0.0
5769,pop39,2,0.05027484893798828,0.049637556076049805
5769,pop38,1,0.000286102294921875,0.0
5769,pop18,1,0.0004112720489501953,0.0
5769,pop19,2,0.0003312826156616211,1.2755393981933594e-05
5769,pop20,3,0.0003217061360677083,3.072569173039327e-05
5769,pop51,1,0.0004801750183105469,0.0
5769,pop53,1,0.00038433074951171875,0.0
5769,pop52,1,0.00028133392333984375,0.0
5770,pop16,2,0.049159884452819824,0.04853475093841553
5770,pop23,2,0.0003050565719604492,9.655952453613281e-06
5770,pop21,1,0.061325788497924805,0.0
5770,pop24,4,0.0003585219383239746,7.522236052871432e-05
5770,pop14,1,0.0003349781036376953,0.0
5770,pop50,1,0.00047135353088378906,0.0
5770,pop51,1,0.00040411949157714844,0.0
5770,pop19,1,0.00033283233642578125,0.0
5770,pop18,1,0.00027871131896972656,0.0
5771,pop32,5,0.02211761474609375,0.0434118247170228
5771,pop33,1,0.0002734661102294922,0.0
5771,pop50,1,0.0003542900085449219,0.0
5771,pop51,1,0.0003752708435058594,0.0
5771,pop19,1,0.00032639503479003906,0.0
5771,pop18,1,0.000263214111328125,0.0
5772,pop41,3,0.017621914545694988,0.024423716888417886
5772,pop40,4,0.00039315223693847656,7.116105654931692e-05
5772,pop53,1,0.0005252361297607422,0.0
5772,pop52,1,0.00040841102600097656,0.0
5772,pop34,1,0.00024628639221191406,0.0
5772,pop35,1,0.0002155303955078125,0.0
5773,pop31,2,0.02459585666656494,0.02420032024383545
5773,pop30,1,0.0003857612609863281,0.0
5773,pop48,2,0.029671311378479004,0.02939021587371826
5773,pop52,1,0.00033283233642578125,0.0
5773,pop13,1,0.053040266036987305,0.0
5774,pop4,5,0.010455322265625,0.020132741549894022
5774,pop51,1,0.00051116943359375,0.0
5774,pop50,1,0.0004918575286865234,0.0
5774,pop16,1,0.0002799034118652344,0.0
5775,pop53,4,0.013077855110168457,0.02189312004995931
5775,pop41,2,0.0003046989440917969,3.5762786865234375e-06
5775,pop40,1,0.04945516586303711,0.0
5775,pop54,1,0.04947185516357422,0.0
5775,pop52,2,0.00036466121673583984,4.3272972106933594e-05
5775,pop48,2,0.027515888214111328,0.02724766731262207
5775,pop49,3,0.019704580307006836,0.027392634305358095
5775,pop2,3,0.020306507746378582,0.02830201781765487
5775,pop56,1,0.06041145324707031,0.0
5775,pop7,1,0.00022912025451660156,0.0
5776,pop50,3,0.01784650484720866,0.024577176469511915
5776,pop33,2,0.0003809928894042969,2.1696090698242188e-05
5776,pop32,3,0.0003261566162109375,7.985587014799513e-05
5776,pop51,1,0.00048613548278808594,0.0
5776,pop19,1,0.0003647804260253906,0.0
5776,pop18,1,0.00027680397033691406,0.0
5777,pop22,2,0.023877382278442383,0.023480653762817383
5777,pop51,1,0.00034618377685546875,0.0
5777,pop19,1,0.0005693435668945312,0.0
5777,pop18,1,0.00026869773864746094,0.0
5777,pop38,1,0.0002455711364746094,0.0
5777,pop39,1,0.00023126602172851562,0.0
5777,pop44,5,0.012282752990722656,0.023870807442023426
5777,pop45,5,0.0002777099609375,1.4162464971024385e-05
5777,pop46,5,0.00027942657470703125,7.298880198794146e-06
5777,pop20,3,0.040554046630859375,0.02852544923901252
5777,pop50,2,0.0004640817642211914,2.2649765014648438e-06
5777,pop17,3,0.021478652954101562,0.029830539599965497
5778,pop8,2,0.024277210235595703,0.023866891860961914
5778,pop51,4,0.0003623366355895996,1.409129945114498e-05
5778,pop43,2,0.00033402442932128906,5.650520324707031e-05
5778,pop40,2,0.02532505989074707,0.025048255920410156
5778,pop4,1,0.05243945121765137,0.0
5778,pop10,1,0.051033973693847656,0.0
5778,pop53,1,0.05205798149108887,0.0
5778,pop54,1,0.00028896331787109375,0.0
5778,pop52,3,0.0003937085469563802,4.60735636326177e-05
5778,pop55,1,0.0002593994140625,0.0
5779,pop40,2,0.02509284019470215,0.024665355682373047
5779,pop41,1,0.0003056526184082031,0.0
5779,pop53,1,0.0005950927734375,0.0
5779,pop54,1,0.0002903938293457031,0.0
5779,pop52,2,0.00031173229217529297,2.0623207092285156e-05
5779,pop12,3,0.00030430157979329425,5.228214960026268e-05
5779,pop34,1,0.00024199485778808594,0.0
5779,pop35,1,0.0002243518829345703,0.0
5780,pop21,5,0.012589263916015624,0.02447395160953816
5780,pop23,1,0.0003256797790527344,0.0
5780,pop16,1,0.0002880096435546875,0.0
5780,pop50,1,0.0003948211669921875,0.0
5780,pop51,1,0.0003743171691894531,0.0
5780,pop19,1,0.00035119056701660156,0.0
5780,pop18,1,0.0002701282501220703,0.0
5781,pop57,2,0.029930472373962402,0.02953803539276123
5781,pop56,4,0.0003432631492614746,0.00010357845058400318
5781,pop48,1,0.00029349327087402344,0.0
5781,pop52,1,0.0002770423889160156,0.0
5781,pop53,1,0.0003764629364013672,0.0
5781,pop1,1,0.0003135204315185547,0.0
5781,pop6,1,0.00023627281188964844,0.0
5782,pop28,2,0.024280309677124023,0.023885726928710938
5782,pop51,2,0.0003477334976196289,3.4570693969726562e-06
5782,pop19,2,0.0003515481948852539,5.960464477539062e-07
5782,pop20,1,0.05581212043762207,0.0
5782,pop43,1,0.00038361549377441406,0.0
5782,pop40,2,0.025190114974975586,0.02491164207458496
5782,pop41,1,0.0003218650817871094,0.0
5782,pop53,2,0.00047266483306884766,0.00012981891632080078
5782,pop50,1,0.00036025047302246094,0.0
5782,pop55,1,0.0002689361572265625,0.0
5782,pop52,2,0.027482986450195312,0.02720165252685547
5782,pop12,3,0.0002818107604980469,3.333997762471975e-05
5782,pop1,1,0.0002887248992919922,0.0
5782,pop6,1,0.00025200843811035156,0.0
5783,pop38,2,0.029357314109802246,0.02895176410675049
5783,pop18,1,0.00028634071350097656,0.0
5783,pop19,1,0.0003075599670410156,0.0
5783,pop20,1,0.055577993392944336,0.0
5783,pop46,1,0.0002684593200683594,0.0
5783,pop45,1,0.0003979206085205078,0.0
5783,pop44,2,0.02735745906829834,0.027068495750427246
5783,pop50,2,0.0005364418029785156,2.1696090698242188e-05
5783,pop17,3,0.00035301844278971356,2.4442523685126097e-05
5783,pop16,1,0.0002796649932861328,0.0
5784,pop42,2,0.02505326271057129,0.02465200424194336
5784,pop43,1,0.00029206275939941406,0.0
5784,pop40,1,0.04904985427856445,0.0
5784,pop41,1,0.0003159046173095703,0.0
5784,pop53,2,0.0003592967987060547,2.7418136596679688e-05
5784,pop52,3,0.0004055500030517578,6.498032655980225e-05
5784,pop50,1,0.0003826618194580078,0.0
5784,pop16,1,0.00024318695068359375,0.0
5785,pop44,2,0.02696406841278076,0.0265275239944458
5785,pop50,2,0.0003961324691772461,3.063678741455078e-05
5785,pop33,4,0.00032836198806762695,6.826236092647084e-05
5785,pop32,4,0.01585489511489868,0.026865528313791607
5785,pop37,2,0.022656559944152832,0.02237880229949951
5785,pop53,1,0.00044417381286621094,0.0
5785,pop47,1,0.00024247169494628906,0.0
5786,pop18,5,0.011330890655517577,0.022049239025567133
5786,pop19,5,0.0003670692443847656,4.8143223203465066e-05
5786,pop20,2,0.05495047569274902,0.0003447532653808594
5786,pop38,1,0.06275081634521484,0.0
5786,pop51,2,0.00046539306640625,0.00011849403381347656
5786,pop53,2,0.026275992393493652,0.025934576988220215
5786,pop54,2,0.0257718563079834,0.025531291961669922
5786,pop52,4,0.014348208904266357,0.024228500585306356
5786,pop56,1,0.0002474784851074219,0.0
5786,pop48,2,0.06293797492980957,0.0020051002502441406
5786,pop49,3,0.043959856033325195,0.030871327035033418
5786,pop2,1,0.06592702865600586,0.0
5786,pop12,2,0.00032889842987060547,7.11679458618164e-05
5787,pop32,5,0.012210464477539063,0.02366842988867587
5787,pop33,1,0.00029540061950683594,0.0
5787,pop50,1,0.00035881996154785156,0.0
5787,pop51,1,0.00036597251892089844,0.0
5787,pop19,1,0.0003364086151123047,0.0
5787,pop20,1,0.0003857612609863281,0.0
5788,pop31,2,0.023956656455993652,0.02354872226715088
5788,pop17,2,0.03034079074859619,0.029993891716003418
5788,pop50,2,0.00036537647247314453,3.6954879760742188e-06
5788,pop55,2,0.0003412961959838867,5.257129669189453e-05
5788,pop53,1,0.0003948211669921875,0.0
5788,pop1,1,0.0003402233123779297,0.0
5788,pop15,1,0.00022554397583007812,0.0
5789,pop50,3,0.017574151357014973,0.024193508720246067
5789,pop17,4,0.0004208087921142578,7.981985553661054e-05
5789,pop44,1,0.00039005279541015625,0.0
5790,pop24,4,0.01594465970993042,0.026834597530006027
5790,pop14,1,0.00048232078552246094,0.0
5790,pop50,1,0.0005495548248291016,0.0
5790,pop51,1,0.0005192756652832031,0.0
5790,pop19,1,0.00036025047302246094,0.0
5790,pop20,1,0.0002639293670654297,0.0
5791,pop10,4,0.012892067432403564,0.021529028215918178
5791,pop51,1,0.0004520416259765625,0.0
5791,pop50,1,0.0004017353057861328,0.0
5791,pop44,1,0.00029850006103515625,0.0
5792,pop16,3,0.018028656641642254,0.024987829451888724
5792,pop23,4,0.0003795623779296875,5.316948137987209e-05
5792,pop50,1,0.00047659873962402344,0.0
5792,pop53,1,0.00032711029052734375,0.0
5792,pop7,1,0.0003497600555419922,0.0
5793,pop41,3,0.017358064651489258,0.024048719483534903
5793,pop40,4,0.0003089308738708496,3.119248366308872e-05
5793,pop53,1,0.0003561973571777344,0.0
5793,pop7,1,0.0002300739288330078,0.0
5794,pop28,2,0.024123787879943848,0.023711800575256348
5794,pop36,1,0.000286102294921875,0.0
5794,pop10,4,0.00033038854598999023,6.153818037899315e-05
5794,pop51,1,0.0003428459167480469,0.0
5794,pop47,1,0.0002453327178955078,0.0
5795,pop18,3,0.01894203821818034,0.026272651786309897
5795,pop38,3,0.0003250439961751302,6.417589658128543e-05
5795,pop19,1,0.0003497600555419922,0.0
5795,pop51,1,0.0004069805145263672,0.0
5795,pop50,1,0.0003559589385986328,0.0
5795,pop14,1,0.0003452301025390625,0.0
5795,pop24,1,0.00028705596923828125,0.0
5796,pop50,2,0.02625274658203125,0.02571725845336914
5796,pop55,2,0.02390730381011963,0.023621201515197754
5796,pop52,3,0.0003158251444498698,2.5849334087619534e-05
5797,pop27,2,0.030733227729797363,0.030204415321350098
5797,pop25,1,0.00028014183044433594,0.0
5797,pop17,1,0.00041961669921875,0.0
5797,pop50,2,0.0004868507385253906,7.62939453125e-05
5797,pop14,2,0.0002843141555786133,1.2278556823730469e-05
5797,pop24,4,0.0003325343132019043,5.893627584984965e-05
5797,pop53,1,0.00037741661071777344,0.0
5797,pop47,1,0.00023221969604492188,0.0
5798,pop45,3,0.01871037483215332,0.025950553166975865
5798,pop46,2,0.0002701282501220703,1.0728836059570312e-05
5798,pop20,4,0.00028818845748901367,1.5731448825571156e-05
5798,pop44,1,0.0002808570861816406,0.0
5799,pop14,4,0.01481008529663086,0.02494267527043157
5799,pop50,1,0.00057220458984375,0.0
5799,pop16,1,0.00028228759765625,0.0
5800,pop21,5,0.012604427337646485,0.02449153315310855
5800,pop23,1,0.00030422210693359375,0.0
5800,pop16,1,0.000316619873046875,0.0
5800,pop50,1,0.0004506111145019531,0.0
5800,pop51,1,0.0004589557647705078,0.0
5800,pop19,1,0.0003457069396972656,0.0
5800,pop18,1,0.00027108192443847656,0.0
5801,pop57,2,0.030278682708740234,0.02988290786743164
5801,pop56,1,0.000263214111328125,0.0
5801,pop2,2,0.031145691871643066,0.03087174892425537
5801,pop49,1,0.0002715587615966797,0.0
5801,pop48,1,0.0002627372741699219,0.0
5801,pop52,2,0.00029408931732177734,1.0132789611816406e-05
5801,pop13,3,0.00026377042134602863,3.493209636923523e-05
5801,pop53,1,0.00038743019104003906,0.0
5801,pop7,1,0.0002205371856689453,0.0
5802,pop31,2,0.024499177932739258,0.02408885955810547
5802,pop30,1,0.00026869773864746094,0.0
5802,pop48,2,0.00027871131896972656,1.430511474609375e-06
5802,pop56,4,0.00029581785202026367,6.616435064729249e-05
5802,pop52,1,0.00034880638122558594,0.0
5802,pop53,1,0.0004096031188964844,0.0
5802,pop50,1,0.000446319580078125,0.0
5802,pop16,1,0.0003762245178222656,0.0
5803,pop36,2,0.024927735328674316,0.024523377418518066
5803,pop10,1,0.052761077880859375,0.0
5803,pop51,2,0.0004374980926513672,4.57763671875e-05
5803,pop4,3,0.0003165404001871745,3.479350478958967e-05
5803,pop19,1,0.0003528594970703125,0.0
5803,pop18,1,0.00025153160095214844,0.0
5804,pop6,2,0.0288618803024292,0.02846825122833252
5804,pop1,1,0.00029850006103515625,0.0
5804,pop53,2,0.00038623809814453125,1.6689300537109375e-05
5804,pop54,2,0.025203347206115723,0.024933218955993652
5804,pop52,3,0.0003807544708251953,9.223995472813299e-05
5804,pop51,1,0.0006222724914550781,0.0
5804,pop46,1,0.00028014183044433594,0.0
5804,pop20,1,0.00041031837463378906,0.0
5805,pop56,6,0.020339449246724445,0.028278126916920984
5805,pop2,2,0.030526041984558105,0.030265212059020996
5805,pop48,3,0.037696123123168945,0.026435250413314817
5805,pop49,1,0.058061838150024414,0.0
5805,pop52,1,0.00035834312438964844,0.0
5805,pop53,1,0.00036072731018066406,0.0
5805,pop51,1,0.0003647804260253906,0.0
5805,pop19,1,0.0002846717834472656,0.0
5805,pop18,1,0.0002830028533935547,0.0
5806,pop30,2,0.023746490478515625,0.02333235740661621
5806,pop48,3,0.000364383061726888,4.1970850441166e-05
5806,pop52,1,0.00029730796813964844,0.0
5806,pop53,1,0.00047850608825683594,0.0
5806,pop7,1,0.0002346038818359375,0.0
5807,pop10,5,0.010470008850097657,0.020175921525679173
5807,pop51,1,0.0003867149353027344,0.0
5807,pop50,1,0.0004439353942871094,0.0
5807,pop16,1,0.0002751350402832031,0.0
5808,pop18,3,0.01894855499267578,0.02632449067930664
5808,pop38,3,0.020314772923787434,0.02830930801771437
5808,pop19,1,0.0002968311309814453,0.0
5808,pop20,1,0.056122779846191406,0.0
5808,pop46,1,0.00026607513427734375,0.0
5808,pop45,1,0.0003910064697265625,0.0
5808,pop44,1,0.0562129020690918,0.0
5808,pop50,2,0.000517725944519043,1.8477439880371094e-05
5808,pop17,2,0.00039005279541015625,6.198883056640625e-05
5808,pop53,1,0.0003802776336669922,0.0
5808,pop1,1,0.000331878662109375,0.0
5808,pop15,1,0.00024056434631347656,0.0
5809,pop14,4,0.029374301433563232,0.029003436419480392
5809,pop24,3,0.000370025634765625,4.619663751519342e-05
5809,pop50,1,0.0004534721374511719,0.0
5809,pop53,1,0.0003478527069091797,0.0
5809,pop47,1,0.0002541542053222656,0.0
5810,pop37,4,0.011455893516540527,0.019132383768360153
5810,pop52,1,0.00030422210693359375,0.0
5810,pop53,1,0.0003733634948730469,0.0
5810,pop47,1,0.0002448558807373047,0.0
5811,pop53,2,0.02506434917449951,0.024535059928894043
5811,pop54,1,0.04857778549194336,0.0
5811,pop52,4,0.00037539005279541016,0.00012375296579089748
5811,pop55,1,0.00028252601623535156,0.0
5811,pop50,1,0.0003955364227294922,0.0
5811,pop14,1,0.0002732276916503906,0.0
5811,pop24,1,0.00025010108947753906,0.0
5812,pop22,5,0.010096168518066407,0.01955141101033742
5812,pop51,1,0.0004856586456298828,0.0
5812,pop53,1,0.0005207061767578125,0.0
5812,pop54,1,0.00027632713317871094,0.0
5812,pop52,1,0.0002894401550292969,0.0
5813,pop45,3,0.019383827845255535,0.02685855941752884
5813,pop44,4,0.00034165382385253906,4.424800896687037e-05
5813,pop46,1,0.0002841949462890625,0.0
5813,pop20,1,0.00025177001953125,0.0
5814,pop21,2,0.030673980712890625,0.030228614807128906
5814,pop23,4,0.000326693058013916,1.293777820866804e-05
5814,pop16,1,0.0002620220184326172,0.0
5814,pop50,1,0.0003657341003417969,0.0
5814,pop44,1,0.00031375885009765625,0.0
5815,pop57,2,0.03032505512237549,0.029921412467956543
5815,pop56,1,0.00026345252990722656,0.0
5815,pop2,3,0.00033219655354817707,9.782260033639835e-05
5815,pop49,1,0.00027441978454589844,0.0
5815,pop48,1,0.0002651214599609375,0.0
5815,pop52,1,0.0003046989440917969,0.0
5815,pop53,1,0.0004296302795410156,0.0
5815,pop51,1,0.0003616809844970703,0.0
5816,pop14,4,0.02985560894012451,0.029468006379114765
5816,pop24,2,0.00037741661071777344,8.20159912109375e-05
5816,pop50,1,0.0004189014434814453,0.0
5816,pop35,1,0.00022602081298828125,0.0
5817,pop33,3,0.018929243087768555,0.026245584738311886
5817,pop32,2,0.031427741050720215,0.0311051607131958
5817,pop37,3,0.0003554821014404297,0.00011654808000747579
5817,pop52,1,0.00033283233642578125,0.0
5817,pop53,1,0.000484466552734375,0.0
5817,pop1,1,0.00033283233642578125,0.0
5817,pop15,1,0.00021910667419433594,0.0
5818,pop40,2,0.025043249130249023,0.024625301361083984
5818,pop43,1,0.0002906322479248047,0.0
5818,pop51,4,0.00037926435470581055,3.2805034126088845e-05
5818,pop10,3,0.0356741746266683,0.02497180700355206
5818,pop4,1,0.05292177200317383,0.0
5818,pop53,3,0.01808031400044759,0.025028944627061667
5818,pop54,1,0.04966473579406738,0.0
5818,pop52,1,0.00029397010803222656,0.0
5818,pop55,2,0.0003641843795776367,9.715557098388672e-05
5818,pop50,1,0.00040531158447265625,0.0
5818,pop47,1,0.00024199485778808594,0.0
5819,pop42,2,0.02532672882080078,0.02494025230407715
5819,pop43,1,0.0002846717834472656,0.0
5819,pop51,1,0.0005481243133544922,0.0
5819,pop53,1,0.0003712177276611328,0.0
5819,pop50,4,0.00043958425521850586,6.957154125380153e-05
5819,pop17,5,0.012076234817504883,0.02340846395383061
5819,pop44,1,0.05484771728515625,0.0
5819,pop16,1,0.0002522468566894531,0.0
5820,pop44,2,0.02727353572845459,0.026842474937438965
5820,pop50,2,0.0004407167434692383,2.9921531677246094e-05
5820,pop17,3,0.00040602684020996094,7.856558446845537e-05
5820,pop35,1,0.00022482872009277344,0.0
5821,pop32,5,0.012477684020996093,0.024218732793433787
5821,pop33,1,0.0003139972686767578,0.0
5821,pop50,1,0.0004038810729980469,0.0
5821,pop35,1,0.00022029876708984375,0.0
5822,pop56,2,0.02967202663421631,0.029261231422424316
5822,pop2,4,0.0003623366355895996,5.07645099838972e-05
5822,pop49,1,0.00025081634521484375,0.0
5822,pop48,1,0.0002834796905517578,0.0
5822,pop52,1,0.00030875205993652344,0.0
5822,pop53,1,0.00038695335388183594,0.0
5822,pop50,1,0.000408172607421875,0.0
5822,pop14,1,0.0003421306610107422,0.0
5822,pop24,1,0.00029277801513671875,0.0
5823,pop22,4,0.012143909931182861,0.0204069384442699
5823,pop51,1,0.00030684471130371094,0.0
5823,pop50,1,0.0003540515899658203,0.0
5823,pop55,1,0.0002677440643310547,0.0
5824,pop9,4,0.013313055038452148,0.02239556077408542
5824,pop51,1,0.00037169456481933594,0.0
5824,pop19,1,0.00034618377685546875,0.0
5824,pop18,1,0.0004279613494873047,0.0
5825,pop55,2,0.023064613342285156,0.022653818130493164
5825,pop52,5,0.011008834838867188,0.021418885269441315
5825,pop13,1,0.05225825309753418,0.0
5825,pop37,2,0.00035071372985839844,8.058547973632812e-05
5825,pop53,1,0.00039696693420410156,0.0
5825,pop51,1,0.00035762786865234375,0.0
5826,pop46,2,0.026953816413879395,0.026538968086242676
5826,pop45,1,0.00028252601623535156,0.0
5826,pop44,1,0.0004398822784423828,0.0
5826,pop50,2,0.0004628896713256836,5.066394805908203e-05
5826,pop17,4,0.0003871917724609375,6.939741940132283e-05
5826,pop51,1,0.00040459632873535156,0.0
5826,pop19,1,0.0003521442413330078,0.0
5826,pop20,1,0.0002830028533935547,0.0
5827,pop16,2,0.026811718940734863,0.026415705680847168
5827,pop50,3,0.0005064805348714193,0.00014259136449512187
5827,pop14,1,0.00034165382385253906,0.0
5827,pop27,1,0.00029397010803222656,0.0
5827,pop25,1,0.0002758502960205078,0.0
5827,pop17,2,0.030003666877746582,0.029656291007995605
5827,pop33,2,0.00033152103424072266,3.230571746826172e-05
5827,pop32,3,0.00039076805114746094,0.00014511147905002462
5827,pop53,1,0.000377655029296875,0.0
5827,pop47,1,0.00023317337036132812,0.0
5828,pop21,2,0.03128087520599365,0.03086721897125244
5828,pop23,2,0.03012549877166748,0.029856324195861816
5828,pop24,2,0.0003437995910644531,1.9311904907226562e-05
5828,pop14,1,0.00028777122497558594,0.0
5828,pop50,1,0.00047707557678222656,0.0
5828,pop51,1,0.00035572052001953125,0.0
5829,pop14,3,0.019776264826456707,0.027406497570116574
5829,pop50,2,0.0005042552947998047,0.0001087188720703125
5829,pop27,1,0.0002684593200683594,0.0
5829,pop25,1,0.0003387928009033203,0.0
5829,pop17,2,0.030247926712036133,0.029894351959228516
5829,pop53,2,0.026359200477600098,0.025986790657043457
5829,pop52,3,0.00035532315572102863,4.980812091435882e-05
5829,pop1,1,0.00031566619873046875,0.0
5829,pop6,1,0.0002548694610595703,0.0
5830,pop42,2,0.025434136390686035,0.025050759315490723
5830,pop43,1,0.000293731689453125,0.0
5830,pop51,3,0.000352938969930013,1.6209346496559095e-06
5830,pop9,2,0.02498483657836914,0.024750947952270508
5830,pop4,1,0.05429649353027344,0.0
5830,pop19,1,0.0005087852478027344,0.0
5830,pop18,1,0.0002834796905517578,0.0
5830,pop38,1,0.00028061866760253906,0.0
5830,pop39,1,0.00026416778564453125,0.0
5830,pop44,2,0.030757546424865723,0.030483365058898926
5830,pop45,3,0.00029269854227701825,9.475618083183849e-06
5830,pop46,3,0.0002739429473876953,1.0664179918502402e-05
5830,pop20,3,0.020586331685384113,0.028721840980490302
5831,pop32,4,0.015275716781616211,0.02580288632961662
5831,pop33,1,0.0003077983856201172,0.0
5831,pop50,1,0.0005030632019042969,0.0
5831,pop51,1,0.0004792213439941406,0.0
5831,pop10,1,0.00029397010803222656,0.0
5832,pop52,4,0.013422966003417969,0.022550732252909354
5832,pop34,1,0.0002758502960205078,0.0
5832,pop35,1,0.0003426074981689453,0.0
5833,pop23,5,0.012009620666503906,0.023246272213110965
5833,pop16,1,0.000392913818359375,0.0
5833,pop50,1,0.0004096031188964844,0.0
5833,pop51,1,0.00040411949157714844,0.0
5834,pop47,2,0.022624969482421875,0.0222318172454834
5834,pop53,1,0.0005021095275878906,0.0
5834,pop52,4,0.0003516077995300293,5.086826051777157e-05
5834,pop55,1,0.000274658203125,0.0
5835,pop27,4,0.015802979469299316,0.026701269612332143
5835,pop25,1,0.0002906322479248047,0.0
5835,pop17,1,0.00034165382385253906,0.0
5835,pop50,1,0.0003495216369628906,0.0
5835,pop51,1,0.00039458274841308594,0.0
5836,pop33,3,0.0193936824798584,0.02690356794635634
5836,pop32,3,0.0003200372060139974,3.395565703135361e-05
5836,pop50,1,0.0003533363342285156,0.0
5836,pop44,1,0.00029921531677246094,0.0
5837,pop40,2,0.024835824966430664,0.024425029754638672
5837,pop41,1,0.0002789497375488281,0.0
5837,pop53,1,0.00036597251892089844,0.0
5837,pop52,3,0.0003695487976074219,4.184817730650102e-05
5838,pop22,5,0.010088682174682617,0.01947719931608749
5838,pop51,1,0.0003552436828613281,0.0
5838,pop10,1,0.0003094673156738281,0.0
5839,pop42,2,0.02513444423675537,0.02471625804901123
5839,pop43,1,0.00026035308837890625,0.0
5839,pop51,1,0.00046825408935546875,0.0
5839,pop50,2,0.0004177093505859375,2.0265579223632812e-05
5839,pop17,3,0.0003534952799479167,1.7219404886604894e-05
5839,pop55,1,0.00028204917907714844,0.0
5840,pop48,3,0.019146839777628582,0.026564456527229097
5840,pop49,1,0.058397769927978516,0.0
5840,pop52,2,0.0003198385238647461,7.271766662597656e-06
5840,pop54,1,0.04881000518798828,0.0
5840,pop37,4,0.00028628110885620117,3.7556555114170096e-05
5840,pop33,1,0.000400543212890625,0.0
5840,pop32,1,0.0002932548522949219,0.0
5840,pop50,1,0.0007054805755615234,0.0
5840,pop51,1,0.0003437995910644531,0.0
5840,pop19,1,0.0003204345703125,0.0
5840,pop20,1,0.00028133392333984375,0.0
5840,pop46,1,0.0002655982971191406,0.0
5840,pop45,1,0.0002663135528564453,0.0
5840,pop44,1,0.0004153251647949219,0.0
5841,pop39,3,0.0175930658976237,0.02432468868889398
5841,pop38,2,0.030343174934387207,0.029938817024230957
5841,pop44,1,0.055252790451049805,0.0
5841,pop50,1,0.0003654956817626953,0.0
5841,pop53,3,0.017587582270304363,0.024315924700416703
5841,pop1,3,0.00031677881876627606,1.4424269302166238e-05
5841,pop6,3,0.020127534866333008,0.02801319405724122
5841,pop51,2,0.00044333934783935547,3.516674041748047e-05
5841,pop4,2,0.00033915042877197266,7.545948028564453e-05
5842,pop6,5,0.011879634857177735,0.02310025873675063
5842,pop1,1,0.00045037269592285156,0.0
5842,pop53,1,0.0003743171691894531,0.0
5842,pop51,1,0.0005502700805664062,0.0
5842,pop19,1,0.0003676414489746094,0.0
5842,pop20,1,0.0002753734588623047,0.0
5843,pop10,4,0.013084053993225098,0.021943432755329464
5843,pop51,1,0.0003349781036376953,0.0
5843,pop50,1,0.0003783702850341797,0.0
5843,pop14,1,0.0003409385681152344,0.0
5843,pop24,1,0.00027060508728027344,0.0
5844,pop18,2,0.028566718101501465,0.028148531913757324
5844,pop38,1,0.06010556221008301,0.0
5844,pop39,1,0.0002582073211669922,0.0
5844,pop44,3,0.0003325939178466797,4.527568189390921e-05
5844,pop50,1,0.00046944618225097656,0.0
5844,pop53,1,0.0003478527069091797,0.0
5844,pop1,1,0.0003294944763183594,0.0
5844,pop15,1,0.0002377033233642578,0.0
5845,pop46,2,0.027149677276611328,0.026709556579589844
5845,pop45,1,0.0003185272216796875,0.0
5845,pop44,1,0.00030612945556640625,0.0
5845,pop50,2,0.0005294084548950195,3.9458274841308594e-05
5845,pop33,2,0.0003014802932739258,1.7762184143066406e-05
5845,pop32,4,0.0003192424774169922,6.485401694172226e-05
5845,pop53,1,0.0003979206085205078,0.0
5845,pop1,1,0.000335693359375,0.0
5845,pop6,1,0.00035834312438964844,0.0
5846,pop16,3,0.01796444257100423,0.024906450174440837
5846,pop23,4,0.0003496408462524414,4.512870729147628e-05
5846,pop50,1,0.00039386749267578125,0.0
5846,pop51,1,0.00036525726318359375,0.0
5846,pop10,1,0.00028014183044433594,0.0
5847,pop22,5,0.009966182708740234,0.019281188783350743
5847,pop51,1,0.0004534721374511719,0.0
5848,pop42,2,0.025612473487854004,0.025199055671691895
5848,pop43,1,0.0002849102020263672,0.0
5848,pop51,1,0.00047278404235839844,0.0
5848,pop9,4,0.00028258562088012695,5.294137429186078e-05
5849,pop4,2,0.02641153335571289,0.025980472564697266
5849,pop51,2,0.0005449056625366211,4.2319297790527344e-05
5849,pop9,4,0.0003399848937988281,6.06678081813402e-05
5849,pop46,1,0.0002880096435546875,0.0
5849,pop20,1,0.0002582073211669922,0.0
5850,pop8,2,0.024744391441345215,0.02434980869293213
5850,pop51,2,0.0003528594970703125,2.0265579223632812e-05
5850,pop9,4,0.000278472900390625,5.766477535306582e-05
5850,pop53,1,0.00033473968505859375,0.0
5850,pop1,1,0.00032711029052734375,0.0
5850,pop15,1,0.00023937225341796875,0.0
5851,pop37,5,0.009299516677856445,0.017870031306720796
5851,pop33,1,0.00029659271240234375,0.0
5851,pop50,1,0.0003540515899658203,0.0
5851,pop14,1,0.0003631114959716797,0.0
5851,pop24,1,0.0004112720489501953,0.0
5852,pop53,2,0.02568340301513672,0.025151729583740234
5852,pop52,2,0.026548266410827637,0.02624833583831787
5852,pop55,3,0.0002988179524739583,3.0274674524799214e-05
5852,pop50,1,0.0005211830139160156,0.0
5852,pop44,1,0.00027561187744140625,0.0
5853,pop57,2,0.03061068058013916,0.0302199125289917
5853,pop56,1,0.0002689361572265625,0.0
5853,pop48,4,0.0003160238265991211,4.627915888056134e-05
5853,pop52,1,0.0003066062927246094,0.0
5854,pop40,2,0.02472519874572754,0.02429366111755371
5854,pop41,1,0.000324249267578125,0.0
5854,pop53,1,0.00037217140197753906,0.0
5854,pop52,1,0.05269455909729004,0.0
5854,pop55,3,0.00030517578125,6.159910544325487e-05
5854,pop50,1,0.0003349781036376953,0.0
5854,pop51,1,0.00037980079650878906,0.0
5854,pop19,1,0.00033736228942871094,0.0
5854,pop18,1,0.0002720355987548828,0.0
5855,pop42,2,0.025566577911376953,0.025156736373901367
5855,pop43,1,0.00026488304138183594,0.0
5855,pop51,1,0.0003657341003417969,0.0
5855,pop19,1,0.0003509521484375,0.0
5855,pop20,1,0.05390453338623047,0.0
5855,pop46,1,0.0002923011779785156,0.0
5855,pop45,1,0.0003941059112548828,0.0
5855,pop44,2,0.02754521369934082,0.02723383903503418
5855,pop50,2,0.00039637088775634766,2.9921531677246094e-05
5855,pop17,3,0.00033704439798990887,2.2221441530837062e-05
5855,pop53,1,0.000518798828125,0.0
5855,pop7,1,0.0003504753112792969,0.0
5856,pop38,4,0.030671238899230957,0.03032726527770817
5856,pop18,1,0.00028514862060546875,0.0
5856,pop19,1,0.000347137451171875,0.0
5856,pop20,1,0.055109262466430664,0.0
5856,pop46,1,0.0002803802490234375,0.0
5856,pop45,1,0.0002713203430175781,0.0
5856,pop44,1,0.0554959774017334,0.0
5856,pop50,1,0.0005190372467041016,0.0
5856,pop55,2,0.0002651214599609375,9.298324584960938e-06
5857,pop56,2,0.029494881629943848,0.02908480167388916
5857,pop48,4,0.0003349781036376953,4.8646446862065154e-05
5857,pop52,1,0.0004277229309082031,0.0
5857,pop53,1,0.0003361701965332031,0.0
5857,pop51,1,0.0006940364837646484,0.0
5857,pop46,1,0.0002598762512207031,0.0
5857,pop20,1,0.0002627372741699219,0.0
5857,pop19,1,0.0003032684326171875,0.0
5857,pop18,1,0.0002777576446533203,0.0
5858,pop48,3,0.03830591837565104,0.02679024478719172
5858,pop52,3,0.0004268487294514974,5.7057749802105136e-05
5858,pop54,2,0.024018168449401855,0.023710131645202637
5858,pop12,2,0.00037419795989990234,3.421306610107422e-05
5858,pop51,1,0.0004830360412597656,0.0
5858,pop19,1,0.0003459453582763672,0.0
5858,pop18,1,0.0002512931823730469,0.0
5859,pop39,2,0.026142120361328125,0.02573680877685547
5859,pop38,2,0.030887961387634277,0.030602097511291504
5859,pop18,1,0.0003991127014160156,0.0
5859,pop19,1,0.00035881996154785156,0.0
5859,pop20,3,0.00027290980021158856,2.570305129495657e-06
5860,pop46,2,0.027091503143310547,0.02666497230529785
5860,pop45,1,0.00028061866760253906,0.0
5860,pop44,1,0.0003025531768798828,0.0
5860,pop50,3,0.0004918575286865234,3.458138004755853e-05
5860,pop14,2,0.0288313627243042,0.02849876880645752
5860,pop24,3,0.02124929428100586,0.029516454564381914
5860,pop17,2,0.0004905462265014648,0.00013434886932373047
5860,pop35,1,0.0002446174621582031,0.0
5861,pop22,4,0.012457191944122314,0.02090737425928878
5861,pop51,1,0.0004868507385253906,0.0
5861,pop50,1,0.0003693103790283203,0.0
5861,pop53,1,0.0003428459167480469,0.0
5861,pop52,1,0.0004208087921142578,0.0
5862,pop8,2,0.025208353996276855,0.02481663227081299
5862,pop51,3,0.0003936290740966797,2.5998195050187255e-05
5862,pop9,2,0.026020050048828125,0.02575397491455078
5862,pop53,1,0.05257368087768555,0.0
5862,pop50,3,0.0003948211669921875,2.4533569135183104e-05
5862,pop17,2,0.031060338020324707,0.030713677406311035
5862,pop25,1,0.0002918243408203125,0.0
5862,pop27,1,0.0002942085266113281,0.0
5862,pop44,1,0.0003077983856201172,0.0
5862,pop55,2,0.0003592967987060547,7.176399230957031e-05
5862,pop19,1,0.0003464221954345703,0.0
5862,pop18,1,0.0002658367156982422,0.0
5863,pop53,7,0.02976202964782715,0.02542732813139036
5863,pop54,1,0.050586700439453125,0.0
5863,pop41,4,0.000314176082611084,2.4918662565777336e-05
5863,pop40,2,0.05018126964569092,0.00023448467254638672
5863,pop51,2,0.0003637075424194336,5.364418029785156e-06
5863,pop4,2,0.0003625154495239258,7.236003875732422e-05
5864,pop40,2,0.02493131160736084,0.024517416954040527
5864,pop41,1,0.0002989768981933594,0.0
5864,pop53,1,0.051648855209350586,0.0
5864,pop47,4,0.00024265050888061523,6.293019893309506e-06
5865,pop42,2,0.02605581283569336,0.02565741539001465
5865,pop43,4,0.0002695918083190918,1.0680214327683115e-05
5865,pop51,4,0.0004356503486633301,7.000770424767073e-05
5865,pop10,2,0.02597522735595703,0.02569413185119629
5865,pop40,4,0.012613296508789062,0.021241392548086907
5865,pop41,1,0.00024175643920898438,0.0
5865,pop53,1,0.05103611946105957,0.0
5866,pop24,5,0.012849855422973632,0.024950552933213126
5866,pop14,1,0.0003235340118408203,0.0
5866,pop50,1,0.000461578369140625,0.0
5866,pop53,1,0.0003924369812011719,0.0
5866,pop47,1,0.00023889541625976562,0.0
5867,pop41,5,0.010893583297729492,0.021176200118191307
5867,pop53,5,0.031551170349121097,0.025463660797723296
5867,pop54,2,0.05039095878601074,0.0011138916015625
5867,pop40,2,0.050223350524902344,0.0014414787292480469
5867,pop51,2,0.0003358125686645508,4.887580871582031e-06
5867,pop43,1,0.0002448558807373047,0.0
5867,pop52,2,0.00037860870361328125,5.8650970458984375e-05
5867,pop48,2,0.00033855438232421875,5.555152893066406e-05
5867,pop49,3,0.0003395875295003255,6.10346388463766e-05
5867,pop19,1,0.00046133995056152344,0.0
5867,pop20,1,0.00028443336486816406,0.0
5868,pop28,2,0.02500176429748535,0.024596452713012695
5868,pop51,2,0.00042259693145751953,2.9206275939941406e-05
5868,pop4,1,0.05160355567932129,0.0
5868,pop47,4,0.0002442598342895508,3.2186508178710938e-06
5869,pop50,4,0.013834774494171143,0.02320201449492931
5869,pop14,2,0.029879331588745117,0.02953481674194336
5869,pop24,3,0.042701403299967446,0.029913627229101455
5869,pop23,2,0.029413223266601562,0.029095172882080078
5869,pop21,1,0.06072854995727539,0.0
5869,pop17,2,0.0004134178161621094,7.772445678710938e-05
5869,pop51,1,0.0006384849548339844,0.0
5869,pop46,1,0.0003039836883544922,0.0
5869,pop20,1,0.000278472900390625,0.0
5869,pop19,1,0.0003364086151123047,0.0
5869,pop18,1,0.0003833770751953125,0.0
5870,pop9,4,0.012957513332366943,0.021729439569811812
5870,pop51,1,0.0003821849822998047,0.0
5870,pop47,1,0.0002391338348388672,0.0
5871,pop21,5,0.012714958190917969,0.02472413790575096
5871,pop23,1,0.0003001689910888672,0.0
5871,pop16,1,0.0002624988555908203,0.0
5871,pop50,1,0.0003979206085205078,0.0
5871,pop51,1,0.0003476142883300781,0.0
5871,pop19,1,0.0003006458282470703,0.0
5871,pop18,1,0.0002658367156982422,0.0
5872,pop14,5,0.01216130256652832,0.023527630906783694
5872,pop50,1,0.0004253387451171875,0.0
5872,pop53,1,0.0003819465637207031,0.0
5872,pop7,1,0.0002257823944091797,0.0
5873,pop57,2,0.03043663501739502,0.030050158500671387
5873,pop56,2,0.03061378002166748,0.030225157737731934
5873,pop2,3,0.0002942085266113281,3.435379254737526e-05
5873,pop49,1,0.0002598762512207031,0.0
5873,pop48,1,0.00025463104248046875,0.0
5873,pop52,1,0.0004131793975830078,0.0
5873,pop53,1,0.00044155120849609375,0.0
5873,pop51,1,0.00040435791015625,0.0
5874,pop53,3,0.03469189008076986,0.024149067698465507
5874,pop51,2,0.00038695335388183594,2.765655517578125e-05
5874,pop4,2,0.00032198429107666016,3.0159950256347656e-05
5874,pop19,1,0.00029158592224121094,0.0
5874,pop20,1,0.00028824806213378906,0.0
5875,pop40,2,0.02502608299255371,0.02458953857421875
5875,pop41,1,0.0002942085266113281,0.0
5875,pop53,2,0.00035631656646728516,7.033348083496094e-06
5875,pop52,3,0.0003421306610107422,3.901089470076438e-05
5875,pop1,1,0.0003204345703125,0.0
5875,pop15,1,0.0002315044403076172,0.0
5876,pop42,2,0.02560877799987793,0.025222063064575195
5876,pop43,3,0.00026289621988932293,7.944106419626745e-06
5876,pop51,3,0.0004259745279947917,7.144879706263189e-05
5876,pop4,1,0.053930044174194336,0.0
5876,pop40,6,0.017425060272216797,0.024177764718671477
5876,pop41,4,0.00027829408645629883,1.4858064318308233e-05
5876,pop53,3,0.053684631983439125,0.0014595496304036146
5876,pop54,1,0.052178382873535156,0.0
5876,pop19,1,0.0003094673156738281,0.0
5876,pop18,1,0.00028228759765625,0.0
5877,pop31,2,0.024552583694458008,0.024143695831298828
5877,pop30,1,0.0002751350402832031,0.0
5877,pop48,1,0.00026035308837890625,0.0
5877,pop52,4,0.0003402233123779297,1.5244812823134746e-05
5877,pop55,1,0.00029540061950683594,0.0
5878,pop23,2,0.0300140380859375,0.029590845108032227
5878,pop24,3,0.00036716461181640625,6.462243116773093e-05
5878,pop14,1,0.0003085136413574219,0.0
5878,pop50,1,0.0003483295440673828,0.0
5878,pop51,1,0.0004000663757324219,0.0
5878,pop19,1,0.0003762245178222656,0.0
5878,pop20,1,0.00029730796813964844,0.0
5879,pop22,4,0.01268535852432251,0.021328650449724297
5879,pop51,1,0.00044798851013183594,0.0
5879,pop53,1,0.00037026405334472656,0.0
5879,pop1,1,0.0003199577331542969,0.0
5879,pop15,1,0.00021839141845703125,0.0
5880,pop24,7,0.01844470841544015,0.028587406645391077
5880,pop23,3,0.019704103469848633,0.027430180900668732
5880,pop21,1,0.061629533767700195,0.0
5880,pop14,1,0.0004253387451171875,0.0
5880,pop16,1,0.0002655982971191406,0.0
5880,pop50,1,0.0004801750183105469,0.0
5880,pop51,1,0.000339508056640625,0.0
5880,pop10,1,0.0002772808074951172,0.0
5881,pop21,4,0.01577174663543701,0.026660386414581447
5881,pop23,1,0.0002560615539550781,0.0
5881,pop16,1,0.0002560615539550781,0.0
5881,pop50,1,0.0004534721374511719,0.0
5881,pop51,1,0.0003418922424316406,0.0
5882,pop40,2,0.025131940841674805,0.02468252182006836
5882,pop41,1,0.0002951622009277344,0.0
5882,pop53,3,0.0004486242930094401,5.095480970190277e-05
5882,pop47,1,0.0002532005310058594,0.0
5883,pop36,2,0.025020122528076172,0.024613142013549805
5883,pop51,2,0.0003534555435180664,1.5497207641601562e-06
5883,pop4,1,0.05273318290710449,0.0
5883,pop22,2,0.024527788162231445,0.024265289306640625
5883,pop21,2,0.0002944469451904297,1.6927719116210938e-05
5883,pop23,1,0.0003268718719482422,0.0
5883,pop24,1,0.00030159950256347656,0.0
5884,pop30,2,0.02344036102294922,0.02303910255432129
5884,pop31,1,0.0003108978271484375,0.0
5884,pop17,2,0.03011167049407959,0.029803156852722168
5884,pop25,1,0.00030684471130371094,0.0
5884,pop27,1,0.06353163719177246,0.0
5884,pop14,2,0.0003415346145629883,1.5616416931152344e-05
5884,pop24,2,0.0003314018249511719,1.6450881958007812e-05
5884,pop50,1,0.0004634857177734375,0.0
5884,pop44,1,0.0003037452697753906,0.0
5885,pop6,2,0.028819561004638672,0.028435707092285156
5885,pop1,1,0.0003097057342529297,0.0
5885,pop53,1,0.00039315223693847656,0.0
5885,pop54,1,0.048223257064819336,0.0
5885,pop52,1,0.00028967857360839844,0.0
5885,pop37,4,0.0002816319465637207,3.816350005165484e-05
5885,pop33,1,0.0002970695495605469,0.0
5885,pop50,1,0.0004489421844482422,0.0
5885,pop14,1,0.000370025634765625,0.0
5885,pop24,1,0.000316619873046875,0.0
5886,pop10,2,0.026260733604431152,0.02583324909210205
5886,pop51,3,0.0003972053527832031,3.495740005592022e-05
5886,pop4,1,0.05444002151489258,0.0
5886,pop43,1,0.00026345252990722656,0.0
5886,pop40,2,0.05002021789550781,0.0001423358917236328
5886,pop41,3,0.0002803802490234375,1.523268970962838e-05
5886,pop53,2,0.051998138427734375,0.0007474422454833984
5886,pop50,2,0.0003807544708251953,2.6226043701171875e-05
5886,pop44,3,0.00034332275390625,3.623700969033233e-05
5886,pop19,1,0.0003781318664550781,0.0
5886,pop18,1,0.0002818107604980469,0.0
5887,pop18,2,0.028537631034851074,0.02812206745147705
5887,pop19,1,0.0003647804260253906,0.0
5887,pop51,2,0.0004124641418457031,7.367134094238281e-05
5887,pop4,3,0.00032973289489746094,6.607794325755728e-05
5887,pop50,1,0.0004222393035888672,0.0
5887,pop14,1,0.0003380775451660156,0.0
5887,pop24,1,0.0002846717834472656,0.0
5888,pop14,5,0.023798274993896484,0.02869409680004463
5888,pop24,2,0.0004286766052246094,1.1920928955078125e-06
5888,pop50,1,0.0005204677581787109,0.0
5888,pop53,1,0.000331878662109375,0.0
5888,pop47,1,0.00023746490478515625,0.0
5889,pop57,2,0.03097224235534668,0.0305783748626709
5889,pop56,1,0.0002796649932861328,0.0
5889,pop48,1,0.0002770423889160156,0.0
5889,pop52,3,0.01861421267191569,0.0257996994981055
5889,pop54,2,0.024733304977416992,0.024341344833374023
5889,pop53,3,0.05330030123392741,0.0017846658277571687
5889,pop41,2,0.0002752542495727539,1.0848045349121094e-05
5889,pop40,1,0.05013108253479004,0.0
5889,pop51,3,0.0003910064697265625,4.571962482306921e-05
5889,pop4,1,0.05699443817138672,0.0
5889,pop5,1,0.00023102760314941406,0.0
5889,pop10,2,0.0003012418746948242,3.230571746826172e-05
5889,pop22,3,0.00033863385518391925,6.288658814767258e-05
5889,pop21,1,0.000286102294921875,0.0
5889,pop23,1,0.00033283233642578125,0.0
5889,pop16,1,0.0002942085266113281,0.0
5889,pop50,1,0.00042366981506347656,0.0
5890,pop45,2,0.02869284152984619,0.028270363807678223
5890,pop44,1,0.05510067939758301,0.0
5890,pop39,1,0.0002474784851074219,0.0
5890,pop38,1,0.05902552604675293,0.0
5890,pop18,1,0.0002372264862060547,0.0
5890,pop19,2,0.0004247426986694336,6.759166717529297e-05
5890,pop20,2,0.0002816915512084961,1.0609626770019531e-05
5890,pop46,1,0.0002741813659667969,0.0
5890,pop51,2,0.00036323070526123047,3.4689903259277344e-05
5890,pop22,4,0.0003229975700378418,8.75441685634648e-05
5891,pop4,5,0.010746335983276368,0.02076437125222297
5891,pop51,1,0.0003809928894042969,0.0
5891,pop53,1,0.00036597251892089844,0.0
5891,pop7,1,0.0002193450927734375,0.0
5892,pop23,3,0.020061016082763672,0.027761286330724083
5892,pop24,1,0.06395840644836426,0.0
5892,pop21,2,0.0312877893447876,0.030979514122009277
5892,pop22,3,0.00029929478963216144,2.738552180820707e-05
5892,pop51,1,0.00035881996154785156,0.0
5892,pop10,1,0.0002827644348144531,0.0
5893,pop40,2,0.02547311782836914,0.02504277229309082
5893,pop43,1,0.0003020763397216797,0.0
5893,pop51,2,0.00038242340087890625,7.152557373046875e-07
5893,pop4,3,0.0003094673156738281,3.4807479506555224e-05
5893,pop19,1,0.00032258033752441406,0.0
5893,pop18,1,0.0002570152282714844,0.0
5894,pop36,2,0.02449202537536621,0.02408909797668457
5894,pop10,4,0.00034797191619873047,6.880152553896245e-05
5894,pop51,1,0.0003886222839355469,0.0
5894,pop50,1,0.0003440380096435547,0.0
5894,pop35,1,0.00023508071899414062,0.0
5895,pop44,4,0.014126300811767578,0.02369498514381951
5895,pop50,1,0.00039196014404296875,0.0
5895,pop53,1,0.00044655799865722656,0.0
5895,pop7,1,0.00022983551025390625,0.0
5896,pop48,3,0.019297361373901367,0.026776316966794736
5896,pop56,4,0.0003381967544555664,0.0001095943197857705
5896,pop52,1,0.0003256797790527344,0.0
5896,pop53,1,0.00043487548828125,0.0
5896,pop50,1,0.00044655799865722656,0.0
5896,pop14,1,0.0003521442413330078,0.0
5896,pop24,1,0.00030612945556640625,0.0
5897,pop39,2,0.026456117630004883,0.026031970977783203
5897,pop38,1,0.0002627372741699219,0.0
5897,pop18,1,0.0003974437713623047,0.0
5897,pop19,3,0.0003295739491780599,3.5542942655799555e-05
5897,pop51,6,0.00042045116424560547,8.40143625414818e-05
5897,pop4,3,0.037570556004842125,0.026480115366913092
5897,pop43,2,0.0002758502960205078,9.298324584960938e-06
5897,pop40,1,0.05165219306945801,0.0
5897,pop20,1,0.05968809127807617,0.0
5897,pop10,2,0.027739524841308594,0.0274507999420166
5897,pop5,1,0.00023031234741210938,0.0
5897,pop50,3,0.000467220942179362,2.317311938524083e-05
5897,pop33,2,0.00038170814514160156,8.606910705566406e-05
5897,pop32,3,0.00033219655354817707,4.1254146368134316e-05
5897,pop53,1,0.00036907196044921875,0.0
5897,pop1,1,0.00030112266540527344,0.0
5897,pop6,1,0.00025010108947753906,0.0
5898,pop8,2,0.025198936462402344,0.024805784225463867
5898,pop51,4,0.00042045116424560547,7.769894693228275e-05
5898,pop4,3,0.018167575200398762,0.02516604911097222
5898,pop10,2,0.02596569061279297,0.025671720504760742
5898,pop50,1,0.0005013942718505859,0.0
5898,pop35,1,0.00022268295288085938,0.0
5899,pop30,2,0.023722052574157715,0.0233231782913208
5899,pop48,1,0.00025200843811035156,0.0
5899,pop52,7,0.008344888687133789,0.019700310474361264
5899,pop13,1,0.05376863479614258,0.0
5899,pop12,3,0.018654266993204754,0.02589745479363985
5899,pop55,2,0.023664474487304688,0.023405075073242188
5899,pop50,1,0.0004131793975830078,0.0
5899,pop53,1,0.0005552768707275391,0.0
5899,pop54,1,0.0002799034118652344,0.0
5900,pop10,3,0.03520703315734863,0.02456750732433703
5900,pop51,1,0.0006055831909179688,0.0
5900,pop43,1,0.00026106834411621094,0.0
5900,pop40,2,0.000377655029296875,0.00010347366333007812
5900,pop41,1,0.000286102294921875,0.0
5900,pop53,1,0.00043892860412597656,0.0
5900,pop7,1,0.00023889541625976562,0.0
5901,pop45,3,0.01944128672281901,0.026901378087206905
5901,pop46,2,0.0002636909484863281,2.86102294921875e-05
5901,pop20,1,0.054561614990234375,0.0
5901,pop44,3,0.01913166046142578,0.02664068577054831
5901,pop50,1,0.0003821849822998047,0.0
5901,pop14,1,0.062316179275512695,0.0
5901,pop24,2,0.00030219554901123047,4.172325134277344e-06
5902,pop23,4,0.014961957931518555,0.025330318919695873
5902,pop24,4,0.016869962215423584,0.028655682733437857
5902,pop21,1,0.061254262924194336,0.0
5902,pop14,1,0.00031256675720214844,0.0
5902,pop50,1,0.0003972053527832031,0.0
5902,pop44,1,0.0003025531768798828,0.0
5903,pop40,2,0.025312423706054688,0.024897336959838867
5903,pop43,1,0.0002827644348144531,0.0
5903,pop51,4,0.00038105249404907227,7.028504801335457e-05
5903,pop4,1,0.05222678184509277,0.0
5903,pop10,1,0.051016807556152344,0.0
5903,pop22,4,0.0003059506416320801,5.325610802716485e-05
5904,pop55,3,0.032043139139811196,0.022366768534156214
5904,pop52,1,0.0005359649658203125,0.0
5905,pop32,5,0.012861537933349609,0.02500810910794315
5905,pop33,1,0.0002541542053222656,0.0
5905,pop50,1,0.0003669261932373047,0.0
5905,pop51,1,0.0006668567657470703,0.0
5905,pop46,1,0.0002524852752685547,0.0
5905,pop20,1,0.0002455711364746094,0.0
5905,pop19,1,0.0004792213439941406,0.0
5905,pop18,1,0.0002560615539550781,0.0
5906,pop41,3,0.017984310785929363,0.024837870515716558
5906,pop40,4,0.0003025531768798828,3.773534237518816e-05
5906,pop53,1,0.00037598609924316406,0.0
5906,pop1,1,0.0003230571746826172,0.0
5906,pop15,1,0.00021266937255859375,0.0
5907,pop9,4,0.012940585613250732,0.021794927690711743
5908,pop53,3,0.01754895846048991,0.024151801568211537
5908,pop52,2,0.00031936168670654297,4.279613494873047e-05
5908,pop48,3,0.018853267033894856,0.02625877984162893
5908,pop49,1,0.0583193302154541,0.0
5908,pop2,1,0.06127214431762695,0.0
5908,pop56,2,0.0003151893615722656,5.364418029785156e-05
5908,pop1,1,0.00033593177795410156,0.0
5908,pop6,1,0.00024771690368652344,0.0
5909,pop4,3,0.03556219736735026,0.024848377894682378
5909,pop51,2,0.0003610849380493164,1.3113021850585938e-06
5909,pop10,2,0.0003362894058227539,3.921985626220703e-05
5909,pop50,1,0.0004150867462158203,0.0
5909,pop44,1,0.00028896331787109375,0.0
5910,pop23,4,0.014810264110565186,0.024954313151951266
5910,pop16,1,0.00027441978454589844,0.0
5910,pop50,1,0.00038242340087890625,0.0
5910,pop53,1,0.00035190582275390625,0.0
5910,pop47,1,0.0002460479736328125,0.0
5911,pop52,3,0.01797771453857422,0.02468176773911053
5911,pop48,3,0.018967549006144207,0.026420735610765075
5911,pop49,3,0.0002932548522949219,4.80246278159282e-05
5911,pop3,1,0.00022935867309570312,0.0
5911,pop0,1,0.0002460479736328125,0.0
5911,pop1,1,0.0004069805145263672,0.0
5911,pop6,1,0.00024962425231933594,0.0
5912,pop47,2,0.023139119148254395,0.02275216579437256
5912,pop51,4,0.0004073977470397949,7.063940060411595e-05
5912,pop19,4,0.0003536343574523926,2.4685463502411665e-05
5912,pop18,3,0.00027481714884440106,3.188892440453487e-05
5912,pop38,1,0.06047177314758301,0.0
5912,pop20,2,0.029688119888305664,0.029422283172607422
5912,pop10,1,0.05709195137023926,0.0
5912,pop43,1,0.0002841949462890625,0.0
5912,pop40,2,0.027333378791809082,0.02704036235809326
5912,pop41,1,0.0002944469451904297,0.0
5912,pop53,2,0.028846144676208496,0.028444647789001465
5912,pop54,1,0.000293731689453125,0.0
5912,pop52,2,0.0004622936248779297,2.2172927856445312e-05
5913,pop27,4,0.031751036643981934,0.03141952508823654
5913,pop25,2,0.0003031492233276367,2.3484230041503906e-05
5913,pop17,2,0.05961906909942627,0.00037038326263427734
5913,pop50,4,0.0003775358200073242,2.0081370079087912e-05
5913,pop44,3,0.0185550053914388,0.02584692915424426
5913,pop33,2,0.0002949237823486328,2.193450927734375e-05
5913,pop32,3,0.0002913475036621094,3.8108707150315364e-05
5914,pop33,3,0.01908596356709798,0.026488802186074127
5914,pop37,3,0.00031145413716634113,7.029867478412633e-05
5914,pop50,1,0.0003821849822998047,0.0
5914,pop51,1,0.00033354759216308594,0.0
5914,pop19,1,0.00034880638122558594,0.0
5914,pop20,1,0.0002532005310058594,0.0
5915,pop31,2,0.025199055671691895,0.024803996086120605
5915,pop17,4,0.0004082322120666504,0.00011024963048325724
5915,pop50,1,0.0006160736083984375,0.0
5915,pop53,1,0.00037550926208496094,0.0
5915,pop7,1,0.0002262592315673828,0.0
5916,pop22,5,0.009798145294189453,0.01892703671037593
5916,pop51,1,0.00034332275390625,0.0
5916,pop53,1,0.0003848075866699219,0.0
5916,pop52,1,0.00032591819763183594,0.0
5917,pop24,5,0.013060045242309571,0.025411332770313304
5917,pop14,1,0.00035953521728515625,0.0
5917,pop50,1,0.0004024505615234375,0.0
5917,pop53,1,0.0003559589385986328,0.0
5917,pop7,1,0.0002505779266357422,0.0
5918,pop45,2,0.028666019439697266,0.028245925903320312
5918,pop46,1,0.0002911090850830078,0.0
5918,pop20,3,0.00032750765482584637,6.734535945649435e-05
5918,pop19,1,0.0002765655517578125,0.0
5918,pop51,1,0.00037598609924316406,0.0
5918,pop53,1,0.0003676414489746094,0.0
5918,pop1,1,0.0003161430358886719,0.0
5918,pop15,1,0.0002219676971435547,0.0
5919,pop55,4,0.011863350868225098,0.01983869070617641
5919,pop50,1,0.0003561973571777344,0.0
5919,pop51,1,0.0003573894500732422,0.0
5919,pop19,1,0.00035953521728515625,0.0
5919,pop18,1,0.00028514862060546875,0.0
5920,pop32,2,0.031187057495117188,0.03077554702758789
5920,pop33,2,0.00030601024627685547,1.1801719665527344e-05
5920,pop37,4,0.0003503561019897461,8.519094854448082e-05
5920,pop50,1,0.0007569789886474609,0.0
5920,pop44,1,0.0003490447998046875,0.0
5920,pop45,1,0.00040030479431152344,0.0
5920,pop46,1,0.0003082752227783203,0.0
5920,pop20,1,0.00026726722717285156,0.0
5921,pop9,5,0.010315704345703124,0.019974421344854068
5921,pop51,1,0.0005626678466796875,0.0
5921,pop50,1,0.00037932395935058594,0.0
5921,pop53,1,0.0003426074981689453,0.0
5921,pop1,1,0.00031113624572753906,0.0
5921,pop15,1,0.0002193450927734375,0.0
5922,pop4,4,0.01336759328842163,0.022419849789711694
5922,pop51,1,0.00032210350036621094,0.0
5922,pop50,1,0.00041174888610839844,0.0
5922,pop16,1,0.00026607513427734375,0.0
5923,pop16,3,0.01857145627339681,0.02578039535574329
5923,pop23,4,0.00031512975692749023,3.4492657405566014e-05
5923,pop50,1,0.00036787986755371094,0.0
5923,pop51,1,0.00032138824462890625,0.0
5924,pop6,4,0.014805257320404053,0.02505767483516522
5924,pop1,1,0.00032639503479003906,0.0
5924,pop53,1,0.0003657341003417969,0.0
5924,pop50,1,0.00040340423583984375,0.0
5924,pop16,1,0.0002789497375488281,0.0
5925,pop52,5,0.010860967636108398,0.021002846599885508
5925,pop13,2,0.026604890823364258,0.02622818946838379
5925,pop53,1,0.0004928112030029297,0.0
5925,pop50,1,0.00040411949157714844,0.0
5925,pop51,1,0.00039386749267578125,0.0
5926,pop27,5,0.012720394134521484,0.02473786997483334
5926,pop25,1,0.0003025531768798828,0.0
5926,pop17,1,0.00034117698669433594,0.0
5926,pop50,1,0.00036525726318359375,0.0
5926,pop51,1,0.00036144256591796875,0.0
5926,pop10,1,0.0002694129943847656,0.0
5927,pop33,3,0.01951773961385091,0.02701422106269509
5927,pop32,3,0.00033624966939290363,6.554396124507035e-05
5927,pop50,1,0.0004584789276123047,0.0
5927,pop53,1,0.0003993511199951172,0.0
5927,pop47,1,0.0002357959747314453,0.0
5928,pop45,2,0.029447436332702637,0.02904188632965088
5928,pop46,1,0.0002932548522949219,0.0
5928,pop20,4,0.00030684471130371094,5.960059152173059e-05
5928,pop19,1,0.0003490447998046875,0.0
5928,pop51,1,0.00039458274841308594,0.0
5928,pop53,1,0.0003743171691894531,0.0
5928,pop1,1,0.0003139972686767578,0.0
5928,pop6,1,0.00024580955505371094,0.0
5929,pop4,4,0.013428092002868652,0.022605167594238387
5929,pop51,1,0.0003192424774169922,0.0
5929,pop50,1,0.0003762245178222656,0.0
5929,pop55,1,0.000247955322265625,0.0
5930,pop37,5,0.009514045715332032,0.018289294010721793
5930,pop52,1,0.0002994537353515625,0.0
5930,pop53,1,0.0003654956817626953,0.0
5930,pop51,1,0.0004050731658935547,0.0
5930,pop10,1,0.00039887428283691406,0.0
5931,pop31,2,0.025206565856933594,0.02478957176208496
5931,pop17,1,0.05938291549682617,0.0
5931,pop50,1,0.0004744529724121094,0.0
5931,pop51,1,0.00047969818115234375,0.0
5931,pop53,2,0.026283860206604004,0.025910258293151855
5931,pop54,2,0.025525808334350586,0.025254487991333008
5931,pop52,5,0.011109113693237305,0.021536883052826184
5931,pop48,3,0.04036299387613932,0.02836785755431934
5931,pop55,2,0.02581179141998291,0.02555406093597412
5931,pop49,3,0.022148529688517254,0.030838793632556774
5931,pop2,1,0.06766963005065918,0.0
5931,pop47,1,0.00035834312438964844,0.0
5932,pop38,2,0.03036034107208252,0.02996218204498291
5932,pop18,1,0.0002655982971191406,0.0
5932,pop19,1,0.0003266334533691406,0.0
5932,pop20,2,0.0568317174911499,0.0008863210678100586
5932,pop46,3,0.00028665860493977863,8.32608595130208e-06
5932,pop45,3,0.000286102294921875,1.112847077955519e-05
5932,pop44,3,0.037813425064086914,0.02653070649686476
5932,pop50,4,0.00044286251068115234,3.526762054559473e-05
5932,pop17,3,0.021314462025960285,0.029601701521916
5932,pop55,2,0.025458931922912598,0.02505171298980713
5933,pop56,5,0.012216424942016602,0.023764743161033823
5933,pop48,1,0.0002918243408203125,0.0
5933,pop52,1,0.00028252601623535156,0.0
5933,pop55,1,0.00024509429931640625,0.0
5934,pop46,3,0.018323818842569988,0.025440667258953487
5934,pop20,1,0.05430459976196289,0.0
5934,pop45,1,0.00024628639221191406,0.0
5934,pop44,1,0.05453324317932129,0.0
5934,pop50,1,0.0006937980651855469,0.0
5934,pop51,1,0.00035762786865234375,0.0
5934,pop53,2,0.026163697242736816,0.0257798433303833
5934,pop54,2,0.025841116905212402,0.025603652000427246
5934,pop52,3,0.018387794494628906,0.025420252464873054
5934,pop56,1,0.00026345252990722656,0.0
5934,pop48,4,0.015828967094421387,0.026887172471020394
5934,pop49,2,0.03305184841156006,0.0327528715133667
5934,pop2,2,0.0002995729446411133,3.325939178466797e-05
5934,pop1,1,0.0003323554992675781,0.0
5934,pop15,1,0.0002243518829345703,0.0
5935,pop8,2,0.026079893112182617,0.025679826736450195
5935,pop51,2,0.00041115283966064453,6.54458999633789e-05
5935,pop43,2,0.000247955322265625,1.239776611328125e-05
5935,pop40,3,0.00035691261291503906,5.378334220731172e-05
5935,pop19,1,0.00034809112548828125,0.0
5935,pop18,1,0.0002734661102294922,0.0
5936,pop10,2,0.026511311531066895,0.02610194683074951
5936,pop51,2,0.0003299713134765625,3.337860107421875e-06
5936,pop43,1,0.00023651123046875,0.0
5936,pop40,1,0.0493626594543457,0.0
5936,pop41,1,0.0004210472106933594,0.0
5936,pop53,2,0.025609850883483887,0.025258183479309082
5936,pop52,4,0.00033551454544067383,1.5364939852468415e-05
5937,pop52,2,0.02702188491821289,0.026555776596069336
5937,pop55,1,0.045145273208618164,0.0
5937,pop50,3,0.0004467964172363281,4.0588618668586614e-05
5937,pop44,2,0.027920007705688477,0.02760624885559082
5937,pop17,3,0.000383456548055013,6.0883576368317276e-05
5937,pop51,1,0.0004749298095703125,0.0
5937,pop19,1,0.0005056858062744141,0.0
5937,pop18,1,0.0002899169921875,0.0
5938,pop27,4,0.015954673290252686,0.026976356196517504
5938,pop25,1,0.000270843505859375,0.0
5938,pop17,1,0.0002872943878173828,0.0
5938,pop50,1,0.0004296302795410156,0.0
5938,pop55,1,0.0002696514129638672,0.0
5939,pop45,2,0.02920663356781006,0.028804659843444824
5939,pop46,1,0.00038170814514160156,0.0
5939,pop20,4,0.0003070235252380371,4.052603037033028e-05
5939,pop19,1,0.00032401084899902344,0.0
5939,pop51,1,0.00037217140197753906,0.0
5939,pop53,1,0.0004432201385498047,0.0
5939,pop1,1,0.0003380775451660156,0.0
5939,pop6,1,0.00024271011352539062,0.0
5940,pop28,2,0.02505660057067871,0.024647951126098633
5940,pop36,1,0.0002620220184326172,0.0
5940,pop10,4,0.0003783106803894043,2.8982999850888913e-05
5940,pop51,1,0.00034809112548828125,0.0
5940,pop50,1,0.0005381107330322266,0.0
5940,pop16,1,0.0002777576446533203,0.0
5941,pop50,3,0.018358469009399414,0.02508926022754182
5941,pop14,1,0.0003204345703125,0.0
5941,pop27,1,0.00029468536376953125,0.0
5941,pop25,1,0.0004055500030517578,0.0
5941,pop17,3,0.00041063626607259113,9.758386976081798e-05
5941,pop53,1,0.0005173683166503906,0.0
5941,pop54,1,0.0002727508544921875,0.0
5941,pop52,1,0.00033593177795410156,0.0
5942,pop42,2,0.02630782127380371,0.02590632438659668
5942,pop43,1,0.0002620220184326172,0.0
5942,pop40,1,0.04991722106933594,0.0
5942,pop41,1,0.00028252601623535156,0.0
5942,pop53,6,0.018596331278483074,0.02572696514304984
5942,pop52,5,0.0003528594970703125,0.00010979645405262406
5942,pop12,2,0.028052330017089844,0.027779579162597656
5942,pop55,2,0.024167776107788086,0.023901939392089844
5942,pop50,2,0.0004646778106689453,6.246566772460938e-05
5942,pop54,3,0.018031199773152668,0.024994753245774704
5942,pop7,1,0.00022125244140625,0.0
5943,pop41,7,0.008005891527448381,0.018809954780327997
5943,pop40,4,0.03779101371765137,0.021684436065083062
5943,pop53,4,0.03961104154586792,0.022639141784035564
5943,pop54,3,0.0003312428792317708,6.372821534777764e-05
5943,pop47,1,0.00025463104248046875,0.0
5944,pop53,3,0.036686102549235024,0.02571794239915252
5944,pop41,2,0.00035858154296875,6.008148193359375e-05
5944,pop40,2,0.05148208141326904,0.0031851530075073242
5944,pop43,2,0.0002721548080444336,5.841255187988281e-06
5944,pop51,5,0.0004635334014892578,6.022236216808745e-05
5944,pop10,1,0.052161216735839844,0.0
5944,pop4,2,0.026867389678955078,0.026456594467163086
5944,pop19,3,0.00046674410502115887,8.662840636808882e-05
5944,pop20,2,0.02977168560028076,0.029484868049621582
5944,pop52,2,0.0004178285598754883,2.396106719970703e-05
5944,pop55,1,0.00027179718017578125,0.0
5945,pop23,3,0.03923241297403971,0.02743707481675492
5945,pop24,1,0.061829328536987305,0.0
5945,pop14,1,0.0003235340118408203,0.0
5945,pop50,1,0.0004749298095703125,0.0
5945,pop55,1,0.04772019386291504,0.0
5945,pop52,1,0.000682830810546875,0.0
5946,pop8,2,0.025425076484680176,0.025012850761413574
5946,pop51,5,0.00037708282470703123,5.51199004993708e-05
5946,pop43,1,0.00025343894958496094,0.0
5946,pop40,2,0.05320465564727783,0.003925681114196777
5946,pop41,3,0.0002983411153157552,2.4802663380825098e-06
5946,pop53,5,0.021693038940429687,0.026177948960393667
5946,pop4,1,0.05330371856689453,0.0
5946,pop19,4,0.00038570165634155273,5.647259361768157e-05
5946,pop20,2,0.05899369716644287,0.0016952753067016602
5946,pop18,2,0.0002765655517578125,1.0251998901367188e-05
5946,pop38,2,0.03154313564300537,0.031258463859558105
5946,pop1,2,0.00034368038177490234,8.702278137207031e-06
5946,pop6,1,0.06461286544799805,0.0
5946,pop54,1,0.057672739028930664,0.0
5946,pop52,3,0.00035063425699869793,3.403869989738769e-05
5946,pop48,3,0.022591034571329754,0.03152641259253623
5946,pop49,1,0.06924796104431152,0.0
5946,pop2,1,0.00029587745666503906,0.0
5946,pop56,1,0.07133269309997559,0.0
5947,pop52,3,0.01793781916300456,0.02480387796374057
5947,pop37,4,0.0002853274345397949,6.10536343852514e-05
5947,pop53,1,0.00036978721618652344,0.0
5947,pop1,1,0.0003376007080078125,0.0
5947,pop15,1,0.00022029876708984375,0.0
5948,pop21,5,0.012699556350708009,0.02471992379479033
5948,pop23,1,0.00031447410583496094,0.0
5948,pop16,1,0.0002779960632324219,0.0
5948,pop50,1,0.00039458274841308594,0.0
5948,pop51,1,0.00040531158447265625,0.0
5948,pop19,1,0.00034546852111816406,0.0
5948,pop20,1,0.00026535987854003906,0.0
5949,pop47,5,0.009385156631469726,0.018157802569342754
5949,pop53,1,0.0003592967987060547,0.0
5949,pop7,1,0.00022101402282714844,0.0
5950,pop24,2,0.03284120559692383,0.03239870071411133
5950,pop23,1,0.0003204345703125,0.0
5950,pop21,1,0.0609433650970459,0.0
5950,pop22,3,0.0003047784169514974,5.049610697386889e-05
5950,pop51,1,0.0003669261932373047,0.0
5950,pop50,1,0.0005297660827636719,0.0
5950,pop55,1,0.0002906322479248047,0.0
5951,pop32,5,0.012883663177490234,0.02504407426638191
5951,pop33,1,0.00029349327087402344,0.0
5951,pop50,1,0.0003769397735595703,0.0
5951,pop16,1,0.0003886222839355469,0.0
5952,pop9,5,0.010538578033447266,0.02035814551107291
5952,pop51,1,0.0003364086151123047,0.0
5952,pop50,1,0.00046181678771972656,0.0
5952,pop55,1,0.0002639293670654297,0.0
5953,pop27,5,0.012825679779052735,0.024923949395647127
5953,pop25,1,0.00027251243591308594,0.0
5953,pop17,1,0.0003097057342529297,0.0
5953,pop50,1,0.0003705024719238281,0.0
5953,pop53,1,0.00035691261291503906,0.0
5953,pop7,1,0.0002295970916748047,0.0
5954,pop45,2,0.02888476848602295,0.02847731113433838
5954,pop44,1,0.0002961158752441406,0.0
5954,pop50,3,0.00044473012288411457,4.992856715554039e-05
5954,pop17,4,0.030818641185760498,0.03050148833160926
5954,pop25,2,0.00028777122497558594,6.4373016357421875e-06
5954,pop27,1,0.0642099380493164,0.0
5954,pop33,2,0.0003663301467895508,5.8770179748535156e-05
5954,pop32,3,0.0003437201182047526,5.330289193828359e-05
5954,pop53,1,0.0003674030303955078,0.0
5954,pop1,1,0.00034427642822265625,0.0
5954,pop6,1,0.0002608299255371094,0.0
5955,pop50,4,0.013730168342590332,0.023039531592063744
5955,pop17,5,0.01195526123046875,0.023190061336590056
5955,pop44,1,0.055666208267211914,0.0
5955,pop27,1,0.0002815723419189453,0.0
5955,pop25,1,0.0002803802490234375,0.0
5955,pop51,1,0.0003914833068847656,0.0
5955,pop19,1,0.00028324127197265625,0.0
5955,pop18,1,0.0002551078796386719,0.0
5956,pop53,4,0.013290762901306152,0.022253616763455053
5956,pop50,1,0.00037789344787597656,0.0
5956,pop44,1,0.0003108978271484375,0.0
5957,pop18,2,0.028796792030334473,0.028395533561706543
5957,pop19,1,0.0004169940948486328,0.0
5957,pop51,3,0.0004013379414876302,6.875426706720265e-05
5957,pop10,1,0.050998687744140625,0.0
5957,pop4,2,0.02659440040588379,0.02632594108581543
5957,pop53,1,0.05198168754577637,0.0
5957,pop50,3,0.0004299481709798177,4.4622860721298326e-05
5957,pop55,1,0.04856753349304199,0.0
5957,pop17,2,0.0003249645233154297,3.075599670410156e-05
5957,pop44,1,0.0002872943878173828,0.0
5958,pop14,4,0.030072033405303955,0.029674019798239557
5958,pop24,3,0.00039116541544596356,0.00010663119725734779
5958,pop23,1,0.0003161430358886719,0.0
5958,pop16,1,0.0003960132598876953,0.0
5958,pop50,3,0.00046443939208984375,4.846098330025915e-05
5958,pop17,2,0.03010714054107666,0.029773354530334473
5958,pop53,1,0.0003662109375,0.0
5958,pop1,1,0.0003440380096435547,0.0
5958,pop15,1,0.00023794174194335938,0.0
5959,pop57,2,0.029480814933776855,0.029100537300109863
5959,pop56,4,0.0002980232238769531,5.832295455521447e-05
5959,pop48,3,0.01921391487121582,0.026767800668481
5959,pop52,1,0.0004448890686035156,0.0
5959,pop53,1,0.0004913806915283203,0.0
5959,pop51,1,0.0004031658172607422,0.0
5959,pop10,1,0.0002734661102294922,0.0
5960,pop6,2,0.028139591217041016,0.0277402400970459
5960,pop1,1,0.0002796649932861328,0.0
5960,pop53,2,0.000453948974609375,2.6702880859375e-05
5960,pop54,4,0.0003591179847717285,7.346762709480122e-05
5960,pop47,1,0.00036406517028808594,0.0
5961,pop33,2,0.028229594230651855,0.027623534202575684
5961,pop50,1,0.000396728515625,0.0
5961,pop53,1,0.0003631114959716797,0.0
5961,pop52,2,0.00030612945556640625,1.811981201171875e-05
5961,pop37,4,0.000295102596282959,4.96309877933722e-05
5962,pop28,2,0.023954391479492188,0.023572921752929688
5962,pop36,1,0.00024890899658203125,0.0
5962,pop10,1,0.05290341377258301,0.0
5962,pop51,2,0.0003769397735595703,3.886222839355469e-05
5962,pop22,4,0.0003228187561035156,5.6336196419042385e-05
5962,pop19,1,0.0003161430358886719,0.0
5962,pop18,1,0.00027680397033691406,0.0
5963,pop41,2,0.025620698928833008,0.025198936462402344
5963,pop40,1,0.05033373832702637,0.0
5963,pop43,2,0.0003870725631713867,1.5497207641601562e-06
5963,pop51,2,0.00046753883361816406,0.00010275840759277344
5963,pop11,1,0.00024271011352539062,0.0
5963,pop10,1,0.05211830139160156,0.0
5963,pop19,1,0.000316619873046875,0.0
5963,pop20,1,0.05733537673950195,0.0
5963,pop46,1,0.0002720355987548828,0.0
5963,pop45,1,0.0002739429473876953,0.0
5963,pop44,1,0.05824923515319824,0.0
5963,pop50,3,0.0005002021789550781,0.00017230126539080298
5963,pop14,4,0.01699507236480713,0.02884897251454088
5963,pop27,1,0.00028061866760253906,0.0
5963,pop25,1,0.0002834796905517578,0.0
5963,pop17,1,0.06589818000793457,0.0
5963,pop24,2,0.0003902912139892578,7.891654968261719e-05
5963,pop35,1,0.0002200603485107422,0.0
5964,pop23,3,0.019478877385457356,0.02703229404893792
5964,pop21,4,0.00031578540802001953,4.033627359087838e-05
5964,pop16,1,0.00025844573974609375,0.0
5964,pop50,1,0.0004935264587402344,0.0
5964,pop51,1,0.00033020973205566406,0.0
5965,pop21,2,0.030237555503845215,0.02983081340789795
5965,pop22,3,0.0002914269765218099,4.326901287839174e-05
5965,pop51,1,0.0004010200500488281,0.0
5965,pop53,1,0.0004794597625732422,0.0
5965,pop52,1,0.0003120899200439453,0.0
5966,pop9,5,0.010116958618164062,0.019648075340760733
5966,pop51,1,0.00043320655822753906,0.0
5966,pop10,1,0.0002827644348144531,0.0
5967,pop27,3,0.020430723826090496,0.028410958943576422
5967,pop25,2,0.00027561187744140625,8.58306884765625e-06
5967,pop17,3,0.0004627704620361328,9.402462210371295e-05
5967,pop44,1,0.0004165172576904297,0.0
5967,pop50,1,0.0004012584686279297,0.0
5967,pop53,1,0.0003604888916015625,0.0
5967,pop1,1,0.0003185272216796875,0.0
5967,pop6,1,0.00026297569274902344,0.0
5968,pop36,2,0.02526247501373291,0.024872183799743652
5968,pop10,1,0.05161905288696289,0.0
5968,pop51,2,0.00038933753967285156,5.817413330078125e-05
5968,pop43,1,0.0003783702850341797,0.0
5968,pop40,2,0.025815606117248535,0.025405526161193848
5968,pop41,1,0.0002942085266113281,0.0
5968,pop53,2,0.00036787986755371094,6.67572021484375e-06
5968,pop54,3,0.00029730796813964844,2.360223516610066e-05
5969,pop57,2,0.029941916465759277,0.029535412788391113
5969,pop56,4,0.00027126073837280273,1.591287740971147e-05
5969,pop48,1,0.0002815723419189453,0.0
5969,pop52,1,0.0003368854522705078,0.0
5969,pop55,1,0.00026226043701171875,0.0
5970,pop41,3,0.01738882064819336,0.024083272568955896
5970,pop40,2,0.024962782859802246,0.024716496467590332
5970,pop53,2,0.0004099607467651367,4.398822784423828e-05
5970,pop50,1,0.0004622936248779297,0.0
5970,pop55,1,0.000255584716796875,0.0
5971,pop44,4,0.02768230438232422,0.02733749993088301
5971,pop50,2,0.0004069805145263672,3.337860107421875e-06
5971,pop55,2,0.0003923177719116211,8.225440979003906e-06
5971,pop53,1,0.00048041343688964844,0.0
5971,pop1,1,0.0003311634063720703,0.0
5971,pop6,1,0.0002465248107910156,0.0
5972,pop48,4,0.014044404029846191,0.023681601881769182
5972,pop49,3,0.020047982533772785,0.02796218615658226
5972,pop52,1,0.0003609657287597656,0.0
5972,pop53,1,0.0003802776336669922,0.0
5972,pop50,1,0.00037980079650878906,0.0
5972,pop14,1,0.0003402233123779297,0.0
5972,pop24,1,0.0003097057342529297,0.0
5973,pop39,2,0.025485515594482422,0.025099515914916992
5973,pop38,2,0.029763460159301758,0.02949357032775879
5973,pop18,2,0.00028192996978759766,1.1920928955078125e-07
5973,pop19,2,0.00033986568450927734,5.841255187988281e-06
5973,pop51,4,0.0003520846366882324,2.3275671023495053e-05
5973,pop43,1,0.00027489662170410156,0.0
5973,pop40,1,0.05238223075866699,0.0
5973,pop41,1,0.0002646446228027344,0.0
5973,pop53,2,0.05491304397583008,0.0005066394805908203
5973,pop54,1,0.05143141746520996,0.0
5973,pop4,1,0.05699467658996582,0.0
5973,pop5,1,0.0002543926239013672,0.0
5973,pop10,1,0.00028252601623535156,0.0
5973,pop22,3,0.00030811627705891925,4.046347208439976e-05
5974,pop30,2,0.022881388664245605,0.02249610424041748
5974,pop31,1,0.0002589225769042969,0.0
5974,pop17,4,0.00033468008041381836,4.1749937174669537e-05
5974,pop50,1,0.0004596710205078125,0.0
5974,pop14,1,0.0003294944763183594,0.0
5974,pop24,1,0.0002963542938232422,0.0
5975,pop40,2,0.02439892292022705,0.024001717567443848
5975,pop43,2,0.0002765655517578125,9.5367431640625e-07
5975,pop51,2,0.0004291534423828125,7.939338684082031e-05
5975,pop11,1,0.0002276897430419922,0.0
5975,pop10,2,0.026783347129821777,0.026359915733337402
5975,pop53,1,0.05392289161682129,0.0
5975,pop54,1,0.0515904426574707,0.0
5975,pop52,2,0.0004843473434448242,0.0001608133316040039
5975,pop48,2,0.00031244754791259766,4.2319297790527344e-05
5975,pop3,1,0.0002346038818359375,0.0
5975,pop0,1,0.0002357959747314453,0.0
5975,pop1,1,0.00032782554626464844,0.0
5975,pop15,1,0.0002186298370361328,0.0
5976,pop27,5,0.012351512908935547,0.02400787990859584
5976,pop25,1,0.0002899169921875,0.0
5976,pop17,1,0.00033855438232421875,0.0
5976,pop50,1,0.0003654956817626953,0.0
5976,pop51,1,0.00036978721618652344,0.0
5976,pop19,1,0.00038814544677734375,0.0
5976,pop18,1,0.0002791881561279297,0.0
5977,pop57,2,0.03009474277496338,0.029718756675720215
5977,pop56,1,0.0003859996795654297,0.0
5977,pop2,3,0.0003589789072672526,5.981894222701303e-05
5977,pop49,1,0.00026226043701171875,0.0
5977,pop48,1,0.00028824806213378906,0.0
5977,pop52,1,0.00028586387634277344,0.0
5977,pop53,1,0.00037097930908203125,0.0
5977,pop51,1,0.00031447410583496094,0.0
5977,pop19,1,0.0002753734588623047,0.0
5977,pop20,1,0.0002675056457519531,0.0
5978,pop8,2,0.024367690086364746,0.023981690406799316
5978,pop51,3,0.00044544537862141925,7.953331555204758e-05
5978,pop10,1,0.05145573616027832,0.0
5978,pop4,2,0.02684307098388672,0.026428699493408203
5978,pop53,3,0.01785874366760254,0.024703279438325038
5978,pop54,2,0.0003370046615600586,4.8995018005371094e-05
5978,pop1,1,0.00030112266540527344,0.0
5978,pop15,1,0.0002503395080566406,0.0
5979,pop48,4,0.01389002799987793,0.023421215227743476
5979,pop49,3,0.019838571548461914,0.027683230400055207
5979,pop52,1,0.0003039836883544922,0.0
5979,pop34,1,0.00025582313537597656,0.0
5979,pop35,1,0.00035452842712402344,0.0
5980,pop30,2,0.023192405700683594,0.022808074951171875
5980,pop31,1,0.0002601146697998047,0.0
5980,pop17,4,0.015903830528259277,0.026884468041555518
5980,pop50,3,0.0004703203837076823,5.68888024244851e-05
5980,pop33,2,0.0004266500473022461,1.8715858459472656e-05
5980,pop32,1,0.06425118446350098,0.0
5980,pop55,1,0.000240325927734375,0.0
5981,pop57,2,0.029664278030395508,0.029280662536621094
5981,pop56,3,0.000307162602742513,5.5227519458070185e-05
5981,pop48,1,0.0003209114074707031,0.0
5981,pop52,1,0.0003552436828613281,0.0
5981,pop53,1,0.00035834312438964844,0.0
5981,pop51,1,0.0004131793975830078,0.0
5981,pop19,1,0.000339508056640625,0.0
5981,pop18,1,0.0002472400665283203,0.0
5982,pop22,4,0.012089312076568604,0.020336293082159448
5982,pop51,1,0.0004107952117919922,0.0
5982,pop53,1,0.0005280971527099609,0.0
5982,pop7,1,0.00036525726318359375,0.0
5983,pop55,3,0.015187899271647135,0.020996697296410936
5983,pop52,2,0.0003147125244140625,7.3909759521484375e-06
5983,pop37,4,0.00034558773040771484,6.104970643091835e-05
5984,pop50,3,0.0176087220509847,0.024259940744327708
5984,pop17,3,0.00035572052001953125,1.5378768418619717e-05
5984,pop16,1,0.0002434253692626953,0.0
5985,pop27,2,0.030570030212402344,0.03017282485961914
5985,pop25,1,0.00039315223693847656,0.0
5985,pop17,4,0.00034362077713012695,3.886711895775708e-05
5985,pop50,1,0.0005674362182617188,0.0
5985,pop53,1,0.00035643577575683594,0.0
5985,pop51,1,0.00034117698669433594,0.0
5986,pop48,6,0.009427905082702637,0.0203228014665376
5986,pop49,1,0.057550668716430664,0.0
5986,pop52,1,0.0002834796905517578,0.0
5986,pop53,1,0.0003886222839355469,0.0
5986,pop51,1,0.00039958953857421875,0.0
5986,pop19,1,0.00034737586975097656,0.0
5986,pop20,1,0.00027108192443847656,0.0
5987,pop57,2,0.029967427253723145,0.029589056968688965
5987,pop56,3,0.00034538904825846356,6.608176647141992e-05
5987,pop2,3,0.020918846130371094,0.029193606936256757
5987,pop49,4,0.030042052268981934,0.02977919859460411
5987,pop48,1,0.00027108192443847656,0.0
5987,pop52,1,0.00027871131896972656,0.0
5987,pop53,1,0.00036215782165527344,0.0
5987,pop51,1,0.0003979206085205078,0.0
5987,pop19,1,0.00035071372985839844,0.0
5987,pop20,1,0.0002841949462890625,0.0
5988,pop16,3,0.018074830373128254,0.02508125456304431
5988,pop23,4,0.00036025047302246094,5.232975522501511e-05
5988,pop50,1,0.000370025634765625,0.0
5988,pop55,1,0.00024390220642089844,0.0
5989,pop4,2,0.025862693786621094,0.02545619010925293
5989,pop51,2,0.0005229711532592773,0.0001188516616821289
5989,pop10,1,0.05188727378845215,0.0
5989,pop11,1,0.0002453327178955078,0.0
5989,pop43,1,0.0002510547637939453,0.0
5989,pop50,1,0.0005173683166503906,0.0
5989,pop53,2,0.026378750801086426,0.02600252628326416
5989,pop54,1,0.00040650367736816406,0.0
5989,pop52,5,0.0004215240478515625,6.441574091709752e-05
5989,pop48,1,0.05938124656677246,0.0
5989,pop12,1,0.05758094787597656,0.0
5989,pop47,1,0.0002391338348388672,0.0
5990,pop18,3,0.019016106923421223,0.02641290545928654
5990,pop38,2,0.03000509738922119,0.029716849327087402
5990,pop19,1,0.00035953521728515625,0.0
5990,pop20,2,0.02910482883453369,0.028704285621643066
5990,pop46,1,0.0002701282501220703,0.0
5990,pop45,1,0.0002944469451904297,0.0
5990,pop44,2,0.0004082918167114258,0.00013720989227294922
5990,pop50,1,0.0004544258117675781,0.0
5990,pop53,1,0.0005290508270263672,0.0
5990,pop1,1,0.00032591819763183594,0.0
5990,pop6,1,0.0002467632293701172,0.0
5991,pop14,5,0.011884117126464843,0.023013795820298655
5991,pop50,1,0.0003991127014160156,0.0
5991,pop51,1,0.000354766845703125,0.0
5991,pop19,1,0.0003829002380371094,0.0
5991,pop20,1,0.0002751350402832031,0.0
5992,pop6,2,0.028127074241638184,0.027749180793762207
5992,pop1,1,0.00033545494079589844,0.0
5992,pop53,1,0.00038313865661621094,0.0
5992,pop51,3,0.00046753883361816406,0.00013718788184202119
5992,pop10,1,0.052695274353027344,0.0
5992,pop19,1,0.0003407001495361328,0.0
5992,pop20,1,0.057529449462890625,0.0
5992,pop46,1,0.00040078163146972656,0.0
5993,pop33,3,0.018968582153320312,0.02632562706865816
5993,pop37,3,0.00030032793680826825,3.926425782567549e-05
5993,pop50,1,0.0003936290740966797,0.0
5993,pop16,1,0.0002884864807128906,0.0
5994,pop23,4,0.02929025888442993,0.02893140499938815
5994,pop21,2,0.000335693359375,7.367134094238281e-05
5994,pop22,1,0.04977011680603027,0.0
5994,pop24,2,0.033322691917419434,0.03300678730010986
5994,pop14,1,0.0003669261932373047,0.0
5994,pop50,2,0.0005538463592529297,9.512901306152344e-05
5994,pop32,1,0.06896615028381348,0.0
5994,pop33,1,0.00030303001403808594,0.0
5994,pop55,2,0.026523947715759277,0.026276230812072754
5994,pop52,2,0.0003148317337036133,2.014636993408203e-05
5994,pop12,2,0.0003427267074584961,4.470348358154297e-05
5995,pop9,4,0.012570083141326904,0.021224522181914455
5995,pop51,1,0.0004343986511230469,0.0
5995,pop50,1,0.0004229545593261719,0.0
5995,pop44,1,0.000274658203125,0.0
5996,pop8,2,0.024310588836669922,0.023917436599731445
5996,pop51,2,0.0004296302795410156,0.00010418891906738281
5996,pop10,1,0.05162405967712402,0.0
5996,pop50,1,0.0003876686096191406,0.0
5996,pop53,1,0.05190873146057129,0.0
5996,pop54,1,0.04987001419067383,0.0
5996,pop52,5,0.011365604400634766,0.02200532902745979
5996,pop48,4,0.015378177165985107,0.026114504467671776
5996,pop55,2,0.024782419204711914,0.024547815322875977
5997,pop30,2,0.02319478988647461,0.022813081741333008
5997,pop31,1,0.0002651214599609375,0.0
5997,pop17,4,0.00033986568450927734,5.735850074470707e-05
5997,pop50,1,0.0003921985626220703,0.0
5997,pop51,1,0.0003936290740966797,0.0
5998,pop22,4,0.012075603008270264,0.020312031869213827
5998,pop51,1,0.0003688335418701172,0.0
5998,pop50,1,0.0005128383636474609,0.0
5998,pop44,1,0.0003056526184082031,0.0
5999,pop37,4,0.011158406734466553,0.018738264630961
5999,pop52,1,0.00028777122497558594,0.0
5999,pop55,1,0.00024247169494628906,0.0
6000,pop31,2,0.024275541305541992,0.023878812789916992
6000,pop30,1,0.00026535987854003906,0.0
6000,pop48,3,0.039422829945882164,0.027682899579330005
6000,pop49,1,0.06104278564453125,0.0
6000,pop56,1,0.06324291229248047,0.0
6000,pop52,1,0.0004363059997558594,0.0
6000,pop54,2,0.026990771293640137,0.02668941020965576
6000,pop53,2,0.05545079708099365,0.0006443262100219727
6000,pop41,1,0.0002989768981933594,0.0
6000,pop40,1,0.05621933937072754,0.0
6000,pop43,2,0.00028014183044433594,2.1457672119140625e-06
6000,pop51,2,0.000500798225402832,1.4901161193847656e-05
6000,pop11,1,0.0002453327178955078,0.0
6000,pop10,1,0.058808088302612305,0.0
6000,pop47,4,0.00024706125259399414,6.048917107876943e-06
6001,pop41,2,0.026409626007080078,0.026002168655395508
6001,pop53,4,0.00045436620712280273,9.760181867121917e-05
6001,pop52,1,0.00029277801513671875,0.0
6001,pop34,1,0.00024080276489257812,0.0
6001,pop35,1,0.00024580955505371094,0.0
6002,pop55,2,0.022619247436523438,0.02222299575805664
6002,pop52,3,0.0003372033437093099,3.9581473531184695e-05
6002,pop53,1,0.0003826618194580078,0.0
6002,pop1,1,0.0003299713134765625,0.0
6002,pop15,1,0.0002372264862060547,0.0
6003,pop50,3,0.017734527587890625,0.024419798662212177
6003,pop14,2,0.02967250347137451,0.029334425926208496
6003,pop24,4,0.0002943277359008789,3.7876488961673676e-05
6003,pop44,1,0.00042748451232910156,0.0
6004,pop14,3,0.0390166441599528,0.027286406919393186
6004,pop50,1,0.0004203319549560547,0.0
6004,pop55,1,0.04725384712219238,0.0
6004,pop52,3,0.01825110117594401,0.025389318186721438
6004,pop13,2,0.0002459287643432617,5.125999450683594e-06
6005,pop6,5,0.011575841903686523,0.02236859914990577
6005,pop1,1,0.0003304481506347656,0.0
6005,pop53,1,0.0004394054412841797,0.0
6005,pop51,1,0.00036644935607910156,0.0
6005,pop19,1,0.00034356117248535156,0.0
6005,pop20,1,0.0002894401550292969,0.0
6006,pop33,3,0.01879270871480306,0.026085861607573518
6006,pop32,4,0.00032842159271240234,4.3742662620471265e-05
6006,pop50,1,0.00037598609924316406,0.0
6006,pop55,1,0.00028204917907714844,0.0
6007,pop9,5,0.010145425796508789,0.019592693519245172
6007,pop51,1,0.0003840923309326172,0.0
6007,pop53,1,0.0004119873046875,0.0
6007,pop1,1,0.0004439353942871094,0.0
6007,pop6,1,0.0002524852752685547,0.0
6008,pop8,2,0.024535298347473145,0.024138331413269043
6008,pop51,1,0.00044274330139160156,0.0
6008,pop19,1,0.0003483295440673828,0.0
6008,pop20,3,0.0003265539805094401,5.9144896085397e-05
6009,pop38,3,0.03947329521179199,0.027627165752879438
6009,pop18,1,0.0003991127014160156,0.0
6009,pop19,1,0.0003807544708251953,0.0
6009,pop20,2,0.028976082801818848,0.02872169017791748
6009,pop46,1,0.0002918243408203125,0.0
6009,pop45,1,0.0002818107604980469,0.0
6009,pop44,2,0.0003185272216796875,3.933906555175781e-05
6009,pop50,1,0.0004036426544189453,0.0
6009,pop55,1,0.0002613067626953125,0.0
6010,pop56,2,0.03004300594329834,0.029645323753356934
6010,pop2,2,0.03039562702178955,0.030124306678771973
6010,pop49,1,0.00027108192443847656,0.0
6010,pop48,1,0.0002574920654296875,0.0
6010,pop52,2,0.00031507015228271484,1.704692840576172e-05
6010,pop12,3,0.0003120104471842448,7.551519325266352e-05
6010,pop53,1,0.0005137920379638672,0.0
6010,pop51,1,0.00036597251892089844,0.0
6010,pop10,1,0.00029397010803222656,0.0
6011,pop46,2,0.026477336883544922,0.026068925857543945
6011,pop45,1,0.0002715587615966797,0.0
6011,pop44,2,0.0002897977828979492,2.5033950805664062e-06
6011,pop50,2,0.00048673152923583984,2.372264862060547e-05
6011,pop17,1,0.06105399131774902,0.0
6011,pop25,1,0.0004279613494873047,0.0
6011,pop27,1,0.0004029273986816406,0.0
6011,pop33,2,0.0003719329833984375,6.222724914550781e-05
6011,pop32,2,0.033625006675720215,0.03333699703216553
6011,pop37,2,0.00027251243591308594,1.1920928955078125e-05
6011,pop52,1,0.00034737586975097656,0.0
6012,pop10,2,0.02575838565826416,0.025353550910949707
6012,pop51,1,0.00035834312438964844,0.0
6012,pop53,1,0.05288386344909668,0.0
6012,pop54,1,0.0002808570861816406,0.0
6012,pop52,2,0.0003731250762939453,5.888938903808594e-05
6012,pop12,3,0.0002722740173339844,9.562536961536576e-06
6013,pop39,2,0.026081562042236328,0.025694847106933594
6013,pop38,4,0.00030678510665893555,5.2983768665515865e-05
6013,pop18,1,0.00027179718017578125,0.0
6013,pop19,1,0.0003821849822998047,0.0
6013,pop51,1,0.00035452842712402344,0.0
6013,pop50,1,0.0005865097045898438,0.0
6013,pop14,1,0.0003287792205810547,0.0
6013,pop24,1,0.0002422332763671875,0.0
6014,pop16,2,0.02645742893218994,0.026055216789245605
6014,pop23,1,0.0002944469451904297,0.0
6014,pop24,1,0.06339120864868164,0.0
6014,pop14,1,0.00033020973205566406,0.0
6014,pop50,3,0.0005157788594563802,1.1217221831456888e-05
6014,pop17,1,0.060759782791137695,0.0
6014,pop33,2,0.0002968311309814453,4.0531158447265625e-06
6014,pop32,4,0.00033843517303466797,6.0668628017377274e-05
6014,pop44,1,0.00030803680419921875,0.0
6015,pop4,2,0.025981426239013672,0.0255889892578125
6015,pop51,3,0.00037868817647298175,6.112832088406268e-05
6015,pop53,3,0.03565216064453125,0.02498827758964971
6015,pop41,2,0.00028264522552490234,3.5762786865234375e-07
6015,pop40,1,0.0504605770111084,0.0
6015,pop10,1,0.05365443229675293,0.0
6015,pop50,4,0.0004143714904785156,3.121827055377273e-05
6015,pop17,5,0.012933874130249023,0.02521004993738902
6015,pop44,1,0.05979609489440918,0.0
6015,pop1,1,0.000324249267578125,0.0
6015,pop15,1,0.00022864341735839844,0.0
6016,pop18,3,0.01889650026957194,0.026267413079204886
6016,pop38,1,0.058951616287231445,0.0
6016,pop19,1,0.0002765655517578125,0.0
6016,pop51,2,0.0004652738571166992,0.0001417398452758789
6016,pop50,1,0.0005252361297607422,0.0
6016,pop16,1,0.00028395652770996094,0.0
6016,pop23,1,0.00032448768615722656,0.0
6016,pop21,1,0.00028252601623535156,0.0
6016,pop22,4,0.0003051161766052246,5.3901947132400386e-05
6016,pop53,1,0.00037741661071777344,0.0
6016,pop52,1,0.000331878662109375,0.0
6017,pop23,2,0.029568076133728027,0.029128432273864746
6017,pop24,4,0.0003253817558288574,3.6477409541178093e-05
6017,pop14,1,0.0003464221954345703,0.0
6017,pop50,1,0.0004646778106689453,0.0
6017,pop51,1,0.0003857612609863281,0.0
6017,pop10,1,0.0002727508544921875,0.0
6018,pop30,2,0.023453116416931152,0.02306187152862549
6018,pop31,1,0.00026702880859375,0.0
6018,pop17,4,0.0003949403762817383,7.811119905428674e-05
6018,pop50,1,0.0004572868347167969,0.0
6018,pop53,1,0.0004982948303222656,0.0
6018,pop52,1,0.0003154277801513672,0.0
6019,pop37,3,0.02951359748840332,0.02059892626632434
6019,pop33,2,0.0003167390823364258,2.849102020263672e-05
6019,pop32,1,0.0647585391998291,0.0
6019,pop50,2,0.0004023313522338867,3.445148468017578e-05
6019,pop17,2,0.00039839744567871094,2.1219253540039062e-05
6019,pop53,1,0.0004971027374267578,0.0
6019,pop7,1,0.00023221969604492188,0.0
6020,pop14,4,0.029783308506011963,0.0294047089525558
6020,pop24,3,0.00036525726318359375,0.00010367252063017544
6020,pop50,1,0.00038743019104003906,0.0
6020,pop53,1,0.0003857612609863281,0.0
6020,pop52,1,0.00034546852111816406,0.0
6021,pop42,2,0.025509953498840332,0.025136351585388184
6021,pop43,1,0.00028061866760253906,0.0
6021,pop51,3,0.00040984153747558594,3.6974102066208894e-05
6021,pop4,3,0.01797771453857422,0.025016684383725462
6021,pop19,2,0.00033724308013916016,1.5854835510253906e-05
6021,pop20,2,0.0003172159194946289,5.2094459533691406e-05
6021,pop50,1,0.0005207061767578125,0.0
6021,pop16,1,0.000270843505859375,0.0
6022,pop52,4,0.01320427656173706,0.02210445495710027
6022,pop53,1,0.0006327629089355469,0.0
6022,pop50,1,0.0006680488586425781,0.0
6022,pop44,1,0.000301361083984375,0.0
6022,pop45,1,0.00027942657470703125,0.0
6022,pop46,1,0.0002777576446533203,0.0
6022,pop20,1,0.0002624988555908203,0.0
6023,pop50,2,0.026492834091186523,0.025944232940673828
6023,pop53,2,0.027041316032409668,0.02653062343597412
6023,pop52,1,0.0003046989440917969,0.0
6023,pop12,2,0.00028502941131591797,3.0875205993652344e-05
6024,pop6,3,0.03843132654825846,0.02690933386262646
6024,pop1,2,0.00036525726318359375,7.939338684082031e-05
6024,pop53,2,0.0004330873489379883,6.210803985595703e-05
6024,pop52,2,0.0003368854522705078,2.5987625122070312e-05
6024,pop12,3,0.0003276666005452474,4.36561425166726e-05
6024,pop15,1,0.0002357959747314453,0.0
6025,pop33,3,0.01922925313313802,0.026703051612890858
6025,pop32,3,0.00032901763916015625,2.856316934625586e-05
6025,pop50,1,0.0004107952117919922,0.0
6025,pop55,1,0.00026345252990722656,0.0
6026,pop9,4,0.01288682222366333,0.021719166676205697
6026,pop51,1,0.0004470348358154297,0.0
6026,pop50,1,0.00034689903259277344,0.0
6026,pop14,1,0.0004684925079345703,0.0
6026,pop24,1,0.00028705596923828125,0.0
6027,pop8,2,0.024387240409851074,0.024006962776184082
6027,pop51,1,0.00035858154296875,0.0
6027,pop53,4,0.013203144073486328,0.0220104199805646
6027,pop1,3,0.00035071372985839844,3.088602038660986e-05
6027,pop6,2,0.0295485258102417,0.02931392192840576
6027,pop52,2,0.028031468391418457,0.027588963508605957
6027,pop54,1,0.0002913475036621094,0.0
6028,pop39,2,0.025426268577575684,0.025032877922058105
6028,pop38,1,0.06020021438598633,0.0
6028,pop18,1,0.0003910064697265625,0.0
6028,pop19,1,0.0003628730773925781,0.0
6028,pop51,2,0.0003751516342163086,2.5391578674316406e-05
6028,pop4,3,0.0003585020701090495,4.4724653670767736e-05
6028,pop53,1,0.0004792213439941406,0.0
6028,pop52,1,0.00043773651123046875,0.0
6029,pop18,3,0.01885056495666504,0.02618420134953708
6029,pop38,2,0.03055703639984131,0.030167460441589355
6029,pop19,1,0.00034546852111816406,0.0
6029,pop20,1,0.056902170181274414,0.0
6029,pop46,1,0.00027680397033691406,0.0
6029,pop45,1,0.0002646446228027344,0.0
6029,pop44,3,0.0003501574198404948,8.03661213776437e-05
6029,pop50,1,0.00044345855712890625,0.0
6029,pop53,1,0.0003840923309326172,0.0
6029,pop47,1,0.00024080276489257812,0.0
6030,pop30,2,0.02344357967376709,0.02303946018218994
6030,pop48,4,0.014702081680297852,0.024869312540641217
6030,pop52,3,0.018214702606201172,0.02530582333968589
6030,pop53,1,0.0003604888916015625,0.0
6030,pop50,1,0.0003809928894042969,0.0
6030,pop16,1,0.0002715587615966797,0.0
6031,pop47,2,0.022249937057495117,0.021853208541870117
6031,pop53,1,0.052201032638549805,0.0
6031,pop52,2,0.027379751205444336,0.027085065841674805
6031,pop48,2,0.02935957908630371,0.029063940048217773
6031,pop56,1,0.06238985061645508,0.0
6031,pop2,1,0.0002760887145996094,0.0
6031,pop49,4,0.0002716183662414551,1.4717761572676238e-05
6031,pop55,1,0.0002608299255371094,0.0
6032,pop24,4,0.015738189220428467,0.026382557634595388
6032,pop23,1,0.00028228759765625,0.0
6032,pop16,1,0.000385284423828125,0.0
6032,pop50,1,0.00044274330139160156,0.0
6032,pop53,1,0.0003719329833984375,0.0
6032,pop1,1,0.00033211708068847656,0.0
6032,pop15,1,0.0002391338348388672,0.0
6033,pop32,5,0.01237492561340332,0.02406146785228959
6033,pop33,1,0.0002562999725341797,0.0
6033,pop50,1,0.0005314350128173828,0.0
6033,pop53,1,0.0003745555877685547,0.0
6033,pop1,1,0.0003254413604736328,0.0
6033,pop6,1,0.0002491474151611328,0.0
6034,pop45,2,0.028295278549194336,0.02788066864013672
6034,pop44,1,0.0004279613494873047,0.0
6034,pop50,2,0.00043570995330810547,7.95125961303711e-05
6034,pop51,1,0.00048732757568359375,0.0
6034,pop53,1,0.05195260047912598,0.0
6034,pop55,3,0.01660466194152832,0.023099338979717037
6034,pop52,2,0.0003170967102050781,6.198883056640625e-06
6034,pop12,2,0.0002834796905517578,2.86102294921875e-05
6035,pop53,3,0.03409719467163086,0.023752636634343318
6035,pop41,1,0.0002853870391845703,0.0
6035,pop40,3,0.0003311634063720703,5.6277896301181166e-05
6035,pop43,1,0.0002853870391845703,0.0
6035,pop51,1,0.00039076805114746094,0.0
6035,pop19,1,0.00034046173095703125,0.0
6035,pop20,1,0.0002627372741699219,0.0
6036,pop48,2,0.02776658535003662,0.02735435962677002
6036,pop52,4,0.00036603212356567383,7.038586795121112e-05
6036,pop12,3,0.018643299738566082,0.026004156227878456
6036,pop55,1,0.048403263092041016,0.0
6036,pop50,1,0.0004184246063232422,0.0
6036,pop53,2,0.0005056858062744141,1.4066696166992188e-05
6036,pop47,1,0.0002453327178955078,0.0
6037,pop46,2,0.02654421329498291,0.026151299476623535
6037,pop45,1,0.0003082752227783203,0.0
6037,pop44,4,0.00029224157333374023,1.0394304964065757e-05
6038,pop16,3,0.018573840459187824,0.025794880763128185
6038,pop23,2,0.0002846717834472656,1.7642974853515625e-05
6038,pop21,4,0.0002892017364501953,2.9338566258421445e-05
6038,pop50,1,0.0003857612609863281,0.0
6038,pop55,1,0.00032210350036621094,0.0
6039,pop4,4,0.012952029705047607,0.021766721811394704
6039,pop51,1,0.00032448768615722656,0.0
6039,pop50,1,0.00038933753967285156,0.0
6039,pop35,1,0.0002186298370361328,0.0
6040,pop37,5,0.009132051467895507,0.017570695193581006
6040,pop33,1,0.00041031837463378906,0.0
6040,pop50,1,0.0003764629364013672,0.0
6040,pop51,1,0.00037860870361328125,0.0
6040,pop19,1,0.00036787986755371094,0.0
6040,pop20,1,0.0002570152282714844,0.0
6041,pop33,3,0.01882656415303548,0.026136098605925313
6041,pop32,4,0.0003510117530822754,0.00011973341816340749
6041,pop50,1,0.0004220008850097656,0.0
6041,pop35,1,0.0002288818359375,0.0
6042,pop8,2,0.024768948554992676,0.024381518363952637
6042,pop51,1,0.00031948089599609375,0.0
6042,pop53,4,0.01388692855834961,0.023381838381722305
6042,pop1,2,0.00033462047576904297,4.172325134277344e-06
6042,pop6,2,0.00030052661895751953,1.5854835510253906e-05
6042,pop52,1,0.00029015541076660156,0.0
6043,pop39,2,0.025543212890625,0.025147438049316406
6043,pop38,1,0.0002884864807128906,0.0
6043,pop18,1,0.0002703666687011719,0.0
6043,pop19,1,0.0004546642303466797,0.0
6043,pop20,1,0.00024366378784179688,0.0
6043,pop46,1,0.0002338886260986328,0.0
6043,pop51,1,0.0003266334533691406,0.0
6043,pop22,4,0.00031375885009765625,5.53595927204223e-05
6043,pop21,1,0.0002560615539550781,0.0
6043,pop23,1,0.0003159046173095703,0.0
6043,pop24,1,0.0003006458282470703,0.0
6044,pop28,2,0.02459883689880371,0.024223804473876953
6044,pop51,4,0.0004006624221801758,2.302468099997502e-05
6044,pop53,3,0.03625384966532389,0.025355794182296686
6044,pop54,1,0.05222487449645996,0.0
6044,pop4,1,0.05682086944580078,0.0
6044,pop22,3,0.0002969106038411458,2.869905704986476e-05
6044,pop10,1,0.0002918243408203125,0.0
6045,pop21,3,0.04146718978881836,0.02904173549235117
6045,pop23,2,0.029991745948791504,0.029675602912902832
6045,pop24,1,0.00040435791015625,0.0
6045,pop16,1,0.00029921531677246094,0.0
6045,pop50,2,0.00046956539154052734,3.6954879760742188e-06
6045,pop14,2,0.0004183053970336914,5.5909156799316406e-05
6045,pop51,1,0.0003960132598876953,0.0
6045,pop19,1,0.00034546852111816406,0.0
6045,pop20,1,0.00028824806213378906,0.0
6046,pop22,5,0.009893655776977539,0.01909258905524283
6046,pop51,1,0.0004398822784423828,0.0
6046,pop53,1,0.0003688335418701172,0.0
6046,pop1,1,0.00033473968505859375,0.0
6046,pop6,1,0.0002570152282714844,0.0
6047,pop50,2,0.026782512664794922,0.0262603759765625
6047,pop55,3,0.00031447410583496094,5.093348554703041e-05
6047,pop52,1,0.00043654441833496094,0.0
6048,pop18,2,0.02821803092956543,0.027814865112304688
6048,pop19,1,0.0004901885986328125,0.0
6048,pop51,1,0.0003535747528076172,0.0
6048,pop53,3,0.05329600969950358,0.0015008587521386943
6048,pop54,4,0.026111245155334473,0.025850095691579224
6048,pop52,3,0.00041063626607259113,0.00012572088966379788
6048,pop3,1,0.000244140625,0.0
6048,pop0,1,0.00023674964904785156,0.0
6048,pop1,1,0.00029850006103515625,0.0
6048,pop15,1,0.00022840499877929688,0.0
6049,pop47,3,0.014842589696248373,0.020552181882008847
6049,pop53,2,0.026385068893432617,0.02594280242919922
6049,pop52,5,0.011000967025756836,0.021161365052918376
6049,pop13,1,0.05447959899902344,0.0
6049,pop54,1,0.00029969215393066406,0.0
6050,pop32,4,0.015290617942810059,0.025813680859772856
6050,pop33,1,0.00040912628173828125,0.0
6050,pop50,1,0.0004215240478515625,0.0
6050,pop51,1,0.00039315223693847656,0.0
6050,pop19,1,0.0003330707550048828,0.0
6050,pop20,1,0.0002646446228027344,0.0
6051,pop45,2,0.027811646461486816,0.02740466594696045
6051,pop44,1,0.0003190040588378906,0.0
6051,pop50,1,0.00039958953857421875,0.0
6051,pop53,3,0.017792463302612305,0.024601959410925474
6051,pop52,2,0.027150511741638184,0.026822447776794434
6051,pop48,3,0.019883473714192707,0.02771655748303076
6051,pop49,2,0.00030040740966796875,3.62396240234375e-05
6051,pop7,1,0.00023484230041503906,0.0
6052,pop46,3,0.01818092664082845,0.02514424932251958
6052,pop45,2,0.0002652406692504883,1.3947486877441406e-05
6052,pop44,3,0.00034999847412109375,7.259601047069291e-05
6052,pop20,1,0.0002617835998535156,0.0
6053,pop4,2,0.026245951652526855,0.0258253812789917
6053,pop51,2,0.0003948211669921875,1.5497207641601562e-05
6053,pop22,4,0.00032216310501098633,5.222139100012849e-05
6053,pop19,1,0.0004723072052001953,0.0
6053,pop18,1,0.0002541542053222656,0.0
6054,pop39,2,0.02550196647644043,0.02511763572692871
6054,pop44,4,0.00037616491317749023,7.174208277296058e-05
6054,pop50,1,0.0004496574401855469,0.0
6054,pop53,1,0.00040435791015625,0.0
6054,pop1,1,0.00033926963806152344,0.0
6054,pop6,1,0.00026917457580566406,0.0
6055,pop36,2,0.02454090118408203,0.024161815643310547
6055,pop51,2,0.0003857612609863281,2.384185791015625e-07
6055,pop4,4,0.00030481815338134766,5.4674454015626776e-05
6055,pop53,1,0.0004162788391113281,0.0
6055,pop52,1,0.0003123283386230469,0.0
6056,pop55,4,0.02382504940032959,0.023443696686601435
6056,pop52,2,0.00034999847412109375,5.14984130859375e-05
6056,pop53,1,0.00038313865661621094,0.0
6056,pop51,1,0.0004258155822753906,0.0
6057,pop53,3,0.017167011896769207,0.02361214141175322
6057,pop41,2,0.00029397010803222656,2.288818359375e-05
6057,pop40,1,0.05038905143737793,0.0
6057,pop52,4,0.00033462047576904297,3.4372195572260855e-05
6057,pop34,1,0.00023746490478515625,0.0
6057,pop35,1,0.00021791458129882812,0.0
6058,pop8,2,0.02494359016418457,0.024563312530517578
6058,pop51,1,0.00033545494079589844,0.0
6058,pop22,1,0.05096769332885742,0.0
6058,pop21,1,0.06540441513061523,0.0
6058,pop23,1,0.00031304359436035156,0.0
6058,pop24,3,0.00033672650655110675,4.8040932847362684e-05
6058,pop14,3,0.021736542383829754,0.030246325357413128
6058,pop50,1,0.0004718303680419922,0.0
6058,pop53,1,0.0003800392150878906,0.0
6058,pop52,1,0.00031113624572753906,0.0
6059,pop44,2,0.027770638465881348,0.02736485004425049
6059,pop50,1,0.00039315223693847656,0.0
6059,pop14,1,0.059865713119506836,0.0
6059,pop24,3,0.0003174146016438802,1.8069898444854063e-05
6060,pop40,7,0.02187824249267578,0.024864730470685697
6060,pop41,4,0.00028592348098754883,7.416647887615277e-06
6060,pop53,3,0.035999298095703125,0.025130571492296847
6060,pop43,1,0.0002753734588623047,0.0
6060,pop51,2,0.0003788471221923828,3.5762786865234375e-06
6060,pop10,1,0.054875850677490234,0.0
6060,pop50,1,0.0005400180816650391,0.0
6060,pop16,1,0.0002682209014892578,0.0
6061,pop38,2,0.02996373176574707,0.029557466506958008
6061,pop18,1,0.0002894401550292969,0.0
6061,pop19,1,0.0003333091735839844,0.0
6061,pop51,1,0.0005066394805908203,0.0
6061,pop22,3,0.00029659271240234375,3.738283703635504e-05
6061,pop21,1,0.0002713203430175781,0.0
6061,pop23,1,0.00034618377685546875,0.0
6061,pop24,1,0.0002989768981933594,0.0
6062,pop10,4,0.013079285621643066,0.022054131953450407
6062,pop51,1,0.0003559589385986328,0.0
6063,pop23,4,0.015001833438873291,0.025339914940506716
6063,pop16,1,0.0004036426544189453,0.0
6063,pop50,1,0.0004410743713378906,0.0
6063,pop51,1,0.00044798851013183594,0.0
6064,pop21,3,0.021486997604370117,0.029901549510590826
6064,pop22,3,0.0002941290537516276,3.468168644927111e-05
6064,pop23,1,0.00030875205993652344,0.0
6064,pop16,1,0.00040650367736816406,0.0
6065,pop22,5,0.00988616943359375,0.019052243573792156
6065,pop51,1,0.0003418922424316406,0.0
6065,pop19,1,0.00031876564025878906,0.0
6065,pop20,1,0.00023818016052246094,0.0
6066,pop50,2,0.02642202377319336,0.025873661041259766
6066,pop44,2,0.027666568756103516,0.027375459671020508
6066,pop45,1,0.00027561187744140625,0.0
6066,pop46,1,0.0002722740173339844,0.0
6066,pop20,2,0.0002846717834472656,5.0067901611328125e-06
6067,pop18,2,0.028542280197143555,0.02814769744873047
6067,pop19,1,0.0003502368927001953,0.0
6067,pop51,2,0.00035321712493896484,3.6954879760742188e-06
6067,pop22,4,0.00030541419982910156,6.35900834188062e-05
6067,pop50,1,0.00043392181396484375,0.0
6067,pop35,1,0.0003418922424316406,0.0
6068,pop47,4,0.01152348518371582,0.01937282306326058
6068,pop53,1,0.0003669261932373047,0.0
6068,pop50,1,0.00036644935607910156,0.0
6068,pop55,1,0.0003788471221923828,0.0
6069,pop46,2,0.026628494262695312,0.026233196258544922
6069,pop20,2,0.05799531936645508,0.0010204315185546875
6069,pop19,3,0.0003246466318766276,2.284868903654034e-05
6069,pop51,4,0.0004042983055114746,4.688438615881072e-05
6069,pop10,3,0.018450101216634113,0.02569198830705119
6069,pop4,2,0.0003421306610107422,8.463859558105469e-05
6069,pop50,1,0.0004527568817138672,0.0
6069,pop55,1,0.00027370452880859375,0.0
6070,pop4,2,0.02604830265045166,0.025643467903137207
6070,pop51,2,0.00044596195220947266,4.6372413635253906e-05
6070,pop10,1,0.05227184295654297,0.0
6070,pop53,2,0.027018189430236816,0.026630759239196777
6070,pop54,1,0.051573753356933594,0.0
6070,pop52,2,0.00041544437408447266,0.0001119375228881836
6070,pop55,1,0.00024890899658203125,0.0
6070,pop50,1,0.0005309581756591797,0.0
6070,pop44,1,0.0003113746643066406,0.0
6071,pop39,2,0.025771737098693848,0.025386929512023926
6071,pop44,4,0.0003457069396972656,5.2694012020374e-05
6071,pop50,1,0.00046062469482421875,0.0
6071,pop53,1,0.00037217140197753906,0.0
6071,pop1,1,0.00036406517028808594,0.0
6071,pop6,1,0.0002446174621582031,0.0
6072,pop55,3,0.031101465225219727,0.02170712050822963
6072,pop52,3,0.018129269282023113,0.025096168995345367
6072,pop48,2,0.0003393888473510742,6.091594696044922e-05
6072,pop53,1,0.0004978179931640625,0.0
6072,pop1,1,0.0003418922424316406,0.0
6072,pop6,1,0.0002760887145996094,0.0
6073,pop52,3,0.0176242192586263,0.024403034617149492
6073,pop12,4,0.00031262636184692383,0.0001034268720312648
6073,pop53,1,0.0004444122314453125,0.0
6073,pop1,1,0.00035953521728515625,0.0
6073,pop6,1,0.00036787986755371094,0.0
6074,pop36,2,0.024417400360107422,0.02403426170349121
6074,pop10,3,0.0003043810526529948,3.4958664759479254e-05
6074,pop51,1,0.00034809112548828125,0.0
6074,pop50,1,0.0003631114959716797,0.0
6074,pop44,1,0.0003325939178466797,0.0
6075,pop21,4,0.016050279140472412,0.027156988349294295
6075,pop23,1,0.00030350685119628906,0.0
6075,pop16,1,0.0003001689910888672,0.0
6075,pop50,1,0.0004277229309082031,0.0
6075,pop35,1,0.00025463104248046875,0.0
6076,pop47,4,0.011644184589385986,0.019609251182674592
6076,pop53,1,0.0005164146423339844,0.0
6076,pop7,1,0.00022745132446289062,0.0
6077,pop55,2,0.023332834243774414,0.02293086051940918
6077,pop52,2,0.0003972053527832031,8.273124694824219e-05
6077,pop12,4,0.00028640031814575195,5.24979561497196e-05
6077,pop51,1,0.0003204345703125,0.0
6077,pop10,1,0.00030875205993652344,0.0
6078,pop27,4,0.03183341026306152,0.03148383790525978
6078,pop25,1,0.00028324127197265625,0.0
6078,pop17,2,0.0004718303680419922,1.5735626220703125e-05
6078,pop50,1,0.00044989585876464844,0.0
6078,pop35,1,0.0003330707550048828,0.0
6079,pop57,2,0.030726075172424316,0.030338406562805176
6079,pop56,3,0.0003050963083902995,6.453538754020573e-05
6079,pop48,1,0.0003981590270996094,0.0
6079,pop52,1,0.0003075599670410156,0.0
6079,pop53,1,0.0003688335418701172,0.0
6079,pop50,1,0.0004253387451171875,0.0
6079,pop16,1,0.0002696514129638672,0.0
6080,pop24,6,0.021363695462544758,0.029739525638473395
6080,pop14,2,0.030344367027282715,0.029981493949890137
6080,pop50,1,0.0004551410675048828,0.0
6080,pop44,1,0.0003314018249511719,0.0
6081,pop48,5,0.01150979995727539,0.022354363252443214
6081,pop52,1,0.000316619873046875,0.0
6081,pop34,1,0.0002422332763671875,0.0
6081,pop35,1,0.00022101402282714844,0.0
6082,pop16,3,0.018350998560587566,0.025490212241869956
6082,pop23,4,0.0003495216369628906,5.8503469439401386e-05
6083,pop37,2,0.022267818450927734,0.021878480911254883
6083,pop52,2,0.0003561973571777344,7.510185241699219e-05
6083,pop12,4,0.00027889013290405273,1.2180803806307092e-05
6084,pop44,5,0.011543798446655273,0.02237968547834681
6084,pop50,1,0.0003936290740966797,0.0
6084,pop53,1,0.0004363059997558594,0.0
6084,pop7,1,0.00022101402282714844,0.0
6085,pop50,3,0.0183103084564209,0.02510586937149669
6085,pop17,3,0.0003840923309326172,4.649712456649306e-05
6085,pop16,1,0.0002493858337402344,0.0
6086,pop36,2,0.024590730667114258,0.024199485778808594
6086,pop51,1,0.0006735324859619141,0.0
6086,pop53,1,0.000377655029296875,0.0
6086,pop50,3,0.0004742145538330078,6.922108890687108e-05
6086,pop17,3,0.02121289571126302,0.029526509201082664
6086,pop33,2,0.00029015541076660156,1.811981201171875e-05
6086,pop32,2,0.0003311634063720703,6.890296936035156e-05
6086,pop44,1,0.0002956390380859375,0.0
6086,pop45,1,0.00025963783264160156,0.0
6086,pop46,1,0.0002732276916503906,0.0
6086,pop20,1,0.000278472900390625,0.0
6087,pop28,2,0.024755239486694336,0.0243680477142334
6087,pop36,1,0.0002772808074951172,0.0
6087,pop10,3,0.00030914942423502606,5.709493078275778e-05
6087,pop51,1,0.0004138946533203125,0.0
6087,pop50,1,0.0005109310150146484,0.0
6087,pop14,1,0.0003459453582763672,0.0
6087,pop24,1,0.0002758502960205078,0.0
6088,pop45,2,0.028395652770996094,0.02800130844116211
6088,pop44,2,0.0002843141555786133,3.933906555175781e-06
6088,pop50,3,0.0005169709523518881,0.00017544328140134822
6088,pop27,1,0.0002906322479248047,0.0
6088,pop25,1,0.00031113624572753906,0.0
6088,pop17,3,0.021883249282836914,0.030436599537124024
6088,pop33,2,0.00036978721618652344,5.602836608886719e-05
6088,pop32,2,0.00034308433532714844,5.817413330078125e-05
6088,pop53,1,0.0003840923309326172,0.0
6088,pop1,1,0.0003230571746826172,0.0
6088,pop6,1,0.0002627372741699219,0.0
6089,pop47,4,0.011681675910949707,0.019705294357309576
6089,pop51,1,0.0004355907440185547,0.0
6090,pop48,3,0.019147396087646484,0.02659252990436792
6090,pop49,4,0.0003128647804260254,6.231679151284072e-05
6090,pop52,1,0.0003063678741455078,0.0
6090,pop53,1,0.0005049705505371094,0.0
6090,pop47,1,0.0002396106719970703,0.0
6091,pop50,3,0.018314043680826824,0.025137114534186898
6091,pop17,4,0.0004146695137023926,6.291639421303468e-05
6091,pop51,1,0.00031757354736328125,0.0
6091,pop19,1,0.0004646778106689453,0.0
6091,pop20,1,0.00029349327087402344,0.0
6092,pop31,2,0.02518630027770996,0.024790525436401367
6092,pop17,4,0.0003622770309448242,4.996035583082076e-05
6092,pop50,1,0.0003705024719238281,0.0
6092,pop51,1,0.00040149688720703125,0.0
6092,pop10,1,0.000400543212890625,0.0
6093,pop41,3,0.01778101921081543,0.02465596157480434
6093,pop40,1,0.05043196678161621,0.0
6093,pop53,1,0.05362534523010254,0.0
6093,pop52,2,0.02722954750061035,0.026934146881103516
6093,pop48,2,0.029760241508483887,0.02947056293487549
6093,pop56,1,0.0621490478515625,0.0
6093,pop2,4,0.0002713799476623535,2.219494820874333e-05
6093,pop49,1,0.0002579689025878906,0.0
6094,pop53,3,0.017392317454020183,0.023965821934980036
6094,pop54,4,0.00033909082412719727,9.006234212513671e-05
6094,pop51,1,0.0005054473876953125,0.0
6094,pop19,1,0.00036334991455078125,0.0
6094,pop20,1,0.00026106834411621094,0.0
6095,pop8,2,0.025335073471069336,0.02495741844177246
6095,pop51,4,0.00038057565689086914,1.9370959347467283e-05
6095,pop19,3,0.0003501574198404948,7.065490331933616e-06
6095,pop20,4,0.014552712440490723,0.02472206165004044
6095,pop10,2,0.02802574634552002,0.02773463726043701
6095,pop4,1,0.05693531036376953,0.0
6096,pop24,6,0.010724385579427084,0.023241052858474054
6096,pop14,1,0.06082725524902344,0.0
6096,pop50,1,0.0005238056182861328,0.0
6096,pop16,1,0.00028324127197265625,0.0
6096,pop23,1,0.0004343986511230469,0.0
6097,pop16,2,0.027281761169433594,0.02686452865600586
6097,pop50,2,0.0005097389221191406,0.00011372566223144531
6097,pop14,3,0.00037988026936848957,5.4400667277293744e-05
6097,pop53,1,0.00041747093200683594,0.0
6097,pop51,1,0.00037670135498046875,0.0
6097,pop19,1,0.0003597736358642578,0.0
6097,pop18,1,0.0002570152282714844,0.0
6098,pop37,2,0.022612690925598145,0.0221785306930542
6098,pop33,2,0.0002968311309814453,3.337860107421875e-06
6098,pop32,4,0.00030791759490966797,3.0535500821642815e-05
6098,pop50,1,0.00047898292541503906,0.0
6098,pop16,1,0.0003075599670410156,0.0
6099,pop36,2,0.025453805923461914,0.02506709098815918
6099,pop51,1,0.0004286766052246094,0.0
6099,pop22,4,0.00029474496841430664,2.4198237866138513e-05
6099,pop21,1,0.0002562999725341797,0.0
6099,pop23,1,0.00029730796813964844,0.0
6099,pop24,1,0.0002899169921875,0.0
6100,pop28,2,0.024788737297058105,0.024402260780334473
6100,pop51,3,0.0004634857177734375,7.821025835775255e-05
6100,pop19,4,0.00040715932846069336,6.26179914061503e-05
6100,pop20,1,0.05948948860168457,0.0
6100,pop18,2,0.0002779960632324219,1.1444091796875e-05
6100,pop38,2,0.032683372497558594,0.03241443634033203
6100,pop53,2,0.02915060520172119,0.02881038188934326
6100,pop52,3,0.0003578662872314453,6.415217393927563e-05
6100,pop48,1,0.06469249725341797,0.0
6100,pop56,1,0.0002720355987548828,0.0
6100,pop12,3,0.00030875205993652344,6.6185959470943e-05
6100,pop1,1,0.0003361701965332031,0.0
6100,pop6,1,0.00023698806762695312,0.0
6101,pop56,3,0.039917707443237305,0.027937666045896516
6101,pop48,2,0.029121041297912598,0.0288163423538208
6101,pop49,3,0.00026925404866536457,1.6942077839077606e-05
6101,pop52,1,0.0002951622009277344,0.0
6102,pop14,4,0.015446662902832031,0.026079287582401998
6102,pop50,1,0.00044083595275878906,0.0
6102,pop55,1,0.0002815723419189453,0.0
6103,pop40,2,0.02493917942047119,0.024524331092834473
6103,pop41,1,0.00028133392333984375,0.0
6103,pop53,2,0.025972366333007812,0.025614261627197266
6103,pop54,1,0.04954218864440918,0.0
6103,pop52,3,0.000318447748819987,1.856741822266552e-05
6103,pop55,1,0.04879450798034668,0.0
6103,pop12,4,0.00027632713317871094,3.8856742916401935e-05
6103,pop50,1,0.00037217140197753906,0.0
6103,pop44,1,0.00029850006103515625,0.0
6104,pop10,4,0.013275384902954102,0.02237438790818101
6104,pop51,1,0.00040531158447265625,0.0
6104,pop50,1,0.00038051605224609375,0.0
6104,pop16,1,0.0002772808074951172,0.0
6105,pop18,5,0.011955356597900391,0.023265226852143134
6105,pop38,3,0.04146186510721842,0.029156859733408095
6105,pop19,3,0.0003581047058105469,2.1409935303348206e-05
6105,pop20,2,0.06042218208312988,0.001520395278930664
6105,pop46,1,0.0002765655517578125,0.0
6105,pop45,1,0.0002765655517578125,0.0
6105,pop44,2,0.0314866304397583,0.031171441078186035
6105,pop50,2,0.00042426586151123047,2.4437904357910156e-05
6105,pop17,2,0.00046885013580322266,1.633167266845703e-05
6105,pop53,1,0.0004062652587890625,0.0
6105,pop7,1,0.00023102760314941406,0.0
6106,pop39,2,0.02624690532684326,0.025858759880065918
6106,pop38,4,0.0002981424331665039,4.544063600978277e-05
6106,pop18,1,0.0002758502960205078,0.0
6106,pop19,1,0.0003745555877685547,0.0
6106,pop51,1,0.00047397613525390625,0.0
6106,pop50,1,0.0003948211669921875,0.0
6106,pop55,1,0.0002741813659667969,0.0
6107,pop47,4,0.011529982089996338,0.019408963138692337
6107,pop53,1,0.00035953521728515625,0.0
6107,pop50,1,0.0005373954772949219,0.0
6107,pop44,1,0.0003025531768798828,0.0
6108,pop50,3,0.018034617106119793,0.02481669507723113
6108,pop33,2,0.0003170967102050781,1.1682510375976562e-05
6108,pop32,3,0.000291903813680013,1.4450517539274944e-05
6108,pop14,1,0.0003457069396972656,0.0
6108,pop24,1,0.00028228759765625,0.0
6109,pop8,2,0.025716543197631836,0.025305509567260742
6109,pop51,2,0.00039768218994140625,2.9802322387695312e-05
6109,pop10,4,0.00034034252166748047,5.263559254640948e-05
6109,pop19,1,0.000354766845703125,0.0
6109,pop18,1,0.00028324127197265625,0.0
6110,pop42,2,0.026307106018066406,0.02592182159423828
6110,pop43,1,0.0002808570861816406,0.0
6110,pop51,2,0.0005481243133544922,8.7738037109375e-05
6110,pop50,1,0.00040721893310546875,0.0
6110,pop16,1,0.0004150867462158203,0.0
6110,pop23,1,0.00030994415283203125,0.0
6110,pop21,1,0.00027441978454589844,0.0
6110,pop22,3,0.00030152002970377606,1.9762712745399676e-05
6110,pop19,1,0.0003523826599121094,0.0
6110,pop18,1,0.0004038810729980469,0.0
6111,pop6,5,0.011840438842773438,0.023083557492992898
6111,pop1,1,0.00031304359436035156,0.0
6111,pop15,1,0.00022292137145996094,0.0
6112,pop9,5,0.010514068603515624,0.020326157997593203
6112,pop51,1,0.0005145072937011719,0.0
6112,pop53,1,0.00043272972106933594,0.0
6112,pop1,1,0.00035262107849121094,0.0
6112,pop15,1,0.00025272369384765625,0.0
6113,pop30,2,0.023879647254943848,0.023484110832214355
6113,pop48,4,0.00031954050064086914,3.965187514004294e-05
6113,pop52,1,0.00030612945556640625,0.0
6113,pop53,1,0.00039124488830566406,0.0
6113,pop1,1,0.0004487037658691406,0.0
6113,pop15,1,0.0002281665802001953,0.0
6114,pop21,4,0.01589679718017578,0.026895415491791416
6114,pop23,1,0.00042700767517089844,0.0
6114,pop16,1,0.00027561187744140625,0.0
6114,pop50,1,0.0004165172576904297,0.0
6114,pop51,1,0.00032639503479003906,0.0
6114,pop19,1,0.00035858154296875,0.0
6114,pop20,1,0.0002815723419189453,0.0
6115,pop55,2,0.023521065711975098,0.023115992546081543
6115,pop52,3,0.00033346811930338543,3.609520455906266e-05
6115,pop34,1,0.00038623809814453125,0.0
6115,pop35,1,0.00023102760314941406,0.0
6116,pop41,2,0.026317596435546875,0.025916576385498047
6116,pop53,3,0.017821232477823894,0.024668606825856327
6116,pop54,1,0.00029158592224121094,0.0
6116,pop52,2,0.00037932395935058594,8.58306884765625e-05
6116,pop1,1,0.0003256797790527344,0.0
6116,pop15,1,0.000213623046875,0.0
6117,pop37,4,0.011608719825744629,0.01939852678690451
6117,pop33,1,0.0003237724304199219,0.0
6117,pop50,1,0.00041365623474121094,0.0
6117,pop51,1,0.00037217140197753906,0.0
6117,pop19,1,0.0004811286926269531,0.0
6117,pop20,1,0.00028324127197265625,0.0
6118,pop10,2,0.026073694229125977,0.025679588317871094
6118,pop51,1,0.000354766845703125,0.0
6118,pop53,3,0.0004266103108723958,5.729337302882115e-05
6118,pop50,1,0.0003814697265625,0.0
6118,pop16,1,0.00027561187744140625,0.0
6119,pop50,4,0.01365506649017334,0.02286494562080746
6119,pop33,2,0.00030684471130371094,6.9141387939453125e-06
6119,pop32,3,0.021895408630371094,0.030532359597195084
6119,pop17,2,0.0003845691680908203,4.673004150390625e-05
6119,pop14,1,0.00033855438232421875,0.0
6119,pop24,1,0.0002999305725097656,0.0
6120,pop8,2,0.025223970413208008,0.024835586547851562
6120,pop51,1,0.00032782554626464844,0.0
6120,pop53,1,0.05341935157775879,0.0
6120,pop54,1,0.00027871131896972656,0.0
6120,pop52,3,0.0003115336100260417,1.3439610165400334e-05
6121,pop33,2,0.028856754302978516,0.028439998626708984
6121,pop32,3,0.0003432432810465495,6.907896900213529e-05
6121,pop50,1,0.0004444122314453125,0.0
6121,pop51,1,0.0003437995910644531,0.0
6122,pop57,2,0.03136730194091797,0.0309755802154541
6122,pop56,4,0.0003033876419067383,6.920928334523269e-05
6122,pop48,1,0.00027370452880859375,0.0
6122,pop52,1,0.0003058910369873047,0.0
6122,pop53,1,0.0003571510314941406,0.0
6122,pop50,1,0.00037789344787597656,0.0
6122,pop14,1,0.0003287792205810547,0.0
6122,pop24,1,0.00026297569274902344,0.0
6123,pop56,2,0.0299685001373291,0.029578447341918945
6123,pop48,2,0.0578080415725708,0.0009959936141967773
6123,pop49,1,0.061585187911987305,0.0
6123,pop52,1,0.00030040740966796875,0.0
6123,pop54,1,0.05128931999206543,0.0
6123,pop53,1,0.05538582801818848,0.0
6123,pop51,3,0.0004974206288655599,1.6449538159118757e-05
6123,pop4,1,0.05729937553405762,0.0
6123,pop22,4,0.00027757883071899414,7.764863414312147e-06
6124,pop40,2,0.024975299835205078,0.024579524993896484
6124,pop43,1,0.000396728515625,0.0
6124,pop51,3,0.00041866302490234375,4.3272807906498715e-05
6124,pop4,2,0.028165340423583984,0.027858972549438477
6124,pop19,2,0.00031304359436035156,5.9604644775390625e-06
6124,pop20,2,0.0003275871276855469,4.220008850097656e-05
6124,pop53,1,0.0005002021789550781,0.0
6124,pop1,1,0.00030994415283203125,0.0
6124,pop15,1,0.0002601146697998047,0.0
6125,pop39,2,0.02633190155029297,0.02595043182373047
6125,pop38,2,0.062454938888549805,0.002096414566040039
6125,pop18,3,0.0003132820129394531,5.717805774921955e-05
6125,pop19,3,0.00035723050435384113,2.441848070843393e-05
6125,pop20,1,0.05817079544067383,0.0
6125,pop51,5,0.00041499137878417967,0.00012123847075243327
6125,pop43,2,0.0002796649932861328,1.7642974853515625e-05
6125,pop40,2,0.027428865432739258,0.02714061737060547
6125,pop10,1,0.05732154846191406,0.0
6125,pop4,1,0.05977034568786621,0.0
6125,pop50,1,0.0003712177276611328,0.0
6125,pop16,1,0.00028395652770996094,0.0
6125,pop23,1,0.00033783912658691406,0.0
6125,pop21,1,0.0002894401550292969,0.0
6125,pop22,2,0.0002809762954711914,1.2278556823730469e-05
6126,pop47,2,0.022548675537109375,0.022167444229125977
6126,pop51,2,0.00039255619049072266,1.537799835205078e-05
6126,pop4,4,0.00029754638671875,1.4085877804867199e-05
6127,pop42,2,0.0259549617767334,0.025577783584594727
6127,pop43,1,0.0004086494445800781,0.0
6127,pop51,2,0.00038504600524902344,1.5735626220703125e-05
6127,pop4,2,0.028149724006652832,0.02786076068878174
6127,pop47,2,0.00024044513702392578,2.7418136596679688e-06
6128,pop6,4,0.014756202697753906,0.025011114201080348
6128,pop1,1,0.0003249645233154297,0.0
6128,pop53,1,0.00037860870361328125,0.0
6128,pop51,1,0.0003745555877685547,0.0
6129,pop10,2,0.02605116367340088,0.02565133571624756
6129,pop51,4,0.0003821849822998047,2.913588195451284e-05
6129,pop4,3,0.017946322758992512,0.024842494282742697
6129,pop19,2,0.00031566619873046875,6.4373016357421875e-06
6129,pop20,3,0.020116567611694336,0.028045018769607376
6129,pop50,1,0.0003616809844970703,0.0
6129,pop44,1,0.00028967857360839844,0.0
6130,pop32,5,0.012830829620361328,0.02497481940583573
6130,pop33,1,0.0002987384796142578,0.0
6130,pop50,1,0.0003573894500732422,0.0
6130,pop53,1,0.00038743019104003906,0.0
6130,pop1,1,0.00032329559326171875,0.0
6130,pop6,1,0.0002453327178955078,0.0
6131,pop48,2,0.028203606605529785,0.027792811393737793
6131,pop52,4,0.00038629770278930664,0.00011903014729797898
6131,pop53,1,0.0004124641418457031,0.0
6131,pop47,1,0.00022268295288085938,0.0
6132,pop21,4,0.016058504581451416,0.0271991597954067
6132,pop23,1,0.00031304359436035156,0.0
6132,pop16,1,0.0002627372741699219,0.0
6132,pop50,1,0.00041174888610839844,0.0
6132,pop51,1,0.0004200935363769531,0.0
6132,pop19,1,0.0003600120544433594,0.0
6132,pop18,1,0.00027251243591308594,0.0
6133,pop55,2,0.023221135139465332,0.022817492485046387
6133,pop52,3,0.018228689829508465,0.025301674063868126
6133,pop48,2,0.05981779098510742,0.0008542537689208984
6133,pop56,1,0.06329035758972168,0.0
6133,pop54,1,0.0002903938293457031,0.0
6133,pop53,2,0.0004572868347167969,1.3589859008789062e-05
6133,pop50,1,0.00046253204345703125,0.0
6133,pop44,1,0.0003063678741455078,0.0
6134,pop50,3,0.01848014195760091,0.02546147715619163
6134,pop33,2,0.0003031492233276367,1.2993812561035156e-05
6134,pop32,4,0.0002905130386352539,2.6756843044297318e-05
6134,pop51,1,0.00048661231994628906,0.0
6135,pop8,2,0.025865554809570312,0.02548837661743164
6135,pop51,3,0.0004297892252604167,9.253678636906121e-05
6135,pop50,1,0.0006113052368164062,0.0
6135,pop53,1,0.0005052089691162109,0.0
6135,pop22,4,0.0002912282943725586,2.4602498549631072e-05
6135,pop10,1,0.0002865791320800781,0.0
6136,pop10,2,0.02576577663421631,0.025362849235534668
6136,pop51,2,0.0003412961959838867,9.417533874511719e-06
6136,pop4,1,0.05396223068237305,0.0
6136,pop50,1,0.0005738735198974609,0.0
6136,pop55,1,0.04918193817138672,0.0
6136,pop52,3,0.0002938111623128255,5.854081109588272e-06
6136,pop48,1,0.0597076416015625,0.0
6136,pop37,3,0.00032218297322591144,5.07726469391591e-05
6137,pop53,5,0.02129044532775879,0.025571025794132465
6137,pop54,2,0.02558267116546631,0.025281310081481934
6137,pop52,2,0.0003091096878051758,8.702278137207031e-06
6137,pop12,2,0.0004029273986816406,1.3589859008789062e-05
6137,pop51,1,0.0004203319549560547,0.0
6137,pop19,1,0.00034308433532714844,0.0
6137,pop20,1,0.0002715587615966797,0.0
6138,pop16,2,0.027157306671142578,0.026757478713989258
6138,pop23,1,0.0003323554992675781,0.0
6138,pop24,4,0.00037473440170288086,7.288580650227643e-05
6138,pop14,1,0.00032830238342285156,0.0
6138,pop50,1,0.0004172325134277344,0.0
6138,pop35,1,0.000213623046875,0.0
6139,pop39,2,0.02678966522216797,0.02640366554260254
6139,pop38,1,0.0002701282501220703,0.0
6139,pop18,1,0.00025582313537597656,0.0
6139,pop19,2,0.0004944801330566406,0.00013947486877441406
6139,pop51,2,0.00039887428283691406,1.0728836059570312e-05
6139,pop46,2,0.00029277801513671875,5.7220458984375e-06
6139,pop20,3,0.020212411880493164,0.028100374305825584
6139,pop45,1,0.0002741813659667969,0.0
6139,pop44,2,0.03023052215576172,0.029798269271850586
6139,pop50,2,0.0005216598510742188,7.796287536621094e-05
6139,pop27,1,0.00043320655822753906,0.0
6139,pop25,1,0.0002815723419189453,0.0
6139,pop17,3,0.00039132436116536457,5.601850156767897e-05
6140,pop47,2,0.023633360862731934,0.023256421089172363
6140,pop51,9,0.00039513905843098957,0.00010451681212514392
6140,pop53,2,0.030132412910461426,0.029654383659362793
6140,pop50,2,0.0004832744598388672,6.318092346191406e-05
6140,pop44,1,0.0002834796905517578,0.0
6140,pop45,1,0.0002841949462890625,0.0
6140,pop46,3,0.00026988983154296875,6.14670039420748e-06
6140,pop20,3,0.06260768572489421,0.0022988546582836454
6140,pop19,4,0.00036138296127319336,0.00011514770472227998
6140,pop18,2,0.0002409219741821289,8.702278137207031e-06
6140,pop38,1,0.0652627944946289,0.0
6140,pop4,1,0.058882951736450195,0.0
6140,pop5,1,0.00023746490478515625,0.0
6140,pop10,3,0.0410916805267334,0.028843543023302186
6140,pop43,3,0.00028014183044433594,1.8740772058126256e-05
6140,pop40,2,0.02852928638458252,0.028124451637268066
6140,pop11,1,0.0002262592315673828,0.0
6140,pop32,3,0.0003448327382405599,4.492333006222755e-05
6140,pop33,1,0.0002944469451904297,0.0
6141,pop42,2,0.026240110397338867,0.025836467742919922
6141,pop43,1,0.0002598762512207031,0.0
6141,pop51,2,0.00043141841888427734,6.854534149169922e-05
6141,pop19,2,0.00028443336486816406,7.3909759521484375e-06
6141,pop20,1,0.057684898376464844,0.0
6141,pop50,5,0.0005112648010253906,0.00020361787524046418
6141,pop44,3,0.02196526527404785,0.030654923778665032
6141,pop27,3,0.02338377634684245,0.0326621779701558
6141,pop25,2,0.0002974271774291992,1.0609626770019531e-05
6141,pop17,2,0.03296172618865967,0.03261840343475342
6141,pop31,1,0.0002655982971191406,0.0
6141,pop30,1,0.0002570152282714844,0.0
6141,pop48,1,0.00027680397033691406,0.0
6141,pop52,1,0.0005953311920166016,0.0
6141,pop54,1,0.0002982616424560547,0.0
6141,pop53,1,0.0003991127014160156,0.0
6141,pop14,1,0.06871676445007324,0.0
6141,pop33,2,0.0002968311309814453,1.6689300537109375e-06
6141,pop32,2,0.0003578662872314453,2.193450927734375e-05
6142,pop6,5,0.012088823318481445,0.023533008159341735
6142,pop1,1,0.0004515647888183594,0.0
6142,pop53,1,0.0003921985626220703,0.0
6142,pop50,1,0.0003917217254638672,0.0
6142,pop16,1,0.0002841949462890625,0.0
6143,pop50,3,0.01872102419535319,0.025790916582626312
6143,pop14,4,0.00040531158447265625,6.2811645028312e-05
6143,pop51,1,0.0004863739013671875,0.0
6143,pop10,1,0.0002803802490234375,0.0
6144,pop8,2,0.025483131408691406,0.02509927749633789
6144,pop51,2,0.0004553794860839844,0.00010991096496582031
6144,pop19,1,0.0003917217254638672,0.0
6144,pop20,1,0.05712723731994629,0.0
6144,pop46,1,0.0003886222839355469,0.0
6145,pop10,2,0.026840567588806152,0.026450753211975098
6145,pop51,1,0.0003230571746826172,0.0
6145,pop19,1,0.0003077983856201172,0.0
6145,pop20,1,0.0573573112487793,0.0
6145,pop46,1,0.0002446174621582031,0.0
6145,pop45,1,0.000274658203125,0.0
6145,pop44,4,0.014787375926971436,0.024983214115728944
6145,pop50,3,0.00044035911560058594,9.562536961536576e-06
6145,pop17,2,0.032257676124572754,0.03195393085479736
6145,pop53,1,0.000370025634765625,0.0
6145,pop52,1,0.0003032684326171875,0.0
6146,pop38,4,0.01512765884399414,0.025570515275540925
6146,pop18,1,0.00025653839111328125,0.0
6146,pop19,1,0.0003631114959716797,0.0
6146,pop51,1,0.00039076805114746094,0.0
6146,pop50,1,0.0004057884216308594,0.0
6146,pop16,1,0.0002810955047607422,0.0
6147,pop23,5,0.012296485900878906,0.02387455511168357
6147,pop16,1,0.0002899169921875,0.0
6147,pop50,1,0.0004279613494873047,0.0
6147,pop51,1,0.0003566741943359375,0.0
6147,pop10,1,0.0002694129943847656,0.0
6148,pop22,3,0.03273908297220866,0.02287709991682637
6148,pop21,1,0.06653189659118652,0.0
6148,pop23,1,0.0003139972686767578,0.0
6148,pop24,3,0.023013194402058918,0.032119385197182174
6148,pop14,2,0.06507587432861328,0.0010156631469726562
6148,pop50,1,0.0004410743713378906,0.0
6148,pop17,2,0.00041091442108154297,0.00010001659393310547
6148,pop31,1,0.0002570152282714844,0.0
6148,pop30,1,0.0002455711364746094,0.0
6148,pop48,1,0.0002880096435546875,0.0
6148,pop52,1,0.0005524158477783203,0.0
6148,pop51,1,0.0003337860107421875,0.0
6149,pop46,2,0.027028441429138184,0.026641011238098145
6149,pop20,2,0.029247641563415527,0.029000401496887207
6149,pop19,1,0.0003027915954589844,0.0
6149,pop51,3,0.000402530034383138,5.534370350955981e-05
6149,pop4,1,0.05571603775024414,0.0
6149,pop10,2,0.0003548860549926758,6.35385513305664e-05
6149,pop50,1,0.0003600120544433594,0.0
6149,pop14,1,0.0003459453582763672,0.0
6149,pop24,1,0.00029587745666503906,0.0
6150,pop4,3,0.03561917940775553,0.024906570176277412
6150,pop51,2,0.0005756616592407227,7.855892181396484e-05
6150,pop19,3,0.00039831797281901043,0.00011073721007807289
6150,pop50,1,0.0004165172576904297,0.0
6150,pop44,1,0.0002865791320800781,0.0
6150,pop45,1,0.0002834796905517578,0.0
6150,pop46,1,0.0003285408020019531,0.0
6150,pop20,3,0.020070393880208332,0.027987305682863232
6150,pop18,2,0.00027441978454589844,1.0967254638671875e-05
6150,pop38,2,0.032883524894714355,0.032604336738586426
6151,pop55,2,0.023378491401672363,0.022968649864196777
6151,pop52,4,0.000356137752532959,8.729952334792888e-05
6151,pop34,1,0.00023794174194335938,0.0
6151,pop35,1,0.00023412704467773438,0.0
6152,pop16,2,0.0278623104095459,0.0274503231048584
6152,pop23,3,0.02081433931986491,0.02888602120651156
6152,pop24,2,0.0003362894058227539,9.894371032714844e-06
6152,pop14,1,0.0003299713134765625,0.0
6152,pop50,1,0.0005204677581787109,0.0
6152,pop51,1,0.0004279613494873047,0.0
6153,pop6,5,0.012282276153564453,0.023962242033895145
6153,pop1,1,0.0003535747528076172,0.0
6153,pop53,1,0.00035572052001953125,0.0
6153,pop51,1,0.00042176246643066406,0.0
6154,pop52,4,0.02712351083755493,0.026698455080496654
6154,pop48,2,0.029269933700561523,0.028995513916015625
6154,pop56,1,0.06259894371032715,0.0
6154,pop2,3,0.0003070831298828125,5.373822904208272e-05
6154,pop49,1,0.0003688335418701172,0.0
6154,pop53,1,0.0004086494445800781,0.0
6154,pop50,1,0.00042748451232910156,0.0
6154,pop44,1,0.0002846717834472656,0.0
6155,pop9,4,0.012993693351745605,0.02191608518768111
6155,pop51,1,0.00043201446533203125,0.0
6155,pop50,1,0.00039505958557128906,0.0
6155,pop16,1,0.0002543926239013672,0.0
6156,pop41,2,0.02662825584411621,0.026213407516479492
6156,pop53,1,0.00037860870361328125,0.0
6156,pop54,2,0.025945544242858887,0.025548338890075684
6156,pop52,2,0.0004729032516479492,0.00011813640594482422
6156,pop55,1,0.0002841949462890625,0.0
6156,pop50,1,0.0004398822784423828,0.0
6156,pop14,1,0.0003445148468017578,0.0
6156,pop24,1,0.0003008842468261719,0.0
6157,pop37,5,0.009425210952758788,0.01812826777809382
6157,pop52,1,0.0003266334533691406,0.0
6157,pop53,1,0.0004940032958984375,0.0
6157,pop47,1,0.0002570152282714844,0.0
6158,pop39,3,0.018016576766967773,0.02500660062571463
6158,pop38,2,0.0004004240036010742,8.225440979003906e-06
6158,pop18,2,0.00028133392333984375,2.1457672119140625e-06
6158,pop19,2,0.0003930330276489258,3.9696693420410156e-05
6158,pop44,1,0.0003058910369873047,0.0
6158,pop45,1,0.000392913818359375,0.0
6158,pop46,1,0.000392913818359375,0.0
6158,pop20,2,0.03258347511291504,0.03228616714477539
6158,pop51,1,0.0005466938018798828,0.0
6158,pop43,1,0.00033092498779296875,0.0
6158,pop40,1,0.05476880073547363,0.0
6158,pop41,1,0.0002720355987548828,0.0
6158,pop53,3,0.020217418670654297,0.02809964115134357
6158,pop54,1,0.059476375579833984,0.0
6158,pop52,4,0.00038039684295654297,8.557574835262308e-05
6158,pop50,1,0.0003879070281982422,0.0
6158,pop55,1,0.05576157569885254,0.0
6158,pop1,1,0.00032901763916015625,0.0
6158,pop6,1,0.00023055076599121094,0.0
6159,pop42,2,0.026249170303344727,0.02586054801940918
6159,pop43,1,0.0002753734588623047,0.0
6159,pop40,3,0.0003139177958170573,3.381082194762915e-05
6159,pop41,1,0.00029349327087402344,0.0
6159,pop53,1,0.00038695335388183594,0.0
6159,pop7,1,0.00022840499877929688,0.0
6160,pop8,2,0.025604605674743652,0.025218605995178223
6160,pop51,2,0.0003377199172973633,5.125999450683594e-06
6160,pop43,2,0.0003254413604736328,5.7220458984375e-05
6160,pop40,4,0.0003218650817871094,4.3667389518898826e-05
6160,pop10,1,0.0002593994140625,0.0
6161,pop22,3,0.03309949239095052,0.02313780186214911
6161,pop21,3,0.00030303001403808594,4.6868912661482114e-05
6161,pop23,1,0.0003032684326171875,0.0
6161,pop16,1,0.0002989768981933594,0.0
6161,pop50,1,0.0003807544708251953,0.0
6161,pop53,1,0.00038886070251464844,0.0
6161,pop52,1,0.000431060791015625,0.0
6162,pop55,2,0.023614048957824707,0.023203015327453613
6162,pop52,3,0.00036215782165527344,5.751507465698393e-05
6162,pop53,1,0.0004012584686279297,0.0
6162,pop7,1,0.0002231597900390625,0.0
6163,pop16,2,0.027498245239257812,0.02709674835205078
6163,pop23,1,0.0003209114074707031,0.0
6163,pop24,4,0.00032526254653930664,4.7088838816257035e-05
6163,pop14,1,0.0003466606140136719,0.0
6163,pop50,1,0.00041222572326660156,0.0
6163,pop51,1,0.0003654956817626953,0.0
6163,pop10,1,0.0002720355987548828,0.0
6164,pop27,2,0.03221869468688965,0.03179669380187988
6164,pop25,1,0.00041961669921875,0.0
6164,pop17,3,0.00042557716369628906,3.094730709737872e-05
6164,pop50,1,0.0004975795745849609,0.0
6164,pop53,1,0.00039124488830566406,0.0
6164,pop1,1,0.0003266334533691406,0.0
6164,pop15,1,0.0002205371856689453,0.0
6165,pop44,2,0.028819918632507324,0.02841365337371826
6165,pop50,3,0.0004067420959472656,1.0070186654063642e-05
6165,pop33,2,0.0003077983856201172,0.0
6165,pop32,1,0.06265687942504883,0.0
6165,pop17,3,0.000364383061726888,7.125547414580424e-05
6165,pop51,1,0.0003769397735595703,0.0
6165,pop10,1,0.00027680397033691406,0.0
6166,pop57,2,0.030515551567077637,0.030130505561828613
6166,pop56,1,0.00025200843811035156,0.0
6166,pop2,1,0.06253385543823242,0.0
6166,pop49,1,0.0002598762512207031,0.0
6166,pop48,1,0.00028061866760253906,0.0
6166,pop52,1,0.0006241798400878906,0.0
6167,pop56,2,0.029972076416015625,0.029575109481811523
6167,pop2,3,0.0003116130828857422,8.759690246119051e-05
6167,pop49,1,0.0002663135528564453,0.0
6167,pop48,1,0.00041365623474121094,0.0
6167,pop52,1,0.0005388259887695312,0.0
6167,pop51,1,0.00036406517028808594,0.0
6167,pop19,1,0.00033855438232421875,0.0
6167,pop20,1,0.0002665519714355469,0.0
6168,pop4,2,0.026911020278930664,0.026499509811401367
6168,pop51,1,0.0003325939178466797,0.0
6168,pop43,1,0.0002655982971191406,0.0
6168,pop40,3,0.00035111109415690106,5.295266563107844e-05
6168,pop41,1,0.0002925395965576172,0.0
6168,pop53,1,0.0004971027374267578,0.0
6168,pop7,1,0.0002143383026123047,0.0
6169,pop45,3,0.019249359766642254,0.026739142646343552
6169,pop46,2,0.00039589405059814453,3.6954879760742188e-06
6169,pop20,1,0.05707907676696777,0.0
6169,pop44,1,0.0585780143737793,0.0
6169,pop50,2,0.0004923343658447266,0.00011467933654785156
6169,pop14,1,0.00028204917907714844,0.0
6169,pop27,1,0.000240325927734375,0.0
6169,pop25,1,0.0002551078796386719,0.0
6169,pop17,1,0.0663759708404541,0.0
6169,pop53,3,0.019461552302042644,0.026921985270017823
6169,pop47,2,0.025858163833618164,0.025634765625
6169,pop52,4,0.0004235506057739258,0.0001582361765455603
6169,pop54,1,0.00032210350036621094,0.0
6170,pop32,5,0.012824726104736329,0.024858035504674036
6170,pop33,1,0.00028586387634277344,0.0
6170,pop50,1,0.0003821849822998047,0.0
6170,pop16,1,0.0002651214599609375,0.0
6171,pop48,3,0.019348303476969402,0.026871598023223725
6171,pop49,2,0.03020179271697998,0.02992236614227295
6171,pop2,3,0.00031868616739908856,5.044730309820146e-05
6171,pop52,1,0.0003170967102050781,0.0
6171,pop34,1,0.00025463104248046875,0.0
6171,pop35,1,0.00021958351135253906,0.0
6172,pop37,5,0.009516000747680664,0.018273653862648315
6172,pop52,1,0.00029659271240234375,0.0
6172,pop53,1,0.00035381317138671875,0.0
6172,pop51,1,0.0003485679626464844,0.0
6173,pop39,2,0.02648460865020752,0.02608191967010498
6173,pop44,1,0.05769944190979004,0.0
6173,pop50,1,0.0004296302795410156,0.0
6173,pop55,3,0.017119805018107098,0.02382482772430885
6173,pop52,3,0.0003210703531901042,2.2055401036233256e-05
6174,pop55,5,0.009653854370117187,0.01866522000084333
6174,pop50,1,0.0005290508270263672,0.0
6174,pop44,1,0.0002791881561279297,0.0
6175,pop16,3,0.01853481928507487,0.02572906960085599
6175,pop23,3,0.00034689903259277344,4.9393900768399065e-05
6175,pop21,2,0.03223145008087158,0.03196060657501221
6175,pop24,3,0.00031002362569173175,1.7444609506637006e-05
6176,pop44,2,0.02794063091278076,0.02752816677093506
6176,pop45,1,0.0002644062042236328,0.0
6176,pop46,2,0.0003434419631958008,7.87973403930664e-05
6176,pop20,1,0.0585477352142334,0.0
6176,pop51,1,0.0005335807800292969,0.0
6177,pop4,2,0.026900768280029297,0.026500701904296875
6177,pop51,1,0.0005314350128173828,0.0
6177,pop53,1,0.0003848075866699219,0.0
6177,pop50,1,0.00054168701171875,0.0
6177,pop55,2,0.02497541904449463,0.024715542793273926
6177,pop52,2,0.0003274679183959961,4.0411949157714844e-05
6177,pop37,3,0.000272671381632487,2.2285300865176818e-05
6178,pop31,2,0.025577783584594727,0.025179624557495117
6178,pop17,3,0.00043463706970214844,9.291781054831569e-05
6178,pop50,1,0.0004703998565673828,0.0
6178,pop51,1,0.0003781318664550781,0.0
6178,pop19,1,0.0003440380096435547,0.0
6178,pop18,1,0.00026607513427734375,0.0
6179,pop24,5,0.013016700744628906,0.025356583784067636
6179,pop14,1,0.00034999847412109375,0.0
6179,pop50,1,0.00037550926208496094,0.0
6179,pop51,1,0.0004277229309082031,0.0
6179,pop10,1,0.000274658203125,0.0
6180,pop36,2,0.025304317474365234,0.024925708770751953
6180,pop10,3,0.00034236907958984375,6.339364260108406e-05
6180,pop51,1,0.0003631114959716797,0.0
6180,pop50,1,0.00038814544677734375,0.0
6180,pop35,1,0.00023221969604492188,0.0
6181,pop28,2,0.0254896879196167,0.025101065635681152
6181,pop36,1,0.0002491474151611328,0.0
6181,pop10,2,0.02783334255218506,0.027422785758972168
6181,pop51,2,0.00044095516204833984,3.9458274841308594e-05
6181,pop4,3,0.0003267923990885417,3.6175431177587644e-05
6181,pop53,1,0.0004067420959472656,0.0
6181,pop7,1,0.00022268295288085938,0.0
6182,pop50,2,0.0275423526763916,0.02699732780456543
6182,pop55,1,0.047727108001708984,0.0
6182,pop52,5,0.0003519535064697266,5.973504108266634e-05
6182,pop48,2,0.030843138694763184,0.03056347370147705
6182,pop56,1,0.0002620220184326172,0.0
6182,pop53,2,0.02961885929107666,0.029246926307678223
6182,pop51,1,0.00047779083251953125,0.0
6182,pop19,1,0.00035858154296875,0.0
6182,pop18,1,0.00028133392333984375,0.0
6183,pop45,3,0.019396066665649414,0.02695566311887858
6183,pop46,2,0.00026416778564453125,2.384185791015625e-07
6183,pop20,1,0.058927059173583984,0.0
6183,pop44,3,0.03925935427347819,0.02753581623156445
6183,pop50,3,0.0005126794179280599,8.869861874407783e-05
6183,pop17,1,0.06430315971374512,0.0
6183,pop53,2,0.02934873104095459,0.028949618339538574
6183,pop54,1,0.0002987384796142578,0.0
6183,pop52,3,0.000326077143351237,3.913084146208372e-05
6183,pop7,1,0.0002167224884033203,0.0
6184,pop37,4,0.011579513549804688,0.019422233684104707
6184,pop52,1,0.00055694580078125,0.0
6184,pop54,1,0.0002593994140625,0.0
6184,pop53,1,0.0004930496215820312,0.0
6184,pop47,1,0.00023889541625976562,0.0
6185,pop55,3,0.031670729319254555,0.02210956079665285
6185,pop50,3,0.0004762013753255208,2.528611095477568e-05
6185,pop17,1,0.062328338623046875,0.0
6185,pop53,2,0.00048542022705078125,5.9604644775390625e-06
6185,pop16,1,0.0002758502960205078,0.0
6186,pop14,3,0.020222028096516926,0.02802727808801289
6186,pop24,4,0.00030744075775146484,2.9981314068944215e-05
6186,pop50,1,0.0004069805145263672,0.0
6186,pop55,1,0.00027561187744140625,0.0
6187,pop18,2,0.02915799617767334,0.028742194175720215
6187,pop38,2,0.03176748752593994,0.03148353099822998
6187,pop39,1,0.00025272369384765625,0.0
6187,pop44,2,0.0003304481506347656,2.956390380859375e-05
6187,pop50,1,0.0004029273986816406,0.0
6187,pop16,1,0.0002880096435546875,0.0
6188,pop46,3,0.01865243911743164,0.02591465473388153
6188,pop20,2,0.029169321060180664,0.028885602951049805
6188,pop45,1,0.00026345252990722656,0.0
6188,pop44,2,0.0003522634506225586,4.8041343688964844e-05
6188,pop50,1,0.0004112720489501953,0.0
6188,pop51,1,0.00032591819763183594,0.0
6188,pop10,1,0.0002727508544921875,0.0
6189,pop39,2,0.026740074157714844,0.026341915130615234
6189,pop38,4,0.0002999305725097656,4.9152116604604444e-05
6189,pop18,1,0.0002624988555908203,0.0
6189,pop19,1,0.00037217140197753906,0.0
6189,pop51,1,0.00036406517028808594,0.0
6189,pop53,1,0.0003800392150878906,0.0
6189,pop7,1,0.0002181529998779297,0.0
6190,pop50,3,0.018863995869954426,0.025876439281739334
6190,pop55,3,0.00031487147013346356,6.325041150602857e-05
6190,pop53,1,0.0003654956817626953,0.0
6190,pop1,1,0.00032138824462890625,0.0
6190,pop15,1,0.00022411346435546875,0.0
6191,pop45,2,0.02980518341064453,0.029386043548583984
6191,pop44,1,0.000293731689453125,0.0
6191,pop50,2,0.00047969818115234375,9.632110595703125e-05
6191,pop33,2,0.0004029273986816406,2.0742416381835938e-05
6191,pop32,5,0.00030217170715332033,3.3843212875415945e-05
6191,pop16,1,0.00027179718017578125,0.0
6192,pop37,2,0.02311527729034424,0.022716641426086426
6192,pop33,2,0.0003446340560913086,6.23464584350586e-05
6192,pop32,3,0.0003654162089029948,5.71907593333202e-05
6192,pop50,1,0.00039458274841308594,0.0
6192,pop53,1,0.00037217140197753906,0.0
6192,pop1,1,0.00033736228942871094,0.0
6192,pop15,1,0.0002353191375732422,0.0
6193,pop30,2,0.02377152442932129,0.023383617401123047
6193,pop48,2,0.0002981424331665039,3.4570693969726562e-06
6193,pop56,1,0.06288838386535645,0.0
6193,pop52,2,0.0003858804702758789,6.54458999633789e-05
6193,pop37,3,0.00030811627705891925,2.336691288628444e-05
6193,pop53,1,0.00042819976806640625,0.0
6193,pop7,1,0.00023317337036132812,0.0
6194,pop52,3,0.017961661020914715,0.024850217899895128
6194,pop48,4,0.014946401119232178,0.025323295420113315
6194,pop49,2,0.031662821769714355,0.03140413761138916
6194,pop53,1,0.00034999847412109375,0.0
6194,pop51,1,0.0003762245178222656,0.0
6195,pop9,5,0.01050267219543457,0.020354897618191814
6195,pop51,1,0.0003566741943359375,0.0
6195,pop53,1,0.0003421306610107422,0.0
6195,pop1,1,0.0003292560577392578,0.0
6195,pop6,1,0.0002467632293701172,0.0
6196,pop41,2,0.027066349983215332,0.026661038398742676
6196,pop53,2,0.0006307363510131836,0.0001310110092163086
6196,pop1,2,0.00039136409759521484,5.733966827392578e-05
6196,pop6,4,0.00035071372985839844,5.593418768865284e-05
6196,pop50,1,0.00038051605224609375,0.0
6196,pop14,1,0.0003459453582763672,0.0
6196,pop24,1,0.00029921531677246094,0.0
6197,pop31,2,0.025568127632141113,0.025184988975524902
6197,pop17,4,0.00033462047576904297,3.707638883663881e-05
6197,pop50,1,0.0005068778991699219,0.0
6197,pop44,1,0.00030541419982910156,0.0
6198,pop24,5,0.013083791732788086,0.025473812706601023
6198,pop14,1,0.0003314018249511719,0.0
6198,pop50,1,0.0004036426544189453,0.0
6198,pop51,1,0.0003325939178466797,0.0
6199,pop36,2,0.02522909641265869,0.024847865104675293
6199,pop51,2,0.0003745555877685547,4.506111145019531e-05
6199,pop9,3,0.0002930959065755208,6.452070570240104e-05
6199,pop53,1,0.00040411949157714844,0.0
6199,pop1,1,0.0003447532653808594,0.0
6199,pop6,1,0.00024247169494628906,0.0
6200,pop45,2,0.028987646102905273,0.028583288192749023
6200,pop44,1,0.000278472900390625,0.0
6200,pop50,2,0.00039458274841308594,1.9073486328125e-05
6200,pop17,3,0.00034960110982259113,8.398570587588582e-05
6200,pop53,1,0.0004279613494873047,0.0
6200,pop1,1,0.0003364086151123047,0.0
6200,pop6,1,0.0002529621124267578,0.0
6201,pop33,3,0.019395907719930012,0.026907524371758022
6201,pop32,3,0.0003426074981689453,6.716129073687341e-05
6201,pop50,1,0.0005300045013427734,0.0
6201,pop51,1,0.0003211498260498047,0.0
6201,pop19,1,0.00028228759765625,0.0
6201,pop20,1,0.00024962425231933594,0.0
6202,pop40,2,0.025658726692199707,0.02525460720062256
6202,pop41,1,0.0002999305725097656,0.0
6202,pop53,4,0.027078628540039062,0.026658222108625364
6202,pop54,3,0.01758130391438802,0.02440972812984678
6202,pop52,1,0.0003752708435058594,0.0
6202,pop55,1,0.00024008750915527344,0.0
6203,pop57,2,0.03193104267120361,0.031542181968688965
6203,pop56,2,0.031239628791809082,0.030938267707824707
6203,pop48,1,0.06072235107421875,0.0
6203,pop52,1,0.00039315223693847656,0.0
6203,pop54,2,0.027120232582092285,0.02684032917022705
6203,pop53,3,0.03719679514567057,0.02602369226478764
6203,pop41,2,0.00027430057525634766,1.919269561767578e-05
6203,pop40,2,0.05571544170379639,0.0007218122482299805
6203,pop43,2,0.00026357173919677734,2.205371856689453e-05
6203,pop51,3,0.0003662904103597005,1.4067818620227431e-05
6203,pop10,1,0.05808234214782715,0.0
6203,pop4,2,0.030017375946044922,0.02970576286315918
6203,pop50,3,0.0004684925079345703,7.439296442474142e-05
6203,pop17,1,0.06997942924499512,0.0
6203,pop25,1,0.00028777122497558594,0.0
6203,pop27,1,0.00040721893310546875,0.0
6203,pop44,1,0.0003044605255126953,0.0
6203,pop33,1,0.0003018379211425781,0.0
6203,pop32,2,0.000385284423828125,0.00010585784912109375
6203,pop14,1,0.0003352165222167969,0.0
6203,pop24,1,0.00030612945556640625,0.0
6204,pop18,2,0.02942979335784912,0.029021620750427246
6204,pop19,1,0.0004932880401611328,0.0
6204,pop51,5,0.00034956932067871095,1.348311345587071e-05
6204,pop4,3,0.037318785985310875,0.026184496940732743
6204,pop10,1,0.055150747299194336,0.0
6204,pop22,3,0.00032067298889160156,7.217667188862072e-05
6204,pop50,1,0.0004341602325439453,0.0
6204,pop55,1,0.00027751922607421875,0.0
6205,pop46,2,0.027267813682556152,0.02687060832977295
6205,pop45,1,0.0002796649932861328,0.0
6205,pop44,1,0.0002868175506591797,0.0
6205,pop50,2,0.0004010200500488281,4.5299530029296875e-05
6205,pop17,3,0.02185988426208496,0.030466447870585493
6205,pop55,2,0.0002713203430175781,1.1444091796875e-05
6206,pop52,3,0.01829417546590169,0.02533095287458888
6206,pop48,3,0.019701083501180012,0.027286488754851734
6206,pop56,3,0.021358807881673176,0.02975161433026907
6206,pop53,1,0.0003540515899658203,0.0
6206,pop50,1,0.0005559921264648438,0.0
6206,pop16,1,0.00029730796813964844,0.0
6206,pop23,1,0.0003097057342529297,0.0
6206,pop24,1,0.00030040740966796875,0.0
6207,pop9,4,0.013034939765930176,0.022060525127638838
6207,pop51,1,0.0003628730773925781,0.0
6208,pop41,2,0.027165532112121582,0.026755213737487793
6208,pop53,2,0.026690244674682617,0.026301145553588867
6208,pop54,1,0.050930023193359375,0.0
6208,pop52,2,0.0002980232238769531,7.152557373046875e-07
6208,pop48,2,0.0002720355987548828,2.6226043701171875e-06
6208,pop49,2,0.03161346912384033,0.03135883808135986
6208,pop2,4,0.0002841353416442871,4.4410340469816955e-05
6208,pop1,1,0.00033783912658691406,0.0
6208,pop6,1,0.00024771690368652344,0.0
6209,pop21,5,0.012992572784423829,0.025336443655924013
6209,pop23,1,0.0003249645233154297,0.0
6209,pop16,1,0.000270843505859375,0.0
6209,pop50,1,0.00047016143798828125,0.0
6209,pop55,1,0.00027179718017578125,0.0
6210,pop4,4,0.013636767864227295,0.022951416663477196
6210,pop51,1,0.00031757354736328125,0.0
6210,pop50,1,0.0004994869232177734,0.0
6210,pop35,1,0.0002162456512451172,0.0
6211,pop30,2,0.024245738983154297,0.023852109909057617
6211,pop48,3,0.0002773602803548177,3.241869299311819e-06
6211,pop52,1,0.0002944469451904297,0.0
6212,pop9,4,0.013197660446166992,0.022225147449350127
6212,pop51,1,0.00037169456481933594,0.0
6212,pop53,1,0.0003848075866699219,0.0
6212,pop7,1,0.0002288818359375,0.0
6213,pop53,3,0.01828940709431966,0.025252582583682615
6213,pop54,3,0.00037018458048502606,9.601577935509871e-05
6213,pop1,1,0.0003352165222167969,0.0
6213,pop15,1,0.0002129077911376953,0.0
6214,pop47,5,0.00953817367553711,0.0183748719254488
6214,pop53,1,0.0004544258117675781,0.0
6214,pop50,1,0.0005049705505371094,0.0
6214,pop16,1,0.00025153160095214844,0.0
6215,pop10,6,0.01815815766652425,0.02514116885902713
6215,pop51,3,0.0003844896952311198,3.167190390079589e-05
6215,pop47,2,0.024413704872131348,0.024056077003479004
6216,pop55,2,0.02389848232269287,0.023441433906555176
6216,pop52,2,0.0003165006637573242,2.7418136596679688e-06
6216,pop48,2,0.030010223388671875,0.02973794937133789
6216,pop53,2,0.0003933906555175781,3.838539123535156e-05
6216,pop50,1,0.00038909912109375,0.0
6216,pop16,1,0.000385284423828125,0.0
6217,pop41,2,0.027484893798828125,0.02707839012145996
6217,pop53,2,0.00039136409759521484,2.372264862060547e-05
6217,pop1,2,0.0003358125686645508,4.172325134277344e-06
6217,pop6,2,0.031316518783569336,0.031059980392456055
6217,pop51,3,0.0003935496012369792,5.686981441305564e-05
6217,pop4,1,0.05734705924987793,0.0
6217,pop19,2,0.0003529787063598633,3.2186508178710938e-06
6217,pop20,2,0.030982255935668945,0.03070807456970215
6217,pop46,1,0.00026416778564453125,0.0
6217,pop45,1,0.00026488304138183594,0.0
6217,pop44,1,0.0632941722869873,0.0
6217,pop50,3,0.0004839897155761719,2.711340975090634e-05
6217,pop33,2,0.00028312206268310547,1.5139579772949219e-05
6217,pop32,2,0.03545331954956055,0.035155534744262695
6217,pop17,2,0.00041985511779785156,8.726119995117188e-05
6218,pop4,2,0.027366161346435547,0.026955604553222656
6218,pop51,2,0.0003867149353027344,4.410743713378906e-05
6218,pop10,3,0.00033394495646158856,6.0873616713600636e-05
6218,pop50,1,0.0005893707275390625,0.0
6218,pop16,1,0.00026798248291015625,0.0
6219,pop38,4,0.015757441520690918,0.02669104933111451
6219,pop18,1,0.0002753734588623047,0.0
6219,pop19,1,0.00030875205993652344,0.0
6219,pop51,1,0.0004546642303466797,0.0
6219,pop50,1,0.0004241466522216797,0.0
6219,pop16,1,0.0002675056457519531,0.0
6220,pop23,4,0.01548069715499878,0.026126117526924012
6220,pop16,1,0.00028705596923828125,0.0
6220,pop50,1,0.0004076957702636719,0.0
6220,pop51,1,0.00046443939208984375,0.0
6220,pop19,1,0.0002980232238769531,0.0
6220,pop18,1,0.00040268898010253906,0.0
6221,pop6,4,0.015050768852233887,0.025531766667347505
6221,pop1,1,0.0003185272216796875,0.0
6221,pop15,1,0.000244140625,0.0
6222,pop39,2,0.026916146278381348,0.026528239250183105
6222,pop44,3,0.00033656756083170575,7.137291122338382e-05
6222,pop50,1,0.0004715919494628906,0.0
6222,pop53,1,0.0004019737243652344,0.0
6222,pop1,1,0.0003800392150878906,0.0
6222,pop15,1,0.00025343894958496094,0.0
6223,pop50,4,0.01384502649307251,0.023241906648965308
6223,pop17,3,0.021215041478474934,0.029521451748810604
6223,pop55,2,0.0004419088363647461,3.540515899658203e-05
6223,pop53,1,0.00044417381286621094,0.0
6223,pop1,1,0.0003337860107421875,0.0
6223,pop6,1,0.00024771690368652344,0.0
6224,pop37,4,0.011957287788391113,0.020152939044640106
6224,pop52,1,0.00029730796813964844,0.0
6225,pop21,5,0.013335990905761718,0.02600325966444051
6225,pop23,1,0.0002789497375488281,0.0
6225,pop16,1,0.0004029273986816406,0.0
6225,pop50,1,0.00036525726318359375,0.0
6225,pop53,1,0.0003654956817626953,0.0
6225,pop1,1,0.0002925395965576172,0.0
6225,pop6,1,0.0002994537353515625,0.0
6226,pop30,2,0.02422308921813965,0.023834228515625
6226,pop31,1,0.0002665519714355469,0.0
6226,pop17,1,0.06353473663330078,0.0
6226,pop50,2,0.0003911256790161133,3.039836883544922e-05
6226,pop33,2,0.00030922889709472656,7.152557373046875e-07
6226,pop32,4,0.0003267526626586914,5.807474804434029e-05
6226,pop51,1,0.0003819465637207031,0.0
6226,pop19,1,0.00039386749267578125,0.0
6226,pop20,1,0.0002396106719970703,0.0
6227,pop9,5,0.010637807846069335,0.02059480091496444
6227,pop51,1,0.0003426074981689453,0.0
6227,pop50,1,0.00044727325439453125,0.0
6227,pop35,1,0.0003364086151123047,0.0
6228,pop4,2,0.027540922164916992,0.027139663696289062
6228,pop51,1,0.00031185150146484375,0.0
6228,pop50,2,0.00040733814239501953,3.7550926208496094e-05
6228,pop17,4,0.00040090084075927734,6.270759902658849e-05
6228,pop53,1,0.0003635883331298828,0.0
6228,pop1,1,0.00033545494079589844,0.0
6228,pop15,1,0.00021886825561523438,0.0
6229,pop42,2,0.02745950222015381,0.027065157890319824
6229,pop43,1,0.00026798248291015625,0.0
6229,pop51,1,0.00035643577575683594,0.0
6229,pop50,2,0.0004559755325317383,4.780292510986328e-05
6229,pop17,3,0.0003467400868733724,1.2677851742178133e-05
6229,pop16,1,0.00026154518127441406,0.0
6230,pop8,2,0.026280999183654785,0.02589118480682373
6230,pop51,1,0.0005168914794921875,0.0
6230,pop53,1,0.00039768218994140625,0.0
6230,pop50,2,0.00039374828338623047,1.1324882507324219e-05
6230,pop17,1,0.06332874298095703,0.0
6230,pop25,1,0.0002894401550292969,0.0
6230,pop27,1,0.00040650367736816406,0.0
6230,pop44,1,0.0003113746643066406,0.0
6230,pop55,1,0.052167654037475586,0.0
6230,pop52,3,0.0003857612609863281,5.736168017894512e-05
6230,pop48,1,0.06385207176208496,0.0
6230,pop12,4,0.00028777122497558594,4.631675945160093e-05
6231,pop22,5,0.010286426544189453,0.01994754778731817
6231,pop51,1,0.0003654956817626953,0.0
6232,pop36,2,0.02525031566619873,0.02486264705657959
6232,pop51,2,0.00041103363037109375,2.09808349609375e-05
6232,pop50,3,0.00047906239827473957,6.554396124507036e-05
6232,pop17,1,0.06302905082702637,0.0
6232,pop44,4,0.0003657341003417969,7.053524109118945e-05
6232,pop10,1,0.0002758502960205078,0.0
6233,pop45,2,0.029326796531677246,0.02893507480621338
6233,pop44,2,0.028594136238098145,0.028293251991271973
6233,pop50,2,0.00040721893310546875,6.198883056640625e-06
6233,pop14,4,0.01589101552963257,0.026974137233071814
6233,pop24,2,0.00032806396484375,1.6689300537109375e-05
6234,pop47,2,0.023309707641601562,0.0229337215423584
6234,pop53,2,0.0004609823226928711,1.5854835510253906e-05
6234,pop50,2,0.00041615962982177734,7.271766662597656e-06
6234,pop17,1,0.06270885467529297,0.0
6234,pop55,2,0.02591872215270996,0.025636672973632812
6234,pop52,2,0.00031244754791259766,1.4662742614746094e-05
6234,pop12,2,0.0003103017807006836,3.1828880310058594e-05
6234,pop51,1,0.0004570484161376953,0.0
6235,pop10,2,0.026765823364257812,0.02636885643005371
6235,pop51,2,0.00038623809814453125,2.9802322387695312e-05
6235,pop50,2,0.000408172607421875,8.821487426757812e-06
6235,pop17,4,0.00038629770278930664,5.716017065345405e-05
6236,pop41,4,0.013633131980895996,0.02303339816325893
6236,pop53,3,0.018981218338012695,0.026290362288617985
6236,pop54,1,0.052024126052856445,0.0
6236,pop40,4,0.0003387928009033203,0.00010698872687208845
6236,pop50,1,0.0004200935363769531,0.0
6236,pop44,1,0.00028014183044433594,0.0
6237,pop39,2,0.0268782377243042,0.026464104652404785
6237,pop44,2,0.029470324516296387,0.029154419898986816
6237,pop45,1,0.0002720355987548828,0.0
6237,pop46,1,0.00027751922607421875,0.0
6237,pop20,2,0.06259119510650635,0.001595139503479004
6237,pop19,5,0.00032520294189453125,1.5336820636821166e-05
6237,pop51,9,0.0003821320003933377,5.712642468420378e-05
6237,pop53,1,0.05697917938232422,0.0
6237,pop41,1,0.000293731689453125,0.0
6237,pop40,4,0.042817115783691406,0.024573279084842085
6237,pop43,5,0.00027794837951660155,5.960273739623925e-06
6237,pop4,2,0.061875104904174805,0.0013513565063476562
6237,pop10,1,0.061277151107788086,0.0
6237,pop18,3,0.000253756841023763,1.0501850525541938e-05
6237,pop38,1,0.06995105743408203,0.0
6237,pop22,2,0.0003135204315185547,4.8160552978515625e-05
6238,pop9,5,0.010645627975463867,0.020656775620512862
6238,pop51,1,0.00047516822814941406,0.0
6238,pop53,1,0.0004889965057373047,0.0
6238,pop52,1,0.00029397010803222656,0.0
6239,pop4,2,0.02702927589416504,0.026622533798217773
6239,pop51,2,0.00044739246368408203,8.976459503173828e-05
6239,pop53,1,0.0005676746368408203,0.0
6239,pop50,2,0.00047957897186279297,4.661083221435547e-05
6239,pop17,3,0.0003765424092610677,5.4343515894287736e-05
6239,pop10,1,0.00028705596923828125,0.0
6240,pop27,5,0.013216114044189453,0.02578450129750406
6240,pop25,1,0.0002770423889160156,0.0
6240,pop17,1,0.0003650188446044922,0.0
6240,pop50,1,0.0003714561462402344,0.0
6240,pop16,1,0.00024271011352539062,0.0
6241,pop56,3,0.04135751724243164,0.028970307392413575
6241,pop48,1,0.05953860282897949,0.0
6241,pop52,4,0.0003521442413330078,4.177192845752747e-05
6241,pop55,2,0.025348901748657227,0.025099754333496094
6242,pop33,3,0.019821882247924805,0.027494625380746728
6242,pop32,4,0.0003268718719482422,6.235204255896943e-05
6242,pop50,1,0.00043463706970214844,0.0
6242,pop53,1,0.0003910064697265625,0.0
6242,pop1,1,0.0003867149353027344,0.0
6242,pop15,1,0.0002598762512207031,0.0
6243,pop40,4,0.013151884078979492,0.022165712852267993
6243,pop43,1,0.0002663135528564453,0.0
6243,pop51,1,0.0003600120544433594,0.0
6243,pop10,1,0.00024771690368652344,0.0
6244,pop18,3,0.019730011622111004,0.027441255001287208
6244,pop38,1,0.06153059005737305,0.0
6244,pop19,1,0.0003161430358886719,0.0
6244,pop51,2,0.0003516674041748047,2.1696090698242188e-05
6244,pop10,2,0.028304696083068848,0.027892708778381348
6244,pop50,2,0.00042557716369628906,4.38690185546875e-05
6244,pop17,3,0.00045871734619140625,0.00010154355231352694
6244,pop35,1,0.00021505355834960938,0.0
6245,pop23,5,0.012393856048583984,0.024036160616529592
6245,pop16,1,0.0002739429473876953,0.0
6245,pop50,1,0.0003955364227294922,0.0
6245,pop55,1,0.00026702880859375,0.0
6246,pop6,3,0.04082949956258138,0.028596414293099524
6246,pop1,1,0.00036597251892089844,0.0
6246,pop53,1,0.055733442306518555,0.0
6246,pop54,3,0.00028967857360839844,6.034706594648244e-06
6246,pop52,1,0.00028705596923828125,0.0
6247,pop36,2,0.026025891304016113,0.02561795711517334
6247,pop51,1,0.0004169940948486328,0.0
6247,pop53,1,0.05532264709472656,0.0
6247,pop54,3,0.018220901489257812,0.025357399011374564
6247,pop52,2,0.00035953521728515625,1.239776611328125e-05
6247,pop34,1,0.0003731250762939453,0.0
6247,pop35,1,0.00023412704467773438,0.0
6248,pop10,4,0.02723217010498047,0.02689017650972905
6248,pop51,2,0.0003802776336669922,5.221366882324219e-05
6248,pop4,2,0.0004385709762573242,2.2530555725097656e-05
6248,pop50,1,0.0004687309265136719,0.0
6248,pop14,1,0.0004756450653076172,0.0
6248,pop24,1,0.00031685829162597656,0.0
6249,pop39,2,0.02703380584716797,0.026659488677978516
6249,pop38,2,0.03124547004699707,0.0309751033782959
6249,pop18,1,0.0002803802490234375,0.0
6249,pop19,2,0.00035512447357177734,1.1920928955078125e-07
6249,pop20,2,0.030747056007385254,0.03049027919769287
6249,pop46,1,0.0002758502960205078,0.0
6249,pop45,1,0.00027823448181152344,0.0
6249,pop44,1,0.06023764610290527,0.0
6249,pop50,2,0.0004254579544067383,1.1801719665527344e-05
6249,pop17,1,0.06518149375915527,0.0
6249,pop55,1,0.05203866958618164,0.0
6249,pop52,2,0.0003217458724975586,3.6597251892089844e-05
6249,pop48,2,0.0003470182418823242,8.213520050048828e-05
6249,pop53,1,0.00040411949157714844,0.0
6249,pop51,1,0.0003497600555419922,0.0
6250,pop9,5,0.010698366165161132,0.02074231830135264
6250,pop51,1,0.00040793418884277344,0.0
6250,pop50,1,0.0004074573516845703,0.0
6250,pop44,1,0.00030159950256347656,0.0
6251,pop32,5,0.013153600692749023,0.025483704892741436
6251,pop33,3,0.0003043810526529948,7.867411722033552e-07
6251,pop50,3,0.0004512468973795573,2.597510573868902e-05
6251,pop17,2,0.031725406646728516,0.03136944770812988
6251,pop51,1,0.00033473968505859375,0.0
6251,pop19,1,0.00037741661071777344,0.0
6251,pop18,1,0.0002894401550292969,0.0
6252,pop48,2,0.029429197311401367,0.028997182846069336
6252,pop52,2,0.02792656421661377,0.027632832527160645
6252,pop12,3,0.0003190040588378906,7.68169220986843e-05
6252,pop53,1,0.0003876686096191406,0.0
6252,pop51,1,0.0004074573516845703,0.0
6252,pop19,1,0.0003578662872314453,0.0
6252,pop18,1,0.0003876686096191406,0.0
6253,pop16,2,0.028232574462890625,0.02782464027404785
6253,pop23,1,0.00042510032653808594,0.0
6253,pop24,4,0.0003045797348022461,2.9211141219991805e-05
6253,pop14,1,0.0003380775451660156,0.0
6253,pop50,1,0.0005390644073486328,0.0
6253,pop55,1,0.0002512931823730469,0.0
6254,pop44,4,0.028701603412628174,0.02833336481540605
6254,pop50,2,0.00048744678497314453,9.763240814208984e-05
6254,pop17,2,0.0003857612609863281,6.556510925292969e-05
6254,pop14,1,0.0003361701965332031,0.0
6254,pop24,1,0.0003170967102050781,0.0
6255,pop42,2,0.026578664779663086,0.026172876358032227
6255,pop43,1,0.00026679039001464844,0.0
6255,pop51,1,0.00033092498779296875,0.0
6255,pop50,2,0.00041866302490234375,2.574920654296875e-05
6255,pop17,3,0.0004028479258219401,7.08699198529359e-05
6255,pop16,1,0.00028133392333984375,0.0
6256,pop22,4,0.012521505355834961,0.02109177048088099
6256,pop51,1,0.0004360675811767578,0.0
6256,pop53,1,0.0003902912139892578,0.0
6256,pop1,1,0.0003559589385986328,0.0
6256,pop15,1,0.0003380775451660156,0.0
6257,pop41,2,0.02798902988433838,0.027577996253967285
6257,pop53,2,0.00041806697845458984,3.2067298889160156e-05
6257,pop52,5,0.0004099369049072266,0.00017780493573820884
6257,pop54,1,0.000476837158203125,0.0
6257,pop47,1,0.0002567768096923828,0.0
6258,pop40,2,0.0261152982711792,0.02570474147796631
6258,pop41,1,0.00031447410583496094,0.0
6258,pop53,1,0.00038909912109375,0.0
6258,pop54,1,0.05106496810913086,0.0
6258,pop52,1,0.0003104209899902344,0.0
6258,pop55,1,0.05169486999511719,0.0
6258,pop50,3,0.000478665033976237,6.185429392798027e-05
6258,pop44,1,0.05968761444091797,0.0
6258,pop17,4,0.00034630298614501953,3.689272329413894e-05
6258,pop16,1,0.0002605915069580078,0.0
6259,pop23,2,0.030457139015197754,0.030032992362976074
6259,pop24,4,0.00030499696731567383,2.2628030261818297e-05
6259,pop14,1,0.00033283233642578125,0.0
6259,pop50,1,0.00037097930908203125,0.0
6259,pop44,1,0.0002536773681640625,0.0
6260,pop28,2,0.025948047637939453,0.02556467056274414
6260,pop51,1,0.0005517005920410156,0.0
6261,pop53,4,0.026635587215423584,0.02617578431445992
6261,pop54,3,0.017812808354695637,0.024713028408383672
6261,pop52,5,0.0003914833068847656,7.267270496106274e-05
6261,pop7,1,0.00024890899658203125,0.0
6262,pop55,2,0.024230360984802246,0.023829102516174316
6262,pop52,4,0.0004062652587890625,3.664556383625662e-05
6262,pop53,1,0.0003771781921386719,0.0
6262,pop7,1,0.00023865699768066406,0.0
6263,pop27,3,0.04304154713948568,0.030150649187270406
6263,pop25,1,0.00029397010803222656,0.0
6263,pop17,1,0.0623776912689209,0.0
6263,pop50,2,0.0004674196243286133,4.684925079345703e-05
6263,pop33,2,0.00029587745666503906,4.291534423828125e-06
6263,pop32,3,0.0003341833750406901,5.499717124604706e-05
6263,pop51,1,0.0003561973571777344,0.0
6263,pop19,1,0.0003528594970703125,0.0
6263,pop18,1,0.00028133392333984375,0.0
6264,pop6,3,0.04044079780578613,0.02831575798310421
6264,pop1,1,0.0003991127014160156,0.0
6264,pop53,3,0.03724535306294759,0.026032098374048927
6264,pop41,2,0.0003775358200073242,2.849102020263672e-05
6264,pop40,1,0.05334973335266113,0.0
6264,pop54,2,0.027375102043151855,0.027094721794128418
6264,pop52,3,0.0003399054209391276,5.559818117098434e-05
6264,pop34,1,0.00025773048400878906,0.0
6264,pop35,1,0.0002396106719970703,0.0
6265,pop10,2,0.02718353271484375,0.026789426803588867
6265,pop51,1,0.00035262107849121094,0.0
6265,pop50,2,0.0003867149353027344,1.9073486328125e-06
6265,pop14,3,0.00037018458048502606,3.351475180514432e-05
6265,pop55,1,0.0002694129943847656,0.0
6266,pop39,2,0.026732444763183594,0.026345252990722656
6266,pop38,3,0.00031105677286783856,4.801371087072123e-05
6266,pop18,1,0.0003848075866699219,0.0
6266,pop19,1,0.00034928321838378906,0.0
6266,pop51,1,0.0003955364227294922,0.0
6266,pop53,1,0.0003514289855957031,0.0
6266,pop52,1,0.00032830238342285156,0.0
6267,pop32,2,0.03255283832550049,0.03215062618255615
6267,pop33,1,0.0002894401550292969,0.0
6267,pop37,4,0.0002817511558532715,5.4742250484139055e-06
6267,pop52,1,0.0004227161407470703,0.0
6268,pop42,2,0.026695609092712402,0.02631080150604248
6268,pop43,1,0.00027179718017578125,0.0
6268,pop51,2,0.00046706199645996094,2.7418136596679688e-05
6268,pop9,4,0.0003171563148498535,9.883728033872526e-05
6268,pop53,1,0.0003638267517089844,0.0
6268,pop7,1,0.00022363662719726562,0.0
6269,pop22,5,0.010238218307495116,0.019782518760300485
6269,pop51,1,0.0003986358642578125,0.0
6269,pop50,1,0.00040268898010253906,0.0
6269,pop35,1,0.0002231597900390625,0.0
6270,pop14,6,0.032782514890034996,0.032432423812228876
6270,pop24,4,0.016722381114959717,0.028393507674136852
6270,pop50,5,0.0004485607147216797,8.493975667009315e-05
6270,pop33,2,0.00036585330963134766,6.61611557006836e-05
6270,pop32,1,0.06612849235534668,0.0
6270,pop44,2,0.03136920928955078,0.0310513973236084
6270,pop27,1,0.0002989768981933594,0.0
6270,pop25,1,0.0002753734588623047,0.0
6270,pop17,1,0.06848311424255371,0.0
6270,pop51,1,0.00049591064453125,0.0
6270,pop10,1,0.00027441978454589844,0.0
6271,pop38,3,0.04164878527323405,0.029166883342519677
6271,pop18,1,0.0002720355987548828,0.0
6271,pop19,2,0.0003387928009033203,1.4066696166992188e-05
6271,pop20,2,0.0003428459167480469,7.939338684082031e-05
6271,pop51,1,0.0003380775451660156,0.0
6271,pop50,1,0.0004639625549316406,0.0
6271,pop35,1,0.00024056434631347656,0.0
6272,pop21,3,0.04396653175354004,0.030817434328338885
6272,pop23,1,0.0003199577331542969,0.0
6272,pop24,1,0.0002932548522949219,0.0
6272,pop14,1,0.06377267837524414,0.0
6272,pop50,2,0.0003986358642578125,1.71661376953125e-05
6272,pop33,3,0.0003180503845214844,2.383947360514402e-05
6272,pop32,1,0.06622004508972168,0.0
6272,pop37,3,0.0003105004628499349,4.920608814405681e-05
6272,pop16,1,0.0002923011779785156,0.0
6273,pop30,2,0.024595141410827637,0.024202466011047363
6273,pop31,1,0.0002598762512207031,0.0
6273,pop17,3,0.00043265024820963543,0.00010255516050215755
6273,pop50,1,0.0003743171691894531,0.0
6273,pop53,1,0.0005269050598144531,0.0
6273,pop54,1,0.00038051605224609375,0.0
6273,pop52,1,0.0002913475036621094,0.0
6274,pop16,2,0.028710007667541504,0.028295159339904785
6274,pop23,3,0.00031884511311848957,1.036930493055985e-05
6274,pop24,1,0.0003180503845214844,0.0
6275,pop53,2,0.02710568904876709,0.026586174964904785
6275,pop50,2,0.00040161609649658203,2.205371856689453e-05
6275,pop14,2,0.0003465414047241211,2.2649765014648438e-06
6275,pop24,3,0.00034356117248535156,6.934361098101284e-05
6275,pop51,1,0.00037479400634765625,0.0
6275,pop19,1,0.0003383159637451172,0.0
6275,pop20,1,0.0002605915069580078,0.0
6276,pop55,3,0.016099850336710613,0.02230088018495047
6276,pop52,2,0.0002999305725097656,1.0967254638671875e-05
6276,pop12,4,0.00035446882247924805,6.344675761303234e-05
6277,pop27,4,0.03229868412017822,0.03195834816825876
6277,pop25,1,0.00026917457580566406,0.0
6277,pop17,2,0.000362396240234375,2.384185791015625e-05
6277,pop50,1,0.0004513263702392578,0.0
6277,pop16,1,0.00028586387634277344,0.0
6278,pop32,6,0.01103802522023519,0.02395391564391849
6278,pop33,1,0.0004355907440185547,0.0
6278,pop50,1,0.00039696693420410156,0.0
6278,pop51,1,0.0003609657287597656,0.0
6278,pop10,1,0.00027370452880859375,0.0
6279,pop31,2,0.02622056007385254,0.025820016860961914
6279,pop17,4,0.00037109851837158203,1.667694929029942e-05
6279,pop50,1,0.0004949569702148438,0.0
6279,pop51,1,0.0003972053527832031,0.0
6280,pop24,4,0.016547441482543945,0.028068994837336072
6280,pop23,1,0.0004315376281738281,0.0
6280,pop16,1,0.00024962425231933594,0.0
6281,pop8,2,0.025770187377929688,0.025391101837158203
6281,pop51,3,0.00037598609924316406,2.502600225781942e-05
6281,pop9,2,0.027970552444458008,0.02770853042602539
6281,pop50,2,0.0004209280014038086,3.9696693420410156e-05
6281,pop17,2,0.03354823589324951,0.03319394588470459
6281,pop25,1,0.0004436969757080078,0.0
6281,pop33,2,0.00032532215118408203,2.0265579223632812e-06
6281,pop32,1,0.07137823104858398,0.0
6281,pop37,2,0.00041115283966064453,0.00014150142669677734
6281,pop52,1,0.0004782676696777344,0.0
6281,pop19,1,0.0003490447998046875,0.0
6281,pop20,1,0.0002727508544921875,0.0
6282,pop45,2,0.029508233070373535,0.029114603996276855
6282,pop44,1,0.0003204345703125,0.0
6282,pop50,3,0.00038687388102213543,9.04385779439691e-06
6282,pop14,2,0.00035893917083740234,1.1086463928222656e-05
6282,pop24,1,0.06674718856811523,0.0
6282,pop33,2,0.00029659271240234375,4.76837158203125e-06
6282,pop32,4,0.00038498640060424805,8.37550886287287e-05
6282,pop53,1,0.0005247592926025391,0.0
6282,pop52,1,0.00030541419982910156,0.0
6283,pop47,2,0.02358424663543701,0.02320683002471924
6283,pop53,1,0.00037932395935058594,0.0
6283,pop52,2,0.0003287792205810547,3.218650817871094e-05
6283,pop12,4,0.00029331445693969727,3.290192588476037e-05
6284,pop28,2,0.02562260627746582,0.02524542808532715
6284,pop51,3,0.00035858154296875,2.4222670568730863e-05
6284,pop43,2,0.0002740621566772461,4.649162292480469e-06
6284,pop40,3,0.018520037333170574,0.0257861725453514
6284,pop10,2,0.00036585330963134766,7.37905502319336e-05
6284,pop50,1,0.0004363059997558594,0.0
6284,pop35,1,0.00023102760314941406,0.0
6285,pop39,2,0.027093172073364258,0.026701927185058594
6285,pop44,1,0.05793333053588867,0.0
6285,pop50,1,0.0003941059112548828,0.0
6285,pop14,4,0.00036007165908813477,2.0003997230846e-05
6285,pop24,1,0.0004413127899169922,0.0
6286,pop42,2,0.026817917823791504,0.026431679725646973
6286,pop43,1,0.00028443336486816406,0.0
6286,pop51,5,0.00046901702880859376,7.401802992664606e-05
6286,pop9,2,0.02742767333984375,0.0271761417388916
6286,pop53,2,0.029851913452148438,0.029484272003173828
6286,pop10,2,0.00027501583099365234,9.179115295410156e-06
6286,pop5,1,0.00024080276489257812,0.0
6286,pop4,1,0.06273078918457031,0.0
6286,pop50,2,0.00046885013580322266,5.8531761169433594e-05
6286,pop17,2,0.00044906139373779297,0.0001283884048461914
6287,pop14,4,0.015797734260559082,0.02671266830502079
6287,pop50,1,0.0004038810729980469,0.0
6287,pop44,1,0.00030994415283203125,0.0
6288,pop30,2,0.024290800094604492,0.02390432357788086
6288,pop31,1,0.0002548694610595703,0.0
6288,pop17,4,0.00040912628173828125,0.0001298700819429394
6288,pop50,1,0.0003910064697265625,0.0
6288,pop53,1,0.00033593177795410156,0.0
6288,pop47,1,0.00024056434631347656,0.0
6289,pop16,3,0.01884778340657552,0.026071815741257956
6289,pop23,2,0.0003070831298828125,6.4373016357421875e-06
6289,pop24,5,0.013574695587158203,0.026496731039398324
6289,pop14,2,0.03157210350036621,0.031229734420776367
6289,pop27,1,0.0002841949462890625,0.0
6289,pop25,1,0.0002760887145996094,0.0
6289,pop17,1,0.0003647804260253906,0.0
6289,pop50,2,0.0003706216812133789,1.2040138244628906e-05
6289,pop53,1,0.0005154609680175781,0.0
6289,pop1,1,0.00033545494079589844,0.0
6289,pop15,1,0.00023818016052246094,0.0
6290,pop55,2,0.02465343475341797,0.024235010147094727
6290,pop52,2,0.00031685829162597656,2.0503997802734375e-05
6290,pop12,3,0.0002938111623128255,4.649929787519054e-05
6290,pop53,1,0.0003540515899658203,0.0
6290,pop1,1,0.0003421306610107422,0.0
6290,pop15,1,0.00023627281188964844,0.0
6291,pop57,2,0.03181660175323486,0.03143179416656494
6291,pop56,4,0.0002951622009277344,4.6267335247225653e-05
6291,pop48,1,0.0002906322479248047,0.0
6291,pop52,1,0.0002980232238769531,0.0
6291,pop53,1,0.0003902912139892578,0.0
6291,pop50,1,0.0003666877746582031,0.0
6291,pop44,1,0.00026345252990722656,0.0
6292,pop46,2,0.027861833572387695,0.027451038360595703
6292,pop45,1,0.00027489662170410156,0.0
6292,pop44,3,0.0003236134847005208,2.6532987518477415e-05
6292,pop50,1,0.0004138946533203125,0.0
6292,pop53,1,0.000396728515625,0.0
6292,pop52,1,0.000286102294921875,0.0
6293,pop52,3,0.018347501754760742,0.025302618049381116
6293,pop12,4,0.00033527612686157227,8.92304227154305e-05
6293,pop3,1,0.00025343894958496094,0.0
6293,pop0,1,0.00023865699768066406,0.0
6293,pop1,1,0.0003266334533691406,0.0
6293,pop15,1,0.0002200603485107422,0.0
6294,pop18,2,0.03024458885192871,0.029854536056518555
6294,pop19,1,0.0003514289855957031,0.0
6294,pop51,2,0.00047278404235839844,5.412101745605469e-05
6294,pop9,1,0.054746389389038086,0.0
6294,pop50,2,0.0005303621292114258,6.99758529663086e-05
6294,pop17,2,0.03347337245941162,0.03307235240936279
6294,pop33,2,0.000301361083984375,2.6226043701171875e-05
6294,pop32,2,0.03581595420837402,0.035529375076293945
6294,pop37,2,0.0003458261489868164,6.99758529663086e-05
6294,pop52,1,0.0003705024719238281,0.0
6294,pop53,1,0.0003800392150878906,0.0
6294,pop47,1,0.0002219676971435547,0.0
6295,pop36,2,0.02564561367034912,0.02525937557220459
6295,pop51,1,0.0006165504455566406,0.0
6296,pop38,2,0.03118884563446045,0.030765414237976074
6296,pop39,1,0.000263214111328125,0.0
6296,pop44,3,0.020263512929280598,0.028243895787108807
6296,pop50,2,0.0004189014434814453,2.384185791015625e-07
6296,pop17,2,0.0003949403762817383,1.990795135498047e-05
6296,pop55,1,0.00027179718017578125,0.0
6297,pop21,2,0.032254576683044434,0.03182971477508545
6297,pop23,1,0.00029277801513671875,0.0
6297,pop24,3,0.0003494421641031901,5.0371375563328466e-05
6297,pop14,1,0.000347137451171875,0.0
6297,pop50,1,0.0004534721374511719,0.0
6297,pop51,1,0.00035643577575683594,0.0
6297,pop10,1,0.0002722740173339844,0.0
6298,pop45,2,0.03006768226623535,0.029653310775756836
6298,pop44,2,0.029229283332824707,0.028959155082702637
6298,pop50,2,0.00036835670471191406,2.0265579223632812e-05
6298,pop17,3,0.00035611788431803387,6.625072279908999e-05
6298,pop51,1,0.00040984153747558594,0.0
6298,pop19,1,0.00037670135498046875,0.0
6298,pop18,1,0.00025773048400878906,0.0
6299,pop47,4,0.01219022274017334,0.020388159783690477
6299,pop53,1,0.0003867149353027344,0.0
6299,pop50,1,0.0003676414489746094,0.0
6299,pop14,1,0.00034999847412109375,0.0
6299,pop24,1,0.0002849102020263672,0.0
6300,pop42,2,0.02696514129638672,0.02657938003540039
6300,pop43,1,0.0002644062042236328,0.0
6300,pop51,2,0.0004018545150756836,3.612041473388672e-05
6300,pop10,3,0.00028896331787109375,7.65913887224627e-06
6301,pop48,3,0.01997486750284831,0.02774775241687689
6301,pop49,1,0.06179046630859375,0.0
6301,pop52,2,0.000377655029296875,5.340576171875e-05
6301,pop37,4,0.0002993345260620117,4.4686314146682984e-05
6302,pop44,2,0.028963685035705566,0.028545260429382324
6302,pop50,1,0.0003752708435058594,0.0
6302,pop53,1,0.05488014221191406,0.0
6302,pop41,1,0.0003037452697753906,0.0
6302,pop40,3,0.000314791997273763,8.180046904061484e-05
6302,pop43,1,0.0003781318664550781,0.0
6302,pop51,1,0.0004227161407470703,0.0
6302,pop19,1,0.0005013942718505859,0.0
6302,pop18,1,0.0002727508544921875,0.0
6303,pop8,2,0.026358842849731445,0.025977134704589844
6303,pop51,3,0.0004715919494628906,9.559029129911542e-05
6303,pop10,1,0.054427146911621094,0.0
6303,pop4,3,0.000310818354288737,3.1652155400324825e-05
6303,pop19,1,0.0003666877746582031,0.0
6303,pop20,1,0.0002880096435546875,0.0
6304,pop39,2,0.02769184112548828,0.02730250358581543
6304,pop44,1,0.0003104209899902344,0.0
6304,pop50,3,0.00048224131266276043,2.36938438532079e-05
6304,pop33,2,0.0003706216812133789,5.0902366638183594e-05
6304,pop32,1,0.06741070747375488,0.0
6304,pop17,4,0.016756892204284668,0.028353846473233423
6304,pop25,2,0.00036406517028808594,5.817413330078125e-05
6304,pop27,1,0.0698542594909668,0.0
6304,pop14,1,0.0003490447998046875,0.0
6304,pop24,1,0.0004153251647949219,0.0
6305,pop16,3,0.019034544626871746,0.02643782469047414
6305,pop23,5,0.00034470558166503905,4.6991908808689e-05
6305,pop21,1,0.06691312789916992,0.0
6305,pop50,1,0.0005335807800292969,0.0
6305,pop51,1,0.00049591064453125,0.0
6305,pop53,1,0.000514984130859375,0.0
6305,pop1,1,0.00033211708068847656,0.0
6305,pop15,1,0.0002200603485107422,0.0
6306,pop45,2,0.02932560443878174,0.028919577598571777
6306,pop46,1,0.0002918243408203125,0.0
6306,pop20,1,0.059441566467285156,0.0
6306,pop19,1,0.00038552284240722656,0.0
6306,pop51,2,0.00039947032928466797,4.875659942626953e-05
6306,pop10,4,0.0003146529197692871,4.470852982331771e-05
6306,pop53,1,0.0003948211669921875,0.0
6306,pop7,1,0.0002193450927734375,0.0
6307,pop6,2,0.030367732048034668,0.0299757719039917
6307,pop1,1,0.0004563331604003906,0.0
6307,pop53,2,0.02714359760284424,0.026757359504699707
6307,pop41,1,0.0002884864807128906,0.0
6307,pop40,1,0.05285286903381348,0.0
6307,pop43,1,0.0002837181091308594,0.0
6307,pop51,2,0.0004405975341796875,0.00010919570922851562
6307,pop4,4,0.00035381317138671875,3.80660480203854e-05
6307,pop7,1,0.00023674964904785156,0.0
6308,pop22,5,0.010369634628295899,0.020129805450409415
6308,pop51,1,0.00037550926208496094,0.0
6309,pop46,2,0.028945565223693848,0.028545498847961426
6309,pop20,2,0.02996826171875,0.02957749366760254
6309,pop19,1,0.0005090236663818359,0.0
6309,pop51,2,0.0004119873046875,7.62939453125e-06
6309,pop10,3,0.0003701051076253255,5.7990578435542735e-05
6309,pop53,1,0.0005075931549072266,0.0
6309,pop1,1,0.0003437995910644531,0.0
6309,pop6,1,0.00026488304138183594,0.0
6310,pop38,4,0.03189730644226074,0.03151167931613044
6310,pop18,3,0.00035381317138671875,6.53910493904588e-05
6310,pop19,3,0.00035532315572102863,4.2908868183307157e-05
6310,pop20,2,0.06177258491516113,0.002184152603149414
6310,pop46,1,0.0002830028533935547,0.0
6310,pop45,1,0.0002694129943847656,0.0
6310,pop44,1,0.062473297119140625,0.0
6310,pop50,3,0.00047771135965983075,7.65692030334298e-05
6310,pop14,1,0.06786441802978516,0.0
6310,pop24,3,0.04871233304341634,0.034269448354042435
6310,pop23,2,0.0347820520401001,0.03447306156158447
6310,pop16,1,0.0002872943878173828,0.0
6310,pop17,2,0.0004113912582397461,7.736682891845703e-05
6310,pop53,1,0.0003745555877685547,0.0
6310,pop1,1,0.0003304481506347656,0.0
6310,pop6,1,0.00023984909057617188,0.0
6311,pop47,5,0.009528732299804688,0.018483077361721053
6311,pop51,1,0.00042557716369628906,0.0
6312,pop42,2,0.02681136131286621,0.026420116424560547
6312,pop43,1,0.0002796649932861328,0.0
6312,pop51,3,0.0004603862762451172,4.118136051547982e-05
6312,pop10,3,0.01898845036824544,0.02631038028651021
6312,pop4,2,0.00034177303314208984,5.042552947998047e-05
6312,pop53,1,0.00038504600524902344,0.0
6312,pop1,1,0.0004661083221435547,0.0
6312,pop6,1,0.00037741661071777344,0.0
6313,pop50,3,0.018784761428833008,0.025901818592190654
6313,pop14,4,0.00040465593338012695,6.058702928775627e-05
6313,pop53,1,0.0005106925964355469,0.0
6313,pop1,1,0.00032448768615722656,0.0
6313,pop15,1,0.00034689903259277344,0.0
6314,pop37,4,0.012082576751708984,0.020342672371751743
6314,pop52,1,0.0004355907440185547,0.0
6314,pop53,1,0.0003795623779296875,0.0
6314,pop51,1,0.0003573894500732422,0.0
6315,pop27,5,0.013426542282104492,0.02619341507834007
6315,pop25,1,0.0003306865692138672,0.0
6315,pop17,1,0.00033736228942871094,0.0
6315,pop50,1,0.00037598609924316406,0.0
6315,pop53,1,0.0003917217254638672,0.0
6315,pop7,1,0.00022077560424804688,0.0
6316,pop39,2,0.027452707290649414,0.027058839797973633
6316,pop38,2,0.03248143196105957,0.03220415115356445
6316,pop18,3,0.0003046989440917969,7.583285114297434e-05
6316,pop19,4,0.00034034252166748047,2.2747743904498542e-05
6316,pop20,2,0.06118786334991455,0.001328587532043457
6316,pop51,2,0.0004112720489501953,7.152557373046875e-07
6316,pop4,1,0.06204843521118164,0.0
6316,pop43,1,0.00027871131896972656,0.0
6316,pop40,1,0.057578325271606445,0.0
6316,pop41,1,0.00030875205993652344,0.0
6316,pop53,1,0.000507354736328125,0.0
6316,pop50,1,0.00036597251892089844,0.0
6316,pop55,2,0.027731657028198242,0.02745366096496582
6316,pop52,2,0.0003840923309326172,2.5510787963867188e-05
6316,pop12,3,0.00026702880859375,1.760211715686433e-05
6317,pop16,3,0.019138892491658527,0.0265978699504629
6317,pop23,4,0.01648998260498047,0.027950365274172294
6317,pop21,3,0.022328297297159832,0.031102275030642498
6317,pop50,1,0.0004458427429199219,0.0
6317,pop53,1,0.0003867149353027344,0.0
6317,pop1,1,0.0004534721374511719,0.0
6317,pop15,1,0.0002186298370361328,0.0
6318,pop46,2,0.02871084213256836,0.028292179107666016
6318,pop20,4,0.0003052353858947754,3.770006739552663e-05
6318,pop19,1,0.00036072731018066406,0.0
6318,pop51,1,0.0006203651428222656,0.0
6318,pop50,1,0.0003952980041503906,0.0
6318,pop53,1,0.0004439353942871094,0.0
6318,pop7,1,0.00022292137145996094,0.0
6319,pop42,2,0.026967644691467285,0.026587367057800293
6319,pop43,1,0.00026679039001464844,0.0
6319,pop51,3,0.0004524389902750651,8.050557538413034e-05
6319,pop53,2,0.05727124214172363,0.0004177093505859375
6319,pop10,2,0.02834939956665039,0.028057575225830078
6319,pop54,2,0.02784895896911621,0.027587413787841797
6319,pop52,1,0.00031304359436035156,0.0
6319,pop55,2,0.00034439563751220703,6.61611557006836e-05
6319,pop50,1,0.0003960132598876953,0.0
6319,pop14,1,0.0003495216369628906,0.0
6319,pop24,1,0.0004296302795410156,0.0
6320,pop4,4,0.014302849769592285,0.024117285912907748
6320,pop51,1,0.0003199577331542969,0.0
6320,pop53,1,0.0004892349243164062,0.0
6320,pop1,1,0.0004589557647705078,0.0
6320,pop15,1,0.000217437744140625,0.0
6321,pop28,2,0.0256803035736084,0.025301694869995117
6321,pop51,3,0.00044687589009602863,6.887019161322137e-05
6321,pop4,2,0.028777241706848145,0.028470635414123535
6321,pop50,1,0.0005967617034912109,0.0
6321,pop53,3,0.019856929779052734,0.027482292245943073
6321,pop54,1,0.05568814277648926,0.0
6321,pop7,1,0.0003428459167480469,0.0
6322,pop30,2,0.024776697158813477,0.02438211441040039
6322,pop31,1,0.00026416778564453125,0.0
6322,pop17,3,0.0004246234893798828,0.0001533411477244405
6322,pop25,1,0.00029587745666503906,0.0
6322,pop27,1,0.0003027915954589844,0.0
6322,pop44,1,0.0003006458282470703,0.0
6322,pop50,1,0.0004858970642089844,0.0
6322,pop35,1,0.0002238750457763672,0.0
6323,pop55,2,0.02397310733795166,0.023565173149108887
6323,pop52,2,0.00038909912109375,7.915496826171875e-05
6323,pop12,4,0.00028187036514282227,3.145967933604163e-05
6323,pop3,1,0.0002422332763671875,0.0
6323,pop0,1,0.0002579689025878906,0.0
6323,pop1,1,0.0003447532653808594,0.0
6323,pop15,1,0.00023484230041503906,0.0
6324,pop6,5,0.01242237091064453,0.024242312864117415
6324,pop1,1,0.00030517578125,0.0
6324,pop53,1,0.0003814697265625,0.0
6324,pop51,1,0.00033736228942871094,0.0
6325,pop47,2,0.0231703519821167,0.022789835929870605
6325,pop53,3,0.037789344787597656,0.026488060648245677
6325,pop54,2,0.05348324775695801,0.0005490779876708984
6325,pop52,4,0.00031828880310058594,8.293403211081546e-06
6325,pop48,1,0.06285309791564941,0.0
6325,pop12,4,0.00031375885009765625,9.943655511804122e-05
6325,pop50,1,0.0005512237548828125,0.0
6325,pop16,1,0.00028777122497558594,0.0
6326,pop46,2,0.029339194297790527,0.028936028480529785
6326,pop20,4,0.0003151893615722656,6.273920468211995e-05
6326,pop19,1,0.0003612041473388672,0.0
6326,pop51,1,0.0003814697265625,0.0
6326,pop10,1,0.0002689361572265625,0.0
6327,pop56,3,0.044590155283610024,0.03131234046830135
6327,pop48,3,0.022121906280517578,0.03086363195487373
6327,pop52,4,0.00031006336212158203,1.3419916609493332e-05
6327,pop53,4,0.04288071393966675,0.02461469352743562
6327,pop54,2,0.05591464042663574,0.0010535717010498047
6327,pop41,1,0.0002493858337402344,0.0
6327,pop40,1,0.05419445037841797,0.0
6327,pop43,2,0.000244140625,6.67572021484375e-06
6327,pop51,2,0.0004305839538574219,4.7206878662109375e-05
6327,pop11,1,0.00022101402282714844,0.0
6327,pop10,1,0.0588984489440918,0.0
6327,pop13,1,0.061460018157958984,0.0
6327,pop49,3,0.04611523946126302,0.03246116750566624
6327,pop2,5,0.00025930404663085935,3.8168603009809035e-05
6327,pop1,1,0.00032520294189453125,0.0
6327,pop15,1,0.00022912025451660156,0.0
6328,pop33,3,0.02045297622680664,0.02838979972699164
6328,pop32,3,0.00032909711201985675,6.157798004167148e-05
6328,pop50,1,0.00045180320739746094,0.0
6328,pop35,1,0.00024962425231933594,0.0
6329,pop9,4,0.01366579532623291,0.023065906356229657
6329,pop51,1,0.0003349781036376953,0.0
6329,pop50,1,0.0004634857177734375,0.0
6329,pop55,1,0.00026226043701171875,0.0
6330,pop52,2,0.028194904327392578,0.027575969696044922
6330,pop54,1,0.0002872943878173828,0.0
6330,pop53,2,0.028063178062438965,0.02766287326812744
6330,pop1,2,0.00033974647521972656,1.430511474609375e-06
6330,pop6,4,0.0003286600112915039,0.00011484136901763705
6330,pop47,1,0.00024437904357910156,0.0
6331,pop18,2,0.03009617328643799,0.029685378074645996
6331,pop19,1,0.0004830360412597656,0.0
6331,pop51,3,0.0004158814748128255,6.206988065232247e-05
6331,pop4,1,0.05743145942687988,0.0
6331,pop10,1,0.05746006965637207,0.0
6331,pop50,2,0.0003839731216430664,2.2292137145996094e-05
6331,pop17,4,0.0004082918167114258,7.03947761923706e-05
6331,pop25,1,0.0002682209014892578,0.0
6331,pop27,1,0.00028395652770996094,0.0
6331,pop44,1,0.00030803680419921875,0.0
6331,pop55,1,0.0002732276916503906,0.0
6332,pop21,3,0.04433727264404297,0.031073957030755748
6332,pop23,2,0.00038433074951171875,7.534027099609375e-05
6332,pop16,1,0.0002460479736328125,0.0
6332,pop50,1,0.00039315223693847656,0.0
6332,pop51,1,0.00031638145446777344,0.0
6332,pop19,1,0.0003800392150878906,0.0
6332,pop18,1,0.0002703666687011719,0.0
6333,pop50,5,0.011441278457641601,0.02177680843538805
6333,pop14,2,0.00031936168670654297,2.181529998779297e-05
6333,pop27,2,0.00027108192443847656,2.8371810913085938e-05
6333,pop25,2,0.0002633333206176758,2.5153160095214844e-05
6333,pop17,5,0.013365983963012695,0.02596364117636916
6333,pop44,1,0.06252908706665039,0.0
6333,pop53,1,0.0004153251647949219,0.0
6333,pop47,1,0.0003459453582763672,0.0
6334,pop27,3,0.04379502932230631,0.03068555769860978
6334,pop25,1,0.0002911090850830078,0.0
6334,pop17,1,0.0003349781036376953,0.0
6334,pop50,2,0.00046956539154052734,4.589557647705078e-05
6334,pop33,2,0.00029218196868896484,1.633167266845703e-05
6334,pop32,3,0.0003510316212972005,4.987160992307372e-05
6334,pop16,1,0.0002789497375488281,0.0
6335,pop16,3,0.019140164057413738,0.026496599807376855
6335,pop23,4,0.000375211238861084,7.659294261387185e-05
6335,pop50,1,0.00046753883361816406,0.0
6335,pop35,1,0.00022554397583007812,0.0
6336,pop42,2,0.02699422836303711,0.02661585807800293
6336,pop43,2,0.00027942657470703125,1.049041748046875e-05
6336,pop40,2,0.02690601348876953,0.026621341705322266
6336,pop51,2,0.00035583972930908203,1.2755393981933594e-05
6336,pop4,3,0.0003216266632080078,2.8687610884609728e-05
6336,pop19,1,0.0003330707550048828,0.0
6336,pop18,1,0.0002551078796386719,0.0
6337,pop28,2,0.026161909103393555,0.025747299194335938
6337,pop51,2,0.0003769397735595703,1.1444091796875e-05
6337,pop4,1,0.05624055862426758,0.0
6337,pop53,1,0.056737422943115234,0.0
6337,pop54,1,0.00029158592224121094,0.0
6337,pop52,4,0.00033909082412719727,4.368963540449312e-05
6338,pop41,3,0.01901896794637044,0.02638592799151817
6338,pop40,2,0.0271914005279541,0.026899099349975586
6338,pop53,2,0.028777122497558594,0.028357982635498047
6338,pop54,1,0.0536046028137207,0.0
6338,pop52,3,0.0003770192464192708,7.173991758796783e-05
6339,pop40,4,0.013669192790985107,0.023024819532391903
6339,pop43,1,0.0002644062042236328,0.0
6339,pop51,1,0.0004439353942871094,0.0
6339,pop10,1,0.00028324127197265625,0.0
6340,pop23,4,0.015882492065429688,0.0268904293549268
6340,pop24,2,0.03401648998260498,0.033716559410095215
6340,pop21,1,0.06681346893310547,0.0
6340,pop16,1,0.0002925395965576172,0.0
6340,pop50,3,0.0004979769388834635,9.290176745127192e-05
6340,pop14,1,0.00030112266540527344,0.0
6340,pop27,2,0.0002982616424560547,9.5367431640625e-06
6340,pop25,1,0.00042939186096191406,0.0
6340,pop44,1,0.00033664703369140625,0.0
6340,pop17,2,0.00044226646423339844,3.4809112548828125e-05
6340,pop55,1,0.0002582073211669922,0.0
6341,pop45,2,0.029854655265808105,0.02944958209991455
6341,pop46,1,0.0002894401550292969,0.0
6341,pop20,2,0.030589699745178223,0.030346035957336426
6341,pop19,1,0.0003790855407714844,0.0
6341,pop18,1,0.0004100799560546875,0.0
6341,pop38,1,0.06489205360412598,0.0
6341,pop39,1,0.00025463104248046875,0.0
6341,pop44,1,0.06194758415222168,0.0
6341,pop50,1,0.0004475116729736328,0.0
6341,pop14,2,0.03450167179107666,0.03421342372894287
6341,pop24,2,0.0003006458282470703,9.775161743164062e-06
6342,pop55,4,0.012525856494903564,0.021046058138556832
6342,pop50,1,0.0004661083221435547,0.0
6342,pop51,1,0.0004184246063232422,0.0
6342,pop19,1,0.0003116130828857422,0.0
6342,pop18,1,0.00027680397033691406,0.0
6343,pop46,2,0.028165578842163086,0.027772188186645508
6343,pop45,1,0.0002799034118652344,0.0
6343,pop44,1,0.0002887248992919922,0.0
6343,pop50,2,0.0004942417144775391,9.560585021972656e-05
6343,pop17,3,0.00036946932474772137,3.5503471623251e-05
6343,pop53,1,0.00039887428283691406,0.0
6343,pop1,1,0.00033092498779296875,0.0
6343,pop15,1,0.00021839141845703125,0.0
6344,pop18,3,0.020328044891357422,0.02827756028224095
6344,pop38,1,0.06315732002258301,0.0
6344,pop19,2,0.0004571676254272461,5.233287811279297e-05
6344,pop51,4,0.0004073977470397949,4.4315201601078515e-05
6344,pop43,3,0.00031574567159016925,5.699628166953931e-05
6344,pop40,4,0.028255343437194824,0.027975360220139696
6344,pop10,1,0.05919933319091797,0.0
6344,pop41,1,0.0003018379211425781,0.0
6344,pop53,2,0.0004417896270751953,7.62939453125e-06
6344,pop54,2,0.0003561973571777344,6.628036499023438e-05
6344,pop20,1,0.00028443336486816406,0.0
6345,pop27,2,0.032521724700927734,0.032119035720825195
6345,pop25,1,0.0004050731658935547,0.0
6345,pop17,4,0.0004000663757324219,0.00011448871587916807
6345,pop50,1,0.0005223751068115234,0.0
6345,pop53,1,0.0005352497100830078,0.0
6345,pop1,1,0.00033283233642578125,0.0
6345,pop6,1,0.000370025634765625,0.0
6346,pop42,2,0.026946544647216797,0.026534557342529297
6346,pop43,1,0.00031304359436035156,0.0
6346,pop51,2,0.00039505958557128906,2.86102294921875e-05
6346,pop4,1,0.056714534759521484,0.0
6346,pop5,1,0.00023174285888671875,0.0
6346,pop10,1,0.0002560615539550781,0.0
6346,pop22,3,0.00029166539510091144,3.4858792994767674e-05
6346,pop21,1,0.0002734661102294922,0.0
6346,pop23,1,0.0003154277801513672,0.0
6346,pop24,1,0.0002980232238769531,0.0
6347,pop10,2,0.028107762336730957,0.027702927589416504
6347,pop51,2,0.00038421154022216797,3.4570693969726562e-06
6347,pop4,2,0.02861809730529785,0.02832627296447754
6347,pop53,2,0.0004036426544189453,1.049041748046875e-05
6347,pop54,1,0.05416512489318848,0.0
6347,pop52,3,0.019598722457885742,0.027220294199935234
6347,pop48,2,0.00034618377685546875,7.081031799316406e-05
6347,pop7,1,0.00022459030151367188,0.0
6348,pop33,3,0.02034926414489746,0.028276191322184414
6348,pop32,4,0.0003325343132019043,8.051285896172028e-05
6348,pop50,1,0.0004749298095703125,0.0
6348,pop55,1,0.0002493858337402344,0.0
6349,pop52,3,0.018435955047607422,0.025549140535751694
6349,pop37,4,0.0003001093864440918,6.36306034605886e-05
6350,pop21,2,0.033062100410461426,0.03267014026641846
6350,pop23,3,0.0003425280253092448,6.331538441493097e-05
6350,pop16,1,0.0002562999725341797,0.0
6350,pop50,1,0.00040221214294433594,0.0
6350,pop51,1,0.0004711151123046875,0.0
6350,pop10,1,0.0002923011779785156,0.0
6351,pop50,4,0.014420092105865479,0.02423227593894549
6351,pop17,1,0.06354475021362305,0.0
6351,pop55,1,0.051723480224609375,0.0
6351,pop52,2,0.00046074390411376953,4.887580871582031e-06
6351,pop48,4,0.015764236450195312,0.026745082628518938
6351,pop49,3,0.04352053006490072,0.030584979988687505
6351,pop2,1,0.06619143486022949,0.0
6351,pop53,1,0.0003685951232910156,0.0
6351,pop44,1,0.0002617835998535156,0.0
6352,pop16,3,0.019086201985677082,0.026491486810211424
6352,pop23,3,0.00039577484130859375,6.869020909824216e-05
6352,pop50,1,0.00040030479431152344,0.0
6352,pop53,1,0.0003650188446044922,0.0
6352,pop7,1,0.00023102760314941406,0.0
6353,pop23,2,0.031226634979248047,0.030803203582763672
6353,pop24,4,0.00033652782440185547,3.8180671648625263e-05
6353,pop14,1,0.00031757354736328125,0.0
6353,pop50,1,0.0003533363342285156,0.0
6353,pop53,1,0.0003807544708251953,0.0
6353,pop47,1,0.00024318695068359375,0.0
6354,pop55,2,0.02455759048461914,0.02414703369140625
6354,pop52,4,0.0003927946090698242,6.0340511246066025e-05
6354,pop48,2,0.030252456665039062,0.02996206283569336
6354,pop54,2,0.027462363243103027,0.02718794345855713
6354,pop53,1,0.0003590583801269531,0.0
6354,pop51,1,0.000423431396484375,0.0
6354,pop19,1,0.0003705024719238281,0.0
6354,pop20,1,0.0002887248992919922,0.0
6355,pop53,4,0.014316320419311523,0.023941864443008155
6355,pop41,2,0.00029790401458740234,1.1920928955078125e-07
6355,pop40,2,0.027016162872314453,0.02673792839050293
6355,pop51,1,0.00039124488830566406,0.0
6355,pop19,1,0.0004892349243164062,0.0
6355,pop20,1,0.00028228759765625,0.0
6356,pop32,5,0.013337469100952149,0.026000739736409605
6356,pop33,1,0.00029850006103515625,0.0
6356,pop50,1,0.00039839744567871094,0.0
6356,pop51,1,0.0004723072052001953,0.0
6357,pop37,4,0.01214367151260376,0.02038946581768031
6357,pop52,1,0.00032210350036621094,0.0
6357,pop53,1,0.0003955364227294922,0.0
6357,pop51,1,0.00032973289489746094,0.0
6357,pop19,1,0.0003299713134765625,0.0
6357,pop20,1,0.000270843505859375,0.0
6358,pop39,2,0.028560161590576172,0.028180360794067383
6358,pop38,1,0.00025391578674316406,0.0
6358,pop18,2,0.00026357173919677734,2.0265579223632812e-06
6358,pop19,2,0.00032126903533935547,2.753734588623047e-05
6358,pop51,3,0.00039951006571451825,3.84563247407525e-05
6358,pop4,1,0.05706143379211426,0.0
6358,pop53,3,0.019160668055216473,0.026552739630491855
6358,pop54,1,0.00040268898010253906,0.0
6358,pop52,4,0.00038188695907592773,7.247736086866827e-05
6359,pop46,2,0.02890157699584961,0.02850341796875
6359,pop45,1,0.0002772808074951172,0.0
6359,pop44,1,0.00041413307189941406,0.0
6359,pop50,1,0.0004553794860839844,0.0
6359,pop55,1,0.05173373222351074,0.0
6359,pop52,2,0.00031816959381103516,2.944469451904297e-05
6359,pop37,4,0.00030165910720825195,3.4777816247600695e-05
6359,pop34,1,0.00026679039001464844,0.0
6359,pop35,1,0.00021886825561523438,0.0
6360,pop27,2,0.032793521881103516,0.032392024993896484
6360,pop14,1,0.0003306865692138672,0.0
6360,pop24,4,0.0003090500831604004,2.0423703526580228e-05
6360,pop23,1,0.00031638145446777344,0.0
6360,pop16,1,0.0002739429473876953,0.0
6361,pop42,2,0.02735269069671631,0.026965737342834473
6361,pop43,1,0.00029921531677246094,0.0
6361,pop51,1,0.0003497600555419922,0.0
6361,pop50,1,0.0006947517395019531,0.0
6361,pop55,2,0.025438666343688965,0.025177597999572754
6361,pop52,2,0.0003069639205932617,1.2040138244628906e-05
6361,pop12,4,0.00031822919845581055,6.400648047094288e-05
6362,pop16,2,0.028777122497558594,0.028377056121826172
6362,pop23,2,0.00032126903533935547,1.0371208190917969e-05
6362,pop24,1,0.06716632843017578,0.0
6362,pop21,1,0.0681314468383789,0.0
6362,pop22,4,0.00030928850173950195,5.806394968037388e-05
6362,pop51,1,0.0003452301025390625,0.0
6362,pop10,1,0.00029587745666503906,0.0
6363,pop31,2,0.02751290798187256,0.027126669883728027
6363,pop17,4,0.0004050135612487793,6.034943056633838e-05
6363,pop50,1,0.0004127025604248047,0.0
6363,pop53,1,0.00038123130798339844,0.0
6363,pop47,1,0.00025773048400878906,0.0
6364,pop24,5,0.01358933448791504,0.02645524979401588
6364,pop14,1,0.0002892017364501953,0.0
6364,pop50,1,0.0004935264587402344,0.0
6364,pop53,1,0.0003714561462402344,0.0
6364,pop51,1,0.0003180503845214844,0.0
6365,pop14,3,0.021097501118977863,0.029284785293013996
6365,pop24,4,0.0003133416175842285,4.466909834542353e-05
6365,pop50,1,0.0005838871002197266,0.0
6365,pop51,1,0.00035858154296875,0.0
6365,pop10,1,0.0002663135528564453,0.0
6366,pop4,3,0.037557125091552734,0.026272629195226972
6366,pop5,1,0.00022912025451660156,0.0
6366,pop10,1,0.00027680397033691406,0.0
6366,pop51,2,0.0003427267074584961,3.933906555175781e-06
6366,pop22,3,0.0003535747528076172,6.0214105691526735e-05
6366,pop53,1,0.0004131793975830078,0.0
6366,pop1,1,0.00035190582275390625,0.0
6366,pop6,1,0.00024509429931640625,0.0
6367,pop6,2,0.03022921085357666,0.02982008457183838
6367,pop1,1,0.00032830238342285156,0.0
6367,pop53,2,0.02822136878967285,0.027847766876220703
6367,pop41,2,0.0002988576889038086,5.602836608886719e-06
6367,pop40,1,0.05307722091674805,0.0
6367,pop50,5,0.0005877971649169922,0.000166532508604205
6367,pop44,4,0.016174018383026123,0.02749296557325677
6367,pop27,2,0.0003153085708618164,1.800060272216797e-05
6367,pop17,5,0.013944768905639648,0.027135206618920094
6367,pop25,1,0.00038933753967285156,0.0
6367,pop51,1,0.00036334991455078125,0.0
6367,pop10,1,0.0002734661102294922,0.0
6368,pop47,2,0.023885607719421387,0.023497700691223145
6368,pop53,1,0.0003535747528076172,0.0
6368,pop41,1,0.0003037452697753906,0.0
6368,pop40,1,0.054602622985839844,0.0
6368,pop43,2,0.0002849102020263672,1.4066696166992188e-05
6368,pop51,4,0.0004094243049621582,8.2428612100799e-05
6368,pop10,1,0.05719757080078125,0.0
6368,pop11,1,0.00022864341735839844,0.0
6368,pop19,2,0.00034439563751220703,1.4185905456542969e-05
6368,pop20,1,0.06486988067626953,0.0
6368,pop22,4,0.00030988454818725586,5.336753054754324e-05
6369,pop50,2,0.02862083911895752,0.028047919273376465
6369,pop55,1,0.04893064498901367,0.0
6369,pop52,3,0.0003541310628255208,5.145731117763969e-05
6369,pop53,1,0.00035452842712402344,0.0
6369,pop51,1,0.00034546852111816406,0.0
6369,pop19,1,0.0003752708435058594,0.0
6369,pop18,1,0.00027441978454589844,0.0
6370,pop55,3,0.032535552978515625,0.02272673236074285
6370,pop52,3,0.00036970774332682293,6.443489695393541e-05
6370,pop53,1,0.0004131793975830078,0.0
6370,pop50,1,0.00041675567626953125,0.0
6370,pop16,1,0.00026726722717285156,0.0
6371,pop57,2,0.03281879425048828,0.03243517875671387
6371,pop56,2,0.032477736473083496,0.03222239017486572
6371,pop48,2,0.03088819980621338,0.03057277202606201
6371,pop49,4,0.016393542289733887,0.027856285251369413
6371,pop2,1,0.06653952598571777,0.0
6371,pop52,1,0.000308990478515625,0.0
6371,pop53,1,0.0004830360412597656,0.0
6371,pop50,1,0.0003674030303955078,0.0
6371,pop14,1,0.0003368854522705078,0.0
6371,pop24,1,0.00031375885009765625,0.0
6372,pop36,2,0.02662789821624756,0.026240229606628418
6372,pop51,4,0.00046128034591674805,0.00011425280694842281
6372,pop43,3,0.0002894401550292969,6.298944861232236e-06
6372,pop40,1,0.05646371841430664,0.0
6372,pop11,1,0.00024819374084472656,0.0
6372,pop10,1,0.059873342514038086,0.0
6372,pop19,2,0.0002969503402709961,3.933906555175781e-06
6372,pop20,1,0.06357026100158691,0.0
6372,pop50,1,0.00042366981506347656,0.0
6372,pop14,1,0.06929874420166016,0.0
6372,pop24,2,0.00029158592224121094,1.71661376953125e-05
6372,pop23,3,0.0004189014434814453,4.84469055810104e-05
6373,pop56,5,0.012937784194946289,0.0251651433625888
6373,pop48,1,0.0002961158752441406,0.0
6373,pop52,1,0.00033593177795410156,0.0
6373,pop53,1,0.0003447532653808594,0.0
6373,pop51,1,0.0004048347473144531,0.0
6373,pop19,1,0.00035500526428222656,0.0
6373,pop18,1,0.0002818107604980469,0.0
6374,pop9,5,0.010996246337890625,0.021355380954093568
6374,pop51,1,0.0003197193145751953,0.0
6374,pop53,1,0.00041222572326660156,0.0
6374,pop1,1,0.00035643577575683594,0.0
6374,pop6,1,0.00024199485778808594,0.0
6375,pop32,4,0.01688903570175171,0.02854693130828725
6375,pop33,1,0.00030612945556640625,0.0
6375,pop50,1,0.0004036426544189453,0.0
6375,pop51,1,0.0004916191101074219,0.0
6375,pop10,1,0.00028228759765625,0.0
6376,pop27,4,0.01657205820083618,0.02805096000353746
6376,pop25,1,0.00026798248291015625,0.0
6376,pop17,1,0.00030922889709472656,0.0
6376,pop50,1,0.0004367828369140625,0.0
6376,pop53,1,0.00035953521728515625,0.0
6376,pop1,1,0.0003025531768798828,0.0
6376,pop15,1,0.00021529197692871094,0.0
6377,pop16,3,0.019384145736694336,0.026920758485071906
6377,pop23,2,0.03310966491699219,0.03268027305603027
6377,pop24,5,0.00034399032592773436,7.831451895392844e-05
6377,pop14,1,0.0004918575286865234,0.0
6377,pop50,1,0.0003871917724609375,0.0
6377,pop35,1,0.00022912025451660156,0.0
6378,pop55,4,0.025190114974975586,0.024853416165473707
6378,pop52,2,0.00033867359161376953,1.0132789611816406e-05
6378,pop48,2,0.030658364295959473,0.030323147773742676
6378,pop49,2,0.03289687633514404,0.03263962268829346
6378,pop2,2,0.00036084651947021484,8.594989776611328e-05
6378,pop53,1,0.00041174888610839844,0.0
6378,pop51,1,0.000492095947265625,0.0
6378,pop19,1,0.00039577484130859375,0.0
6378,pop18,1,0.0003154277801513672,0.0
6379,pop48,4,0.03090745210647583,0.03057628786038569
6379,pop56,2,0.03221547603607178,0.031952500343322754
6379,pop49,3,0.04348095258076986,0.030569802162707722
6379,pop2,4,0.016976654529571533,0.028928583341021784
6379,pop52,1,0.00033974647521972656,0.0
6379,pop55,1,0.00025916099548339844,0.0
6380,pop44,2,0.029251813888549805,0.028836965560913086
6380,pop50,2,0.0004010200500488281,1.621246337890625e-05
6380,pop33,2,0.0002779960632324219,2.3126602172851562e-05
6380,pop32,4,0.0003215670585632324,7.862037919690607e-05
6380,pop55,1,0.000274658203125,0.0
6381,pop8,2,0.02705562114715576,0.02667248249053955
6381,pop51,1,0.0003752708435058594,0.0
6381,pop10,3,0.00030342737833658856,1.3428326645466329e-05
6382,pop45,2,0.030538439750671387,0.03012549877166748
6382,pop46,1,0.0002980232238769531,0.0
6382,pop20,5,0.01242656707763672,0.024257115529440938
6382,pop19,2,0.0003248453140258789,3.9696693420410156e-05
6382,pop18,2,0.0003161430358886719,8.296966552734375e-05
6382,pop38,1,0.0657813549041748,0.0
6383,pop18,3,0.020444949467976887,0.028469365401957842
6383,pop19,2,0.0002905130386352539,2.2649765014648438e-06
6383,pop20,1,0.06058073043823242,0.0
6383,pop38,1,0.06495428085327148,0.0
6383,pop39,1,0.00026679039001464844,0.0
6383,pop44,2,0.0312800407409668,0.03094196319580078
6383,pop50,2,0.0004578828811645508,5.4717063903808594e-05
6383,pop17,1,0.06855106353759766,0.0
6383,pop55,3,0.0002830028533935547,9.502907174309187e-06
6384,pop24,2,0.03386998176574707,0.03345918655395508
6384,pop23,3,0.00042637189229329425,8.582060660501753e-05
6384,pop16,1,0.0002865791320800781,0.0
6384,pop50,1,0.0004475116729736328,0.0
6384,pop53,1,0.00041103363037109375,0.0
6384,pop52,1,0.0002810955047607422,0.0
6385,pop47,5,0.009788131713867188,0.018936473336629258
6385,pop53,1,0.00041365623474121094,0.0
6385,pop50,1,0.0004379749298095703,0.0
6385,pop44,1,0.00040912628173828125,0.0
6386,pop32,5,0.013234758377075195,0.02572860818528492
6386,pop33,1,0.00030493736267089844,0.0
6386,pop50,1,0.00035953521728515625,0.0
6386,pop55,1,0.0002727508544921875,0.0
6387,pop22,5,0.010722827911376954,0.02083931449531928
6387,pop51,1,0.00034499168395996094,0.0
6388,pop38,4,0.032019197940826416,0.03168240424367692
6388,pop18,1,0.00026607513427734375,0.0
6388,pop19,2,0.00042366981506347656,4.673004150390625e-05
6388,pop20,2,0.0003217458724975586,6.377696990966797e-05
6388,pop51,1,0.00032830238342285156,0.0
6388,pop53,1,0.00045752525329589844,0.0
6388,pop52,1,0.0002803802490234375,0.0
6389,pop33,3,0.020525058110555012,0.028539843540716058
6389,pop32,3,0.00031526883443196613,2.827067563843883e-05
6389,pop50,1,0.0004467964172363281,0.0
6389,pop14,1,0.0003330707550048828,0.0
6389,pop24,1,0.00028133392333984375,0.0
6390,pop52,5,0.011542129516601562,0.022257832631300146
6390,pop53,1,0.0004723072052001953,0.0
6390,pop51,1,0.0004630088806152344,0.0
6391,pop21,5,0.013431358337402343,0.02613284052914713
6391,pop23,1,0.00034165382385253906,0.0
6391,pop16,1,0.00028228759765625,0.0
6391,pop50,1,0.0004978179931640625,0.0
6391,pop53,1,0.00039386749267578125,0.0
6391,pop52,1,0.00029397010803222656,0.0
6392,pop23,2,0.032271504402160645,0.03184545040130615
6392,pop24,3,0.0003037452697753906,1.0221458010781297e-05
6392,pop14,1,0.0004918575286865234,0.0
6392,pop50,1,0.00037288665771484375,0.0
6392,pop44,1,0.00026702880859375,0.0
6393,pop9,5,0.011257600784301759,0.02189380900508666
6393,pop51,1,0.0003266334533691406,0.0
6393,pop50,1,0.0004341602325439453,0.0
6393,pop44,1,0.0003199577331542969,0.0
6394,pop27,2,0.03316354751586914,0.03276205062866211
6394,pop25,1,0.00029754638671875,0.0
6394,pop17,1,0.00039458274841308594,0.0
6394,pop50,2,0.0005239248275756836,5.364418029785156e-06
6394,pop33,2,0.0003656148910522461,6.210803985595703e-05
6394,pop32,2,0.03490746021270752,0.034606337547302246
6394,pop53,3,0.038895209630330406,0.027241093494757323
6394,pop41,2,0.0002999305725097656,1.811981201171875e-05
6394,pop40,1,0.05680394172668457,0.0
6394,pop54,3,0.00030350685119628906,3.593140165341794e-05
6394,pop51,1,0.0004303455352783203,0.0
6395,pop18,2,0.030271172523498535,0.029880404472351074
6395,pop19,2,0.0004156827926635742,5.9723854064941406e-05
6395,pop20,3,0.0003228187561035156,5.160573678615033e-05
6395,pop51,1,0.0004315376281738281,0.0
6395,pop53,1,0.00037097930908203125,0.0
6395,pop1,1,0.00033974647521972656,0.0
6395,pop6,1,0.00024890899658203125,0.0
6396,pop32,4,0.016725897789001465,0.028242485865326232
6396,pop33,1,0.00029850006103515625,0.0
6396,pop50,1,0.00038123130798339844,0.0
6396,pop51,1,0.0005052089691162109,0.0
6396,pop19,1,0.00035858154296875,0.0
6396,pop18,1,0.0002846717834472656,0.0
6397,pop53,4,0.014160633087158203,0.02370072572130372
6397,pop41,2,0.00029146671295166016,8.463859558105469e-06
6397,pop40,1,0.053275346755981445,0.0
6397,pop54,4,0.00030934810638427734,5.589644647505804e-05
6397,pop51,1,0.0004355907440185547,0.0
6397,pop10,1,0.0002987384796142578,0.0
6398,pop48,3,0.020199298858642578,0.028051638283301674
6398,pop56,1,0.06421804428100586,0.0
6398,pop52,5,0.00034236907958984375,4.529275341543581e-05
6398,pop54,1,0.0546107292175293,0.0
6398,pop55,1,0.0002963542938232422,0.0
6399,pop44,5,0.011923599243164062,0.023117692600431904
6399,pop45,1,0.0002903938293457031,0.0
6399,pop46,1,0.00027632713317871094,0.0
6399,pop20,1,0.00025653839111328125,0.0
6400,pop24,5,0.013509988784790039,0.026285464588915647
6400,pop14,1,0.000331878662109375,0.0
6400,pop50,1,0.0003771781921386719,0.0
6400,pop51,1,0.0004093647003173828,0.0
6400,pop19,1,0.000301361083984375,0.0
6400,pop18,1,0.00027179718017578125,0.0
6401,pop47,2,0.024246692657470703,0.02387070655822754
6401,pop53,2,0.0003707408905029297,1.0967254638671875e-05
6401,pop54,4,0.00032150745391845703,6.327767880864492e-05
6401,pop50,1,0.0005908012390136719,0.0
6401,pop14,1,0.00038886070251464844,0.0
6401,pop24,1,0.00029468536376953125,0.0
6402,pop33,3,0.020289262135823567,0.028175890247824114
6402,pop32,3,0.00031948089599609375,6.105129704040492e-05
6402,pop50,1,0.0004057884216308594,0.0
6402,pop51,1,0.0004067420959472656,0.0
6402,pop10,1,0.0004146099090576172,0.0
6403,pop27,5,0.013531255722045898,0.026320953630102933
6403,pop25,1,0.00027251243591308594,0.0
6403,pop17,1,0.00045490264892578125,0.0
6403,pop50,1,0.00042939186096191406,0.0
6403,pop51,1,0.0004112720489501953,0.0
6403,pop19,1,0.0004839897155761719,0.0
6403,pop20,1,0.0002796649932861328,0.0
6404,pop18,2,0.03138434886932373,0.03097689151763916
6404,pop19,2,0.0003484487533569336,4.887580871582031e-06
6404,pop20,2,0.030982375144958496,0.030710816383361816
6404,pop51,1,0.0004286766052246094,0.0
6404,pop53,1,0.05671119689941406,0.0
6404,pop54,3,0.0003770192464192708,0.000127260791271767
6404,pop52,1,0.0003001689910888672,0.0
6404,pop34,1,0.0002536773681640625,0.0
6404,pop35,1,0.00021386146545410156,0.0
6405,pop32,4,0.016787350177764893,0.028435106945208167
6405,pop33,1,0.00030493736267089844,0.0
6405,pop50,1,0.0003771781921386719,0.0
6405,pop53,1,0.0005168914794921875,0.0
6405,pop54,1,0.00025177001953125,0.0
6405,pop52,1,0.0002892017364501953,0.0
6406,pop30,2,0.025682806968688965,0.025288939476013184
6406,pop48,2,0.030535578727722168,0.03024113178253174
6406,pop49,3,0.021596431732177734,0.030048726591618644
6406,pop2,3,0.02319653828938802,0.03242368330180191
6406,pop52,1,0.00029206275939941406,0.0
6406,pop53,1,0.00035643577575683594,0.0
6406,pop51,1,0.0004379749298095703,0.0
6406,pop10,1,0.0002720355987548828,0.0
6407,pop52,3,0.019065062204996746,0.0264111805840044
6407,pop48,4,0.00036591291427612305,7.683117320840133e-05
6407,pop53,1,0.00048828125,0.0
6407,pop51,1,0.0003879070281982422,0.0
6407,pop19,1,0.00045943260192871094,0.0
6407,pop18,1,0.00027441978454589844,0.0
6408,pop23,3,0.021400054295857746,0.029738792225576023
6408,pop21,2,0.034105658531188965,0.0338360071182251
6408,pop24,1,0.00029778480529785156,0.0
6408,pop14,2,0.03322911262512207,0.03288388252258301
6408,pop50,2,0.0004799365997314453,8.344650268554688e-05
6408,pop33,2,0.0003019571304321289,1.823902130126953e-05
6408,pop32,2,0.0003167390823364258,1.5854835510253906e-05
6408,pop51,1,0.0004208087921142578,0.0
6409,pop9,5,0.011085081100463866,0.021562716489835508
6409,pop51,1,0.0003287792205810547,0.0
6409,pop19,1,0.0003571510314941406,0.0
6409,pop18,1,0.00030422210693359375,0.0
6410,pop47,2,0.024228692054748535,0.023844599723815918
6410,pop53,2,0.00036454200744628906,1.5974044799804688e-05
6410,pop1,2,0.0003896951675415039,8.809566497802734e-05
6410,pop6,4,0.0002766847610473633,3.492059068753275e-05
6410,pop50,1,0.0003745555877685547,0.0
6410,pop14,1,0.0003135204315185547,0.0
6410,pop24,1,0.0002894401550292969,0.0
6411,pop28,2,0.026331782341003418,0.025946974754333496
6411,pop51,1,0.0003871917724609375,0.0
6411,pop22,4,0.00032579898834228516,8.48122782505488e-05
6411,pop21,1,0.0002846717834472656,0.0
6411,pop23,1,0.00045800209045410156,0.0
6411,pop16,1,0.00026607513427734375,0.0
6412,pop57,2,0.03259932994842529,0.032201170921325684
6412,pop56,3,0.0002872149149576823,1.9641536800181268e-05
6412,pop48,1,0.0002841949462890625,0.0
6412,pop52,1,0.00033664703369140625,0.0
6412,pop55,1,0.0003323554992675781,0.0
6413,pop16,2,0.03001987934112549,0.029609084129333496
6413,pop23,2,0.0003453493118286133,3.3974647521972656e-05
6413,pop21,3,0.02317357063293457,0.03238783054101466
6413,pop24,1,0.0002980232238769531,0.0
6413,pop14,2,0.0004754066467285156,3.5762786865234375e-05
6413,pop50,1,0.00042819976806640625,0.0
6413,pop53,1,0.0005028247833251953,0.0
6413,pop7,1,0.00022792816162109375,0.0
6414,pop24,4,0.016985714435577393,0.028755988530742717
6414,pop23,2,0.0002777576446533203,6.9141387939453125e-06
6414,pop21,1,0.06827354431152344,0.0
6414,pop16,1,0.00027751922607421875,0.0
6414,pop50,3,0.00046507517496744793,0.00011059373025871921
6414,pop17,4,0.03338080644607544,0.033006507125757506
6414,pop25,2,0.0002893209457397461,1.4901161193847656e-05
6414,pop27,1,0.06960892677307129,0.0
6414,pop14,2,0.03458082675933838,0.034230589866638184
6414,pop51,1,0.0003333091735839844,0.0
6414,pop10,1,0.0002799034118652344,0.0
6415,pop32,5,0.013425207138061524,0.02616442663087842
6415,pop33,1,0.0003116130828857422,0.0
6415,pop50,1,0.0003921985626220703,0.0
6415,pop53,1,0.00041294097900390625,0.0
6415,pop1,1,0.0003440380096435547,0.0
6415,pop15,1,0.0002162456512451172,0.0
6416,pop41,2,0.029421210289001465,0.02900850772857666
6416,pop53,1,0.00044536590576171875,0.0
6416,pop54,3,0.0003331502278645833,6.974068341561499e-05
6416,pop52,1,0.0003235340118408203,0.0
6416,pop34,1,0.0002493858337402344,0.0
6416,pop35,1,0.00021219253540039062,0.0
6417,pop40,2,0.02675914764404297,0.026363849639892578
6417,pop43,1,0.00028514862060546875,0.0
6417,pop51,2,0.00042808055877685547,9.429454803466797e-05
6417,pop4,4,0.0003147721290588379,3.921256352657772e-05
6417,pop50,1,0.0004534721374511719,0.0
6417,pop44,1,0.0003211498260498047,0.0
6418,pop8,2,0.02690446376800537,0.026517033576965332
6418,pop51,2,0.0004169940948486328,1.2159347534179688e-05
6418,pop4,1,0.05715489387512207,0.0
6418,pop53,3,0.00040602684020996094,1.182998297696617e-05
6418,pop7,1,0.00023174285888671875,0.0
6419,pop30,2,0.025305747985839844,0.024927854537963867
6419,pop48,1,0.0002918243408203125,0.0
6419,pop52,2,0.0003857612609863281,4.315376281738281e-05
6419,pop37,3,0.00035842259724934894,3.215401583179361e-05
6419,pop34,1,0.0002460479736328125,0.0
6419,pop35,1,0.00022530555725097656,0.0
6420,pop23,3,0.021561066309611004,0.029979311418156105
6420,pop21,1,0.0677649974822998,0.0
6420,pop24,1,0.06922793388366699,0.0
6420,pop14,1,0.0002968311309814453,0.0
6420,pop50,3,0.00045808156331380207,4.733047510391934e-05
6420,pop17,5,0.013636302947998048,0.02648586362356648
6420,pop25,1,0.0002827644348144531,0.0
6420,pop27,1,0.0002570152282714844,0.0
6420,pop44,2,0.03172945976257324,0.031470537185668945
6421,pop9,5,0.01117086410522461,0.021733094375617924
6421,pop51,1,0.0005381107330322266,0.0
6422,pop47,5,0.009825706481933594,0.01900898964768828
6422,pop53,1,0.0003993511199951172,0.0
6422,pop52,1,0.00047707557678222656,0.0
6422,pop34,1,0.0002465248107910156,0.0
6422,pop35,1,0.000232696533203125,0.0
6423,pop28,2,0.026004672050476074,0.025599122047424316
6423,pop51,1,0.0003781318664550781,0.0
6423,pop53,1,0.0006160736083984375,0.0
6423,pop52,2,0.00033283233642578125,1.0967254638671875e-05
6423,pop54,4,0.0003001093864440918,1.4010388412439052e-05
6424,pop57,2,0.032689690589904785,0.03229176998138428
6424,pop56,1,0.0002567768096923828,0.0
6424,pop48,1,0.0002753734588623047,0.0
6424,pop52,4,0.014962077140808105,0.025218965905498495
6424,pop54,1,0.05330491065979004,0.0
6424,pop55,1,0.05251955986022949,0.0
6425,pop24,4,0.01719188690185547,0.029154794314358166
6425,pop14,1,0.0003325939178466797,0.0
6425,pop50,1,0.00035309791564941406,0.0
6425,pop53,1,0.0005693435668945312,0.0
6425,pop54,1,0.0002751350402832031,0.0
6425,pop52,1,0.00030875205993652344,0.0
6426,pop10,2,0.028292179107666016,0.02789783477783203
6426,pop51,2,0.00044655799865722656,0.00010609626770019531
6426,pop4,1,0.057975053787231445,0.0
6426,pop53,1,0.056438446044921875,0.0
6426,pop1,1,0.0003490447998046875,0.0
6426,pop6,3,0.0002684593200683594,7.786718186642895e-06
6427,pop22,3,0.03515013058980306,0.024607984576324286
6427,pop21,1,0.0002799034118652344,0.0
6427,pop23,1,0.0002815723419189453,0.0
6427,pop24,3,0.00030541419982910156,6.6955589516403024e-06
6428,pop16,3,0.020059903462727863,0.02779680318187942
6428,pop23,5,0.000366973876953125,5.660388474053909e-05
6428,pop21,1,0.06715703010559082,0.0
6428,pop50,1,0.0005748271942138672,0.0
6428,pop55,1,0.00027823448181152344,0.0
6429,pop32,4,0.016865074634552002,0.02857208988922634
6429,pop33,1,0.00031757354736328125,0.0
6429,pop50,1,0.0004343986511230469,0.0
6429,pop16,1,0.0002682209014892578,0.0
6430,pop9,5,0.011062717437744141,0.02147890977580617
6430,pop51,1,0.0003566741943359375,0.0
6430,pop50,1,0.00036835670471191406,0.0
6430,pop14,1,0.0003559589385986328,0.0
6430,pop24,1,0.0003390312194824219,0.0
6431,pop37,5,0.009913396835327149,0.019099421545611377
6431,pop52,1,0.00028634071350097656,0.0
6431,pop53,1,0.0003745555877685547,0.0
6431,pop1,1,0.0002918243408203125,0.0
6431,pop6,1,0.00024700164794921875,0.0
6432,pop39,2,0.02822279930114746,0.027820348739624023
6432,pop38,2,0.03227424621582031,0.03198504447937012
6432,pop18,1,0.0002601146697998047,0.0
6432,pop19,1,0.0002963542938232422,0.0
6432,pop51,1,0.0003464221954345703,0.0
6432,pop53,1,0.05758929252624512,0.0
6432,pop52,2,0.00037980079650878906,7.271766662597656e-05
6432,pop48,2,0.03136801719665527,0.031101703643798828
6432,pop56,2,0.00028228759765625,3.1948089599609375e-05
6433,pop46,2,0.029660701751708984,0.029259920120239258
6433,pop20,1,0.00027680397033691406,0.0
6433,pop19,2,0.0004057884216308594,2.384185791015625e-05
6433,pop18,2,0.0003032684326171875,3.24249267578125e-05
6433,pop38,2,0.033565402030944824,0.03317558765411377
6433,pop51,2,0.0003974437713623047,4.76837158203125e-06
6433,pop9,2,0.0003606081008911133,8.547306060791016e-05
6433,pop53,1,0.0005028247833251953,0.0
6433,pop1,1,0.000335693359375,0.0
6433,pop15,1,0.0002288818359375,0.0
6434,pop42,2,0.02830791473388672,0.027909278869628906
6434,pop43,1,0.0002651214599609375,0.0
6434,pop51,2,0.0003587007522583008,3.731250762939453e-05
6434,pop4,3,0.00031455357869466144,3.667532555503592e-05
6434,pop19,1,0.00047206878662109375,0.0
6434,pop20,1,0.00027441978454589844,0.0
6435,pop53,3,0.01853148142496745,0.025541629551140154
6435,pop54,3,0.0004150072733561198,0.00010567266812669076
6435,pop51,1,0.0003459453582763672,0.0
6435,pop19,1,0.00036025047302246094,0.0
6435,pop18,1,0.0002601146697998047,0.0
6436,pop27,2,0.03352153301239014,0.033103346824645996
6436,pop14,2,0.00039184093475341797,8.83340835571289e-05
6436,pop24,3,0.0003329912821451823,6.330909962830329e-05
6436,pop50,1,0.000499725341796875,0.0
6436,pop53,1,0.0004336833953857422,0.0
6436,pop47,1,0.0002472400665283203,0.0
6437,pop30,2,0.026009678840637207,0.02561485767364502
6437,pop48,2,0.031667470932006836,0.03137469291687012
6437,pop52,6,0.010291496912638346,0.022323917795134166
6437,pop54,1,0.05533933639526367,0.0
6437,pop12,4,0.015742063522338867,0.026805485015231622
6437,pop37,2,0.026932358741760254,0.026665568351745605
6438,pop23,2,0.03185391426086426,0.031438350677490234
6438,pop24,3,0.0003699461619059245,7.725579541638271e-05
6438,pop14,1,0.0003693103790283203,0.0
6438,pop50,1,0.0003998279571533203,0.0
6438,pop53,1,0.0004088878631591797,0.0
6438,pop1,1,0.0003542900085449219,0.0
6438,pop15,1,0.0002532005310058594,0.0
6439,pop47,5,0.009607362747192382,0.018641411005640828
6440,pop22,4,0.01349872350692749,0.022741824487449477
6440,pop51,1,0.00034546852111816406,0.0
6440,pop50,1,0.0003674030303955078,0.0
6440,pop55,1,0.0002765655517578125,0.0
6441,pop16,2,0.029456138610839844,0.02905583381652832
6441,pop23,1,0.0002903938293457031,0.0
6441,pop24,4,0.00034439563751220703,7.372658473034419e-05
6441,pop14,1,0.0003108978271484375,0.0
6441,pop50,1,0.0005304813385009766,0.0
6441,pop51,1,0.00041031837463378906,0.0
6441,pop19,1,0.000377655029296875,0.0
6441,pop18,1,0.0002689361572265625,0.0
6442,pop31,2,0.02651035785675049,0.026123404502868652
6442,pop17,4,0.00033974647521972656,1.0068775374307001e-05
6442,pop50,1,0.0004489421844482422,0.0
6442,pop44,1,0.00042557716369628906,0.0
6443,pop14,2,0.03205513954162598,0.03161454200744629
6443,pop24,3,0.023357311884562176,0.032585808060888385
6443,pop23,3,0.0003517468770345052,7.260601491205545e-05
6443,pop21,1,0.0713186264038086,0.0
6443,pop16,1,0.0004105567932128906,0.0
6443,pop50,1,0.00037217140197753906,0.0
6443,pop51,1,0.0005571842193603516,0.0
6443,pop19,1,0.0003638267517089844,0.0
6443,pop20,1,0.0002696514129638672,0.0
6444,pop4,2,0.0278623104095459,0.027459383010864258
6444,pop51,1,0.00036144256591796875,0.0
6444,pop19,2,0.00035583972930908203,2.396106719970703e-05
6444,pop18,2,0.0002810955047607422,1.9550323486328125e-05
6444,pop38,4,0.0003420710563659668,3.7529680130186795e-05
6444,pop20,1,0.00025916099548339844,0.0
6445,pop6,5,0.012678432464599609,0.02467228454881986
6445,pop1,1,0.0003345012664794922,0.0
6445,pop53,1,0.00040030479431152344,0.0
6445,pop50,1,0.000408172607421875,0.0
6445,pop44,1,0.00027632713317871094,0.0
6446,pop50,3,0.019920190175374348,0.027433001465358715
6446,pop17,4,0.00044524669647216797,0.00010493918669086487
6446,pop51,1,0.00035858154296875,0.0
6446,pop19,1,0.00046944618225097656,0.0
6446,pop18,1,0.0002961158752441406,0.0
6447,pop37,4,0.012491166591644287,0.020980812090605903
6447,pop52,1,0.0003485679626464844,0.0
6447,pop53,1,0.00045871734619140625,0.0
6447,pop51,1,0.0004787445068359375,0.0
6448,pop39,2,0.027833104133605957,0.027450203895568848
6448,pop38,4,0.00034236907958984375,7.446469126199027e-05
6448,pop18,1,0.000274658203125,0.0
6448,pop19,1,0.000370025634765625,0.0
6448,pop51,1,0.00034737586975097656,0.0
6448,pop50,1,0.0003802776336669922,0.0
6448,pop14,1,0.00028967857360839844,0.0
6448,pop24,1,0.00026798248291015625,0.0
6449,pop53,4,0.027976572513580322,0.027482343950911037
6449,pop54,1,0.05386185646057129,0.0
6449,pop50,3,0.0004755655924479167,8.546130143657544e-05
6449,pop44,1,0.0002796649932861328,0.0
6449,pop27,1,0.0002510547637939453,0.0
6449,pop25,1,0.0002453327178955078,0.0
6449,pop17,2,0.03402519226074219,0.03360557556152344
6449,pop14,2,0.03566575050354004,0.035307884216308594
6449,pop24,3,0.0003294944763183594,7.5065386966609e-05
6449,pop47,1,0.0002415180206298828,0.0
6450,pop30,2,0.025379538536071777,0.02498328685760498
6450,pop48,4,0.00031512975692749023,4.61755224973201e-05
6450,pop52,1,0.0003399848937988281,0.0
6450,pop53,1,0.0003666877746582031,0.0
6450,pop1,1,0.00032210350036621094,0.0
6450,pop15,1,0.0002593994140625,0.0
6451,pop22,4,0.013498485088348389,0.022821663140978433
6451,pop51,1,0.00033545494079589844,0.0
6452,pop16,2,0.0292130708694458,0.028794169425964355
6452,pop23,1,0.00027632713317871094,0.0
6452,pop24,5,0.01418614387512207,0.027710695900861185
6452,pop14,2,0.033118367195129395,0.032778382301330566
6452,pop50,1,0.0004558563232421875,0.0
6452,pop53,1,0.0003910064697265625,0.0
6452,pop52,1,0.00032329559326171875,0.0
6453,pop36,2,0.027164459228515625,0.026770830154418945
6453,pop10,2,0.02848660945892334,0.028165698051452637
6453,pop51,2,0.00042879581451416016,4.9233436584472656e-05
6453,pop4,2,0.00032341480255126953,3.349781036376953e-05
6453,pop19,1,0.00030231475830078125,0.0
6453,pop20,1,0.00026154518127441406,0.0
6454,pop56,2,0.0319669246673584,0.031554222106933594
6454,pop48,2,0.03114497661590576,0.030849575996398926
6454,pop49,4,0.0163804292678833,0.027827948689284825
6454,pop2,1,0.0661625862121582,0.0
6454,pop52,1,0.00028967857360839844,0.0
6454,pop53,1,0.0003409385681152344,0.0
6454,pop51,1,0.00040030479431152344,0.0
6454,pop19,1,0.00038504600524902344,0.0
6454,pop18,1,0.0002751350402832031,0.0
6455,pop55,2,0.025251388549804688,0.02485799789428711
6455,pop52,2,0.00030803680419921875,2.5272369384765625e-05
6455,pop12,3,0.0002938111623128255,3.383491084833766e-05
6455,pop53,1,0.0003669261932373047,0.0
6455,pop7,1,0.0002257823944091797,0.0
6456,pop47,5,0.009898662567138672,0.01912645969034775
6456,pop51,1,0.0003497600555419922,0.0
6456,pop19,1,0.00038909912109375,0.0
6456,pop20,1,0.000274658203125,0.0
6457,pop50,3,0.019686063130696613,0.027130082254027826
6457,pop17,3,0.00047143300374348957,0.00010661360402355134
6457,pop25,1,0.00029730796813964844,0.0
6457,pop27,1,0.00027751922607421875,0.0
6457,pop44,1,0.00029659271240234375,0.0
6457,pop53,1,0.00043320655822753906,0.0
6457,pop1,1,0.00033593177795410156,0.0
6457,pop15,1,0.0002295970916748047,0.0
6458,pop45,2,0.0304795503616333,0.03007638454437256
6458,pop44,1,0.05928754806518555,0.0
6458,pop50,2,0.0003908872604370117,1.633167266845703e-05
6458,pop17,4,0.0003267526626586914,3.125671209221185e-05
6458,pop14,1,0.0003514289855957031,0.0
6458,pop24,1,0.0002987384796142578,0.0
6459,pop40,2,0.02700042724609375,0.026558399200439453
6459,pop41,1,0.0004277229309082031,0.0
6459,pop53,2,0.02851414680480957,0.028121471405029297
6459,pop54,1,0.0002608299255371094,0.0
6459,pop52,3,0.00032981236775716144,3.3219465227815014e-05
6459,pop55,1,0.00025582313537597656,0.0
6460,pop8,2,0.02728450298309326,0.026898503303527832
6460,pop51,3,0.0005048116048177084,7.507329562705635e-05
6460,pop10,1,0.056993961334228516,0.0
6460,pop53,1,0.0005955696105957031,0.0
6460,pop50,4,0.00048416852951049805,0.00011842077960843015
6460,pop14,4,0.03484535217285156,0.03445116409520539
6460,pop27,1,0.0002942085266113281,0.0
6460,pop25,1,0.0003173351287841797,0.0
6460,pop17,1,0.0683588981628418,0.0
6460,pop24,8,0.02801498770713806,0.035785057767138466
6460,pop23,6,0.03514575958251953,0.03485118392353788
6460,pop21,2,0.07385361194610596,0.0025457143783569336
6460,pop16,1,0.0002779960632324219,0.0
6460,pop55,1,0.00024080276489257812,0.0
6461,pop57,2,0.0329819917678833,0.032595038414001465
6461,pop56,1,0.00026988983154296875,0.0
6461,pop48,1,0.06274557113647461,0.0
6461,pop52,4,0.0003859996795654297,6.0090232771937876e-05
6461,pop53,1,0.00044155120849609375,0.0
6461,pop50,1,0.0003695487976074219,0.0
6461,pop16,1,0.00026917457580566406,0.0
6462,pop24,5,0.01385955810546875,0.02699475862086324
6462,pop23,2,0.032756805419921875,0.032438039779663086
6462,pop14,1,0.0003509521484375,0.0
6462,pop50,1,0.0005083084106445312,0.0
6462,pop53,1,0.0004055500030517578,0.0
6462,pop1,1,0.00032782554626464844,0.0
6462,pop15,1,0.00033211708068847656,0.0
6463,pop31,2,0.026430487632751465,0.026046156883239746
6463,pop17,3,0.02234474817911784,0.031103587465350246
6463,pop50,2,0.0004673004150390625,9.846687316894531e-05
6463,pop32,2,0.0003374814987182617,4.088878631591797e-05
6463,pop33,1,0.0003197193145751953,0.0
6463,pop16,1,0.00030922889709472656,0.0
6464,pop39,2,0.028398990631103516,0.028006553649902344
6464,pop38,1,0.06541180610656738,0.0
6464,pop18,1,0.0002808570861816406,0.0
6464,pop19,1,0.00036144256591796875,0.0
6464,pop20,1,0.06271481513977051,0.0
6464,pop46,1,0.0002758502960205078,0.0
6464,pop45,1,0.0003962516784667969,0.0
6464,pop44,4,0.00030744075775146484,3.0423135578960656e-05
6464,pop50,1,0.000537872314453125,0.0
6464,pop55,1,0.00024628639221191406,0.0
6465,pop36,2,0.02677333354949951,0.026383280754089355
6465,pop10,4,0.014777302742004395,0.025074463542885853
6465,pop51,2,0.0003243684768676758,4.172325134277344e-06
6465,pop4,1,0.05903816223144531,0.0
6466,pop38,3,0.04343183835347494,0.030426761033983556
6466,pop39,1,0.0002665519714355469,0.0
6466,pop44,4,0.015640318393707275,0.02648368740030597
6466,pop45,2,0.0003457069396972656,7.414817810058594e-05
6466,pop46,2,0.0002913475036621094,2.384185791015625e-06
6466,pop20,1,0.06451535224914551,0.0
6466,pop50,1,0.0005695819854736328,0.0
6466,pop51,1,0.00039577484130859375,0.0
6466,pop19,1,0.0004146099090576172,0.0
6466,pop18,1,0.00026607513427734375,0.0
6467,pop21,2,0.03469514846801758,0.0342860221862793
6467,pop23,1,0.06488895416259766,0.0
6467,pop16,1,0.00029587745666503906,0.0
6467,pop50,1,0.0005507469177246094,0.0
6467,pop53,3,0.00045045216878255207,5.3547961280266156e-05
6467,pop52,1,0.0003666877746582031,0.0
6468,pop10,2,0.028052330017089844,0.027637243270874023
6468,pop51,1,0.0005064010620117188,0.0
6468,pop53,1,0.056455135345458984,0.0
6468,pop52,4,0.00034058094024658203,3.9668760696276654e-05
6468,pop34,1,0.00023818016052246094,0.0
6468,pop35,1,0.00023412704467773438,0.0
6469,pop32,3,0.044696648915608726,0.031312661757126534
6469,pop33,1,0.0003085136413574219,0.0
6469,pop50,2,0.00039696693420410156,1.6450881958007812e-05
6469,pop17,2,0.00036847591400146484,4.6372413635253906e-05
6469,pop55,1,0.00027561187744140625,0.0
6470,pop9,5,0.011375141143798829,0.022093877152405086
6470,pop51,1,0.00038361549377441406,0.0
6470,pop53,1,0.00037407875061035156,0.0
6470,pop1,1,0.00034308433532714844,0.0
6470,pop6,1,0.0002467632293701172,0.0
6471,pop47,5,0.009884977340698242,0.019148824944831645
6471,pop51,1,0.00039005279541015625,0.0
6471,pop19,1,0.0003001689910888672,0.0
6471,pop20,1,0.00024437904357910156,0.0
6472,pop24,4,0.017357468605041504,0.029407654714682083
6472,pop14,1,0.00033855438232421875,0.0
6472,pop50,1,0.0005300045013427734,0.0
6472,pop51,1,0.00041031837463378906,0.0
6472,pop10,1,0.00027251243591308594,0.0
6473,pop48,4,0.03125983476638794,0.030911125614755074
6473,pop49,4,0.016853034496307373,0.028637315147602597
6473,pop2,1,0.06602883338928223,0.0
6473,pop52,1,0.0003116130828857422,0.0
6473,pop53,1,0.00036787986755371094,0.0
6473,pop51,1,0.00043487548828125,0.0
6473,pop19,1,0.00037860870361328125,0.0
6473,pop20,1,0.00026154518127441406,0.0
6474,pop44,5,0.01192779541015625,0.02316043837962896
6474,pop50,1,0.0004761219024658203,0.0
6474,pop53,1,0.0003440380096435547,0.0
6474,pop52,1,0.0004241466522216797,0.0
6475,pop33,3,0.02086504300435384,0.02902688449708991
6475,pop37,4,0.00028508901596069336,3.709396790700282e-05
6475,pop50,1,0.000492095947265625,0.0
6475,pop44,1,0.0002980232238769531,0.0
6476,pop18,2,0.031096339225769043,0.030683159828186035
6476,pop19,1,0.0003840923309326172,0.0
6476,pop20,2,0.031600236892700195,0.0311887264251709
6476,pop46,1,0.0002713203430175781,0.0
6476,pop45,1,0.0002903938293457031,0.0
6476,pop44,1,0.06200432777404785,0.0
6476,pop50,2,0.0004171133041381836,3.159046173095703e-05
6476,pop33,2,0.00029265880584716797,7.033348083496094e-06
6476,pop32,3,0.00030112266540527344,2.875885506108956e-05
6476,pop51,1,0.0004413127899169922,0.0
6477,pop46,2,0.02880990505218506,0.028374314308166504
6477,pop20,4,0.0002974867820739746,1.7615063439929955e-05
6477,pop19,1,0.00029850006103515625,0.0
6477,pop51,1,0.00034046173095703125,0.0
6477,pop10,1,0.000247955322265625,0.0
6478,pop23,5,0.026085853576660156,0.031504891597509854
6478,pop21,1,0.06870603561401367,0.0
6478,pop24,1,0.00028324127197265625,0.0
6478,pop14,2,0.0003947019577026367,4.4226646423339844e-05
6478,pop50,1,0.0005755424499511719,0.0
6478,pop51,1,0.00038361549377441406,0.0
6479,pop45,2,0.031218767166137695,0.03081536293029785
6479,pop44,1,0.0002899169921875,0.0
6479,pop50,1,0.0005373954772949219,0.0
6479,pop14,1,0.06510329246520996,0.0
6479,pop24,4,0.0003052949905395508,5.8897110591104625e-06
6480,pop39,2,0.02813863754272461,0.02774500846862793
6480,pop44,1,0.0003097057342529297,0.0
6480,pop50,2,0.0004228353500366211,1.4662742614746094e-05
6480,pop17,4,0.0003371238708496094,3.651620078317067e-05
6480,pop55,1,0.00025916099548339844,0.0
6481,pop9,5,0.011150407791137695,0.021596833961752625
6481,pop51,1,0.0003986358642578125,0.0
6481,pop53,1,0.0005164146423339844,0.0
6481,pop1,1,0.0003223419189453125,0.0
6481,pop15,1,0.00022459030151367188,0.0
6482,pop24,4,0.03424489498138428,0.033839440902062805
6482,pop14,3,0.021877288818359375,0.03044873905788505
6482,pop50,1,0.0003814697265625,0.0
6482,pop33,2,0.00034356117248535156,2.7418136596679688e-05
6482,pop32,2,0.0003414154052734375,3.886222839355469e-05
6482,pop37,1,0.0002627372741699219,0.0
6482,pop52,1,0.00029540061950683594,0.0
6482,pop53,1,0.000347137451171875,0.0
6482,pop7,1,0.00023412704467773438,0.0
6483,pop52,3,0.019293864568074543,0.02674454022971805
6483,pop12,3,0.0002988179524739583,2.6349537943515577e-05
6483,pop53,1,0.00041866302490234375,0.0
6483,pop7,1,0.00021219253540039062,0.0
6484,pop14,5,0.026066350936889648,0.03147849720536387
6484,pop24,2,0.035152435302734375,0.03473305702209473
6484,pop50,1,0.0003509521484375,0.0
6484,pop44,1,0.0003046989440917969,0.0
6485,pop4,2,0.029059648513793945,0.028656005859375
6485,pop51,2,0.0003542900085449219,4.76837158203125e-06
6485,pop10,4,0.00039315223693847656,3.0092731778147568e-05
6485,pop50,1,0.00038814544677734375,0.0
6485,pop44,1,0.00042557716369628906,0.0
6486,pop10,2,0.028339147567749023,0.02794194221496582
6486,pop51,1,0.0003497600555419922,0.0
6486,pop53,2,0.028226613998413086,0.027833223342895508
6486,pop54,1,0.0003018379211425781,0.0
6486,pop52,3,0.0003445943196614583,6.263842890206674e-05
6486,pop50,1,0.00037598609924316406,0.0
6486,pop14,1,0.0004706382751464844,0.0
6486,pop24,1,0.00029659271240234375,0.0
6487,pop32,4,0.017184555530548096,0.02910794764924335
6487,pop33,1,0.00030541419982910156,0.0
6487,pop50,1,0.0004401206970214844,0.0
6487,pop51,1,0.00038552284240722656,0.0
6487,pop19,1,0.0003561973571777344,0.0
6487,pop18,1,0.0003032684326171875,0.0
6488,pop55,2,0.025469422340393066,0.025070786476135254
6488,pop52,2,0.0003345012664794922,1.5497207641601562e-05
6488,pop37,4,0.0002931356430053711,4.798036922845195e-05
6488,pop53,1,0.00037217140197753906,0.0
6488,pop7,1,0.00022220611572265625,0.0
6489,pop33,2,0.03139328956604004,0.030983448028564453
6489,pop37,3,0.0002574920654296875,1.8618033414225234e-05
6489,pop52,1,0.00030803680419921875,0.0
6490,pop46,2,0.02892768383026123,0.028531432151794434
6490,pop45,1,0.0002589225769042969,0.0
6490,pop44,1,0.0003161430358886719,0.0
6490,pop50,2,0.0004965066909790039,0.00012052059173583984
6490,pop14,1,0.00030112266540527344,0.0
6490,pop27,1,0.0002827644348144531,0.0
6490,pop25,1,0.0002849102020263672,0.0
6490,pop17,4,0.00038886070251464844,4.5381960407802634e-05
6490,pop51,1,0.0003943443298339844,0.0
6490,pop19,1,0.00036835670471191406,0.0
6490,pop20,1,0.00039577484130859375,0.0
6491,pop45,2,0.030895352363586426,0.030495047569274902
6491,pop44,4,0.000380098819732666,5.6756737088939726e-05
6491,pop50,3,0.0004611810048421224,3.296754162034997e-05
6491,pop17,1,0.06473112106323242,0.0
6491,pop51,1,0.0003674030303955078,0.0
6491,pop19,1,0.00030159950256347656,0.0
6491,pop18,1,0.00026226043701171875,0.0
6492,pop9,5,0.011535024642944336,0.022415536465271283
6492,pop51,1,0.00039577484130859375,0.0
6492,pop53,1,0.0003867149353027344,0.0
6492,pop1,1,0.000331878662109375,0.0
6492,pop15,1,0.00024437904357910156,0.0
6493,pop41,2,0.028509855270385742,0.028094768524169922
6493,pop53,1,0.056906700134277344,0.0
6493,pop50,3,0.00046102205912272137,9.06731347325253e-05
6493,pop44,3,0.021689335505167644,0.0303309519766128
6493,pop27,2,0.0002722740173339844,3.361701965332031e-05
6493,pop25,2,0.0002595186233520508,1.4901161193847656e-05
6493,pop17,1,0.06729793548583984,0.0
6493,pop14,3,0.04736932118733724,0.03328271622488619
6493,pop24,7,0.0319091933114188,0.03653942466841334
6493,pop23,7,0.010160003389630998,0.02412173500621656
6493,pop21,5,0.058713340759277345,0.029254140436566795
6494,pop28,2,0.02680337429046631,0.026427865028381348
6494,pop51,1,0.00033855438232421875,0.0
6494,pop53,2,0.029707670211791992,0.02933669090270996
6494,pop41,2,0.0003076791763305664,1.0132789611816406e-05
6494,pop40,1,0.05620002746582031,0.0
6494,pop52,1,0.00066375732421875,0.0
6495,pop40,2,0.026976585388183594,0.02654886245727539
6495,pop41,1,0.0004291534423828125,0.0
6495,pop53,1,0.05749344825744629,0.0
6495,pop54,2,0.028079509735107422,0.0276796817779541
6495,pop52,2,0.0003228187561035156,1.2636184692382812e-05
6495,pop48,1,0.06409788131713867,0.0
6495,pop55,2,0.0003638267517089844,5.984306335449219e-05
6495,pop50,1,0.0003638267517089844,0.0
6495,pop51,1,0.00036454200744628906,0.0
6495,pop19,1,0.0003268718719482422,0.0
6495,pop18,1,0.0002543926239013672,0.0
6496,pop8,2,0.02722334861755371,0.026839256286621094
6496,pop51,2,0.0006754398345947266,0.0001823902130126953
6496,pop50,5,0.0005490303039550782,0.00013432117648930162
6496,pop53,1,0.05784249305725098,0.0
6496,pop17,1,0.06634950637817383,0.0
6496,pop55,3,0.03555758794148763,0.024968011353353387
6496,pop52,6,0.010533491770426432,0.022672329901481613
6496,pop48,2,0.033866286277770996,0.033565402030944824
6496,pop49,1,0.07514691352844238,0.0
6496,pop16,1,0.0002646446228027344,0.0
6497,pop57,2,0.032967209815979004,0.03257143497467041
6497,pop56,2,0.032888054847717285,0.03262436389923096
6497,pop2,1,0.00025844573974609375,0.0
6497,pop49,2,0.0003126859664916992,4.947185516357422e-05
6497,pop48,1,0.00033020973205566406,0.0
6497,pop52,1,0.0003674030303955078,0.0
6497,pop53,1,0.0004000663757324219,0.0
6497,pop1,1,0.00034165382385253906,0.0
6497,pop15,1,0.0002124309539794922,0.0
6498,pop31,2,0.026547551155090332,0.02615177631378174
6498,pop17,3,0.022368351618448894,0.031052382036296837
6498,pop25,1,0.00041103363037109375,0.0
6498,pop50,2,0.0005440711975097656,4.124641418457031e-05
6498,pop33,2,0.0003069639205932617,3.2186508178710938e-06
6498,pop32,3,0.00031487147013346356,2.2028752821693947e-05
6498,pop44,1,0.0002961158752441406,0.0
6499,pop14,2,0.032369256019592285,0.03193175792694092
6499,pop24,4,0.00031769275665283203,2.4408229395542266e-05
6499,pop23,1,0.00030303001403808594,0.0
6499,pop16,1,0.00037169456481933594,0.0
6500,pop32,4,0.017029225826263428,0.028890841342505223
6500,pop33,1,0.00029158592224121094,0.0
6500,pop50,1,0.0004334449768066406,0.0
6500,pop51,1,0.00041937828063964844,0.0
6501,pop38,3,0.04415814081827799,0.03093794977185602
6501,pop39,1,0.0002529621124267578,0.0
6501,pop44,1,0.062160491943359375,0.0
6501,pop50,2,0.0004832744598388672,1.7642974853515625e-05
6501,pop55,3,0.0003387133280436198,8.170590753020522e-05
6501,pop16,1,0.00025963783264160156,0.0
6502,pop33,3,0.02112714449564616,0.02937530231697285
6502,pop32,3,0.00036255518595377606,5.0530241640631725e-05
6502,pop50,1,0.0004448890686035156,0.0
6502,pop53,1,0.0004119873046875,0.0
6502,pop7,1,0.00026345252990722656,0.0
6503,pop45,2,0.030936717987060547,0.030512332916259766
6503,pop44,1,0.00029778480529785156,0.0
6503,pop50,1,0.00047707557678222656,0.0
6503,pop17,1,0.0661630630493164,0.0
6503,pop25,1,0.0002970695495605469,0.0
6503,pop27,1,0.0002810955047607422,0.0
6503,pop14,1,0.06896495819091797,0.0
6503,pop24,3,0.0002785523732503255,1.8627529642903005e-05
6504,pop32,5,0.013730573654174804,0.026749651243220283
6504,pop33,1,0.0002994537353515625,0.0
6504,pop50,1,0.00036597251892089844,0.0
6504,pop53,1,0.0005128383636474609,0.0
6504,pop47,1,0.00025272369384765625,0.0
6505,pop42,2,0.02809584140777588,0.0277024507522583
6505,pop43,2,0.00039887428283691406,7.152557373046875e-06
6505,pop40,3,0.019416650136311848,0.027063109583323353
6505,pop51,3,0.0003990332285563151,3.527216455891354e-05
6505,pop10,1,0.05955243110656738,0.0
6505,pop4,2,0.00036394596099853516,6.783008575439453e-05
6505,pop50,1,0.00038743019104003906,0.0
6505,pop14,1,0.00046372413635253906,0.0
6505,pop24,1,0.00030994415283203125,0.0
6506,pop27,5,0.013747692108154297,0.026725106204470196
6506,pop25,1,0.0004215240478515625,0.0
6506,pop17,1,0.0002875328063964844,0.0
6506,pop50,1,0.0004096031188964844,0.0
6506,pop53,1,0.000400543212890625,0.0
6506,pop1,1,0.00032591819763183594,0.0
6506,pop15,1,0.00021266937255859375,0.0
6507,pop48,3,0.021380265553792317,0.029720933779135456
6507,pop49,3,0.043828884760538735,0.030816554185961666
6507,pop2,5,0.01375117301940918,0.026934690191656726
6507,pop52,1,0.0003361701965332031,0.0
6507,pop53,1,0.00047397613525390625,0.0
6507,pop7,1,0.00023412704467773438,0.0
6508,pop24,4,0.017481207847595215,0.029667623159121657
6508,pop14,1,0.0003349781036376953,0.0
6508,pop50,1,0.00037479400634765625,0.0
6508,pop44,1,0.00029397010803222656,0.0
6509,pop41,2,0.028391718864440918,0.027993321418762207
6509,pop53,3,0.00048152605692545575,3.519203242777503e-05
6509,pop1,3,0.0003788471221923828,5.568694526127753e-05
6509,pop6,2,0.032633185386657715,0.03239786624908447
6509,pop15,1,0.00024628639221191406,0.0
6510,pop40,2,0.02751922607421875,0.027125120162963867
6510,pop43,1,0.00028395652770996094,0.0
6510,pop51,3,0.00043320655822753906,3.6053009739601627e-06
6510,pop10,2,0.029655098915100098,0.02933061122894287
6510,pop4,2,0.00032913684844970703,3.5881996154785156e-05
6510,pop19,1,0.0003840923309326172,0.0
6510,pop20,1,0.0002777576446533203,0.0
6511,pop31,2,0.026852965354919434,0.02646315097808838
6511,pop17,3,0.02214972178141276,0.030797534165784728
6511,pop25,1,0.0004355907440185547,0.0
6511,pop50,2,0.0003796815872192383,7.748603820800781e-06
6511,pop33,2,0.00027120113372802734,1.3709068298339844e-05
6511,pop32,3,0.00032289822896321613,5.898963685654164e-05
6511,pop51,1,0.00035691261291503906,0.0
6511,pop10,1,0.0002968311309814453,0.0
6512,pop14,3,0.02178223927815755,0.030104456731171184
6512,pop50,2,0.00043845176696777344,6.29425048828125e-05
6512,pop16,1,0.00028061866760253906,0.0
6512,pop23,1,0.00032329559326171875,0.0
6512,pop24,2,0.035547614097595215,0.035124897956848145
6512,pop55,1,0.05322670936584473,0.0
6512,pop52,3,0.0003941853841145833,0.00012585871675558244
6512,pop54,1,0.00028896331787109375,0.0
6512,pop53,1,0.00038242340087890625,0.0
6512,pop7,1,0.0002377033233642578,0.0
6513,pop33,6,0.0104673703511556,0.022596109995208658
6513,pop32,5,0.028152322769165038,0.03407899769536482
6513,pop50,3,0.00048096974690755207,3.594264965906318e-05
6513,pop44,1,0.06212306022644043,0.0
6513,pop37,2,0.02668023109436035,0.026284217834472656
6513,pop51,1,0.00038743019104003906,0.0
6513,pop19,1,0.00035762786865234375,0.0
6513,pop20,1,0.000270843505859375,0.0
6514,pop6,2,0.0318070650100708,0.03142678737640381
6514,pop1,1,0.0004673004150390625,0.0
6514,pop53,2,0.0003879070281982422,2.384185791015625e-07
6514,pop50,2,0.0004792213439941406,0.00010752677917480469
6514,pop17,4,0.0003744959831237793,7.254027300206641e-05
6514,pop47,1,0.0002663135528564453,0.0
6515,pop37,5,0.010062360763549804,0.019342401192357805
6515,pop52,1,0.0003058910369873047,0.0
6515,pop53,1,0.0005047321319580078,0.0
6515,pop51,1,0.00040221214294433594,0.0
6515,pop10,1,0.0002980232238769531,0.0
6516,pop53,3,0.01885533332824707,0.02601904936960657
6516,pop50,6,0.0005207459131876627,7.667810074305318e-05
6516,pop44,2,0.031589508056640625,0.031151771545410156
6516,pop27,1,0.0002906322479248047,0.0
6516,pop25,1,0.00028204917907714844,0.0
6516,pop17,2,0.06944835186004639,0.0012346506118774414
6516,pop14,3,0.04664985338846842,0.03274853645548269
6516,pop24,3,0.049770196278889976,0.034996952019374715
6516,pop23,1,0.0003325939178466797,0.0
6516,pop16,1,0.00027680397033691406,0.0
6516,pop55,1,0.0538480281829834,0.0
6516,pop52,3,0.0003444353739420573,7.358354270097146e-05
6516,pop48,1,0.06575465202331543,0.0
6516,pop51,1,0.0003185272216796875,0.0
6516,pop19,1,0.00034737586975097656,0.0
6516,pop20,1,0.0002732276916503906,0.0
6517,pop30,2,0.025527238845825195,0.025131940841674805
6517,pop31,1,0.00027751922607421875,0.0
6517,pop17,2,0.03334605693817139,0.03298795223236084
6517,pop50,1,0.0004038810729980469,0.0
6517,pop14,2,0.0004018545150756836,3.8504600524902344e-05
6517,pop24,1,0.0002548694610595703,0.0
6518,pop22,5,0.01115431785583496,0.02160664353733928
6518,pop51,1,0.00036025047302246094,0.0
6518,pop50,1,0.00036978721618652344,0.0
6518,pop44,1,0.0003039836883544922,0.0
6519,pop16,3,0.019574085871378582,0.027188523053067248
6519,pop50,5,0.00046238899230957033,0.00012673606880538626
6519,pop44,2,0.0003237724304199219,1.4543533325195312e-05
6519,pop27,2,0.00031828880310058594,3.504753112792969e-05
6519,pop17,2,0.03494274616241455,0.03461182117462158
6519,pop14,2,0.00044798851013183594,0.00010752677917480469
6519,pop25,1,0.0003504753112792969,0.0
6519,pop23,1,0.0003325939178466797,0.0
6519,pop24,3,0.0003829797108968099,0.00011657544359002992
6519,pop51,1,0.0005750656127929688,0.0
6519,pop46,1,0.0002646446228027344,0.0
6519,pop20,1,0.0002608299255371094,0.0
6519,pop19,1,0.00030231475830078125,0.0
6519,pop18,1,0.00025725364685058594,0.0
6520,pop52,3,0.019191900889078777,0.026504017860018634
6520,pop12,4,0.000322878360748291,5.281856104345519e-05
6520,pop55,1,0.00026345252990722656,0.0
6520,pop50,1,0.0005481243133544922,0.0
6520,pop44,1,0.0002703666687011719,0.0
6521,pop32,4,0.016943812370300293,0.0286827380156305
6521,pop33,1,0.0003337860107421875,0.0
6521,pop50,1,0.0004200935363769531,0.0
6521,pop53,1,0.0005033016204833984,0.0
6521,pop1,1,0.00033211708068847656,0.0
6521,pop15,1,0.0002224445343017578,0.0
6522,pop48,3,0.02095683415730794,0.029052785614218483
6522,pop49,1,0.06393241882324219,0.0
6522,pop2,2,0.03419232368469238,0.03395199775695801
6522,pop56,2,0.000316619873046875,7.271766662597656e-05
6522,pop52,1,0.0003159046173095703,0.0
6522,pop53,1,0.0003948211669921875,0.0
6522,pop51,1,0.0004494190216064453,0.0
6522,pop10,1,0.0002620220184326172,0.0
6523,pop24,4,0.017752647399902344,0.030096456757583344
6523,pop14,1,0.00036263465881347656,0.0
6523,pop50,1,0.0004150867462158203,0.0
6523,pop53,1,0.00042700767517089844,0.0
6523,pop1,1,0.0003266334533691406,0.0
6523,pop6,1,0.0002536773681640625,0.0
6524,pop33,3,0.020685831705729168,0.02872824578382588
6524,pop32,4,0.0003667473793029785,6.212974428107166e-05
6524,pop50,1,0.0003840923309326172,0.0
6524,pop53,1,0.0004425048828125,0.0
6524,pop1,1,0.0003294944763183594,0.0
6524,pop6,1,0.0002448558807373047,0.0
6525,pop56,5,0.013206672668457032,0.0257353203344293
6525,pop48,1,0.00031304359436035156,0.0
6525,pop52,1,0.00031256675720214844,0.0
6525,pop53,1,0.0003712177276611328,0.0
6525,pop50,1,0.0003838539123535156,0.0
6525,pop44,1,0.00026226043701171875,0.0
6526,pop50,3,0.020011266072591145,0.027615470834125567
6526,pop17,3,0.022989511489868164,0.031923422716100366
6526,pop25,2,0.0002770423889160156,5.7220458984375e-06
6526,pop27,2,0.0003470182418823242,4.4465065002441406e-05
6526,pop51,1,0.0004169940948486328,0.0
6526,pop10,1,0.0002880096435546875,0.0
6527,pop46,2,0.02958357334136963,0.029181361198425293
6527,pop20,3,0.00032027562459309894,4.170137164738434e-05
6527,pop19,1,0.00036978721618652344,0.0
6527,pop51,1,0.00046753883361816406,0.0
6527,pop53,1,0.0003662109375,0.0
6527,pop52,1,0.0002961158752441406,0.0
6528,pop27,2,0.03365182876586914,0.03325533866882324
6528,pop25,2,0.00032532215118408203,6.020069122314453e-05
6528,pop17,3,0.022236744562784832,0.031020305317140215
6528,pop50,1,0.00040078163146972656,0.0
6528,pop33,2,0.0002827644348144531,2.3126602172851562e-05
6528,pop32,1,0.07216954231262207,0.0
6528,pop37,3,0.0003757476806640625,6.810624695763604e-05
6528,pop52,1,0.0003135204315185547,0.0
6528,pop53,1,0.00037217140197753906,0.0
6528,pop51,1,0.0003459453582763672,0.0
6528,pop19,1,0.00033092498779296875,0.0
6528,pop18,1,0.0002639293670654297,0.0
6529,pop31,2,0.02761101722717285,0.0272214412689209
6529,pop17,4,0.00033795833587646484,4.3678940899248174e-05
6529,pop50,1,0.00039839744567871094,0.0
6529,pop55,1,0.0002465248107910156,0.0
6530,pop53,2,0.02851724624633789,0.027997493743896484
6530,pop50,2,0.0004894733428955078,8.797645568847656e-05
6530,pop17,4,0.0003711581230163574,3.270177207995642e-05
6530,pop55,1,0.0002567768096923828,0.0
6531,pop22,4,0.013853728771209717,0.023291692896099385
6531,pop51,1,0.0004067420959472656,0.0
6531,pop50,1,0.00035071372985839844,0.0
6531,pop35,1,0.00023126602172851562,0.0
6532,pop24,5,0.013930273056030274,0.02709733452346013
6532,pop14,1,0.0003719329833984375,0.0
6532,pop50,1,0.0004322528839111328,0.0
6532,pop53,1,0.000522613525390625,0.0
6532,pop52,1,0.00029349327087402344,0.0
6533,pop33,3,0.020848194758097332,0.02895835558436069
6533,pop32,3,0.00032631556193033856,4.8128805828202144e-05
6533,pop50,1,0.0004279613494873047,0.0
6533,pop53,1,0.0003867149353027344,0.0
6533,pop7,1,0.00022125244140625,0.0
6534,pop36,2,0.027326583862304688,0.0269317626953125
6534,pop10,2,0.02913820743560791,0.028844237327575684
6534,pop11,1,0.00022149085998535156,0.0
6534,pop43,1,0.0002918243408203125,0.0
6534,pop40,1,0.05643606185913086,0.0
6534,pop41,1,0.00028634071350097656,0.0
6534,pop53,2,0.00040924549102783203,2.3484230041503906e-05
6534,pop52,4,0.00039201974868774414,5.152941334778711e-05
6534,pop51,1,0.0004115104675292969,0.0
6535,pop57,2,0.032913923263549805,0.032521724700927734
6535,pop56,4,0.0003165602684020996,5.490086084503549e-05
6535,pop48,1,0.00027823448181152344,0.0
6535,pop52,1,0.0003077983856201172,0.0
6535,pop34,1,0.0002498626708984375,0.0
6535,pop35,1,0.00023436546325683594,0.0
6536,pop50,4,0.015139639377593994,0.025235015838248904
6536,pop44,1,0.00031638145446777344,0.0
6536,pop27,1,0.0002994537353515625,0.0
6536,pop25,1,0.000278472900390625,0.0
6536,pop17,2,0.03409004211425781,0.03371882438659668
6536,pop14,2,0.034845948219299316,0.034479737281799316
6536,pop24,2,0.0003336668014526367,1.6570091247558594e-05
6536,pop51,1,0.00040912628173828125,0.0
6537,pop24,5,0.013942956924438477,0.027096429738775605
6537,pop14,1,0.000461578369140625,0.0
6537,pop50,1,0.00045800209045410156,0.0
6537,pop51,1,0.0003972053527832031,0.0
6537,pop10,1,0.0004127025604248047,0.0
6538,pop21,5,0.027857112884521484,0.03369515994823667
6538,pop23,3,0.02239505449930827,0.03115216953507451
6538,pop16,1,0.00030493736267089844,0.0
6538,pop50,1,0.0004324913024902344,0.0
6538,pop55,1,0.0002739429473876953,0.0
6539,pop47,2,0.024759650230407715,0.024349331855773926
6539,pop51,10,0.0003798246383666992,3.914110631646288e-05
6539,pop10,5,0.048739957809448245,0.024253439383502863
6539,pop43,6,0.00028014183044433594,1.537938444411291e-05
6539,pop40,4,0.059045255184173584,0.001728192841292506
6539,pop4,1,0.06273031234741211,0.0
6539,pop41,2,0.0003483295440673828,5.245208740234375e-05
6539,pop53,2,0.03021407127380371,0.029837846755981445
6539,pop54,1,0.06017708778381348,0.0
6539,pop19,3,0.0003241697947184245,1.9796241095149058e-05
6539,pop20,1,0.06604313850402832,0.0
6539,pop18,2,0.0002605915069580078,3.337860107421875e-06
6539,pop38,1,0.07131314277648926,0.0
6539,pop9,2,0.0002989768981933594,3.814697265625e-05
6540,pop38,4,0.016967058181762695,0.028817832918131094
6540,pop18,3,0.00027410189310709637,1.1474405864901648e-05
6540,pop19,2,0.00037598609924316406,3.337860107421875e-06
6540,pop20,3,0.021445194880167644,0.029755225981549796
6541,pop31,2,0.026811957359313965,0.026421427726745605
6541,pop17,2,0.03357994556427002,0.03329885005950928
6541,pop50,1,0.0003924369812011719,0.0
6541,pop55,2,0.05408918857574463,0.00020635128021240234
6541,pop52,5,0.01228327751159668,0.023868272476168143
6541,pop48,2,0.03300273418426514,0.03272712230682373
6541,pop49,3,0.045682271321614586,0.03205996928319763
6541,pop2,3,0.046574672063191734,0.032758795626329
6541,pop56,1,0.07169985771179199,0.0
6541,pop37,2,0.0003440380096435547,8.893013000488281e-05
6541,pop53,1,0.0003428459167480469,0.0
6541,pop47,1,0.0002219676971435547,0.0
6542,pop44,3,0.04072864850362142,0.02851142830752882
6542,pop50,2,0.0003796815872192383,1.3232231140136719e-05
6542,pop17,3,0.000440518061319987,4.7786258007373176e-05
6542,pop53,1,0.0005235671997070312,0.0
6542,pop1,1,0.0003311634063720703,0.0
6542,pop15,1,0.00023412704467773438,0.0
6543,pop18,3,0.021187225977579754,0.029468328018653827
6543,pop38,1,0.06635403633117676,0.0
6543,pop19,2,0.0003629922866821289,1.3232231140136719e-05
6543,pop51,2,0.0003980398178100586,4.208087921142578e-05
6543,pop9,4,0.0002759099006652832,2.6767927691203915e-05
6543,pop20,1,0.0003714561462402344,0.0
6544,pop23,3,0.043929338455200195,0.030749506181120507
6544,pop16,1,0.0002770423889160156,0.0
6544,pop50,3,0.0004774729410807292,0.0001168517538628025
6544,pop33,2,0.0003807544708251953,8.106231689453125e-05
6544,pop32,3,0.024433692296346027,0.034114615336549386
6544,pop44,1,0.00029969215393066406,0.0
6544,pop27,1,0.0002884864807128906,0.0
6544,pop25,1,0.0002810955047607422,0.0
6544,pop17,2,0.00039577484130859375,5.602836608886719e-05
6544,pop53,1,0.00036406517028808594,0.0
6544,pop1,1,0.0003447532653808594,0.0
6544,pop15,1,0.00020933151245117188,0.0
6545,pop39,3,0.019567330678304035,0.027193997369709032
6545,pop38,4,0.0002983212471008301,3.690653954089597e-05
6545,pop44,1,0.00030422210693359375,0.0
6546,pop42,2,0.02784907817840576,0.0274580717086792
6546,pop43,1,0.0002903938293457031,0.0
6546,pop51,3,0.00042510032653808594,0.00010347494514245645
6546,pop10,2,0.029475927352905273,0.02916574478149414
6546,pop50,2,0.00040149688720703125,1.7642974853515625e-05
6546,pop33,2,0.00028884410858154297,3.445148468017578e-05
6546,pop32,2,0.0003153085708618164,5.5909156799316406e-05
6547,pop41,2,0.030073046684265137,0.02966487407684326
6547,pop40,3,0.018961191177368164,0.026323252118414228
6547,pop43,1,0.00029540061950683594,0.0
6547,pop51,2,0.0004488229751586914,4.6372413635253906e-05
6547,pop4,2,0.00031578540802001953,8.225440979003906e-06
6547,pop10,1,0.00026416778564453125,0.0
6548,pop24,5,0.02826070785522461,0.03417170699218485
6548,pop23,2,0.00031125545501708984,2.0265579223632812e-06
6548,pop21,1,0.07113480567932129,0.0
6548,pop14,2,0.00038504600524902344,3.552436828613281e-05
6548,pop50,1,0.00042128562927246094,0.0
6548,pop51,1,0.0004131793975830078,0.0
6548,pop10,1,0.00026488304138183594,0.0
6549,pop4,4,0.02963310480117798,0.029222245610145497
6549,pop51,4,0.0004082918167114258,3.032160397323044e-05
6549,pop10,2,0.058576107025146484,0.0016007423400878906
6549,pop43,1,0.00027632713317871094,0.0
6549,pop40,1,0.05712413787841797,0.0
6549,pop41,1,0.00029206275939941406,0.0
6549,pop53,1,0.00046944618225097656,0.0
6549,pop50,3,0.00039378801981608075,2.1630345922057784e-05
6549,pop17,1,0.06942439079284668,0.0
6549,pop33,2,0.0002924203872680664,3.6954879760742188e-06
6549,pop32,3,0.0003191630045572917,3.285008516768925e-05
6549,pop16,1,0.000263214111328125,0.0
6550,pop10,4,0.01468271017074585,0.024700035726580423
6550,pop51,1,0.0003724098205566406,0.0
6550,pop47,1,0.0002512931823730469,0.0
6551,pop37,5,0.010430860519409179,0.02011430729517192
6551,pop52,1,0.0003311634063720703,0.0
6551,pop53,1,0.0003724098205566406,0.0
6551,pop51,1,0.0004897117614746094,0.0
6551,pop10,1,0.0003135204315185547,0.0
6552,pop30,2,0.02619791030883789,0.025807619094848633
6552,pop48,2,0.032386183738708496,0.03209412097930908
6552,pop49,4,0.00029140710830688477,5.1106838205628646e-05
6552,pop52,1,0.0003314018249511719,0.0
6552,pop53,1,0.00046896934509277344,0.0
6552,pop50,1,0.0003910064697265625,0.0
6552,pop14,1,0.00045561790466308594,0.0
6552,pop24,1,0.0003008842468261719,0.0
6553,pop52,4,0.014554738998413086,0.024528759895622882
6553,pop53,1,0.0005230903625488281,0.0
6553,pop7,1,0.0002231597900390625,0.0
6554,pop32,3,0.04559175173441569,0.03193501033484354
6554,pop33,2,0.0003542900085449219,4.601478576660156e-05
6554,pop37,2,0.00038111209869384766,0.00011408329010009766
6554,pop50,1,0.0004458427429199219,0.0
6554,pop16,1,0.0002713203430175781,0.0
6555,pop21,3,0.04616777102152506,0.03237515749774359
6555,pop23,3,0.00035802523295084637,4.762420649645616e-05
6555,pop16,1,0.0002796649932861328,0.0
6555,pop50,1,0.0003802776336669922,0.0
6555,pop53,1,0.00042629241943359375,0.0
6555,pop7,1,0.00024628639221191406,0.0
6556,pop44,4,0.030317366123199463,0.029968212163421302
6556,pop50,2,0.00043702125549316406,4.291534423828125e-06
6556,pop17,2,0.00037384033203125,2.2649765014648438e-05
6556,pop51,1,0.00037384033203125,0.0
6556,pop10,1,0.00027942657470703125,0.0
6557,pop23,2,0.03266298770904541,0.03223097324371338
6557,pop16,1,0.0003032684326171875,0.0
6557,pop50,1,0.0004544258117675781,0.0
6557,pop55,1,0.05120420455932617,0.0
6557,pop52,2,0.00036346912384033203,1.919269561767578e-05
6557,pop12,4,0.00032520294189453125,6.171887560876249e-05
6557,pop53,1,0.00039649009704589844,0.0
6557,pop1,1,0.00037097930908203125,0.0
6557,pop15,1,0.0002532005310058594,0.0
6558,pop42,2,0.02809727191925049,0.02769792079925537
6558,pop43,2,0.0003402233123779297,7.009506225585938e-05
6558,pop40,1,0.05526590347290039,0.0
6558,pop51,4,0.00044536590576171875,2.307369630229036e-05
6558,pop4,5,0.012182140350341797,0.023730691397809728
6558,pop10,1,0.05883383750915527,0.0
6558,pop19,1,0.0003898143768310547,0.0
6558,pop18,1,0.0002856254577636719,0.0
6559,pop55,2,0.026012420654296875,0.025608062744140625
6559,pop52,2,0.029972553253173828,0.029407024383544922
6559,pop13,2,0.02966022491455078,0.029422998428344727
6560,pop9,5,0.011505365371704102,0.022342621581921216
6560,pop51,1,0.0003333091735839844,0.0
6560,pop47,1,0.00022792816162109375,0.0
6561,pop56,2,0.033799052238464355,0.03338468074798584
6561,pop2,2,0.06659984588623047,0.0003230571746826172
6561,pop49,4,0.03376340866088867,0.03352367985653266
6561,pop48,3,0.02221028010050456,0.031016427943463452
6561,pop52,6,0.010616699854532877,0.023003899962488847
6561,pop12,3,0.041701316833496094,0.029307143931077265
6561,pop55,3,0.018215179443359375,0.02523344659444657
6561,pop54,1,0.05661654472351074,0.0
6561,pop50,1,0.0003609657287597656,0.0
6561,pop14,1,0.00034332275390625,0.0
6561,pop24,1,0.0002644062042236328,0.0
6562,pop27,5,0.013940906524658203,0.027130233573154285
6562,pop44,1,0.0002846717834472656,0.0
6562,pop50,1,0.00048542022705078125,0.0
6562,pop53,1,0.00040435791015625,0.0
6562,pop1,1,0.0003376007080078125,0.0
6562,pop6,1,0.00025582313537597656,0.0
6563,pop53,3,0.03872378667195638,0.027023690404818102
6563,pop50,1,0.00044918060302734375,0.0
6563,pop51,4,0.0003914833068847656,6.378554794521847e-05
6563,pop4,1,0.05999302864074707,0.0
6563,pop19,2,0.00043654441833496094,7.367134094238281e-05
6563,pop20,2,0.03276515007019043,0.03250479698181152
6563,pop46,1,0.0002582073211669922,0.0
6563,pop9,2,0.00026345252990722656,7.152557373046875e-06
6564,pop22,5,0.011216306686401367,0.02174531484760589
6564,pop51,1,0.00047707557678222656,0.0
6564,pop53,1,0.00037360191345214844,0.0
6564,pop1,1,0.0003361701965332031,0.0
6564,pop15,1,0.0002276897430419922,0.0
6565,pop18,3,0.02127663294474284,0.02951600160729305
6565,pop38,3,0.00035961469014485675,5.3597830540478035e-05
6565,pop19,1,0.0003695487976074219,0.0
6565,pop51,1,0.0003323554992675781,0.0
6565,pop53,1,0.0004892349243164062,0.0
6565,pop52,1,0.0003409385681152344,0.0
6566,pop4,4,0.014764606952667236,0.024860665204744357
6566,pop51,1,0.0005164146423339844,0.0
6566,pop50,1,0.0004839897155761719,0.0
6566,pop35,1,0.00021910667419433594,0.0
6567,pop21,5,0.027684831619262697,0.033509372156458515
6567,pop22,2,0.0003224611282348633,3.230571746826172e-05
6567,pop23,1,0.0003204345703125,0.0
6567,pop24,1,0.0002887248992919922,0.0
6568,pop42,2,0.0283203125,0.02792954444885254
6568,pop43,1,0.00039076805114746094,0.0
6568,pop51,1,0.00048804283142089844,0.0
6568,pop53,2,0.02908611297607422,0.028517723083496094
6568,pop41,2,0.0003377199172973633,7.855892181396484e-05
6568,pop40,1,0.0559995174407959,0.0
6568,pop54,1,0.0003123283386230469,0.0
6568,pop52,2,0.0003434419631958008,3.921985626220703e-05
6568,pop12,4,0.00032901763916015625,4.0982343723612176e-05
6568,pop34,1,0.0002663135528564453,0.0
6568,pop35,1,0.00021982192993164062,0.0
6569,pop28,2,0.027420878410339355,0.027038931846618652
6569,pop51,4,0.0004030466079711914,7.483732852630127e-05
6569,pop43,2,0.0002955198287963867,1.537799835205078e-05
6569,pop40,1,0.05759835243225098,0.0
6569,pop4,1,0.06121540069580078,0.0
6569,pop10,2,0.030993938446044922,0.030680179595947266
6569,pop53,2,0.03063201904296875,0.03023695945739746
6569,pop54,1,0.06009411811828613,0.0
6569,pop52,2,0.0003103017807006836,1.7881393432617188e-06
6569,pop12,2,0.00031697750091552734,5.614757537841797e-05
6569,pop50,1,0.0004794597625732422,0.0
6569,pop16,1,0.0002815723419189453,0.0
6570,pop8,2,0.02782297134399414,0.027433395385742188
6570,pop51,2,0.00042128562927246094,1.7881393432617188e-05
6570,pop43,1,0.0002846717834472656,0.0
6570,pop40,2,0.02836918830871582,0.028076171875
6570,pop41,1,0.00027298927307128906,0.0
6570,pop53,1,0.05797386169433594,0.0
6570,pop54,2,0.029202699661254883,0.028949260711669922
6570,pop52,2,0.0004647970199584961,0.0001291036605834961
6570,pop13,2,0.00037157535552978516,6.079673767089844e-06
6571,pop50,4,0.015166878700256348,0.025413102326102586
6571,pop14,1,0.06672191619873047,0.0
6571,pop17,4,0.00036776065826416016,8.211945436799519e-05
6571,pop35,1,0.0002276897430419922,0.0
6572,pop37,5,0.010232496261596679,0.0198333520475945
6572,pop52,1,0.0003440380096435547,0.0
6572,pop55,1,0.00028586387634277344,0.0
6573,pop55,5,0.01034245491027832,0.020004326931711416
6573,pop52,1,0.000339508056640625,0.0
6573,pop34,1,0.00025010108947753906,0.0
6573,pop35,1,0.00023412704467773438,0.0
6574,pop4,2,0.02922344207763672,0.028815507888793945
6574,pop51,1,0.0003542900085449219,0.0
6574,pop43,1,0.00027060508728027344,0.0
6574,pop40,2,0.029141664505004883,0.028889894485473633
6574,pop41,1,0.0003066062927246094,0.0
6574,pop53,2,0.029619693756103516,0.029242515563964844
6574,pop54,1,0.05633711814880371,0.0
6574,pop52,3,0.00031224886576334637,7.439101170753836e-06
6574,pop55,2,0.02750253677368164,0.027245283126831055
6574,pop48,2,0.0003466606140136719,6.270408630371094e-05
6574,pop1,1,0.00034689903259277344,0.0
6574,pop6,1,0.00034427642822265625,0.0
6575,pop21,2,0.03474557399749756,0.03434932231903076
6575,pop23,1,0.0003180503845214844,0.0
6575,pop24,1,0.00025725364685058594,0.0
6575,pop14,1,0.06752371788024902,0.0
6575,pop50,1,0.0004432201385498047,0.0
6575,pop33,2,0.0003790855407714844,5.412101745605469e-05
6575,pop32,3,0.02377907435099284,0.03319710576533283
6575,pop37,2,0.00030517578125,5.173683166503906e-05
6575,pop52,1,0.0004260540008544922,0.0
6575,pop53,1,0.00047898292541503906,0.0
6575,pop7,1,0.0002155303955078125,0.0
6576,pop45,2,0.032013893127441406,0.03161263465881348
6576,pop44,1,0.061423301696777344,0.0
6576,pop50,1,0.0005805492401123047,0.0
6576,pop17,1,0.0663759708404541,0.0
6576,pop25,1,0.0003743171691894531,0.0
6577,pop47,5,0.010134553909301758,0.019684570010680146
6578,pop38,2,0.03342247009277344,0.033034324645996094
6578,pop39,1,0.0003688335418701172,0.0
6578,pop44,4,0.0003364086151123047,7.039709770176889e-05
6578,pop50,1,0.0004372596740722656,0.0
6578,pop51,1,0.0005846023559570312,0.0
6578,pop19,1,0.0005145072937011719,0.0
6578,pop18,1,0.0002415180206298828,0.0
6579,pop9,4,0.014167964458465576,0.023973375026002604
6579,pop51,1,0.000514984130859375,0.0
6579,pop19,1,0.0003173351287841797,0.0
6579,pop18,1,0.0002796649932861328,0.0
6580,pop50,3,0.019810279210408527,0.027361247509212903
6580,pop44,1,0.059990882873535156,0.0
6580,pop17,1,0.06630587577819824,0.0
6580,pop25,1,0.00029540061950683594,0.0
6581,pop40,3,0.037204742431640625,0.02601547281679774
6581,pop43,1,0.0002765655517578125,0.0
6581,pop51,3,0.0004188219706217448,5.133491531363344e-05
6581,pop4,1,0.06098747253417969,0.0
6581,pop22,3,0.00029889742533365887,4.634746524901032e-05
6581,pop19,1,0.0004942417144775391,0.0
6581,pop20,1,0.0002624988555908203,0.0
6582,pop14,3,0.044761101404825844,0.031342561043564775
6582,pop50,2,0.00045669078826904297,7.236003875732422e-05
6582,pop17,3,0.0003623167673746745,1.0521678392687076e-05
6582,pop55,1,0.00025844573974609375,0.0
6583,pop39,2,0.029622435569763184,0.029227614402770996
6583,pop44,3,0.021036942799886067,0.029229842377935192
6583,pop50,3,0.0005009969075520834,5.419652818086324e-05
6583,pop17,3,0.023363431294759113,0.03254843797204967
6583,pop53,1,0.000339508056640625,0.0
6583,pop1,1,0.00036072731018066406,0.0
6583,pop15,1,0.00021886825561523438,0.0
6584,pop24,4,0.017792701721191406,0.030111304713376502
6584,pop14,1,0.0003154277801513672,0.0
6584,pop50,1,0.00048065185546875,0.0
6584,pop53,1,0.0003631114959716797,0.0
6584,pop1,1,0.0003521442413330078,0.0
6584,pop15,1,0.00033593177795410156,0.0
6585,pop4,2,0.02903604507446289,0.0286252498626709
6585,pop51,1,0.0003917217254638672,0.0
6585,pop53,1,0.0005123615264892578,0.0
6585,pop54,1,0.05507183074951172,0.0
6585,pop52,2,0.0003216266632080078,3.337860107421875e-06
6585,pop12,3,0.00028785069783528644,8.32608595130208e-06
6586,pop21,4,0.01733309030532837,0.029428406152444356
6586,pop23,1,0.00031304359436035156,0.0
6586,pop16,1,0.00026535987854003906,0.0
6586,pop50,1,0.0003631114959716797,0.0
6586,pop44,1,0.0003104209899902344,0.0
6587,pop50,3,0.0201107660929362,0.027755191645898097
6587,pop17,3,0.0003733634948730469,3.287814393589911e-05
6587,pop55,1,0.00027060508728027344,0.0
6588,pop6,5,0.013206577301025391,0.025799041523757574
6588,pop1,1,0.00027251243591308594,0.0
6588,pop53,1,0.00035643577575683594,0.0
6588,pop51,1,0.00036025047302246094,0.0
6588,pop19,1,0.00037980079650878906,0.0
6588,pop18,1,0.0002772808074951172,0.0
6589,pop16,2,0.029848694801330566,0.029432177543640137
6589,pop23,2,0.00029981136322021484,3.254413604736328e-05
6589,pop21,3,0.0003261566162109375,5.327041539512582e-05
6589,pop24,1,0.000335693359375,0.0
6590,pop48,5,0.012868881225585938,0.025026384866081785
6590,pop52,1,0.00028586387634277344,0.0
6590,pop53,1,0.0004296302795410156,0.0
6590,pop51,1,0.00045418739318847656,0.0
6590,pop10,1,0.0002818107604980469,0.0
6591,pop10,2,0.029396414756774902,0.028988957405090332
6591,pop51,1,0.00035500526428222656,0.0
6591,pop47,3,0.016909201939900715,0.02358279350978443
6591,pop53,2,0.0004311800003051758,3.3020973205566406e-05
6591,pop52,3,0.000448147455851237,0.00015163138391607146
6591,pop54,1,0.0002682209014892578,0.0
6592,pop32,5,0.01392536163330078,0.027091480823646298
6592,pop33,1,0.0002892017364501953,0.0
6592,pop50,1,0.00047898292541503906,0.0
6592,pop53,1,0.00040602684020996094,0.0
6592,pop7,1,0.00024008750915527344,0.0
6593,pop44,2,0.03074038028717041,0.03032076358795166
6593,pop50,2,0.0004239082336425781,3.5762786865234375e-06
6593,pop17,4,0.000387728214263916,5.8769665913144274e-05
6593,pop51,1,0.0005536079406738281,0.0
6593,pop10,1,0.00029277801513671875,0.0
6594,pop39,2,0.029285907745361328,0.028905153274536133
6594,pop44,2,0.03248953819274902,0.032187461853027344
6594,pop50,3,0.0005100568135579427,7.788405126184678e-05
6594,pop17,1,0.06814861297607422,0.0
6594,pop25,1,0.0002620220184326172,0.0
6594,pop27,1,0.000247955322265625,0.0
6594,pop16,1,0.00025773048400878906,0.0
6594,pop23,1,0.0003285408020019531,0.0
6594,pop24,5,0.0003129482269287109,4.650485021765335e-05
6594,pop14,2,0.034311771392822266,0.03395438194274902
6594,pop53,1,0.0003631114959716797,0.0
6594,pop1,1,0.00032782554626464844,0.0
6594,pop15,1,0.00021719932556152344,0.0
6595,pop24,4,0.0178682804107666,0.03026455708308895
6595,pop23,3,0.02263641357421875,0.03160120683483009
6595,pop21,2,0.03563213348388672,0.03524494171142578
6595,pop14,1,0.0002913475036621094,0.0
6595,pop50,1,0.0004642009735107422,0.0
6595,pop35,1,0.00023317337036132812,0.0
6596,pop50,3,0.01996954282124837,0.02746266188313316
6596,pop17,3,0.0003733634948730469,3.59139954553139e-05
6596,pop55,1,0.0002543926239013672,0.0
6597,pop46,2,0.029687047004699707,0.02929055690765381
6597,pop45,1,0.00027751922607421875,0.0
6597,pop44,1,0.00028967857360839844,0.0
6597,pop50,2,0.0005214214324951172,0.00010204315185546875
6597,pop17,3,0.00039013226826985675,4.9416656160966316e-05
6597,pop53,1,0.0003960132598876953,0.0
6597,pop52,1,0.00029349327087402344,0.0
6598,pop33,3,0.021225372950236004,0.02951384942765883
6598,pop32,4,0.00032341480255126953,3.1934964985677875e-05
6598,pop50,1,0.0004115104675292969,0.0
6598,pop14,1,0.0003333091735839844,0.0
6598,pop24,1,0.00032901763916015625,0.0
6599,pop56,5,0.013445758819580078,0.02618381129485549
6599,pop48,1,0.00039887428283691406,0.0
6599,pop52,1,0.0004222393035888672,0.0
6599,pop53,1,0.00046062469482421875,0.0
6599,pop51,1,0.00037932395935058594,0.0
6600,pop27,3,0.04593332608540853,0.03219156971936573
6600,pop44,2,0.00038635730743408203,4.3272972106933594e-05
6600,pop50,1,0.0004150867462158203,0.0
6600,pop55,1,0.00027680397033691406,0.0
6601,pop53,4,0.014402449131011963,0.024092717025538064
6601,pop7,1,0.00021314620971679688,0.0
6602,pop22,4,0.013782203197479248,0.023269023483293922
6602,pop51,1,0.0004630088806152344,0.0
6602,pop19,1,0.00033283233642578125,0.0
6602,pop20,1,0.00025844573974609375,0.0
6603,pop40,4,0.02808290719985962,0.027730882965325675
6603,pop41,1,0.0002856254577636719,0.0
6603,pop53,2,0.0004602670669555664,5.7578086853027344e-05
6603,pop51,1,0.0004367828369140625,0.0
6603,pop19,1,0.00034689903259277344,0.0
6603,pop20,1,0.00029397010803222656,0.0
6604,pop14,3,0.022173722585042317,0.030824353416699705
6604,pop24,3,0.0003352959950764974,3.9609706992626606e-05
6604,pop50,1,0.0005326271057128906,0.0
6604,pop51,1,0.0003998279571533203,0.0
6604,pop19,1,0.0003590583801269531,0.0
6604,pop20,1,0.0003554821014404297,0.0
6605,pop4,3,0.039237419764200844,0.02745312312138459
6605,pop51,3,0.0004283587137858073,8.367695850528324e-05
6605,pop10,2,0.029545187950134277,0.02931225299835205
6605,pop43,2,0.00026702880859375,2.384185791015625e-07
6605,pop40,2,0.00033283233642578125,2.5987625122070312e-05
6606,pop16,3,0.020238876342773438,0.028145196064967983
6606,pop23,4,0.0003688931465148926,8.432190961557331e-05
6606,pop50,1,0.00046181678771972656,0.0
6606,pop35,1,0.00022339820861816406,0.0
6607,pop39,2,0.0294492244720459,0.029064655303955078
6607,pop38,3,0.00028967857360839844,2.7825262990613027e-05
6607,pop18,1,0.0002608299255371094,0.0
6607,pop19,1,0.00032067298889160156,0.0
6607,pop20,1,0.00027370452880859375,0.0
6608,pop24,5,0.014421319961547852,0.02810014582757797
6608,pop14,1,0.0003273487091064453,0.0
6608,pop50,1,0.0003879070281982422,0.0
6608,pop53,1,0.00036025047302246094,0.0
6608,pop47,1,0.00023818016052246094,0.0
6609,pop36,2,0.027445435523986816,0.027062535285949707
6609,pop51,2,0.00040543079376220703,3.612041473388672e-05
6609,pop4,4,0.00031179189682006836,3.514647910396225e-05
6609,pop50,1,0.0005867481231689453,0.0
6609,pop55,1,0.0002815723419189453,0.0
6610,pop57,2,0.03336334228515625,0.03297066688537598
6610,pop56,4,0.0003281235694885254,6.645623872009373e-05
6610,pop48,1,0.0003113746643066406,0.0
6610,pop52,1,0.00031566619873046875,0.0
6610,pop53,1,0.00039577484130859375,0.0
6610,pop51,1,0.0004162788391113281,0.0
6610,pop19,1,0.00036215782165527344,0.0
6610,pop18,1,0.00027441978454589844,0.0
6611,pop55,2,0.025729656219482422,0.025326013565063477
6611,pop52,2,0.00035750865936279297,8.022785186767578e-05
6611,pop48,2,0.031484246253967285,0.031166911125183105
6611,pop49,4,0.00029265880584716797,6.885479444106669e-05
6611,pop53,1,0.00044465065002441406,0.0
6611,pop47,1,0.0003604888916015625,0.0
6612,pop6,2,0.03284430503845215,0.032468318939208984
6612,pop1,1,0.0002970695495605469,0.0
6612,pop53,1,0.0004265308380126953,0.0
6612,pop51,3,0.0004692872365315755,5.8950115318971755e-05
6612,pop4,1,0.06007027626037598,0.0
6612,pop22,4,0.00029289722442626953,2.5644409208546863e-05
6612,pop19,1,0.00040221214294433594,0.0
6612,pop20,1,0.0002579689025878906,0.0
6613,pop44,2,0.03078639507293701,0.03037106990814209
6613,pop50,7,0.00046294076102120537,7.829653217838213e-05
6613,pop17,4,0.034449100494384766,0.03415701663443949
6613,pop33,1,0.00029659271240234375,0.0
6613,pop32,1,0.07011079788208008,0.0
6613,pop16,3,0.0002628167470296224,1.7890751120894306e-05
6613,pop23,3,0.0003115336100260417,9.667637378285675e-06
6613,pop24,2,0.03699755668640137,0.0366063117980957
6613,pop14,2,0.03419065475463867,0.033849477767944336
6613,pop53,3,0.020234425862630207,0.027968767177529996
6613,pop41,2,0.00028324127197265625,2.6226043701171875e-06
6613,pop40,1,0.05728650093078613,0.0
6613,pop7,1,0.00022220611572265625,0.0
6614,pop46,2,0.03028249740600586,0.02986741065979004
6614,pop20,4,0.00031632184982299805,5.348988038013309e-05
6614,pop19,1,0.00043845176696777344,0.0
6614,pop51,1,0.0003514289855957031,0.0
6614,pop53,1,0.0004508495330810547,0.0
6614,pop1,1,0.00032782554626464844,0.0
6614,pop15,1,0.0002269744873046875,0.0
6615,pop56,5,0.013429594039916993,0.026125270290569724
6615,pop48,1,0.0002818107604980469,0.0
6615,pop52,1,0.00033402442932128906,0.0
6615,pop53,1,0.0003962516784667969,0.0
6615,pop47,1,0.00036025047302246094,0.0
6616,pop24,6,0.011903802553812662,0.02580739917828261
6616,pop23,2,0.033289551734924316,0.03294384479522705
6616,pop21,1,0.06992769241333008,0.0
6616,pop14,1,0.00032711029052734375,0.0
6616,pop50,1,0.0004417896270751953,0.0
6616,pop51,1,0.0004923343658447266,0.0
6616,pop10,1,0.0002732276916503906,0.0
6617,pop31,2,0.027583003044128418,0.027196764945983887
6617,pop17,4,0.00035881996154785156,5.187645324072054e-05
6617,pop50,1,0.0003955364227294922,0.0
6617,pop53,1,0.0003743171691894531,0.0
6617,pop52,1,0.0003426074981689453,0.0
6618,pop45,3,0.021128336588541668,0.02936653492962955
6618,pop46,2,0.0002943277359008789,7.510185241699219e-06
6618,pop20,5,0.0002903938293457031,5.06833263811187e-05
6618,pop19,1,0.0004870891571044922,0.0
6618,pop44,1,0.0002906322479248047,0.0
6618,pop50,1,0.00037407875061035156,0.0
6618,pop53,1,0.0003724098205566406,0.0
6618,pop7,1,0.00023508071899414062,0.0
6619,pop47,4,0.012759089469909668,0.02159069977553541
6620,pop9,4,0.014327764511108398,0.024218903672267145
6620,pop51,1,0.0004184246063232422,0.0
6620,pop19,1,0.0003638267517089844,0.0
6620,pop18,1,0.00028586387634277344,0.0
6621,pop33,3,0.021361589431762695,0.029721173743871263
6621,pop32,3,0.023449420928955078,0.032729051731557046
6621,pop50,2,0.0004924535751342773,4.3511390686035156e-05
6621,pop17,2,0.00041866302490234375,0.00010251998901367188
6621,pop25,1,0.00040411949157714844,0.0
6621,pop27,1,0.0002765655517578125,0.0
6621,pop44,1,0.00030112266540527344,0.0
6621,pop51,1,0.000507354736328125,0.0
6622,pop40,2,0.028000235557556152,0.02758324146270752
6622,pop43,1,0.00029015541076660156,0.0
6622,pop51,2,0.0003840923309326172,3.743171691894531e-05
6622,pop4,1,0.05916190147399902,0.0
6622,pop5,1,0.0002434253692626953,0.0
6622,pop10,1,0.0003178119659423828,0.0
6622,pop53,1,0.06235384941101074,0.0
6622,pop54,1,0.05993914604187012,0.0
6622,pop52,4,0.0003821253776550293,9.114193379051514e-05
6622,pop34,1,0.0002422332763671875,0.0
6622,pop35,1,0.0002257823944091797,0.0
6623,pop4,5,0.012161827087402344,0.023636572898701292
6623,pop51,1,0.0003597736358642578,0.0
6623,pop19,1,0.0004525184631347656,0.0
6623,pop20,1,0.00027370452880859375,0.0
6624,pop57,2,0.03357541561126709,0.033182740211486816
6624,pop56,1,0.06765365600585938,0.0
6624,pop48,1,0.0002911090850830078,0.0
6624,pop52,2,0.00040662288665771484,9.620189666748047e-05
6624,pop12,3,0.00029349327087402344,4.281500282653162e-05
6624,pop53,1,0.00036454200744628906,0.0
6624,pop50,1,0.00045108795166015625,0.0
6624,pop44,1,0.0003132820129394531,0.0
6625,pop46,2,0.030350685119628906,0.029944896697998047
6625,pop20,1,0.06331992149353027,0.0
6625,pop19,1,0.0002791881561279297,0.0
6625,pop51,6,0.0003917217254638672,8.204705829098179e-05
6625,pop4,2,0.0602947473526001,0.00048482418060302734
6625,pop5,1,0.00022554397583007812,0.0
6625,pop10,2,0.029679298400878906,0.02943253517150879
6625,pop43,2,0.0002504587173461914,6.556510925292969e-06
6625,pop40,1,0.05940604209899902,0.0
6625,pop9,3,0.0003581841786702474,9.830333372098078e-05
6625,pop50,1,0.00038933753967285156,0.0
6625,pop55,1,0.0003314018249511719,0.0
6626,pop24,2,0.0355677604675293,0.03514361381530762
6626,pop23,1,0.06787776947021484,0.0
6626,pop16,1,0.00029730796813964844,0.0
6626,pop50,2,0.0004056692123413086,2.944469451904297e-05
6626,pop33,2,0.0003685951232910156,6.532669067382812e-05
6626,pop32,4,0.000357210636138916,7.720812605513543e-05
6626,pop51,1,0.0003476142883300781,0.0
6626,pop19,1,0.00038814544677734375,0.0
6626,pop18,1,0.00032782554626464844,0.0
6627,pop41,2,0.029629945755004883,0.02922654151916504
6627,pop53,1,0.0003933906555175781,0.0
6627,pop50,2,0.0005539655685424805,1.5139579772949219e-05
6627,pop17,4,0.00041943788528442383,4.9312425144050076e-05
6627,pop51,1,0.00038170814514160156,0.0
6627,pop19,1,0.0003552436828613281,0.0
6627,pop20,1,0.0002772808074951172,0.0
6628,pop55,3,0.0339815616607666,0.02375605789097343
6628,pop52,3,0.02050892512003581,0.0284285329523241
6628,pop12,2,0.03183603286743164,0.03157615661621094
6628,pop13,2,0.00029206275939941406,5.364418029785156e-05
6628,pop51,1,0.00035381317138671875,0.0
6628,pop10,1,0.0002853870391845703,0.0
6629,pop9,5,0.011602163314819336,0.02256876511517809
6629,pop51,1,0.0004563331604003906,0.0
6629,pop19,1,0.0003521442413330078,0.0
6629,pop18,1,0.0002636909484863281,0.0
6630,pop40,2,0.02763068675994873,0.027230143547058105
6630,pop43,1,0.00026726722717285156,0.0
6630,pop51,2,0.0004583597183227539,1.7523765563964844e-05
6630,pop4,1,0.059857845306396484,0.0
6630,pop5,1,0.00023365020751953125,0.0
6630,pop10,1,0.00042438507080078125,0.0
6630,pop53,1,0.06186389923095703,0.0
6630,pop50,2,0.0005693435668945312,7.05718994140625e-05
6630,pop17,4,0.0003361701965332031,3.691140047417975e-05
6630,pop16,1,0.0002789497375488281,0.0
6631,pop4,3,0.0403444766998291,0.02828943332595578
6631,pop51,2,0.0003628730773925781,1.0013580322265625e-05
6631,pop10,3,0.00033473968505859375,6.389647573905191e-05
6631,pop50,1,0.00038552284240722656,0.0
6631,pop14,1,0.0002799034118652344,0.0
6631,pop24,1,0.0003066062927246094,0.0
6632,pop57,2,0.03371906280517578,0.03333735466003418
6632,pop56,1,0.00025963783264160156,0.0
6632,pop2,3,0.046422322591145836,0.032652101266173114
6632,pop49,2,0.03303849697113037,0.03275120258331299
6632,pop48,1,0.00031185150146484375,0.0
6632,pop52,2,0.0003285408020019531,1.5735626220703125e-05
6632,pop37,2,0.00036215782165527344,9.059906005859375e-05
6632,pop55,1,0.0002989768981933594,0.0
6633,pop30,2,0.026466965675354004,0.026078343391418457
6633,pop31,1,0.0003814697265625,0.0
6633,pop17,3,0.00038353602091471356,3.689064746821001e-05
6633,pop50,1,0.000431060791015625,0.0
6633,pop53,1,0.0004961490631103516,0.0
6633,pop52,1,0.0003039836883544922,0.0
6634,pop52,3,0.019736687342325848,0.02735173881589036
6634,pop12,3,0.00029476483662923175,1.5152037910570796e-05
6635,pop23,3,0.045260111490885414,0.031695328333581026
6635,pop21,2,0.03566479682922363,0.035386085510253906
6635,pop24,2,0.0003706216812133789,7.426738739013672e-05
6635,pop14,1,0.00047206878662109375,0.0
6635,pop50,1,0.0004944801330566406,0.0
6635,pop35,1,0.00022482872009277344,0.0
6636,pop10,3,0.019681215286254883,0.02736229547158084
6636,pop51,3,0.0003810723622639974,2.45199209899897e-05
6636,pop4,2,0.030104637145996094,0.02980351448059082
6636,pop43,2,0.0002943277359008789,3.933906555175781e-06
6636,pop40,2,0.0003185272216796875,6.842613220214844e-05
6637,pop32,4,0.017671585083007812,0.02999047920280921
6637,pop33,1,0.00032448768615722656,0.0
6637,pop50,1,0.0004942417144775391,0.0
6637,pop16,1,0.0002961158752441406,0.0
6638,pop50,3,0.020551760991414387,0.028375293862732017
6638,pop17,2,0.0339280366897583,0.033525824546813965
6638,pop55,2,0.0003477334976196289,3.707408905029297e-05
6638,pop52,1,0.0003147125244140625,0.0
6639,pop31,2,0.027567625045776367,0.02716374397277832
6639,pop17,1,0.00048542022705078125,0.0
6639,pop50,2,0.0006464719772338867,0.00010836124420166016
6639,pop32,4,0.0003642439842224121,4.821934717013594e-05
6639,pop33,1,0.0003266334533691406,0.0
6639,pop53,1,0.00046896934509277344,0.0
6639,pop1,1,0.00033974647521972656,0.0
6639,pop6,1,0.00035500526428222656,0.0
6640,pop9,4,0.014474570751190186,0.024487649275992066
6640,pop51,1,0.0003783702850341797,0.0
6640,pop19,1,0.00034236907958984375,0.0
6640,pop20,1,0.00028228759765625,0.0
6641,pop4,3,0.039285898208618164,0.027490617958645
6641,pop51,2,0.00044167041778564453,3.039836883544922e-05
6641,pop10,3,0.00030724207560221356,3.63489087079503e-05
6641,pop19,1,0.0003643035888671875,0.0
6641,pop20,1,0.00026297569274902344,0.0
6642,pop18,3,0.021854480107625324,0.030419550555876633
6642,pop38,3,0.0003272692362467448,5.459536741570833e-05
6642,pop19,1,0.00040221214294433594,0.0
6642,pop51,1,0.0003993511199951172,0.0
6642,pop50,1,0.0005421638488769531,0.0
6642,pop16,1,0.0003075599670410156,0.0
6643,pop42,2,0.028982996940612793,0.028602004051208496
6643,pop43,1,0.0002956390380859375,0.0
6643,pop40,1,0.05675387382507324,0.0
6643,pop41,1,0.0004203319549560547,0.0
6643,pop53,3,0.019932349522908527,0.027623343605995672
6643,pop54,1,0.05746722221374512,0.0
6643,pop52,5,0.000399017333984375,8.396242597020912e-05
6643,pop50,1,0.00045108795166015625,0.0
6643,pop55,1,0.05364823341369629,0.0
6643,pop51,1,0.00048732757568359375,0.0
6643,pop19,1,0.00035262107849121094,0.0
6643,pop20,1,0.0002465248107910156,0.0
6644,pop27,4,0.05275636911392212,0.030258703021924734
6644,pop14,2,0.07075619697570801,0.0005743503570556641
6644,pop24,1,0.07562041282653809,0.0
6644,pop23,1,0.00029277801513671875,0.0
6644,pop16,2,0.00026428699493408203,1.5139579772949219e-05
6644,pop50,2,0.00044226646423339844,5.0067901611328125e-05
6644,pop17,3,0.0003190040588378906,2.3057266724372392e-05
6645,pop22,4,0.014024555683135986,0.02369084561098493
6645,pop51,1,0.0004315376281738281,0.0
6645,pop19,1,0.00037097930908203125,0.0
6645,pop18,1,0.0002789497375488281,0.0
6646,pop39,2,0.02958524227142334,0.029193520545959473
6646,pop38,3,0.0003402233123779297,8.851271687113511e-05
6646,pop18,1,0.00038814544677734375,0.0
6646,pop19,1,0.0003070831298828125,0.0
6646,pop51,1,0.00038051605224609375,0.0
6646,pop50,1,0.00043487548828125,0.0
6646,pop35,1,0.00022745132446289062,0.0
6647,pop41,2,0.03005087375640869,0.02963888645172119
6647,pop40,1,0.05727338790893555,0.0
6647,pop43,1,0.0002918243408203125,0.0
6647,pop51,2,0.00037682056427001953,2.467632293701172e-05
6647,pop10,4,0.00033545494079589844,4.87992804049943e-05
6647,pop50,1,0.00043129920959472656,0.0
6647,pop55,1,0.0002932548522949219,0.0
6648,pop10,2,0.029454708099365234,0.029052019119262695
6648,pop51,2,0.0004947185516357422,9.5367431640625e-06
6648,pop4,3,0.0003372033437093099,5.0533241387835236e-05
6648,pop47,1,0.00025081634521484375,0.0
6649,pop31,2,0.028019189834594727,0.027637481689453125
6649,pop17,1,0.0003361701965332031,0.0
6649,pop50,2,0.0004914999008178711,4.4465065002441406e-05
6649,pop33,2,0.0003064870834350586,9.417533874511719e-06
6649,pop32,4,0.0003580451011657715,7.06174691657869e-05
6649,pop53,1,0.0003712177276611328,0.0
6649,pop47,1,0.00021600723266601562,0.0
6650,pop28,2,0.027550220489501953,0.02716517448425293
6650,pop36,1,0.00024175643920898438,0.0
6650,pop10,4,0.00031644105911254883,4.119103599095153e-05
6650,pop51,1,0.00040149688720703125,0.0
6650,pop53,1,0.00045180320739746094,0.0
6650,pop1,1,0.00045680999755859375,0.0
6650,pop6,1,0.00025916099548339844,0.0
6651,pop8,2,0.02821052074432373,0.02782118320465088
6651,pop51,1,0.0004818439483642578,0.0
6651,pop43,1,0.0003173351287841797,0.0
6651,pop40,2,0.028775453567504883,0.028476476669311523
6651,pop41,1,0.00029778480529785156,0.0
6651,pop53,2,0.0004305839538574219,3.218650817871094e-05
6651,pop52,2,0.00036835670471191406,6.079673767089844e-05
6651,pop50,1,0.0004127025604248047,0.0
6651,pop16,1,0.0002639293670654297,0.0
6652,pop37,5,0.010554027557373048,0.02035461095902517
6652,pop52,1,0.0003724098205566406,0.0
6652,pop53,1,0.00039839744567871094,0.0
6652,pop51,1,0.00043845176696777344,0.0
6652,pop19,1,0.00036025047302246094,0.0
6652,pop20,1,0.0002834796905517578,0.0
6653,pop6,5,0.013500595092773437,0.026379204053331898
6653,pop1,1,0.00029587745666503906,0.0
6653,pop53,1,0.00039768218994140625,0.0
6653,pop50,1,0.0004911422729492188,0.0
6653,pop44,1,0.00031757354736328125,0.0
6654,pop56,2,0.03337514400482178,0.03296959400177002
6654,pop48,1,0.0004169940948486328,0.0
6654,pop52,2,0.0003871917724609375,4.220008850097656e-05
6654,pop12,2,0.031174540519714355,0.030879855155944824
6654,pop53,1,0.0003924369812011719,0.0
6654,pop50,2,0.0004153251647949219,3.7670135498046875e-05
6654,pop55,1,0.05491375923156738,0.0
6654,pop14,1,0.00030541419982910156,0.0
6654,pop24,2,0.038098812103271484,0.03779172897338867
6654,pop23,2,0.0003591775894165039,0.00010454654693603516
6654,pop21,2,0.03744065761566162,0.03720724582672119
6654,pop22,2,0.0003676414489746094,0.00010228157043457031
6655,pop30,2,0.02606487274169922,0.025671005249023438
6655,pop31,1,0.00026488304138183594,0.0
6655,pop17,3,0.0003208319346110026,2.5362428111278333e-05
6655,pop50,1,0.0005578994750976562,0.0
6655,pop55,1,0.0002682209014892578,0.0
6656,pop52,4,0.014935970306396484,0.025181355381651935
6656,pop12,3,0.020885626475016277,0.02916837303663623
6656,pop53,1,0.0003368854522705078,0.0
6656,pop1,1,0.0003502368927001953,0.0
6656,pop6,1,0.00022602081298828125,0.0
6657,pop50,4,0.01527029275894165,0.025627346465834828
6657,pop33,2,0.00029599666595458984,8.344650268554688e-07
6657,pop32,2,0.03609466552734375,0.0357975959777832
6657,pop17,1,0.06881356239318848,0.0
6657,pop16,1,0.0002880096435546875,0.0
6657,pop23,2,0.00037610530853271484,3.993511199951172e-05
6657,pop24,1,0.0002884864807128906,0.0
6658,pop9,5,0.011710929870605468,0.022734766235557934
6658,pop51,1,0.0003554821014404297,0.0
6658,pop19,1,0.0003905296325683594,0.0
6658,pop18,1,0.0002644062042236328,0.0
6659,pop27,2,0.03485751152038574,0.03444337844848633
6659,pop25,1,0.00034165382385253906,0.0
6660,pop22,4,0.013623952865600586,0.02297084582758796
6660,pop51,1,0.0003345012664794922,0.0
6660,pop53,1,0.0005147457122802734,0.0
6660,pop1,1,0.00034236907958984375,0.0
6660,pop6,1,0.000247955322265625,0.0
6661,pop38,5,0.013644933700561523,0.026616615016275
6661,pop18,1,0.0002777576446533203,0.0
6661,pop19,1,0.0004146099090576172,0.0
6661,pop51,1,0.0004801750183105469,0.0
6661,pop53,1,0.0003991127014160156,0.0
6661,pop7,1,0.00021600723266601562,0.0
6662,pop47,2,0.024940967559814453,0.024558305740356445
6662,pop51,2,0.00043845176696777344,2.86102294921875e-06
6662,pop10,3,0.0003434022267659505,4.567083362003969e-05
6662,pop53,1,0.00044274330139160156,0.0
6662,pop1,1,0.0003631114959716797,0.0
6662,pop15,1,0.00034880638122558594,0.0
6663,pop33,3,0.021900097529093426,0.03046519352186835
6663,pop32,3,0.023564815521240234,0.03291095907379841
6663,pop50,2,0.0004843473434448242,0.00012362003326416016
6663,pop17,2,0.0004812479019165039,6.35385513305664e-05
6663,pop53,1,0.0005068778991699219,0.0
6663,pop47,1,0.00023555755615234375,0.0
6664,pop39,2,0.02929842472076416,0.02890908718109131
6664,pop38,1,0.0002694129943847656,0.0
6664,pop18,1,0.0002760887145996094,0.0
6664,pop19,2,0.0004888772964477539,1.609325408935547e-05
6664,pop20,4,0.00032341480255126953,5.180038008035971e-05
6664,pop51,1,0.0003840923309326172,0.0
6664,pop50,1,0.0005509853363037109,0.0
6664,pop14,1,0.0004017353057861328,0.0
6664,pop24,1,0.00030803680419921875,0.0
6665,pop10,5,0.011727571487426758,0.022687787716165614
6665,pop51,1,0.0003921985626220703,0.0
6665,pop19,1,0.00032973289489746094,0.0
6665,pop20,1,0.0002627372741699219,0.0
6666,pop31,2,0.027706265449523926,0.02731192111968994
6666,pop17,1,0.00029158592224121094,0.0
6666,pop50,2,0.0004119873046875,2.7418136596679688e-05
6666,pop33,2,0.00030410289764404297,2.5033950805664062e-06
6666,pop32,3,0.00033473968505859375,3.7019171215856975e-05
6666,pop14,1,0.00048279762268066406,0.0
6666,pop24,1,0.0002677440643310547,0.0
6667,pop8,2,0.028197884559631348,0.02780783176422119
6667,pop51,2,0.000377655029296875,1.6689300537109375e-05
6667,pop19,2,0.0003465414047241211,9.417533874511719e-06
6667,pop20,3,0.00038011868794759113,6.40408260960583e-05
6667,pop50,1,0.00038051605224609375,0.0
6667,pop35,1,0.0003387928009033203,0.0
6668,pop56,2,0.033330321311950684,0.032925963401794434
6668,pop2,1,0.0002627372741699219,0.0
6668,pop49,4,0.00029790401458740234,6.280248141539266e-05
6668,pop48,1,0.0002961158752441406,0.0
6668,pop52,1,0.000335693359375,0.0
6668,pop53,1,0.0003635883331298828,0.0
6668,pop51,1,0.0004036426544189453,0.0
6668,pop19,1,0.00038313865661621094,0.0
6668,pop20,1,0.0002727508544921875,0.0
6669,pop22,5,0.011132478713989258,0.021536134622483223
6669,pop51,1,0.0004634857177734375,0.0
6669,pop19,1,0.00036787986755371094,0.0
6669,pop20,1,0.00027441978454589844,0.0
6670,pop21,2,0.03539896011352539,0.03497791290283203
6670,pop23,1,0.00033164024353027344,0.0
6670,pop24,4,0.0003313422203063965,7.795255323638119e-05
6670,pop14,1,0.00032210350036621094,0.0
6670,pop50,1,0.00038552284240722656,0.0
6670,pop51,1,0.0003650188446044922,0.0
6670,pop19,1,0.0003578662872314453,0.0
6670,pop20,1,0.00028252601623535156,0.0
6671,pop55,2,0.025843501091003418,0.025427937507629395
6671,pop52,1,0.0006051063537597656,0.0
6672,pop40,2,0.02840292453765869,0.028002142906188965
6672,pop41,1,0.0002942085266113281,0.0
6672,pop53,2,0.0004221200942993164,5.364418029785156e-06
6672,pop52,2,0.00032079219818115234,7.271766662597656e-06
6672,pop12,4,0.00032907724380493164,0.00013237399893852814
6672,pop51,1,0.0004074573516845703,0.0
6672,pop19,1,0.0003581047058105469,0.0
6672,pop18,1,0.00038361549377441406,0.0
6673,pop57,2,0.03411388397216797,0.033719539642333984
6673,pop56,1,0.0002875328063964844,0.0
6673,pop48,1,0.0002906322479248047,0.0
6673,pop52,2,0.00032067298889160156,2.1457672119140625e-05
6673,pop12,4,0.00032979249954223633,5.8332791417588314e-05
6673,pop53,1,0.00038695335388183594,0.0
6673,pop1,1,0.0004661083221435547,0.0
6673,pop6,1,0.0002722740173339844,0.0
6674,pop6,2,0.03251087665557861,0.03213918209075928
6674,pop1,1,0.0003311634063720703,0.0
6674,pop53,1,0.00038743019104003906,0.0
6674,pop52,2,0.00031828880310058594,2.384185791015625e-07
6674,pop12,4,0.00028133392333984375,3.4976501240302463e-05
6674,pop34,1,0.0002639293670654297,0.0
6674,pop35,1,0.00023651123046875,0.0
6675,pop30,2,0.02638828754425049,0.025995373725891113
6675,pop31,1,0.00025725364685058594,0.0
6675,pop17,4,0.017686009407043457,0.02990096056200201
6675,pop25,1,0.0003218650817871094,0.0
6675,pop27,1,0.07255887985229492,0.0
6675,pop14,1,0.07175683975219727,0.0
6675,pop24,1,0.07760119438171387,0.0
6675,pop23,1,0.0003218650817871094,0.0
6675,pop16,1,0.00030541419982910156,0.0
6675,pop50,2,0.00046432018280029297,2.872943878173828e-05
6675,pop51,1,0.0003597736358642578,0.0
6675,pop19,1,0.0003104209899902344,0.0
6675,pop20,1,0.00024509429931640625,0.0
6676,pop50,3,0.02015376091003418,0.02784790293749023
6676,pop33,2,0.0002862215042114258,1.609325408935547e-05
6676,pop32,4,0.0003237724304199219,5.4469123400519434e-05
6676,pop35,1,0.00023317337036132812,0.0
6677,pop9,5,0.011414813995361327,0.02221502062620974
6677,pop51,1,0.00034809112548828125,0.0
6677,pop10,1,0.000274658203125,0.0
6678,pop48,3,0.02149192492167155,0.02985777185807268
6678,pop49,4,0.00033909082412719727,0.00011452376017168351
6678,pop52,1,0.00030875205993652344,0.0
6678,pop53,1,0.0005204677581787109,0.0
6678,pop51,1,0.0005173683166503906,0.0
6678,pop19,1,0.00039839744567871094,0.0
6678,pop20,1,0.00026679039001464844,0.0
6679,pop23,2,0.033394694328308105,0.03296363353729248
6679,pop24,3,0.0003895759582519531,0.00014749576122577462
6679,pop14,1,0.0003082752227783203,0.0
6679,pop50,1,0.0004181861877441406,0.0
6679,pop35,1,0.00022125244140625,0.0
6680,pop32,4,0.01748192310333252,0.029487311392042106
6680,pop50,1,0.0004994869232177734,0.0
6680,pop53,1,0.0005345344543457031,0.0
6680,pop1,1,0.0003292560577392578,0.0
6680,pop6,1,0.0002474784851074219,0.0
6681,pop47,4,0.0129624605178833,0.021903703635132478
6681,pop53,1,0.0004398822784423828,0.0
6681,pop7,1,0.00034332275390625,0.0
6682,pop33,3,0.021792093912760418,0.03032273387241185
6682,pop32,3,0.00031646092732747394,4.148270125290555e-05
6682,pop50,1,0.0004928112030029297,0.0
6682,pop53,1,0.0003681182861328125,0.0
6682,pop1,1,0.0003399848937988281,0.0
6682,pop15,1,0.00021266937255859375,0.0
6683,pop21,2,0.03471815586090088,0.03428757190704346
6683,pop23,1,0.0003254413604736328,0.0
6683,pop24,4,0.0003191828727722168,3.096981860746766e-05
6683,pop14,1,0.0003554821014404297,0.0
6683,pop50,1,0.0003731250762939453,0.0
6683,pop53,1,0.00043487548828125,0.0
6683,pop52,1,0.0002930164337158203,0.0
6684,pop57,2,0.03457510471343994,0.034191250801086426
6684,pop56,4,0.00028252601623535156,2.817831251791343e-05
6684,pop48,1,0.00027751922607421875,0.0
6684,pop52,1,0.00031948089599609375,0.0
6685,pop30,2,0.026432037353515625,0.026036739349365234
6685,pop48,2,0.0003151893615722656,1.9788742065429688e-05
6685,pop49,3,0.0003196398417154948,6.416556206854075e-05
6685,pop52,1,0.0003516674041748047,0.0
6685,pop53,1,0.00044846534729003906,0.0
6685,pop51,1,0.00033545494079589844,0.0
6685,pop19,1,0.0002963542938232422,0.0
6685,pop20,1,0.0002377033233642578,0.0
6686,pop50,2,0.030277132987976074,0.029742121696472168
6686,pop33,2,0.0002900362014770508,2.562999725341797e-05
6686,pop32,3,0.024480501810709637,0.034234931983822055
6686,pop37,2,0.0003008842468261719,4.315376281738281e-05
6686,pop52,1,0.00028967857360839844,0.0
6686,pop34,1,0.00023603439331054688,0.0
6686,pop35,1,0.00021529197692871094,0.0
6687,pop53,5,0.012119483947753907,0.02330172964408515
6687,pop47,1,0.00023794174194335938,0.0
6688,pop14,4,0.03390008211135864,0.033505249329451064
6688,pop24,2,0.0003339052200317383,5.0187110900878906e-05
6689,pop16,3,0.020841439565022785,0.028903072403837066
6689,pop23,3,0.00035842259724934894,5.627161120243897e-05
6689,pop50,1,0.00045180320739746094,0.0
6689,pop51,1,0.0004115104675292969,0.0
6689,pop19,1,0.00033783912658691406,0.0
6689,pop18,1,0.0002639293670654297,0.0
6690,pop42,2,0.028824448585510254,0.028418421745300293
6690,pop43,1,0.0002655982971191406,0.0
6690,pop51,2,0.0003757476806640625,3.647804260253906e-05
6690,pop10,2,0.03003227710723877,0.02977621555328369
6690,pop22,3,0.00035500526428222656,4.401562560303593e-05
6690,pop21,1,0.00028014183044433594,0.0
6690,pop23,1,0.0003104209899902344,0.0
6690,pop16,1,0.0002765655517578125,0.0
6691,pop41,2,0.029887080192565918,0.02946031093597412
6691,pop53,4,0.00040608644485473633,5.285648353542723e-05
6691,pop50,1,0.0005307197570800781,0.0
6691,pop16,1,0.00027942657470703125,0.0
6692,pop40,2,0.028104186058044434,0.0277024507522583
6692,pop41,1,0.00029206275939941406,0.0
6692,pop53,2,0.02912294864654541,0.02872765064239502
6692,pop54,2,0.028725147247314453,0.02833271026611328
6692,pop52,2,0.0004101991653442383,0.00011050701141357422
6692,pop50,1,0.0005571842193603516,0.0
6692,pop55,3,0.0003210703531901042,7.11604796362033e-05
6692,pop34,1,0.000240325927734375,0.0
6692,pop35,1,0.00022029876708984375,0.0
6693,pop47,2,0.025003910064697266,0.024627208709716797
6693,pop53,3,0.020444869995117188,0.028137694301331884
6693,pop1,2,0.00034928321838378906,1.0967254638671875e-05
6693,pop6,1,0.0678262710571289,0.0
6693,pop54,1,0.0002980232238769531,0.0
6693,pop52,3,0.00032321612040201825,5.404493377380175e-05
6693,pop48,3,0.04483636220296224,0.03153144632781231
6693,pop49,2,0.06946933269500732,0.0008124113082885742
6693,pop2,4,0.03518933057785034,0.03489152560708049
6693,pop56,6,0.045848687489827476,0.03224521120543953
6693,pop50,1,0.0003654956817626953,0.0
6693,pop14,1,0.0003457069396972656,0.0
6693,pop24,1,0.0002999305725097656,0.0
6694,pop57,2,0.03462779521942139,0.03425419330596924
6694,pop56,1,0.0002536773681640625,0.0
6694,pop48,3,0.022961854934692383,0.03197767245260902
6694,pop52,4,0.0003638267517089844,8.550522610026984e-05
6694,pop55,2,0.026828765869140625,0.026454448699951172
6694,pop50,1,0.00042557716369628906,0.0
6694,pop53,1,0.0006244182586669922,0.0
6694,pop54,1,0.00029850006103515625,0.0
6694,pop51,1,0.0004620552062988281,0.0
6695,pop36,2,0.02799820899963379,0.027600765228271484
6695,pop10,3,0.020470380783081055,0.028454220664607052
6695,pop51,2,0.0003705024719238281,1.8358230590820312e-05
6695,pop4,2,0.0004061460494995117,0.00010597705841064453
6695,pop50,1,0.0005414485931396484,0.0
6695,pop35,1,0.00024366378784179688,0.0
6696,pop44,2,0.03105783462524414,0.03064560890197754
6696,pop50,2,0.00049591064453125,7.486343383789062e-05
6696,pop55,3,0.0003619194030761719,6.340679245307421e-05
6696,pop51,1,0.00046253204345703125,0.0
6696,pop19,1,0.000362396240234375,0.0
6696,pop18,1,0.0002751350402832031,0.0
6697,pop27,2,0.03604292869567871,0.03563833236694336
6697,pop14,3,0.02335206667582194,0.03243242695104617
6697,pop24,4,0.01874476671218872,0.03192498529475302
6697,pop23,1,0.06962704658508301,0.0
6697,pop50,1,0.0005698204040527344,0.0
6697,pop51,1,0.0003592967987060547,0.0
6697,pop10,1,0.0002677440643310547,0.0
6698,pop23,5,0.013922786712646485,0.027103528583880137
6698,pop16,1,0.0002925395965576172,0.0
6698,pop50,1,0.00041604042053222656,0.0
6698,pop53,1,0.00040721893310546875,0.0
6698,pop52,1,0.0003039836883544922,0.0
6699,pop21,2,0.03508031368255615,0.03465139865875244
6699,pop23,4,0.0003712773323059082,6.886281733617681e-05
6699,pop16,1,0.0002741813659667969,0.0
6699,pop50,1,0.0003752708435058594,0.0
6699,pop53,1,0.00041866302490234375,0.0
6699,pop47,1,0.0002574920654296875,0.0
6700,pop50,2,0.030900955200195312,0.030344486236572266
6700,pop55,1,0.05278611183166504,0.0
6700,pop52,4,0.00033652782440185547,1.682709957777632e-05
6700,pop34,1,0.00023555755615234375,0.0
6700,pop35,1,0.00022482872009277344,0.0
6701,pop47,5,0.010554122924804687,0.020521934956206994
6701,pop53,1,0.00037026405334472656,0.0
6701,pop7,1,0.00023818016052246094,0.0
6702,pop45,2,0.03218889236450195,0.03178119659423828
6702,pop44,1,0.06180763244628906,0.0
6702,pop50,2,0.0004181861877441406,9.298324584960938e-06
6702,pop14,2,0.0003534555435180664,3.933906555175781e-06
6702,pop24,4,0.0003256797790527344,6.196085592081595e-05
6702,pop51,1,0.0005095005035400391,0.0
6702,pop19,1,0.00037407875061035156,0.0
6702,pop18,1,0.00025844573974609375,0.0
6703,pop46,2,0.03061544895172119,0.030204176902770996
6703,pop20,1,0.06471991539001465,0.0
6703,pop19,2,0.0003744363784790039,2.777576446533203e-05
6703,pop18,2,0.0002821683883666992,1.4424324035644531e-05
6703,pop38,3,0.0002970695495605469,9.309525549481311e-06
6703,pop51,1,0.00043511390686035156,0.0
6703,pop10,1,0.00027823448181152344,0.0
6704,pop24,4,0.01797109842300415,0.03049850766427609
6704,pop14,1,0.0003764629364013672,0.0
6704,pop50,1,0.0003905296325683594,0.0
6704,pop44,1,0.0004143714904785156,0.0
6705,pop38,4,0.017123401165008545,0.029084637081373172
6705,pop18,1,0.0002791881561279297,0.0
6705,pop19,1,0.0003731250762939453,0.0
6705,pop51,1,0.0004703998565673828,0.0
6706,pop10,2,0.02921140193939209,0.028806328773498535
6706,pop51,1,0.0004315376281738281,0.0
6706,pop19,1,0.00031638145446777344,0.0
6706,pop20,4,0.00025647878646850586,1.4840838403447328e-05
6707,pop31,2,0.028083086013793945,0.027658462524414062
6707,pop17,4,0.00037348270416259766,5.675000767878436e-05
6707,pop50,1,0.0005509853363037109,0.0
6707,pop53,1,0.0005276203155517578,0.0
6707,pop52,1,0.00027942657470703125,0.0
6708,pop8,2,0.028631210327148438,0.02823948860168457
6708,pop51,4,0.0004194974899291992,8.634678661591801e-05
6708,pop19,3,0.0003775755564371745,8.8607569858059e-05
6708,pop20,2,0.03326547145843506,0.03299057483673096
6708,pop9,3,0.00029269854227701825,4.2196870550632165e-05
6708,pop46,1,0.0003666877746582031,0.0
6709,pop22,4,0.013992726802825928,0.023662009404177516
6709,pop51,1,0.0003674030303955078,0.0
6709,pop10,1,0.0002727508544921875,0.0
6710,pop57,2,0.034496307373046875,0.03411412239074707
6710,pop56,1,0.0002493858337402344,0.0
6710,pop48,1,0.00029349327087402344,0.0
6710,pop52,5,0.00037174224853515626,5.621936383885595e-05
6710,pop55,1,0.053635358810424805,0.0
6710,pop50,1,0.0005409717559814453,0.0
6710,pop53,2,0.00045359134674072266,8.976459503173828e-05
6710,pop54,1,0.00029659271240234375,0.0
6710,pop51,1,0.00033664703369140625,0.0
6710,pop19,1,0.0003376007080078125,0.0
6710,pop18,1,0.00026798248291015625,0.0
6711,pop44,3,0.04191708564758301,0.02933907705082962
6711,pop50,2,0.0006204843521118164,0.00022518634796142578
6711,pop14,1,0.00037789344787597656,0.0
6711,pop27,1,0.000308990478515625,0.0
6711,pop25,1,0.00027751922607421875,0.0
6711,pop17,3,0.00038663546244303387,4.644384673533893e-05
6711,pop55,1,0.0002448558807373047,0.0
6712,pop55,4,0.039685189723968506,0.022687681295220398
6712,pop52,4,0.015507042407989502,0.026260621951380077
6712,pop50,1,0.0003726482391357422,0.0
6712,pop53,2,0.0005645751953125,0.0002129077911376953
6712,pop54,1,0.0002913475036621094,0.0
6712,pop48,2,0.03366875648498535,0.033408403396606445
6712,pop49,2,0.0003390312194824219,7.295608520507812e-05
6712,pop47,1,0.0002574920654296875,0.0
6713,pop50,2,0.03108370304107666,0.03052675724029541
6713,pop14,2,0.035346150398254395,0.03487288951873779
6713,pop24,3,0.0003185272216796875,3.053806034820182e-05
6714,pop31,2,0.02803027629852295,0.02763235569000244
6714,pop17,4,0.0003711581230163574,4.1851247573986536e-05
6714,pop50,1,0.0003974437713623047,0.0
6714,pop53,1,0.0005044937133789062,0.0
6714,pop7,1,0.00022077560424804688,0.0
6715,pop4,2,0.030177831649780273,0.02977609634399414
6715,pop51,1,0.0003941059112548828,0.0
6715,pop53,4,0.000390470027923584,1.5211567789480328e-05
6715,pop7,1,0.00020956993103027344,0.0
6716,pop48,3,0.021464109420776367,0.029774059564196688
6716,pop49,2,0.03377044200897217,0.03350245952606201
6716,pop2,4,0.00033855438232421875,5.460826491344373e-05
6716,pop52,1,0.0004971027374267578,0.0
6716,pop54,1,0.0002696514129638672,0.0
6716,pop53,1,0.0004162788391113281,0.0
6716,pop7,1,0.00022792816162109375,0.0
6717,pop33,3,0.022003889083862305,0.03061465929323295
6717,pop32,4,0.00031560659408569336,3.0574975110643255e-05
6717,pop50,1,0.0005366802215576172,0.0
6717,pop53,1,0.00041556358337402344,0.0
6717,pop7,1,0.0002543926239013672,0.0
6718,pop46,2,0.030833125114440918,0.03043663501739502
6718,pop45,1,0.000293731689453125,0.0
6718,pop44,3,0.021997451782226562,0.03070651294929534
6718,pop50,3,0.00040380160013834637,2.704787297754589e-05
6718,pop17,2,0.03408956527709961,0.03378891944885254
6718,pop25,1,0.0004143714904785156,0.0
6718,pop27,1,0.07404780387878418,0.0
6718,pop55,3,0.0002899169921875,2.3443550694356556e-05
6719,pop10,2,0.029475688934326172,0.029080629348754883
6719,pop51,1,0.00038886070251464844,0.0
6719,pop53,4,0.0004991888999938965,6.130310911834902e-05
6719,pop52,1,0.000324249267578125,0.0
6719,pop34,1,0.00037384033203125,0.0
6719,pop35,1,0.00021576881408691406,0.0
6720,pop8,2,0.028375744819641113,0.02798640727996826
6720,pop51,1,0.0003352165222167969,0.0
6720,pop53,3,0.00045680999755859375,3.61956781661002e-05
6720,pop50,1,0.00038123130798339844,0.0
6720,pop14,1,0.0003478527069091797,0.0
6720,pop24,1,0.00028252601623535156,0.0
6721,pop44,3,0.04176775614420573,0.02923224950136263
6721,pop50,4,0.00044286251068115234,1.6705045765948137e-05
6721,pop17,1,0.06749820709228516,0.0
6721,pop14,2,0.0346677303314209,0.034275054931640625
6721,pop24,4,0.0003635287284851074,7.440748880358378e-05
6721,pop53,1,0.00040984153747558594,0.0
6721,pop47,1,0.00025844573974609375,0.0
6722,pop18,2,0.0324559211730957,0.03206324577331543
6722,pop38,3,0.023574113845825195,0.03283900244426446
6722,pop39,1,0.0002665519714355469,0.0
6722,pop44,1,0.06658458709716797,0.0
6722,pop50,2,0.0004153251647949219,4.291534423828125e-06
6722,pop17,2,0.0004105567932128906,2.4080276489257812e-05
6722,pop16,1,0.00027489662170410156,0.0
6723,pop14,3,0.022885719935099285,0.03179768619621789
6723,pop24,4,0.00034350156784057617,4.3988187461669085e-05
6723,pop50,1,0.0004336833953857422,0.0
6723,pop35,1,0.0002353191375732422,0.0
6724,pop42,2,0.029147624969482422,0.028746843338012695
6724,pop43,2,0.0003380775451660156,5.626678466796875e-05
6724,pop40,2,0.028691530227661133,0.028407573699951172
6724,pop51,2,0.00040984153747558594,6.723403930664062e-05
6724,pop10,3,0.0003350575764973958,4.859932696190354e-05
6724,pop50,1,0.0005633831024169922,0.0
6724,pop44,1,0.0003094673156738281,0.0
6725,pop48,5,0.013190984725952148,0.025635047521045288
6725,pop52,1,0.00035071372985839844,0.0
6725,pop55,1,0.00026345252990722656,0.0
6726,pop28,2,0.028427958488464355,0.028037428855895996
6726,pop36,1,0.0002498626708984375,0.0
6726,pop10,2,0.03035581111907959,0.030096888542175293
6726,pop51,1,0.00036144256591796875,0.0
6726,pop53,3,0.0004322528839111328,7.577236022607205e-05
6726,pop50,1,0.0004506111145019531,0.0
6726,pop16,1,0.00027751922607421875,0.0
6727,pop37,5,0.010355472564697266,0.02003327977895963
6727,pop52,1,0.0003418922424316406,0.0
6727,pop53,1,0.0003845691680908203,0.0
6727,pop51,1,0.0004203319549560547,0.0
6728,pop52,4,0.014995217323303223,0.025239730720929644
6728,pop53,1,0.0005300045013427734,0.0
6728,pop51,1,0.00043463706970214844,0.0
6728,pop19,1,0.00042724609375,0.0
6728,pop20,1,0.0002808570861816406,0.0
6729,pop21,2,0.03525745868682861,0.034859299659729004
6729,pop23,1,0.00033736228942871094,0.0
6729,pop24,3,0.0004020531972249349,0.00014004006395501633
6729,pop14,1,0.00045943260192871094,0.0
6729,pop50,1,0.00037360191345214844,0.0
6729,pop51,1,0.0004086494445800781,0.0
6729,pop19,1,0.0003726482391357422,0.0
6729,pop20,1,0.00026869773864746094,0.0
6730,pop47,6,0.01735373338063558,0.024115378973886763
6730,pop51,2,0.00048029422760009766,8.237361907958984e-05
6730,pop4,1,0.062250614166259766,0.0
6731,pop44,2,0.03166484832763672,0.031239986419677734
6731,pop50,3,0.00047135353088378906,7.818481612862018e-05
6731,pop14,2,0.0004096031188964844,4.553794860839844e-05
6731,pop24,4,0.03702437877655029,0.0367240001469313
6731,pop23,2,0.03448057174682617,0.03416919708251953
6731,pop16,1,0.0002796649932861328,0.0
6731,pop17,2,0.00041675567626953125,6.985664367675781e-05
6731,pop35,1,0.0002372264862060547,0.0
6732,pop42,2,0.029245615005493164,0.028859853744506836
6732,pop43,1,0.0003123283386230469,0.0
6732,pop40,2,0.02946305274963379,0.02904820442199707
6732,pop41,1,0.0002925395965576172,0.0
6732,pop53,1,0.0005238056182861328,0.0
6732,pop54,1,0.00027942657470703125,0.0
6732,pop52,2,0.0003426074981689453,3.695487976074219e-05
6732,pop34,1,0.00025343894958496094,0.0
6732,pop35,1,0.00021576881408691406,0.0
6733,pop48,4,0.016204357147216797,0.02733762572063532
6733,pop52,1,0.00031375885009765625,0.0
6733,pop53,1,0.0003600120544433594,0.0
6733,pop50,1,0.00043392181396484375,0.0
6733,pop16,1,0.00026917457580566406,0.0
6734,pop39,2,0.030444860458374023,0.030047893524169922
6734,pop38,3,0.0003566741943359375,4.6259348746323465e-05
6734,pop18,1,0.00028061866760253906,0.0
6734,pop19,1,0.000354766845703125,0.0
6734,pop51,1,0.0004494190216064453,0.0
6734,pop50,1,0.00041675567626953125,0.0
6734,pop16,1,0.00026869773864746094,0.0
6735,pop56,5,0.013576698303222657,0.026460032291366
6735,pop48,1,0.0003190040588378906,0.0
6735,pop52,1,0.00030350685119628906,0.0
6735,pop53,1,0.0003533363342285156,0.0
6735,pop51,1,0.0003540515899658203,0.0
6735,pop19,1,0.00029778480529785156,0.0
6735,pop20,1,0.0004127025604248047,0.0
6736,pop38,2,0.033840179443359375,0.03342700004577637
6736,pop18,1,0.0002510547637939453,0.0
6736,pop19,1,0.0003833770751953125,0.0
6736,pop51,2,0.0003814697265625,5.412101745605469e-05
6736,pop22,4,0.0002886652946472168,4.032601126953957e-05
6736,pop53,1,0.0004150867462158203,0.0
6736,pop52,1,0.0003037452697753906,0.0
6737,pop22,4,0.014348924160003662,0.024255837623316987
6737,pop51,1,0.00043702125549316406,0.0
6737,pop50,1,0.0004811286926269531,0.0
6737,pop44,1,0.0002989768981933594,0.0
6738,pop57,2,0.034638166427612305,0.03424239158630371
6738,pop56,2,0.034253478050231934,0.0339740514755249
6738,pop48,2,0.0004088878631591797,9.5367431640625e-07
6738,pop52,1,0.00031685829162597656,0.0
6738,pop53,1,0.0003681182861328125,0.0
6738,pop50,1,0.0004458427429199219,0.0
6738,pop44,1,0.0004305839538574219,0.0
6739,pop28,2,0.02787315845489502,0.02749311923980713
6739,pop36,1,0.0003800392150878906,0.0
6739,pop10,2,0.030486583709716797,0.03021073341369629
6739,pop51,2,0.000354766845703125,1.9073486328125e-06
6739,pop53,2,0.0308530330657959,0.0304567813873291
6739,pop54,1,0.05863809585571289,0.0
6739,pop52,2,0.0002993345260620117,1.5497207641601562e-06
6739,pop12,2,0.00027179718017578125,4.6253204345703125e-05
6740,pop37,5,0.010349321365356445,0.019952661742493372
6740,pop52,1,0.00045561790466308594,0.0
6740,pop53,1,0.000537872314453125,0.0
6740,pop7,1,0.00024008750915527344,0.0
6741,pop6,5,0.013221931457519532,0.02573535757427462
6741,pop1,1,0.0003345012664794922,0.0
6741,pop53,1,0.00047087669372558594,0.0
6741,pop52,1,0.0003063678741455078,0.0
6741,pop34,1,0.0002605915069580078,0.0
6741,pop35,1,0.00023055076599121094,0.0
6742,pop9,5,0.012046384811401366,0.02344385290168021
6742,pop51,1,0.00037288665771484375,0.0
6742,pop50,1,0.0005598068237304688,0.0
6742,pop14,1,0.0004124641418457031,0.0
6742,pop24,1,0.0002579689025878906,0.0
6743,pop55,2,0.02646660804748535,0.026058197021484375
6743,pop52,3,0.020653963088989258,0.028726285645338922
6743,pop13,2,0.00027561187744140625,3.504753112792969e-05
6743,pop53,1,0.0003581047058105469,0.0
6743,pop51,1,0.0004954338073730469,0.0
6744,pop50,3,0.020597298940022785,0.028396503662567785
6744,pop17,4,0.00034618377685546875,5.166041536336053e-06
6744,pop44,1,0.0003085136413574219,0.0
6745,pop31,2,0.02847301959991455,0.028091788291931152
6745,pop17,1,0.0692145824432373,0.0
6745,pop50,2,0.0004119873046875,3.147125244140625e-05
6745,pop14,2,0.03534126281738281,0.034972429275512695
6745,pop24,5,0.0002961158752441406,4.6088475927917366e-05
6745,pop23,1,0.0693504810333252,0.0
6745,pop51,1,0.00046324729919433594,0.0
6746,pop48,4,0.016246259212493896,0.02750782082614001
6746,pop52,1,0.00031876564025878906,0.0
6746,pop53,1,0.00034356117248535156,0.0
6746,pop51,1,0.0003566741943359375,0.0
6747,pop38,3,0.04583207766215006,0.03212912278559831
6747,pop18,1,0.0002732276916503906,0.0
6747,pop19,1,0.00036454200744628906,0.0
6747,pop20,1,0.06636548042297363,0.0
6747,pop46,1,0.0002849102020263672,0.0
6747,pop45,1,0.0002727508544921875,0.0
6747,pop44,1,0.06528568267822266,0.0
6747,pop50,2,0.0004106760025024414,1.633167266845703e-05
6747,pop17,2,0.0004442930221557617,7.522106170654297e-05
6747,pop53,1,0.0003502368927001953,0.0
6747,pop1,1,0.00026869773864746094,0.0
6747,pop15,1,0.00022602081298828125,0.0
6748,pop28,2,0.027918219566345215,0.027538180351257324
6748,pop51,2,0.0005500316619873047,0.00021648406982421875
6748,pop50,1,0.00041413307189941406,0.0
6748,pop16,1,0.0002715587615966797,0.0
6748,pop23,1,0.0002491474151611328,0.0
6748,pop21,1,0.0002779960632324219,0.0
6748,pop22,3,0.00030350685119628906,5.789432826556724e-05
6748,pop53,1,0.0003256797790527344,0.0
6748,pop1,1,0.00026679039001464844,0.0
6748,pop15,1,0.00022363662719726562,0.0
6749,pop37,4,0.013220548629760742,0.022262207360266593
6749,pop52,1,0.0003154277801513672,0.0
6749,pop53,1,0.0003859996795654297,0.0
6749,pop51,1,0.0005135536193847656,0.0
6749,pop10,1,0.00032639503479003906,0.0
6750,pop32,5,0.014476251602172852,0.02821751209587184
6750,pop33,1,0.00039887428283691406,0.0
6750,pop50,1,0.0004715919494628906,0.0
6750,pop35,1,0.0002429485321044922,0.0
6751,pop30,2,0.026581287384033203,0.02619028091430664
6751,pop31,1,0.00027823448181152344,0.0
6751,pop17,4,0.00041860342025756836,8.121230732914112e-05
6751,pop50,1,0.00037980079650878906,0.0
6751,pop53,1,0.0003752708435058594,0.0
6751,pop47,1,0.000347137451171875,0.0
6752,pop4,3,0.040152549743652344,0.028108944572910584
6752,pop51,1,0.00038695335388183594,0.0
6752,pop47,2,0.00024712085723876953,7.748603820800781e-06
6753,pop33,2,0.03313755989074707,0.03271627426147461
6753,pop50,4,0.0004169940948486328,6.313749836333536e-05
6753,pop17,3,0.023479938507080078,0.0327358012270952
6753,pop44,1,0.06468629837036133,0.0
6753,pop14,1,0.07071685791015625,0.0
6753,pop24,1,0.07490825653076172,0.0
6753,pop23,2,0.00035262107849121094,2.8133392333984375e-05
6753,pop16,1,0.0002384185791015625,0.0
6753,pop51,1,0.0004787445068359375,0.0
6753,pop10,1,0.0002799034118652344,0.0
6754,pop56,4,0.01702028512954712,0.02878651508310477
6754,pop48,1,0.0002789497375488281,0.0
6754,pop52,1,0.0003314018249511719,0.0
6754,pop53,1,0.0003898143768310547,0.0
6754,pop50,1,0.0006146430969238281,0.0
6754,pop14,1,0.0003046989440917969,0.0
6754,pop24,1,0.00025272369384765625,0.0
6755,pop6,2,0.033946990966796875,0.033563852310180664
6755,pop1,1,0.0003714561462402344,0.0
6755,pop53,1,0.00040340423583984375,0.0
6755,pop54,1,0.05812573432922363,0.0
6755,pop52,3,0.00032146771748860675,1.9784752061786923e-05
6755,pop48,2,0.03366351127624512,0.03336930274963379
6755,pop49,2,0.034998536109924316,0.034758925437927246
6755,pop12,3,0.00026607513427734375,5.745178722358646e-06
6756,pop9,5,0.011596250534057616,0.022535693807612257
6756,pop51,1,0.0004875659942626953,0.0
6756,pop53,1,0.0004286766052246094,0.0
6756,pop1,1,0.00036406517028808594,0.0
6756,pop15,1,0.00032806396484375,0.0
6757,pop55,2,0.02625560760498047,0.025845766067504883
6757,pop52,3,0.0004165172576904297,9.300423246725929e-05
6757,pop51,1,0.0004031658172607422,0.0
6758,pop31,2,0.028437137603759766,0.02804255485534668
6758,pop17,5,0.014143753051757812,0.02754263443609169
6758,pop50,5,0.00044889450073242186,8.584160205545078e-05
6758,pop16,4,0.0002847909927368164,1.1484378198744144e-05
6758,pop23,4,0.000341951847076416,4.812347021931415e-05
6758,pop24,2,0.03667032718658447,0.036260008811950684
6758,pop14,1,0.06938791275024414,0.0
6758,pop51,1,0.0004520416259765625,0.0
6758,pop19,1,0.0003490447998046875,0.0
6758,pop20,1,0.00023698806762695312,0.0
6759,pop48,3,0.04371500015258789,0.030645757902484503
6759,pop52,4,0.015352427959442139,0.025934753695985684
6759,pop55,2,0.027669668197631836,0.02736806869506836
6759,pop50,1,0.0004990100860595703,0.0
6759,pop12,2,0.0003445148468017578,7.295608520507812e-05
6760,pop38,2,0.034296274185180664,0.033887386322021484
6760,pop18,1,0.00029730796813964844,0.0
6760,pop19,1,0.00037288665771484375,0.0
6760,pop51,1,0.00047397613525390625,0.0
6760,pop22,4,0.0003192424774169922,5.63702400007134e-05
6760,pop21,1,0.00026917457580566406,0.0
6760,pop23,1,0.00031256675720214844,0.0
6760,pop24,1,0.0003037452697753906,0.0
6761,pop28,2,0.027889490127563477,0.027499675750732422
6761,pop51,1,0.0003528594970703125,0.0
6761,pop50,2,0.000571131706237793,0.00011837482452392578
6761,pop44,1,0.0003185272216796875,0.0
6761,pop27,1,0.0002810955047607422,0.0
6761,pop25,1,0.00025177001953125,0.0
6761,pop17,3,0.00038425127665201825,5.884717070596028e-05
6761,pop35,1,0.00021266937255859375,0.0
6762,pop53,5,0.012345170974731446,0.023688119825733378
6762,pop52,1,0.00034737586975097656,0.0
6762,pop34,1,0.00023508071899414062,0.0
6762,pop35,1,0.00026607513427734375,0.0
6763,pop16,3,0.021718978881835938,0.030244830313325338
6763,pop23,3,0.0003590583801269531,2.7937394949627422e-05
6763,pop50,1,0.00047087669372558594,0.0
6763,pop51,1,0.0003848075866699219,0.0
6763,pop10,1,0.0002999305725097656,0.0
6764,pop41,2,0.029803037643432617,0.029387950897216797
6764,pop53,1,0.0004775524139404297,0.0
6764,pop54,1,0.05646657943725586,0.0
6764,pop52,1,0.0003192424774169922,0.0
6764,pop55,3,0.0003032684326171875,3.5716662863070695e-05
6764,pop50,1,0.0003781318664550781,0.0
6764,pop51,1,0.0003867149353027344,0.0
6765,pop40,2,0.02842247486114502,0.028009533882141113
6765,pop43,1,0.00027060508728027344,0.0
6765,pop51,4,0.00040537118911743164,6.069693484549525e-05
6765,pop4,5,0.012621736526489258,0.02450024579328241
6765,pop10,1,0.06161832809448242,0.0
6765,pop19,1,0.000453948974609375,0.0
6765,pop18,1,0.00027942657470703125,0.0
6766,pop33,3,0.022143840789794922,0.030726739743224783
6766,pop32,4,0.00033974647521972656,6.869207102239022e-05
6766,pop50,1,0.0003783702850341797,0.0
6766,pop53,1,0.0005173683166503906,0.0
6766,pop47,1,0.00024199485778808594,0.0
6767,pop28,2,0.028734445571899414,0.02831721305847168
6767,pop51,2,0.0004602670669555664,1.728534698486328e-05
6767,pop4,2,0.03195595741271973,0.03164315223693848
6767,pop50,1,0.0004363059997558594,0.0
6767,pop14,1,0.07041525840759277,0.0
6767,pop24,3,0.0002837975819905599,1.0082096249986047e-05
6767,pop23,1,0.0002799034118652344,0.0
6767,pop16,1,0.0002655982971191406,0.0
6768,pop36,2,0.02874457836151123,0.02835261821746826
6768,pop51,2,0.00043022632598876953,6.878376007080078e-05
6768,pop4,4,0.00033152103424072266,4.441454013700171e-05
6768,pop53,1,0.0003731250762939453,0.0
6768,pop1,1,0.0003216266632080078,0.0
6768,pop15,1,0.00021123886108398438,0.0
6769,pop27,4,0.017891347408294678,0.030395483106902828
6769,pop25,1,0.00027251243591308594,0.0
6769,pop17,1,0.00033736228942871094,0.0
6769,pop50,1,0.00045418739318847656,0.0
6769,pop55,1,0.00030422210693359375,0.0
6770,pop23,5,0.01375722885131836,0.0266794405447611
6770,pop24,1,0.000301361083984375,0.0
6771,pop21,5,0.014753627777099609,0.028877875527997306
6771,pop23,1,0.0003139972686767578,0.0
6771,pop16,1,0.0002701282501220703,0.0
6772,pop47,2,0.025499582290649414,0.02510809898376465
6772,pop51,2,0.00041294097900390625,5.53131103515625e-05
6772,pop4,1,0.061491966247558594,0.0
6772,pop53,1,0.06031203269958496,0.0
6772,pop54,3,0.0003299713134765625,4.1043096497873534e-05
6772,pop52,1,0.00030517578125,0.0
6772,pop34,1,0.00024700164794921875,0.0
6772,pop35,1,0.0002257823944091797,0.0
6773,pop44,5,0.012984323501586913,0.025149844262202584
6773,pop50,1,0.00045228004455566406,0.0
6773,pop35,1,0.0002193450927734375,0.0
6774,pop32,4,0.017594099044799805,0.02982351423830551
6774,pop33,1,0.00030159950256347656,0.0
6774,pop50,1,0.0003540515899658203,0.0
6774,pop53,1,0.0003628730773925781,0.0
6774,pop1,1,0.0003228187561035156,0.0
6774,pop6,1,0.0002627372741699219,0.0
6775,pop38,2,0.034104108810424805,0.03371024131774902
6775,pop18,1,0.00025773048400878906,0.0
6775,pop19,1,0.0003619194030761719,0.0
6775,pop20,1,0.06568312644958496,0.0
6775,pop46,1,0.0002944469451904297,0.0
6775,pop45,1,0.0003955364227294922,0.0
6775,pop44,2,0.03387176990509033,0.03343832492828369
6775,pop50,2,0.00048029422760009766,0.00010097026824951172
6775,pop17,2,0.03597259521484375,0.03563094139099121
6775,pop25,2,0.00028002262115478516,6.794929504394531e-06
6775,pop27,2,0.00035893917083740234,6.258487701416016e-05
6775,pop53,1,0.0005433559417724609,0.0
6775,pop1,1,0.0003325939178466797,0.0
6775,pop6,1,0.00023412704467773438,0.0
6776,pop33,3,0.021736860275268555,0.03020061286940725
6776,pop32,4,0.000316619873046875,2.6222250403994012e-05
6776,pop50,1,0.0003840923309326172,0.0
6776,pop53,1,0.00037670135498046875,0.0
6776,pop7,1,0.00024247169494628906,0.0
6777,pop45,3,0.02197400728861491,0.030597700341876755
6777,pop46,2,0.00026535987854003906,1.430511474609375e-06
6777,pop20,4,0.00034630298614501953,6.670726458059811e-05
6777,pop44,1,0.0002951622009277344,0.0
6778,pop24,5,0.014695549011230468,0.02867969406068565
6778,pop14,1,0.0003452301025390625,0.0
6778,pop50,1,0.0003743171691894531,0.0
6778,pop55,1,0.00027823448181152344,0.0
6779,pop39,2,0.029905200004577637,0.029521822929382324
6779,pop44,2,0.0003685951232910156,7.081031799316406e-05
6779,pop50,3,0.00045688947041829425,3.850359582393967e-05
6779,pop17,1,0.07011246681213379,0.0
6779,pop14,3,0.02389836311340332,0.03322488812858687
6779,pop24,2,0.0003148317337036133,3.7789344787597656e-05
6780,pop22,4,0.014276742935180664,0.024128755805007684
6780,pop51,1,0.0005009174346923828,0.0
6780,pop19,1,0.0003285408020019531,0.0
6780,pop20,1,0.00026702880859375,0.0
6781,pop16,3,0.02127726872762044,0.029601070187524597
6781,pop23,4,0.00032770633697509766,1.2453234821001308e-05
6782,pop41,3,0.020187536875406902,0.027967693351562274
6782,pop40,2,0.02904057502746582,0.028757572174072266
6782,pop53,2,0.00043487548828125,7.104873657226562e-05
6782,pop50,1,0.00057220458984375,0.0
6782,pop44,1,0.00030040740966796875,0.0
6783,pop23,5,0.014084672927856446,0.02740704915586651
6783,pop16,1,0.0004031658172607422,0.0
6783,pop50,1,0.00047206878662109375,0.0
6783,pop51,1,0.0003998279571533203,0.0
6783,pop10,1,0.0002987384796142578,0.0
6784,pop32,3,0.04742113749186198,0.033237158631914863
6784,pop33,1,0.0002925395965576172,0.0
6784,pop37,3,0.0003484090169270833,5.8109715933553634e-05
6784,pop52,1,0.00029754638671875,0.0
6784,pop53,1,0.00034809112548828125,0.0
6784,pop7,1,0.0002167224884033203,0.0
6785,pop36,2,0.028923988342285156,0.028536081314086914
6785,pop51,2,0.00040853023529052734,4.756450653076172e-05
6785,pop9,4,0.00029850006103515625,5.419422651362098e-05
6785,pop53,1,0.0003552436828613281,0.0
6785,pop1,1,0.00031757354736328125,0.0
6785,pop6,1,0.0002429485321044922,0.0
6786,pop27,5,0.014526939392089844,0.02834596248852937
6786,pop25,1,0.00027561187744140625,0.0
6786,pop17,1,0.0003581047058105469,0.0
6786,pop50,1,0.0005097389221191406,0.0
6786,pop51,1,0.000392913818359375,0.0
6786,pop19,1,0.0004744529724121094,0.0
6786,pop20,1,0.0002646446228027344,0.0
6787,pop44,2,0.03180837631225586,0.03139686584472656
6787,pop50,2,0.0005334615707397461,6.556510925292969e-06
6787,pop17,4,0.00038427114486694336,4.32387639100959e-05
6787,pop51,1,0.0003657341003417969,0.0
6787,pop10,1,0.0002765655517578125,0.0
6788,pop16,2,0.0317455530166626,0.03133738040924072
6788,pop23,1,0.00037360191345214844,0.0
6788,pop24,4,0.0003418922424316406,6.36374426859689e-05
6788,pop14,1,0.00034499168395996094,0.0
6788,pop50,1,0.0005099773406982422,0.0
6788,pop53,1,0.00046324729919433594,0.0
6788,pop1,1,0.0003063678741455078,0.0
6788,pop6,1,0.00022459030151367188,0.0
6789,pop46,2,0.03177189826965332,0.03136634826660156
6789,pop45,1,0.0002613067626953125,0.0
6789,pop44,1,0.0003275871276855469,0.0
6789,pop50,3,0.0005356470743815104,3.7280988702422954e-05
6789,pop17,2,0.03581035137176514,0.0354381799697876
6789,pop14,2,0.03664720058441162,0.036326050758361816
6789,pop24,2,0.03801929950714111,0.03770005702972412
6789,pop55,1,0.053978919982910156,0.0
6789,pop52,2,0.00034940242767333984,4.6372413635253906e-05
6789,pop53,1,0.0004913806915283203,0.0
6789,pop54,2,0.00032651424407958984,5.519390106201172e-05
6789,pop34,1,0.00023412704467773438,0.0
6789,pop35,1,0.0002257823944091797,0.0
6790,pop10,2,0.030141353607177734,0.029730796813964844
6790,pop51,1,0.0004303455352783203,0.0
6790,pop43,1,0.000286102294921875,0.0
6790,pop40,3,0.0003281434377034505,2.328731087530216e-05
6790,pop41,1,0.00029730796813964844,0.0
6790,pop53,1,0.0004546642303466797,0.0
6790,pop50,1,0.0004227161407470703,0.0
6790,pop44,1,0.00045871734619140625,0.0
6791,pop8,2,0.02895522117614746,0.028560161590576172
6791,pop51,1,0.00036835670471191406,0.0
6791,pop43,1,0.000240325927734375,0.0
6791,pop40,2,0.029361367225646973,0.02911365032196045
6791,pop41,1,0.0003159046173095703,0.0
6791,pop53,2,0.030805468559265137,0.030390143394470215
6791,pop54,2,0.029700875282287598,0.02939021587371826
6791,pop52,2,0.0005083084106445312,8.153915405273438e-05
6791,pop50,1,0.00038433074951171875,0.0
6791,pop14,1,0.0003380775451660156,0.0
6791,pop24,1,0.00026702880859375,0.0
6792,pop56,5,0.013799333572387695,0.026872857809411323
6792,pop48,1,0.00028967857360839844,0.0
6792,pop52,1,0.0002846717834472656,0.0
6792,pop53,1,0.00037026405334472656,0.0
6792,pop50,1,0.00038743019104003906,0.0
6792,pop16,1,0.0002849102020263672,0.0
6793,pop9,4,0.014670491218566895,0.024832373616313717
6793,pop51,1,0.0003428459167480469,0.0
6793,pop19,1,0.0003311634063720703,0.0
6793,pop18,1,0.0002815723419189453,0.0
6794,pop31,2,0.028159260749816895,0.02777087688446045
6794,pop17,1,0.06935763359069824,0.0
6794,pop25,1,0.0003008842468261719,0.0
6794,pop27,1,0.00031256675720214844,0.0
6794,pop44,1,0.00028324127197265625,0.0
6794,pop50,1,0.0004379749298095703,0.0
6794,pop53,2,0.031241774559020996,0.03087460994720459
6794,pop54,1,0.05666923522949219,0.0
6794,pop52,2,0.00040781497955322266,1.704692840576172e-05
6794,pop48,3,0.022190570831298828,0.0309152532807455
6794,pop49,2,0.0003142356872558594,5.888938903808594e-05
6794,pop2,4,0.052565932273864746,0.030204759089940632
6794,pop56,2,0.07163608074188232,2.205371856689453e-05
6794,pop1,1,0.0003235340118408203,0.0
6794,pop6,1,0.00024271011352539062,0.0
6795,pop48,3,0.02211149533589681,0.030780692653993223
6795,pop49,3,0.0003204345703125,7.742720595726564e-05
6795,pop52,1,0.0004286766052246094,0.0
6795,pop53,1,0.00035953521728515625,0.0
6795,pop50,1,0.0004208087921142578,0.0
6795,pop14,1,0.00037789344787597656,0.0
6795,pop24,1,0.0002853870391845703,0.0
6796,pop44,5,0.013044309616088868,0.02523543854795683
6796,pop50,1,0.000385284423828125,0.0
6796,pop51,1,0.00041222572326660156,0.0
6796,pop19,1,0.0003151893615722656,0.0
6796,pop18,1,0.0002694129943847656,0.0
6797,pop18,3,0.022344271341959637,0.031029746196542345
6797,pop38,1,0.06978654861450195,0.0
6797,pop19,1,0.0003693103790283203,0.0
6797,pop51,3,0.0004112720489501953,5.507314357810887e-05
6797,pop10,2,0.030920863151550293,0.03065049648284912
6797,pop9,4,0.0002567768096923828,2.6819175985761275e-05
6798,pop14,5,0.013948774337768555,0.02716098138564821
6798,pop24,1,0.00026607513427734375,0.0
6799,pop40,5,0.011682891845703125,0.022617779298481272
6799,pop41,1,0.0003066062927246094,0.0
6799,pop53,1,0.0003859996795654297,0.0
6799,pop50,1,0.0004367828369140625,0.0
6799,pop44,1,0.00029206275939941406,0.0
6800,pop28,2,0.02877628803253174,0.02838575839996338
6800,pop36,1,0.0002627372741699219,0.0
6800,pop10,4,0.0003052949905395508,3.918433102279533e-05
6800,pop51,1,0.0003840923309326172,0.0
6800,pop19,1,0.00033473968505859375,0.0
6800,pop18,1,0.00026869773864746094,0.0
6801,pop48,4,0.016212880611419678,0.02748072902566142
6801,pop52,1,0.0004127025604248047,0.0
6801,pop55,1,0.00027108192443847656,0.0
6802,pop52,2,0.03042435646057129,0.02994847297668457
6802,pop55,4,0.0003008246421813965,2.9145330464544763e-05
6802,pop50,1,0.0005676746368408203,0.0
6802,pop16,1,0.0002865791320800781,0.0
6803,pop42,2,0.03000926971435547,0.02963089942932129
6803,pop43,1,0.0002734661102294922,0.0
6803,pop51,2,0.00043272972106933594,5.698204040527344e-05
6803,pop4,2,0.030962586402893066,0.03062880039215088
6803,pop53,3,0.000429232915242513,3.8552283421583714e-05
6803,pop50,1,0.0004413127899169922,0.0
6803,pop14,1,0.0003368854522705078,0.0
6803,pop24,1,0.0003066062927246094,0.0
6804,pop38,3,0.04686927795410156,0.03285049674711917
6804,pop39,1,0.0002644062042236328,0.0
6804,pop44,1,0.0644538402557373,0.0
6804,pop50,2,0.00042748451232910156,3.600120544433594e-05
6804,pop17,2,0.0004693269729614258,3.6954879760742188e-06
6804,pop51,1,0.0004496574401855469,0.0
6804,pop19,1,0.00035071372985839844,0.0
6804,pop20,1,0.0002582073211669922,0.0
6805,pop33,3,0.022142966588338215,0.030792299674814307
6805,pop32,3,0.0003284613291422526,3.4951617971164026e-05
6805,pop50,1,0.0004723072052001953,0.0
6805,pop14,1,0.00038623809814453125,0.0
6805,pop24,1,0.00026679039001464844,0.0
6806,pop8,2,0.028818845748901367,0.0284426212310791
6806,pop51,4,0.0003847479820251465,4.7851320096551925e-05
6806,pop4,5,0.012930345535278321,0.025083045744084924
6806,pop10,1,0.06212186813354492,0.0
6806,pop53,1,0.0004303455352783203,0.0
6806,pop7,1,0.00022459030151367188,0.0
6807,pop44,2,0.03185606002807617,0.03142285346984863
6807,pop50,4,0.0005236268043518066,0.00011613706163595479
6807,pop14,3,0.02317039171854655,0.03223051093961784
6807,pop24,1,0.0729684829711914,0.0
6807,pop27,1,0.00028514862060546875,0.0
6807,pop25,1,0.00028634071350097656,0.0
6807,pop17,1,0.06827092170715332,0.0
6807,pop33,2,0.0003056526184082031,9.5367431640625e-06
6807,pop32,3,0.00037670135498046875,5.442457869025315e-05
6807,pop53,1,0.0004100799560546875,0.0
6807,pop1,1,0.0003228187561035156,0.0
6807,pop6,1,0.0002446174621582031,0.0
6808,pop14,4,0.01729685068130493,0.029300118626850197
6808,pop50,1,0.0004127025604248047,0.0
6808,pop51,1,0.0003731250762939453,0.0
6809,pop28,2,0.02798616886138916,0.027609944343566895
6809,pop51,1,0.0004928112030029297,0.0
6809,pop47,2,0.02564394474029541,0.025379538536071777
6809,pop53,2,0.00041282176971435547,8.118152618408203e-05
6809,pop52,2,0.00036275386810302734,6.115436553955078e-05
6809,pop1,1,0.00032639503479003906,0.0
6809,pop15,1,0.00022602081298828125,0.0
6810,pop57,2,0.03538203239440918,0.03499555587768555
6810,pop56,1,0.0002925395965576172,0.0
6810,pop2,4,0.00029033422470092773,5.9690026879853404e-05
6810,pop49,1,0.0002636909484863281,0.0
6810,pop48,1,0.00029158592224121094,0.0
6810,pop52,1,0.0003044605255126953,0.0
6811,pop24,4,0.01840817928314209,0.03130058411461261
6811,pop23,3,0.02364961306254069,0.033028187475156984
6811,pop14,1,0.00034999847412109375,0.0
6811,pop50,1,0.0006079673767089844,0.0
6811,pop44,1,0.00027680397033691406,0.0
6812,pop22,4,0.014113783836364746,0.023833139850692305
6812,pop51,1,0.0005514621734619141,0.0
6812,pop53,1,0.0004563331604003906,0.0
6812,pop52,1,0.00029468536376953125,0.0
6813,pop41,2,0.0297696590423584,0.029349088668823242
6813,pop53,4,0.00046116113662719727,5.574264492584995e-05
6813,pop50,1,0.0003619194030761719,0.0
6813,pop14,1,0.0002930164337158203,0.0
6813,pop24,1,0.00027251243591308594,0.0
6814,pop42,2,0.029642581939697266,0.029253005981445312
6814,pop43,1,0.00029850006103515625,0.0
6814,pop51,3,0.00039267539978027344,2.3641539498349897e-05
6814,pop10,1,0.06139636039733887,0.0
6814,pop4,2,0.03160560131072998,0.03129470348358154
6814,pop50,2,0.0005142688751220703,0.00015926361083984375
6814,pop44,1,0.0002961158752441406,0.0
6814,pop27,1,0.00026798248291015625,0.0
6814,pop25,1,0.0002942085266113281,0.0
6814,pop17,3,0.000364224116007487,2.9787589776205413e-05
6814,pop53,1,0.0003654956817626953,0.0
6814,pop52,1,0.00029015541076660156,0.0
6815,pop50,4,0.0160372257232666,0.026873078992886372
6815,pop17,1,0.07047128677368164,0.0
6815,pop33,2,0.0003132820129394531,1.7404556274414062e-05
6815,pop32,3,0.0003231366475423177,2.9523070996593734e-05
6815,pop51,1,0.00046753883361816406,0.0
6816,pop37,5,0.010616874694824219,0.02057852397988131
6816,pop33,1,0.0002894401550292969,0.0
6816,pop50,1,0.0003833770751953125,0.0
6816,pop14,1,0.0002989768981933594,0.0
6816,pop24,1,0.0002982616424560547,0.0
6817,pop27,3,0.024080832799275715,0.03358344374070521
6817,pop25,2,0.00034046173095703125,6.890296936035156e-05
6817,pop17,4,0.00038361549377441406,0.00010849735107446311
6817,pop44,1,0.0003180503845214844,0.0
6817,pop50,1,0.00041294097900390625,0.0
6817,pop51,1,0.00034165382385253906,0.0
6817,pop19,1,0.00042247772216796875,0.0
6817,pop18,1,0.00025272369384765625,0.0
6818,pop52,4,0.015624582767486572,0.026388014556023763
6818,pop55,1,0.055938720703125,0.0
6818,pop50,1,0.00063323974609375,0.0
6818,pop48,4,0.016268134117126465,0.02768485784190409
6818,pop49,2,0.00030159950256347656,3.7670135498046875e-05
6818,pop34,1,0.00024366378784179688,0.0
6818,pop35,1,0.0002288818359375,0.0
6819,pop38,2,0.034540414810180664,0.03414273262023926
6819,pop18,1,0.0002846717834472656,0.0
6819,pop19,1,0.00036215782165527344,0.0
6819,pop51,2,0.0005022287368774414,0.0001150369644165039
6819,pop10,2,0.031180381774902344,0.030878067016601562
6819,pop50,2,0.0005319118499755859,4.553794860839844e-05
6819,pop17,1,0.07157421112060547,0.0
6819,pop55,2,0.053249359130859375,0.0005474090576171875
6819,pop52,4,0.00030344724655151367,1.2477033328935173e-05
6819,pop54,1,0.057236671447753906,0.0
6819,pop13,3,0.0002589225769042969,2.5193523274837568e-05
6819,pop34,1,0.0002472400665283203,0.0
6819,pop35,1,0.00021409988403320312,0.0
6820,pop14,4,0.034761011600494385,0.0343873783349383
6820,pop50,6,0.0004913409550984701,0.00011525669809959404
6820,pop17,3,0.04576555887858073,0.0320869297036521
6820,pop44,2,0.03215360641479492,0.03187394142150879
6820,pop33,2,0.00038933753967285156,6.508827209472656e-05
6820,pop32,1,0.07365894317626953,0.0
6820,pop27,1,0.0002741813659667969,0.0
6820,pop25,1,0.00031447410583496094,0.0
6820,pop24,3,0.0003020763397216797,6.01234113121426e-05
6820,pop51,1,0.0003485679626464844,0.0
6820,pop10,1,0.0002608299255371094,0.0
6821,pop30,2,0.02778339385986328,0.02739119529724121
6821,pop48,2,0.0002988576889038086,1.2040138244628906e-05
6821,pop49,1,0.06922435760498047,0.0
6821,pop52,4,0.0004119873046875,9.48562931479397e-05
6821,pop12,2,0.031097769737243652,0.03085339069366455
6821,pop54,2,0.028478264808654785,0.028170466423034668
6821,pop51,1,0.00032210350036621094,0.0
6821,pop10,1,0.000278472900390625,0.0
6822,pop4,3,0.04041028022766113,0.02827834391988908
6822,pop51,2,0.0004112720489501953,3.337860107421875e-05
6822,pop10,1,0.06165623664855957,0.0
6822,pop53,3,0.021028836568196613,0.0291158496224251
6822,pop41,2,0.0003560781478881836,5.042552947998047e-05
6822,pop40,2,0.00033795833587646484,3.707408905029297e-05
6822,pop1,1,0.00033593177795410156,0.0
6822,pop15,1,0.00033092498779296875,0.0
6823,pop6,5,0.013801002502441406,0.027026624858493758
6824,pop55,2,0.026743173599243164,0.02630305290222168
6824,pop52,4,0.00035446882247924805,2.5102756380973857e-05
6824,pop53,1,0.0003437995910644531,0.0
6824,pop7,1,0.00022339820861816406,0.0
6825,pop46,2,0.03118419647216797,0.03077840805053711
6825,pop45,1,0.00031685829162597656,0.0
6825,pop44,3,0.022217432657877605,0.03096939330385055
6825,pop50,2,0.000599980354309082,9.894371032714844e-06
6825,pop17,2,0.00041937828063964844,0.00010085105895996094
6825,pop35,1,0.00021791458129882812,0.0
6826,pop56,4,0.017367243766784668,0.029492124270039152
6826,pop48,1,0.00026679039001464844,0.0
6826,pop52,1,0.00030159950256347656,0.0
6826,pop55,1,0.00026226043701171875,0.0
6827,pop57,2,0.03595447540283203,0.0355682373046875
6827,pop56,3,0.0003101825714111328,3.836292493956755e-05
6827,pop48,1,0.0002834796905517578,0.0
6827,pop52,1,0.00030922889709472656,0.0
6828,pop22,5,0.011366319656372071,0.022000397023233226
6828,pop51,1,0.00046944618225097656,0.0
6828,pop50,1,0.0003521442413330078,0.0
6828,pop55,1,0.00027561187744140625,0.0
6829,pop53,3,0.020234346389770508,0.027973447881872834
6829,pop54,1,0.059278249740600586,0.0
6829,pop52,3,0.0003096262613932292,1.9843085609687528e-05
6829,pop48,2,0.03345906734466553,0.03305232524871826
6829,pop49,1,0.0689554214477539,0.0
6829,pop56,1,0.0002608299255371094,0.0
6829,pop12,4,0.00032067298889160156,5.938609108765858e-05
6829,pop51,1,0.0003643035888671875,0.0
6829,pop19,1,0.0003361701965332031,0.0
6829,pop20,1,0.0002536773681640625,0.0
6830,pop40,2,0.029811739921569824,0.02940809726715088
6830,pop43,1,0.00029206275939941406,0.0
6830,pop51,2,0.00041031837463378906,5.245208740234375e-06
6830,pop10,3,0.00032369295756022137,3.497112867573558e-05
6830,pop50,1,0.0005505084991455078,0.0
6830,pop44,1,0.00030422210693359375,0.0
6831,pop37,4,0.013350427150726318,0.022530121935583448
6831,pop52,1,0.00032830238342285156,0.0
6831,pop53,1,0.00041031837463378906,0.0
6831,pop51,1,0.0004031658172607422,0.0
6831,pop10,1,0.00023651123046875,0.0
6832,pop30,2,0.027550578117370605,0.027163147926330566
6832,pop48,4,0.0003101229667663574,1.80462351972539e-05
6832,pop52,1,0.00031304359436035156,0.0
6832,pop55,1,0.0002493858337402344,0.0
6833,pop21,4,0.01837831735610962,0.03123356680991701
6833,pop23,1,0.0003147125244140625,0.0
6833,pop16,1,0.00028061866760253906,0.0
6833,pop50,1,0.00041794776916503906,0.0
6833,pop44,1,0.0003032684326171875,0.0
6834,pop47,3,0.03487229347229004,0.02439041409597558
6834,pop51,3,0.0004038810729980469,5.020886211867072e-05
6834,pop22,1,0.0559544563293457,0.0
6834,pop43,1,0.0002980232238769531,0.0
6834,pop40,1,0.05673575401306152,0.0
6834,pop41,1,0.0003037452697753906,0.0
6834,pop53,3,0.00039394696553548175,1.6792673552267954e-05
6834,pop1,2,0.00032198429107666016,1.3113021850585938e-06
6834,pop6,2,0.03420138359069824,0.03394293785095215
6834,pop54,2,0.0003464221954345703,5.53131103515625e-05
6834,pop19,1,0.00033283233642578125,0.0
6834,pop18,1,0.0002715587615966797,0.0
6835,pop33,3,0.022504647572835285,0.031308677525349785
6835,pop32,4,0.00031429529190063477,2.614375501957192e-05
6835,pop50,1,0.0003638267517089844,0.0
6835,pop16,1,0.0002636909484863281,0.0
6836,pop28,2,0.028237342834472656,0.027843236923217773
6836,pop36,1,0.00026035308837890625,0.0
6836,pop10,1,0.0634768009185791,0.0
6836,pop51,1,0.0003883838653564453,0.0
6836,pop50,2,0.0004558563232421875,2.9802322387695312e-05
6836,pop17,4,0.0003732442855834961,4.252297455278756e-05
6836,pop53,1,0.000499725341796875,0.0
6836,pop1,1,0.0003273487091064453,0.0
6836,pop15,1,0.00022220611572265625,0.0
6837,pop6,5,0.013683652877807618,0.026764400834870722
6837,pop1,1,0.0004570484161376953,0.0
6837,pop53,1,0.0003845691680908203,0.0
6837,pop7,1,0.00021457672119140625,0.0
6838,pop55,2,0.02688121795654297,0.026471614837646484
6838,pop52,3,0.00039498011271158856,0.00010363437645230018
6838,pop53,1,0.00037217140197753906,0.0
6838,pop7,1,0.0003485679626464844,0.0
6839,pop45,2,0.03349912166595459,0.033100247383117676
6839,pop46,1,0.0002887248992919922,0.0
6839,pop20,2,0.033434152603149414,0.033133506774902344
6839,pop19,2,0.00035822391510009766,5.364418029785156e-06
6839,pop51,5,0.00041308403015136717,4.622556902984957e-05
6839,pop4,1,0.06592488288879395,0.0
6839,pop10,4,0.015061795711517334,0.025546294475271604
6839,pop43,2,0.0002739429473876953,2.86102294921875e-06
6839,pop40,1,0.0567011833190918,0.0
6839,pop18,1,0.00031280517578125,0.0
6840,pop39,2,0.030484557151794434,0.030088305473327637
6840,pop38,1,0.07007813453674316,0.0
6840,pop18,2,0.0003192424774169922,6.198883056640625e-05
6840,pop19,2,0.00041425228118896484,7.164478302001953e-05
6840,pop51,2,0.00035893917083740234,2.396106719970703e-05
6840,pop22,3,0.00029349327087402344,3.2775979394125266e-05
6841,pop23,2,0.034349918365478516,0.03392434120178223
6841,pop24,2,0.03702819347381592,0.03659331798553467
6841,pop14,1,0.00037407875061035156,0.0
6841,pop50,3,0.00040721893310546875,2.3895045399633154e-05
6841,pop33,2,0.0004017353057861328,0.00010776519775390625
6841,pop32,3,0.0003134409586588542,1.8794617226001676e-05
6841,pop51,1,0.00036454200744628906,0.0
6842,pop32,5,0.014642047882080077,0.02856640218228784
6842,pop33,1,0.00031948089599609375,0.0
6842,pop50,1,0.0005400180816650391,0.0
6842,pop51,1,0.0004241466522216797,0.0
6842,pop19,1,0.0003483295440673828,0.0
6842,pop18,1,0.00023436546325683594,0.0
6843,pop24,5,0.01519017219543457,0.029698739604073616
6844,pop41,2,0.030925631523132324,0.03050553798675537
6844,pop53,1,0.0003986358642578125,0.0
6844,pop52,3,0.00028967857360839844,1.1142083592937396e-05
6844,pop48,2,0.03322017192840576,0.03285539150238037
6844,pop49,1,0.0700368881225586,0.0
6844,pop56,1,0.00024318695068359375,0.0
6844,pop12,3,0.00026035308837890625,2.3382854791830387e-05
6845,pop42,2,0.02989327907562256,0.029506564140319824
6845,pop43,1,0.0002963542938232422,0.0
6845,pop40,1,0.058278799057006836,0.0
6845,pop41,1,0.0004265308380126953,0.0
6845,pop53,4,0.00045228004455566406,6.062047314416926e-05
6845,pop51,1,0.00033664703369140625,0.0
6845,pop10,1,0.00027942657470703125,0.0
6846,pop40,2,0.03025531768798828,0.029860258102416992
6846,pop41,1,0.00042128562927246094,0.0
6846,pop53,2,0.0004334449768066406,8.726119995117188e-05
6846,pop54,1,0.0002562999725341797,0.0
6846,pop52,3,0.00031884511311848957,2.3113352900968993e-05
6846,pop48,1,0.06798958778381348,0.0
6846,pop12,3,0.00031757354736328125,5.3806941048820526e-05
6846,pop1,1,0.000274658203125,0.0
6846,pop15,1,0.0002205371856689453,0.0
6847,pop37,5,0.01031036376953125,0.01994360529806622
6847,pop33,1,0.0003197193145751953,0.0
6847,pop50,1,0.00042891502380371094,0.0
6847,pop14,1,0.00031828880310058594,0.0
6847,pop24,1,0.00029540061950683594,0.0
6848,pop47,2,0.026216506958007812,0.0258328914642334
6848,pop53,2,0.0004189014434814453,6.723403930664062e-05
6848,pop52,8,0.015362977981567383,0.025982436911186783
6848,pop48,2,0.03394126892089844,0.0336761474609375
6848,pop49,1,0.07042312622070312,0.0
6848,pop54,2,0.02848374843597412,0.02823817729949951
6848,pop13,2,0.06149554252624512,6.127357482910156e-05
6848,pop7,1,0.00021839141845703125,0.0
6849,pop36,2,0.028728485107421875,0.028332948684692383
6849,pop10,1,0.06171751022338867,0.0
6849,pop51,2,0.00044167041778564453,0.00012242794036865234
6849,pop43,1,0.0004050731658935547,0.0
6849,pop40,1,0.05988287925720215,0.0
6849,pop41,1,0.0002980232238769531,0.0
6849,pop53,3,0.00039887428283691406,1.684974567770829e-05
6850,pop16,2,0.03185594081878662,0.0314563512802124
6850,pop23,2,0.035247087478637695,0.034912824630737305
6850,pop24,5,0.015064191818237305,0.02935690253211931
6850,pop14,1,0.0002999305725097656,0.0
6850,pop50,1,0.0005638599395751953,0.0
6850,pop51,1,0.0003516674041748047,0.0
6850,pop19,1,0.0003535747528076172,0.0
6850,pop20,1,0.00025200843811035156,0.0
6851,pop27,5,0.014797830581665039,0.02892037222032231
6851,pop44,1,0.0003120899200439453,0.0
6852,pop52,3,0.020387649536132812,0.028293570025325978
6852,pop48,4,0.016895055770874023,0.0287636978347819
6852,pop56,2,0.0003333091735839844,4.982948303222656e-05
6852,pop53,1,0.0003504753112792969,0.0
6852,pop50,1,0.0004303455352783203,0.0
6852,pop16,1,0.0003600120544433594,0.0
6853,pop38,5,0.014130830764770508,0.02755324426401943
6853,pop18,1,0.000400543212890625,0.0
6853,pop19,1,0.0003566741943359375,0.0
6853,pop51,1,0.0004925727844238281,0.0
6853,pop53,1,0.0005297660827636719,0.0
6853,pop7,1,0.00021266937255859375,0.0
6854,pop14,3,0.04676063855489095,0.032754665815124887
6854,pop50,2,0.0003917217254638672,4.315376281738281e-05
6854,pop33,2,0.00029981136322021484,5.364418029785156e-06
6854,pop32,3,0.00032981236775716144,4.258039830550191e-05
6854,pop51,1,0.0003287792205810547,0.0
6854,pop10,1,0.0002551078796386719,0.0
6855,pop21,4,0.018093347549438477,0.030749897461119752
6855,pop23,1,0.0002582073211669922,0.0
6855,pop16,1,0.0002803802490234375,0.0
6855,pop50,1,0.00040435791015625,0.0
6855,pop55,1,0.0002675056457519531,0.0
6856,pop6,5,0.013684749603271484,0.026652798379228158
6856,pop1,1,0.0003497600555419922,0.0
6856,pop53,1,0.00044608116149902344,0.0
6856,pop50,1,0.00043845176696777344,0.0
6856,pop44,1,0.0002956390380859375,0.0
6857,pop55,5,0.02216506004333496,0.02667177591542204
6857,pop50,3,0.0004471143086751302,4.7987263159454765e-05
6857,pop52,2,0.0004171133041381836,0.00010573863983154297
6857,pop56,1,0.000274658203125,0.0
6857,pop48,1,0.06453466415405273,0.0
6857,pop44,2,0.0003713369369506836,7.736682891845703e-05
6857,pop16,1,0.00026345252990722656,0.0
6858,pop39,2,0.030768871307373047,0.030379295349121094
6858,pop38,3,0.023780981699625652,0.03314135187263903
6858,pop18,1,0.00029015541076660156,0.0
6858,pop19,3,0.00036446253458658856,8.879853666469875e-05
6858,pop51,4,0.00036907196044921875,2.3058910208940884e-05
6858,pop4,3,0.020205020904541016,0.028018169529986345
6858,pop20,1,0.06607842445373535,0.0
6858,pop50,1,0.0004284381866455078,0.0
6858,pop16,1,0.00026297569274902344,0.0
6859,pop42,2,0.029933571815490723,0.029541611671447754
6859,pop43,1,0.0002961158752441406,0.0
6859,pop40,4,0.0003612637519836426,0.00011131190950427516
6859,pop41,1,0.0002944469451904297,0.0
6859,pop53,1,0.0003612041473388672,0.0
6859,pop52,1,0.00030612945556640625,0.0
6859,pop34,1,0.00023174285888671875,0.0
6859,pop35,1,0.0002262592315673828,0.0
6860,pop40,3,0.0390616257985433,0.027320551353209366
6860,pop41,1,0.0004200935363769531,0.0
6860,pop53,4,0.015537381172180176,0.02606617113066355
6860,pop54,1,0.06037616729736328,0.0
6860,pop50,1,0.00047326087951660156,0.0
6860,pop14,1,0.0003674030303955078,0.0
6860,pop24,1,0.00029969215393066406,0.0
6861,pop47,2,0.026204943656921387,0.025824427604675293
6861,pop53,2,0.030728816986083984,0.03035736083984375
6861,pop54,1,0.05848050117492676,0.0
6861,pop52,2,0.0003082752227783203,1.7642974853515625e-05
6861,pop12,4,0.00028759241104125977,5.135122625005648e-05
6861,pop50,1,0.0003681182861328125,0.0
6861,pop14,1,0.00036525726318359375,0.0
6861,pop24,1,0.0002872943878173828,0.0
6862,pop10,5,0.012333536148071289,0.024010516578409153
6862,pop51,1,0.0003559589385986328,0.0
6863,pop9,4,0.014875650405883789,0.025171734266595913
6863,pop51,1,0.0004520416259765625,0.0
6863,pop53,1,0.00039839744567871094,0.0
6863,pop1,1,0.000316619873046875,0.0
6863,pop6,1,0.00023651123046875,0.0
6864,pop31,2,0.028600692749023438,0.028191566467285156
6864,pop17,4,0.0004496574401855469,9.715622919245831e-05
6864,pop50,1,0.0003712177276611328,0.0
6864,pop53,1,0.0003814697265625,0.0
6864,pop47,1,0.0002357959747314453,0.0
6865,pop4,2,0.03064441680908203,0.03023076057434082
6865,pop51,4,0.00046253204345703125,6.938451737865576e-05
6865,pop10,3,0.02078700065612793,0.028903077309201605
6865,pop19,3,0.0003066062927246094,2.8359453197395848e-05
6865,pop20,3,0.02306850751241048,0.0322920162174023
6866,pop23,2,0.03461766242980957,0.034192800521850586
6866,pop24,4,0.000376284122467041,6.998577790816395e-05
6866,pop14,1,0.0002999305725097656,0.0
6866,pop50,1,0.00048089027404785156,0.0
6866,pop35,1,0.0002288818359375,0.0
6867,pop24,5,0.014861822128295898,0.028921584512004113
6867,pop14,1,0.0003483295440673828,0.0
6867,pop50,1,0.0004520416259765625,0.0
6867,pop51,1,0.00039768218994140625,0.0
6867,pop19,1,0.0003674030303955078,0.0
6867,pop20,1,0.0002655982971191406,0.0
6868,pop38,3,0.046682516733805336,0.03271836131356164
6868,pop18,1,0.00028967857360839844,0.0
6868,pop19,1,0.0004820823669433594,0.0
6868,pop20,1,0.06804585456848145,0.0
6868,pop46,1,0.00026226043701171875,0.0
6868,pop51,5,0.00037846565246582033,5.29067104565383e-05
6868,pop10,3,0.020037333170572918,0.027854273209368854
6868,pop4,1,0.06125378608703613,0.0
6868,pop47,2,0.026010632514953613,0.0257796049118042
6869,pop6,2,0.03424656391143799,0.0338517427444458
6869,pop1,1,0.0003440380096435547,0.0
6869,pop53,3,0.020451863606770832,0.028391748216703802
6869,pop54,1,0.05867266654968262,0.0
6869,pop52,2,0.00031197071075439453,1.0848045349121094e-05
6869,pop12,3,0.00030573209126790363,6.451600680865691e-05
6869,pop51,1,0.0003287792205810547,0.0
6869,pop19,1,0.0002875328063964844,0.0
6869,pop20,1,0.0002624988555908203,0.0
6870,pop39,2,0.031461477279663086,0.031064510345458984
6870,pop44,2,0.03336513042449951,0.03307640552520752
6870,pop50,2,0.00044023990631103516,4.1604042053222656e-05
6870,pop17,4,0.00034695863723754883,3.863093779865122e-05
6871,pop40,3,0.038877407709757485,0.02721301846883554
6871,pop41,1,0.00030422210693359375,0.0
6871,pop53,2,0.00048732757568359375,9.846687316894531e-05
6871,pop54,2,0.0003647804260253906,9.632110595703125e-05
6871,pop51,1,0.0003542900085449219,0.0
6872,pop18,3,0.022857109705607098,0.03180070843330675
6872,pop38,3,0.0003394285837809245,4.6449150073377155e-05
6873,pop48,5,0.013289165496826173,0.02585669025850342
6873,pop52,1,0.00031685829162597656,0.0
6873,pop53,1,0.0003666877746582031,0.0
6873,pop50,1,0.0003936290740966797,0.0
6873,pop14,1,0.00029277801513671875,0.0
6873,pop24,1,0.0002810955047607422,0.0
6874,pop53,5,0.012211418151855469,0.023419519497733216
6874,pop50,1,0.0004496574401855469,0.0
6874,pop14,1,0.0003113746643066406,0.0
6874,pop24,1,0.0002646446228027344,0.0
6875,pop14,2,0.034536123275756836,0.03409147262573242
6875,pop24,1,0.00033164024353027344,0.0
6875,pop23,4,0.0003566145896911621,4.6705212310025356e-05
6875,pop16,1,0.0002779960632324219,0.0
6875,pop50,1,0.00043129920959472656,0.0
6875,pop51,1,0.00046753883361816406,0.0
6875,pop19,1,0.0003807544708251953,0.0
6875,pop20,1,0.0002624988555908203,0.0
6876,pop55,2,0.02691519260406494,0.026505351066589355
6876,pop52,3,0.0003039042154947917,2.2885147970720426e-05
6876,pop48,2,0.033136963844299316,0.032801270484924316
6876,pop49,1,0.06883668899536133,0.0
6876,pop56,1,0.00024437904357910156,0.0
6876,pop12,4,0.0002778768539428711,6.796006485433042e-05
6876,pop53,1,0.0003578662872314453,0.0
6876,pop1,1,0.00030422210693359375,0.0
6876,pop6,1,0.0003497600555419922,0.0
6877,pop10,2,0.03041541576385498,0.030002713203430176
6877,pop51,2,0.00037801265716552734,2.2530555725097656e-05
6877,pop4,2,0.031146526336669922,0.030841827392578125
6877,pop50,2,0.00043714046478271484,8.738040924072266e-05
6877,pop17,3,0.0003859202067057292,4.1318397576912296e-05
6877,pop35,1,0.0002105236053466797,0.0
6878,pop9,4,0.015123188495635986,0.025575021696773274
6878,pop51,1,0.0005114078521728516,0.0
6878,pop50,1,0.0004706382751464844,0.0
6878,pop14,1,0.000347137451171875,0.0
6878,pop24,1,0.00031447410583496094,0.0
6879,pop4,2,0.030643820762634277,0.030233263969421387
6879,pop51,1,0.0003533363342285156,0.0
6879,pop22,3,0.00031693776448567707,3.896002435708591e-05
6879,pop21,1,0.0002703666687011719,0.0
6879,pop23,1,0.0003199577331542969,0.0
6879,pop16,1,0.000274658203125,0.0
6880,pop23,3,0.04663530985514323,0.03268579317655254
6880,pop24,3,0.00029548009236653644,3.646808549318599e-05
6880,pop14,1,0.0003864765167236328,0.0
6880,pop50,1,0.0003876686096191406,0.0
6880,pop44,1,0.00026917457580566406,0.0
6881,pop8,2,0.02953195571899414,0.029150009155273438
6881,pop51,2,0.0005005598068237305,6.794929504394531e-06
6881,pop22,4,0.0003109574317932129,6.174267325458353e-05
6881,pop10,1,0.00029468536376953125,0.0
6882,pop44,3,0.04336237907409668,0.030353572387362557
6882,pop50,2,0.0003757476806640625,1.430511474609375e-05
6882,pop14,2,0.00031745433807373047,3.5643577575683594e-05
6882,pop24,2,0.0003057718276977539,4.0411949157714844e-05
6882,pop51,1,0.0003161430358886719,0.0
6883,pop33,3,0.022368351618448894,0.03112636659091035
6883,pop32,3,0.0003631114959716797,3.977662278992185e-05
6883,pop50,1,0.0004019737243652344,0.0
6883,pop55,1,0.0003020763397216797,0.0
6884,pop24,5,0.030326414108276366,0.03672033908863025
6884,pop23,1,0.06953191757202148,0.0
6885,pop38,2,0.03534877300262451,0.03494822978973389
6885,pop18,1,0.00031256675720214844,0.0
6885,pop19,1,0.00048065185546875,0.0
6885,pop51,2,0.0003933906555175781,2.3126602172851562e-05
6885,pop22,4,0.0003038644790649414,7.640645924722216e-05
6885,pop53,1,0.0003807544708251953,0.0
6885,pop7,1,0.00022673606872558594,0.0
6886,pop39,2,0.0303727388381958,0.029998421669006348
6886,pop44,1,0.00030159950256347656,0.0
6886,pop50,3,0.0004581610361735026,8.408987194947992e-05
6886,pop17,4,0.0179593563079834,0.030459768844718817
6886,pop25,1,0.00023627281188964844,0.0
6886,pop27,1,0.00023746490478515625,0.0
6886,pop14,2,0.03475046157836914,0.03447103500366211
6886,pop24,1,0.07355093955993652,0.0
6886,pop35,1,0.00031757354736328125,0.0
6887,pop48,5,0.01331934928894043,0.025903714491648862
6887,pop52,1,0.00031638145446777344,0.0
6887,pop55,1,0.0002598762512207031,0.0
6888,pop4,3,0.04135735829671224,0.028958824051117667
6888,pop51,2,0.00044536590576171875,5.030632019042969e-05
6888,pop10,3,0.00030501683553059894,2.3826223121331268e-05
6888,pop53,1,0.00035309791564941406,0.0
6888,pop7,1,0.00021123886108398438,0.0
6889,pop41,2,0.03066396713256836,0.030238866806030273
6889,pop53,4,0.03112107515335083,0.03067938067726529
6889,pop54,2,0.030432820320129395,0.030136942863464355
6889,pop52,2,0.0003775358200073242,7.426738739013672e-05
6889,pop50,1,0.0004832744598388672,0.0
6889,pop16,1,0.0002753734588623047,0.0
6890,pop14,2,0.0348818302154541,0.034446001052856445
6890,pop50,2,0.0006051063537597656,0.00018215179443359375
6890,pop44,1,0.0003020763397216797,0.0
6890,pop27,1,0.00024890899658203125,0.0
6890,pop25,1,0.00024437904357910156,0.0
6890,pop17,4,0.00033146142959594727,6.437376141116994e-05
6890,pop53,1,0.0004887580871582031,0.0
6890,pop1,1,0.00031566619873046875,0.0
6890,pop6,1,0.00024008750915527344,0.0
6891,pop33,3,0.022492329279581707,0.03134271061829285
6891,pop32,4,0.0003222823143005371,2.9478398909476216e-05
6891,pop50,1,0.00042366981506347656,0.0
6891,pop44,1,0.00041985511779785156,0.0
6892,pop39,2,0.030320048332214355,0.02992689609527588
6892,pop44,3,0.0003056526184082031,1.5674095071691133e-05
6892,pop50,4,0.0005391836166381836,0.00016771408317730783
6892,pop27,2,0.00027549266815185547,2.0265579223632812e-06
6892,pop25,2,0.00025343894958496094,1.0251998901367188e-05
6892,pop17,2,0.06892061233520508,0.0006628036499023438
6892,pop16,1,0.0002713203430175781,0.0
6892,pop23,1,0.0003380775451660156,0.0
6892,pop24,3,0.02482748031616211,0.03457408410309068
6892,pop14,2,0.035065293312072754,0.03478658199310303
6892,pop53,1,0.061658620834350586,0.0
6892,pop52,2,0.03210341930389404,0.031796813011169434
6892,pop13,2,0.032539963722229004,0.032302260398864746
6892,pop12,1,0.0002620220184326172,0.0
6893,pop50,3,0.02209949493408203,0.030549791279694073
6893,pop17,4,0.0003787875175476074,5.10122096185802e-05
6893,pop53,1,0.0005311965942382812,0.0
6893,pop54,1,0.00028204917907714844,0.0
6893,pop52,1,0.0002970695495605469,0.0
6894,pop36,2,0.02869868278503418,0.028307199478149414
6894,pop51,2,0.00035452842712402344,2.4318695068359375e-05
6894,pop4,3,0.020143906275431316,0.02805350445921289
6894,pop43,1,0.0002739429473876953,0.0
6894,pop40,1,0.056545257568359375,0.0
6894,pop41,1,0.00030112266540527344,0.0
6894,pop53,2,0.0003781318664550781,1.9550323486328125e-05
6894,pop1,2,0.0003120899200439453,3.790855407714844e-05
6894,pop6,2,0.00029587745666503906,4.982948303222656e-05
6894,pop50,1,0.0005674362182617188,0.0
6894,pop14,1,0.0003788471221923828,0.0
6894,pop24,1,0.0003209114074707031,0.0
6895,pop27,6,0.012263894081115723,0.026664764090065657
6895,pop25,2,0.0003352165222167969,7.033348083496094e-05
6895,pop17,1,0.0005578994750976562,0.0
6895,pop44,1,0.00029540061950683594,0.0
6895,pop50,1,0.0003466606140136719,0.0
6895,pop53,1,0.0003445148468017578,0.0
6895,pop1,1,0.0003147125244140625,0.0
6895,pop6,1,0.00023221969604492188,0.0
6896,pop42,2,0.0303269624710083,0.029938340187072754
6896,pop43,2,0.0002868175506591797,1.5974044799804688e-05
6896,pop51,3,0.00044147173563639325,3.864457183333781e-05
6896,pop4,2,0.03221714496612549,0.031916260719299316
6896,pop10,2,0.0003833770751953125,7.295608520507812e-05
6896,pop11,1,0.0003323554992675781,0.0
6896,pop19,1,0.0004918575286865234,0.0
6896,pop18,1,0.00025534629821777344,0.0
6897,pop47,4,0.013244152069091797,0.02233314567928544
6897,pop53,1,0.0004115104675292969,0.0
6897,pop1,1,0.000347137451171875,0.0
6897,pop6,1,0.00023937225341796875,0.0
6898,pop44,4,0.03246384859085083,0.032078131018968066
6898,pop50,2,0.0004082918167114258,2.8014183044433594e-05
6898,pop17,2,0.0004673004150390625,7.033348083496094e-05
6898,pop51,1,0.00031113624572753906,0.0
6898,pop19,1,0.00037288665771484375,0.0
6898,pop18,1,0.0002713203430175781,0.0
6899,pop38,2,0.03569352626800537,0.03528130054473877
6899,pop18,1,0.0002613067626953125,0.0
6899,pop19,1,0.0003578662872314453,0.0
6899,pop20,3,0.0002868175506591797,1.1699527880082414e-05
6900,pop4,3,0.042281548182169594,0.029602988454184857
6900,pop51,1,0.00039458274841308594,0.0
6900,pop43,1,0.0002682209014892578,0.0
6900,pop40,2,0.0003587007522583008,7.021427154541016e-05
6900,pop41,1,0.0002865791320800781,0.0
6900,pop53,1,0.00035071372985839844,0.0
6900,pop52,1,0.00029540061950683594,0.0
6900,pop34,1,0.0002465248107910156,0.0
6900,pop35,1,0.000217437744140625,0.0
6901,pop33,3,0.022647539774576824,0.03150941596068117
6901,pop32,4,0.0003482699394226074,7.887681075047281e-05
6901,pop50,1,0.00045228004455566406,0.0
6901,pop51,1,0.00042438507080078125,0.0
6902,pop46,2,0.031713247299194336,0.031317949295043945
6902,pop20,3,0.022429704666137695,0.0313267629237329
6902,pop19,2,0.000354766845703125,3.504753112792969e-05
6902,pop51,2,0.0003955364227294922,8.177757263183594e-05
6902,pop50,2,0.0005577802658081055,0.0002027750015258789
6902,pop44,1,0.0002906322479248047,0.0
6902,pop27,3,0.00036780039469401043,0.00012147659926148995
6902,pop25,3,0.00027179718017578125,1.4503742461777358e-05
6902,pop17,2,0.03484189510345459,0.03440201282501221
6903,pop56,3,0.04682342211405436,0.03282022703391354
6903,pop48,2,0.033188700675964355,0.032923102378845215
6903,pop49,4,0.034084320068359375,0.033839667956002045
6903,pop2,3,0.02391370137532552,0.03345071823932743
6903,pop52,2,0.00040471553802490234,7.56978988647461e-05
6903,pop53,1,0.00044083595275878906,0.0
6903,pop51,1,0.00034236907958984375,0.0
6903,pop19,1,0.00038552284240722656,0.0
6903,pop20,1,0.0002655982971191406,0.0
6904,pop57,2,0.03608846664428711,0.03568911552429199
6904,pop56,3,0.023560285568237305,0.03294484287167871
6904,pop48,2,0.00042891502380371094,0.00012540817260742188
6904,pop52,1,0.0002980232238769531,0.0
6904,pop53,1,0.0003905296325683594,0.0
6904,pop47,1,0.00023102760314941406,0.0
6905,pop22,3,0.03878227869669596,0.027154811451802454
6905,pop21,2,0.03619706630706787,0.03588736057281494
6905,pop23,1,0.00030922889709472656,0.0
6905,pop24,1,0.0002989768981933594,0.0
6905,pop14,2,0.00034987926483154297,1.1563301086425781e-05
6905,pop50,1,0.0004935264587402344,0.0
6905,pop44,1,0.0003190040588378906,0.0
6906,pop40,2,0.029234647750854492,0.028809309005737305
6906,pop41,1,0.0003108978271484375,0.0
6906,pop53,2,0.03064274787902832,0.030261754989624023
6906,pop54,4,0.00033783912658691406,6.954572279371422e-05
6906,pop51,1,0.00045561790466308594,0.0
6906,pop19,1,0.0003864765167236328,0.0
6906,pop18,1,0.0002560615539550781,0.0
6907,pop30,2,0.02768862247467041,0.027297139167785645
6907,pop48,2,0.03486061096191406,0.034447431564331055
6907,pop52,2,0.03127110004425049,0.030980944633483887
6907,pop54,2,0.00034427642822265625,6.079673767089844e-05
6907,pop53,1,0.00043511390686035156,0.0
6907,pop51,1,0.0003643035888671875,0.0
6907,pop19,1,0.0002751350402832031,0.0
6907,pop18,1,0.0002474784851074219,0.0
6908,pop18,3,0.023038069407145183,0.032097811802816456
6908,pop38,4,0.00033926963806152344,9.456866253040584e-05
6908,pop19,1,0.00035071372985839844,0.0
6908,pop51,1,0.0004436969757080078,0.0
6908,pop53,1,0.0003733634948730469,0.0
6908,pop52,1,0.00030493736267089844,0.0
6909,pop55,2,0.02751338481903076,0.027115702629089355
6909,pop52,4,0.000337064266204834,2.626252617111786e-05
6909,pop53,1,0.00041294097900390625,0.0
6909,pop7,1,0.00022292137145996094,0.0
6910,pop10,2,0.030375242233276367,0.029971599578857422
6910,pop51,3,0.0004916985829671224,9.908394916122328e-05
6910,pop19,2,0.0004342794418334961,8.26120376586914e-05
6910,pop20,2,0.033968329429626465,0.03371989727020264
6910,pop9,3,0.00030461947123209637,4.109031217315283e-05
6910,pop50,1,0.000431060791015625,0.0
6910,pop16,1,0.00026607513427734375,0.0
6911,pop9,5,0.012091493606567383,0.023535511399165553
6911,pop51,1,0.00040411949157714844,0.0
6911,pop19,1,0.00034737586975097656,0.0
6911,pop18,1,0.0002682209014892578,0.0
6912,pop44,2,0.03265941143035889,0.03205978870391846
6912,pop45,1,0.0002760887145996094,0.0
6912,pop46,1,0.00028967857360839844,0.0
6912,pop20,1,0.0004150867462158203,0.0
6912,pop19,1,0.00038886070251464844,0.0
6912,pop51,1,0.00045228004455566406,0.0
6912,pop50,2,0.00043976306915283203,5.805492401123047e-05
6912,pop33,1,0.0004324913024902344,0.0
6912,pop32,3,0.00038544336954752606,0.00012975788642570957
6912,pop53,1,0.0003840923309326172,0.0
6912,pop47,1,0.0002391338348388672,0.0
6913,pop33,3,0.022731304168701172,0.03163276665688678
6913,pop32,2,0.03707396984100342,0.036781907081604004
6913,pop50,2,0.0004355907440185547,2.8848648071289062e-05
6913,pop17,3,0.0003916422526041667,7.63764365926568e-05
6913,pop51,1,0.00033974647521972656,0.0
6914,pop56,5,0.02798633575439453,0.03386397484872562
6914,pop2,3,0.024074554443359375,0.03367971570558603
6914,pop49,1,0.07076859474182129,0.0
6914,pop48,1,0.0003070831298828125,0.0
6914,pop52,1,0.0002987384796142578,0.0
6914,pop53,1,0.00034809112548828125,0.0
6914,pop7,1,0.0002193450927734375,0.0
6915,pop22,5,0.011579084396362304,0.022450759251808176
6915,pop21,1,0.0002734661102294922,0.0
6915,pop23,1,0.0002868175506591797,0.0
6915,pop16,1,0.0002338886260986328,0.0
6916,pop28,2,0.028776168823242188,0.028384685516357422
6916,pop36,1,0.000278472900390625,0.0
6916,pop10,2,0.029598116874694824,0.029342055320739746
6916,pop51,2,0.0003399848937988281,2.002716064453125e-05
6916,pop4,3,0.0003266334533691406,5.591953475437383e-05
6917,pop24,5,0.014978408813476562,0.029212633565916583
6917,pop14,1,0.00036787986755371094,0.0
6917,pop50,1,0.00037980079650878906,0.0
6917,pop35,1,0.00021195411682128906,0.0
6918,pop46,2,0.03238368034362793,0.03198528289794922
6918,pop20,3,0.022275686264038086,0.031105051045716123
6918,pop19,2,0.0003660917282104492,1.2755393981933594e-05
6918,pop51,2,0.0004191398620605469,2.4557113647460938e-05
6918,pop4,3,0.0003243287404378255,2.4546952393228428e-05
6919,pop55,2,0.027118206024169922,0.026714086532592773
6919,pop52,3,0.0003922780354817708,8.622413397818798e-05
6919,pop53,1,0.0004279613494873047,0.0
6919,pop51,1,0.0003981590270996094,0.0
6919,pop19,1,0.000316619873046875,0.0
6919,pop18,1,0.0002765655517578125,0.0
6920,pop9,5,0.012232255935668946,0.02382000011021741
6920,pop51,1,0.0003521442413330078,0.0
6920,pop19,1,0.000354766845703125,0.0
6920,pop20,1,0.0002651214599609375,0.0
6921,pop44,5,0.013469171524047852,0.026177035178951168
6921,pop50,1,0.0005033016204833984,0.0
6921,pop35,1,0.00021886825561523438,0.0
6922,pop33,3,0.022618214289347332,0.0314831267400301
6922,pop32,4,0.0003172159194946289,3.10097711377168e-05
6922,pop50,1,0.0005323886871337891,0.0
6922,pop55,1,0.0003917217254638672,0.0
6923,pop45,2,0.03412008285522461,0.03371596336364746
6923,pop44,4,0.00032263994216918945,1.4150674933664211e-05
6923,pop50,1,0.00035452842712402344,0.0
6923,pop51,1,0.00034999847412109375,0.0
6924,pop32,4,0.01833134889602661,0.03108808543053908
6924,pop33,1,0.0003020763397216797,0.0
6924,pop50,1,0.00049591064453125,0.0
6924,pop53,1,0.00035572052001953125,0.0
6924,pop1,1,0.00032448768615722656,0.0
6924,pop6,1,0.0002357959747314453,0.0
6925,pop37,4,0.013660192489624023,0.02297809219369404
6925,pop52,1,0.0004222393035888672,0.0
6925,pop53,1,0.00035071372985839844,0.0
6925,pop1,1,0.0003209114074707031,0.0
6925,pop15,1,0.0002243518829345703,0.0
6926,pop41,3,0.02105061213175456,0.029268555277672286
6926,pop40,1,0.05879831314086914,0.0
6926,pop53,2,0.00044524669647216797,6.139278411865234e-05
6926,pop54,3,0.038606723149617515,0.02712976632344441
6926,pop52,4,0.015107989311218262,0.02552479594527998
6926,pop48,2,0.00034797191619873047,3.9696693420410156e-05
6926,pop55,1,0.0003781318664550781,0.0
6926,pop50,1,0.0004925727844238281,0.0
6926,pop14,1,0.0003495216369628906,0.0
6926,pop24,1,0.00029206275939941406,0.0
6927,pop14,2,0.03585541248321533,0.03541266918182373
6927,pop24,4,0.00032407045364379883,1.8081636588510833e-05
6928,pop18,2,0.03373277187347412,0.03330981731414795
6928,pop38,2,0.03585183620452881,0.03545582294464111
6928,pop39,1,0.0002567768096923828,0.0
6928,pop44,3,0.00034538904825846356,7.519232969819638e-05
6928,pop50,1,0.0003960132598876953,0.0
6928,pop35,1,0.0002231597900390625,0.0
6929,pop10,2,0.030385971069335938,0.029974937438964844
6929,pop51,1,0.0006389617919921875,0.0
6929,pop43,1,0.00028896331787109375,0.0
6929,pop40,1,0.06133103370666504,0.0
6929,pop41,1,0.00029587745666503906,0.0
6929,pop53,2,0.0003993511199951172,1.4066696166992188e-05
6929,pop52,2,0.0002878904342651367,7.748603820800781e-06
6929,pop12,4,0.0002841949462890625,3.93065404816649e-05
6929,pop1,1,0.0003292560577392578,0.0
6929,pop15,1,0.00022125244140625,0.0
6930,pop9,5,0.01208195686340332,0.02350975926429157
6930,pop51,1,0.0003845691680908203,0.0
6930,pop50,1,0.0003533363342285156,0.0
6930,pop16,1,0.00027060508728027344,0.0
6931,pop16,2,0.03209841251373291,0.03168284893035889
6931,pop23,1,0.0003361701965332031,0.0
6931,pop24,2,0.03835928440093994,0.03804314136505127
6931,pop14,1,0.0003573894500732422,0.0
6931,pop50,3,0.0004010200500488281,2.910725356872504e-05
6931,pop17,1,0.06727099418640137,0.0
6931,pop33,2,0.0003132820129394531,5.9604644775390625e-06
6931,pop32,3,0.0003247261047363281,5.774653516922415e-05
6931,pop35,1,0.00021147727966308594,0.0
6932,pop52,3,0.02102033297220866,0.029200492482404722
6932,pop12,3,0.00031002362569173175,5.1138176193218094e-05
6932,pop53,1,0.00037789344787597656,0.0
6932,pop50,2,0.0004591941833496094,2.5272369384765625e-05
6932,pop14,1,0.0004596710205078125,0.0
6932,pop27,1,0.0002789497375488281,0.0
6932,pop25,1,0.0002493858337402344,0.0
6932,pop17,1,0.00033020973205566406,0.0
6932,pop16,1,0.0002512931823730469,0.0
6932,pop23,1,0.00031495094299316406,0.0
6932,pop24,1,0.00025343894958496094,0.0
6933,pop21,2,0.03711962699890137,0.0367128849029541
6933,pop23,1,0.00026345252990722656,0.0
6933,pop24,3,0.0003165404001871745,4.311898857777355e-05
6933,pop14,1,0.00031638145446777344,0.0
6933,pop50,1,0.0004069805145263672,0.0
6933,pop51,1,0.00031304359436035156,0.0
6933,pop10,1,0.0002751350402832031,0.0
6934,pop42,2,0.030303120613098145,0.0299149751663208
6934,pop43,2,0.00029587745666503906,7.62939453125e-06
6934,pop40,2,0.03073251247406006,0.030300259590148926
6934,pop51,2,0.0003921985626220703,4.458427429199219e-05
6934,pop10,2,0.0003293752670288086,3.7789344787597656e-05
6934,pop50,1,0.00046563148498535156,0.0
6934,pop44,1,0.0002951622009277344,0.0
6935,pop47,2,0.02628946304321289,0.025899171829223633
6935,pop53,2,0.0003960132598876953,5.0067901611328125e-05
6935,pop54,1,0.055875301361083984,0.0
6935,pop52,3,0.0004020531972249349,6.294049796042065e-05
6935,pop55,3,0.018171389897664387,0.02532042169507178
6935,pop51,1,0.00032806396484375,0.0
6935,pop19,1,0.0003018379211425781,0.0
6935,pop18,1,0.00026226043701171875,0.0
6936,pop38,3,0.023760239283243816,0.03313611573733316
6936,pop18,2,0.0002976655960083008,1.1801719665527344e-05
6936,pop19,2,0.000516057014465332,5.364418029785156e-06
6936,pop51,3,0.0003898938496907552,7.621302220433537e-05
6936,pop43,2,0.0003421306610107422,7.724761962890625e-05
6936,pop40,1,0.060158729553222656,0.0
6936,pop39,1,0.0003521442413330078,0.0
6936,pop44,2,0.032268524169921875,0.03197193145751953
6936,pop45,2,0.0002601146697998047,1.0728836059570312e-05
6936,pop46,2,0.00025975704193115234,2.0265579223632812e-06
6936,pop20,2,0.03284871578216553,0.03256785869598389
6936,pop50,2,0.0004023313522338867,3.540515899658203e-05
6936,pop17,2,0.00042247772216796875,1.3828277587890625e-05
6936,pop10,1,0.0002853870391845703,0.0
6937,pop28,2,0.02955341339111328,0.029178857803344727
6937,pop51,2,0.0004374980926513672,6.818771362304688e-05
6937,pop43,2,0.00027060508728027344,8.344650268554688e-06
6937,pop40,4,0.0002733469009399414,3.3714739152258954e-05
6938,pop24,5,0.01501779556274414,0.02926474447721673
6938,pop14,1,0.0004010200500488281,0.0
6938,pop50,1,0.0004062652587890625,0.0
6938,pop51,1,0.00030994415283203125,0.0
6939,pop46,2,0.03171586990356445,0.03130841255187988
6939,pop45,1,0.0002713203430175781,0.0
6939,pop44,1,0.0003170967102050781,0.0
6939,pop50,2,0.00045228004455566406,9.5367431640625e-05
6939,pop14,2,0.03392601013183594,0.033565521240234375
6939,pop24,2,0.03617668151855469,0.035913944244384766
6939,pop23,2,0.0004038810729980469,7.271766662597656e-05
6939,pop16,1,0.00029349327087402344,0.0
6939,pop53,1,0.0004150867462158203,0.0
6939,pop52,1,0.0003275871276855469,0.0
6940,pop55,2,0.02720928192138672,0.02679920196533203
6940,pop52,4,0.0003806948661804199,8.397249504692242e-05
6940,pop53,1,0.0005009174346923828,0.0
6940,pop47,1,0.00022602081298828125,0.0
6941,pop44,2,0.03288400173187256,0.0324627161026001
6941,pop50,2,0.00039970874786376953,3.635883331298828e-05
6941,pop14,3,0.024169047673543293,0.03371473777553733
6941,pop24,2,0.0003287792205810547,4.1484832763671875e-05
6941,pop51,1,0.00036144256591796875,0.0
6942,pop33,3,0.022670666376749676,0.031564375080106885
6942,pop32,4,0.0002989768981933594,1.361493257071422e-05
6942,pop50,1,0.00040602684020996094,0.0
6942,pop16,1,0.00024175643920898438,0.0
6943,pop45,2,0.03290820121765137,0.03250598907470703
6943,pop44,1,0.0003108978271484375,0.0
6943,pop50,1,0.00043964385986328125,0.0
6943,pop14,1,0.0003514289855957031,0.0
6943,pop24,4,0.0002829432487487793,2.2340453794382306e-05
6944,pop18,2,0.0339047908782959,0.03350639343261719
6944,pop19,1,0.0002911090850830078,0.0
6944,pop51,3,0.0004247029622395833,8.5278414962242e-05
6944,pop43,3,0.0002948443094889323,6.663400014032735e-05
6944,pop40,1,0.059645891189575195,0.0
6944,pop11,1,0.0003540515899658203,0.0
6944,pop10,1,0.059775590896606445,0.0
6944,pop50,4,0.000491797924041748,9.742125286581607e-05
6944,pop17,5,0.014028215408325195,0.02732802149567592
6944,pop14,1,0.0699009895324707,0.0
6944,pop25,1,0.0002586841583251953,0.0
6944,pop27,1,0.00025725364685058594,0.0
6944,pop44,1,0.0002841949462890625,0.0
6944,pop55,1,0.0002446174621582031,0.0
6945,pop9,5,0.01215972900390625,0.02361163605329592
6945,pop51,1,0.00037932395935058594,0.0
6945,pop53,1,0.0003654956817626953,0.0
6945,pop1,1,0.00029206275939941406,0.0
6945,pop6,1,0.0002315044403076172,0.0
6946,pop31,2,0.02941751480102539,0.02902960777282715
6946,pop30,1,0.0002675056457519531,0.0
6946,pop48,4,0.016546010971069336,0.02818281077749655
6946,pop49,2,0.0003330707550048828,3.981590270996094e-05
6946,pop52,1,0.0002932548522949219,0.0
6946,pop53,1,0.00043463706970214844,0.0
6946,pop1,1,0.0003314018249511719,0.0
6946,pop6,1,0.0002636909484863281,0.0
6947,pop6,2,0.03391528129577637,0.033518314361572266
6947,pop1,1,0.00048470497131347656,0.0
6947,pop53,2,0.0003981590270996094,5.173683166503906e-05
6947,pop54,1,0.059371232986450195,0.0
6947,pop52,4,0.00035005807876586914,6.586642278677501e-05
6947,pop50,1,0.00045990943908691406,0.0
6947,pop16,1,0.00023317337036132812,0.0
6948,pop57,2,0.035533905029296875,0.035143375396728516
6948,pop56,1,0.00039076805114746094,0.0
6948,pop2,1,0.00025343894958496094,0.0
6948,pop49,2,0.03425788879394531,0.03397083282470703
6948,pop48,1,0.0002918243408203125,0.0
6948,pop52,2,0.0004063844680786133,0.00010335445404052734
6948,pop37,3,0.0003624757130940755,4.851894562910232e-05
6948,pop51,1,0.000339508056640625,0.0
6948,pop19,1,0.0003018379211425781,0.0
6948,pop20,1,0.0002529621124267578,0.0
6949,pop40,3,0.039568026860555015,0.02768778096289991
6949,pop41,1,0.0003018379211425781,0.0
6949,pop53,2,0.0004029273986816406,4.100799560546875e-05
6949,pop54,2,0.00033915042877197266,4.4226646423339844e-05
6949,pop50,1,0.0003619194030761719,0.0
6949,pop44,1,0.00026297569274902344,0.0
6950,pop32,4,0.018343210220336914,0.031109725143261914
6950,pop33,1,0.00030493736267089844,0.0
6950,pop50,1,0.0003809928894042969,0.0
6950,pop53,1,0.00037097930908203125,0.0
6950,pop1,1,0.000354766845703125,0.0
6950,pop15,1,0.00021839141845703125,0.0
6951,pop41,2,0.030941128730773926,0.03053128719329834
6951,pop53,2,0.0003763437271118164,1.5139579772949219e-05
6951,pop54,1,0.05867576599121094,0.0
6951,pop52,2,0.0004019737243652344,8.0108642578125e-05
6951,pop12,4,0.00031816959381103516,6.977532653355383e-05
6951,pop47,1,0.00035071372985839844,0.0
6952,pop16,2,0.03233540058135986,0.031921982765197754
6952,pop23,1,0.0003325939178466797,0.0
6952,pop24,3,0.0003743171691894531,6.043240831680625e-05
6952,pop14,1,0.0003581047058105469,0.0
6952,pop50,1,0.00037169456481933594,0.0
6952,pop53,1,0.00040340423583984375,0.0
6952,pop7,1,0.00020623207092285156,0.0
6953,pop42,2,0.030485153198242188,0.03010272979736328
6953,pop43,1,0.0002703666687011719,0.0
6953,pop51,1,0.0005316734313964844,0.0
6953,pop50,2,0.000494837760925293,2.8967857360839844e-05
6953,pop14,4,0.03442579507827759,0.03407037084377864
6953,pop24,3,0.024084091186523438,0.033628127842029086
6953,pop27,1,0.00029468536376953125,0.0
6953,pop25,1,0.0002732276916503906,0.0
6953,pop17,1,0.00033974647521972656,0.0
6953,pop16,2,0.0002459287643432617,2.0265579223632812e-06
6953,pop23,2,0.00029480457305908203,1.3470649719238281e-05
6954,pop24,5,0.015207624435424805,0.029670497233864883
6954,pop14,1,0.0003044605255126953,0.0
6954,pop50,1,0.0003590583801269531,0.0
6954,pop55,1,0.00024819374084472656,0.0
6955,pop46,2,0.03204619884490967,0.03164374828338623
6955,pop45,1,0.0002703666687011719,0.0
6955,pop44,1,0.0004317760467529297,0.0
6955,pop50,3,0.0004360675811767578,5.6205125742858584e-05
6955,pop14,2,0.0718315839767456,0.00016939640045166016
6955,pop24,4,0.037114739418029785,0.03684650523922174
6955,pop23,2,0.03412365913391113,0.033689022064208984
6955,pop21,1,0.07059645652770996,0.0
6955,pop17,2,0.00042891502380371094,8.440017700195312e-05
6955,pop53,1,0.00036978721618652344,0.0
6955,pop47,1,0.000232696533203125,0.0
6956,pop44,2,0.032277464866638184,0.03186047077178955
6956,pop50,2,0.0003895759582519531,1.4066696166992188e-05
6956,pop14,4,0.00035053491592407227,1.1299600740840855e-05
6956,pop51,1,0.0003523826599121094,0.0
6957,pop53,5,0.012473964691162109,0.023995881087259835
6957,pop54,2,0.030283093452453613,0.02996361255645752
6957,pop51,1,0.0003986358642578125,0.0
6957,pop10,1,0.00027370452880859375,0.0
6958,pop23,2,0.03587794303894043,0.03545069694519043
6958,pop24,4,0.00035369396209716797,6.525911103911762e-05
6958,pop14,1,0.00033545494079589844,0.0
6958,pop50,1,0.00037169456481933594,0.0
6958,pop44,1,0.0003132820129394531,0.0
6959,pop30,2,0.02814948558807373,0.02774965763092041
6959,pop48,2,0.00027954578399658203,2.0265579223632812e-06
6959,pop49,1,0.06873059272766113,0.0
6959,pop52,2,0.0003647804260253906,5.1021575927734375e-05
6959,pop37,4,0.0003108382225036621,4.5419638855103754e-05
6960,pop56,2,0.03506946563720703,0.03467202186584473
6960,pop2,3,0.00029579798380533856,3.901737023670924e-05
6960,pop49,1,0.0003733634948730469,0.0
6960,pop48,1,0.0002999305725097656,0.0
6960,pop52,1,0.00028204917907714844,0.0
6960,pop34,1,0.0002467632293701172,0.0
6960,pop35,1,0.00021266937255859375,0.0
6961,pop22,2,0.02906203269958496,0.02865743637084961
6961,pop21,5,0.01446690559387207,0.0282120348618959
6961,pop23,3,0.00029961268107096356,5.300309499274275e-06
6961,pop24,1,0.07101798057556152,0.0
6961,pop16,1,0.0002503395080566406,0.0
6961,pop50,1,0.00039124488830566406,0.0
6961,pop51,1,0.0005013942718505859,0.0
6961,pop19,1,0.0002961158752441406,0.0
6961,pop20,1,0.0002601146697998047,0.0
6962,pop38,3,0.047445058822631836,0.033271851018156766
6962,pop18,1,0.0003349781036376953,0.0
6962,pop19,1,0.00034308433532714844,0.0
6962,pop51,2,0.0003578662872314453,4.363059997558594e-05
6962,pop50,3,0.000387112299601237,2.4540776411817778e-05
6962,pop17,2,0.03456711769104004,0.03422427177429199
6962,pop33,2,0.0003057718276977539,1.1920928955078125e-07
6962,pop32,2,0.0003917217254638672,0.00010347366333007812
6962,pop10,1,0.0002722740173339844,0.0
6963,pop55,5,0.011175918579101562,0.021710888259538406
6963,pop50,1,0.0005366802215576172,0.0
6963,pop44,1,0.00029778480529785156,0.0
6964,pop8,2,0.02989518642425537,0.029509663581848145
6964,pop51,1,0.0003712177276611328,0.0
6964,pop50,3,0.0004413922627766927,7.193562622274327e-05
6964,pop17,4,0.018061399459838867,0.03064283118814505
6964,pop25,1,0.0002455711364746094,0.0
6964,pop27,1,0.00028133392333984375,0.0
6964,pop14,2,0.03501999378204346,0.03467857837677002
6964,pop24,1,0.0761103630065918,0.0
6964,pop44,1,0.00035762786865234375,0.0
6965,pop48,3,0.022159099578857422,0.03083993779065887
6965,pop56,3,0.00032337506612141925,7.551368775468244e-05
6965,pop52,1,0.00038886070251464844,0.0
6965,pop53,1,0.0003802776336669922,0.0
6965,pop47,1,0.00022912025451660156,0.0
6966,pop6,5,0.014029169082641601,0.027403807648196526
6966,pop1,1,0.0004494190216064453,0.0
6966,pop53,1,0.00039076805114746094,0.0
6966,pop50,1,0.0004496574401855469,0.0
6966,pop16,1,0.0002696514129638672,0.0
6967,pop57,2,0.03610718250274658,0.035718321800231934
6967,pop56,2,0.036296725273132324,0.03601276874542236
6967,pop2,1,0.0002658367156982422,0.0
6967,pop49,1,0.06638383865356445,0.0
6967,pop48,3,0.00035373369852701825,0.00010290228611885804
6967,pop52,1,0.0002865791320800781,0.0
6967,pop53,1,0.00040149688720703125,0.0
6967,pop50,1,0.0005958080291748047,0.0
6967,pop51,1,0.0005459785461425781,0.0
6967,pop19,1,0.00038170814514160156,0.0
6967,pop20,1,0.00027298927307128906,0.0
6967,pop46,1,0.0002739429473876953,0.0
6967,pop45,1,0.00026154518127441406,0.0
6967,pop44,1,0.00028252601623535156,0.0
6968,pop40,2,0.02998065948486328,0.029563426971435547
6968,pop41,1,0.00031876564025878906,0.0
6968,pop53,2,0.0003745555877685547,3.0994415283203125e-05
6968,pop54,2,0.058096885681152344,0.00041556358337402344
6968,pop52,5,0.012309598922729491,0.023936620871066194
6968,pop55,1,0.054952383041381836,0.0
6968,pop51,1,0.0003581047058105469,0.0
6969,pop41,2,0.031093955039978027,0.030671000480651855
6969,pop53,4,0.0004590749740600586,5.568043748878097e-05
6969,pop54,1,0.05817437171936035,0.0
6969,pop51,1,0.0004718303680419922,0.0
6970,pop42,2,0.0308762788772583,0.03049170970916748
6970,pop43,1,0.0002849102020263672,0.0
6970,pop51,2,0.0003998279571533203,1.9073486328125e-06
6970,pop4,4,0.00031441450119018555,3.465255343933799e-05
6970,pop50,1,0.0005183219909667969,0.0
6970,pop55,1,0.0002446174621582031,0.0
6971,pop44,2,0.03253507614135742,0.032106637954711914
6971,pop50,2,0.0003783702850341797,2.5510787963867188e-05
6971,pop17,5,0.014404487609863282,0.02805681123682204
6971,pop25,2,0.0002675056457519531,3.5762786865234375e-06
6971,pop27,1,0.06986570358276367,0.0
6971,pop51,1,0.0006124973297119141,0.0
6971,pop10,1,0.00028395652770996094,0.0
6972,pop39,2,0.03214609622955322,0.0317455530166626
6972,pop44,4,0.00030153989791870117,1.999831321727538e-05
6972,pop50,1,0.0003886222839355469,0.0
6972,pop55,1,0.00022983551025390625,0.0
6973,pop14,3,0.04659406344095866,0.032624746247049745
6973,pop24,1,0.0003399848937988281,0.0
6973,pop23,3,0.00032711029052734375,7.20797369853543e-06
6973,pop16,1,0.0002613067626953125,0.0
6974,pop56,5,0.014403963088989257,0.028053057460554184
6974,pop48,1,0.0003037452697753906,0.0
6974,pop52,1,0.00030922889709472656,0.0
6974,pop53,1,0.00034880638122558594,0.0
6974,pop1,1,0.0003299713134765625,0.0
6974,pop15,1,0.000217437744140625,0.0
6975,pop55,2,0.027554631233215332,0.027161002159118652
6975,pop50,3,0.0005315144856770834,6.013486061954907e-05
6975,pop17,2,0.03640580177307129,0.03600478172302246
6975,pop44,2,0.00033354759216308594,3.0040740966796875e-05
6975,pop16,1,0.0002484321594238281,0.0
6976,pop8,2,0.029683351516723633,0.029294729232788086
6976,pop51,1,0.0004246234893798828,0.0
6976,pop50,2,0.0004156827926635742,1.0728836059570312e-06
6976,pop17,4,0.00036841630935668945,2.818102310146644e-05
6976,pop55,1,0.0002620220184326172,0.0
6977,pop57,2,0.0372462272644043,0.03684568405151367
6977,pop56,1,0.0003161430358886719,0.0
6977,pop2,3,0.0003101030985514323,6.162135106751074e-05
6977,pop49,1,0.00026607513427734375,0.0
6977,pop48,1,0.00030517578125,0.0
6977,pop52,1,0.0003254413604736328,0.0
6977,pop53,1,0.0003654956817626953,0.0
6977,pop51,1,0.00046253204345703125,0.0
6977,pop19,1,0.0004696846008300781,0.0
6977,pop18,1,0.0002338886260986328,0.0
6978,pop41,2,0.03136873245239258,0.030963420867919922
6978,pop53,1,0.00041937828063964844,0.0
6978,pop54,1,0.05896186828613281,0.0
6978,pop52,2,0.0003364086151123047,3.814697265625e-06
6978,pop12,4,0.0002938508987426758,2.0962878150630737e-05
6978,pop34,1,0.0002415180206298828,0.0
6978,pop35,1,0.00022411346435546875,0.0
6979,pop50,3,0.021558125813802082,0.0297990475497758
6979,pop17,5,0.014540386199951173,0.028215034582458342
6979,pop25,2,0.00027883052825927734,2.7418136596679688e-06
6979,pop27,1,0.07126784324645996,0.0
6979,pop53,1,0.0004169940948486328,0.0
6979,pop7,1,0.00023055076599121094,0.0
6980,pop36,2,0.02976071834564209,0.029363036155700684
6980,pop51,3,0.0003833770751953125,3.361110094060738e-05
6980,pop43,2,0.0002830028533935547,7.152557373046875e-06
6980,pop40,2,0.028416872024536133,0.028132915496826172
6980,pop4,3,0.0003192424774169922,4.6312566070868734e-05
6980,pop53,1,0.0003705024719238281,0.0
6980,pop1,1,0.0003285408020019531,0.0
6980,pop6,1,0.00024175643920898438,0.0
6981,pop27,2,0.03673255443572998,0.036316752433776855
6981,pop25,1,0.00039577484130859375,0.0
6981,pop17,3,0.045226494471232094,0.031779975259724993
6981,pop50,3,0.00042819976806640625,4.905902822293961e-05
6981,pop44,4,0.0159720778465271,0.02701472477552595
6981,pop45,1,0.00025081634521484375,0.0
6981,pop46,1,0.00039505958557128906,0.0
6981,pop20,1,0.00025272369384765625,0.0
6982,pop4,2,0.0315631628036499,0.03115999698638916
6982,pop51,1,0.000415802001953125,0.0
6982,pop47,3,0.00023698806762695312,1.2653417053294705e-05
6983,pop52,3,0.021363258361816406,0.02962338979647415
6983,pop12,3,0.0003304481506347656,5.183287903480985e-05
6983,pop53,1,0.0004093647003173828,0.0
6983,pop51,1,0.0003876686096191406,0.0
6984,pop21,5,0.015213823318481446,0.029727484345924322
6984,pop23,1,0.00028967857360839844,0.0
6984,pop24,1,0.0002944469451904297,0.0
6985,pop33,3,0.022527058919270832,0.031347647701689046
6985,pop32,1,0.07477974891662598,0.0
6985,pop50,1,0.0006155967712402344,0.0
6985,pop44,1,0.00025534629821777344,0.0
6985,pop27,2,0.0002657175064086914,2.110004425048828e-05
6985,pop25,2,0.00026428699493408203,2.2292137145996094e-05
6985,pop17,3,0.023799975713094074,0.033219427360660324
6985,pop14,1,0.00030922889709472656,0.0
6985,pop24,2,0.0003401041030883789,7.975101470947266e-05
6986,pop39,2,0.03179514408111572,0.03140676021575928
6986,pop44,1,0.0002956390380859375,0.0
6986,pop50,2,0.0004241466522216797,2.6702880859375e-05
6986,pop17,1,0.06954431533813477,0.0
6986,pop53,4,0.00042128562927246094,4.5625554942499944e-05
6986,pop7,1,0.00022363662719726562,0.0
6987,pop56,3,0.023506323496500652,0.032695558379596035
6987,pop48,1,0.00037598609924316406,0.0
6987,pop52,2,0.00029146671295166016,1.3947486877441406e-05
6987,pop12,4,0.00027483701705932617,4.7420243196927416e-05
6987,pop53,1,0.00034999847412109375,0.0
6987,pop51,1,0.00033092498779296875,0.0
6988,pop32,5,0.014869928359985352,0.029076393015056334
6988,pop33,1,0.0003085136413574219,0.0
6988,pop50,1,0.0004076957702636719,0.0
6988,pop16,1,0.0002770423889160156,0.0
6989,pop46,3,0.02215862274169922,0.030840264458615332
6989,pop20,4,0.03368407487869263,0.03336286517895847
6989,pop51,4,0.0004086494445800781,6.440766602923504e-05
6989,pop10,2,0.030202388763427734,0.02994251251220703
6989,pop4,1,0.05997633934020996,0.0
6989,pop19,2,0.00038933753967285156,1.7404556274414062e-05
6989,pop18,1,0.0002675056457519531,0.0
6989,pop38,1,0.07042670249938965,0.0
6989,pop39,1,0.0002529621124267578,0.0
6989,pop44,1,0.0675513744354248,0.0
6989,pop50,3,0.0005228519439697266,0.00013567895597212286
6989,pop17,2,0.00036787986755371094,6.0558319091796875e-05
6989,pop53,1,0.0005328655242919922,0.0
6990,pop14,3,0.023915529251098633,0.033236855344320436
6990,pop24,2,0.038036346435546875,0.03771257400512695
6990,pop50,1,0.0005757808685302734,0.0
6990,pop55,1,0.05294227600097656,0.0
6990,pop52,4,0.0003072023391723633,1.3337063712458731e-05
6990,pop54,1,0.05645489692687988,0.0
6991,pop55,4,0.01397174596786499,0.023562260423736457
6991,pop50,1,0.0004928112030029297,0.0
6991,pop51,1,0.00048732757568359375,0.0
6991,pop10,1,0.0002739429473876953,0.0
6992,pop8,2,0.029762744903564453,0.02937936782836914
6992,pop51,6,0.00038854281107584637,9.994475997184823e-05
6992,pop4,3,0.04184087117513021,0.029373762715965757
6992,pop10,2,0.05988264083862305,0.0012989044189453125
6992,pop19,1,0.0003600120544433594,0.0
6992,pop20,1,0.06401228904724121,0.0
6992,pop46,1,0.0002713203430175781,0.0
6992,pop53,3,0.02126590410868327,0.029507428736240775
6992,pop54,1,0.0599517822265625,0.0
6992,pop50,1,0.00035643577575683594,0.0
6992,pop14,1,0.0003826618194580078,0.0
6992,pop24,1,0.0002834796905517578,0.0
6993,pop57,2,0.035779595375061035,0.03539144992828369
6993,pop56,1,0.07043313980102539,0.0
6993,pop2,4,0.00029796361923217773,8.708879093478143e-05
6993,pop49,2,0.03329002857208252,0.03303349018096924
6993,pop48,1,0.0003006458282470703,0.0
6993,pop52,1,0.0003581047058105469,0.0
6993,pop53,1,0.00038743019104003906,0.0
6993,pop47,1,0.0002613067626953125,0.0
6994,pop50,3,0.021634817123413086,0.029906506617409335
6994,pop17,5,0.014546489715576172,0.02837040120180845
6994,pop25,2,0.00033342838287353516,5.447864532470703e-05
6994,pop27,1,0.07159733772277832,0.0
6994,pop35,1,0.00021791458129882812,0.0
6995,pop4,4,0.016059398651123047,0.027082566114673037
6995,pop51,1,0.0004763603210449219,0.0
6995,pop19,1,0.0003635883331298828,0.0
6995,pop20,1,0.0002551078796386719,0.0
6996,pop52,3,0.02092464764912923,0.029057893924793493
6996,pop12,4,0.00028014183044433594,1.7678379928509357e-05
6996,pop55,1,0.0002684593200683594,0.0
6997,pop53,2,0.03083062171936035,0.030302762985229492
6997,pop54,1,0.05857253074645996,0.0
6997,pop52,4,0.0003109574317932129,2.53287481610149e-05
6998,pop30,2,0.027528047561645508,0.02712082862854004
6998,pop31,1,0.0002677440643310547,0.0
6998,pop17,3,0.023024797439575195,0.03210005259927964
6998,pop50,1,0.0004432201385498047,0.0
6998,pop44,2,0.00026929378509521484,4.649162292480469e-06
6999,pop22,5,0.012147665023803711,0.02365213734380323
6999,pop51,1,0.0003399848937988281,0.0
6999,pop50,1,0.0003821849822998047,0.0
6999,pop44,1,0.0002720355987548828,0.0
7000,pop38,3,0.047869205474853516,0.03356434828435106
7000,pop18,1,0.0002727508544921875,0.0
7000,pop19,1,0.00037360191345214844,0.0
7000,pop51,2,0.0005059242248535156,0.0001633167266845703
7000,pop10,3,0.00031185150146484375,4.684829023377877e-05
7000,pop53,1,0.00036215782165527344,0.0
7000,pop50,1,0.00037860870361328125,0.0
7000,pop55,1,0.00025081634521484375,0.0
7001,pop33,3,0.022862354914347332,0.0318359725805674
7001,pop32,4,0.0002943873405456543,2.1647156430351475e-05
7001,pop50,1,0.0004112720489501953,0.0
7001,pop53,1,0.0004208087921142578,0.0
7001,pop52,1,0.0003409385681152344,0.0
7002,pop39,2,0.030942440032958984,0.03054332733154297
7002,pop38,2,0.03644275665283203,0.036165475845336914
7002,pop18,2,0.0002579689025878906,9.775161743164062e-06
7002,pop19,2,0.0003644227981567383,1.0132789611816406e-05
7002,pop20,2,0.00029397010803222656,5.7220458984375e-06
7003,pop32,5,0.014875841140747071,0.029019456412498684
7003,pop33,1,0.00029754638671875,0.0
7003,pop50,1,0.0003654956817626953,0.0
7003,pop51,1,0.00035881996154785156,0.0
7003,pop19,1,0.00028896331787109375,0.0
7003,pop18,1,0.00028586387634277344,0.0
7004,pop14,2,0.03546273708343506,0.03501474857330322
7004,pop24,1,0.0756540298461914,0.0
7004,pop23,1,0.0002715587615966797,0.0
7004,pop21,1,0.07592654228210449,0.0
7004,pop22,3,0.0002818902333577474,1.558357203096356e-05
7004,pop51,1,0.0003991127014160156,0.0
7004,pop10,1,0.00026917457580566406,0.0
7005,pop8,2,0.029564619064331055,0.029189109802246094
7005,pop51,2,0.0005004405975341797,0.00011491775512695312
7005,pop4,3,0.0003020763397216797,1.8861707527249765e-05
7005,pop19,1,0.0003681182861328125,0.0
7005,pop18,1,0.00037479400634765625,0.0
7006,pop4,2,0.03124058246612549,0.03082430362701416
7006,pop51,6,0.0004150867462158203,6.893183753530586e-05
7006,pop43,3,0.0002827644348144531,2.5626023302350834e-05
7006,pop40,1,0.0562591552734375,0.0
7006,pop19,3,0.00040761629740397137,7.855095201443357e-05
7006,pop46,1,0.0002789497375488281,0.0
7006,pop20,1,0.06470894813537598,0.0
7006,pop10,1,0.062213897705078125,0.0
7006,pop11,1,0.0002257823944091797,0.0
7006,pop53,2,0.031042814254760742,0.0306851863861084
7006,pop52,4,0.00033551454544067383,6.002596128144591e-05
7006,pop18,1,0.0002644062042236328,0.0
7007,pop6,4,0.03434586524963379,0.034048174694822186
7007,pop1,1,0.0003292560577392578,0.0
7007,pop53,1,0.0003325939178466797,0.0
7007,pop52,2,0.00037157535552978516,7.617473602294922e-05
7007,pop34,1,0.0002415180206298828,0.0
7007,pop35,1,0.0002224445343017578,0.0
7008,pop40,3,0.03966069221496582,0.02776375762161255
7008,pop43,1,0.00028395652770996094,0.0
7008,pop51,2,0.0004315376281738281,3.743171691894531e-05
7008,pop10,2,0.00033974647521972656,6.961822509765625e-05
7008,pop53,1,0.0003428459167480469,0.0
7008,pop1,1,0.0003457069396972656,0.0
7008,pop6,1,0.000255584716796875,0.0
7009,pop44,3,0.044457038243611656,0.031118411585217713
7009,pop50,2,0.0004069805145263672,3.504753112792969e-05
7009,pop14,2,0.00033104419708251953,2.491474151611328e-05
7009,pop24,2,0.0003756284713745117,0.00012767314910888672
7009,pop53,1,0.00043773651123046875,0.0
7009,pop1,1,0.0003082752227783203,0.0
7009,pop15,1,0.00021386146545410156,0.0
7010,pop55,5,0.011494302749633789,0.022248853321208507
7010,pop50,1,0.0004811286926269531,0.0
7010,pop51,1,0.00032210350036621094,0.0
7010,pop19,1,0.0003142356872558594,0.0
7010,pop20,1,0.0002574920654296875,0.0
7011,pop37,5,0.011078786849975587,0.021496743919889167
7011,pop33,1,0.0002803802490234375,0.0
7011,pop50,1,0.00043654441833496094,0.0
7011,pop44,1,0.0002810955047607422,0.0
7012,pop10,4,0.030529320240020752,0.030187193193135054
7012,pop51,2,0.00040709972381591797,3.3736228942871094e-05
7012,pop43,2,0.00028073787689208984,3.6954879760742188e-06
7012,pop40,2,0.0002777576446533203,9.5367431640625e-07
7013,pop33,3,0.02340245246887207,0.032598440285728336
7013,pop32,4,0.0003553032875061035,5.171303240148638e-05
7013,pop50,1,0.0004119873046875,0.0
7013,pop53,1,0.0003647804260253906,0.0
7013,pop47,1,0.0002429485321044922,0.0
7014,pop47,3,0.03644402821858724,0.025499892050969357
7014,pop53,3,0.0004315376281738281,5.9192184042679864e-05
7014,pop50,1,0.0004296302795410156,0.0
7014,pop16,1,0.0002665519714355469,0.0
7015,pop28,2,0.0303494930267334,0.02996993064880371
7015,pop36,1,0.0002589225769042969,0.0
7015,pop10,1,0.06010746955871582,0.0
7015,pop51,1,0.0003669261932373047,0.0
7015,pop50,5,0.00046405792236328127,7.54426007729083e-05
7015,pop17,1,0.06901717185974121,0.0
7015,pop44,2,0.03531074523925781,0.03504300117492676
7015,pop45,2,0.0003103017807006836,5.638599395751953e-05
7015,pop46,2,0.0003458261489868164,7.450580596923828e-05
7015,pop20,2,0.0003230571746826172,5.340576171875e-05
7015,pop19,1,0.0004892349243164062,0.0
7015,pop55,2,0.027755022048950195,0.027505159378051758
7015,pop32,4,0.0003039240837097168,4.150996015848822e-05
7015,pop33,1,0.00025653839111328125,0.0
7016,pop45,2,0.03295242786407471,0.03254878520965576
7016,pop44,1,0.0002887248992919922,0.0
7016,pop50,2,0.0004228353500366211,2.372264862060547e-05
7016,pop33,2,0.000278472900390625,3.0517578125e-05
7016,pop32,3,0.0003388722737630208,6.601578499943242e-05
7016,pop53,1,0.0003764629364013672,0.0
7016,pop1,1,0.00031757354736328125,0.0
7016,pop6,1,0.00025153160095214844,0.0
7017,pop18,3,0.02316459019978841,0.032275873032618044
7017,pop38,4,0.00033670663833618164,5.428785679889518e-05
7017,pop19,1,0.0003762245178222656,0.0
7017,pop51,1,0.00034737586975097656,0.0
7017,pop50,1,0.0004334449768066406,0.0
7017,pop14,1,0.0003440380096435547,0.0
7017,pop24,1,0.00025010108947753906,0.0
7018,pop9,5,0.012282609939575195,0.023895680454955815
7018,pop51,1,0.00037550926208496094,0.0
7018,pop50,1,0.0003845691680908203,0.0
7018,pop44,1,0.0002949237823486328,0.0
7019,pop21,3,0.049941460291544594,0.03503840804858091
7019,pop23,1,0.06978893280029297,0.0
7019,pop24,2,0.00032806396484375,4.100799560546875e-05
7019,pop14,1,0.0003802776336669922,0.0
7019,pop50,1,0.0003895759582519531,0.0
7019,pop55,1,0.00022983551025390625,0.0
7020,pop56,4,0.03462189435958862,0.03432200692945439
7020,pop48,3,0.044781764348347984,0.03148393771024414
7020,pop52,6,0.0003391106923421224,4.99004763792375e-05
7020,pop55,1,0.05395340919494629,0.0
7020,pop53,1,0.0003726482391357422,0.0
7020,pop51,1,0.00037026405334472656,0.0
7020,pop19,1,0.00027632713317871094,0.0
7020,pop18,1,0.0002357959747314453,0.0
7021,pop44,5,0.013404417037963866,0.026129646182379243
7021,pop50,1,0.00039267539978027344,0.0
7021,pop53,1,0.00038433074951171875,0.0
7021,pop52,1,0.00043082237243652344,0.0
7022,pop10,4,0.01593625545501709,0.02692879639170949
7022,pop51,1,0.00036263465881347656,0.0
7022,pop50,1,0.00036907196044921875,0.0
7022,pop35,1,0.00021529197692871094,0.0
7023,pop33,3,0.022870699564615887,0.031837324806574
7023,pop32,4,0.0003127455711364746,5.621583877972166e-05
7023,pop50,1,0.0003674030303955078,0.0
7023,pop51,1,0.00039768218994140625,0.0
7023,pop19,1,0.00032830238342285156,0.0
7023,pop20,1,0.0002734661102294922,0.0
7024,pop31,2,0.029336929321289062,0.028925657272338867
7024,pop17,4,0.0003395676612854004,3.581931692883512e-05
7024,pop50,1,0.00036525726318359375,0.0
7024,pop53,1,0.0003657341003417969,0.0
7024,pop1,1,0.00027751922607421875,0.0
7024,pop15,1,0.00020360946655273438,0.0
7025,pop16,3,0.02182149887084961,0.030277284445862012
7025,pop23,5,0.014218854904174804,0.027699161571241526
7025,pop21,5,0.029738664627075195,0.03601788539151544
7025,pop24,2,0.035742998123168945,0.03532004356384277
7025,pop14,1,0.06817030906677246,0.0
7025,pop50,1,0.00035190582275390625,0.0
7025,pop55,1,0.00025343894958496094,0.0
7026,pop24,6,0.012897809346516928,0.028009629424521516
7026,pop23,1,0.07357263565063477,0.0
7026,pop14,2,0.03402972221374512,0.033678531646728516
7026,pop50,1,0.0003948211669921875,0.0
7026,pop55,1,0.00024771690368652344,0.0
7027,pop57,2,0.03623950481414795,0.0358654260635376
7027,pop56,1,0.00029730796813964844,0.0
7027,pop2,1,0.0002512931823730469,0.0
7027,pop49,4,0.0002752542495727539,2.584863161068014e-05
7027,pop48,1,0.0004012584686279297,0.0
7027,pop52,1,0.00028443336486816406,0.0
7027,pop34,1,0.00023221969604492188,0.0
7027,pop35,1,0.00022339820861816406,0.0
7028,pop52,2,0.031242966651916504,0.030756831169128418
7028,pop55,4,0.0003140568733215332,6.672214860728308e-05
7028,pop50,1,0.0004355907440185547,0.0
7028,pop51,1,0.0003638267517089844,0.0
7028,pop19,1,0.0003535747528076172,0.0
7028,pop20,1,0.00025844573974609375,0.0
7029,pop37,5,0.011102867126464844,0.02149263983550276
7029,pop52,1,0.0004298686981201172,0.0
7029,pop34,1,0.00029349327087402344,0.0
7029,pop35,1,0.00021576881408691406,0.0
7030,pop9,5,0.012350177764892578,0.02409064620052965
7030,pop51,1,0.0003521442413330078,0.0
7030,pop19,1,0.00035691261291503906,0.0
7030,pop20,1,0.0002601146697998047,0.0
7031,pop44,3,0.0218810240427653,0.03034157251435311
7031,pop50,2,0.0005153417587280273,0.00012743473052978516
7031,pop27,1,0.00029158592224121094,0.0
7031,pop25,1,0.0002865791320800781,0.0
7031,pop17,3,0.0003554821014404297,1.396055641682751e-05
7031,pop55,1,0.00026988983154296875,0.0
7032,pop23,4,0.017993032932281494,0.03051790894545817
7032,pop16,1,0.0002722740173339844,0.0
7032,pop50,1,0.0004405975341796875,0.0
7032,pop53,1,0.0003993511199951172,0.0
7032,pop52,1,0.00027751922607421875,0.0
7033,pop53,4,0.03054136037826538,0.03009674730008814
7033,pop52,6,0.02024563153584798,0.02814851274279317
7033,pop55,1,0.05338907241821289,0.0
7033,pop48,4,0.04992598295211792,0.028697508445060645
7033,pop49,2,0.06854498386383057,0.0004602670669555664
7033,pop2,1,0.0002524852752685547,0.0
7033,pop56,1,0.07104825973510742,0.0
7033,pop37,2,0.0002974271774291992,5.9723854064941406e-05
7033,pop7,1,0.00022602081298828125,0.0
7034,pop30,2,0.028117895126342773,0.027733564376831055
7034,pop48,5,0.040055704116821286,0.03248826984011195
7034,pop49,3,0.06860550244649251,0.0008942033314579447
7034,pop52,4,0.015472173690795898,0.026261339363661446
7034,pop2,1,0.00024771690368652344,0.0
7034,pop56,1,0.0705866813659668,0.0
7034,pop37,2,0.00027740001678466797,8.940696716308594e-06
7035,pop38,4,0.018286406993865967,0.031034199856848937
7035,pop18,1,0.00027370452880859375,0.0
7035,pop19,1,0.0003104209899902344,0.0
7035,pop51,1,0.0003752708435058594,0.0
7035,pop53,1,0.0003771781921386719,0.0
7035,pop1,1,0.00043582916259765625,0.0
7035,pop6,1,0.0002300739288330078,0.0
7036,pop39,2,0.031418442726135254,0.03103053569793701
7036,pop44,4,0.0003489851951599121,0.00010767685897982532
7036,pop50,1,0.00042319297790527344,0.0
7036,pop51,1,0.0004458427429199219,0.0
7036,pop10,1,0.0002694129943847656,0.0
7037,pop32,4,0.018668651580810547,0.03170022542489013
7037,pop33,1,0.0003991127014160156,0.0
7037,pop50,1,0.0004036426544189453,0.0
7037,pop55,1,0.00026154518127441406,0.0
7038,pop14,3,0.024170637130737305,0.0335942647809766
7038,pop24,3,0.0003414154052734375,6.199463792643301e-05
7038,pop50,1,0.0005893707275390625,0.0
7038,pop51,1,0.00047850608825683594,0.0
7038,pop19,1,0.0005097389221191406,0.0
7038,pop20,1,0.0002837181091308594,0.0
7039,pop47,3,0.03605135281880697,0.02520304277899878
7039,pop51,3,0.0003771781921386719,4.475288839998721e-05
7039,pop4,1,0.06041693687438965,0.0
7039,pop10,2,0.030156970024108887,0.029896140098571777
7039,pop22,1,0.05904269218444824,0.0
7039,pop21,2,0.00032806396484375,5.14984130859375e-05
7039,pop23,1,0.0003075599670410156,0.0
7039,pop16,1,0.0002429485321044922,0.0
7039,pop50,1,0.00041556358337402344,0.0
7039,pop35,1,0.00021958351135253906,0.0
7040,pop28,2,0.030127644538879395,0.02974832057952881
7040,pop36,1,0.00032019615173339844,0.0
7040,pop10,3,0.0003329912821451823,7.361443628755542e-05
7040,pop51,1,0.00042176246643066406,0.0
7040,pop47,1,0.00023102760314941406,0.0
7041,pop18,2,0.034723758697509766,0.0343174934387207
7041,pop19,1,0.0003674030303955078,0.0
7041,pop51,5,0.00042395591735839845,5.9854821649561025e-05
7041,pop10,2,0.06007373332977295,0.0003834962844848633
7041,pop43,2,0.0002865791320800781,2.1457672119140625e-06
7041,pop40,1,0.057343482971191406,0.0
7041,pop4,3,0.0003669261932373047,3.825559647934356e-05
7041,pop50,1,0.0003788471221923828,0.0
7041,pop14,1,0.0003192424774169922,0.0
7041,pop24,1,0.0002789497375488281,0.0
7042,pop21,3,0.05035130182902018,0.035339802148143515
7042,pop22,3,0.000307162602742513,6.926058583014185e-05
7042,pop51,1,0.00036835670471191406,0.0
7042,pop53,1,0.00039696693420410156,0.0
7042,pop1,1,0.00033593177795410156,0.0
7042,pop15,1,0.000240325927734375,0.0
7043,pop56,2,0.035628437995910645,0.035211920738220215
7043,pop2,1,0.00028061866760253906,0.0
7043,pop49,1,0.06585979461669922,0.0
7043,pop48,4,0.00029861927032470703,1.4325465191128424e-05
7043,pop52,1,0.0003333091735839844,0.0
7043,pop55,1,0.00025773048400878906,0.0
7044,pop31,2,0.02944767475128174,0.02906191349029541
7044,pop30,1,0.0002593994140625,0.0
7044,pop48,2,0.00027120113372802734,1.1324882507324219e-05
7044,pop49,3,0.045184691747029625,0.03169307187776528
7044,pop2,4,0.03551673889160156,0.035258617356925315
7044,pop56,3,0.046842734018961586,0.032930866795491606
7044,pop52,3,0.00033275286356608075,3.9445287334850214e-05
7044,pop54,1,0.05778384208679199,0.0
7044,pop53,3,0.0003884633382161458,6.456239339833474e-05
7044,pop1,3,0.0003153483072916667,3.22787020181558e-05
7044,pop6,2,0.03460109233856201,0.0343552827835083
7045,pop24,5,0.015561199188232422,0.030303594448595317
7045,pop14,1,0.00033783912658691406,0.0
7045,pop50,1,0.0005135536193847656,0.0
7045,pop55,1,0.00037217140197753906,0.0
7046,pop57,2,0.03677964210510254,0.036401987075805664
7046,pop56,2,0.00025522708892822266,8.225440979003906e-06
7046,pop2,1,0.00026345252990722656,0.0
7046,pop49,4,0.0003368258476257324,8.468632879959197e-05
7046,pop48,1,0.0005033016204833984,0.0
7046,pop52,1,0.0003247261047363281,0.0
7046,pop53,1,0.00039696693420410156,0.0
7046,pop51,1,0.0003190040588378906,0.0
7046,pop19,1,0.0002999305725097656,0.0
7046,pop20,1,0.00026035308837890625,0.0
7047,pop37,5,0.010861444473266601,0.02103243227977196
7047,pop52,1,0.0003304481506347656,0.0
7047,pop53,1,0.00037407875061035156,0.0
7047,pop47,1,0.00033736228942871094,0.0
7048,pop9,5,0.012414026260375976,0.024146221191287044
7048,pop51,1,0.00066375732421875,0.0
7048,pop53,1,0.00033926963806152344,0.0
7048,pop50,1,0.0005006790161132812,0.0
7048,pop14,1,0.0003314018249511719,0.0
7048,pop24,1,0.0003075599670410156,0.0
7049,pop44,5,0.013402843475341797,0.026095613897864706
7050,pop48,5,0.013930130004882812,0.027188482001528062
7050,pop52,1,0.0003197193145751953,0.0
7050,pop53,1,0.0004086494445800781,0.0
7050,pop51,1,0.0003669261932373047,0.0
7051,pop42,2,0.031150221824645996,0.030758261680603027
7051,pop43,1,0.0002906322479248047,0.0
7051,pop51,3,0.00039005279541015625,1.8573200081298778e-05
7051,pop10,2,0.02976393699645996,0.02947235107421875
7051,pop4,3,0.0003860791524251302,6.460112121458176e-05
7051,pop50,1,0.0004413127899169922,0.0
7051,pop35,1,0.0002231597900390625,0.0
7052,pop6,5,0.014229679107666015,0.02780973399095999
7052,pop1,1,0.0003285408020019531,0.0
7052,pop53,1,0.00048351287841796875,0.0
7052,pop51,1,0.0003311634063720703,0.0
7052,pop19,1,0.00033855438232421875,0.0
7052,pop20,1,0.0003864765167236328,0.0
7053,pop55,2,0.028380870819091797,0.027977943420410156
7053,pop52,4,0.015028059482574463,0.025513726187433465
7053,pop54,1,0.05626106262207031,0.0
7053,pop13,2,0.00031495094299316406,6.127357482910156e-05
7053,pop53,1,0.00036907196044921875,0.0
7053,pop51,1,0.0003466606140136719,0.0
7053,pop19,1,0.0003604888916015625,0.0
7053,pop20,1,0.00026345252990722656,0.0
7054,pop53,2,0.03100287914276123,0.03046739101409912
7054,pop52,4,0.015281081199645996,0.02588565575207596
7054,pop54,2,0.028831124305725098,0.02856910228729248
7054,pop48,3,0.022169748942057293,0.030863351532258904
7054,pop49,1,0.0002856254577636719,0.0
7054,pop2,1,0.06913304328918457,0.0
7054,pop56,1,0.0697779655456543,0.0
7054,pop34,1,0.00025010108947753906,0.0
7054,pop35,1,0.0002105236053466797,0.0
7055,pop30,2,0.028475642204284668,0.028084397315979004
7055,pop48,2,0.0003807544708251953,2.384185791015625e-07
7055,pop49,3,0.0003287792205810547,8.953900653760313e-05
7055,pop52,1,0.00028443336486816406,0.0
7055,pop53,1,0.0003452301025390625,0.0
7055,pop51,1,0.00036025047302246094,0.0
7056,pop39,2,0.031527161598205566,0.031137585639953613
7056,pop38,4,0.000331878662109375,6.536474824815241e-05
7056,pop18,1,0.0002689361572265625,0.0
7056,pop19,1,0.0003604888916015625,0.0
7056,pop51,1,0.0003352165222167969,0.0
7056,pop50,1,0.00039958953857421875,0.0
7056,pop35,1,0.000247955322265625,0.0
7057,pop32,5,0.015012836456298828,0.029309259373383106
7057,pop33,1,0.00027441978454589844,0.0
7057,pop50,1,0.0003848075866699219,0.0
7057,pop51,1,0.0004966259002685547,0.0
7057,pop10,1,0.00026726722717285156,0.0
7058,pop14,3,0.023883501688639324,0.0332585291422091
7058,pop24,3,0.00033434232076009113,3.117261505697082e-05
7058,pop50,1,0.0003676414489746094,0.0
7058,pop53,1,0.0005817413330078125,0.0
7058,pop1,1,0.0003299713134765625,0.0
7058,pop6,1,0.0002720355987548828,0.0
7059,pop31,2,0.030189037322998047,0.02979278564453125
7059,pop30,1,0.0002646446228027344,0.0
7059,pop48,2,0.0002644062042236328,2.6226043701171875e-06
7059,pop49,4,0.00028783082962036133,5.860476471602362e-05
7059,pop52,1,0.0002925395965576172,0.0
7059,pop53,1,0.0004987716674804688,0.0
7059,pop51,1,0.00033020973205566406,0.0
7059,pop19,1,0.00032210350036621094,0.0
7059,pop18,1,0.000247955322265625,0.0
7060,pop24,4,0.0190008282661438,0.03231687695369525
7061,pop41,2,0.03234434127807617,0.031941890716552734
7061,pop40,3,0.0003000895182291667,2.08152148782552e-05
7061,pop43,1,0.0002727508544921875,0.0
7061,pop51,1,0.00034117698669433594,0.0
7062,pop21,4,0.01911860704421997,0.03254386777268344
7062,pop23,1,0.00031685829162597656,0.0
7062,pop16,1,0.00024962425231933594,0.0
7063,pop56,2,0.03542685508728027,0.03502368927001953
7063,pop48,1,0.0003764629364013672,0.0
7063,pop52,2,0.03130996227264404,0.03099238872528076
7063,pop37,3,0.000303347905476888,6.066346156393953e-05
7063,pop33,1,0.0002980232238769531,0.0
7063,pop50,1,0.0005586147308349609,0.0
7063,pop16,1,0.0002434253692626953,0.0
7064,pop9,5,0.01229715347290039,0.023928216667152377
7064,pop51,1,0.00033473968505859375,0.0
7064,pop10,1,0.00024628639221191406,0.0
7065,pop44,2,0.0335080623626709,0.0330805778503418
7065,pop50,2,0.0004451274871826172,6.4373016357421875e-06
7065,pop14,4,0.017676055431365967,0.02985531288524172
7065,pop24,1,0.07095170021057129,0.0
7065,pop51,1,0.0004191398620605469,0.0
7065,pop19,1,0.0003447532653808594,0.0
7065,pop18,1,0.0002589225769042969,0.0
7066,pop48,2,0.03481316566467285,0.03436613082885742
7066,pop52,4,0.00032806396484375,3.1847849918680975e-05
7066,pop53,1,0.00038933753967285156,0.0
7066,pop51,1,0.0003421306610107422,0.0
7067,pop42,2,0.03126561641693115,0.03086841106414795
7067,pop43,1,0.00030231475830078125,0.0
7067,pop51,2,0.0005176067352294922,9.34600830078125e-05
7067,pop10,1,0.06063199043273926,0.0
7067,pop50,2,0.00048279762268066406,5.7697296142578125e-05
7067,pop14,2,0.03448009490966797,0.03413844108581543
7067,pop24,3,0.0003363291422526042,4.54879211881225e-05
7067,pop53,1,0.00033283233642578125,0.0
7067,pop1,1,0.0003311634063720703,0.0
7067,pop15,1,0.00022029876708984375,0.0
7068,pop39,2,0.03239750862121582,0.03200793266296387
7068,pop38,1,0.00027561187744140625,0.0
7068,pop18,1,0.0002658367156982422,0.0
7068,pop19,1,0.00034928321838378906,0.0
7068,pop51,2,0.00041353702545166016,7.641315460205078e-05
7068,pop10,1,0.05985760688781738,0.0
7068,pop47,3,0.0002823670705159505,5.36190374344806e-05
7069,pop36,2,0.03013002872467041,0.02973783016204834
7069,pop51,2,0.00033783912658691406,1.0251998901367188e-05
7069,pop50,3,0.0003903706868489583,1.353933934469023e-05
7069,pop17,2,0.03464984893798828,0.03430342674255371
7069,pop33,2,0.0002772808074951172,3.0279159545898438e-05
7069,pop32,3,0.0003255208333333333,3.925943181549346e-05
7069,pop19,1,0.0003218650817871094,0.0
7069,pop20,1,0.00024366378784179688,0.0
7070,pop27,5,0.015025997161865234,0.02935262737211034
7070,pop44,1,0.00028824806213378906,0.0
7071,pop10,4,0.015818655490875244,0.02676322462466024
7071,pop51,1,0.0003936290740966797,0.0
7071,pop50,1,0.0004253387451171875,0.0
7071,pop44,1,0.000324249267578125,0.0
7072,pop53,5,0.01276712417602539,0.024591174658689253
7072,pop50,1,0.0003578662872314453,0.0
7072,pop44,1,0.00030422210693359375,0.0
7073,pop32,5,0.015153026580810547,0.029628999662664225
7073,pop33,1,0.0002841949462890625,0.0
7073,pop50,1,0.00039768218994140625,0.0
7073,pop51,1,0.0004889965057373047,0.0
7073,pop10,1,0.0002410411834716797,0.0
7074,pop14,4,0.03514319658279419,0.03473244538076512
7074,pop24,3,0.00033863385518391925,9.975328752849863e-05
7074,pop23,1,0.0004487037658691406,0.0
7074,pop16,1,0.00026917457580566406,0.0
7074,pop50,1,0.0003814697265625,0.0
7074,pop51,1,0.00034427642822265625,0.0
7075,pop24,5,0.015391159057617187,0.03004915593581288
7075,pop14,1,0.00034236907958984375,0.0
7075,pop50,1,0.00041365623474121094,0.0
7075,pop35,1,0.0002224445343017578,0.0
7076,pop21,2,0.03791642189025879,0.03750181198120117
7076,pop23,4,0.0004024505615234375,0.00010558511529619106
7076,pop16,1,0.0003905296325683594,0.0
7076,pop50,1,0.0005435943603515625,0.0
7076,pop53,1,0.0003635883331298828,0.0
7076,pop47,1,0.00034737586975097656,0.0
7077,pop44,6,0.021505435307820637,0.029954381635445605
7077,pop50,2,0.00045561790466308594,5.269050598144531e-05
7077,pop53,1,0.05896568298339844,0.0
7078,pop48,5,0.026784658432006836,0.03241558738100168
7078,pop56,4,0.017561614513397217,0.02992347488152425
7078,pop2,2,0.0002459287643432617,1.7523765563964844e-05
7078,pop49,2,0.06896531581878662,0.0013304948806762695
7078,pop52,1,0.0002994537353515625,0.0
7078,pop53,1,0.0003635883331298828,0.0
7078,pop7,1,0.00022792816162109375,0.0
7079,pop42,2,0.031958580017089844,0.031560659408569336
7079,pop43,1,0.0002753734588623047,0.0
7079,pop40,4,0.00029146671295166016,3.586377349663889e-05
7079,pop41,1,0.0004031658172607422,0.0
7079,pop53,1,0.0003752708435058594,0.0
7079,pop50,1,0.000362396240234375,0.0
7079,pop16,1,0.0003142356872558594,0.0
7080,pop39,2,0.03147768974304199,0.031082868576049805
7080,pop38,2,0.03518486022949219,0.03491973876953125
7080,pop18,3,0.00028212865193684894,4.176674952020935e-06
7080,pop19,4,0.0003681778907775879,2.6141037048599275e-05
7080,pop20,2,0.0650629997253418,0.0007412433624267578
7080,pop51,2,0.00046074390411376953,2.3484230041503906e-05
7080,pop4,1,0.0657355785369873,0.0
7080,pop50,2,0.0003998279571533203,3.0994415283203125e-06
7080,pop17,3,0.0003609657287597656,3.328708181934012e-05
7080,pop44,1,0.0002841949462890625,0.0
7081,pop46,2,0.03292107582092285,0.032503604888916016
7081,pop20,4,0.00029540061950683594,3.3586146334215016e-05
7081,pop19,1,0.0004665851593017578,0.0
7081,pop51,1,0.0003876686096191406,0.0
7081,pop53,1,0.0003914833068847656,0.0
7081,pop7,1,0.00022673606872558594,0.0
7082,pop50,5,0.01331191062927246,0.025768971309665004
7082,pop17,2,0.034215688705444336,0.033873796463012695
7082,pop33,3,0.0003688335418701172,7.918009876120363e-05
7082,pop32,1,0.0731809139251709,0.0
7082,pop37,3,0.000291744867960612,3.0470561857811586e-05
7082,pop14,1,0.0004534721374511719,0.0
7082,pop16,1,0.00026154518127441406,0.0
7082,pop23,1,0.0004353523254394531,0.0
7082,pop24,1,0.00028824806213378906,0.0
7083,pop52,5,0.013050651550292969,0.025321983854042936
7083,pop53,1,0.00041174888610839844,0.0
7083,pop51,1,0.0003681182861328125,0.0
7083,pop19,1,0.0003044605255126953,0.0
7083,pop18,1,0.00024175643920898438,0.0
7084,pop56,3,0.04624716440836588,0.032454853491889625
7084,pop48,1,0.0002830028533935547,0.0
7084,pop52,2,0.00036323070526123047,6.258487701416016e-05
7084,pop37,2,0.0002779960632324219,1.9311904907226562e-05
7085,pop9,5,0.012850761413574219,0.025038524429691414
7085,pop51,1,0.0003597736358642578,0.0
7085,pop53,1,0.0003676414489746094,0.0
7085,pop1,1,0.0003345012664794922,0.0
7085,pop15,1,0.0002086162567138672,0.0
7086,pop24,6,0.013351082801818848,0.029148767012988654
7086,pop23,3,0.022696256637573242,0.03159483656970155
7086,pop14,2,0.034616708755493164,0.03430581092834473
7086,pop27,1,0.00025177001953125,0.0
7086,pop25,1,0.00028061866760253906,0.0
7086,pop17,1,0.00030231475830078125,0.0
7086,pop50,2,0.00038754940032958984,2.7060508728027344e-05
7086,pop16,1,0.00026106834411621094,0.0
7086,pop44,1,0.0002732276916503906,0.0
7087,pop42,2,0.03108394145965576,0.03070199489593506
7087,pop43,1,0.0002815723419189453,0.0
7087,pop51,4,0.00040036439895629883,7.768099815365295e-05
7087,pop10,3,0.019878069559733074,0.027611155001905755
7087,pop4,2,0.03072655200958252,0.030359387397766113
7087,pop53,1,0.0003521442413330078,0.0
7087,pop1,1,0.00035643577575683594,0.0
7087,pop6,1,0.0002429485321044922,0.0
7088,pop22,5,0.012022876739501953,0.023394569895206555
7088,pop21,1,0.0002608299255371094,0.0
7088,pop23,1,0.0002791881561279297,0.0
7088,pop24,1,0.00026106834411621094,0.0
7089,pop8,2,0.030504226684570312,0.030105113983154297
7089,pop51,2,0.0003399848937988281,7.3909759521484375e-06
7089,pop19,4,0.0003841519355773926,1.953968988801136e-05
7089,pop20,4,0.016401290893554688,0.027814631275082193
7089,pop18,2,0.0002694129943847656,4.5299530029296875e-06
7089,pop38,1,0.06983256340026855,0.0
7089,pop53,1,0.000347137451171875,0.0
7089,pop7,1,0.0002143383026123047,0.0
7090,pop4,2,0.03145301342010498,0.031026005744934082
7090,pop51,4,0.0003809332847595215,7.36997634031217e-05
7090,pop19,4,0.0003534555435180664,8.913069000397484e-05
7090,pop20,4,0.032810091972351074,0.03249204442369873
7090,pop18,2,0.0002378225326538086,1.5497207641601562e-06
7090,pop38,1,0.07053184509277344,0.0
7090,pop46,1,0.00027179718017578125,0.0
7090,pop10,1,0.06128859519958496,0.0
7090,pop50,2,0.0004363059997558594,6.198883056640625e-05
7090,pop17,2,0.0003465414047241211,3.9696693420410156e-05
7090,pop53,1,0.0004260540008544922,0.0
7090,pop1,1,0.0003142356872558594,0.0
7090,pop15,1,0.00021529197692871094,0.0
7091,pop38,2,0.03635430335998535,0.0359492301940918
7091,pop18,1,0.0003807544708251953,0.0
7091,pop19,2,0.00037658214569091797,1.2278556823730469e-05
7091,pop20,2,0.03234684467315674,0.032063841819763184
7091,pop51,2,0.0003892183303833008,7.045269012451172e-05
7091,pop9,3,0.00028053919474283856,3.436114574955868e-05
7091,pop50,1,0.0003509521484375,0.0
7091,pop16,1,0.0002586841583251953,0.0
7092,pop47,2,0.027052640914916992,0.02667379379272461
7092,pop53,2,0.030629873275756836,0.03027057647705078
7092,pop1,3,0.0003460248311360677,1.732471885647569e-05
7092,pop6,5,0.01373605728149414,0.02692260464543145
7093,pop37,5,0.011161327362060547,0.021683157012718363
7093,pop52,1,0.00031757354736328125,0.0
7093,pop53,1,0.00035691261291503906,0.0
7093,pop7,1,0.00021600723266601562,0.0
7094,pop53,2,0.031262755393981934,0.03072226047515869
7094,pop52,4,0.0003216266632080078,3.6525150498714355e-05
7094,pop55,1,0.0002608299255371094,0.0
7095,pop32,5,0.015443181991577149,0.030152097606502046
7095,pop33,1,0.0003046989440917969,0.0
7095,pop50,1,0.0004279613494873047,0.0
7095,pop53,1,0.0003662109375,0.0
7095,pop7,1,0.00021147727966308594,0.0
7096,pop21,2,0.03763866424560547,0.0372319221496582
7096,pop23,3,0.02274632453918457,0.03168432118092728
7096,pop24,3,0.02461973826090495,0.03439560631473124
7096,pop14,3,0.023174762725830078,0.03217497063762057
7096,pop50,2,0.00042939186096191406,1.33514404296875e-05
7096,pop16,1,0.00027823448181152344,0.0
7096,pop55,1,0.00036525726318359375,0.0
7097,pop44,2,0.03296494483947754,0.032533884048461914
7097,pop45,1,0.00027680397033691406,0.0
7097,pop46,2,0.00025904178619384766,2.372264862060547e-05
7097,pop20,2,0.06606185436248779,0.000941157341003418
7097,pop19,3,0.0004371802012125651,6.684125800641451e-05
7097,pop18,2,0.000240325927734375,7.152557373046875e-06
7097,pop38,1,0.07103419303894043,0.0
7097,pop51,3,0.00036342938741048175,4.657177387564112e-05
7097,pop50,2,0.00038254261016845703,3.230571746826172e-05
7097,pop17,3,0.0003535747528076172,4.275920508909869e-05
7097,pop10,1,0.000270843505859375,0.0
7098,pop24,5,0.015253353118896484,0.029804632489278865
7098,pop14,1,0.0002963542938232422,0.0
7098,pop50,1,0.0004162788391113281,0.0
7098,pop53,1,0.000400543212890625,0.0
7098,pop52,1,0.00031256675720214844,0.0
7099,pop40,2,0.029334664344787598,0.028946518898010254
7099,pop41,1,0.00028228759765625,0.0
7099,pop53,2,0.00036656856536865234,1.4185905456542969e-05
7099,pop52,4,0.00036525726318359375,4.75329758291017e-05
7099,pop7,1,0.0002193450927734375,0.0
7100,pop6,5,0.013284111022949218,0.02593802566440174
7100,pop1,1,0.0003266334533691406,0.0
7100,pop53,1,0.0003650188446044922,0.0
7100,pop52,1,0.0002949237823486328,0.0
7100,pop34,1,0.00034928321838378906,0.0
7100,pop35,1,0.0002319812774658203,0.0
7101,pop55,5,0.010639333724975586,0.02057373818071394
7101,pop50,1,0.00044345855712890625,0.0
7101,pop53,1,0.0003790855407714844,0.0
7101,pop1,1,0.0003249645233154297,0.0
7101,pop6,1,0.0002315044403076172,0.0
7102,pop30,2,0.027668476104736328,0.027289867401123047
7102,pop31,1,0.00025200843811035156,0.0
7102,pop17,4,0.00036329030990600586,9.080718237983872e-05
7102,pop50,1,0.00037670135498046875,0.0
7102,pop51,1,0.0003299713134765625,0.0
7102,pop19,1,0.0003490447998046875,0.0
7102,pop20,1,0.0002567768096923828,0.0
7103,pop50,2,0.031001925468444824,0.03043687343597412
7103,pop55,2,0.027628302574157715,0.027355551719665527
7103,pop52,4,0.00032317638397216797,5.226168427918947e-05
7103,pop54,1,0.05824613571166992,0.0
7104,pop52,3,0.020347992579142254,0.02826565591218549
7104,pop37,4,0.00028783082962036133,5.267765974935771e-05
7104,pop53,1,0.0005280971527099609,0.0
7104,pop50,1,0.0003790855407714844,0.0
7104,pop51,1,0.00031280517578125,0.0
7104,pop10,1,0.0002770423889160156,0.0
7105,pop22,5,0.011231946945190429,0.021850979662485844
7105,pop51,1,0.0003924369812011719,0.0
7105,pop19,1,0.00035381317138671875,0.0
7105,pop20,1,0.00026154518127441406,0.0
7106,pop8,2,0.028301715850830078,0.02793407440185547
7106,pop51,1,0.00045752525329589844,0.0
7106,pop19,1,0.00030517578125,0.0
7106,pop20,1,0.06418418884277344,0.0
7106,pop46,1,0.0002391338348388672,0.0
7106,pop45,1,0.00025463104248046875,0.0
7106,pop44,3,0.00030159950256347656,4.082507730074084e-05
7106,pop50,2,0.0005820989608764648,0.0002244710922241211
7106,pop27,1,0.0002810955047607422,0.0
7106,pop25,1,0.0002727508544921875,0.0
7106,pop17,4,0.00034171342849731445,2.7108189822710995e-05
7107,pop32,4,0.017598509788513184,0.02987326059421413
7107,pop33,1,0.0004096031188964844,0.0
7107,pop50,1,0.0005054473876953125,0.0
7107,pop51,1,0.0003325939178466797,0.0
7107,pop10,1,0.00028252601623535156,0.0
7108,pop21,2,0.03528773784637451,0.03489959239959717
7108,pop23,1,0.00034880638122558594,0.0
7108,pop24,3,0.0003294944763183594,6.25914237216207e-05
7108,pop14,1,0.00045800209045410156,0.0
7108,pop50,1,0.00039196014404296875,0.0
7108,pop51,1,0.0004572868347167969,0.0
7108,pop19,1,0.0003676414489746094,0.0
7108,pop18,1,0.00037598609924316406,0.0
7109,pop38,4,0.017330288887023926,0.029435951678426126
7109,pop18,1,0.00037598609924316406,0.0
7109,pop19,1,0.00036787986755371094,0.0
7109,pop51,1,0.0004899501800537109,0.0
7109,pop53,1,0.0003979206085205078,0.0
7109,pop7,1,0.00021767616271972656,0.0
7110,pop37,5,0.010655403137207031,0.020625288823522468
7110,pop33,1,0.0002942085266113281,0.0
7110,pop50,1,0.0003857612609863281,0.0
7110,pop16,1,0.00026535987854003906,0.0
7111,pop24,4,0.03600633144378662,0.035665782643128745
7111,pop14,1,0.06937146186828613,0.0
7111,pop23,3,0.0003554026285807292,6.127321405630283e-05
7111,pop16,1,0.0003802776336669922,0.0
7111,pop50,1,0.0003807544708251953,0.0
7111,pop53,1,0.0004889965057373047,0.0
7111,pop1,1,0.00032401084899902344,0.0
7111,pop6,1,0.0002579689025878906,0.0
7112,pop30,2,0.027084708213806152,0.026715397834777832
7112,pop48,2,0.00026988983154296875,7.867813110351562e-06
7112,pop56,4,0.00030988454818725586,5.9239550864615025e-05
7112,pop52,1,0.000308990478515625,0.0
7112,pop53,1,0.0005161762237548828,0.0
7112,pop7,1,0.0002193450927734375,0.0
7113,pop8,2,0.028633594512939453,0.02826714515686035
7113,pop51,2,0.0003503561019897461,2.6106834411621094e-05
7113,pop4,3,0.00036843617757161457,5.836187270490083e-05
7113,pop53,1,0.00033593177795410156,0.0
7113,pop1,1,0.0004253387451171875,0.0
7113,pop6,1,0.00034737586975097656,0.0
7114,pop45,2,0.03308558464050293,0.032686710357666016
7114,pop44,1,0.06444883346557617,0.0
7114,pop50,2,0.00046634674072265625,6.246566772460938e-05
7114,pop14,2,0.036008596420288086,0.03566312789916992
7114,pop24,4,0.00030744075775146484,3.6854183766770115e-05
7114,pop53,1,0.0003421306610107422,0.0
7114,pop52,1,0.00045108795166015625,0.0
7115,pop33,3,0.02195882797241211,0.030567131868651107
7115,pop32,4,0.0003464221954345703,4.624798096333562e-05
7115,pop50,1,0.00034546852111816406,0.0
7115,pop53,1,0.0004000663757324219,0.0
7115,pop7,1,0.00021839141845703125,0.0
7116,pop36,2,0.027869224548339844,0.027504682540893555
7116,pop51,1,0.0004100799560546875,0.0
7116,pop43,1,0.00028252601623535156,0.0
7116,pop40,4,0.0003388524055480957,9.565256750939294e-05
7116,pop41,1,0.0003008842468261719,0.0
7116,pop53,1,0.0003685951232910156,0.0
7116,pop50,1,0.0003762245178222656,0.0
7116,pop14,1,0.0003261566162109375,0.0
7116,pop24,1,0.00029206275939941406,0.0
7117,pop27,2,0.0359114408493042,0.035518765449523926
7117,pop25,1,0.00025343894958496094,0.0
7117,pop17,4,0.0003921985626220703,5.6200574454366546e-05
7117,pop50,1,0.0005242824554443359,0.0
7117,pop51,1,0.0003490447998046875,0.0
7117,pop19,1,0.0003306865692138672,0.0
7117,pop18,1,0.0002624988555908203,0.0
7118,pop10,3,0.03993511199951172,0.02797969480254549
7118,pop51,2,0.00041675567626953125,6.508827209472656e-05
7118,pop4,3,0.00031495094299316406,2.8164356239692198e-05
7118,pop19,1,0.0003535747528076172,0.0
7118,pop20,1,0.0002677440643310547,0.0
7119,pop22,4,0.014390051364898682,0.024251478337337564
7119,pop51,1,0.00032520294189453125,0.0
7119,pop53,1,0.0004889965057373047,0.0
7119,pop1,1,0.00032901763916015625,0.0
7119,pop15,1,0.00021648406982421875,0.0
7120,pop21,2,0.03540992736816406,0.035031795501708984
7120,pop23,1,0.0004405975341796875,0.0
7120,pop24,4,0.000340878963470459,6.677473531959283e-05
7120,pop14,1,0.00034236907958984375,0.0
7120,pop50,1,0.00041866302490234375,0.0
7120,pop44,1,0.0002865791320800781,0.0
7121,pop16,3,0.02071094512939453,0.02884217171904979
7121,pop23,2,0.00034606456756591797,1.0848045349121094e-05
7121,pop24,3,0.0004138946533203125,1.7870263768619068e-05
7122,pop42,2,0.030634164810180664,0.03026723861694336
7122,pop43,2,0.0002707242965698242,7.271766662597656e-06
7122,pop40,1,0.05687236785888672,0.0
7122,pop51,4,0.0003916025161743164,6.880028623655515e-05
7122,pop4,1,0.06335115432739258,0.0
7122,pop10,1,0.06153559684753418,0.0
7122,pop22,1,0.057131290435791016,0.0
7122,pop21,2,0.037523865699768066,0.03725922107696533
7122,pop23,1,0.0002903938293457031,0.0
7122,pop24,1,0.00026297569274902344,0.0
7122,pop14,2,0.0003719329833984375,7.128715515136719e-05
7122,pop50,2,0.00045549869537353516,7.402896881103516e-05
7122,pop53,1,0.0005121231079101562,0.0
7122,pop19,1,0.0002913475036621094,0.0
7122,pop18,1,0.0002510547637939453,0.0
7123,pop37,4,0.0127907395362854,0.021485922122690407
7123,pop52,1,0.00028824806213378906,0.0
7123,pop53,1,0.0003609657287597656,0.0
7123,pop51,1,0.0003180503845214844,0.0
7123,pop10,1,0.00024056434631347656,0.0
7124,pop8,2,0.02884352207183838,0.028461337089538574
7124,pop51,1,0.0003364086151123047,0.0
7124,pop43,1,0.00023603439331054688,0.0
7124,pop40,3,0.0003464221954345703,3.352530347854393e-05
7124,pop41,1,0.00028061866760253906,0.0
7124,pop53,1,0.00036835670471191406,0.0
7124,pop50,1,0.00038933753967285156,0.0
7124,pop16,1,0.000240325927734375,0.0
7125,pop23,2,0.033986806869506836,0.033579349517822266
7125,pop24,4,0.0003024935722351074,1.9386359171831844e-05
7125,pop14,1,0.0003342628479003906,0.0
7125,pop50,1,0.0005786418914794922,0.0
7125,pop44,1,0.00028634071350097656,0.0
7126,pop28,2,0.02800166606903076,0.027634739875793457
7126,pop51,1,0.0003364086151123047,0.0
7126,pop43,1,0.00027179718017578125,0.0
7126,pop40,1,0.05961012840270996,0.0
7126,pop41,1,0.0003883838653564453,0.0
7126,pop53,2,0.062160611152648926,0.0009828805923461914
7126,pop54,3,0.03933962186177572,0.027569380935315628
7126,pop52,3,0.0002967516581217448,5.589151691601194e-06
7127,pop18,3,0.022092024485270183,0.030783500879702056
7127,pop38,3,0.00029206275939941406,1.4310411955957254e-05
7127,pop19,1,0.0002865791320800781,0.0
7127,pop20,1,0.0002493858337402344,0.0
7128,pop57,2,0.034334778785705566,0.03396499156951904
7128,pop56,4,0.0003019571304321289,5.899559224453238e-05
7128,pop48,1,0.00026917457580566406,0.0
7128,pop52,1,0.00038743019104003906,0.0
7128,pop53,1,0.0003466606140136719,0.0
7128,pop47,1,0.0002224445343017578,0.0
7129,pop47,5,0.010395622253417969,0.020242825903228054
7130,pop44,2,0.031860947608947754,0.03145945072174072
7130,pop50,2,0.0004253387451171875,7.62939453125e-06
7130,pop17,4,0.00042438507080078125,0.00010346762028640369
7130,pop51,1,0.00047850608825683594,0.0
7130,pop10,1,0.00027871131896972656,0.0
7131,pop45,2,0.03242933750152588,0.03203999996185303
7131,pop44,3,0.00034157435099283856,4.500676521557025e-05
7131,pop50,1,0.0003554821014404297,0.0
7131,pop35,1,0.00022459030151367188,0.0
7132,pop36,2,0.0281754732131958,0.02781069278717041
7132,pop51,1,0.00032639503479003906,0.0
7132,pop43,1,0.00023698806762695312,0.0
7132,pop40,1,0.0591740608215332,0.0
7132,pop41,1,0.0002543926239013672,0.0
7132,pop53,2,0.029903411865234375,0.029547929763793945
7132,pop54,1,0.05870366096496582,0.0
7132,pop52,3,0.00036915143330891925,4.8189789067786286e-05
7132,pop12,2,0.03223311901092529,0.031871676445007324
7132,pop50,1,0.0003733634948730469,0.0
7132,pop44,1,0.00026607513427734375,0.0
7133,pop22,5,0.011904573440551758,0.023190013947835774
7133,pop21,1,0.00027871131896972656,0.0
7133,pop23,1,0.00030875205993652344,0.0
7133,pop16,1,0.00028514862060546875,0.0
7134,pop31,2,0.028133749961853027,0.0277634859085083
7134,pop17,4,0.0004252791404724121,4.711237241318895e-05
7134,pop50,1,0.00040268898010253906,0.0
7134,pop53,1,0.0003502368927001953,0.0
7134,pop7,1,0.00021696090698242188,0.0
7135,pop40,2,0.028674960136413574,0.028266072273254395
7135,pop41,1,0.0002899169921875,0.0
7135,pop53,2,0.00042998790740966797,6.16312026977539e-05
7135,pop54,1,0.05752921104431152,0.0
7135,pop52,2,0.0003008842468261719,4.0531158447265625e-06
7135,pop12,3,0.000295559565226237,5.139541235090962e-05
7135,pop50,1,0.0003800392150878906,0.0
7135,pop14,1,0.00035071372985839844,0.0
7135,pop24,1,0.00038504600524902344,0.0
7136,pop52,4,0.015239179134368896,0.0257779968186405
7136,pop54,2,0.028462529182434082,0.028145670890808105
7136,pop48,2,0.03337132930755615,0.03297603130340576
7136,pop56,3,0.00034300486246744793,4.837580274018975e-05
7136,pop53,1,0.00035691261291503906,0.0
7136,pop51,1,0.00046515464782714844,0.0
7136,pop19,1,0.0003304481506347656,0.0
7136,pop20,1,0.00025534629821777344,0.0
7137,pop32,4,0.01786249876022339,0.03028826718999652
7137,pop33,1,0.0002512931823730469,0.0
7137,pop50,1,0.0004010200500488281,0.0
7137,pop51,1,0.0003476142883300781,0.0
7137,pop19,1,0.00034809112548828125,0.0
7137,pop18,1,0.00027060508728027344,0.0
7138,pop16,2,0.030961275100708008,0.030575037002563477
7138,pop50,3,0.0004831949869791667,7.929758771538128e-05
7138,pop14,2,0.03499245643615723,0.03468799591064453
7138,pop24,2,0.03831815719604492,0.037903547286987305
7138,pop44,2,0.00033462047576904297,6.449222564697266e-05
7138,pop53,1,0.0003616809844970703,0.0
7138,pop7,1,0.00022530555725097656,0.0
7139,pop42,2,0.02958047389984131,0.02919948101043701
7139,pop43,1,0.0002741813659667969,0.0
7139,pop51,1,0.0003712177276611328,0.0
7139,pop50,3,0.0004544258117675781,0.00010369773926344463
7139,pop14,2,0.034441590309143066,0.03397858142852783
7139,pop24,2,0.036375999450683594,0.03594398498535156
7139,pop17,2,0.00037038326263427734,1.704692840576172e-05
7139,pop44,1,0.00028324127197265625,0.0
7140,pop37,5,0.010668230056762696,0.0206676561693487
7140,pop52,1,0.0004928112030029297,0.0
7140,pop54,1,0.0002694129943847656,0.0
7140,pop53,1,0.0003788471221923828,0.0
7140,pop47,1,0.0002338886260986328,0.0
7141,pop8,2,0.028466463088989258,0.028093814849853516
7141,pop51,1,0.00035834312438964844,0.0
7141,pop50,1,0.0003905296325683594,0.0
7141,pop14,1,0.06865429878234863,0.0
7141,pop24,4,0.00028699636459350586,2.2372236392691075e-05
7141,pop23,1,0.00032019615173339844,0.0
7141,pop16,1,0.0002815723419189453,0.0
7142,pop41,2,0.030106186866760254,0.029708266258239746
7142,pop40,2,0.029017210006713867,0.028734445571899414
7142,pop43,1,0.0002739429473876953,0.0
7142,pop51,2,0.0003345012664794922,3.337860107421875e-06
7142,pop4,3,0.00035889943440755207,8.808898821616233e-05
7142,pop50,1,0.0004401206970214844,0.0
7142,pop14,1,0.00035953521728515625,0.0
7142,pop24,1,0.0002772808074951172,0.0
7143,pop30,2,0.02689981460571289,0.02651524543762207
7143,pop31,1,0.00026798248291015625,0.0
7143,pop17,4,0.0003396272659301758,3.139643192020372e-05
7143,pop50,1,0.00038933753967285156,0.0
7143,pop44,1,0.0002994537353515625,0.0
7144,pop28,2,0.028928399085998535,0.02855837345123291
7144,pop51,3,0.00045013427734375,0.000126493583242208
7144,pop4,1,0.06200385093688965,0.0
7144,pop10,4,0.00029855966567993164,4.057894547300266e-05
7144,pop50,1,0.00040841102600097656,0.0
7144,pop44,1,0.0002722740173339844,0.0
7145,pop57,2,0.03522765636444092,0.034850239753723145
7145,pop56,1,0.0003657341003417969,0.0
7145,pop2,4,0.0003083348274230957,5.3150334385275624e-05
7145,pop49,1,0.0002536773681640625,0.0
7145,pop48,1,0.0003795623779296875,0.0
7145,pop52,1,0.00030732154846191406,0.0
7145,pop53,1,0.0003731250762939453,0.0
7145,pop1,1,0.0003457069396972656,0.0
7145,pop15,1,0.00028967857360839844,0.0
7146,pop44,2,0.03158986568450928,0.03118455410003662
7146,pop50,2,0.0003914833068847656,9.5367431640625e-07
7146,pop14,2,0.033897995948791504,0.03360283374786377
7146,pop24,4,0.0003224611282348633,5.123184784227155e-05
7146,pop53,1,0.0003833770751953125,0.0
7146,pop47,1,0.00023126602172851562,0.0
7147,pop45,3,0.021613438924153645,0.030088122389724598
7147,pop44,2,0.0335536003112793,0.03326153755187988
7147,pop50,2,0.0004372596740722656,8.0108642578125e-05
7147,pop14,2,0.03465747833251953,0.0343017578125
7147,pop46,1,0.00027823448181152344,0.0
7147,pop20,1,0.00040435791015625,0.0
7147,pop19,1,0.0003845691680908203,0.0
7147,pop51,1,0.0003383159637451172,0.0
7147,pop53,3,0.020268996556599934,0.02813330806052343
7147,pop54,1,0.05792546272277832,0.0
7147,pop52,3,0.02084493637084961,0.029060252779988582
7147,pop13,1,0.06501889228820801,0.0
7147,pop7,1,0.00031447410583496094,0.0
7148,pop31,2,0.028015494346618652,0.02763998508453369
7148,pop17,2,0.034689903259277344,0.03427529335021973
7148,pop50,2,0.00039207935333251953,1.7523765563964844e-05
7148,pop44,3,0.00034117698669433594,6.640660090681e-05
7148,pop55,1,0.0002582073211669922,0.0
7149,pop42,2,0.029831409454345703,0.02946329116821289
7149,pop43,1,0.00024366378784179688,0.0
7149,pop51,1,0.0006120204925537109,0.0
7149,pop53,1,0.0003857612609863281,0.0
7149,pop50,2,0.0003732442855834961,5.841255187988281e-06
7149,pop14,3,0.00034435590108235675,1.0629179317029627e-05
7149,pop44,1,0.0002987384796142578,0.0
7150,pop14,4,0.03454083204269409,0.03414417712373186
7150,pop50,2,0.00039827823638916016,1.8715858459472656e-05
7150,pop16,1,0.00027680397033691406,0.0
7150,pop23,1,0.0003027915954589844,0.0
7150,pop24,3,0.00033100446065266925,9.22665183809431e-05
7150,pop53,1,0.0003657341003417969,0.0
7150,pop47,1,0.0002281665802001953,0.0
7151,pop48,3,0.043753623962402344,0.030634148083881953
7151,pop52,2,0.0003877878189086914,4.9233436584472656e-05
7151,pop53,1,0.00036597251892089844,0.0
7151,pop51,1,0.0003337860107421875,0.0
7151,pop10,1,0.0002760887145996094,0.0
7152,pop39,2,0.03032231330871582,0.029944181442260742
7152,pop38,1,0.0002799034118652344,0.0
7152,pop18,1,0.0002765655517578125,0.0
7152,pop19,3,0.00034332275390625,2.0360258002922898e-05
7152,pop20,4,0.016674458980560303,0.028378728863331485
7152,pop51,3,0.00035762786865234375,3.951327926208513e-06
7152,pop10,1,0.06066083908081055,0.0
7152,pop53,2,0.03077411651611328,0.030406475067138672
7152,pop52,4,0.000322878360748291,5.297894063900442e-05
7152,pop54,1,0.05842852592468262,0.0
7152,pop13,1,0.06248974800109863,0.0
7152,pop12,2,0.0003325939178466797,8.535385131835938e-05
7153,pop33,3,0.022086620330810547,0.030670261717133208
7153,pop32,3,0.00031717618306477863,3.2435638241704025e-05
7153,pop50,1,0.0004127025604248047,0.0
7153,pop53,1,0.000362396240234375,0.0
7153,pop52,1,0.0003006458282470703,0.0
7154,pop27,2,0.03550541400909424,0.035112738609313965
7154,pop14,2,0.00032126903533935547,1.6570091247558594e-05
7154,pop24,4,0.00032788515090942383,3.41627181658854e-05
7154,pop50,1,0.0004241466522216797,0.0
7154,pop51,1,0.0003807544708251953,0.0
7155,pop10,2,0.03051590919494629,0.030120134353637695
7155,pop51,3,0.0003472169240315755,1.652424038997272e-05
7155,pop4,1,0.06171083450317383,0.0
7155,pop9,3,0.00032671292622884113,5.28272783042619e-05
7155,pop50,1,0.0003745555877685547,0.0
7155,pop14,1,0.00029730796813964844,0.0
7155,pop24,1,0.00024890899658203125,0.0
7156,pop21,4,0.03682988882064819,0.03649980112420299
7156,pop23,1,0.06844425201416016,0.0
7156,pop24,2,0.00033593177795410156,8.630752563476562e-05
7156,pop14,1,0.00033164024353027344,0.0
7156,pop50,1,0.0003809928894042969,0.0
7156,pop53,1,0.000347137451171875,0.0
7156,pop1,1,0.0003635883331298828,0.0
7156,pop6,1,0.0002307891845703125,0.0
7157,pop40,4,0.02884775400161743,0.028520695994670962
7157,pop41,1,0.00028777122497558594,0.0
7157,pop53,2,0.0003470182418823242,2.9802322387695312e-06
7157,pop1,2,0.000347137451171875,1.811981201171875e-05
7157,pop6,2,0.0003046989440917969,3.9577484130859375e-05
7157,pop51,1,0.00035381317138671875,0.0
7157,pop10,1,0.00028014183044433594,0.0
7158,pop30,2,0.026756644248962402,0.026387333869934082
7158,pop48,1,0.00029277801513671875,0.0
7158,pop52,4,0.0003184080123901367,2.8960497827843138e-05
7158,pop54,2,0.02908480167388916,0.028818488121032715
7158,pop34,1,0.0003476142883300781,0.0
7158,pop35,1,0.0002143383026123047,0.0
7159,pop44,2,0.031331539154052734,0.0309293270111084
7159,pop50,2,0.0005127191543579102,4.684925079345703e-05
7159,pop33,2,0.0003261566162109375,2.4318695068359375e-05
7159,pop32,4,0.00031244754791259766,2.8172007826729652e-05
7159,pop53,1,0.00036072731018066406,0.0
7159,pop7,1,0.00022149085998535156,0.0
7160,pop45,2,0.033394813537597656,0.03301095962524414
7160,pop44,1,0.06329727172851562,0.0
7160,pop50,2,0.00040972232818603516,1.3947486877441406e-05
7160,pop33,2,0.0003012418746948242,1.5854835510253906e-05
7160,pop32,4,0.00034111738204956055,5.117436259268788e-05
7160,pop53,1,0.0003693103790283203,0.0
7160,pop1,1,0.0003516674041748047,0.0
7160,pop15,1,0.00023865699768066406,0.0
7161,pop31,2,0.027813076972961426,0.027431845664978027
7161,pop30,1,0.00035953521728515625,0.0
7161,pop48,2,0.0003045797348022461,2.014636993408203e-05
7161,pop49,4,0.0003089308738708496,8.795276813359114e-05
7161,pop52,1,0.0002875328063964844,0.0
7161,pop53,1,0.00034809112548828125,0.0
7161,pop50,1,0.0003609657287597656,0.0
7161,pop44,1,0.0002663135528564453,0.0
7162,pop46,3,0.020913362503051758,0.029137354624206666
7162,pop20,1,0.06581735610961914,0.0
7162,pop51,3,0.0003784497578938802,4.884200490762128e-05
7162,pop4,1,0.06083059310913086,0.0
7162,pop10,2,0.030818819999694824,0.030544638633728027
7162,pop53,2,0.0004831552505493164,8.237361907958984e-05
7162,pop50,1,0.0003838539123535156,0.0
7162,pop16,1,0.0002970695495605469,0.0
7163,pop56,2,0.033794283866882324,0.03341090679168701
7163,pop48,5,0.00030407905578613283,6.216987434879484e-05
7163,pop52,3,0.0204620361328125,0.028511501367251564
7163,pop54,1,0.056450843811035156,0.0
7163,pop53,1,0.0004100799560546875,0.0
7163,pop50,1,0.00045108795166015625,0.0
7163,pop14,1,0.00030541419982910156,0.0
7163,pop24,1,0.0002982616424560547,0.0
7164,pop9,5,0.012119007110595704,0.023620200769478503
7164,pop51,1,0.0004119873046875,0.0
7164,pop19,1,0.0003714561462402344,0.0
7164,pop20,1,0.00025773048400878906,0.0
7165,pop41,2,0.030063152313232422,0.029650211334228516
7165,pop40,1,0.05642986297607422,0.0
7165,pop43,1,0.000335693359375,0.0
7165,pop51,4,0.00040096044540405273,7.643395760379965e-05
7165,pop4,1,0.06123948097229004,0.0
7165,pop10,2,0.02978968620300293,0.029526233673095703
7165,pop22,1,0.056893110275268555,0.0
7165,pop21,4,0.018455147743225098,0.031468368625953785
7165,pop23,2,0.03615367412567139,0.03584277629852295
7165,pop16,1,0.0002803802490234375,0.0
7165,pop50,1,0.00037169456481933594,0.0
7166,pop28,2,0.02842259407043457,0.028057336807250977
7166,pop51,4,0.00034493207931518555,2.4992121650304017e-05
7166,pop53,3,0.02002882957458496,0.027817763587791266
7166,pop1,2,0.0004570484161376953,4.5299530029296875e-06
7166,pop6,1,0.06726956367492676,0.0
7166,pop41,1,0.0003001689910888672,0.0
7166,pop40,3,0.019444863001505535,0.02706339121290628
7166,pop43,1,0.00024366378784179688,0.0
7166,pop10,1,0.0618743896484375,0.0
7166,pop9,2,0.0003006458282470703,4.6253204345703125e-05
7167,pop57,2,0.034577131271362305,0.03420138359069824
7167,pop56,4,0.017504990100860596,0.029834735327587316
7167,pop2,2,0.00024199485778808594,4.0531158447265625e-06
7167,pop49,3,0.02266526222229004,0.03168195526432374
7167,pop48,2,0.03340590000152588,0.03314054012298584
7167,pop52,1,0.00030303001403808594,0.0
7167,pop55,1,0.0002796649932861328,0.0
7168,pop40,2,0.028381705284118652,0.0279921293258667
7168,pop41,1,0.00037550926208496094,0.0
7168,pop53,1,0.058637380599975586,0.0
7168,pop50,2,0.0004582405090332031,5.602836608886719e-05
7168,pop17,4,0.00040596723556518555,5.696766738898731e-05
7168,pop16,1,0.00026679039001464844,0.0
7169,pop30,2,0.027207612991333008,0.02683401107788086
7169,pop48,1,0.00028586387634277344,0.0
7169,pop52,2,0.00030171871185302734,1.3709068298339844e-05
7169,pop37,4,0.0002945065498352051,3.6782344547991064e-05
7169,pop34,1,0.00024771690368652344,0.0
7169,pop35,1,0.00031185150146484375,0.0
7170,pop45,2,0.03283238410949707,0.03244519233703613
7170,pop46,1,0.0002601146697998047,0.0
7170,pop20,1,0.06492733955383301,0.0
7170,pop19,1,0.00048065185546875,0.0
7170,pop18,1,0.0002872943878173828,0.0
7170,pop38,1,0.06899309158325195,0.0
7170,pop39,1,0.0003783702850341797,0.0
7170,pop44,4,0.00030493736267089844,6.524876659690923e-05
7171,pop31,2,0.029102444648742676,0.02872145175933838
7171,pop30,1,0.0002586841583251953,0.0
7171,pop48,1,0.0002732276916503906,0.0
7171,pop52,3,0.00030541419982910156,2.150794603604109e-05
7171,pop54,2,0.02904951572418213,0.028759121894836426
7171,pop12,3,0.00031757354736328125,0.00010065236896696084
7171,pop53,1,0.0003597736358642578,0.0
7171,pop1,1,0.00031256675720214844,0.0
7171,pop15,1,0.00021147727966308594,0.0
7172,pop4,4,0.015771150588989258,0.026714365917630708
7172,pop51,1,0.0003216266632080078,0.0
7173,pop53,4,0.03033447265625,0.029783258996269973
7173,pop52,4,0.0003399848937988281,5.6845959373632215e-05
7173,pop48,1,0.06543827056884766,0.0
7173,pop54,1,0.0002589225769042969,0.0
7173,pop3,1,0.00034117698669433594,0.0
7173,pop0,1,0.00023412704467773438,0.0
7173,pop1,1,0.0003123283386230469,0.0
7173,pop15,1,0.0002155303955078125,0.0
7174,pop23,3,0.04514161745707194,0.03163045357895764
7174,pop24,3,0.00028824806213378906,2.9803276046753417e-05
7174,pop14,1,0.0004444122314453125,0.0
7174,pop50,1,0.0004646778106689453,0.0
7174,pop44,1,0.000324249267578125,0.0
7175,pop18,2,0.03373265266418457,0.03332805633544922
7175,pop38,3,0.0003368854522705078,4.444103554725618e-05
7175,pop39,1,0.00025081634521484375,0.0
7175,pop44,1,0.0003085136413574219,0.0
7176,pop10,2,0.029832005500793457,0.029436469078063965
7176,pop51,3,0.000448147455851237,8.150274022591086e-05
7176,pop46,1,0.00028824806213378906,0.0
7176,pop20,1,0.06466984748840332,0.0
7176,pop19,1,0.000385284423828125,0.0
7176,pop4,1,0.062070369720458984,0.0
7176,pop53,2,0.060494184494018555,0.0003383159637451172
7176,pop54,1,0.05881094932556152,0.0
7176,pop50,1,0.0003616809844970703,0.0
7176,pop14,3,0.04774204889933268,0.03352575140573839
7176,pop24,6,0.025272846221923828,0.03533524178366706
7177,pop6,4,0.016709744930267334,0.028389765921538215
7177,pop1,1,0.0003323554992675781,0.0
7177,pop53,1,0.00036144256591796875,0.0
7177,pop50,1,0.0005156993865966797,0.0
7177,pop44,1,0.00032591819763183594,0.0
7178,pop55,2,0.026323318481445312,0.025943756103515625
7178,pop52,5,0.0003226757049560547,4.087181545434957e-05
7178,pop13,1,0.06081199645996094,0.0
7178,pop53,1,0.0003833770751953125,0.0
7178,pop1,1,0.0003199577331542969,0.0
7178,pop6,1,0.0002219676971435547,0.0
7179,pop50,3,0.0207672119140625,0.02870120068786985
7179,pop17,4,0.0003700852394104004,4.19258834083887e-05
7179,pop53,1,0.0003437995910644531,0.0
7179,pop1,1,0.00044465065002441406,0.0
7179,pop6,1,0.00022912025451660156,0.0
7180,pop8,2,0.028571009635925293,0.028202176094055176
7180,pop51,2,0.0004734992980957031,0.00013685226440429688
7180,pop4,4,0.00033730268478393555,7.089222700608054e-05
7180,pop50,1,0.00043201446533203125,0.0
7180,pop35,1,0.00021147727966308594,0.0
7181,pop46,2,0.03201758861541748,0.03164207935333252
7181,pop20,1,0.0002906322479248047,0.0
7181,pop19,2,0.0003273487091064453,2.09808349609375e-05
7181,pop18,2,0.00029754638671875,1.1682510375976562e-05
7181,pop38,3,0.02382032076517741,0.03323725538273219
7181,pop51,3,0.0003825823465983073,7.022424429877455e-05
7181,pop10,1,0.06477832794189453,0.0
7181,pop43,1,0.0002684593200683594,0.0
7181,pop40,2,0.059950947761535645,0.0017684698104858398
7181,pop41,3,0.0002674261728922526,4.16304297565104e-06
7181,pop53,3,0.021259864171346027,0.029548256371204878
7181,pop1,2,0.0003172159194946289,1.4424324035644531e-05
7181,pop6,2,0.0003319978713989258,7.927417755126953e-05
7182,pop56,2,0.03399491310119629,0.03360939025878906
7182,pop48,3,0.0002887248992919922,9.719761424369578e-06
7182,pop52,1,0.00029206275939941406,0.0
7183,pop28,2,0.028230667114257812,0.027869224548339844
7183,pop51,1,0.0003426074981689453,0.0
7183,pop50,2,0.0003885030746459961,1.5854835510253906e-05
7183,pop33,2,0.0003598928451538086,5.805492401123047e-05
7183,pop32,4,0.00035119056701660156,7.964161995122257e-05
7183,pop14,1,0.00026917457580566406,0.0
7183,pop24,1,0.000247955322265625,0.0
7184,pop40,2,0.028488755226135254,0.02810060977935791
7184,pop41,1,0.00027871131896972656,0.0
7184,pop53,2,0.0003559589385986328,2.288818359375e-05
7184,pop1,2,0.00033855438232421875,5.7220458984375e-06
7184,pop6,3,0.00030112266540527344,6.910794644221417e-05
7184,pop52,1,0.0004067420959472656,0.0
7184,pop34,1,0.00024199485778808594,0.0
7184,pop35,1,0.0002090930938720703,0.0
7185,pop30,2,0.027096986770629883,0.026723861694335938
7185,pop48,4,0.00030553340911865234,3.199675930851901e-05
7185,pop52,1,0.00030040740966796875,0.0
7185,pop34,1,0.0002429485321044922,0.0
7185,pop35,1,0.0002281665802001953,0.0
7186,pop45,2,0.03211474418640137,0.03173232078552246
7186,pop44,1,0.0002865791320800781,0.0
7186,pop50,1,0.00048232078552246094,0.0
7186,pop33,2,0.0003845691680908203,5.364418029785156e-05
7186,pop32,1,0.07159233093261719,0.0
7186,pop37,4,0.00026726722717285156,1.4198421918997041e-05
7186,pop52,1,0.0002999305725097656,0.0
7186,pop55,1,0.0002608299255371094,0.0
7187,pop31,2,0.027902722358703613,0.027530789375305176
7187,pop17,3,0.00037558873494466144,5.939967622953668e-05
7187,pop50,1,0.0003910064697265625,0.0
7187,pop51,1,0.0004086494445800781,0.0
7187,pop19,1,0.00044798851013183594,0.0
7187,pop18,1,0.0002655982971191406,0.0
7188,pop38,4,0.017784833908081055,0.03012221075562968
7188,pop18,1,0.000255584716796875,0.0
7188,pop19,1,0.00047397613525390625,0.0
7188,pop51,1,0.0003993511199951172,0.0
7188,pop47,1,0.00023555755615234375,0.0
7189,pop24,5,0.014634990692138672,0.028588850205054476
7189,pop14,1,0.00028967857360839844,0.0
7189,pop50,1,0.0005240440368652344,0.0
7189,pop53,1,0.0004425048828125,0.0
7189,pop52,1,0.0002880096435546875,0.0
7190,pop42,2,0.030205607414245605,0.02983081340789795
7190,pop43,1,0.00025177001953125,0.0
7190,pop51,1,0.0007500648498535156,0.0
7191,pop53,3,0.01967938741048177,0.02719079400578775
7191,pop54,4,0.00030726194381713867,7.227256737899419e-05
7191,pop51,1,0.00036454200744628906,0.0
7191,pop19,1,0.000370025634765625,0.0
7191,pop20,1,0.0002620220184326172,0.0
7192,pop23,2,0.03400468826293945,0.03360390663146973
7192,pop24,4,0.0003269314765930176,5.839804425402629e-05
7192,pop14,1,0.00034046173095703125,0.0
7192,pop50,1,0.0003502368927001953,0.0
7192,pop55,1,0.00025391578674316406,0.0
7193,pop10,3,0.04039136568705241,0.028313074274197967
7193,pop51,3,0.00038560231526692707,2.153025231794696e-05
7193,pop4,2,0.03095400333404541,0.03061974048614502
7193,pop47,3,0.0002396106719970703,1.2557214815391248e-05
7194,pop6,2,0.03296542167663574,0.03260040283203125
7194,pop1,1,0.0002899169921875,0.0
7194,pop53,1,0.0003714561462402344,0.0
7194,pop50,5,0.0004559040069580078,9.657940836442451e-05
7194,pop17,3,0.07063881556193034,0.0023992691737593076
7194,pop25,2,0.0003352165222167969,5.078315734863281e-05
7194,pop27,2,0.00029861927032470703,7.510185241699219e-06
7194,pop44,1,0.0002987384796142578,0.0
7194,pop55,1,0.05395054817199707,0.0
7194,pop33,2,0.00028645992279052734,9.179115295410156e-06
7194,pop32,1,0.07354211807250977,0.0
7194,pop14,1,0.00033283233642578125,0.0
7195,pop45,2,0.03192543983459473,0.031527042388916016
7195,pop44,2,0.03197062015533447,0.031680941581726074
7195,pop50,4,0.00040096044540405273,5.331398084130888e-05
7195,pop17,5,0.013900852203369141,0.027136798972258774
7195,pop53,1,0.0004980564117431641,0.0
7195,pop7,1,0.00020742416381835938,0.0
7196,pop39,2,0.02983570098876953,0.029458045959472656
7196,pop38,3,0.023341655731201172,0.032524588808578184
7196,pop18,1,0.00039315223693847656,0.0
7196,pop19,2,0.00037300586700439453,5.125999450683594e-06
7196,pop20,1,0.06519818305969238,0.0
7196,pop51,2,0.0003470182418823242,3.039836883544922e-05
7196,pop4,2,0.0003858804702758789,4.017353057861328e-05
7196,pop53,1,0.00034356117248535156,0.0
7196,pop1,1,0.0003018379211425781,0.0
7196,pop6,1,0.0003273487091064453,0.0
7197,pop21,5,0.043766212463378903,0.035477574634794916
7197,pop23,3,0.023288249969482422,0.032517474227960495
7197,pop22,2,0.029028892517089844,0.028649330139160156
7197,pop24,3,0.00029548009236653644,2.589181373142202e-05
7197,pop14,1,0.000362396240234375,0.0
7197,pop16,1,0.0002589225769042969,0.0
7197,pop50,1,0.0003790855407714844,0.0
7197,pop51,1,0.00047087669372558594,0.0
7198,pop44,3,0.04354103406270345,0.030509541505318635
7198,pop50,1,0.0004062652587890625,0.0
7198,pop53,2,0.0004425048828125,3.981590270996094e-05
7198,pop47,1,0.0002460479736328125,0.0
7199,pop46,2,0.03093552589416504,0.03055405616760254
7199,pop45,1,0.0002765655517578125,0.0
7199,pop44,2,0.0003666877746582031,6.341934204101562e-05
7199,pop50,2,0.0004870891571044922,0.0001366138458251953
7199,pop27,1,0.00025081634521484375,0.0
7199,pop25,1,0.0002880096435546875,0.0
7199,pop17,4,0.0003400444984436035,2.213339652840205e-05
7199,pop14,1,0.0003380775451660156,0.0
7199,pop24,1,0.0003032684326171875,0.0
7200,pop40,3,0.019074678421020508,0.026507048076005704
7200,pop43,2,0.0003248453140258789,3.445148468017578e-05
7200,pop51,3,0.00040157636006673175,7.371115234659088e-05
7200,pop4,1,0.06098747253417969,0.0
7200,pop22,4,0.0003121495246887207,9.733821735207286e-05
7200,pop21,1,0.00024890899658203125,0.0
7200,pop23,1,0.0002987384796142578,0.0
7200,pop16,1,0.0002994537353515625,0.0
7200,pop50,1,0.0005364418029785156,0.0
7200,pop53,1,0.0005207061767578125,0.0
7200,pop41,1,0.0002810955047607422,0.0
7200,pop19,1,0.0003237724304199219,0.0
7200,pop18,1,0.00024271011352539062,0.0
7201,pop24,5,0.014484786987304687,0.028262610796627032
7201,pop14,1,0.00033092498779296875,0.0
7201,pop50,1,0.0003819465637207031,0.0
7201,pop53,1,0.0003669261932373047,0.0
7201,pop47,1,0.000240325927734375,0.0
7202,pop23,3,0.022680203119913738,0.03148307934268384
7202,pop24,2,0.0371478796005249,0.03686869144439697
7202,pop21,1,0.07257533073425293,0.0
7202,pop22,3,0.0002907117207845052,4.5145061432079905e-05
7202,pop51,1,0.0004241466522216797,0.0
7202,pop50,1,0.00036406517028808594,0.0
7202,pop44,1,0.0003414154052734375,0.0
7203,pop45,4,0.016323328018188477,0.027661150889091258
7203,pop44,4,0.03219336271286011,0.03189810218995077
7203,pop46,2,0.00028002262115478516,3.2186508178710938e-06
7203,pop20,1,0.06585144996643066,0.0
7203,pop50,2,0.0004006624221801758,4.088878631591797e-05
7203,pop14,2,0.00035858154296875,8.630752563476562e-05
7203,pop24,2,0.0003019571304321289,3.516674041748047e-05
7203,pop51,1,0.000408172607421875,0.0
7203,pop10,1,0.0002970695495605469,0.0
7204,pop41,3,0.02029569943745931,0.028216274487993378
7204,pop40,4,0.0003390312194824219,5.778565025895162e-05
7204,pop53,1,0.0005192756652832031,0.0
7204,pop50,1,0.0004985332489013672,0.0
7204,pop35,1,0.00020694732666015625,0.0
7205,pop57,2,0.03453719615936279,0.0341717004776001
7205,pop56,1,0.00025081634521484375,0.0
7205,pop48,1,0.0003833770751953125,0.0
7205,pop52,4,0.01545858383178711,0.02613697153842628
7205,pop13,2,0.0309906005859375,0.030645370483398438
7205,pop53,1,0.00039577484130859375,0.0
7205,pop47,1,0.0003428459167480469,0.0
7206,pop42,2,0.030385375022888184,0.03001725673675537
7206,pop43,1,0.0002772808074951172,0.0
7206,pop51,1,0.0005741119384765625,0.0
7207,pop21,4,0.03624272346496582,0.03586235242832365
7207,pop22,2,0.0004583597183227539,8.976459503173828e-05
7207,pop51,1,0.0003371238708496094,0.0
7207,pop50,1,0.0003597736358642578,0.0
7207,pop35,1,0.00021219253540039062,0.0
7208,pop46,2,0.03103947639465332,0.030652523040771484
7208,pop45,1,0.00028634071350097656,0.0
7208,pop44,3,0.00032973289489746094,2.185402492147634e-05
7208,pop50,1,0.00039386749267578125,0.0
7208,pop16,1,0.0002684593200683594,0.0
7209,pop23,3,0.02291107177734375,0.031887987024216594
7209,pop24,2,0.037404417991638184,0.03713881969451904
7209,pop21,1,0.07198715209960938,0.0
7209,pop22,3,0.0002899169921875,3.474264025233217e-05
7209,pop51,1,0.0003323554992675781,0.0
7209,pop50,1,0.00040340423583984375,0.0
7209,pop44,1,0.0002551078796386719,0.0
7210,pop47,5,0.010790014266967773,0.020987149404938635
7210,pop51,1,0.00046634674072265625,0.0
7210,pop19,1,0.00029587745666503906,0.0
7210,pop18,1,0.0004000663757324219,0.0
7211,pop36,2,0.02908468246459961,0.028707027435302734
7211,pop51,2,0.00038826465606689453,4.6133995056152344e-05
7211,pop9,4,0.00029921531677246094,5.1472743577478275e-05
7211,pop50,1,0.0003707408905029297,0.0
7211,pop55,1,0.0003483295440673828,0.0
7212,pop22,5,0.011473274230957032,0.022289184782592494
7212,pop51,1,0.000423431396484375,0.0
7212,pop53,1,0.0003826618194580078,0.0
7212,pop1,1,0.0003299713134765625,0.0
7212,pop6,1,0.00023317337036132812,0.0
7213,pop45,2,0.033634185791015625,0.03325462341308594
7213,pop44,1,0.00030541419982910156,0.0
7213,pop50,3,0.0003780523935953776,1.538410648671832e-05
7213,pop14,2,0.0004476308822631836,0.00018775463104248047
7213,pop16,1,0.0002734661102294922,0.0
7213,pop23,1,0.00032711029052734375,0.0
7213,pop24,3,0.0003497600555419922,6.731881327587135e-05
7213,pop51,1,0.00036644935607910156,0.0
7214,pop46,2,0.032497286796569824,0.03209817409515381
7214,pop20,1,0.0002682209014892578,0.0
7214,pop19,2,0.00031447410583496094,4.00543212890625e-05
7214,pop18,2,0.0002760887145996094,3.8623809814453125e-05
7214,pop38,1,0.06925821304321289,0.0
7214,pop51,2,0.00033271312713623047,2.9802322387695312e-06
7214,pop4,1,0.06425213813781738,0.0
7214,pop53,1,0.061240196228027344,0.0
7214,pop50,1,0.0004153251647949219,0.0
7214,pop55,1,0.0002732276916503906,0.0
7214,pop52,4,0.00036346912384033203,6.753445614329404e-05
7214,pop54,1,0.05898308753967285,0.0
7214,pop48,2,0.00027310848236083984,2.0265579223632812e-06
7214,pop56,1,0.0715327262878418,0.0
7214,pop2,3,0.024945815404256184,0.034896017347477715
7214,pop49,1,0.00035500526428222656,0.0
7215,pop52,3,0.020282904307047527,0.02814290472718512
7215,pop48,3,0.02192544937133789,0.030622888692750844
7215,pop49,2,0.00030744075775146484,3.230571746826172e-05
7215,pop53,1,0.00048661231994628906,0.0
7215,pop7,1,0.0003261566162109375,0.0
7216,pop32,3,0.047668774922688804,0.03343095292338403
7216,pop33,1,0.00029778480529785156,0.0
7216,pop50,2,0.00042235851287841797,1.4424324035644531e-05
7216,pop44,3,0.0003883043924967448,0.00012718975111194498
7216,pop53,1,0.0003705024719238281,0.0
7216,pop47,1,0.00023865699768066406,0.0
7217,pop16,2,0.0317760705947876,0.03139030933380127
7217,pop23,3,0.0229798158009847,0.0320919088048865
7217,pop24,2,0.00035369396209716797,6.0439109802246094e-05
7217,pop14,1,0.00032973289489746094,0.0
7217,pop50,1,0.0005905628204345703,0.0
7217,pop35,1,0.0002219676971435547,0.0
7218,pop37,4,0.012923121452331543,0.021847816226170227
7218,pop52,1,0.000286102294921875,0.0
7219,pop8,2,0.029637575149536133,0.029261112213134766
7219,pop51,1,0.0004241466522216797,0.0
7219,pop50,3,0.0004916191101074219,8.431145302385873e-05
7219,pop17,1,0.06838345527648926,0.0
7219,pop33,2,0.0002974271774291992,1.1086463928222656e-05
7219,pop32,4,0.0003643631935119629,6.82507018537368e-05
7219,pop35,1,0.0002186298370361328,0.0
7220,pop28,2,0.02869701385498047,0.028322219848632812
7220,pop51,1,0.00031948089599609375,0.0
7220,pop47,2,0.025980353355407715,0.025746941566467285
7220,pop53,4,0.015661776065826416,0.02650536184046254
7220,pop54,1,0.05809950828552246,0.0
7220,pop41,2,0.00026428699493408203,1.5854835510253906e-05
7220,pop40,1,0.05912065505981445,0.0
7220,pop52,3,0.000375668207804362,5.7105217669471257e-05
7221,pop30,2,0.02706766128540039,0.02668929100036621
7221,pop48,2,0.03253018856048584,0.032259345054626465
7221,pop56,2,0.035265564918518066,0.03500473499298096
7221,pop2,1,0.00024771690368652344,0.0
7221,pop49,3,0.00025693575541178387,8.497280378102403e-06
7221,pop52,1,0.00028204917907714844,0.0
7222,pop41,2,0.030273795127868652,0.029881596565246582
7222,pop53,2,0.00044929981231689453,4.1604042053222656e-05
7222,pop54,4,0.00031280517578125,6.66299953336138e-05
7222,pop51,1,0.0005431175231933594,0.0
7222,pop19,1,0.000347137451171875,0.0
7222,pop20,1,0.0003790855407714844,0.0
7223,pop42,2,0.029703974723815918,0.029342293739318848
7223,pop43,1,0.0003101825714111328,0.0
7223,pop51,2,0.0003342628479003906,2.8133392333984375e-05
7223,pop9,4,0.00026357173919677734,2.4170106050392894e-05
7223,pop19,1,0.0003104209899902344,0.0
7223,pop18,1,0.0002551078796386719,0.0
7224,pop45,2,0.03240609169006348,0.032022953033447266
7224,pop44,1,0.0002961158752441406,0.0
7224,pop50,4,0.0004209280014038086,6.339928392278031e-05
7224,pop17,4,0.017565608024597168,0.029792302220276318
7224,pop14,3,0.024230003356933594,0.03381559868922727
7224,pop24,1,0.07470917701721191,0.0
7224,pop53,1,0.00035381317138671875,0.0
7224,pop7,1,0.00021791458129882812,0.0
7225,pop38,5,0.014031934738159179,0.0274269658278957
7225,pop18,1,0.00028014183044433594,0.0
7225,pop19,1,0.0002808570861816406,0.0
7225,pop51,1,0.0004432201385498047,0.0
7225,pop10,1,0.00028228759765625,0.0
7226,pop10,2,0.030985236167907715,0.03059828281402588
7226,pop51,1,0.00038242340087890625,0.0
7226,pop53,3,0.0003879070281982422,2.3815617426242435e-05
7226,pop50,1,0.0003998279571533203,0.0
7226,pop16,1,0.00024962425231933594,0.0
7227,pop6,4,0.03341495990753174,0.03309738239498372
7227,pop1,1,0.0003254413604736328,0.0
7227,pop53,2,0.0004578828811645508,8.308887481689453e-05
7227,pop52,1,0.0002942085266113281,0.0
7227,pop34,1,0.0002491474151611328,0.0
7227,pop35,1,0.0002167224884033203,0.0
7228,pop47,5,0.010390329360961913,0.020181220368832724
7228,pop53,1,0.0003509521484375,0.0
7228,pop1,1,0.0003323554992675781,0.0
7228,pop15,1,0.00021529197692871094,0.0
7229,pop36,2,0.02833878993988037,0.027967333793640137
7229,pop51,2,0.0003534555435180664,2.086162567138672e-05
7229,pop53,4,0.015725910663604736,0.02653392543835365
7229,pop54,2,0.0003885030746459961,1.2278556823730469e-05
7229,pop19,1,0.0003044605255126953,0.0
7229,pop18,1,0.0002474784851074219,0.0
7230,pop16,2,0.032511353492736816,0.032094597816467285
7230,pop23,1,0.06822776794433594,0.0
7230,pop21,1,0.07126569747924805,0.0
7230,pop22,3,0.00034801165262858075,6.43442623455388e-05
7230,pop51,1,0.0003788471221923828,0.0
7230,pop53,1,0.00039649009704589844,0.0
7230,pop52,1,0.0002989768981933594,0.0
7231,pop30,2,0.027999281883239746,0.027614712715148926
7231,pop48,1,0.06683015823364258,0.0
7231,pop52,3,0.0003241697947184245,2.3570369369270006e-05
7231,pop55,2,0.027555465698242188,0.027292966842651367
7231,pop12,3,0.00028022130330403644,3.530760120853513e-05
7231,pop53,1,0.0003643035888671875,0.0
7231,pop50,1,0.00036406517028808594,0.0
7231,pop44,1,0.00028705596923828125,0.0
7232,pop14,4,0.03489619493484497,0.034528106086624766
7232,pop24,5,0.014771652221679688,0.028883352904756333
7232,pop23,2,0.0003292560577392578,1.6450881958007812e-05
7232,pop21,2,0.07355999946594238,0.0007488727569580078
7232,pop22,2,0.028916001319885254,0.028658032417297363
7232,pop50,1,0.0003554821014404297,0.0
7232,pop53,1,0.00036263465881347656,0.0
7232,pop1,1,0.00031876564025878906,0.0
7232,pop15,1,0.0003082752227783203,0.0
7233,pop48,4,0.01635533571243286,0.02770736271257698
7233,pop52,1,0.0003020763397216797,0.0
7233,pop53,1,0.00042247772216796875,0.0
7233,pop50,1,0.0005207061767578125,0.0
7233,pop16,1,0.0002574920654296875,0.0
7234,pop33,3,0.02215751012166341,0.030844898279219678
7234,pop32,4,0.00033587217330932617,4.092764988527104e-05
7234,pop50,1,0.00039315223693847656,0.0
7234,pop53,1,0.0003476142883300781,0.0
7234,pop52,1,0.0002884864807128906,0.0
7235,pop27,5,0.014768123626708984,0.028900061799394083
7235,pop14,1,0.0003414154052734375,0.0
7235,pop24,1,0.0003006458282470703,0.0
7236,pop40,5,0.01192302703857422,0.023095333891042576
7236,pop41,1,0.00026416778564453125,0.0
7236,pop53,1,0.0003666877746582031,0.0
7236,pop47,1,0.00021791458129882812,0.0
7237,pop28,2,0.02813863754272461,0.027765750885009766
7237,pop36,1,0.0002677440643310547,0.0
7237,pop10,2,0.03055739402770996,0.03014087677001953
7237,pop51,2,0.0003854036331176758,5.5909156799316406e-05
7237,pop4,3,0.0003203550974527995,3.908529859101484e-05
7237,pop19,1,0.00029397010803222656,0.0
7237,pop20,1,0.00024509429931640625,0.0
7238,pop42,2,0.030036449432373047,0.029669523239135742
7238,pop43,1,0.0002663135528564453,0.0
7238,pop51,2,0.00038313865661621094,6.413459777832031e-05
7238,pop9,4,0.00030857324600219727,5.8286973443428584e-05
7238,pop53,1,0.0003561973571777344,0.0
7238,pop1,1,0.000324249267578125,0.0
7238,pop6,1,0.0002799034118652344,0.0
7239,pop10,3,0.04102333386739095,0.028730903554731516
7239,pop51,2,0.0003879070281982422,4.982948303222656e-05
7239,pop22,2,0.0002753734588623047,1.1920928955078125e-06
7240,pop9,5,0.011903619766235352,0.023183370458696142
7240,pop51,1,0.0004341602325439453,0.0
7241,pop57,2,0.03485846519470215,0.03448891639709473
7241,pop56,1,0.06791925430297852,0.0
7241,pop2,4,0.000299990177154541,5.281210343922e-05
7241,pop49,1,0.00025010108947753906,0.0
7241,pop48,1,0.00040531158447265625,0.0
7241,pop52,1,0.0004975795745849609,0.0
7241,pop54,1,0.00025773048400878906,0.0
7241,pop53,1,0.0003533363342285156,0.0
7241,pop7,1,0.0002446174621582031,0.0
7242,pop21,3,0.04808171590169271,0.033740509126942174
7242,pop22,3,0.00030843416849772137,6.665987155287181e-05
7242,pop51,1,0.0003948211669921875,0.0
7243,pop38,2,0.03472638130187988,0.034354209899902344
7243,pop18,1,0.00024628639221191406,0.0
7243,pop19,1,0.00048279762268066406,0.0
7243,pop51,2,0.00033032894134521484,1.919269561767578e-05
7243,pop9,4,0.00029021501541137695,4.2220078262453334e-05
7244,pop16,3,0.021399418512980144,0.029797237236000664
7244,pop23,2,0.00029981136322021484,1.8715858459472656e-05
7244,pop21,2,0.03638029098510742,0.03612852096557617
7244,pop22,4,0.00030857324600219727,7.066373854071022e-05
7244,pop50,1,0.0005843639373779297,0.0
7244,pop53,1,0.0003485679626464844,0.0
7244,pop51,1,0.00035071372985839844,0.0
7244,pop19,1,0.0003485679626464844,0.0
7244,pop20,1,0.0002586841583251953,0.0
7244,pop46,1,0.00025916099548339844,0.0
7244,pop45,1,0.0002713203430175781,0.0
7244,pop44,1,0.0002586841583251953,0.0
7245,pop33,2,0.034201622009277344,0.033802032470703125
7245,pop50,2,0.0003896951675415039,1.7523765563964844e-05
7245,pop44,1,0.06382369995117188,0.0
7245,pop45,1,0.0002791881561279297,0.0
7245,pop46,1,0.0002803802490234375,0.0
7245,pop20,1,0.0679776668548584,0.0
7245,pop19,2,0.0003312826156616211,2.0265579223632812e-06
7245,pop18,2,0.00026977062225341797,1.5497207641601562e-06
7245,pop38,1,0.07088828086853027,0.0
7245,pop51,1,0.0003705024719238281,0.0
7245,pop43,1,0.00036072731018066406,0.0
7245,pop40,1,0.05826759338378906,0.0
7245,pop41,1,0.0003256797790527344,0.0
7245,pop53,1,0.06160569190979004,0.0
7245,pop54,1,0.05893349647521973,0.0
7245,pop52,2,0.03179728984832764,0.0314866304397583
7245,pop55,3,0.0003063678741455078,5.741318723527818e-05
7246,pop4,4,0.030999600887298584,0.030661125593157562
7246,pop51,3,0.00040459632873535156,7.092087823830378e-05
7246,pop19,2,0.00035572052001953125,1.9073486328125e-06
7246,pop20,1,0.0653831958770752,0.0
7246,pop50,1,0.0003714561462402344,0.0
7246,pop53,2,0.00046539306640625,3.266334533691406e-05
7246,pop1,1,0.0003058910369873047,0.0
7246,pop6,1,0.000244140625,0.0
7247,pop18,2,0.033388614654541016,0.03299260139465332
7247,pop38,2,0.03512716293334961,0.034850120544433594
7247,pop39,1,0.00027441978454589844,0.0
7247,pop44,3,0.00031487147013346356,3.457772705914199e-05
7247,pop50,1,0.00038170814514160156,0.0
7247,pop53,1,0.00037097930908203125,0.0
7247,pop7,1,0.0002086162567138672,0.0
7248,pop14,5,0.014016962051391602,0.02719017832795418
7248,pop50,1,0.0004718303680419922,0.0
7248,pop51,1,0.0004177093505859375,0.0
7248,pop10,1,0.0003917217254638672,0.0
7249,pop27,5,0.014472675323486329,0.028293650486665732
7249,pop44,1,0.00038552284240722656,0.0
7250,pop10,2,0.029944539070129395,0.029558300971984863
7250,pop51,2,0.0004467964172363281,0.00010800361633300781
7250,pop4,4,0.0003465414047241211,7.014826050144282e-05
7250,pop50,1,0.0003647804260253906,0.0
7250,pop55,1,0.00025153160095214844,0.0
7251,pop57,2,0.034580230712890625,0.03420734405517578
7251,pop56,2,0.0706944465637207,0.0014557838439941406
7251,pop2,5,0.02866086959838867,0.03479096954084611
7251,pop49,3,0.04585862159729004,0.03227866899413436
7251,pop48,1,0.000270843505859375,0.0
7251,pop52,3,0.0003205140431722005,3.061015603945598e-05
7251,pop53,1,0.00037598609924316406,0.0
7251,pop51,1,0.00033211708068847656,0.0
7252,pop38,2,0.03436994552612305,0.033989667892456055
7252,pop39,1,0.0002930164337158203,0.0
7252,pop44,2,0.03240811824798584,0.03215062618255615
7252,pop50,2,0.0005395412445068359,0.00018262863159179688
7252,pop17,4,0.00031197071075439453,2.741839574608444e-05
7253,pop33,3,0.022427956263224285,0.031143543823505346
7253,pop32,3,0.0003331502278645833,7.075111227379227e-05
7253,pop50,1,0.00037980079650878906,0.0
7253,pop53,1,0.0003533363342285156,0.0
7253,pop47,1,0.000232696533203125,0.0
7254,pop55,5,0.011305570602416992,0.021944573599459397
7254,pop52,1,0.0004265308380126953,0.0
7254,pop34,1,0.0002384185791015625,0.0
7254,pop35,1,0.0002276897430419922,0.0
7255,pop50,2,0.030937552452087402,0.030401110649108887
7255,pop44,4,0.00031173229217529297,1.593351560350332e-05
7256,pop56,4,0.051506638526916504,0.029512143920766606
7256,pop48,2,0.03272199630737305,0.032463788986206055
7256,pop2,1,0.07138371467590332,0.0
7256,pop49,2,0.0002917051315307617,3.7550926208496094e-05
7256,pop52,1,0.0003027915954589844,0.0
7256,pop53,1,0.0003833770751953125,0.0
7256,pop7,1,0.000213623046875,0.0
7257,pop31,2,0.029023408889770508,0.02863287925720215
7257,pop17,1,0.0703587532043457,0.0
7257,pop50,2,0.0005038976669311523,3.421306610107422e-05
7257,pop33,2,0.00030601024627685547,2.7060508728027344e-05
7257,pop32,4,0.00030165910720825195,4.5268893862033186e-05
7257,pop14,1,0.00032019615173339844,0.0
7257,pop24,1,0.00025272369384765625,0.0
7258,pop52,5,0.024674224853515624,0.02979008491862369
7258,pop13,1,0.060898542404174805,0.0
7258,pop12,3,0.0002888043721516927,2.7970156557407248e-05
7258,pop34,1,0.0002486705780029297,0.0
7258,pop35,1,0.00021648406982421875,0.0
7259,pop32,4,0.01805013418197632,0.030639266818915347
7259,pop33,1,0.0003001689910888672,0.0
7259,pop50,1,0.0003821849822998047,0.0
7259,pop51,1,0.00033283233642578125,0.0
7259,pop19,1,0.0003566741943359375,0.0
7259,pop20,1,0.0002586841583251953,0.0
7260,pop37,5,0.010439014434814453,0.020184166532922956
7260,pop52,1,0.0003020763397216797,0.0
7260,pop53,1,0.0003802776336669922,0.0
7260,pop51,1,0.00033593177795410156,0.0
7261,pop8,2,0.02925550937652588,0.028896450996398926
7261,pop51,2,0.0003713369369506836,4.398822784423828e-05
7261,pop10,4,0.00037473440170288086,5.3114762146811584e-05
7261,pop50,1,0.000400543212890625,0.0
7261,pop55,1,0.0002586841583251953,0.0
7262,pop41,3,0.020169734954833984,0.028063951053393852
7262,pop40,2,0.03011465072631836,0.029833555221557617
7262,pop53,3,0.020226399103800457,0.02810829761637836
7262,pop54,2,0.0003426074981689453,5.435943603515625e-05
7262,pop50,1,0.00036144256591796875,0.0
7262,pop14,1,0.0003323554992675781,0.0
7262,pop24,1,0.00028395652770996094,0.0
7263,pop21,3,0.04791776339213053,0.03359389451131498
7263,pop23,3,0.0003387133280436198,3.9857204003386546e-05
7263,pop16,1,0.00025773048400878906,0.0
7263,pop50,1,0.00038051605224609375,0.0
7263,pop53,1,0.00038242340087890625,0.0
7263,pop52,1,0.00031757354736328125,0.0
7264,pop38,4,0.035386621952056885,0.03500717865483489
7264,pop39,1,0.0002512931823730469,0.0
7264,pop44,1,0.06624269485473633,0.0
7264,pop50,2,0.0004976987838745117,6.330013275146484e-05
7264,pop17,2,0.00036728382110595703,2.562999725341797e-05
7264,pop53,1,0.0004830360412597656,0.0
7264,pop1,1,0.00031113624572753906,0.0
7264,pop6,1,0.00025081634521484375,0.0
7265,pop33,3,0.02301025390625,0.03203432121834645
7265,pop32,4,0.0003014802932739258,2.7399212069692373e-05
7265,pop50,1,0.0003514289855957031,0.0
7265,pop51,1,0.0003502368927001953,0.0
7266,pop53,4,0.030636847019195557,0.030233673118878476
7266,pop41,2,0.00034999847412109375,7.05718994140625e-05
7266,pop40,1,0.06309652328491211,0.0
7266,pop54,1,0.05762314796447754,0.0
7266,pop52,3,0.00033473968505859375,5.257584681178179e-05
7266,pop12,3,0.02196017901102702,0.030635126690026108
7266,pop51,1,0.0005028247833251953,0.0
7266,pop19,1,0.0003104209899902344,0.0
7266,pop18,1,0.0002467632293701172,0.0
7267,pop6,3,0.04469482103983561,0.03132937493146794
7267,pop1,1,0.0003314018249511719,0.0
7267,pop53,2,0.0003669261932373047,7.152557373046875e-07
7267,pop52,4,0.01544278860092163,0.026244993422763062
7267,pop48,2,0.033145785331726074,0.03287708759307861
7267,pop56,2,0.034816741943359375,0.03456830978393555
7267,pop54,1,0.05854320526123047,0.0
7267,pop13,2,0.00031185150146484375,6.270408630371094e-05
7267,pop51,1,0.00035071372985839844,0.0
7267,pop19,1,0.0003349781036376953,0.0
7267,pop18,1,0.0002541542053222656,0.0
7268,pop36,2,0.02887570858001709,0.02850806713104248
7268,pop51,2,0.0004304647445678711,9.381771087646484e-05
7268,pop4,3,0.00036136309305826825,4.0695536519060816e-05
7268,pop19,1,0.0002846717834472656,0.0
7268,pop20,1,0.0002732276916503906,0.0
7269,pop30,2,0.028106093406677246,0.027716755867004395
7269,pop48,2,0.00028955936431884766,2.467632293701172e-05
7269,pop56,1,0.06895685195922852,0.0
7269,pop2,1,0.0002465248107910156,0.0
7269,pop49,3,0.0003477732340494792,6.994848792153137e-05
7269,pop52,1,0.00029587745666503906,0.0
7269,pop34,1,0.00022745132446289062,0.0
7269,pop35,1,0.0002110004425048828,0.0
7270,pop4,4,0.015476465225219727,0.026192682176882497
7270,pop51,1,0.0003895759582519531,0.0
7270,pop50,1,0.0005090236663818359,0.0
7270,pop44,1,0.00028824806213378906,0.0
7271,pop18,3,0.02238742510477702,0.03121408175762139
7271,pop38,1,0.06934595108032227,0.0
7271,pop19,2,0.0003323554992675781,1.6927719116210938e-05
7271,pop20,3,0.000345309575398763,4.374892502138582e-05
7271,pop51,1,0.0003848075866699219,0.0
7271,pop53,1,0.00035762786865234375,0.0
7271,pop1,1,0.0003228187561035156,0.0
7271,pop15,1,0.000209808349609375,0.0
7272,pop14,3,0.02324533462524414,0.03224537594271167
7272,pop24,1,0.07363009452819824,0.0
7272,pop50,3,0.0003731250762939453,1.2689304859856672e-05
7272,pop17,2,0.034479618072509766,0.03401684761047363
7272,pop25,1,0.00024580955505371094,0.0
7272,pop27,1,0.00025463104248046875,0.0
7272,pop44,2,0.0332568883895874,0.03299057483673096
7272,pop33,2,0.0003057718276977539,1.0371208190917969e-05
7272,pop32,2,0.037236928939819336,0.03699350357055664
7272,pop45,1,0.0002779960632324219,0.0
7272,pop46,1,0.0002567768096923828,0.0
7272,pop20,1,0.0706949234008789,0.0
7272,pop19,1,0.0003161430358886719,0.0
7272,pop18,1,0.0002689361572265625,0.0
7272,pop38,1,0.00024437904357910156,0.0
7273,pop57,2,0.03463542461395264,0.03425705432891846
7273,pop56,1,0.00036597251892089844,0.0
7273,pop2,1,0.06954789161682129,0.0
7273,pop49,1,0.0003058910369873047,0.0
7273,pop48,1,0.00029540061950683594,0.0
7273,pop52,3,0.0003045399983723958,9.959189222857502e-06
7273,pop55,1,0.055208444595336914,0.0
7273,pop12,4,0.00032073259353637695,4.389634233833961e-05
7273,pop53,1,0.0003731250762939453,0.0
7273,pop50,1,0.00043272972106933594,0.0
7273,pop16,1,0.00035643577575683594,0.0
7274,pop55,2,0.027729272842407227,0.02734065055847168
7274,pop52,4,0.00039696693420410156,7.263045474951059e-05
7274,pop53,1,0.0003960132598876953,0.0
7274,pop51,1,0.00038695335388183594,0.0
7274,pop19,1,0.0004525184631347656,0.0
7274,pop20,1,0.00025963783264160156,0.0
7275,pop56,2,0.035544395446777344,0.03516244888305664
7275,pop2,2,0.03497195243835449,0.034708499908447266
7275,pop49,1,0.0002377033233642578,0.0
7275,pop48,1,0.00027942657470703125,0.0
7275,pop52,1,0.00030875205993652344,0.0
7275,pop55,3,0.03664620717366537,0.025738506688911002
7275,pop50,4,0.0004826784133911133,7.465861861894424e-05
7275,pop17,1,0.06953287124633789,0.0
7275,pop32,2,0.0003453493118286133,6.73532485961914e-05
7275,pop33,1,0.0002796649932861328,0.0
7275,pop51,1,0.00033354759216308594,0.0
7275,pop19,1,0.0002727508544921875,0.0
7275,pop18,1,0.00024366378784179688,0.0
7276,pop31,2,0.028540968894958496,0.028145909309387207
7276,pop30,1,0.00037288665771484375,0.0
7276,pop48,1,0.0002560615539550781,0.0
7276,pop52,4,0.0003669261932373047,0.00012378161316829703
7276,pop51,1,0.00038123130798339844,0.0
7276,pop19,1,0.0004127025604248047,0.0
7276,pop20,1,0.00026345252990722656,0.0
7277,pop37,4,0.013101279735565186,0.022151441762800827
7277,pop52,1,0.00028967857360839844,0.0
7278,pop39,2,0.030474185943603516,0.030095338821411133
7278,pop38,1,0.0002455711364746094,0.0
7278,pop18,1,0.00024771690368652344,0.0
7278,pop19,1,0.0005950927734375,0.0
7278,pop51,1,0.0004775524139404297,0.0
7278,pop46,2,0.0002713203430175781,5.7220458984375e-06
7278,pop20,1,0.06779646873474121,0.0
7278,pop45,1,0.00034356117248535156,0.0
7278,pop44,1,0.0646822452545166,0.0
7278,pop50,2,0.00038933753967285156,2.2649765014648438e-05
7278,pop33,2,0.0002827644348144531,2.1219253540039062e-05
7278,pop32,2,0.03726816177368164,0.03698158264160156
7278,pop17,1,0.0740058422088623,0.0
7278,pop25,1,0.00027751922607421875,0.0
7278,pop27,1,0.00029015541076660156,0.0
7279,pop44,3,0.0218198299407959,0.030397552895035942
7279,pop50,2,0.000408172607421875,3.600120544433594e-05
7279,pop14,2,0.034662842750549316,0.03432595729827881
7279,pop24,3,0.000360568364461263,6.479558278872209e-05
7280,pop24,5,0.014899587631225586,0.029064153896436056
7280,pop14,2,0.03592991828918457,0.03558969497680664
7280,pop50,1,0.00044989585876464844,0.0
7280,pop44,1,0.0002789497375488281,0.0
7281,pop48,5,0.026660633087158204,0.03226958907835901
7281,pop49,3,0.0002891222635904948,2.6081389486985937e-05
7281,pop2,2,0.034952402114868164,0.03470969200134277
7281,pop56,2,0.0692284107208252,0.00058746337890625
7281,pop52,1,0.00030541419982910156,0.0
7281,pop34,1,0.0002300739288330078,0.0
7281,pop35,1,0.00020694732666015625,0.0
7282,pop50,5,0.013095569610595704,0.02528345558869548
7282,pop14,1,0.06960177421569824,0.0
7282,pop27,2,0.0002726316452026367,2.2649765014648438e-06
7282,pop25,2,0.00029027462005615234,1.0848045349121094e-05
7282,pop17,2,0.03517329692840576,0.03484499454498291
7282,pop55,1,0.05535411834716797,0.0
7282,pop44,1,0.00028228759765625,0.0
7282,pop33,2,0.00028336048126220703,1.3709068298339844e-05
7282,pop32,2,0.03831839561462402,0.03802180290222168
7283,pop32,4,0.018418967723846436,0.03127271387577293
7283,pop33,1,0.0002722740173339844,0.0
7283,pop50,1,0.0003597736358642578,0.0
7283,pop53,1,0.00040411949157714844,0.0
7283,pop52,1,0.0002834796905517578,0.0
7284,pop33,3,0.02229905128479004,0.031031738569428643
7284,pop32,4,0.0003274083137512207,4.9461477121821706e-05
7284,pop50,1,0.000499725341796875,0.0
7284,pop55,1,0.0002560615539550781,0.0
7285,pop36,2,0.028751730918884277,0.028380751609802246
7285,pop10,4,0.03103846311569214,0.030688893135692123
7285,pop51,3,0.00034960110982259113,1.1667633531963808e-05
7285,pop43,2,0.0003268718719482422,4.696846008300781e-05
7285,pop40,1,0.05811476707458496,0.0
7285,pop50,2,0.0003802776336669922,2.384185791015625e-06
7285,pop17,2,0.00037419795989990234,4.565715789794922e-05
7285,pop53,1,0.00035452842712402344,0.0
7285,pop1,1,0.00034427642822265625,0.0
7285,pop15,1,0.00023102760314941406,0.0
7286,pop18,3,0.022924264272054035,0.031857229489189495
7286,pop38,1,0.06900238990783691,0.0
7286,pop19,1,0.000392913818359375,0.0
7286,pop20,2,0.03351402282714844,0.03324770927429199
7286,pop46,1,0.0002841949462890625,0.0
7286,pop45,1,0.0003719329833984375,0.0
7286,pop44,3,0.0002658367156982422,1.0234425882978598e-05
7287,pop14,3,0.04608154296875,0.03228398049428613
7287,pop50,2,0.0003581047058105469,6.9141387939453125e-06
7287,pop55,2,0.02738785743713379,0.027096271514892578
7287,pop52,2,0.00030612945556640625,3.814697265625e-06
7287,pop12,2,0.00031197071075439453,4.494190216064453e-05
7287,pop53,1,0.00035500526428222656,0.0
7287,pop44,1,0.00024962425231933594,0.0
7288,pop55,3,0.018134435017903645,0.02512503056659497
7288,pop52,4,0.00034755468368530273,4.7475651455249834e-05
7289,pop23,3,0.023323774337768555,0.03247164698453696
7289,pop24,1,0.0737752914428711,0.0
7289,pop21,1,0.00027561187744140625,0.0
7289,pop22,3,0.0002930164337158203,4.28251802812914e-05
7289,pop51,1,0.0004918575286865234,0.0
7289,pop19,1,0.00034499168395996094,0.0
7289,pop20,1,0.0002772808074951172,0.0
7290,pop9,5,0.012007379531860351,0.023433188818631143
7290,pop51,1,0.00033736228942871094,0.0
7290,pop19,1,0.0003421306610107422,0.0
7290,pop20,1,0.00023412704467773438,0.0
7291,pop16,3,0.021665016810099285,0.030162738766842112
7291,pop23,4,0.0003466010093688965,3.868019989952138e-05
7291,pop50,1,0.0003910064697265625,0.0
7291,pop53,1,0.00037384033203125,0.0
7291,pop1,1,0.00033402442932128906,0.0
7291,pop6,1,0.0002551078796386719,0.0
7292,pop30,2,0.027535438537597656,0.027162551879882812
7292,pop31,1,0.000274658203125,0.0
7292,pop17,3,0.0003574689229329427,2.8584610100124026e-05
7292,pop50,1,0.00041747093200683594,0.0
7292,pop55,1,0.0002491474151611328,0.0
7293,pop56,2,0.03436779975891113,0.03398847579956055
7293,pop2,1,0.06978940963745117,0.0
7293,pop49,4,0.0002886652946472168,4.893345311986181e-05
7293,pop48,1,0.0002498626708984375,0.0
7293,pop52,1,0.00032138824462890625,0.0
7293,pop53,1,0.0003476142883300781,0.0
7293,pop50,1,0.0003790855407714844,0.0
7293,pop14,1,0.0002791881561279297,0.0
7293,pop24,1,0.00026798248291015625,0.0
7294,pop37,5,0.01061091423034668,0.020551411001633345
7294,pop52,1,0.0003409385681152344,0.0
7294,pop34,1,0.00023984909057617188,0.0
7294,pop35,1,0.00021696090698242188,0.0
7295,pop50,4,0.016320526599884033,0.027423364672810254
7295,pop17,1,0.06807756423950195,0.0
7295,pop16,1,0.0002758502960205078,0.0
7295,pop23,1,0.00041866302490234375,0.0
7295,pop24,4,0.0002982616424560547,5.4177179478971425e-05
7295,pop14,3,0.02374092737833659,0.03303857677048199
7295,pop51,1,0.00034546852111816406,0.0
7295,pop19,1,0.0003209114074707031,0.0
7295,pop18,1,0.0002682209014892578,0.0
7296,pop18,2,0.03348338603973389,0.033100247383117676
7296,pop19,2,0.00041997432708740234,6.520748138427734e-05
7296,pop20,1,0.06638121604919434,0.0
7296,pop51,2,0.00043070316314697266,3.5881996154785156e-05
7296,pop4,1,0.06209897994995117,0.0
7296,pop53,1,0.06040143966674805,0.0
7296,pop54,1,0.058962345123291016,0.0
7296,pop52,3,0.00034165382385253906,5.790905410975974e-05
7297,pop22,5,0.011489677429199218,0.02234759977460634
7297,pop21,1,0.00026869773864746094,0.0
7297,pop23,1,0.0003325939178466797,0.0
7297,pop24,1,0.0002579689025878906,0.0
7298,pop46,3,0.020832300186157227,0.029001453309962726
7298,pop20,2,0.033414602279663086,0.033130645751953125
7298,pop45,1,0.0002601146697998047,0.0
7298,pop44,1,0.06479239463806152,0.0
7298,pop50,2,0.00038492679595947266,2.0265579223632812e-06
7298,pop17,3,0.0003329912821451823,3.277964049208632e-05
7298,pop14,1,0.00041031837463378906,0.0
7298,pop24,1,0.0002853870391845703,0.0
7299,pop27,2,0.03621089458465576,0.035822510719299316
7299,pop25,1,0.00027108192443847656,0.0
7299,pop17,4,0.00035369396209716797,4.5153262508209925e-05
7299,pop50,1,0.000396728515625,0.0
7299,pop53,1,0.0004265308380126953,0.0
7299,pop7,1,0.00021266937255859375,0.0
7300,pop10,3,0.04070432980855306,0.02850027631117419
7300,pop51,1,0.0003273487091064453,0.0
7300,pop22,3,0.00034729639689127606,0.000118404906474564
7300,pop21,1,0.00023603439331054688,0.0
7300,pop23,1,0.00039505958557128906,0.0
7300,pop16,1,0.0002505779266357422,0.0
7300,pop50,1,0.0005691051483154297,0.0
7300,pop44,1,0.0003864765167236328,0.0
7300,pop45,1,0.0002593994140625,0.0
7300,pop46,1,0.0002562999725341797,0.0
7300,pop20,1,0.0002551078796386719,0.0
7301,pop44,2,0.0319514274597168,0.03142595291137695
7301,pop27,1,0.0002727508544921875,0.0
7301,pop25,1,0.00029087066650390625,0.0
7301,pop17,4,0.00034248828887939453,3.844402555971114e-05
7301,pop50,1,0.0003864765167236328,0.0
7301,pop53,1,0.0003364086151123047,0.0
7301,pop1,1,0.0004267692565917969,0.0
7301,pop6,1,0.00032639503479003906,0.0
7302,pop30,2,0.027613520622253418,0.0272294282913208
7302,pop31,1,0.00029540061950683594,0.0
7302,pop17,3,0.0003876686096191406,9.692880870077828e-05
7302,pop50,1,0.00043129920959472656,0.0
7302,pop16,1,0.00026798248291015625,0.0
7303,pop45,2,0.03333306312561035,0.03293585777282715
7303,pop46,1,0.00029015541076660156,0.0
7303,pop20,2,0.03298616409301758,0.032706260681152344
7303,pop19,1,0.0003628730773925781,0.0
7303,pop51,4,0.00038760900497436523,4.53134487126189e-05
7303,pop10,3,0.020694176355997723,0.028820754633852953
7303,pop43,2,0.00027108192443847656,8.58306884765625e-06
7303,pop40,1,0.05811643600463867,0.0
7303,pop50,1,0.0003829002380371094,0.0
7303,pop44,1,0.00025653839111328125,0.0
7304,pop21,2,0.036905884742736816,0.036519646644592285
7304,pop23,4,0.0003655552864074707,3.965474216026374e-05
7304,pop16,1,0.00029206275939941406,0.0
7304,pop50,1,0.0003933906555175781,0.0
7304,pop53,1,0.00046634674072265625,0.0
7304,pop52,1,0.00039958953857421875,0.0
7305,pop38,5,0.014351749420166015,0.02805563343179606
7305,pop18,1,0.00027370452880859375,0.0
7305,pop19,1,0.0003514289855957031,0.0
7305,pop51,1,0.0004901885986328125,0.0
7305,pop50,1,0.0004019737243652344,0.0
7305,pop16,1,0.0003533363342285156,0.0
7306,pop9,5,0.012079191207885743,0.023422949532215177
7306,pop51,1,0.0003616809844970703,0.0
7306,pop19,1,0.0003399848937988281,0.0
7306,pop18,1,0.00025844573974609375,0.0
7307,pop56,4,0.03526800870895386,0.03497307218682384
7307,pop2,4,0.017966032028198242,0.030607288490489146
7307,pop49,1,0.00023889541625976562,0.0
7307,pop48,1,0.0002639293670654297,0.0
7307,pop52,1,0.0002968311309814453,0.0
7307,pop53,1,0.00035119056701660156,0.0
7307,pop1,1,0.0003352165222167969,0.0
7307,pop6,1,0.0003447532653808594,0.0
7308,pop18,2,0.03510916233062744,0.034717440605163574
7308,pop19,1,0.0004737377166748047,0.0
7308,pop20,1,0.06493639945983887,0.0
7308,pop46,1,0.0002830028533935547,0.0
7308,pop51,4,0.00041687488555908203,0.0001324296099562937
7308,pop10,2,0.06134378910064697,0.0007408857345581055
7308,pop53,2,0.030504941940307617,0.030133724212646484
7308,pop11,1,0.00022554397583007812,0.0
7308,pop43,1,0.00024628639221191406,0.0
7308,pop50,1,0.0004680156707763672,0.0
7308,pop33,2,0.0002759695053100586,1.0728836059570312e-06
7308,pop32,3,0.0003243287404378255,2.1134103285129308e-05
7309,pop44,2,0.0321727991104126,0.03176701068878174
7309,pop45,1,0.0002968311309814453,0.0
7309,pop46,1,0.0003726482391357422,0.0
7309,pop20,1,0.06548690795898438,0.0
7309,pop19,1,0.0003287792205810547,0.0
7309,pop51,6,0.0003879070281982422,5.336689812217929e-05
7309,pop10,3,0.04239575068155924,0.02971712268198863
7309,pop43,2,0.00026929378509521484,1.1920928955078125e-07
7309,pop40,1,0.05809617042541504,0.0
7309,pop4,1,0.06369709968566895,0.0
7309,pop53,2,0.03124690055847168,0.030894756317138672
7309,pop54,3,0.00030684471130371094,2.9579281652967116e-05
7310,pop47,5,0.010618448257446289,0.020606682584311743
7310,pop53,1,0.0005471706390380859,0.0
7310,pop50,1,0.00040030479431152344,0.0
7310,pop35,1,0.00021791458129882812,0.0
7311,pop53,5,0.0241180419921875,0.028995577697306728
7311,pop54,2,0.00040030479431152344,0.00013375282287597656
7311,pop51,1,0.0004582405090332031,0.0
7311,pop19,1,0.00039005279541015625,0.0
7311,pop20,1,0.0002410411834716797,0.0
7312,pop6,2,0.033841848373413086,0.03346395492553711
7312,pop1,1,0.00033926963806152344,0.0
7312,pop53,1,0.0006542205810546875,0.0
7312,pop54,1,0.0002655982971191406,0.0
7312,pop52,2,0.0003542900085449219,2.956390380859375e-05
7312,pop48,2,0.03347742557525635,0.03321945667266846
7312,pop56,2,0.03517711162567139,0.03490912914276123
7312,pop2,3,0.047744194666544594,0.03358302536570557
7312,pop49,3,0.023246129353841145,0.03243517084864452
7312,pop34,1,0.0003647804260253906,0.0
7312,pop35,1,0.0003292560577392578,0.0
7313,pop4,2,0.032091736793518066,0.031695008277893066
7313,pop51,2,0.0003495216369628906,2.6226043701171875e-06
7313,pop22,3,0.0002779960632324219,3.0646449419644746e-05
7313,pop10,1,0.00026226043701171875,0.0
7314,pop31,2,0.029570817947387695,0.029199600219726562
7314,pop30,1,0.0002639293670654297,0.0
7314,pop48,2,0.03287661075592041,0.0326155424118042
7314,pop56,1,0.06963753700256348,0.0
7314,pop2,3,0.00027561187744140625,3.459014564575959e-05
7314,pop49,1,0.0002503395080566406,0.0
7314,pop52,1,0.0002872943878173828,0.0
7314,pop53,1,0.0003485679626464844,0.0
7314,pop50,1,0.000370025634765625,0.0
7314,pop44,1,0.0002892017364501953,0.0
7315,pop30,2,0.02744007110595703,0.02704906463623047
7315,pop48,4,0.0003084540367126465,6.301028560396337e-05
7315,pop52,1,0.000278472900390625,0.0
7315,pop53,1,0.00036978721618652344,0.0
7315,pop51,1,0.0003504753112792969,0.0
7315,pop19,1,0.00030517578125,0.0
7315,pop20,1,0.00025534629821777344,0.0
7316,pop9,5,0.01278529167175293,0.02490021061201373
7316,pop51,1,0.00034308433532714844,0.0
7316,pop50,1,0.0004131793975830078,0.0
7316,pop35,1,0.0002162456512451172,0.0
7317,pop56,2,0.03432583808898926,0.033941030502319336
7317,pop48,1,0.06517910957336426,0.0
7317,pop52,3,0.0004042784372965495,0.0001229879928721982
7317,pop55,1,0.0538334846496582,0.0
7317,pop12,4,0.00028759241104125977,4.992788326329768e-05
7317,pop54,1,0.0002696514129638672,0.0
7317,pop53,1,0.0004825592041015625,0.0
7317,pop47,1,0.0003001689910888672,0.0
7318,pop40,2,0.028834939002990723,0.028430819511413574
7318,pop41,1,0.00040221214294433594,0.0
7318,pop53,3,0.00041993459065755207,4.056122232074543e-05
7318,pop1,1,0.0003533363342285156,0.0
7318,pop15,1,0.00024700164794921875,0.0
7319,pop28,2,0.028640389442443848,0.02827465534210205
7319,pop51,1,0.0003879070281982422,0.0
7319,pop53,1,0.06078314781188965,0.0
7319,pop54,2,0.029497146606445312,0.029222726821899414
7319,pop52,3,0.021171410878499348,0.02950644838766077
7319,pop56,1,0.0002727508544921875,0.0
7319,pop48,2,0.034500956535339355,0.03423440456390381
7319,pop55,1,0.0002455711364746094,0.0
7320,pop42,2,0.029918193817138672,0.029549598693847656
7320,pop43,1,0.00027489662170410156,0.0
7320,pop51,1,0.0003552436828613281,0.0
7320,pop53,3,0.04049126307169596,0.028390528251808322
7320,pop54,3,0.03934741020202637,0.027659951787268447
7320,pop52,1,0.0002970695495605469,0.0
7320,pop13,1,0.06255173683166504,0.0
7321,pop24,3,0.04887231190999349,0.03427879679694839
7321,pop14,2,0.0004067420959472656,3.147125244140625e-05
7321,pop50,1,0.0004024505615234375,0.0
7321,pop53,1,0.00034880638122558594,0.0
7321,pop7,1,0.00022172927856445312,0.0
7322,pop53,3,0.039449214935302734,0.02753160378629048
7322,pop54,1,0.057824134826660156,0.0
7322,pop52,2,0.00030362606048583984,1.0848045349121094e-05
7322,pop12,3,0.00031193097432454425,8.193285681371571e-05
7322,pop34,1,0.00026869773864746094,0.0
7322,pop35,1,0.00021719932556152344,0.0
7323,pop30,2,0.027060866355895996,0.026690363883972168
7323,pop48,2,0.033803462982177734,0.03344106674194336
7323,pop49,4,0.0003101825714111328,6.745076083389958e-05
7323,pop52,1,0.00028967857360839844,0.0
7323,pop53,1,0.0004265308380126953,0.0
7323,pop51,1,0.0003311634063720703,0.0
7323,pop19,1,0.0004019737243652344,0.0
7323,pop18,1,0.00025153160095214844,0.0
7324,pop50,5,0.012734460830688476,0.024439308903688377
7324,pop17,4,0.0185813307762146,0.0314577111514855
7324,pop44,1,0.06480216979980469,0.0
7324,pop53,1,0.0003600120544433594,0.0
7324,pop1,1,0.00041556358337402344,0.0
7324,pop15,1,0.0002148151397705078,0.0
7325,pop4,2,0.0312577486038208,0.03086864948272705
7325,pop51,2,0.0003514289855957031,1.4543533325195312e-05
7325,pop22,4,0.00029909610748291016,3.876941955165438e-05
7325,pop10,1,0.000377655029296875,0.0
7326,pop31,2,0.028274893760681152,0.02789485454559326
7326,pop17,4,0.00039082765579223633,5.98583484502734e-05
7326,pop50,1,0.00041604042053222656,0.0
7326,pop51,1,0.0003342628479003906,0.0
7327,pop9,5,0.011882972717285157,0.02318567393722693
7327,pop51,1,0.0003504753112792969,0.0
7328,pop24,3,0.04957334200541178,0.03480095026496896
7328,pop14,1,0.0003504753112792969,0.0
7328,pop50,2,0.0004680156707763672,2.4080276489257812e-05
7328,pop33,2,0.00028967857360839844,9.298324584960938e-06
7328,pop32,2,0.00035393238067626953,4.8041343688964844e-05
7328,pop53,1,0.00039649009704589844,0.0
7328,pop7,1,0.0002238750457763672,0.0
7329,pop53,5,0.035931396484375,0.02897821704381117
7329,pop41,2,0.0002974271774291992,5.960464477539062e-07
7329,pop40,1,0.05841827392578125,0.0
7329,pop52,2,0.0002905130386352539,3.933906555175781e-06
7329,pop54,1,0.05711221694946289,0.0
7329,pop55,2,0.00031387805938720703,4.470348358154297e-05
7329,pop50,1,0.0003635883331298828,0.0
7329,pop51,1,0.00040268898010253906,0.0
7329,pop10,1,0.00027632713317871094,0.0
7330,pop22,5,0.011438989639282226,0.02222668064952244
7330,pop51,1,0.0003371238708496094,0.0
7330,pop53,1,0.00046634674072265625,0.0
7330,pop1,1,0.00042366981506347656,0.0
7330,pop6,1,0.00033783912658691406,0.0
7331,pop27,5,0.014943504333496093,0.029213759673534418
7331,pop25,1,0.00026416778564453125,0.0
7331,pop17,1,0.0003116130828857422,0.0
7331,pop50,1,0.0003933906555175781,0.0
7331,pop51,1,0.0003218650817871094,0.0
7331,pop10,1,0.0002410411834716797,0.0
7332,pop28,2,0.02837550640106201,0.028000712394714355
7332,pop36,1,0.00036597251892089844,0.0
7332,pop10,3,0.00031304359436035156,6.42616580349432e-05
7332,pop51,1,0.00035309791564941406,0.0
7332,pop47,1,0.0002269744873046875,0.0
7333,pop42,2,0.030124664306640625,0.029754638671875
7333,pop43,1,0.00027751922607421875,0.0
7333,pop40,3,0.0003197987874348958,3.686290150740661e-05
7333,pop41,1,0.0002651214599609375,0.0
7333,pop53,1,0.00035691261291503906,0.0
7333,pop1,1,0.00030875205993652344,0.0
7333,pop15,1,0.0002143383026123047,0.0
7334,pop53,3,0.019925912221272785,0.02757434977850585
7334,pop54,4,0.0002962946891784668,3.828061617402777e-05
7334,pop50,1,0.0004303455352783203,0.0
7334,pop44,1,0.00025773048400878906,0.0
7335,pop52,6,0.010373711585998535,0.022359251335783006
7335,pop54,1,0.057003021240234375,0.0
7335,pop34,1,0.00023221969604492188,0.0
7335,pop35,1,0.0002167224884033203,0.0
7336,pop8,2,0.029116392135620117,0.028734922409057617
7336,pop51,6,0.00041735172271728516,5.1366110311218496e-05
7336,pop4,3,0.04119173685709635,0.028910690547187548
7336,pop10,1,0.060939788818359375,0.0
7336,pop19,3,0.0003465016682942708,1.9795283930388433e-05
7336,pop20,2,0.03301441669464111,0.03271520137786865
7336,pop9,2,0.0002865791320800781,1.9311904907226562e-05
7337,pop41,3,0.02059062321980794,0.028636401842418963
7337,pop40,4,0.00031179189682006836,2.2333455552941115e-05
7337,pop53,1,0.00043010711669921875,0.0
7337,pop52,1,0.000293731689453125,0.0
7338,pop38,2,0.03517341613769531,0.0347898006439209
7338,pop18,1,0.0002732276916503906,0.0
7338,pop19,1,0.0002853870391845703,0.0
7338,pop51,2,0.0003528594970703125,1.5974044799804688e-05
7338,pop4,1,0.06142735481262207,0.0
7338,pop53,2,0.03089010715484619,0.03040635585784912
7338,pop52,4,0.032260894775390625,0.03186329735528668
7338,pop55,2,0.02829587459564209,0.027936816215515137
7338,pop50,1,0.00040340423583984375,0.0
7338,pop54,3,0.01991383234659831,0.027779549886709443
7338,pop48,2,0.00031685829162597656,1.9550323486328125e-05
7339,pop44,3,0.021418412526448567,0.029772827151839074
7339,pop50,2,0.00045931339263916016,8.976459503173828e-05
7339,pop17,4,0.0004189610481262207,0.00011073463454564169
7339,pop25,1,0.0002460479736328125,0.0
7339,pop27,1,0.0002961158752441406,0.0
7339,pop53,1,0.0003437995910644531,0.0
7339,pop47,1,0.0002276897430419922,0.0
7340,pop50,3,0.021148840586344402,0.029178321604402944
7340,pop17,4,0.00037682056427001953,5.926356477885911e-05
7340,pop53,1,0.0003380775451660156,0.0
7340,pop52,1,0.0002853870391845703,0.0
7341,pop31,2,0.02824079990386963,0.027865290641784668
7341,pop17,4,0.00035393238067626953,2.1171314757760947e-05
7341,pop50,1,0.0003905296325683594,0.0
7341,pop53,1,0.0003535747528076172,0.0
7341,pop7,1,0.0002124309539794922,0.0
7342,pop24,4,0.018760979175567627,0.031894706164840574
7342,pop14,1,0.00036907196044921875,0.0
7342,pop50,1,0.0003647804260253906,0.0
7342,pop53,1,0.00039649009704589844,0.0
7342,pop7,1,0.00022125244140625,0.0
7343,pop28,2,0.029530048370361328,0.029155731201171875
7343,pop36,1,0.0002655982971191406,0.0
7343,pop10,1,0.06350851058959961,0.0
7343,pop51,2,0.0004305839538574219,2.5272369384765625e-05
7343,pop4,3,0.0003113746643066406,4.203340510869462e-05
7343,pop50,1,0.00042366981506347656,0.0
7343,pop16,1,0.0002543926239013672,0.0
7344,pop57,2,0.03589832782745361,0.03552353382110596
7344,pop56,2,0.03560233116149902,0.03535103797912598
7344,pop48,3,0.023238182067871094,0.03249370293998983
7344,pop52,4,0.01610177755355835,0.0273314800585942
7344,pop55,2,0.027008533477783203,0.026752233505249023
7344,pop49,3,0.02322697639465332,0.03234390213514401
7344,pop2,2,0.0002580881118774414,7.033348083496094e-06
7344,pop53,1,0.0003421306610107422,0.0
7344,pop50,1,0.00037288665771484375,0.0
7344,pop44,1,0.00027370452880859375,0.0
7345,pop56,2,0.034561753273010254,0.03418576717376709
7345,pop48,1,0.0002906322479248047,0.0
7345,pop52,3,0.0003096262613932292,2.0437663116415125e-05
7345,pop55,1,0.055899620056152344,0.0
7345,pop12,3,0.0003052552541097005,4.922495297566884e-05
7345,pop53,1,0.00033354759216308594,0.0
7345,pop50,1,0.0004055500030517578,0.0
7345,pop44,1,0.00027561187744140625,0.0
7346,pop8,2,0.030009746551513672,0.02964043617248535
7346,pop51,3,0.00037407875061035156,6.7547255709571135e-06
7346,pop10,3,0.020459890365600586,0.02845220408447394
7346,pop4,2,0.0003542900085449219,5.4836273193359375e-05
7346,pop50,1,0.0003879070281982422,0.0
7346,pop14,1,0.00028896331787109375,0.0
7346,pop24,1,0.00026345252990722656,0.0
7347,pop41,2,0.03078138828277588,0.030391812324523926
7347,pop40,4,0.00034749507904052734,5.084314631264297e-05
7347,pop43,1,0.00027108192443847656,0.0
7347,pop51,1,0.0004627704620361328,0.0
7347,pop10,1,0.00027751922607421875,0.0
7348,pop38,2,0.035411953926086426,0.03503096103668213
7348,pop18,1,0.0002791881561279297,0.0
7348,pop19,1,0.0003609657287597656,0.0
7348,pop51,2,0.00046193599700927734,1.7881393432617188e-06
7348,pop10,1,0.06200575828552246,0.0
7348,pop50,1,0.0004744529724121094,0.0
7348,pop53,1,0.062332868576049805,0.0
7348,pop47,4,0.0002308487892150879,1.3734958913091317e-06
7349,pop24,4,0.018677592277526855,0.03176954845008075
7350,pop28,2,0.028743505477905273,0.028382539749145508
7350,pop51,3,0.00041802724202473957,4.099382357696355e-05
7350,pop43,1,0.0002751350402832031,0.0
7350,pop40,1,0.06090569496154785,0.0
7350,pop41,1,0.00028061866760253906,0.0
7350,pop53,1,0.06045842170715332,0.0
7350,pop10,1,0.06164836883544922,0.0
7350,pop50,1,0.0003838539123535156,0.0
7350,pop33,2,0.0002919435501098633,1.3113021850585938e-06
7350,pop32,3,0.025245507558186848,0.03529438912699866
7350,pop37,2,0.0003082752227783203,5.173683166503906e-05
7351,pop39,2,0.030778050422668457,0.030408501625061035
7351,pop38,4,0.00028955936431884766,7.893959584781315e-06
7351,pop18,1,0.0002720355987548828,0.0
7351,pop19,1,0.00029850006103515625,0.0
7351,pop51,1,0.0003323554992675781,0.0
7352,pop48,3,0.02192099889119466,0.030522904337530576
7352,pop56,2,0.03541278839111328,0.035146236419677734
7352,pop2,2,0.0002651214599609375,4.5299530029296875e-06
7352,pop49,1,0.0002338886260986328,0.0
7352,pop52,1,0.0003917217254638672,0.0
7353,pop32,5,0.014696264266967773,0.028735833087052368
7353,pop33,1,0.0002677440643310547,0.0
7353,pop50,1,0.0004210472106933594,0.0
7353,pop55,1,0.00026345252990722656,0.0
7354,pop33,3,0.02245918909708659,0.031260730768274486
7354,pop32,4,0.0003597736358642578,7.344588716424854e-05
7354,pop50,1,0.0004227161407470703,0.0
7354,pop35,1,0.0002493858337402344,0.0
7355,pop36,2,0.028870820999145508,0.02849888801574707
7355,pop10,2,0.031127214431762695,0.030846595764160156
7355,pop51,3,0.0004200935363769531,5.226535503347308e-05
7355,pop19,4,0.00032144784927368164,5.892470083926529e-05
7355,pop20,2,0.03311145305633545,0.03285419940948486
7355,pop18,3,0.00025574366251627606,1.3425504283720341e-05
7355,pop38,1,0.07177019119262695,0.0
7355,pop53,2,0.00043761730194091797,4.470348358154297e-05
7356,pop14,4,0.03558295965194702,0.0351932809726528
7356,pop24,3,0.00040109952290852863,1.0264620539806726e-05
7356,pop50,1,0.0004951953887939453,0.0
7356,pop53,1,0.0004112720489501953,0.0
7356,pop7,1,0.0002129077911376953,0.0
7357,pop55,5,0.010848903656005859,0.02104505430281918
7358,pop30,2,0.028096556663513184,0.02772653102874756
7358,pop31,1,0.00026726722717285156,0.0
7358,pop17,4,0.0003597736358642578,8.658747687948705e-05
7358,pop50,1,0.00035381317138671875,0.0
7358,pop53,1,0.0003590583801269531,0.0
7358,pop1,1,0.0003025531768798828,0.0
7358,pop6,1,0.00024390220642089844,0.0
7359,pop50,4,0.01577979326248169,0.026580490006580835
7359,pop17,1,0.06973791122436523,0.0
7359,pop33,2,0.00026667118072509766,1.5497207641601562e-06
7359,pop32,4,0.0003057718276977539,5.7060420225968165e-05
7359,pop55,1,0.00023603439331054688,0.0
7360,pop23,2,0.034166812896728516,0.03376293182373047
7360,pop24,4,0.0003567337989807129,5.271541402653837e-05
7361,pop16,2,0.031662940979003906,0.031264305114746094
7361,pop23,1,0.00032329559326171875,0.0
7361,pop24,2,0.037226319313049316,0.03691422939300537
7361,pop14,1,0.00034737586975097656,0.0
7361,pop50,2,0.00043213367462158203,3.0875205993652344e-05
7361,pop53,2,0.03051137924194336,0.030046701431274414
7361,pop55,1,0.0003056526184082031,0.0
7361,pop52,3,0.00035635630289713543,8.07940807248316e-05
7361,pop47,1,0.00032782554626464844,0.0
7362,pop37,4,0.013057053089141846,0.022021288639767603
7362,pop33,1,0.0002834796905517578,0.0
7362,pop50,1,0.00041365623474121094,0.0
7362,pop14,1,0.00031185150146484375,0.0
7362,pop24,1,0.0002803802490234375,0.0
7363,pop4,2,0.030673503875732422,0.030276775360107422
7363,pop51,3,0.000396728515625,5.3214186544403604e-05
7363,pop10,2,0.030505657196044922,0.030223608016967773
7363,pop22,4,0.0002741813659667969,2.179477069643868e-05
7364,pop8,2,0.02969050407409668,0.02928638458251953
7364,pop51,4,0.00036913156509399414,3.51476920797589e-05
7364,pop10,1,0.06081414222717285,0.0
7364,pop4,1,0.06301498413085938,0.0
7364,pop50,1,0.0003724098205566406,0.0
7364,pop53,2,0.031159281730651855,0.030749917030334473
7364,pop52,2,0.030799508094787598,0.030510544776916504
7364,pop48,3,0.022403796513875324,0.031220682616167398
7364,pop49,3,0.046688238779703774,0.032837297708226215
7364,pop2,1,0.07265543937683105,0.0
7365,pop41,3,0.020792484283447266,0.028934530290692075
7365,pop40,4,0.0003172159194946289,5.024031630025864e-05
7365,pop53,1,0.0003857612609863281,0.0
7365,pop52,1,0.00028443336486816406,0.0
7365,pop34,1,0.000274658203125,0.0
7365,pop35,1,0.00033283233642578125,0.0
7366,pop38,2,0.034677982330322266,0.03429746627807617
7366,pop18,1,0.0002789497375488281,0.0
7366,pop19,2,0.0003719329833984375,9.322166442871094e-05
7366,pop20,4,0.000263214111328125,1.6431866588700082e-06
7366,pop46,1,0.00026869773864746094,0.0
7366,pop51,2,0.00033605098724365234,3.6954879760742188e-06
7366,pop10,1,0.06121397018432617,0.0
7367,pop48,3,0.02183683713277181,0.030381450734994975
7367,pop56,1,0.07001423835754395,0.0
7367,pop52,3,0.00034236907958984375,4.9568134288467686e-05
7367,pop12,2,0.033072829246520996,0.032822489738464355
7367,pop37,3,0.00027553240458170575,2.316575924785241e-05
7367,pop55,1,0.000244140625,0.0
7368,pop36,2,0.028746485710144043,0.028367161750793457
7368,pop10,2,0.06355941295623779,4.3511390686035156e-05
7368,pop51,5,0.0003468036651611328,1.4754700921735993e-05
7368,pop4,4,0.03223133087158203,0.03199775819024419
7368,pop53,2,0.030557990074157715,0.030214905738830566
7368,pop41,2,0.0003104209899902344,4.649162292480469e-05
7368,pop40,3,0.019772768020629883,0.027525272929301937
7368,pop43,2,0.0002715587615966797,7.152557373046875e-06
7369,pop46,2,0.031821250915527344,0.03142261505126953
7369,pop45,1,0.00025200843811035156,0.0
7369,pop44,2,0.03323924541473389,0.03295695781707764
7369,pop50,2,0.0004189014434814453,3.528594970703125e-05
7369,pop17,2,0.0003638267517089844,1.9311904907226562e-05
7369,pop53,1,0.0003795623779296875,0.0
7369,pop7,1,0.00021958351135253906,0.0
7370,pop10,2,0.030166983604431152,0.029776692390441895
7370,pop51,1,0.000453948974609375,0.0
7370,pop43,1,0.0002961158752441406,0.0
7370,pop40,1,0.05908012390136719,0.0
7370,pop41,1,0.00038623809814453125,0.0
7370,pop53,2,0.0003465414047241211,5.125999450683594e-06
7370,pop52,2,0.0003056526184082031,1.0967254638671875e-05
7370,pop12,3,0.0003219445546468099,4.9962710328173296e-05
7370,pop1,1,0.0003235340118408203,0.0
7370,pop6,1,0.00023245811462402344,0.0
7371,pop22,5,0.011987686157226562,0.0232745768725156
7371,pop51,1,0.00034928321838378906,0.0
7371,pop50,1,0.00048828125,0.0
7371,pop55,1,0.000331878662109375,0.0
7372,pop27,3,0.04855044682820638,0.03404636285963016
7372,pop25,1,0.0002999305725097656,0.0
7372,pop17,3,0.00036183993021647137,5.121000696356084e-05
7372,pop50,1,0.00035452842712402344,0.0
7372,pop53,1,0.0003426074981689453,0.0
7372,pop1,1,0.0003142356872558594,0.0
7372,pop15,1,0.0002162456512451172,0.0
7373,pop30,2,0.027953147888183594,0.02757883071899414
7373,pop48,1,0.06665325164794922,0.0
7373,pop52,2,0.0003666877746582031,8.249282836914062e-05
7373,pop12,4,0.00027054548263549805,2.764030042583286e-05
7373,pop34,1,0.0002498626708984375,0.0
7373,pop35,1,0.00021409988403320312,0.0
7374,pop16,3,0.021429936091105144,0.02983787236201506
7374,pop23,4,0.0003491640090942383,6.802130530846864e-05
7374,pop50,1,0.0003535747528076172,0.0
7374,pop51,1,0.0003337860107421875,0.0
7374,pop19,1,0.000331878662109375,0.0
7374,pop18,1,0.00025463104248046875,0.0
7375,pop8,2,0.029502272605895996,0.029128670692443848
7375,pop51,4,0.00034821033477783203,2.1008925165259147e-05
7375,pop10,3,0.020740270614624023,0.028929944063252805
7375,pop4,1,0.06155800819396973,0.0
7375,pop53,2,0.00038683414459228516,7.510185241699219e-06
7376,pop38,5,0.014028549194335938,0.027445349373161194
7376,pop18,1,0.000263214111328125,0.0
7376,pop19,1,0.0003457069396972656,0.0
7376,pop51,1,0.0003287792205810547,0.0
7377,pop36,2,0.028951168060302734,0.02856612205505371
7377,pop10,2,0.030814766883850098,0.03041374683380127
7377,pop51,1,0.0003681182861328125,0.0
7377,pop53,3,0.00040984153747558594,5.895675764586501e-05
7377,pop7,1,0.00021529197692871094,0.0
7378,pop45,2,0.03310036659240723,0.03270697593688965
7378,pop44,1,0.00031280517578125,0.0
7378,pop50,1,0.00042557716369628906,0.0
7378,pop55,2,0.027281999588012695,0.027033329010009766
7378,pop52,3,0.0003286997477213542,5.58925339380008e-05
7378,pop54,1,0.05762147903442383,0.0
7378,pop48,3,0.0002792676289876302,6.727554777484992e-06
7379,pop21,5,0.0147186279296875,0.028803933520929192
7379,pop23,1,0.0002872943878173828,0.0
7379,pop16,1,0.00026345252990722656,0.0
7379,pop50,1,0.0004448890686035156,0.0
7379,pop53,1,0.0004763603210449219,0.0
7379,pop52,1,0.00039887428283691406,0.0
7380,pop18,2,0.034290194511413574,0.03390324115753174
7380,pop19,1,0.00032448768615722656,0.0
7380,pop51,2,0.0004171133041381836,4.661083221435547e-05
7380,pop10,1,0.06339788436889648,0.0
7380,pop53,2,0.03063380718231201,0.030254244804382324
7380,pop52,5,0.00033502578735351564,8.029255305669255e-05
7380,pop54,2,0.028698205947875977,0.028342723846435547
7380,pop48,2,0.0670691728591919,0.0002988576889038086
7380,pop56,2,0.036867499351501465,0.03661167621612549
7380,pop7,1,0.00021457672119140625,0.0
7381,pop52,5,0.012508821487426759,0.024144610005083958
7381,pop55,1,0.0002384185791015625,0.0
7381,pop50,1,0.00035881996154785156,0.0
7381,pop16,1,0.000247955322265625,0.0
7382,pop44,2,0.032324790954589844,0.0319209098815918
7382,pop50,2,0.00038301944732666016,5.841255187988281e-06
7382,pop33,2,0.0004367828369140625,0.00014972686767578125
7382,pop32,4,0.00032901763916015625,0.00011623620964931962
7382,pop35,1,0.00022363662719726562,0.0
7383,pop36,2,0.02859640121459961,0.02823185920715332
7383,pop10,5,0.012566328048706055,0.0244706832754843
7383,pop51,3,0.000387271245320638,6.203965198603827e-05
7383,pop43,2,0.00036156177520751953,1.1086463928222656e-05
7383,pop40,1,0.05802416801452637,0.0
7383,pop53,1,0.000522613525390625,0.0
7383,pop54,1,0.0003025531768798828,0.0
7383,pop52,1,0.00031185150146484375,0.0
7384,pop47,2,0.02685403823852539,0.026482105255126953
7384,pop53,1,0.000385284423828125,0.0
7384,pop52,3,0.020671923955281574,0.02879433363487536
7384,pop13,2,0.0003116130828857422,5.030632019042969e-05
7385,pop6,4,0.01710355281829834,0.02902425632287406
7385,pop1,1,0.00027179718017578125,0.0
7385,pop53,1,0.00035381317138671875,0.0
7385,pop47,1,0.00024580955505371094,0.0
7386,pop57,2,0.0354464054107666,0.03507256507873535
7386,pop56,1,0.00025963783264160156,0.0
7386,pop48,4,0.0002875328063964844,1.0178267577236443e-05
7386,pop52,1,0.0002925395965576172,0.0
7386,pop55,1,0.0002510547637939453,0.0
7387,pop56,2,0.034435391426086426,0.03404366970062256
7387,pop48,2,0.03304946422576904,0.0327836275100708
7387,pop49,3,0.0003329912821451823,5.76191934883042e-05
7387,pop52,1,0.00029349327087402344,0.0
7387,pop53,1,0.00035643577575683594,0.0
7387,pop50,1,0.00036978721618652344,0.0
7387,pop16,1,0.0002472400665283203,0.0
7388,pop28,2,0.028733134269714355,0.02836143970489502
7388,pop51,1,0.0003342628479003906,0.0
7388,pop22,3,0.0003364086151123047,9.694600956232583e-05
7388,pop21,1,0.0002613067626953125,0.0
7388,pop23,1,0.0003294944763183594,0.0
7388,pop16,1,0.0002770423889160156,0.0
7388,pop50,1,0.00041294097900390625,0.0
7388,pop53,1,0.00038242340087890625,0.0
7388,pop52,1,0.00029778480529785156,0.0
7389,pop22,3,0.038924614588419594,0.02725911599960831
7389,pop21,1,0.0002703666687011719,0.0
7389,pop23,1,0.00031113624572753906,0.0
7389,pop24,3,0.00036827723185221356,0.00012788400597993563
7389,pop14,1,0.00031447410583496094,0.0
7389,pop50,1,0.0003998279571533203,0.0
7389,pop53,1,0.00037670135498046875,0.0
7389,pop47,1,0.0002353191375732422,0.0
7390,pop27,5,0.014763593673706055,0.028863820384843912
7390,pop25,1,0.0002772808074951172,0.0
7390,pop17,1,0.0002846717834472656,0.0
7390,pop50,1,0.0004405975341796875,0.0
7390,pop53,1,0.00036454200744628906,0.0
7390,pop52,1,0.0002810955047607422,0.0
7391,pop8,2,0.029234647750854492,0.028861045837402344
7391,pop51,2,0.0004730224609375,1.6689300537109375e-06
7391,pop10,1,0.06060194969177246,0.0
7391,pop53,2,0.060787081718444824,6.401538848876953e-05
7391,pop54,1,0.05861020088195801,0.0
7391,pop50,2,0.0003924369812011719,1.1920928955078125e-06
7391,pop17,1,0.06998181343078613,0.0
7391,pop25,1,0.00024127960205078125,0.0
7391,pop27,1,0.00023555755615234375,0.0
7391,pop44,1,0.0002551078796386719,0.0
7391,pop33,1,0.0002536773681640625,0.0
7391,pop32,3,0.00030310948689778644,4.0240429385785745e-05
7392,pop45,2,0.03298461437225342,0.032600998878479004
7392,pop44,1,0.0003209114074707031,0.0
7392,pop50,2,0.00044023990631103516,7.474422454833984e-05
7392,pop33,2,0.00034332275390625,7.081031799316406e-05
7392,pop32,4,0.00028121471405029297,1.8584800882790882e-05
7392,pop16,1,0.00023365020751953125,0.0
7393,pop21,5,0.014719009399414062,0.02875664822269809
7393,pop23,1,0.0004019737243652344,0.0
7393,pop16,1,0.00026702880859375,0.0
7393,pop50,1,0.0003962516784667969,0.0
7393,pop53,1,0.00037217140197753906,0.0
7393,pop52,1,0.00029015541076660156,0.0
7394,pop44,2,0.033124566078186035,0.032715678215026855
7394,pop50,2,0.0003839731216430664,1.919269561767578e-05
7394,pop33,2,0.00033295154571533203,6.878376007080078e-05
7394,pop32,4,0.00031942129135131836,3.927701875912306e-05
7394,pop35,1,0.00022935867309570312,0.0
7395,pop36,2,0.028744935989379883,0.028366804122924805
7395,pop10,4,0.0003337860107421875,5.4187932848405734e-05
7395,pop51,1,0.0004093647003173828,0.0
7395,pop53,1,0.0004868507385253906,0.0
7395,pop1,1,0.0003387928009033203,0.0
7395,pop6,1,0.00035858154296875,0.0
7396,pop40,2,0.028812170028686523,0.02842402458190918
7396,pop41,1,0.00038361549377441406,0.0
7396,pop53,3,0.020296732584635418,0.028174384926445396
7396,pop1,3,0.00031439463297526043,3.212984615580513e-05
7396,pop6,2,0.034233927726745605,0.033991217613220215
7396,pop52,3,0.0003101825714111328,1.3763726503268879e-05
7396,pop13,1,0.06295633316040039,0.0
7396,pop12,3,0.000291903813680013,4.1511467413595075e-05
7396,pop15,1,0.0002205371856689453,0.0
7397,pop33,3,0.022283554077148438,0.031030581481207655
7397,pop32,4,0.0002963542938232422,1.4579642136554366e-05
7397,pop50,1,0.0003809928894042969,0.0
7397,pop14,1,0.0003306865692138672,0.0
7397,pop24,1,0.00023889541625976562,0.0
7398,pop14,3,0.024082342783610027,0.033533129383643105
7398,pop24,4,0.0003229379653930664,3.409406521873533e-05
7398,pop50,1,0.00037479400634765625,0.0
7398,pop53,1,0.00047016143798828125,0.0
7398,pop1,1,0.0003204345703125,0.0
7398,pop15,1,0.00022459030151367188,0.0
7399,pop50,2,0.03147614002227783,0.03093850612640381
7399,pop55,3,0.018130699793497723,0.025274680537534407
7399,pop52,2,0.00030362606048583984,8.225440979003906e-06
7400,pop22,5,0.01156320571899414,0.022409666080889356
7400,pop51,1,0.00032520294189453125,0.0
7400,pop53,1,0.0003445148468017578,0.0
7400,pop1,1,0.00032448768615722656,0.0
7400,pop15,1,0.0002124309539794922,0.0
7401,pop8,2,0.029438257217407227,0.029059410095214844
7401,pop51,1,0.00045752525329589844,0.0
7401,pop50,1,0.0005545616149902344,0.0
7401,pop55,1,0.05660057067871094,0.0
7401,pop52,2,0.0003437995910644531,4.76837158203125e-07
7401,pop48,4,0.00030034780502319336,4.161117179737527e-05
7401,pop34,1,0.00023674964904785156,0.0
7401,pop35,1,0.0002181529998779297,0.0
7402,pop44,2,0.03267359733581543,0.03225302696228027
7402,pop50,2,0.0004897117614746094,8.58306884765625e-06
7402,pop17,4,0.00033676624298095703,6.421774664435093e-05
7402,pop51,1,0.0003197193145751953,0.0
7403,pop9,4,0.015085279941558838,0.02556979117007123
7403,pop51,1,0.0003275871276855469,0.0
7403,pop53,1,0.0003800392150878906,0.0
7403,pop7,1,0.00021719932556152344,0.0
7404,pop23,5,0.014057540893554687,0.027369664667905344
7404,pop16,1,0.00026345252990722656,0.0
7404,pop50,1,0.0003566741943359375,0.0
7404,pop55,1,0.0002551078796386719,0.0
7405,pop41,2,0.03088521957397461,0.030496835708618164
7405,pop53,1,0.00036525726318359375,0.0
7405,pop1,2,0.00030922889709472656,2.6702880859375e-05
7405,pop6,4,0.00025600194931030273,1.7479817920043662e-05
7405,pop15,1,0.00020432472229003906,0.0
7406,pop48,4,0.03326296806335449,0.032929651363074096
7406,pop56,1,0.07084321975708008,0.0
7406,pop2,3,0.00026098887125651043,3.664017744106662e-05
7406,pop49,1,0.0002605915069580078,0.0
7406,pop52,1,0.0002894401550292969,0.0
7406,pop55,1,0.0002589225769042969,0.0
7407,pop57,2,0.03666877746582031,0.03630208969116211
7407,pop56,1,0.00025844573974609375,0.0
7407,pop48,3,0.0003229777018229167,6.359606732676103e-05
7407,pop52,1,0.00031304359436035156,0.0
7407,pop53,1,0.00048613548278808594,0.0
7407,pop50,2,0.00037038326263427734,1.4662742614746094e-05
7407,pop14,1,0.00048160552978515625,0.0
7407,pop16,1,0.00029587745666503906,0.0
7407,pop23,1,0.000377655029296875,0.0
7407,pop24,1,0.000370025634765625,0.0
7408,pop27,4,0.018470704555511475,0.03139151017954544
7408,pop25,1,0.0002810955047607422,0.0
7408,pop17,1,0.0003063678741455078,0.0
7408,pop50,1,0.0003502368927001953,0.0
7408,pop16,1,0.0002548694610595703,0.0
7409,pop21,5,0.01523137092590332,0.02981545963917805
7409,pop23,1,0.0003001689910888672,0.0
7409,pop16,1,0.00026607513427734375,0.0
7409,pop50,1,0.00045228004455566406,0.0
7409,pop53,1,0.00038814544677734375,0.0
7409,pop7,1,0.00021076202392578125,0.0
7410,pop36,2,0.029234766960144043,0.02886641025543213
7410,pop51,2,0.00035762786865234375,8.344650268554688e-06
7410,pop22,4,0.0003133416175842285,4.067234210269727e-05
7410,pop10,1,0.0002639293670654297,0.0
7411,pop42,2,0.030829310417175293,0.03046095371246338
7411,pop43,1,0.0002601146697998047,0.0
7411,pop40,4,0.0003268718719482422,9.189884259557805e-05
7411,pop41,1,0.0002655982971191406,0.0
7411,pop53,1,0.00036525726318359375,0.0
7411,pop50,1,0.0003724098205566406,0.0
7411,pop44,1,0.0002791881561279297,0.0
7412,pop53,4,0.015381336212158203,0.025725080169358584
7412,pop1,1,0.0003075599670410156,0.0
7412,pop6,1,0.00023937225341796875,0.0
7413,pop46,2,0.03134489059448242,0.030954599380493164
7413,pop45,1,0.0002689361572265625,0.0
7413,pop44,2,0.03270280361175537,0.032448649406433105
7413,pop50,2,0.00041282176971435547,2.753734588623047e-05
7413,pop17,3,0.00032369295756022137,4.660918920428293e-05
7414,pop10,2,0.03144550323486328,0.03104877471923828
7414,pop51,4,0.00042432546615600586,0.00010448928836902241
7414,pop4,3,0.02088785171508789,0.02906433399533566
7414,pop50,1,0.0006160736083984375,0.0
7414,pop53,2,0.03006136417388916,0.02971518039703369
7414,pop41,1,0.0003654956817626953,0.0
7414,pop40,2,0.029875755310058594,0.02961277961730957
7414,pop43,1,0.0002512931823730469,0.0
7415,pop14,4,0.018323421478271484,0.030932279118002073
7415,pop50,1,0.0004241466522216797,0.0
7415,pop53,1,0.0003833770751953125,0.0
7415,pop47,1,0.0002224445343017578,0.0
7416,pop50,4,0.016433358192443848,0.027612949756089453
7416,pop44,3,0.021906534830729168,0.03046601168396413
7416,pop17,2,0.0004031658172607422,9.012222290039062e-05
7416,pop53,1,0.0003745555877685547,0.0
7416,pop1,1,0.0002932548522949219,0.0
7416,pop15,1,0.0003123283386230469,0.0
7417,pop44,3,0.04321146011352539,0.030265667842533043
7417,pop50,1,0.00036978721618652344,0.0
7417,pop53,2,0.00040590763092041016,3.349781036376953e-05
7417,pop7,1,0.00021195411682128906,0.0
7418,pop9,5,0.012228727340698242,0.023800540656695
7418,pop51,1,0.000335693359375,0.0
7418,pop50,1,0.0003578662872314453,0.0
7418,pop14,1,0.00030684471130371094,0.0
7418,pop24,1,0.00030684471130371094,0.0
7419,pop31,2,0.029094338417053223,0.02871382236480713
7419,pop17,1,0.07028865814208984,0.0
7419,pop50,2,0.0004469156265258789,9.047985076904297e-05
7419,pop55,2,0.027640223503112793,0.02728593349456787
7419,pop52,3,0.00037097930908203125,7.477099589687678e-05
7419,pop13,1,0.06288719177246094,0.0
7419,pop12,3,0.000322421391805013,5.227200101079141e-05
7419,pop14,1,0.00032019615173339844,0.0
7419,pop24,1,0.0002608299255371094,0.0
7420,pop23,5,0.014506721496582031,0.02826617071654896
7420,pop16,1,0.000244140625,0.0
7420,pop50,1,0.00035572052001953125,0.0
7420,pop51,1,0.0003230571746826172,0.0
7420,pop19,1,0.00029397010803222656,0.0
7420,pop20,1,0.0002498626708984375,0.0
7421,pop57,2,0.03605663776397705,0.03568708896636963
7421,pop56,2,0.00025653839111328125,7.152557373046875e-06
7421,pop2,1,0.00036334991455078125,0.0
7421,pop49,1,0.06997275352478027,0.0
7421,pop48,4,0.0003325939178466797,5.309485938651201e-05
7421,pop52,2,0.030737876892089844,0.030449867248535156
7421,pop53,1,0.000400543212890625,0.0
7421,pop1,1,0.00033164024353027344,0.0
7421,pop15,1,0.00021338462829589844,0.0
7422,pop50,3,0.021655956904093426,0.029964830435320253
7422,pop44,3,0.0003508726755777995,4.961716645597448e-05
7422,pop53,1,0.0003325939178466797,0.0
7422,pop47,1,0.00022721290588378906,0.0
7423,pop24,5,0.01498723030090332,0.02930372504684236
7423,pop14,1,0.0004456043243408203,0.0
7423,pop50,1,0.0004107952117919922,0.0
7423,pop51,1,0.00042366981506347656,0.0
7423,pop19,1,0.0002956390380859375,0.0
7423,pop18,1,0.0002455711364746094,0.0
7424,pop6,3,0.045789877573649086,0.032118112320450976
7424,pop1,1,0.00030541419982910156,0.0
7424,pop53,1,0.06077098846435547,0.0
7424,pop54,2,0.0002830028533935547,4.76837158203125e-06
7424,pop52,1,0.00028705596923828125,0.0
7425,pop28,2,0.028740525245666504,0.02837693691253662
7425,pop51,2,0.00034177303314208984,2.0265579223632812e-06
7425,pop4,3,0.020897388458251953,0.029143706085723798
7425,pop47,2,0.00023674964904785156,5.7220458984375e-06
7426,pop46,3,0.021128098169962566,0.029418255918542007
7426,pop45,2,0.0002770423889160156,2.4318695068359375e-05
7426,pop44,1,0.06490635871887207,0.0
7426,pop20,4,0.00026035308837890625,8.424310562159898e-06
7427,pop14,2,0.03474748134613037,0.03432357311248779
7427,pop24,4,0.0003269314765930176,1.841108266257133e-05
7427,pop23,1,0.0002930164337158203,0.0
7427,pop16,1,0.0003337860107421875,0.0
7428,pop9,5,0.012480354309082032,0.024341585955506076
7428,pop51,1,0.0003247261047363281,0.0
7428,pop50,1,0.0005023479461669922,0.0
7428,pop16,1,0.00023603439331054688,0.0
7429,pop23,5,0.014020156860351563,0.02735201805516638
7429,pop16,1,0.00026226043701171875,0.0
7430,pop39,2,0.031058669090270996,0.030685067176818848
7430,pop38,2,0.03586399555206299,0.03559696674346924
7430,pop18,1,0.0002715587615966797,0.0
7430,pop19,1,0.000278472900390625,0.0
7430,pop51,3,0.0003551642100016276,1.0777879402265349e-05
7430,pop43,2,0.0002630949020385742,8.344650268554688e-07
7430,pop40,1,0.058110952377319336,0.0
7430,pop10,1,0.06398463249206543,0.0
7430,pop50,2,0.0003858804702758789,1.0848045349121094e-05
7430,pop44,1,0.06735014915466309,0.0
7430,pop14,1,0.0002751350402832031,0.0
7430,pop24,1,0.07738566398620605,0.0
7430,pop23,2,0.03667950630187988,0.03638195991516113
7430,pop21,2,0.00027060508728027344,5.245208740234375e-06
7431,pop32,5,0.014691400527954101,0.028729083413344042
7431,pop33,1,0.0002651214599609375,0.0
7431,pop50,1,0.000354766845703125,0.0
7431,pop55,1,0.0002434253692626953,0.0
7432,pop55,3,0.03697331746419271,0.025861692800393857
7432,pop52,3,0.0003496805826822917,8.103434073694559e-05
7432,pop53,1,0.00041794776916503906,0.0
7432,pop51,1,0.0003674030303955078,0.0
7432,pop19,1,0.0003237724304199219,0.0
7432,pop18,1,0.0002410411834716797,0.0
7433,pop40,2,0.029760003089904785,0.02936685085296631
7433,pop41,1,0.0002849102020263672,0.0
7433,pop53,2,0.030996203422546387,0.03063642978668213
7433,pop54,2,0.057717323303222656,0.00014710426330566406
7433,pop52,5,0.012574577331542968,0.024528075350267582
7433,pop12,2,0.00031745433807373047,6.186962127685547e-05
7433,pop51,1,0.00036644935607910156,0.0
7433,pop10,1,0.0002925395965576172,0.0
7434,pop24,4,0.018592000007629395,0.031662193528232296
7434,pop14,2,0.03537297248840332,0.03498387336730957
7435,pop37,5,0.011049556732177734,0.02144828523483436
7435,pop52,1,0.0003123283386230469,0.0
7435,pop53,1,0.0004811286926269531,0.0
7435,pop51,1,0.0003540515899658203,0.0
7435,pop10,1,0.0002810955047607422,0.0
7436,pop4,3,0.041229963302612305,0.02887750353768355
7436,pop51,3,0.0004462401072184245,0.00010455396987862429
7436,pop10,1,0.06348228454589844,0.0
7436,pop53,3,0.0004185040791829427,5.3289382204211474e-05
7436,pop50,1,0.0004029273986816406,0.0
7436,pop55,1,0.0003514289855957031,0.0
7437,pop48,3,0.022381146748860676,0.03114569432696029
7437,pop56,1,0.07016563415527344,0.0
7437,pop2,1,0.07035946846008301,0.0
7437,pop49,1,0.0002593994140625,0.0
7437,pop52,1,0.06105160713195801,0.0
7437,pop13,2,0.032074928283691406,0.031731367111206055
7438,pop28,2,0.03029012680053711,0.02990865707397461
7438,pop51,6,0.0003865162531534831,6.339340597838778e-05
7438,pop53,2,0.030555009841918945,0.03015732765197754
7438,pop41,1,0.0002994537353515625,0.0
7438,pop40,1,0.05899763107299805,0.0
7438,pop43,1,0.00026917457580566406,0.0
7438,pop4,4,0.032144784927368164,0.0317545801084012
7438,pop10,2,0.06323814392089844,0.00029850006103515625
7439,pop14,3,0.02356712023417155,0.0327937086760163
7439,pop24,3,0.00038743019104003906,7.164547724712765e-05
7439,pop50,1,0.0004725456237792969,0.0
7439,pop51,1,0.0003139972686767578,0.0
7439,pop19,1,0.00036978721618652344,0.0
7439,pop20,1,0.0002689361572265625,0.0
7440,pop30,2,0.0276644229888916,0.02729654312133789
7440,pop31,1,0.0002636909484863281,0.0
7440,pop17,3,0.0003429253896077474,6.201154749070488e-05
7440,pop50,1,0.00036716461181640625,0.0
7440,pop53,1,0.0003650188446044922,0.0
7440,pop1,1,0.000331878662109375,0.0
7440,pop15,1,0.0002522468566894531,0.0
7441,pop16,2,0.03201746940612793,0.03162407875061035
7441,pop23,1,0.00030350685119628906,0.0
7441,pop24,4,0.0002816915512084961,3.1465155921326826e-05
7442,pop38,5,0.014575386047363281,0.028501239312826603
7442,pop18,1,0.00027251243591308594,0.0
7442,pop19,1,0.00033354759216308594,0.0
7442,pop51,1,0.0003352165222167969,0.0
7442,pop53,1,0.0004696846008300781,0.0
7442,pop52,1,0.0002827644348144531,0.0
7443,pop10,5,0.037033605575561526,0.029967830583250227
7443,pop51,3,0.00038806597391764325,2.8366356368978414e-05
7443,pop43,3,0.00026408831278483075,1.2213507398025278e-05
7443,pop40,3,0.01953887939453125,0.027167410035951998
7443,pop41,1,0.0002665519714355469,0.0
7443,pop53,1,0.0003705024719238281,0.0
7443,pop50,1,0.0003592967987060547,0.0
7443,pop55,1,0.0002448558807373047,0.0
7444,pop44,2,0.03252899646759033,0.03213155269622803
7444,pop50,2,0.0003883838653564453,1.4066696166992188e-05
7444,pop17,3,0.00043193499247233075,2.5666903998243515e-05
7444,pop51,1,0.0003266334533691406,0.0
7445,pop40,5,0.01238551139831543,0.024064609552830716
7445,pop41,2,0.00028014183044433594,6.67572021484375e-06
7445,pop53,2,0.060369014739990234,0.00019693374633789062
7445,pop54,1,0.058454275131225586,0.0
7445,pop52,1,0.0004107952117919922,0.0
7445,pop43,1,0.0002453327178955078,0.0
7445,pop51,1,0.0003573894500732422,0.0
7445,pop19,1,0.00033211708068847656,0.0
7445,pop18,1,0.00026535987854003906,0.0
7446,pop37,4,0.013418078422546387,0.02261994827688459
7446,pop52,1,0.00028443336486816406,0.0
7446,pop53,1,0.0005114078521728516,0.0
7446,pop51,1,0.0004127025604248047,0.0
7447,pop4,5,0.012638044357299805,0.02460140410458391
7447,pop51,1,0.0003387928009033203,0.0
7447,pop53,1,0.0003764629364013672,0.0
7447,pop7,1,0.00022101402282714844,0.0
7448,pop28,2,0.02904963493347168,0.028682470321655273
7448,pop51,3,0.000348965326944987,1.1196933431311743e-05
7448,pop53,2,0.030328989028930664,0.02997303009033203
7448,pop41,1,0.0002779960632324219,0.0
7448,pop40,3,0.020215670267740887,0.02821281950302185
7448,pop43,1,0.00027060508728027344,0.0
7448,pop4,2,0.0003279447555541992,3.7550926208496094e-05
7448,pop7,1,0.0002589225769042969,0.0
7449,pop18,4,0.017188727855682373,0.029231787046511828
7449,pop38,3,0.023451884587605793,0.03275141856343792
7449,pop19,2,0.00032460689544677734,4.887580871582031e-06
7449,pop20,2,0.0002702474594116211,1.8715858459472656e-05
7450,pop52,3,0.02124198277791341,0.029509876027489796
7450,pop12,3,0.00027306874593098957,1.0130841560349434e-05
7450,pop55,1,0.0002562999725341797,0.0
7451,pop57,2,0.03546595573425293,0.03509020805358887
7451,pop56,1,0.07015562057495117,0.0
7451,pop2,4,0.00027257204055786133,2.7295738662832464e-05
7451,pop49,1,0.00023627281188964844,0.0
7451,pop48,1,0.0002772808074951172,0.0
7451,pop52,1,0.0003025531768798828,0.0
7451,pop53,1,0.0003948211669921875,0.0
7451,pop7,1,0.00022220611572265625,0.0
7452,pop48,6,0.03442386786142985,0.03405077694727754
7452,pop49,3,0.0694886843363444,0.00016087646841889296
7452,pop2,3,0.023996591567993164,0.03356726747237399
7452,pop56,1,0.07005596160888672,0.0
7452,pop52,3,0.02152562141418457,0.029998441356569556
7452,pop53,1,0.0003631114959716797,0.0
7452,pop7,1,0.00023603439331054688,0.0
7453,pop14,2,0.036954402923583984,0.03652811050415039
7453,pop24,2,0.03701579570770264,0.03670704364776611
7453,pop23,2,0.00033867359161376953,2.562999725341797e-05
7453,pop16,1,0.0003533363342285156,0.0
7453,pop50,1,0.0004687309265136719,0.0
7453,pop53,1,0.0003459453582763672,0.0
7453,pop7,1,0.00021696090698242188,0.0
7454,pop30,2,0.027918696403503418,0.027539610862731934
7454,pop31,1,0.0002551078796386719,0.0
7454,pop17,2,0.035300254821777344,0.03501319885253906
7454,pop50,2,0.00041103363037109375,1.9073486328125e-06
7454,pop33,2,0.0002963542938232422,1.7642974853515625e-05
7454,pop32,2,0.00031387805938720703,4.3272972106933594e-05
7454,pop53,1,0.0003590583801269531,0.0
7454,pop1,1,0.00029468536376953125,0.0
7454,pop15,1,0.0002269744873046875,0.0
7455,pop47,4,0.013472914695739746,0.022798556915483627
7455,pop51,1,0.0004315376281738281,0.0
7455,pop19,1,0.0003082752227783203,0.0
7455,pop18,1,0.00024080276489257812,0.0
7456,pop56,6,0.023478388786315918,0.032781183605640876
7456,pop2,1,0.07062315940856934,0.0
7456,pop48,1,0.0002951622009277344,0.0
7456,pop52,1,0.0004096031188964844,0.0
7456,pop53,1,0.0004887580871582031,0.0
7456,pop7,1,0.00021576881408691406,0.0
7457,pop45,2,0.033350229263305664,0.03296971321105957
7457,pop44,1,0.06424832344055176,0.0
7457,pop50,2,0.0004496574401855469,7.62939453125e-05
7457,pop17,4,0.0003777742385864258,6.0595267393247625e-05
7457,pop53,1,0.0003612041473388672,0.0
7457,pop52,1,0.00029921531677246094,0.0
7458,pop6,2,0.034186363220214844,0.033822059631347656
7458,pop1,1,0.00032901763916015625,0.0
7458,pop53,1,0.0003731250762939453,0.0
7458,pop52,2,0.0003745555877685547,5.459785461425781e-05
7458,pop12,3,0.00028212865193684894,3.0891745624132396e-05
7458,pop34,1,0.0002493858337402344,0.0
7458,pop35,1,0.0002124309539794922,0.0
7459,pop48,4,0.03321981430053711,0.032852430170267115
7459,pop52,2,0.0003933906555175781,7.319450378417969e-05
7459,pop53,1,0.0003514289855957031,0.0
7459,pop51,1,0.0003304481506347656,0.0
7459,pop19,1,0.0003075599670410156,0.0
7459,pop20,1,0.00024127960205078125,0.0
7460,pop33,3,0.022898038228352863,0.031899436410845236
7460,pop32,4,0.00035256147384643555,6.350518969161664e-05
7460,pop50,1,0.00039076805114746094,0.0
7460,pop35,1,0.00031280517578125,0.0
7461,pop22,2,0.02969944477081299,0.029318928718566895
7461,pop21,3,0.024851163228352863,0.03470367847465803
7461,pop23,1,0.0002689361572265625,0.0
7461,pop24,2,0.0002932548522949219,3.409385681152344e-05
7461,pop14,1,0.00033783912658691406,0.0
7461,pop50,1,0.00038909912109375,0.0
7461,pop51,1,0.00031948089599609375,0.0
7462,pop8,2,0.03090965747833252,0.03053605556488037
7462,pop51,1,0.00041794776916503906,0.0
7462,pop43,1,0.00041294097900390625,0.0
7462,pop40,4,0.0002918243408203125,3.698447795707077e-05
7462,pop41,1,0.0003578662872314453,0.0
7462,pop53,1,0.0003821849822998047,0.0
7462,pop1,1,0.0003075599670410156,0.0
7462,pop15,1,0.00020599365234375,0.0
7463,pop39,2,0.032097816467285156,0.03172945976257324
7463,pop44,1,0.000274658203125,0.0
7463,pop50,2,0.000553131103515625,5.1021575927734375e-05
7463,pop17,4,0.00041288137435913086,8.410540641372412e-05
7463,pop55,1,0.00024390220642089844,0.0
7463,pop52,1,0.0003085136413574219,0.0
7463,pop53,1,0.0003714561462402344,0.0
7463,pop47,1,0.00022721290588378906,0.0
7464,pop32,5,0.014961528778076171,0.029267686303908403
7464,pop33,1,0.0002791881561279297,0.0
7464,pop50,1,0.0004706382751464844,0.0
7464,pop16,1,0.0002582073211669922,0.0
7465,pop55,5,0.011211013793945313,0.02175431263362644
7465,pop50,1,0.0003669261932373047,0.0
7465,pop53,1,0.00038886070251464844,0.0
7465,pop1,1,0.00032138824462890625,0.0
7465,pop6,1,0.00033092498779296875,0.0
7466,pop57,2,0.03624677658081055,0.035884857177734375
7466,pop56,1,0.06930875778198242,0.0
7466,pop2,3,0.00027219454447428387,2.753112382306382e-05
7466,pop49,1,0.00024509429931640625,0.0
7466,pop48,1,0.0002703666687011719,0.0
7466,pop52,1,0.00028824806213378906,0.0
7466,pop53,1,0.0003752708435058594,0.0
7466,pop51,1,0.0003402233123779297,0.0
7467,pop14,3,0.024051745732625324,0.03351381010412641
7467,pop24,3,0.00040157636006673175,9.604458675325113e-05
7467,pop50,1,0.00039386749267578125,0.0
7467,pop53,1,0.00035881996154785156,0.0
7467,pop1,1,0.0003497600555419922,0.0
7467,pop15,1,0.00021219253540039062,0.0
7468,pop56,2,0.03542125225067139,0.03503215312957764
7468,pop2,1,0.07036733627319336,0.0
7468,pop49,1,0.0002732276916503906,0.0
7468,pop48,1,0.00026154518127441406,0.0
7468,pop52,2,0.0003001689910888672,2.2172927856445312e-05
7468,pop37,4,0.00030541419982910156,4.0897300378751716e-05
7469,pop41,2,0.03126096725463867,0.030873537063598633
7469,pop53,1,0.0003783702850341797,0.0
7469,pop54,2,0.05904555320739746,0.0012202262878417969
7469,pop52,4,0.03185462951660156,0.031549082635158744
7469,pop13,2,0.031729936599731445,0.031494855880737305
7469,pop37,2,0.00031304359436035156,3.6716461181640625e-05
7470,pop27,4,0.0184861421585083,0.031444265440460605
7470,pop14,1,0.00046324729919433594,0.0
7470,pop50,1,0.0003762245178222656,0.0
7470,pop16,1,0.0002682209014892578,0.0
7470,pop23,1,0.0002875328063964844,0.0
7470,pop24,1,0.00026035308837890625,0.0
7471,pop21,4,0.018701672554016113,0.03178745155347373
7471,pop23,1,0.0003814697265625,0.0
7471,pop16,1,0.0002396106719970703,0.0
7472,pop36,2,0.02945244312286377,0.02908456325531006
7472,pop51,2,0.00040018558502197266,7.069110870361328e-05
7472,pop4,4,0.0003331899642944336,4.501772739799559e-05
7472,pop53,1,0.00039076805114746094,0.0
7472,pop50,1,0.0003838539123535156,0.0
7472,pop55,1,0.00026226043701171875,0.0
7473,pop47,4,0.013469278812408447,0.02279390952970801
7473,pop53,1,0.0003464221954345703,0.0
7473,pop50,1,0.00039386749267578125,0.0
7473,pop16,1,0.0002593994140625,0.0
7474,pop48,2,0.03485417366027832,0.034444332122802734
7474,pop52,2,0.0003085136413574219,5.9604644775390625e-06
7474,pop12,3,0.00030485788981119793,3.521302422808854e-05
7474,pop53,1,0.0003998279571533203,0.0
7474,pop51,1,0.0003418922424316406,0.0
7474,pop10,1,0.0002925395965576172,0.0
7475,pop14,5,0.014662075042724609,0.02859258470240564
7475,pop24,1,0.000270843505859375,0.0
7476,pop42,2,0.030395865440368652,0.030033230781555176
7476,pop43,1,0.00031185150146484375,0.0
7476,pop40,3,0.019532442092895508,0.027237316893165813
7476,pop41,1,0.00028705596923828125,0.0
7476,pop53,3,0.0003612836201985677,9.07314181423987e-06
7476,pop1,2,0.00033211708068847656,1.5974044799804688e-05
7476,pop6,1,0.06925463676452637,0.0
7476,pop54,2,0.0003235340118408203,6.031990051269531e-05
7476,pop50,1,0.00040602684020996094,0.0
7476,pop14,1,0.0003445148468017578,0.0
7477,pop53,5,0.012503480911254883,0.024049952801344043
7477,pop50,1,0.0003483295440673828,0.0
7477,pop14,1,0.00030040740966796875,0.0
7477,pop24,1,0.0002644062042236328,0.0
7478,pop16,4,0.01625615358352661,0.027618863671357356
7478,pop23,4,0.03488504886627197,0.03457277234443966
7478,pop24,4,0.03756284713745117,0.03724203846050688
7478,pop50,2,0.00040268898010253906,1.9550323486328125e-05
7478,pop14,2,0.0003701448440551758,6.079673767089844e-06
7479,pop38,4,0.03550291061401367,0.03518130836324978
7479,pop18,1,0.0002391338348388672,0.0
7479,pop19,1,0.0003159046173095703,0.0
7479,pop51,1,0.00033545494079589844,0.0
7479,pop22,2,0.00028765201568603516,1.3232231140136719e-05
7479,pop21,1,0.00036525726318359375,0.0
7479,pop23,1,0.0003094673156738281,0.0
7479,pop16,1,0.00026345252990722656,0.0
7480,pop40,3,0.038901170094807945,0.027235010829987538
7480,pop41,1,0.0002753734588623047,0.0
7480,pop53,1,0.06125235557556152,0.0
7480,pop50,5,0.0003870487213134766,2.44290521917825e-05
7480,pop17,1,0.06980323791503906,0.0
7480,pop33,2,0.0002886056900024414,1.1324882507324219e-05
7480,pop32,1,0.07545328140258789,0.0
7480,pop44,2,0.03327369689941406,0.032968997955322266
7480,pop14,2,0.03835010528564453,0.03807425498962402
7480,pop24,1,0.07693958282470703,0.0
7480,pop16,1,0.00028443336486816406,0.0
7480,pop23,1,0.0004315376281738281,0.0
7481,pop28,2,0.029181241989135742,0.028819799423217773
7481,pop51,3,0.00035317738850911457,1.4958219429698119e-05
7481,pop4,2,0.030971527099609375,0.030690431594848633
7481,pop9,2,0.0003026723861694336,4.5418739318847656e-05
7481,pop50,1,0.00047469139099121094,0.0
7482,pop39,2,0.030743837356567383,0.03037238121032715
7482,pop38,1,0.0002837181091308594,0.0
7482,pop18,1,0.0002675056457519531,0.0
7482,pop19,2,0.0003311634063720703,6.67572021484375e-06
7482,pop20,4,0.0002994537353515625,4.512193651703117e-05
7482,pop51,1,0.0004067420959472656,0.0
7482,pop50,1,0.0003867149353027344,0.0
7482,pop55,1,0.00025463104248046875,0.0
7483,pop32,5,0.014847087860107421,0.029011750262545193
7483,pop33,1,0.0002846717834472656,0.0
7483,pop50,1,0.00038313865661621094,0.0
7483,pop51,1,0.0004374980926513672,0.0
7483,pop10,1,0.0002779960632324219,0.0
7484,pop27,4,0.018543004989624023,0.031535882211825884
7484,pop14,1,0.00028586387634277344,0.0
7484,pop24,1,0.0002429485321044922,0.0
7485,pop47,2,0.026591897010803223,0.026229023933410645
7485,pop53,1,0.00035262107849121094,0.0
7485,pop54,2,0.02932584285736084,0.029056429862976074
7485,pop52,2,0.0004551410675048828,4.38690185546875e-05
7485,pop12,3,0.0004080931345621745,6.146248263206824e-05
7485,pop51,1,0.0003304481506347656,0.0
7485,pop19,1,0.00031566619873046875,0.0
7486,pop48,2,0.034714460372924805,0.03428530693054199
7486,pop52,3,0.0002969106038411458,3.5700921130524004e-06
7486,pop12,2,0.031851768493652344,0.03162121772766113
7486,pop37,3,0.00026861826578776043,1.595841935679339e-05
7486,pop55,1,0.00025773048400878906,0.0
7487,pop31,2,0.029058218002319336,0.028681039810180664
7487,pop17,2,0.03480231761932373,0.034487366676330566
7487,pop50,2,0.0004309415817260742,6.473064422607422e-05
7487,pop33,2,0.0002727508544921875,1.3828277587890625e-05
7487,pop32,2,0.0003457069396972656,9.059906005859375e-05
7487,pop53,1,0.00036406517028808594,0.0
7487,pop47,1,0.0003333091735839844,0.0
7488,pop50,5,0.01290898323059082,0.024986084469371735
7488,pop17,1,0.07324886322021484,0.0
7488,pop44,2,0.032787203788757324,0.032526612281799316
7488,pop33,2,0.00041675567626953125,5.125999450683594e-05
7488,pop32,4,0.0002849102020263672,3.5128127737467745e-05
7489,pop52,3,0.020701011021931965,0.02876691505935381
7489,pop37,3,0.0002601146697998047,1.3488396345272463e-05
7490,pop14,5,0.015636396408081055,0.03052505043362577
7490,pop50,1,0.0003800392150878906,0.0
7490,pop53,1,0.00046944618225097656,0.0
7490,pop52,1,0.00029087066650390625,0.0
7491,pop40,2,0.03070509433746338,0.03032505512237549
7491,pop41,1,0.000286102294921875,0.0
7491,pop53,2,0.0003724098205566406,1.5974044799804688e-05
7491,pop54,4,0.0003363490104675293,4.163097497654412e-05
7491,pop50,1,0.0004904270172119141,0.0
7491,pop16,1,0.0002532005310058594,0.0
7492,pop46,2,0.03131389617919922,0.030936479568481445
7492,pop45,1,0.0002567768096923828,0.0
7492,pop44,2,0.0002791881561279297,6.4373016357421875e-06
7492,pop50,3,0.00045951207478841144,0.00010810020956316563
7492,pop17,3,0.00034046173095703125,2.8999645415752372e-05
7492,pop53,1,0.0005145072937011719,0.0
7492,pop52,1,0.00028324127197265625,0.0
7492,pop55,1,0.00027823448181152344,0.0
7493,pop9,5,0.012154006958007812,0.023626249025012296
7493,pop51,1,0.00033736228942871094,0.0
7493,pop53,1,0.0003514289855957031,0.0
7493,pop7,1,0.000217437744140625,0.0
7494,pop23,2,0.03462207317352295,0.03420412540435791
7494,pop24,3,0.0003844896952311198,4.1690010877414314e-05
7494,pop14,1,0.00033092498779296875,0.0
7494,pop50,1,0.0004181861877441406,0.0
7494,pop53,1,0.0003688335418701172,0.0
7494,pop1,1,0.0003116130828857422,0.0
7494,pop15,1,0.00023126602172851562,0.0
7495,pop45,2,0.03309524059295654,0.03271949291229248
7495,pop44,1,0.0003314018249511719,0.0
7495,pop50,2,0.0004247426986694336,3.4689903259277344e-05
7495,pop17,4,0.00040209293365478516,7.354382324281236e-05
7495,pop51,1,0.0003597736358642578,0.0
7495,pop10,1,0.0002720355987548828,0.0
7496,pop53,2,0.0308915376663208,0.03039252758026123
7496,pop54,1,0.05787062644958496,0.0
7496,pop52,2,0.03108799457550049,0.030804753303527832
7496,pop48,4,0.0002860426902770996,3.0135851399466643e-05
7496,pop34,1,0.0002579689025878906,0.0
7496,pop35,1,0.0003409385681152344,0.0
7497,pop28,2,0.02915012836456299,0.028788208961486816
7497,pop51,1,0.00035858154296875,0.0
7497,pop19,2,0.00033020973205566406,2.2649765014648438e-05
7497,pop18,2,0.00026857852935791016,3.6954879760742188e-06
7497,pop38,2,0.03615844249725342,0.035907864570617676
7497,pop20,1,0.0695650577545166,0.0
7497,pop46,1,0.0002827644348144531,0.0
7497,pop45,1,0.0002620220184326172,0.0
7497,pop44,2,0.00029790401458740234,2.2530555725097656e-05
7498,pop27,5,0.01520833969116211,0.029768924464360497
7498,pop25,1,0.0002620220184326172,0.0
7498,pop17,1,0.0003490447998046875,0.0
7498,pop50,1,0.0003941059112548828,0.0
7498,pop55,1,0.00036334991455078125,0.0
7499,pop24,5,0.01495203971862793,0.029207201758755498
7499,pop14,1,0.00028586387634277344,0.0
7499,pop50,1,0.00046896934509277344,0.0
7499,pop44,1,0.0002777576446533203,0.0
7500,pop33,2,0.03407406806945801,0.03367781639099121
7500,pop37,4,0.0003311038017272949,6.640468381710252e-05
7500,pop52,1,0.0005152225494384766,0.0
7500,pop51,1,0.0003459453582763672,0.0
7501,pop22,5,0.011582136154174805,0.02248340920416355
7501,pop51,1,0.0005390644073486328,0.0
7501,pop52,1,0.00029468536376953125,0.0
7501,pop34,1,0.0002465248107910156,0.0
7501,pop35,1,0.00021386146545410156,0.0
7502,pop55,2,0.027615070343017578,0.02723383903503418
7502,pop50,2,0.0004687309265136719,2.7894973754882812e-05
7502,pop17,4,0.0003959536552429199,5.529059345381718e-05
7502,pop51,1,0.00038886070251464844,0.0
7502,pop19,1,0.00034499168395996094,0.0
7502,pop20,1,0.0002815723419189453,0.0
7503,pop57,2,0.03573000431060791,0.0353618860244751
7503,pop56,1,0.0002589225769042969,0.0
7503,pop2,4,0.0002633333206176758,8.710439330163748e-06
7503,pop49,1,0.0002498626708984375,0.0
7503,pop48,1,0.00027441978454589844,0.0
7503,pop52,1,0.0003058910369873047,0.0
7504,pop52,5,0.012796115875244141,0.024818240615474624
7504,pop54,1,0.05886101722717285,0.0
7504,pop53,2,0.0003604888916015625,1.7404556274414062e-05
7504,pop51,1,0.000339508056640625,0.0
7505,pop14,2,0.03612244129180908,0.035698771476745605
7505,pop50,2,0.0004507303237915039,9.119510650634766e-05
7505,pop17,4,0.0003402829170227051,3.870260441549365e-05
7505,pop44,1,0.0003745555877685547,0.0
7506,pop28,2,0.028696417808532715,0.028328299522399902
7506,pop51,1,0.0003254413604736328,0.0
7506,pop50,2,0.0004183053970336914,4.172325134277344e-06
7506,pop17,3,0.02393762270609538,0.03332172097542725
7506,pop55,2,0.00033724308013916016,7.402896881103516e-05
7506,pop52,1,0.00029778480529785156,0.0
7506,pop34,1,0.0003674030303955078,0.0
7506,pop35,1,0.0002205371856689453,0.0
7507,pop41,4,0.015476763248443604,0.026231891481546584
7507,pop53,3,0.04339440663655599,0.03033839498239867
7507,pop54,3,0.03989783922831217,0.02799208317491934
7507,pop52,3,0.000333865483601888,4.887690710885612e-05
7507,pop13,1,0.06346440315246582,0.0
7507,pop12,1,0.06548357009887695,0.0
7507,pop40,1,0.06085944175720215,0.0
7508,pop21,2,0.03645503520965576,0.03607308864593506
7508,pop23,1,0.0003600120544433594,0.0
7508,pop24,3,0.024657487869262695,0.03445622886234888
7508,pop14,2,0.00030517578125,2.47955322265625e-05
7508,pop50,2,0.00039184093475341797,1.4424324035644531e-05
7508,pop17,3,0.00036787986755371094,4.3033507819604685e-05
7509,pop45,2,0.034575581550598145,0.034197449684143066
7509,pop44,4,0.0002689361572265625,1.669525993759822e-05
7510,pop33,3,0.02276158332824707,0.031698346611795075
7510,pop32,4,0.0003153085708618164,4.144662023408342e-05
7510,pop50,1,0.0003619194030761719,0.0
7510,pop51,1,0.00033926963806152344,0.0
7511,pop14,5,0.014357805252075195,0.027948182412177325
7511,pop50,1,0.00040340423583984375,0.0
7511,pop53,1,0.00036787986755371094,0.0
7511,pop1,1,0.0003159046173095703,0.0
7511,pop6,1,0.0002372264862060547,0.0
7512,pop10,2,0.030862927436828613,0.0304795503616333
7512,pop51,2,0.00036203861236572266,2.7418136596679688e-06
7512,pop4,3,0.021026770273844402,0.029330891129233202
7512,pop53,2,0.00046062469482421875,9.918212890625e-05
7512,pop50,1,0.00035881996154785156,0.0
7512,pop55,1,0.0002448558807373047,0.0
7513,pop44,4,0.0164220929145813,0.027826009412437416
7513,pop50,1,0.00038313865661621094,0.0
7513,pop51,1,0.0003180503845214844,0.0
7514,pop37,4,0.013300597667694092,0.02242895304742875
7514,pop33,1,0.00029468536376953125,0.0
7514,pop50,1,0.0003857612609863281,0.0
7514,pop44,1,0.0002911090850830078,0.0
7515,pop4,4,0.0157778263092041,0.026636558966578593
7515,pop51,1,0.00036072731018066406,0.0
7515,pop50,1,0.0005049705505371094,0.0
7515,pop35,1,0.0002117156982421875,0.0
7516,pop42,2,0.030604243278503418,0.03023827075958252
7516,pop43,1,0.0002853870391845703,0.0
7516,pop51,1,0.0003333091735839844,0.0
7516,pop53,5,0.02495112419128418,0.0300926536115944
7516,pop41,4,0.00026541948318481445,4.527991899325538e-06
7516,pop40,2,0.060010671615600586,0.0009350776672363281
7516,pop1,2,0.0003185272216796875,1.0013580322265625e-05
7516,pop6,2,0.03519141674041748,0.034931302070617676
7517,pop16,2,0.03217482566833496,0.031785011291503906
7517,pop23,2,0.034702420234680176,0.03439962863922119
7517,pop24,3,0.0003303686777750651,7.322836467875029e-05
7517,pop14,1,0.0003247261047363281,0.0
7517,pop50,1,0.0004906654357910156,0.0
7517,pop51,1,0.0004699230194091797,0.0
7517,pop10,1,0.0002799034118652344,0.0
7518,pop39,2,0.031506896018981934,0.03111088275909424
7518,pop38,2,0.03508579730987549,0.03482353687286377
7518,pop18,1,0.0002422332763671875,0.0
7518,pop19,2,0.0003218650817871094,8.344650268554688e-06
7518,pop20,3,0.0002796649932861328,3.3304154161675685e-05
7518,pop51,1,0.00033664703369140625,0.0
7518,pop10,1,0.00027489662170410156,0.0
7519,pop47,4,0.013625085353851318,0.023117354446091393
7520,pop48,5,0.02674393653869629,0.03236190414695619
7520,pop49,2,0.03462505340576172,0.03428244590759277
7520,pop2,2,0.0003173351287841797,7.414817810058594e-05
7520,pop52,1,0.0003142356872558594,0.0
7520,pop53,1,0.00035119056701660156,0.0
7520,pop47,1,0.00023412704467773438,0.0
7521,pop24,2,0.03648579120635986,0.03610241413116455
7521,pop23,4,0.00030297040939331055,2.9086272725229718e-05
7521,pop16,1,0.00027251243591308594,0.0
7521,pop50,1,0.00037479400634765625,0.0
7521,pop44,1,0.0002753734588623047,0.0
7522,pop55,4,0.013856828212738037,0.023388261407800783
7522,pop50,1,0.00040793418884277344,0.0
7522,pop51,1,0.0003914833068847656,0.0
7522,pop19,1,0.0003323554992675781,0.0
7522,pop18,1,0.0002865791320800781,0.0
7523,pop52,3,0.04080923398335775,0.028547022798913788
7523,pop37,3,0.0002865791320800781,3.816534633017128e-05
7523,pop33,1,0.00028228759765625,0.0
7523,pop50,1,0.0003845691680908203,0.0
7523,pop44,1,0.0002589225769042969,0.0
7524,pop41,4,0.015497565269470215,0.026294071371734583
7524,pop53,3,0.02072278658548991,0.02856799183960378
7524,pop1,2,0.0003968477249145508,7.37905502319336e-05
7524,pop6,1,0.06830668449401855,0.0
7524,pop40,1,0.05906510353088379,0.0
7524,pop52,1,0.0003962516784667969,0.0
7524,pop55,1,0.0003674030303955078,0.0
7524,pop50,1,0.0006551742553710938,0.0
7524,pop14,1,0.00028014183044433594,0.0
7525,pop21,4,0.01857811212539673,0.03157863991763168
7525,pop23,1,0.0003960132598876953,0.0
7525,pop16,1,0.00028586387634277344,0.0
7525,pop50,1,0.0003948211669921875,0.0
7525,pop55,1,0.0002903938293457031,0.0
7526,pop45,2,0.03339064121246338,0.03300964832305908
7526,pop44,3,0.021445751190185547,0.02987809908463603
7526,pop50,2,0.00038635730743408203,5.841255187988281e-06
7526,pop17,2,0.0003173351287841797,1.3113021850585938e-05
7527,pop18,3,0.02274497350056966,0.031694597720383307
7527,pop38,3,0.023815711339314777,0.03330067458181164
7527,pop19,1,0.0002942085266113281,0.0
7527,pop51,1,0.0006358623504638672,0.0
7527,pop53,1,0.0003848075866699219,0.0
7527,pop50,1,0.0006148815155029297,0.0
7527,pop14,1,0.0004296302795410156,0.0
7527,pop27,1,0.0003707408905029297,0.0
7527,pop25,1,0.00026035308837890625,0.0
7528,pop30,2,0.028536438941955566,0.02815878391265869
7528,pop48,1,0.0002720355987548828,0.0
7528,pop52,4,0.00030177831649780273,3.257599692807128e-06
7529,pop50,3,0.021404425303141277,0.029623971371537803
7529,pop44,3,0.0003352959950764974,2.7211999220276285e-05
7529,pop53,1,0.0003447532653808594,0.0
7529,pop1,1,0.00032329559326171875,0.0
7529,pop15,1,0.00022602081298828125,0.0
7530,pop40,4,0.015017807483673096,0.025395114327563174
7530,pop41,1,0.00026988983154296875,0.0
7530,pop53,1,0.0003554821014404297,0.0
7530,pop52,1,0.0003039836883544922,0.0
7530,pop34,1,0.0002486705780029297,0.0
7530,pop35,1,0.0002205371856689453,0.0
7531,pop10,2,0.030425429344177246,0.030046820640563965
7531,pop51,1,0.0003833770751953125,0.0
7531,pop53,4,0.00042551755905151367,4.604392259542764e-05
7531,pop7,1,0.00023865699768066406,0.0
7532,pop39,2,0.0309603214263916,0.030590534210205078
7532,pop44,2,0.03280055522918701,0.03253662586212158
7532,pop50,2,0.0004477500915527344,3.3855438232421875e-05
7532,pop17,2,0.00036334991455078125,3.814697265625e-06
7532,pop14,1,0.000316619873046875,0.0
7532,pop24,1,0.0002808570861816406,0.0
7533,pop24,6,0.012546141942342123,0.02728991517515077
7533,pop23,1,0.07125735282897949,0.0
7533,pop14,1,0.0003237724304199219,0.0
7533,pop50,1,0.00038886070251464844,0.0
7533,pop51,1,0.0003714561462402344,0.0
7533,pop19,1,0.0003235340118408203,0.0
7533,pop20,1,0.0002808570861816406,0.0
7534,pop55,5,0.011005258560180664,0.021371634973433522
7534,pop50,1,0.0003516674041748047,0.0
7534,pop51,1,0.0003426074981689453,0.0
7534,pop10,1,0.00025272369384765625,0.0
7535,pop6,2,0.03456926345825195,0.03418588638305664
7535,pop1,1,0.0003662109375,0.0
7535,pop53,1,0.0003769397735595703,0.0
7535,pop52,1,0.06169247627258301,0.0
7535,pop13,1,0.06230521202087402,0.0
7536,pop46,2,0.03208589553833008,0.03169131278991699
7536,pop20,4,0.0003085136413574219,4.937625173036179e-05
7536,pop19,1,0.0004200935363769531,0.0
7536,pop51,1,0.0003571510314941406,0.0
7536,pop53,1,0.00036025047302246094,0.0
7536,pop1,1,0.00027251243591308594,0.0
7536,pop6,1,0.00024271011352539062,0.0
7537,pop47,5,0.010814666748046875,0.021064093269431445
7537,pop53,1,0.0003421306610107422,0.0
7537,pop52,1,0.00028514862060546875,0.0
7538,pop52,5,0.01274571418762207,0.024767677762611753
7538,pop53,1,0.0003612041473388672,0.0
7538,pop1,1,0.00033283233642578125,0.0
7538,pop6,1,0.0002372264862060547,0.0
7539,pop41,2,0.031581759452819824,0.03120410442352295
7539,pop53,2,0.0004222393035888672,5.6743621826171875e-05
7539,pop47,2,0.027808308601379395,0.027568936347961426
7539,pop50,3,0.000433047612508138,5.650615333656165e-05
7539,pop17,1,0.07266044616699219,0.0
7539,pop44,2,0.03433990478515625,0.03404664993286133
7540,pop40,2,0.0297318696975708,0.029344916343688965
7540,pop41,1,0.0003044605255126953,0.0
7540,pop53,2,0.0003637075424194336,2.7418136596679688e-06
7540,pop52,3,0.0003457069396972656,4.5936687849294154e-05
7540,pop50,1,0.0003514289855957031,0.0
7540,pop16,1,0.0003571510314941406,0.0
7541,pop10,2,0.030930042266845703,0.030544519424438477
7541,pop51,2,0.00034987926483154297,2.9802322387695312e-06
7541,pop9,3,0.0002770423889160156,4.74259242724591e-05
7541,pop53,1,0.0003657341003417969,0.0
7541,pop7,1,0.00021505355834960938,0.0
7542,pop8,2,0.029757976531982422,0.029386281967163086
7542,pop51,2,0.00034749507904052734,1.1801719665527344e-05
7542,pop4,2,0.03125488758087158,0.03097379207611084
7542,pop53,1,0.061395883560180664,0.0
7542,pop54,2,0.00030410289764404297,5.733966827392578e-05
7542,pop52,1,0.00029921531677246094,0.0
7542,pop55,1,0.0003304481506347656,0.0
7543,pop56,4,0.017529547214508057,0.02978630472768849
7543,pop48,1,0.0003788471221923828,0.0
7543,pop52,1,0.0002865791320800781,0.0
7543,pop53,1,0.0003693103790283203,0.0
7543,pop50,1,0.00039076805114746094,0.0
7543,pop16,1,0.00026535987854003906,0.0
7544,pop22,5,0.012036418914794922,0.02339274060990243
7544,pop21,1,0.00025653839111328125,0.0
7544,pop23,1,0.00029969215393066406,0.0
7544,pop16,1,0.0002689361572265625,0.0
7545,pop28,2,0.028801798820495605,0.02843916416168213
7545,pop51,3,0.00041445096333821613,5.727385749081157e-05
7545,pop4,1,0.06280255317687988,0.0
7545,pop10,4,0.00031375885009765625,5.4489730400012214e-05
7545,pop53,1,0.0003688335418701172,0.0
7545,pop1,1,0.0003249645233154297,0.0
7545,pop15,1,0.00021767616271972656,0.0
7546,pop18,2,0.034132957458496094,0.03373861312866211
7546,pop19,1,0.0003101825714111328,0.0
7546,pop51,2,0.0003287792205810547,8.58306884765625e-06
7546,pop22,4,0.0002880692481994629,2.113428072681527e-05
7547,pop39,2,0.030960679054260254,0.030590176582336426
7547,pop38,1,0.0002543926239013672,0.0
7547,pop18,1,0.0003521442413330078,0.0
7547,pop19,1,0.0004277229309082031,0.0
7547,pop51,3,0.00036454200744628906,1.593782579534185e-05
7547,pop4,3,0.02137867609659831,0.029855370355239826
7547,pop10,2,0.00032770633697509766,5.638599395751953e-05
7548,pop24,5,0.01505451202392578,0.029385843086029366
7548,pop23,1,0.00031566619873046875,0.0
7548,pop16,1,0.000247955322265625,0.0
7549,pop6,3,0.046635707219441734,0.03271242593933594
7549,pop1,1,0.0003495216369628906,0.0
7549,pop53,1,0.00035762786865234375,0.0
7549,pop52,3,0.02133909861246745,0.029755225819168552
7549,pop13,1,0.06316876411437988,0.0
7549,pop37,2,0.00032067298889160156,4.673004150390625e-05
7550,pop41,2,0.03127157688140869,0.030878186225891113
7550,pop53,2,0.0004609823226928711,0.00010859966278076172
7550,pop52,5,0.00034322738647460935,9.090092213138148e-05
7550,pop55,1,0.00025391578674316406,0.0
7550,pop50,1,0.00040340423583984375,0.0
7550,pop14,1,0.00042748451232910156,0.0
7550,pop24,1,0.00028586387634277344,0.0
7551,pop10,2,0.03078484535217285,0.03039717674255371
7551,pop51,1,0.0003509521484375,0.0
7551,pop50,1,0.0004153251647949219,0.0
7551,pop55,2,0.027843594551086426,0.02754223346710205
7551,pop52,2,0.000308990478515625,7.152557373046875e-07
7551,pop12,2,0.00028836727142333984,2.4199485778808594e-05
7551,pop34,1,0.00023627281188964844,0.0
7551,pop35,1,0.00021600723266601562,0.0
7552,pop36,2,0.029532313346862793,0.029164910316467285
7552,pop10,3,0.02101612091064453,0.029283477003878643
7552,pop51,1,0.00035119056701660156,0.0
7552,pop19,1,0.0002956390380859375,0.0
7552,pop20,2,0.00026738643646240234,4.649162292480469e-06
7553,pop47,4,0.013166069984436035,0.02228828344241552
7553,pop53,1,0.0003592967987060547,0.0
7553,pop7,1,0.000225067138671875,0.0
7554,pop56,3,0.04657681783040365,0.03266581013545991
7554,pop2,2,0.03598511219024658,0.03571784496307373
7554,pop49,3,0.023770252863566082,0.03316223848541525
7554,pop48,1,0.00027179718017578125,0.0
7554,pop52,1,0.00039315223693847656,0.0
7554,pop53,1,0.0003523826599121094,0.0
7554,pop1,1,0.0003101825714111328,0.0
7554,pop6,1,0.0002484321594238281,0.0
7555,pop28,2,0.02880120277404785,0.02843928337097168
7555,pop36,1,0.00023508071899414062,0.0
7555,pop10,2,0.031019091606140137,0.03076612949371338
7555,pop51,2,0.0004445314407348633,8.547306060791016e-05
7555,pop53,1,0.0003809928894042969,0.0
7555,pop50,2,0.0004017353057861328,2.5272369384765625e-05
7555,pop17,2,0.0004101991653442383,4.2557716369628906e-05
7555,pop19,1,0.00029850006103515625,0.0
7555,pop20,1,0.0002696514129638672,0.0
7556,pop10,5,0.012438440322875976,0.024255126703632352
7556,pop51,1,0.00033545494079589844,0.0
7556,pop50,1,0.0003764629364013672,0.0
7556,pop44,1,0.0002562999725341797,0.0
7557,pop38,3,0.0469051202138265,0.03290114637980146
7557,pop18,1,0.00025725364685058594,0.0
7557,pop19,1,0.0003147125244140625,0.0
7557,pop51,2,0.00032913684844970703,1.2516975402832031e-05
7557,pop43,2,0.00026667118072509766,5.960464477539062e-07
7557,pop40,2,0.00033342838287353516,5.328655242919922e-05
7557,pop10,1,0.0002810955047607422,0.0
7558,pop32,4,0.01829707622528076,0.03108845197495923
7558,pop33,1,0.0002613067626953125,0.0
7558,pop50,1,0.0003724098205566406,0.0
7558,pop53,1,0.0003845691680908203,0.0
7558,pop52,1,0.0002779960632324219,0.0
7559,pop44,2,0.032717108726501465,0.03230893611907959
7559,pop50,2,0.00039327144622802734,3.2067298889160156e-05
7559,pop33,2,0.00030040740966796875,1.1920928955078125e-05
7559,pop32,4,0.0003350973129272461,7.515339747665079e-05
7559,pop51,1,0.0003228187561035156,0.0
7560,pop37,4,0.013338446617126465,0.022513792185000492
7560,pop33,1,0.0003590583801269531,0.0
7560,pop50,1,0.0003879070281982422,0.0
7560,pop14,1,0.0003304481506347656,0.0
7560,pop24,1,0.0002598762512207031,0.0
7561,pop4,2,0.031397461891174316,0.031003117561340332
7561,pop51,2,0.00035703182220458984,1.728534698486328e-05
7561,pop22,3,0.0003075599670410156,6.110806630402221e-05
7561,pop53,1,0.00034618377685546875,0.0
7561,pop1,1,0.000324249267578125,0.0
7561,pop15,1,0.00021529197692871094,0.0
7562,pop42,2,0.030482053756713867,0.030114173889160156
7562,pop43,1,0.00028324127197265625,0.0
7562,pop51,2,0.00045752525329589844,0.00010132789611816406
7562,pop22,3,0.0002976258595784505,4.112073521858561e-05
7562,pop53,1,0.00040340423583984375,0.0
7563,pop21,5,0.015213584899902344,0.029741980872496174
7563,pop23,1,0.00030112266540527344,0.0
7563,pop16,1,0.0002770423889160156,0.0
7563,pop50,1,0.0004050731658935547,0.0
7563,pop51,1,0.0003638267517089844,0.0
7563,pop10,1,0.0002827644348144531,0.0
7564,pop22,4,0.014502644538879395,0.02452470375658206
7564,pop51,1,0.0005171298980712891,0.0
7564,pop50,1,0.00038743019104003906,0.0
7564,pop53,1,0.00037932395935058594,0.0
7564,pop7,1,0.00022101402282714844,0.0
7565,pop18,2,0.034310340881347656,0.03393888473510742
7565,pop19,1,0.0003249645233154297,0.0
7565,pop51,3,0.00034364064534505207,7.520165279505165e-06
7565,pop10,2,0.03140830993652344,0.03101801872253418
7565,pop9,3,0.00026679039001464844,2.2515097366005013e-05
7566,pop24,5,0.015151023864746094,0.02957059740116183
7566,pop14,1,0.0003097057342529297,0.0
7566,pop50,2,0.00042247772216796875,6.842613220214844e-05
7566,pop53,1,0.0005495548248291016,0.0
7566,pop51,1,0.0003631114959716797,0.0
7566,pop10,1,0.00026798248291015625,0.0
7567,pop28,2,0.029978632926940918,0.029603123664855957
7567,pop51,1,0.0003247261047363281,0.0
7567,pop22,1,0.058382272720336914,0.0
7567,pop21,1,0.00026535987854003906,0.0
7567,pop23,1,0.00026726722717285156,0.0
7567,pop24,2,0.0002925395965576172,4.5299530029296875e-06
7568,pop10,5,0.012454557418823241,0.0242132775685932
7568,pop51,1,0.0003571510314941406,0.0
7568,pop19,1,0.0003235340118408203,0.0
7568,pop18,1,0.00038242340087890625,0.0
7569,pop31,2,0.030274510383605957,0.029902338981628418
7569,pop17,4,0.0003382563591003418,5.0118504508627166e-05
7569,pop50,1,0.0003750324249267578,0.0
7569,pop53,1,0.00055694580078125,0.0
7569,pop54,1,0.00026345252990722656,0.0
7569,pop52,1,0.00029969215393066406,0.0
7570,pop56,2,0.03498399257659912,0.03460514545440674
7570,pop48,3,0.0452118714650472,0.03178711491547073
7570,pop49,5,0.014200305938720703,0.027807582989870044
7570,pop2,2,0.03663182258605957,0.03637242317199707
7570,pop52,1,0.0002923011779785156,0.0
7570,pop34,1,0.0002837181091308594,0.0
7571,pop42,2,0.0328139066696167,0.032430052757263184
7571,pop43,1,0.0002624988555908203,0.0
7571,pop51,4,0.0003972053527832031,6.525943767900569e-05
7571,pop10,5,0.012680339813232421,0.02470112226832358
7571,pop4,1,0.06597375869750977,0.0
7571,pop50,1,0.0005161762237548828,0.0
7571,pop16,1,0.00024437904357910156,0.0
7571,pop23,1,0.0002999305725097656,0.0
7571,pop24,1,0.000278472900390625,0.0
7572,pop22,4,0.015363335609436035,0.02604671684459547
7572,pop51,1,0.00035572052001953125,0.0
7572,pop53,1,0.00048351287841796875,0.0
7572,pop1,1,0.0003199577331542969,0.0
7572,pop15,1,0.00021195411682128906,0.0
7573,pop18,2,0.03400743007659912,0.03363001346588135
7573,pop19,1,0.0002849102020263672,0.0
7573,pop20,4,0.0002986788749694824,3.323925042519959e-05
7573,pop46,1,0.0002834796905517578,0.0
7573,pop45,1,0.00025963783264160156,0.0
7573,pop44,1,0.00028586387634277344,0.0
7574,pop28,2,0.028456807136535645,0.02811872959136963
7574,pop36,1,0.0002446174621582031,0.0
7574,pop10,2,0.03114485740661621,0.030857563018798828
7574,pop51,2,0.0003521442413330078,2.384185791015625e-07
7574,pop4,1,0.06399965286254883,0.0
7574,pop19,1,0.00032806396484375,0.0
7574,pop20,2,0.0002849102020263672,1.430511474609375e-05
7574,pop46,1,0.00026035308837890625,0.0
7574,pop45,1,0.00026035308837890625,0.0
7574,pop44,1,0.0002739429473876953,0.0
7575,pop9,5,0.012035369873046875,0.023422940959499913
7575,pop51,1,0.00032591819763183594,0.0
7575,pop53,1,0.00036525726318359375,0.0
7575,pop7,1,0.0002129077911376953,0.0
7576,pop23,2,0.03434586524963379,0.033948421478271484
7576,pop24,2,0.0374608039855957,0.03715968132019043
7576,pop14,1,0.00027751922607421875,0.0
7576,pop50,2,0.000519871711730957,1.5139579772949219e-05
7576,pop32,3,0.00027751922607421875,2.383947360514402e-05
7576,pop33,1,0.0003101825714111328,0.0
7576,pop44,1,0.00026297569274902344,0.0
7577,pop53,3,0.02019921938578288,0.027918200115743867
7577,pop54,3,0.0003229777018229167,7.288653494406e-05
7577,pop51,1,0.0003871917724609375,0.0
7577,pop19,1,0.00036144256591796875,0.0
7577,pop20,1,0.00024890899658203125,0.0
7578,pop27,5,0.015182781219482421,0.029720211664807043
7578,pop25,1,0.0002663135528564453,0.0
7578,pop17,1,0.00032830238342285156,0.0
7578,pop50,1,0.0003769397735595703,0.0
7578,pop16,1,0.000263214111328125,0.0
7579,pop46,2,0.03203392028808594,0.03165936470031738
7579,pop20,3,0.00033481915791829425,7.313930067206433e-05
7579,pop19,1,0.00031185150146484375,0.0
7579,pop51,1,0.00032806396484375,0.0
7579,pop50,1,0.0003657341003417969,0.0
7579,pop35,1,0.00031280517578125,0.0
7580,pop52,3,0.020515839258829754,0.02841495629980324
7580,pop48,2,0.03333091735839844,0.03295159339904785
7580,pop49,3,0.023515780766805012,0.032920004480974895
7580,pop2,3,0.024356524149576824,0.034096689129568133
7580,pop56,1,0.07166600227355957,0.0
7580,pop55,2,0.0003134012222290039,5.233287811279297e-05
7581,pop40,2,0.02878594398498535,0.028430461883544922
7581,pop43,2,0.0002608299255371094,5.7220458984375e-06
7581,pop51,2,0.0005393028259277344,2.47955322265625e-05
7581,pop11,1,0.00022530555725097656,0.0
7581,pop10,1,0.06253385543823242,0.0
7581,pop50,1,0.0004000663757324219,0.0
7581,pop16,1,0.00029540061950683594,0.0
7581,pop23,1,0.00038242340087890625,0.0
7581,pop21,1,0.0002951622009277344,0.0
7581,pop22,1,0.0002868175506591797,0.0
7582,pop32,4,0.01816612482070923,0.030884753025391263
7582,pop33,1,0.00026488304138183594,0.0
7582,pop50,1,0.0003685951232910156,0.0
7582,pop53,1,0.0003590583801269531,0.0
7582,pop1,1,0.0003039836883544922,0.0
7582,pop15,1,0.0002262592315673828,0.0
7583,pop37,4,0.013119280338287354,0.022140210821981244
7583,pop52,1,0.0003032684326171875,0.0
7583,pop53,1,0.00035953521728515625,0.0
7583,pop51,1,0.00033354759216308594,0.0
7583,pop19,1,0.0003190040588378906,0.0
7583,pop18,1,0.000274658203125,0.0
7584,pop4,2,0.030733108520507812,0.030373573303222656
7584,pop51,3,0.00034125645955403644,1.1321466053285373e-05
7584,pop10,2,0.030711054801940918,0.030463576316833496
7584,pop43,1,0.00035881996154785156,0.0
7584,pop40,1,0.058812856674194336,0.0
7584,pop41,1,0.0002982616424560547,0.0
7584,pop53,1,0.0004918575286865234,0.0
7584,pop50,2,0.00040900707244873047,5.6624412536621094e-05
7584,pop17,3,0.0003596941630045573,3.482126723404056e-05
7585,pop24,5,0.02948484420776367,0.03569883112993776
7585,pop23,2,0.03507590293884277,0.03476834297180176
7585,pop21,2,0.038323402404785156,0.03805232048034668
7585,pop14,1,0.0002791881561279297,0.0
7585,pop50,1,0.00036263465881347656,0.0
7585,pop44,1,0.00031375885009765625,0.0
7586,pop10,2,0.030245304107666016,0.029871463775634766
7586,pop51,2,0.00035703182220458984,2.7418136596679688e-06
7586,pop9,4,0.0002537965774536133,8.19428389362545e-06
7587,pop56,3,0.0466001033782959,0.032708680204801575
7587,pop48,3,0.045090039571126304,0.031694191560614204
7587,pop52,3,0.00036374727884928387,9.498067421517447e-05
7587,pop53,1,0.00036263465881347656,0.0
7587,pop1,1,0.00029015541076660156,0.0
7587,pop15,1,0.0003032684326171875,0.0
7588,pop22,5,0.011474609375,0.0222989815241322
7588,pop51,1,0.0005059242248535156,0.0
7588,pop50,1,0.00038433074951171875,0.0
7588,pop35,1,0.0002219676971435547,0.0
7589,pop57,2,0.03585195541381836,0.03550267219543457
7589,pop56,1,0.0002651214599609375,0.0
7589,pop2,2,0.036272525787353516,0.03600668907165527
7589,pop49,1,0.0002663135528564453,0.0
7589,pop48,1,0.00028228759765625,0.0
7589,pop52,2,0.00029337406158447266,5.125999450683594e-06
7589,pop12,3,0.0002884864807128906,5.2506606349694347e-05
7590,pop8,2,0.02936995029449463,0.029017329216003418
7590,pop51,3,0.00037058194478352863,2.9778683082021324e-05
7590,pop10,3,0.02080527941385905,0.02904833906890114
7590,pop4,2,0.0003941059112548828,8.749961853027344e-05
7590,pop53,1,0.00037407875061035156,0.0
7590,pop1,1,0.00030994415283203125,0.0
7590,pop15,1,0.00023674964904785156,0.0
7591,pop39,2,0.030438542366027832,0.030085206031799316
7591,pop44,1,0.0002887248992919922,0.0
7591,pop50,2,0.0004094839096069336,1.4424324035644531e-05
7591,pop17,4,0.00035637617111206055,8.656866242418351e-05
7591,pop53,1,0.00039076805114746094,0.0
7591,pop1,1,0.0003273487091064453,0.0
7591,pop6,1,0.00025391578674316406,0.0
7592,pop42,2,0.029901862144470215,0.029587626457214355
7592,pop43,1,0.00025773048400878906,0.0
7592,pop51,2,0.000354766845703125,7.62939453125e-06
7592,pop10,1,0.06157827377319336,0.0
7592,pop9,4,0.00031059980392456055,4.498674137834818e-05
7593,pop28,2,0.02979743480682373,0.02942216396331787
7593,pop36,1,0.0002460479736328125,0.0
7593,pop10,1,0.06266307830810547,0.0
7593,pop51,1,0.0003695487976074219,0.0
7593,pop22,3,0.0002899964650472005,2.8879391846031546e-05
7594,pop23,2,0.03457927703857422,0.03418397903442383
7594,pop24,3,0.00030692418416341144,4.2834175727419395e-05
7595,pop37,5,0.010581350326538086,0.020616277091871003
7595,pop52,1,0.000293731689453125,0.0
7596,pop4,5,0.012480878829956054,0.024244917010818864
7596,pop51,1,0.0004756450653076172,0.0
7596,pop10,1,0.00028061866760253906,0.0
7597,pop10,3,0.04145185152689616,0.02903872844688072
7597,pop51,1,0.00037407875061035156,0.0
7597,pop43,1,0.0002574920654296875,0.0
7597,pop40,1,0.05911898612976074,0.0
7597,pop41,1,0.0002655982971191406,0.0
7597,pop53,1,0.062078237533569336,0.0
7597,pop52,1,0.0634305477142334,0.0
7597,pop55,1,0.05671572685241699,0.0
7597,pop50,2,0.0003885030746459961,1.3709068298339844e-05
7597,pop44,1,0.06783580780029297,0.0
7597,pop17,2,0.00031828880310058594,8.106231689453125e-06
7598,pop56,2,0.034868597984313965,0.03449404239654541
7598,pop48,4,0.0003120899200439453,4.2570904149668716e-05
7598,pop52,1,0.00030803680419921875,0.0
7598,pop34,1,0.0003497600555419922,0.0
7598,pop35,1,0.00031948089599609375,0.0
7599,pop33,3,0.022658824920654297,0.03155317160929962
7599,pop32,4,0.0003482699394226074,7.590634545747976e-05
7599,pop50,1,0.0003795623779296875,0.0
7599,pop51,1,0.00031948089599609375,0.0
7599,pop19,1,0.0002818107604980469,0.0
7599,pop20,1,0.00023245811462402344,0.0
7600,pop14,5,0.014146661758422852,0.02762256738510208
7600,pop50,1,0.00038504600524902344,0.0
7600,pop53,1,0.0003490447998046875,0.0
7600,pop7,1,0.0002524852752685547,0.0
7601,pop36,2,0.028903722763061523,0.028553009033203125
7601,pop51,1,0.0005006790161132812,0.0
7601,pop50,3,0.00044918060302734375,2.7592766302450767e-05
7601,pop55,1,0.05601072311401367,0.0
7601,pop44,1,0.06719017028808594,0.0
7601,pop14,1,0.0003399848937988281,0.0
7601,pop24,3,0.0003237724304199219,6.410253472541209e-05
7602,pop47,4,0.026345908641815186,0.02607167041446701
7602,pop53,1,0.0003669261932373047,0.0
7602,pop1,1,0.00035309791564941406,0.0
7602,pop6,2,0.00024819374084472656,1.430511474609375e-06
7603,pop27,4,0.018171846866607666,0.030926587602888734
7603,pop44,1,0.0002722740173339844,0.0
7604,pop46,2,0.031398892402648926,0.031029105186462402
7604,pop45,1,0.0002543926239013672,0.0
7604,pop44,1,0.0002944469451904297,0.0
7604,pop50,1,0.0005230903625488281,0.0
7604,pop55,4,0.014094710350036621,0.023916281792093354
7604,pop52,2,0.0002980232238769531,1.52587890625e-05
7604,pop13,2,0.00031769275665283203,2.9921531677246094e-05
7605,pop40,2,0.02870190143585205,0.028348088264465332
7605,pop43,1,0.0002741813659667969,0.0
7605,pop51,2,0.00033462047576904297,9.179115295410156e-06
7605,pop4,2,0.03159379959106445,0.03127145767211914
7605,pop53,3,0.00039076805114746094,2.222371523115057e-05
7605,pop1,1,0.00026988983154296875,0.0
7605,pop6,1,0.0002269744873046875,0.0
7606,pop24,3,0.04994805653889974,0.035081322372054254
7606,pop14,2,0.00033092498779296875,5.626678466796875e-05
7606,pop50,1,0.00037932395935058594,0.0
7606,pop44,1,0.0002658367156982422,0.0
7607,pop8,2,0.029424071311950684,0.029065251350402832
7607,pop51,1,0.00037097930908203125,0.0
7607,pop50,1,0.0003910064697265625,0.0
7607,pop55,2,0.027430057525634766,0.027184009552001953
7607,pop52,2,0.0003064870834350586,2.2649765014648438e-06
7607,pop12,4,0.0002678036689758301,1.5621762234475507e-05
7608,pop39,2,0.030161738395690918,0.029816746711730957
7608,pop44,1,0.00030159950256347656,0.0
7608,pop50,2,0.0003676414489746094,5.4836273193359375e-06
7608,pop55,2,0.028001904487609863,0.027743935585021973
7608,pop17,3,0.0003719329833984375,5.90376910666557e-05
7609,pop16,2,0.031937479972839355,0.031569600105285645
7609,pop23,1,0.0693206787109375,0.0
7609,pop24,5,0.0003032684326171875,4.4209002499574566e-05
7609,pop14,2,0.03601789474487305,0.03569436073303223
7609,pop50,1,0.0003879070281982422,0.0
7609,pop53,1,0.0003960132598876953,0.0
7609,pop52,1,0.00029349327087402344,0.0
7610,pop48,3,0.022870222727457683,0.03187626413439498
7610,pop49,2,0.03460049629211426,0.03435254096984863
7610,pop2,1,0.0002620220184326172,0.0
7610,pop56,3,0.0002938111623128255,5.205114366877316e-05
7610,pop52,1,0.0002923011779785156,0.0
7610,pop53,1,0.00046825408935546875,0.0
7610,pop1,1,0.0003249645233154297,0.0
7610,pop6,1,0.000255584716796875,0.0
7611,pop45,2,0.03329288959503174,0.032916903495788574
7611,pop44,2,0.0327916145324707,0.03242897987365723
7611,pop50,2,0.00038635730743408203,1.728534698486328e-05
7611,pop17,2,0.0003750324249267578,7.390975952148438e-05
7611,pop51,1,0.0003216266632080078,0.0
7611,pop19,1,0.00027561187744140625,0.0
7611,pop20,1,0.00025153160095214844,0.0
7612,pop44,3,0.04333766301472982,0.030381171495798907
7612,pop50,2,0.00040209293365478516,1.2278556823730469e-05
7612,pop33,2,0.0002771615982055664,1.1920928955078125e-07
7612,pop32,2,0.0003108978271484375,4.458427429199219e-05
7612,pop16,1,0.0002684593200683594,0.0
7613,pop21,4,0.03672313690185547,0.03640853996517928
7613,pop23,2,0.034847259521484375,0.03456258773803711
7613,pop24,2,0.0003129243850708008,3.0159950256347656e-05
7613,pop14,1,0.00029468536376953125,0.0
7613,pop50,1,0.0004820823669433594,0.0
7613,pop51,1,0.00034880638122558594,0.0
7613,pop10,1,0.00025582313537597656,0.0
7614,pop23,4,0.03556269407272339,0.0352588816153977
7614,pop21,1,0.07817220687866211,0.0
7614,pop24,3,0.0003593762715657552,5.687148028175687e-05
7614,pop14,1,0.0004189014434814453,0.0
7614,pop50,1,0.0003781318664550781,0.0
7614,pop51,1,0.00036978721618652344,0.0
7614,pop19,1,0.00032019615173339844,0.0
7614,pop20,1,0.00026297569274902344,0.0
7615,pop37,5,0.010706472396850585,0.020759834931071745
7615,pop33,1,0.0002551078796386719,0.0
7615,pop50,1,0.0004162788391113281,0.0
7615,pop14,1,0.00037026405334472656,0.0
7615,pop24,1,0.0002720355987548828,0.0
7616,pop14,5,0.028535223007202147,0.03454809536108591
7616,pop24,2,0.00037169456481933594,8.58306884765625e-06
7616,pop50,1,0.0003666877746582031,0.0
7616,pop55,1,0.0002491474151611328,0.0
7617,pop47,2,0.02618122100830078,0.025856733322143555
7617,pop51,2,0.0003484487533569336,1.3232231140136719e-05
7617,pop10,3,0.00031749407450358075,4.994146843088235e-05
7617,pop19,1,0.00037980079650878906,0.0
7617,pop18,1,0.0002675056457519531,0.0
7618,pop27,5,0.014664411544799805,0.028614664129447874
7618,pop25,1,0.00036072731018066406,0.0
7618,pop17,1,0.00033283233642578125,0.0
7618,pop50,1,0.0004088878631591797,0.0
7618,pop51,1,0.0003218650817871094,0.0
7618,pop19,1,0.0002980232238769531,0.0
7618,pop18,1,0.0002627372741699219,0.0
7619,pop8,2,0.02939772605895996,0.02904796600341797
7619,pop51,2,0.0003902912139892578,5.793571472167969e-05
7619,pop22,4,0.00031000375747680664,5.0312075522996245e-05
7620,pop30,2,0.027643680572509766,0.027283430099487305
7620,pop31,1,0.00026869773864746094,0.0
7620,pop17,2,0.036090850830078125,0.0357670783996582
7620,pop50,2,0.00038814544677734375,2.3126602172851562e-05
7620,pop14,2,0.00039565563201904297,1.800060272216797e-05
7620,pop24,2,0.00031578540802001953,1.3232231140136719e-05
7620,pop55,1,0.00024628639221191406,0.0
7621,pop50,3,0.021101951599121094,0.029192474547277036
7621,pop33,2,0.0002936124801635742,1.4424324035644531e-05
7621,pop32,4,0.00028526782989501953,2.044951886241457e-05
7621,pop16,1,0.00027370452880859375,0.0
7622,pop55,5,0.011057233810424805,0.021505345235957308
7622,pop50,1,0.0003769397735595703,0.0
7622,pop14,1,0.00031685829162597656,0.0
7622,pop24,1,0.00025725364685058594,0.0
7623,pop33,3,0.022755781809488933,0.03171761036337263
7623,pop32,4,0.0003377199172973633,8.498619122037828e-05
7623,pop50,1,0.0003783702850341797,0.0
7623,pop53,1,0.0003669261932373047,0.0
7623,pop52,1,0.0003113746643066406,0.0
7624,pop36,2,0.028757929801940918,0.02840602397918701
7624,pop10,3,0.06383299827575684,0.001674413969590397
7624,pop51,6,0.0003679196039835612,4.0562565328626437e-05
7624,pop4,3,0.06405417124430339,0.0006946599969281102
7625,pop45,2,0.033214449882507324,0.03284251689910889
7625,pop44,4,0.00032460689544677734,6.568691470074697e-05
7625,pop50,1,0.0004894733428955078,0.0
7625,pop35,1,0.000232696533203125,0.0
7626,pop44,4,0.016291022300720215,0.027653081639051672
7626,pop50,1,0.0004150867462158203,0.0
7626,pop51,1,0.0003540515899658203,0.0
7627,pop14,4,0.018335819244384766,0.031046683867675638
7627,pop50,1,0.00038552284240722656,0.0
7627,pop51,1,0.0003705024719238281,0.0
7627,pop10,1,0.00027251243591308594,0.0
7628,pop9,5,0.012219572067260742,0.023807648741103245
7628,pop51,1,0.00033545494079589844,0.0
7628,pop50,1,0.0003750324249267578,0.0
7629,pop22,4,0.014583408832550049,0.024673262002802943
7629,pop51,1,0.00034356117248535156,0.0
7629,pop53,1,0.00035881996154785156,0.0
7629,pop1,1,0.00040912628173828125,0.0
7629,pop15,1,0.0002315044403076172,0.0
7630,pop48,3,0.02239847183227539,0.031219212533804677
7630,pop49,1,0.07267355918884277,0.0
7630,pop2,1,0.07405900955200195,0.0
7630,pop56,1,0.07103538513183594,0.0
7630,pop52,2,0.0003057718276977539,9.655952453613281e-06
7630,pop12,3,0.0002872943878173828,3.86713661383033e-05
7630,pop53,1,0.00035953521728515625,0.0
7630,pop50,1,0.0005166530609130859,0.0
7631,pop23,3,0.04673910140991211,0.03278063980463563
7631,pop24,3,0.0003540515899658203,9.850814037715998e-05
7631,pop14,1,0.0003345012664794922,0.0
7631,pop50,1,0.00036144256591796875,0.0
7631,pop53,1,0.0005080699920654297,0.0
7631,pop54,1,0.0002579689025878906,0.0
7631,pop52,1,0.00029969215393066406,0.0
7632,pop37,5,0.010706186294555664,0.020794092876020458
7632,pop52,1,0.0002942085266113281,0.0
7632,pop53,1,0.00036525726318359375,0.0
7632,pop1,1,0.00030922889709472656,0.0
7632,pop6,1,0.0002646446228027344,0.0
7633,pop47,5,0.010648012161254883,0.020727190771038614
7634,pop55,2,0.027092695236206055,0.02671527862548828
7634,pop50,3,0.0003800392150878906,1.6930517225081103e-05
7634,pop33,1,0.0002772808074951172,0.0
7634,pop32,1,0.07432770729064941,0.0
7634,pop17,3,0.024447520573933918,0.03412473768605535
7635,pop6,5,0.013933658599853516,0.027204662230871725
7635,pop1,1,0.0003094673156738281,0.0
7635,pop53,1,0.00037670135498046875,0.0
7635,pop50,1,0.00035858154296875,0.0
7635,pop14,1,0.0003273487091064453,0.0
7635,pop24,1,0.00025200843811035156,0.0
7636,pop41,3,0.020867029825846355,0.029049556849704162
7636,pop40,1,0.058465003967285156,0.0
7636,pop53,2,0.031060338020324707,0.03070676326751709
7636,pop54,1,0.06105756759643555,0.0
7636,pop52,3,0.00036183993021647137,3.9762964925643385e-05
7636,pop34,1,0.0002570152282714844,0.0
7636,pop35,1,0.0002079010009765625,0.0
7637,pop42,2,0.03054201602935791,0.03018486499786377
7637,pop43,1,0.00026535987854003906,0.0
7637,pop40,1,0.058733224868774414,0.0
7637,pop41,1,0.0002856254577636719,0.0
7637,pop53,1,0.0006842613220214844,0.0
7637,pop50,2,0.00043904781341552734,5.1140785217285156e-05
7637,pop17,2,0.036179184913635254,0.03584897518157959
7637,pop14,1,0.0003495216369628906,0.0
7637,pop24,1,0.07781362533569336,0.0
7637,pop23,1,0.07233071327209473,0.0
7637,pop21,1,0.07614874839782715,0.0
7638,pop10,3,0.04163026809692383,0.029215318302479115
7638,pop51,5,0.00036978721618652344,2.4351864054390037e-05
7638,pop43,2,0.00025069713592529297,1.3470649719238281e-05
7638,pop40,2,0.029793262481689453,0.029550552368164062
7638,pop4,3,0.04317990938822428,0.030358911744550212
7639,pop30,2,0.027546286582946777,0.027190089225769043
7639,pop31,1,0.00026297569274902344,0.0
7639,pop17,1,0.07100677490234375,0.0
7639,pop50,1,0.0003876686096191406,0.0
7639,pop14,3,0.024710814158121746,0.034517655272525344
7639,pop24,3,0.00032480557759602863,6.173685817818382e-05
7640,pop48,3,0.022488911946614582,0.03133244548879152
7640,pop49,5,0.028275108337402342,0.034257111431708946
7640,pop2,3,0.04824582735697428,0.03394513911467112
7640,pop52,1,0.00028967857360839844,0.0
7640,pop53,1,0.00035190582275390625,0.0
7641,pop55,2,0.027362704277038574,0.02700507640838623
7641,pop50,2,0.00047838687896728516,8.07046890258789e-05
7641,pop33,2,0.0002804994583129883,3.6954879760742188e-06
7641,pop32,1,0.07385134696960449,0.0
7641,pop14,3,0.025055885314941406,0.03428669211848915
7641,pop24,2,0.00027358531951904297,1.2040138244628906e-05
7642,pop46,2,0.03133559226989746,0.030986309051513672
7642,pop45,1,0.00036597251892089844,0.0
7642,pop44,3,0.00034006436665852863,8.018862740208619e-05
7642,pop50,1,0.0004220008850097656,0.0
7642,pop16,1,0.0002570152282714844,0.0
7643,pop40,3,0.039312124252319336,0.02753743236288719
7643,pop41,1,0.0002918243408203125,0.0
7643,pop53,3,0.00040594736735026043,5.578021066873644e-05
7643,pop1,2,0.00031948089599609375,1.0728836059570312e-05
7643,pop6,1,0.06950640678405762,0.0
7643,pop52,2,0.0003840923309326172,7.009506225585938e-05
7644,pop24,2,0.037224769592285156,0.03683900833129883
7644,pop14,4,0.00036078691482543945,4.875860320872656e-05
7644,pop50,1,0.0003752708435058594,0.0
7644,pop53,1,0.00034737586975097656,0.0
7644,pop1,1,0.00032329559326171875,0.0
7644,pop15,1,0.000240325927734375,0.0
7645,pop39,2,0.030294179916381836,0.029939889907836914
7645,pop38,1,0.07136726379394531,0.0
7645,pop18,1,0.00025081634521484375,0.0
7645,pop19,1,0.00046706199645996094,0.0
7645,pop51,1,0.0003554821014404297,0.0
7645,pop9,4,0.0002823472023010254,4.6606525541699555e-05
7646,pop37,5,0.010744476318359375,0.02088102708309885
7646,pop52,1,0.00041604042053222656,0.0
7646,pop51,1,0.00033164024353027344,0.0
7647,pop42,2,0.030477285385131836,0.03013777732849121
7647,pop43,1,0.000362396240234375,0.0
7647,pop51,1,0.0003342628479003906,0.0
7647,pop50,1,0.0004115104675292969,0.0
7647,pop33,2,0.00027060508728027344,1.4543533325195312e-05
7647,pop32,2,0.038590312004089355,0.038335442543029785
7647,pop37,1,0.000270843505859375,0.0
7648,pop30,2,0.02780318260192871,0.027440547943115234
7648,pop31,1,0.0002589225769042969,0.0
7648,pop17,4,0.00034034252166748047,1.2075495030543789e-05
7648,pop50,1,0.0004317760467529297,0.0
7648,pop44,1,0.00027251243591308594,0.0
7649,pop38,3,0.04718629519144694,0.03311091257156203
7649,pop18,1,0.0002658367156982422,0.0
7649,pop19,1,0.0002880096435546875,0.0
7649,pop51,1,0.0005006790161132812,0.0
7649,pop53,1,0.0003459453582763672,0.0
7649,pop50,1,0.0006000995635986328,0.0
7649,pop14,1,0.0004284381866455078,0.0
7649,pop27,1,0.0002543926239013672,0.0
7649,pop25,1,0.00026679039001464844,0.0
7650,pop27,2,0.036344170570373535,0.03597152233123779
7650,pop25,1,0.0003650188446044922,0.0
7650,pop17,3,0.02415943145751953,0.033723549593275316
7650,pop50,2,0.0003815889358520508,2.2649765014648438e-06
7650,pop55,2,0.0003088712692260742,3.540515899658203e-05
7650,pop53,1,0.00035834312438964844,0.0
7651,pop41,2,0.03127181529998779,0.030901551246643066
7651,pop53,3,0.00039005279541015625,1.5521031187782092e-05
7651,pop52,1,0.0003025531768798828,0.0
7652,pop31,2,0.028627634048461914,0.028291940689086914
7652,pop17,1,0.07133603096008301,0.0
7652,pop50,2,0.000438690185546875,4.76837158203125e-06
7652,pop14,4,0.00037348270416259766,7.073230732967293e-05
7653,pop18,2,0.03486812114715576,0.034476399421691895
7653,pop19,1,0.0003170967102050781,0.0
7653,pop51,1,0.00032639503479003906,0.0
7653,pop50,2,0.00039517879486083984,4.410743713378906e-06
7653,pop33,2,0.0002702474594116211,3.5762786865234375e-07
7653,pop32,4,0.00029754638671875,4.3623108038202644e-05
7654,pop36,2,0.029232025146484375,0.02887892723083496
7654,pop51,1,0.0004971027374267578,0.0
7654,pop50,1,0.00042176246643066406,0.0
7654,pop33,2,0.0002930164337158203,5.245208740234375e-06
7654,pop32,4,0.00034111738204956055,8.906559543630401e-05
7655,pop44,2,0.03253340721130371,0.03214693069458008
7655,pop50,2,0.00037419795989990234,7.510185241699219e-06
7655,pop33,1,0.0002956390380859375,0.0
7655,pop32,1,0.07396960258483887,0.0
7655,pop17,1,0.07297873497009277,0.0
7655,pop25,1,0.0002846717834472656,0.0
7655,pop27,1,0.0003769397735595703,0.0
7656,pop14,3,0.023587783177693684,0.032844152124900605
7656,pop24,4,0.000330507755279541,6.968909711756439e-05
7656,pop50,1,0.0005023479461669922,0.0
7656,pop51,1,0.0003342628479003906,0.0
7656,pop19,1,0.0003223419189453125,0.0
7656,pop18,1,0.0003681182861328125,0.0
7657,pop39,2,0.030905961990356445,0.030570507049560547
7657,pop44,1,0.00038051605224609375,0.0
7657,pop50,1,0.0005862712860107422,0.0
7657,pop14,1,0.00026988983154296875,0.0
7657,pop27,1,0.0002810955047607422,0.0
7657,pop25,1,0.0002677440643310547,0.0
7658,pop37,5,0.010763454437255859,0.020907071942873598
7658,pop33,1,0.0002815723419189453,0.0
7658,pop50,1,0.0003802776336669922,0.0
7658,pop14,1,0.0004286766052246094,0.0
7658,pop24,1,0.00025534629821777344,0.0
7659,pop30,2,0.027611136436462402,0.0272749662399292
7659,pop31,1,0.0002541542053222656,0.0
7659,pop17,4,0.00032395124435424805,3.5036328124393766e-05
7659,pop50,1,0.0005145072937011719,0.0
7659,pop14,1,0.00030612945556640625,0.0
7659,pop24,1,0.0002989768981933594,0.0
7660,pop38,4,0.03587907552719116,0.03556479576238511
7660,pop39,1,0.0002536773681640625,0.0
7660,pop44,2,0.0003656148910522461,8.738040924072266e-05
7660,pop50,1,0.0003781318664550781,0.0
7660,pop53,1,0.0003848075866699219,0.0
7660,pop7,1,0.0002193450927734375,0.0
7661,pop41,2,0.030991077423095703,0.030620574951171875
7661,pop53,3,0.02076101303100586,0.02885204696402415
7661,pop54,1,0.06062173843383789,0.0
7661,pop52,1,0.06380295753479004,0.0
7661,pop55,3,0.0003047784169514974,6.0217042576121044e-05
7661,pop50,1,0.00040149688720703125,0.0
7662,pop53,4,0.030825555324554443,0.030406683360844254
7662,pop54,2,0.0003063678741455078,8.344650268554688e-06
7662,pop51,1,0.0003237724304199219,0.0
7663,pop52,3,0.020856936772664387,0.028870546383110252
7663,pop12,3,0.000303347905476888,6.0871437821907425e-05
7663,pop51,1,0.00041484832763671875,0.0
7663,pop19,1,0.0003154277801513672,0.0
7663,pop18,1,0.0002503395080566406,0.0
7664,pop32,4,0.018455028533935547,0.03140579905293695
7664,pop33,1,0.00027251243591308594,0.0
7664,pop50,1,0.0005850791931152344,0.0
7664,pop44,1,0.0003688335418701172,0.0
7665,pop9,4,0.015116393566131592,0.025605366809682794
7665,pop51,1,0.00034689903259277344,0.0
7665,pop53,1,0.00036978721618652344,0.0
7665,pop1,1,0.0003368854522705078,0.0
7665,pop6,1,0.00024962425231933594,0.0
7666,pop22,5,0.01177043914794922,0.022894564544492946
7666,pop51,1,0.00032520294189453125,0.0
7666,pop53,1,0.00048661231994628906,0.0
7666,pop1,1,0.0003294944763183594,0.0
7667,pop47,2,0.02636861801147461,0.02602410316467285
7667,pop53,2,0.03213834762573242,0.0317690372467041
7667,pop1,2,0.00038611888885498047,3.1113624572753906e-05
7667,pop6,2,0.035344719886779785,0.03508913516998291
7667,pop54,1,0.06321454048156738,0.0
7668,pop27,5,0.014963102340698243,0.02930872206367141
7668,pop25,2,0.00026214122772216797,9.179115295410156e-06
7668,pop17,1,0.00043654441833496094,0.0
7669,pop18,3,0.022893190383911133,0.03190872924914807
7669,pop38,4,0.0002976655960083008,5.4679132332880286e-05
7669,pop19,1,0.0003223419189453125,0.0
7669,pop51,1,0.00035190582275390625,0.0
7669,pop50,1,0.0004107952117919922,0.0
7670,pop14,5,0.04334855079650879,0.035042486602049616
7670,pop50,1,0.00037860870361328125,0.0
7670,pop16,1,0.0002949237823486328,0.0
7670,pop23,1,0.00031304359436035156,0.0
7670,pop24,6,0.02582705020904541,0.03609424045820701
7671,pop37,5,0.01084761619567871,0.021063720798964663
7671,pop33,1,0.0003085136413574219,0.0
7671,pop50,1,0.0004870891571044922,0.0
7671,pop14,1,0.0003592967987060547,0.0
7671,pop24,1,0.0003554821014404297,0.0
7672,pop38,5,0.01426849365234375,0.027896623027821355
7672,pop18,1,0.0002586841583251953,0.0
7672,pop19,1,0.00028324127197265625,0.0
7672,pop51,1,0.00037026405334472656,0.0
7672,pop53,1,0.0003581047058105469,0.0
7672,pop7,1,0.00022649765014648438,0.0
7673,pop57,2,0.03577446937561035,0.03542494773864746
7673,pop56,3,0.049768686294555664,0.03501728872117348
7673,pop2,2,0.03715944290161133,0.03690671920776367
7673,pop49,3,0.04794120788574219,0.03372784520894376
7673,pop48,1,0.06900882720947266,0.0
7674,pop28,2,0.029419779777526855,0.02905094623565674
7674,pop51,3,0.0003731250762939453,3.1042062375564185e-05
7674,pop4,3,0.02235547701517741,0.03122159981062039
7674,pop10,2,0.0003199577331542969,6.0558319091796875e-05
7675,pop4,6,0.021290063858032227,0.029598027083529883
7675,pop51,3,0.0003668467203776042,1.2013289497559051e-05
7675,pop10,1,0.0633552074432373,0.0
7675,pop53,1,0.0003464221954345703,0.0
7675,pop1,1,0.0004277229309082031,0.0
7676,pop56,3,0.04711778958638509,0.03306654873908033
7676,pop48,3,0.022923390070597332,0.031949774251910576
7676,pop52,3,0.021218379338582356,0.029552471168737653
7676,pop53,1,0.00036263465881347656,0.0
7677,pop31,2,0.029170632362365723,0.028821825981140137
7677,pop17,4,0.0003300905227661133,3.2190260844988264e-05
7677,pop50,1,0.0003731250762939453,0.0
7677,pop53,1,0.0003504753112792969,0.0
7677,pop52,1,0.00040411949157714844,0.0
7678,pop30,2,0.02766251564025879,0.027307987213134766
7678,pop31,1,0.00025653839111328125,0.0
7678,pop17,4,0.00034362077713012695,4.781982992214685e-05
7678,pop50,1,0.0003807544708251953,0.0
7678,pop53,1,0.0003542900085449219,0.0
7679,pop41,2,0.031403541564941406,0.031030654907226562
7679,pop53,2,0.0003819465637207031,1.4781951904296875e-05
7679,pop1,2,0.0003222227096557617,2.5033950805664062e-06
7679,pop6,1,0.06965255737304688,0.0
7679,pop52,4,0.00035637617111206055,5.033494910989323e-05
7680,pop32,5,0.014890384674072266,0.029132646695981285
7680,pop33,1,0.0003006458282470703,0.0
7680,pop50,1,0.0003688335418701172,0.0
7680,pop16,1,0.00025844573974609375,0.0
7681,pop40,2,0.02923107147216797,0.02885293960571289
7681,pop43,1,0.00026226043701171875,0.0
7681,pop51,4,0.00037419795989990234,5.243000194110744e-05
7681,pop4,4,0.016177594661712646,0.02742194674149612
7681,pop10,1,0.06292891502380371,0.0
7681,pop53,1,0.0003771781921386719,0.0
7682,pop42,2,0.030733942985534668,0.03039562702178955
7682,pop43,1,0.0002777576446533203,0.0
7682,pop51,2,0.00037539005279541016,1.9431114196777344e-05
7682,pop4,3,0.000324249267578125,4.065578597979106e-05
7682,pop10,1,0.00026702880859375,0.0
7683,pop53,3,0.02061629295349121,0.028561967616075403
7683,pop1,2,0.00032198429107666016,5.602836608886719e-06
7683,pop6,3,0.00031797091166178387,9.585342816838256e-05
7683,pop51,1,0.0004487037658691406,0.0
7683,pop10,1,0.00026702880859375,0.0
7684,pop52,3,0.02086957295735677,0.02902094937812948
7684,pop12,4,0.00029224157333374023,5.512533888350231e-05
7684,pop55,1,0.0002415180206298828,0.0
7685,pop9,5,0.013056802749633788,0.025464579535636866
7685,pop51,1,0.0004706382751464844,0.0
7686,pop28,2,0.029543161392211914,0.029187440872192383
7686,pop51,3,0.0003490447998046875,1.1345985894290686e-05
7686,pop4,2,0.03251922130584717,0.03223145008087158
7686,pop10,2,0.00036919116973876953,0.00011599063873291016
7686,pop50,1,0.00037932395935058594,0.0
7687,pop4,3,0.04180439313252767,0.029298599073337424
7687,pop51,1,0.0003485679626464844,0.0
7687,pop43,1,0.0002574920654296875,0.0
7687,pop40,3,0.00033473968505859375,8.685834581687682e-05
7687,pop41,1,0.000301361083984375,0.0
7687,pop53,1,0.00034332275390625,0.0
7687,pop1,1,0.0003154277801513672,0.0
7687,pop6,1,0.00023937225341796875,0.0
7688,pop30,2,0.027661919593811035,0.02731478214263916
7688,pop31,1,0.00024962425231933594,0.0
7688,pop17,2,0.0373767614364624,0.037071824073791504
7688,pop50,1,0.0005004405975341797,0.0
7688,pop44,1,0.0675349235534668,0.0
7689,pop32,4,0.018546581268310547,0.031540275293421315
7689,pop33,1,0.0003123283386230469,0.0
7689,pop50,1,0.000400543212890625,0.0
7689,pop51,1,0.0003409385681152344,0.0
7690,pop16,2,0.03248310089111328,0.03212857246398926
7690,pop23,1,0.00032591819763183594,0.0
7690,pop24,4,0.00027829408645629883,1.8959430827621272e-05
7691,pop21,2,0.03721785545349121,0.03684711456298828
7691,pop23,1,0.0002675056457519531,0.0
7691,pop24,4,0.0003140568733215332,5.2574506594609966e-05
7691,pop14,1,0.0003180503845214844,0.0
7691,pop50,1,0.00037097930908203125,0.0
7691,pop51,1,0.0004825592041015625,0.0
7691,pop43,1,0.00028514862060546875,0.0
7691,pop11,1,0.0003247261047363281,0.0
7692,pop8,2,0.02994215488433838,0.02958238124847412
7692,pop51,6,0.0003624359766642253,3.0658941097200464e-05
7692,pop4,4,0.04889273643493652,0.02807808689336197
7692,pop10,2,0.06383907794952393,0.00014698505401611328
7693,pop57,2,0.03634345531463623,0.03599107265472412
7693,pop56,1,0.07118630409240723,0.0
7693,pop48,1,0.0002582073211669922,0.0
7693,pop52,2,0.00030541419982910156,1.621246337890625e-05
7693,pop12,4,0.00029730796813964844,8.44611066513743e-05
7694,pop56,3,0.04818868637084961,0.03381197237303981
7694,pop48,1,0.06936836242675781,0.0
7694,pop52,2,0.03174877166748047,0.03145170211791992
7694,pop55,2,0.0003147125244140625,4.2438507080078125e-05
7694,pop50,1,0.0003783702850341797,0.0
7694,pop14,1,0.0003306865692138672,0.0
7694,pop24,1,0.00027108192443847656,0.0
7695,pop9,5,0.012224864959716798,0.023832741074986268
7696,pop4,2,0.03125619888305664,0.030893564224243164
7696,pop51,2,0.0003809928894042969,3.838539123535156e-05
7696,pop10,1,0.06243729591369629,0.0
7696,pop50,2,0.0004316568374633789,5.8531761169433594e-05
7696,pop17,4,0.00033915042877197266,2.8355527660959057e-05
7696,pop53,1,0.0003516674041748047,0.0
7697,pop50,3,0.021647532780965168,0.029983436541315713
7697,pop17,4,0.0003591179847717285,5.07446305783739e-05
7697,pop53,1,0.0003921985626220703,0.0
7697,pop47,1,0.00023818016052246094,0.0
7698,pop33,3,0.023059606552124023,0.03214981251191698
7698,pop32,4,0.0003292560577392578,6.419993019052979e-05
7698,pop50,1,0.0005183219909667969,0.0
7698,pop35,1,0.00031375885009765625,0.0
7699,pop45,2,0.03374063968658447,0.03337204456329346
7699,pop44,1,0.00029921531677246094,0.0
7699,pop50,2,0.00040471553802490234,1.823902130126953e-05
7699,pop17,1,0.07092881202697754,0.0
7699,pop14,3,0.04873355229695638,0.03423320503316009
7699,pop24,4,0.019570887088775635,0.033271535208998865
7700,pop36,2,0.029239535331726074,0.02888476848602295
7700,pop51,1,0.0003387928009033203,0.0
7700,pop50,2,0.00044143199920654297,5.733966827392578e-05
7700,pop17,2,0.03650164604187012,0.03617978096008301
7700,pop53,1,0.06383514404296875,0.0
7700,pop54,1,0.061116933822631836,0.0
7701,pop42,2,0.031025409698486328,0.03066849708557129
7701,pop43,1,0.0002689361572265625,0.0
7701,pop51,1,0.0004794597625732422,0.0
7701,pop53,1,0.0003631114959716797,0.0
7701,pop50,2,0.0004106760025024414,4.887580871582031e-06
7701,pop17,1,0.07170724868774414,0.0
7701,pop55,1,0.05648088455200195,0.0
7701,pop52,1,0.0003037452697753906,0.0
7701,pop48,1,0.0702207088470459,0.0
7701,pop49,1,0.07290959358215332,0.0
7702,pop28,2,0.02910315990447998,0.02878105640411377
7702,pop51,1,0.00033545494079589844,0.0
7702,pop50,2,0.00040519237518310547,4.887580871582031e-06
7702,pop17,1,0.0726933479309082,0.0
7702,pop14,1,0.07447457313537598,0.0
7702,pop24,1,0.00029921531677246094,0.0
7702,pop23,1,0.00039887428283691406,0.0
7702,pop16,1,0.0002505779266357422,0.0
7703,pop9,5,0.013048410415649414,0.025492346897497093
7704,pop4,2,0.03135323524475098,0.030965805053710938
7704,pop51,1,0.0003657341003417969,0.0
7704,pop50,2,0.00045549869537353516,6.0677528381347656e-05
7704,pop17,3,0.00034697850545247394,3.4511907149093564e-05
7704,pop53,1,0.0003838539123535156,0.0
7704,pop7,1,0.00024700164794921875,0.0
7705,pop23,5,0.014410161972045898,0.028075395660191998
7705,pop24,1,0.0002567768096923828,0.0
7706,pop47,5,0.010754632949829101,0.02093734304052969
7707,pop14,3,0.0238949457804362,0.033306904784345864
7707,pop24,4,0.00032335519790649414,6.273747754421224e-05
7707,pop50,1,0.0003998279571533203,0.0
7707,pop53,1,0.00035762786865234375,0.0
7707,pop1,1,0.00030994415283203125,0.0
7707,pop15,1,0.00022554397583007812,0.0
7708,pop38,3,0.047622283299764,0.03341166176211527
7708,pop18,1,0.00027751922607421875,0.0
7708,pop19,1,0.0003368854522705078,0.0
7708,pop51,1,0.0003352165222167969,0.0
7708,pop50,2,0.00038933753967285156,7.3909759521484375e-06
7708,pop17,3,0.0003765424092610677,4.2862918998415714e-05
7708,pop44,1,0.0002663135528564453,0.0
7709,pop56,2,0.035486698150634766,0.035146474838256836
7709,pop2,2,0.03681015968322754,0.03656458854675293
7709,pop49,2,0.03508615493774414,0.034833431243896484
7709,pop48,1,0.00028443336486816406,0.0
7709,pop52,2,0.00036025047302246094,4.839897155761719e-05
7709,pop13,1,0.06492948532104492,0.0
7710,pop50,3,0.021701733271280926,0.030044563755599635
7710,pop17,3,0.0003470579783121745,1.966178465289777e-05
7710,pop51,1,0.0003612041473388672,0.0
7711,pop45,2,0.03364598751068115,0.03326761722564697
7711,pop44,3,0.0003151098887125651,3.909499300678111e-05
7711,pop50,1,0.00039696693420410156,0.0
7711,pop53,1,0.0004794597625732422,0.0
7711,pop7,1,0.0002338886260986328,0.0
7712,pop28,2,0.029283642768859863,0.02895510196685791
7712,pop51,1,0.0003981590270996094,0.0
7712,pop43,1,0.0002639293670654297,0.0
7712,pop40,1,0.06095457077026367,0.0
7712,pop41,1,0.0002758502960205078,0.0
7712,pop53,1,0.0633847713470459,0.0
7712,pop54,2,0.030620813369750977,0.0303652286529541
7713,pop6,3,0.04607327779134115,0.03233590076522903
7713,pop1,1,0.00031948089599609375,0.0
7713,pop53,1,0.00036597251892089844,0.0
7713,pop54,1,0.05935955047607422,0.0
7713,pop52,3,0.00040729840596516925,6.943326851503631e-05
7714,pop10,2,0.030869483947753906,0.03049635887145996
7714,pop51,1,0.0003662109375,0.0
7714,pop50,2,0.0004134178161621094,2.9325485229492188e-05
7714,pop44,2,0.03345072269439697,0.03318130970001221
7714,pop17,2,0.03640162944793701,0.03606522083282471
7714,pop25,1,0.00026798248291015625,0.0
7714,pop27,1,0.0003662109375,0.0
7715,pop48,3,0.04598236083984375,0.03226395292829738
7715,pop52,3,0.000335693359375,4.065765015448963e-05
7715,pop53,1,0.00036597251892089844,0.0
7715,pop1,1,0.00029468536376953125,0.0
7715,pop6,1,0.0003414154052734375,0.0
7716,pop55,3,0.036937872568766274,0.025863975434832244
7716,pop52,2,0.00035512447357177734,5.6624412536621094e-05
7716,pop53,1,0.00037384033203125,0.0
7716,pop50,1,0.0004100799560546875,0.0
7716,pop44,1,0.0002689361572265625,0.0
7717,pop41,2,0.03119802474975586,0.03082728385925293
7717,pop40,3,0.00034173329671223957,3.285239227171642e-05
7717,pop43,1,0.0002598762512207031,0.0
7717,pop51,1,0.0004532337188720703,0.0
7717,pop10,1,0.0002827644348144531,0.0
7718,pop9,4,0.015277624130249023,0.02590376878195636
7718,pop51,1,0.0003490447998046875,0.0
7718,pop53,1,0.0003643035888671875,0.0
7718,pop7,1,0.0002257823944091797,0.0
7719,pop46,2,0.03329944610595703,0.03291797637939453
7719,pop45,1,0.00025844573974609375,0.0
7719,pop44,1,0.06722593307495117,0.0
7719,pop50,1,0.0003733634948730469,0.0
7719,pop17,1,0.07161641120910645,0.0
7719,pop25,1,0.0002796649932861328,0.0
7719,pop27,1,0.00030517578125,0.0
7720,pop24,5,0.01538224220275879,0.030093722460207434
7720,pop14,1,0.0002751350402832031,0.0
7720,pop50,1,0.00039696693420410156,0.0
7720,pop53,1,0.0003592967987060547,0.0
7720,pop1,1,0.00032138824462890625,0.0
7720,pop6,1,0.0002467632293701172,0.0
7721,pop40,3,0.03963327407836914,0.027754283253097457
7721,pop41,1,0.0002791881561279297,0.0
7721,pop53,2,0.0003771781921386719,1.6689300537109375e-06
7721,pop52,3,0.00039458274841308594,4.9809515753506645e-05
7721,pop50,1,0.0005056858062744141,0.0
7721,pop14,1,0.00032258033752441406,0.0
7722,pop53,5,0.012638473510742187,0.024392127197268
7722,pop54,2,0.02960073947906494,0.029334664344787598
7722,pop50,1,0.00041294097900390625,0.0
7722,pop44,1,0.0003688335418701172,0.0
7723,pop30,2,0.02776813507080078,0.027405500411987305
7723,pop48,2,0.03470611572265625,0.03441023826599121
7723,pop56,2,0.03727447986602783,0.037012457847595215
7723,pop2,1,0.00025534629821777344,0.0
7724,pop32,5,0.014893579483032226,0.029115573861242566
7724,pop33,1,0.0002675056457519531,0.0
7724,pop50,1,0.0003685951232910156,0.0
7725,pop23,4,0.0355989933013916,0.03527252415192055
7725,pop21,2,0.00030159950256347656,3.218650817871094e-05
7725,pop16,1,0.0002853870391845703,0.0
7725,pop50,1,0.0004189014434814453,0.0
7725,pop53,1,0.0004563331604003906,0.0
7725,pop7,1,0.0002281665802001953,0.0
7726,pop38,2,0.0355151891708374,0.03516232967376709
7726,pop39,1,0.0002524852752685547,0.0
7726,pop44,2,0.0339207649230957,0.03364682197570801
7726,pop50,1,0.0003933906555175781,0.0
7726,pop17,2,0.0003190040588378906,1.049041748046875e-05
7727,pop6,3,0.04648574193318685,0.03261399237663753
7727,pop1,2,0.00029397010803222656,8.106231689453125e-06
7727,pop53,2,0.00043952465057373047,4.851818084716797e-05
7727,pop52,3,0.00032210350036621094,4.3021617981202e-05
7728,pop10,2,0.030797958374023438,0.030419349670410156
7728,pop51,1,0.0004456043243408203,0.0
7728,pop53,2,0.0003496408462524414,9.417533874511719e-06
7728,pop50,3,0.0003731250762939453,6.9182482378706496e-06
7728,pop44,2,0.03401196002960205,0.03362452983856201
7728,pop17,2,0.0003908872604370117,4.947185516357422e-05
7729,pop48,2,0.03403663635253906,0.033640146255493164
7729,pop52,2,0.00030219554901123047,1.7881393432617188e-06
7729,pop12,4,0.00029903650283813477,7.521007985901161e-05
7729,pop53,1,0.000354766845703125,0.0
7730,pop55,2,0.02763950824737549,0.02726447582244873
7730,pop52,2,0.0003515481948852539,5.352497100830078e-05
7730,pop12,3,0.0002968311309814453,2.8818748154091963e-05
7730,pop53,1,0.0004737377166748047,0.0
7731,pop41,2,0.031090855598449707,0.030736565589904785
7731,pop53,3,0.0220334529876709,0.030637724296800964
7731,pop54,1,0.06352615356445312,0.0
7731,pop52,1,0.0002951622009277344,0.0
7732,pop53,3,0.04113610585530599,0.028749809447262877
7732,pop52,3,0.0002979437510172526,5.346580566264521e-06
7733,pop6,4,0.03493821620941162,0.03457197540000596
7733,pop1,1,0.00034236907958984375,0.0
7733,pop53,1,0.06272339820861816,0.0
7733,pop41,2,0.00028443336486816406,8.821487426757812e-06
7733,pop40,2,0.0003916025161743164,1.1086463928222656e-05
7734,pop44,3,0.044765075047810875,0.03140714658395925
7734,pop45,1,0.00025773048400878906,0.0
7734,pop46,1,0.0002639293670654297,0.0
7734,pop20,1,0.0682227611541748,0.0
7734,pop19,1,0.00038313865661621094,0.0
7734,pop51,1,0.0003619194030761719,0.0
7734,pop10,1,0.06479930877685547,0.0
7734,pop11,1,0.0002338886260986328,0.0
7735,pop39,2,0.03215289115905762,0.0317690372467041
7735,pop44,1,0.0003027915954589844,0.0
7735,pop50,1,0.0003676414489746094,0.0
7735,pop17,3,0.0003445148468017578,9.826394091335127e-06
7736,pop36,2,0.030194640159606934,0.02984011173248291
7736,pop51,1,0.0003600120544433594,0.0
7736,pop50,1,0.000640869140625,0.0
7736,pop14,1,0.0003466606140136719,0.0
7737,pop42,2,0.030961275100708008,0.030609846115112305
7737,pop43,1,0.0002636909484863281,0.0
7737,pop51,1,0.00046133995056152344,0.0
7737,pop50,1,0.00040411949157714844,0.0
7737,pop17,2,0.036633968353271484,0.036338090896606445
7737,pop25,1,0.00026607513427734375,0.0
7737,pop27,1,0.0002751350402832031,0.0
7738,pop4,2,0.031537532806396484,0.0311582088470459
7738,pop51,1,0.00032448768615722656,0.0
7738,pop22,4,0.00026983022689819336,4.0895693267919174e-05
7739,pop24,4,0.018917739391326904,0.03217666633806954
7739,pop14,1,0.00033855438232421875,0.0
7739,pop50,1,0.0003962516784667969,0.0
7739,pop51,1,0.0004558563232421875,0.0
7740,pop30,2,0.02774834632873535,0.027399063110351562
7740,pop31,1,0.0002613067626953125,0.0
7740,pop17,2,0.0363391637802124,0.03601181507110596
7740,pop50,1,0.00036978721618652344,0.0
7740,pop53,1,0.06419658660888672,0.0
7740,pop54,1,0.061377763748168945,0.0
7741,pop32,2,0.03725326061248779,0.036876797676086426
7741,pop33,1,0.0002617835998535156,0.0
7741,pop50,1,0.0003719329833984375,0.0
7741,pop17,1,0.07265615463256836,0.0
7741,pop25,1,0.00028777122497558594,0.0
7741,pop27,1,0.0002810955047607422,0.0
7742,pop53,2,0.030901432037353516,0.03023219108581543
7742,pop54,2,0.02990734577178955,0.029639124870300293
7742,pop52,2,0.03169095516204834,0.03137552738189697
7743,pop22,4,0.01472705602645874,0.02493982719186493
7743,pop51,1,0.00035500526428222656,0.0
7743,pop50,1,0.00036835670471191406,0.0
7744,pop27,5,0.015027570724487304,0.029354102256546694
7744,pop25,1,0.0002620220184326172,0.0
7744,pop17,1,0.00030541419982910156,0.0
7744,pop50,1,0.00038909912109375,0.0
7744,pop16,1,0.00030517578125,0.0
7745,pop18,2,0.03525197505950928,0.03486764430999756
7745,pop19,2,0.0003237724304199219,1.8358230590820312e-05
7745,pop20,3,0.00031145413716634113,7.417598412876862e-05
7745,pop51,1,0.0003421306610107422,0.0
7745,pop50,1,0.00042176246643066406,0.0
7746,pop37,5,0.01089334487915039,0.021171035792622063
7746,pop52,1,0.0002989768981933594,0.0
7747,pop47,5,0.010827589035034179,0.021105547253849843
7747,pop51,1,0.0003268718719482422,0.0
7747,pop10,1,0.00037407875061035156,0.0
7748,pop41,2,0.03148353099822998,0.031112313270568848
7748,pop53,4,0.0003910064697265625,3.580924830782598e-05
7748,pop50,1,0.0003573894500732422,0.0
7748,pop44,1,0.00024819374084472656,0.0
7749,pop30,2,0.027875423431396484,0.02751302719116211
7749,pop31,1,0.0002639293670654297,0.0
7749,pop17,1,0.07234025001525879,0.0
7749,pop25,1,0.0002963542938232422,0.0
7749,pop27,1,0.0002655982971191406,0.0
7750,pop53,5,0.012478065490722657,0.024129942436270174
7750,pop50,1,0.0004048347473144531,0.0
7750,pop44,1,0.00027680397033691406,0.0
7751,pop31,2,0.02938699722290039,0.029027223587036133
7751,pop17,3,0.00034745534261067707,5.2302078596512865e-05
7751,pop50,1,0.0004305839538574219,0.0
7752,pop39,2,0.03103649616241455,0.030692696571350098
7752,pop44,1,0.00028133392333984375,0.0
7752,pop50,1,0.00061798095703125,0.0
7752,pop14,1,0.0002791881561279297,0.0
7753,pop24,4,0.019533157348632812,0.033150908368627094
7753,pop14,1,0.0003132820129394531,0.0
7753,pop50,1,0.00037980079650878906,0.0
7753,pop53,1,0.0004172325134277344,0.0
7754,pop32,5,0.015045261383056641,0.029363156590244657
7754,pop33,1,0.0002677440643310547,0.0
7754,pop50,1,0.0004937648773193359,0.0
7754,pop51,1,0.00034618377685546875,0.0
7754,pop10,1,0.00028133392333984375,0.0
7755,pop18,2,0.03434884548187256,0.03398549556732178
7755,pop19,1,0.0003705024719238281,0.0
7755,pop20,3,0.0002796649932861328,6.813378413312533e-06
7755,pop46,1,0.0002865791320800781,0.0
7755,pop45,1,0.00028014183044433594,0.0
7755,pop44,1,0.0003082752227783203,0.0
7756,pop41,2,0.03146183490753174,0.031084895133972168
7756,pop53,1,0.0003638267517089844,0.0
7756,pop54,2,0.030957341194152832,0.030700087547302246
7756,pop52,1,0.06392717361450195,0.0
7756,pop48,1,0.07036471366882324,0.0
7756,pop49,2,0.03771400451660156,0.03743910789489746
7757,pop30,2,0.02794516086578369,0.027582287788391113
7757,pop31,1,0.000263214111328125,0.0
7757,pop17,3,0.0003128846486409505,1.3948788722506226e-05
7758,pop53,2,0.030840754508972168,0.030344605445861816
7758,pop54,3,0.0002745787302652995,8.693473606284127e-06
7758,pop52,1,0.00029587745666503906,0.0
7759,pop52,4,0.016494035720825195,0.027844166000214925
7759,pop55,1,0.00024199485778808594,0.0
7759,pop50,2,0.00037384033203125,1.0251998901367188e-05
7759,pop14,1,0.0004696846008300781,0.0
7759,pop16,1,0.0002465248107910156,0.0
7759,pop23,1,0.0002932548522949219,0.0
7760,pop46,2,0.03204035758972168,0.031668901443481445
7760,pop20,4,0.00029289722442626953,4.0365504692508384e-05
7760,pop19,1,0.000308990478515625,0.0
7760,pop51,1,0.00045561790466308594,0.0
7760,pop53,1,0.0004830360412597656,0.0
7761,pop40,2,0.02956366539001465,0.029216527938842773
7761,pop41,1,0.0003800392150878906,0.0
7761,pop53,1,0.0005552768707275391,0.0
7761,pop54,1,0.0002551078796386719,0.0
7761,pop52,2,0.03227055072784424,0.03189289569854736
7761,pop12,1,0.00025200843811035156,0.0
7762,pop23,6,0.012143770853678385,0.026382503847021087
7762,pop21,1,0.07424497604370117,0.0
7762,pop16,1,0.0002765655517578125,0.0
7762,pop50,1,0.00037384033203125,0.0
7762,pop53,1,0.00034046173095703125,0.0
7763,pop38,3,0.04818050066630045,0.03380525879977129
7763,pop18,2,0.0002633333206176758,1.0728836059570312e-06
7763,pop19,2,0.0003521442413330078,6.222724914550781e-05
7763,pop20,1,0.06907486915588379,0.0
7764,pop27,4,0.018877685070037842,0.03212189922007525
7764,pop25,1,0.0002665519714355469,0.0
7764,pop17,1,0.0002899169921875,0.0
7764,pop50,1,0.0005366802215576172,0.0
7764,pop53,1,0.00036215782165527344,0.0
7764,pop1,1,0.00028896331787109375,0.0
7765,pop47,4,0.013679683208465576,0.023201713195724467
7765,pop51,1,0.0003535747528076172,0.0
7766,pop31,2,0.02935922145843506,0.029012084007263184
7766,pop17,4,0.0003173947334289551,2.361991516814649e-05
7766,pop50,1,0.0004923343658447266,0.0
7767,pop24,5,0.015420055389404297,0.030206539434024567
7768,pop41,2,0.03193473815917969,0.0315554141998291
7768,pop53,2,0.0003941059112548828,1.5497207641601562e-05
7768,pop52,3,0.00038735071818033856,4.874958756341964e-05
7768,pop51,1,0.00034618377685546875,0.0
7769,pop16,3,0.022208770116170246,0.0309416569049364
7769,pop23,3,0.02405865987141927,0.033579518520845904
7769,pop24,2,0.03911149501800537,0.038840651512145996
7769,pop14,1,0.07366824150085449,0.0
7769,pop50,1,0.000377655029296875,0.0
7770,pop21,3,0.04969207445780436,0.03487412468386645
7770,pop23,2,0.0003007650375366211,1.5139579772949219e-05
7770,pop24,3,0.0003142356872558594,5.3758323174147216e-05
7770,pop14,1,0.0004851818084716797,0.0
7770,pop16,1,0.0002655982971191406,0.0
7771,pop8,2,0.03007209300994873,0.029726386070251465
7771,pop51,2,0.00034546852111816406,1.5020370483398438e-05
7771,pop10,2,0.03188276290893555,0.031600236892700195
7771,pop53,2,0.03178203105926514,0.031413912773132324
7771,pop54,1,0.0002722740173339844,0.0
7772,pop57,2,0.0361635684967041,0.03580522537231445
7772,pop56,3,0.00030191739400227863,5.029081243180583e-05
7772,pop48,1,0.000293731689453125,0.0
7772,pop52,1,0.00029087066650390625,0.0
7772,pop53,1,0.00044465065002441406,0.0
7772,pop50,1,0.0003883838653564453,0.0
7773,pop6,5,0.014032554626464844,0.027493530939325488
7773,pop1,1,0.0003135204315185547,0.0
7773,pop53,1,0.0003504753112792969,0.0
7773,pop52,1,0.0002803802490234375,0.0
7774,pop18,2,0.0347285270690918,0.03436732292175293
7774,pop19,1,0.0003323554992675781,0.0
7774,pop51,1,0.000682830810546875,0.0
7774,pop53,1,0.0003705024719238281,0.0
7774,pop50,2,0.00041794776916503906,3.5762786865234375e-06
7774,pop14,2,0.037239670753479004,0.03695404529571533
7774,pop17,1,0.0003039836883544922,0.0
7775,pop30,2,0.028077006340026855,0.02772057056427002
7775,pop48,1,0.00036144256591796875,0.0
7775,pop52,3,0.00034038225809733075,4.8426694295526236e-05
7776,pop53,3,0.020546595255533855,0.02844264803256899
7776,pop52,3,0.00032075246175130207,3.048113130027293e-05
7776,pop51,1,0.00034809112548828125,0.0
7777,pop47,4,0.01352471113204956,0.022880125958480275
7777,pop51,1,0.0003421306610107422,0.0
7777,pop10,1,0.0002608299255371094,0.0
7778,pop33,3,0.023132165273030598,0.0322482006547225
7778,pop32,3,0.00032202402750651043,5.368543145550867e-05
7778,pop50,1,0.00037288665771484375,0.0
7778,pop51,1,0.0003218650817871094,0.0
7778,pop19,1,0.0002994537353515625,0.0
7779,pop36,2,0.02978813648223877,0.029435276985168457
7779,pop10,3,0.00036843617757161457,4.0938783489045214e-05
7779,pop51,1,0.0003292560577392578,0.0
7780,pop23,5,0.01453399658203125,0.028280498487280366
7780,pop16,1,0.0002701282501220703,0.0
7780,pop50,1,0.00036716461181640625,0.0
7780,pop53,1,0.0003657341003417969,0.0
7780,pop7,1,0.00021648406982421875,0.0
7781,pop38,5,0.014630317687988281,0.028641273654010806
7781,pop18,1,0.0002646446228027344,0.0
7781,pop19,1,0.00029754638671875,0.0
7781,pop51,1,0.0003349781036376953,0.0
7782,pop21,3,0.04985872904459635,0.034997804793000166
7782,pop23,2,0.0002894401550292969,6.198883056640625e-06
7782,pop24,2,0.0003603696823120117,6.377696990966797e-05
7782,pop16,1,0.0002675056457519531,0.0
7782,pop50,1,0.00038552284240722656,0.0
7783,pop57,2,0.03612780570983887,0.035776615142822266
7783,pop56,2,0.0366901159286499,0.03642094135284424
7783,pop2,1,0.07278776168823242,0.0
7783,pop48,1,0.0002949237823486328,0.0
7783,pop52,1,0.0003247261047363281,0.0
7784,pop6,5,0.014137649536132812,0.027660089060913617
7784,pop1,1,0.0003972053527832031,0.0
7784,pop53,1,0.0003650188446044922,0.0
7784,pop50,1,0.00037288665771484375,0.0
7785,pop30,2,0.028092265129089355,0.02772533893585205
7785,pop48,1,0.00026869773864746094,0.0
7785,pop52,4,0.0003380775451660156,4.6518819141520894e-05
7786,pop14,5,0.014769554138183594,0.028765615786333867
7786,pop50,1,0.0003750324249267578,0.0
7786,pop44,1,0.00029277801513671875,0.0
7787,pop56,3,0.04878584543863932,0.03423828024642805
7787,pop48,1,0.00027298927307128906,0.0
7787,pop52,1,0.00041484832763671875,0.0
7787,pop55,2,0.00036513805389404297,9.357929229736328e-05
7787,pop50,1,0.00038552284240722656,0.0
7788,pop50,3,0.021935780843098957,0.030307421198954923
7788,pop17,4,0.00038063526153564453,4.4669774379614444e-05
7788,pop53,1,0.0003643035888671875,0.0
7788,pop1,1,0.00032448768615722656,0.0
7789,pop45,2,0.03427386283874512,0.03389382362365723
7789,pop44,2,0.03405022621154785,0.03372931480407715
7789,pop50,2,0.0004049539566040039,2.6106834411621094e-05
7789,pop17,3,0.00033171971638997394,1.3784818943905366e-05
7790,pop28,2,0.029482483863830566,0.029132723808288574
7790,pop51,1,0.0003330707550048828,0.0
7790,pop19,2,0.0003135204315185547,5.7220458984375e-06
7790,pop20,1,0.06886696815490723,0.0
7791,pop22,4,0.01487034559249878,0.025154858418489884
7791,pop51,1,0.0003712177276611328,0.0
7792,pop37,4,0.013613283634185791,0.02299559360273168
7792,pop33,1,0.00043773651123046875,0.0
7793,pop16,2,0.03272998332977295,0.032376646995544434
7793,pop23,1,0.07140278816223145,0.0
7793,pop24,4,0.0003527998924255371,6.216747305856475e-05
7793,pop14,1,0.00031876564025878906,0.0
7793,pop50,1,0.00044918060302734375,0.0
7794,pop18,2,0.034621357917785645,0.03424513339996338
7794,pop38,2,0.03677201271057129,0.03650546073913574
7794,pop39,1,0.0002453327178955078,0.0
7794,pop44,1,0.0002722740173339844,0.0
7795,pop36,2,0.02945423126220703,0.029106855392456055
7795,pop10,1,0.06321287155151367,0.0
7795,pop51,1,0.0003581047058105469,0.0
7795,pop43,1,0.00027823448181152344,0.0
7795,pop40,1,0.0002739429473876953,0.0
7796,pop57,2,0.03642308712005615,0.036074042320251465
7796,pop56,1,0.00025010108947753906,0.0
7796,pop2,4,0.0002785921096801758,3.088440997233189e-05
7797,pop30,2,0.029782772064208984,0.02939915657043457
7797,pop31,1,0.000362396240234375,0.0
7797,pop17,3,0.00035270055135091144,7.525001355961129e-05
7798,pop9,5,0.01259002685546875,0.024520564818962334
7799,pop39,2,0.03156602382659912,0.031203627586364746
7799,pop44,2,0.034830570220947266,0.03453874588012695
7799,pop50,1,0.0003848075866699219,0.0
7800,pop32,4,0.018919050693511963,0.03220221792680519
7800,pop33,1,0.0002892017364501953,0.0
7800,pop50,1,0.00041675567626953125,0.0
7800,pop55,1,0.0002467632293701172,0.0
7801,pop33,3,0.023199955622355144,0.03236025501647088
7801,pop32,3,0.0003256797790527344,3.555608992953168e-05
7801,pop50,1,0.0004951953887939453,0.0
7801,pop51,1,0.0003421306610107422,0.0
7802,pop23,2,0.03610849380493164,0.0357058048248291
7802,pop24,3,0.00032480557759602863,5.8101237507916964e-05
7802,pop14,1,0.00035309791564941406,0.0
7802,pop50,1,0.0004181861877441406,0.0
7802,pop51,1,0.00033974647521972656,0.0
7803,pop56,2,0.03588390350341797,0.03552961349487305
7803,pop2,2,0.03691589832305908,0.036669135093688965
7803,pop49,2,0.0003616809844970703,9.655952453613281e-05
7803,pop48,1,0.0002627372741699219,0.0
7803,pop52,1,0.0003108978271484375,0.0
7804,pop28,2,0.029787778854370117,0.029433727264404297
7804,pop36,1,0.0002510547637939453,0.0
7804,pop10,3,0.0002818902333577474,2.6572948292574067e-06
7805,pop37,4,0.013749480247497559,0.023200380760438403
7805,pop33,1,0.0002830028533935547,0.0
7806,pop10,4,0.047543466091156006,0.027237355777032738
7806,pop51,3,0.0003884633382161458,1.7132254704372588e-05
7806,pop4,2,0.03226137161254883,0.031972646713256836
7807,pop46,2,0.032547593116760254,0.03217470645904541
7807,pop20,2,0.03419804573059082,0.03392958641052246
7807,pop19,1,0.00035262107849121094,0.0
7807,pop51,2,0.0003485679626464844,1.5974044799804688e-05
7807,pop10,1,0.06457018852233887,0.0
7807,pop4,1,0.0652775764465332,0.0
7808,pop31,2,0.02957916259765625,0.02922654151916504
7808,pop17,3,0.00035945574442545575,6.43339548788308e-05
7809,pop41,2,0.03219616413116455,0.0318225622177124
7809,pop53,1,0.0006508827209472656,0.0
7809,pop54,1,0.00025773048400878906,0.0
7809,pop52,1,0.0002868175506591797,0.0
7809,pop13,2,0.03299093246459961,0.03275156021118164
7810,pop22,4,0.014750480651855469,0.024950692855138006
7810,pop51,1,0.00035834312438964844,0.0
7811,pop18,2,0.034824252128601074,0.0344618558883667
7811,pop19,2,0.0003039836883544922,1.6927719116210938e-05
7811,pop20,3,0.0003063678741455078,4.341880973394377e-05
7811,pop51,1,0.00033593177795410156,0.0
7812,pop30,2,0.028095364570617676,0.027748465538024902
7812,pop31,1,0.0002532005310058594,0.0
7812,pop17,2,0.00032150745391845703,1.5497207641601562e-06
7813,pop56,5,0.01440572738647461,0.0281926578340032
7813,pop48,1,0.0002970695495605469,0.0
7813,pop52,1,0.0004296302795410156,0.0
7813,pop53,1,0.0003769397735595703,0.0
7814,pop48,5,0.041680765151977536,0.0337803085357121
7814,pop56,1,0.07517457008361816,0.0
7814,pop49,1,0.0003466606140136719,0.0
7815,pop55,2,0.028058409690856934,0.027703166007995605
7815,pop52,2,0.00031387805938720703,5.602836608886719e-06
7815,pop13,1,0.06511783599853516,0.0
7816,pop47,2,0.02791273593902588,0.0275346040725708
7816,pop51,1,0.0003483295440673828,0.0
7816,pop10,2,0.00028324127197265625,1.0251998901367188e-05
7817,pop39,2,0.03243279457092285,0.03206968307495117
7817,pop38,1,0.0002715587615966797,0.0
7817,pop18,1,0.0002658367156982422,0.0
7817,pop19,1,0.00031304359436035156,0.0
7817,pop20,3,0.0002892017364501953,4.6322384122261615e-05
7818,pop32,5,0.01520233154296875,0.029674437166662786
7818,pop33,1,0.00029206275939941406,0.0
7818,pop50,1,0.00039076805114746094,0.0
7819,pop31,2,0.029547810554504395,0.02917778491973877
7819,pop17,3,0.0002980232238769531,1.577170887807963e-05
7820,pop22,5,0.011851787567138672,0.023091240398861637
7821,pop44,2,0.033486008644104004,0.03309500217437744
7821,pop50,1,0.0006499290466308594,0.0
7821,pop14,1,0.00031828880310058594,0.0
7821,pop27,1,0.00030040740966796875,0.0
7822,pop42,2,0.03130340576171875,0.030958890914916992
7822,pop43,2,0.00027942657470703125,3.814697265625e-06
7822,pop40,2,0.03077554702758789,0.030498504638671875
7822,pop51,1,0.00035190582275390625,0.0
7823,pop4,2,0.0316849946975708,0.031308770179748535
7823,pop51,2,0.000347137451171875,2.384185791015625e-06
7823,pop19,2,0.00033354759216308594,4.291534423828125e-06
7823,pop20,1,0.06869053840637207,0.0
7824,pop38,2,0.03645670413970947,0.036052823066711426
7824,pop18,1,0.0002701282501220703,0.0
7824,pop19,1,0.0003452301025390625,0.0
7824,pop51,1,0.0003559589385986328,0.0
7825,pop21,2,0.03996133804321289,0.039572715759277344
7825,pop23,2,0.00030493736267089844,1.9073486328125e-06
7825,pop24,2,0.03847825527191162,0.03819096088409424
7825,pop14,1,0.07390570640563965,0.0
7825,pop50,1,0.00039005279541015625,0.0
7825,pop16,1,0.00027489662170410156,0.0
7826,pop6,2,0.03520512580871582,0.034841060638427734
7826,pop1,1,0.0004355907440185547,0.0
7826,pop53,2,0.031661272048950195,0.031279563903808594
7826,pop41,2,0.00027191638946533203,5.364418029785156e-06
7826,pop40,1,0.061075448989868164,0.0
7827,pop46,2,0.032144904136657715,0.03180229663848877
7827,pop45,1,0.00026702880859375,0.0
7827,pop44,1,0.00028252601623535156,0.0
7827,pop50,1,0.000545501708984375,0.0
7827,pop16,1,0.00028061866760253906,0.0
7827,pop23,1,0.0003266334533691406,0.0
7827,pop24,1,0.00031638145446777344,0.0
7828,pop18,2,0.034798502922058105,0.0344010591506958
7828,pop19,2,0.00031363964080810547,1.3113021850585938e-06
7828,pop20,1,0.0680091381072998,0.0
7828,pop51,2,0.0003662109375,4.291534423828125e-06
7828,pop10,1,0.06457734107971191,0.0
7829,pop32,2,0.03734028339385986,0.03696310520172119
7829,pop33,1,0.000286102294921875,0.0
7829,pop50,1,0.0005106925964355469,0.0
7829,pop14,1,0.00033736228942871094,0.0
7829,pop24,3,0.00029770533243815106,5.867013557844719e-06
7830,pop14,2,0.03624880313873291,0.03584611415863037
7830,pop24,4,0.00027364492416381836,1.1060637211729497e-05
7831,pop50,2,0.0326237678527832,0.03211855888366699
7831,pop55,1,0.05613589286804199,0.0
7831,pop52,3,0.0003083546956380208,2.808913109476463e-05
7832,pop36,2,0.030281424522399902,0.029903292655944824
7832,pop51,1,0.00035119056701660156,0.0
7832,pop4,2,0.03295314311981201,0.03265202045440674
7833,pop57,2,0.03735947608947754,0.03699517250061035
7833,pop56,1,0.0003559589385986328,0.0
7833,pop48,1,0.00028228759765625,0.0
7833,pop52,1,0.0003018379211425781,0.0
7834,pop39,2,0.031456708908081055,0.031096696853637695
7834,pop38,2,0.03849804401397705,0.03824412822723389
7834,pop18,1,0.0002644062042236328,0.0
7834,pop19,1,0.0003097057342529297,0.0
7834,pop20,1,0.0002639293670654297,0.0
7835,pop21,2,0.037592411041259766,0.03720664978027344
7835,pop23,1,0.0002808570861816406,0.0
7835,pop24,4,0.0003082752227783203,2.624825057603694e-05
7835,pop14,1,0.0003769397735595703,0.0
7836,pop6,2,0.03499019145965576,0.03463256359100342
7836,pop1,1,0.00028777122497558594,0.0
7836,pop53,3,0.0004050731658935547,5.00841719817979e-05
7836,pop50,1,0.0003845691680908203,0.0
7837,pop46,2,0.03257560729980469,0.032195091247558594
7837,pop45,1,0.0002627372741699219,0.0
7837,pop44,1,0.00027632713317871094,0.0
7837,pop50,1,0.0003917217254638672,0.0
7837,pop14,2,0.03741645812988281,0.03704404830932617
7837,pop24,2,0.03920090198516846,0.03890550136566162
7838,pop32,2,0.03741788864135742,0.037027597427368164
7838,pop33,1,0.0002627372741699219,0.0
7838,pop37,1,0.0002636909484863281,0.0
7839,pop28,2,0.030263304710388184,0.02990257740020752
7839,pop51,2,0.0003434419631958008,5.364418029785156e-06
7839,pop4,1,0.06545495986938477,0.0
7840,pop38,3,0.049123128255208336,0.034492823046628436
7840,pop18,1,0.0002620220184326172,0.0
7840,pop19,1,0.00030231475830078125,0.0
7840,pop51,1,0.00036263465881347656,0.0
7840,pop10,1,0.06424283981323242,0.0
7841,pop36,2,0.029911398887634277,0.02956688404083252
7841,pop51,2,0.0003377199172973633,2.2649765014648438e-06
7841,pop4,1,0.06480145454406738,0.0
7842,pop57,2,0.036746859550476074,0.036403775215148926
7842,pop56,4,0.00029855966567993164,7.11423571908442e-05
7843,pop39,2,0.0317838191986084,0.03142118453979492
7843,pop38,1,0.0002665519714355469,0.0
7843,pop18,1,0.0003485679626464844,0.0
7843,pop19,2,0.00030875205993652344,1.4066696166992188e-05
7843,pop20,1,0.06934070587158203,0.0
7844,pop21,5,0.01525273323059082,0.029902050814623733
7844,pop23,1,0.00030732154846191406,0.0
7844,pop24,1,0.0002624988555908203,0.0
7845,pop32,5,0.015240192413330078,0.029761930856298493
7845,pop33,1,0.0002570152282714844,0.0
7845,pop50,1,0.00037407875061035156,0.0
7846,pop52,3,0.02158204714457194,0.03001675140409999
7846,pop48,4,0.0003095865249633789,6.359086557984359e-05
7847,pop40,4,0.03024756908416748,0.02993826898874732
7847,pop41,1,0.0003006458282470703,0.0
7847,pop53,1,0.06409811973571777,0.0
7847,pop54,1,0.06231284141540527,0.0
7848,pop27,5,0.015155506134033204,0.029697942924519116
7849,pop24,4,0.01928776502609253,0.032810720191715194
7849,pop14,1,0.0003275871276855469,0.0
7849,pop50,1,0.00036597251892089844,0.0
7849,pop53,1,0.0003604888916015625,0.0
7850,pop10,3,0.04253959655761719,0.029820468787228688
7850,pop51,2,0.0003719329833984375,1.8596649169921875e-05
7850,pop4,1,0.06452250480651855,0.0
7850,pop11,1,0.0003485679626464844,0.0
7850,pop43,1,0.00037598609924316406,0.0
7851,pop41,2,0.0319976806640625,0.031606197357177734
7851,pop40,3,0.0206302007039388,0.028775620426137162
7851,pop43,1,0.00030994415283203125,0.0
7851,pop51,1,0.00045609474182128906,0.0
7852,pop56,5,0.014504337310791015,0.028409443533058246
7852,pop48,1,0.0002579689025878906,0.0
7852,pop52,1,0.0002942085266113281,0.0
7853,pop46,2,0.03247344493865967,0.032109856605529785
7853,pop45,1,0.0002961158752441406,0.0
7853,pop44,1,0.00041604042053222656,0.0
7854,pop8,2,0.03072679042816162,0.03037703037261963
7854,pop51,1,0.0003631114959716797,0.0
7854,pop43,1,0.0002536773681640625,0.0
7854,pop40,1,0.0609736442565918,0.0
7854,pop41,1,0.0003695487976074219,0.0
7854,pop53,1,0.0003752708435058594,0.0
7855,pop53,2,0.031176447868347168,0.030680060386657715
7855,pop54,4,0.0002943277359008789,3.3710102303332276e-05
7856,pop55,2,0.02795231342315674,0.027600646018981934
7856,pop52,3,0.0003921190897623698,6.237045016515407e-05
7856,pop53,1,0.0003497600555419922,0.0
7857,pop28,2,0.031012415885925293,0.030643582344055176
7857,pop51,1,0.0003337860107421875,0.0
7858,pop36,2,0.02983701229095459,0.02948153018951416
7858,pop51,1,0.00034546852111816406,0.0
7859,pop57,2,0.03665423393249512,0.03628683090209961
7859,pop56,3,0.02472368876139323,0.03459267280018141
7859,pop2,1,0.00027060508728027344,0.0
7860,pop21,3,0.0510247548421224,0.035819905381687604
7860,pop23,2,0.00035381317138671875,7.295608520507812e-05
7860,pop16,1,0.0003514289855957031,0.0
7861,pop32,5,0.015205669403076171,0.029696386055123068
7861,pop33,1,0.0002930164337158203,0.0
7862,pop52,4,0.015979409217834473,0.027014962556681593
7862,pop53,1,0.0003402233123779297,0.0
7862,pop51,1,0.0003783702850341797,0.0
7863,pop42,2,0.03154265880584717,0.031190991401672363
7863,pop43,1,0.00036716461181640625,0.0
7863,pop40,3,0.0002716382344563802,4.185738271797083e-06
7864,pop4,4,0.01621347665786743,0.0274911014398339
7864,pop51,1,0.00041031837463378906,0.0
7864,pop19,1,0.00031566619873046875,0.0
7864,pop18,1,0.0002589225769042969,0.0
7865,pop18,2,0.03488576412200928,0.034534335136413574
7865,pop19,1,0.00031566619873046875,0.0
7865,pop51,3,0.0003706614176432292,5.336683894749281e-05
7865,pop10,1,0.06393933296203613,0.0
7865,pop4,1,0.06490230560302734,0.0
7866,pop24,4,0.019375085830688477,0.03283604210838519
7866,pop23,1,0.0003032684326171875,0.0
7866,pop16,1,0.0002696514129638672,0.0
7866,pop50,1,0.0004100799560546875,0.0
7867,pop10,3,0.04248770078023275,0.029772703389670543
7867,pop51,1,0.00039196014404296875,0.0
7867,pop4,2,0.032868146896362305,0.032578229904174805
7868,pop53,2,0.031336426734924316,0.030842900276184082
7868,pop50,2,0.0005031824111938477,1.5854835510253906e-05
7868,pop44,1,0.06822681427001953,0.0
7868,pop16,1,0.00037169456481933594,0.0
7868,pop23,2,0.03852570056915283,0.03808701038360596
7869,pop36,2,0.02973639965057373,0.029364943504333496
7869,pop10,1,0.0002989768981933594,0.0
7870,pop45,2,0.034800171852111816,0.03442537784576416
7870,pop44,1,0.00037932395935058594,0.0
7870,pop50,1,0.00044727325439453125,0.0
7870,pop53,2,0.03186440467834473,0.03138256072998047
7870,pop54,1,0.061890602111816406,0.0
7871,pop16,2,0.03343093395233154,0.03306281566619873
7871,pop23,1,0.0003135204315185547,0.0
7871,pop24,3,0.0002911090850830078,1.3934745022013147e-05
7872,pop50,2,0.0330202579498291,0.03250908851623535
7872,pop14,1,0.0003376007080078125,0.0
7872,pop24,2,0.039183735847473145,0.03892672061920166
7872,pop23,1,0.0003039836883544922,0.0
7872,pop21,1,0.00038051605224609375,0.0
7873,pop6,2,0.03514814376831055,0.034795522689819336
7873,pop1,1,0.0003228187561035156,0.0
7873,pop53,1,0.00038313865661621094,0.0
7873,pop41,2,0.00030100345611572266,1.2278556823730469e-05
7873,pop40,1,0.061141014099121094,0.0
7874,pop55,2,0.028290987014770508,0.027918338775634766
7874,pop52,4,0.0003706812858581543,6.782314549122323e-05
7875,pop21,5,0.015324735641479492,0.029942588092935037
7876,pop52,2,0.03177464008331299,0.031242012977600098
7876,pop54,1,0.0002772808074951172,0.0
7876,pop53,3,0.00037519137064615887,1.1777545325373599e-05
7877,pop10,4,0.01607966423034668,0.02725272154617445
7877,pop51,1,0.0003323554992675781,0.0
7877,pop50,1,0.0003790855407714844,0.0
7878,pop36,2,0.031203269958496094,0.030820846557617188
7878,pop10,1,0.06534266471862793,0.0
7878,pop51,1,0.0003566741943359375,0.0
7879,pop9,5,0.012664079666137695,0.024754201920594143
7880,pop33,3,0.02332584063212077,0.03249783368528186
7880,pop32,4,0.00030106306076049805,1.2004529351589954e-05
7881,pop23,5,0.014669990539550782,0.028638394124209928
7881,pop16,1,0.0002772808074951172,0.0
7882,pop37,5,0.011197566986083984,0.02174480231107926
7883,pop38,4,0.036819636821746826,0.036501518936687516
7883,pop18,1,0.00036454200744628906,0.0
7884,pop18,2,0.034916043281555176,0.034552931785583496
7884,pop19,1,0.00028634071350097656,0.0
7884,pop51,2,0.0003504753112792969,3.0994415283203125e-06
7884,pop10,1,0.06370091438293457,0.0
7885,pop24,4,0.01944565773010254,0.033047287990449405
7885,pop14,1,0.00029349327087402344,0.0
7885,pop50,1,0.0004096031188964844,0.0
7886,pop53,3,0.04230364163716634,0.029567181255791396
7886,pop41,2,0.00031054019927978516,4.3272972106933594e-05
7886,pop40,1,0.06136178970336914,0.0
7886,pop54,1,0.060797929763793945,0.0
7887,pop52,2,0.03219151496887207,0.03175783157348633
7887,pop37,1,0.0002524852752685547,0.0
7888,pop30,2,0.028291821479797363,0.027952075004577637
7888,pop31,1,0.0002512931823730469,0.0
7889,pop16,2,0.033406615257263184,0.0330275297164917
7889,pop23,3,0.0003331502278645833,6.393066743893812e-05
7890,pop36,2,0.030161619186401367,0.02981734275817871
7890,pop10,1,0.06434798240661621,0.0
7891,pop33,3,0.023794015248616535,0.033175113524731195
7891,pop32,3,0.0003331502278645833,5.514889672706159e-05
7892,pop38,2,0.03656744956970215,0.03619503974914551
7892,pop18,1,0.00026607513427734375,0.0
7892,pop19,1,0.0003190040588378906,0.0
7892,pop51,1,0.00037097930908203125,0.0
7892,pop10,1,0.06429791450500488,0.0
7893,pop24,5,0.01567239761352539,0.03059498618695838
7894,pop53,2,0.03157985210418701,0.03108227252960205
7894,pop47,1,0.00033164024353027344,0.0
7895,pop48,2,0.034745097160339355,0.034360527992248535
7895,pop56,1,0.07297205924987793,0.0
7895,pop2,1,0.07477402687072754,0.0
7895,pop49,1,0.07476663589477539,0.0
7896,pop47,5,0.011036396026611328,0.021469399386204468
7897,pop31,2,0.02951204776763916,0.029166102409362793
7897,pop17,1,0.0004737377166748047,0.0
7898,pop22,4,0.015036165714263916,0.02547714246208952
7899,pop8,2,0.030632495880126953,0.0302734375
7899,pop51,1,0.00039315223693847656,0.0
7899,pop10,2,0.00033152103424072266,6.330013275146484e-05
7900,pop28,2,0.03016948699951172,0.029812097549438477
7900,pop36,1,0.00024199485778808594,0.0
7901,pop9,4,0.01577204465866089,0.026718954569524066
7902,pop18,2,0.0350414514541626,0.03469645977020264
7902,pop19,1,0.0003314018249511719,0.0
7902,pop20,2,0.0002779960632324219,2.5033950805664062e-05
7903,pop36,2,0.030512571334838867,0.0301513671875
7903,pop10,1,0.00026035308837890625,0.0
7904,pop44,3,0.04510744412740072,0.03162036118406078
7904,pop50,1,0.00037980079650878906,0.0
7904,pop17,1,0.0002942085266113281,0.0
7905,pop42,2,0.031546831130981445,0.03118896484375
7905,pop43,1,0.0002658367156982422,0.0
7905,pop40,2,0.0313495397567749,0.031065821647644043
7906,pop33,2,0.03546309471130371,0.035059213638305664
7907,pop53,2,0.03171420097351074,0.03121209144592285
7907,pop52,1,0.0003285408020019531,0.0
7907,pop48,1,0.07016539573669434,0.0
7907,pop49,1,0.07266855239868164,0.0
7908,pop28,2,0.030208349227905273,0.029858112335205078
7909,pop36,2,0.031446099281311035,0.031038880348205566
7910,pop14,5,0.014991378784179688,0.029265635115532165
7911,pop45,2,0.03486180305480957,0.03449392318725586
7911,pop44,1,0.00029158592224121094,0.0
7911,pop50,1,0.0003955364227294922,0.0
7911,pop14,1,0.0003228187561035156,0.0
7912,pop48,3,0.04642303784688314,0.03255043063773947
7912,pop49,1,0.07228374481201172,0.0
7913,pop22,5,0.012195491790771484,0.023725455926287227
7914,pop28,2,0.030076146125793457,0.02970731258392334
7915,pop36,2,0.03021085262298584,0.029863476753234863
7916,pop39,2,0.03295552730560303,0.032559752464294434
7916,pop38,2,0.03695535659790039,0.03669404983520508
7916,pop18,1,0.0002689361572265625,0.0
7917,pop23,4,0.037464022636413574,0.03709852679223466
7918,pop52,2,0.0323643684387207,0.03192877769470215
7918,pop48,1,0.06939315795898438,0.0
7918,pop49,1,0.0002875328063964844,0.0
7919,pop44,2,0.03371477127075195,0.03323793411254883
7919,pop45,1,0.00029206275939941406,0.0
7919,pop46,1,0.0002570152282714844,0.0
7919,pop20,1,0.0002884864807128906,0.0
7920,pop33,2,0.03529679775238037,0.03491199016571045
7920,pop32,3,0.00029667218526204425,3.063428767982413e-05
7921,pop40,4,0.015755832195281982,0.026689097181337156
7922,pop27,4,0.019342899322509766,0.032815185943768095
7923,pop41,2,0.032405972480773926,0.03202712535858154
7923,pop53,1,0.06326866149902344,0.0
7923,pop54,1,0.00026345252990722656,0.0
7924,pop56,4,0.01834779977798462,0.03127982467116846
7925,pop46,2,0.03294861316680908,0.03257334232330322
7925,pop20,2,0.03513777256011963,0.034772276878356934
7926,pop16,2,0.033605217933654785,0.03322303295135498
7926,pop23,1,0.0003218650817871094,0.0
7926,pop21,2,0.0003114938735961914,4.8041343688964844e-05
7927,pop38,4,0.03739386796951294,0.03706796893870999
7928,pop22,4,0.015186846256256104,0.025604933555703653
7929,pop36,2,0.03031778335571289,0.02994990348815918
7930,pop33,2,0.03552603721618652,0.03514504432678223
7931,pop57,2,0.036817073822021484,0.03646516799926758
7931,pop56,1,0.0002589225769042969,0.0
7931,pop2,1,0.00026917457580566406,0.0
7932,pop32,4,0.01926809549331665,0.03273535546129238
7933,pop47,4,0.0139082670211792,0.023608778167032156
7934,pop31,2,0.03006422519683838,0.029702305793762207
7935,pop9,3,0.021023988723754883,0.029312990149880987
7936,pop18,3,0.02357967694600423,0.032890694360712375
7936,pop38,1,0.07603263854980469,0.0
7937,pop39,2,0.0318906307220459,0.0315401554107666
7937,pop38,2,0.0002626180648803711,1.7523765563964844e-05
7938,pop52,2,0.03248941898345947,0.032051920890808105
7938,pop48,2,0.0002815723419189453,7.152557373046875e-07
7939,pop46,2,0.03288459777832031,0.03252148628234863
7939,pop20,1,0.06934094429016113,0.0
7939,pop19,1,0.0003495216369628906,0.0
7940,pop16,2,0.033811211585998535,0.0334395170211792
7940,pop23,2,0.07335555553436279,0.0002416372299194336
7940,pop21,1,0.0788431167602539,0.0
7941,pop36,2,0.03039419651031494,0.030002474784851074
7942,pop4,3,0.04355629285176595,0.030514101473847702
7942,pop51,1,0.0005464553833007812,0.0
7943,pop53,3,0.04238335291544596,0.029616329579049985
7943,pop54,1,0.06088972091674805,0.0
7944,pop56,4,0.01842707395553589,0.03132201642591004
7945,pop47,3,0.03660901387532552,0.025641689061821512
7946,pop31,2,0.029970526695251465,0.029579758644104004
7947,pop39,2,0.033049702644348145,0.032680392265319824
7948,pop46,2,0.0326533317565918,0.03228473663330078
7948,pop20,1,0.06873345375061035,0.0
7948,pop19,1,0.000339508056640625,0.0
7949,pop50,2,0.03350496292114258,0.03294563293457031
7949,pop17,1,0.0003504753112792969,0.0
7950,pop6,4,0.018557608127593994,0.03162697263303323
7951,pop55,2,0.028488636016845703,0.028120994567871094
7951,pop52,1,0.0003178119659423828,0.0
7952,pop21,3,0.05158209800720215,0.036224882447121236
7952,pop23,1,0.076202392578125,0.0
7953,pop10,2,0.03200697898864746,0.031632184982299805
7953,pop51,1,0.0004062652587890625,0.0
7953,pop4,1,0.0654444694519043,0.0
7954,pop14,2,0.036803603172302246,0.03638803958892822
7954,pop50,1,0.00040149688720703125,0.0
7954,pop17,1,0.0004253387451171875,0.0
7955,pop45,2,0.03488433361053467,0.03451049327850342
7955,pop44,2,0.0002930164337158203,1.430511474609375e-05
7956,pop48,2,0.034874916076660156,0.03448486328125
7956,pop49,2,0.0002557039260864258,6.079673767089844e-06
7957,pop57,2,0.03744781017303467,0.037084221839904785
7957,pop56,1,0.0002524852752685547,0.0
7958,pop52,2,0.0324559211730957,0.0320284366607666
7958,pop55,1,0.0002608299255371094,0.0
7959,pop36,2,0.03151369094848633,0.031133174896240234
7960,pop37,3,0.01864004135131836,0.025928278771206417
7961,pop23,2,0.03730309009552002,0.03688514232635498
7961,pop21,2,0.00032639503479003906,4.9591064453125e-05
7962,pop47,3,0.037074645360310875,0.025977989929186242
7963,pop6,3,0.04738370577494303,0.033268082843235826
7964,pop10,2,0.032196879386901855,0.03181755542755127
7964,pop51,1,0.0004723072052001953,0.0
7964,pop4,1,0.06569385528564453,0.0
7965,pop45,2,0.03493523597717285,0.03456306457519531
7965,pop44,1,0.00030803680419921875,0.0
7965,pop50,1,0.0005204677581787109,0.0
7966,pop52,2,0.03217887878417969,0.0317385196685791
7966,pop12,1,0.00027632713317871094,0.0
7967,pop30,2,0.029551982879638672,0.02918696403503418
7967,pop31,1,0.00025153160095214844,0.0
7968,pop24,2,0.03903675079345703,0.038646697998046875
7968,pop23,2,0.0002740621566772461,1.7523765563964844e-05
7969,pop38,2,0.0368809700012207,0.036519765853881836
7969,pop18,1,0.0003628730773925781,0.0
7970,pop22,3,0.02001349131266276,0.027860341052109307
7971,pop33,2,0.035531044006347656,0.03514289855957031
7971,pop32,2,0.00028574466705322266,3.2186508178710938e-06
7972,pop50,2,0.03336763381958008,0.032826900482177734
7972,pop14,1,0.07679462432861328,0.0
7972,pop24,1,0.0002593994140625,0.0
7973,pop21,2,0.03951466083526611,0.039135098457336426
7973,pop23,1,0.0004394054412841797,0.0
7973,pop24,1,0.0002541542053222656,0.0
7974,pop57,2,0.03752326965332031,0.03716254234313965
7974,pop56,1,0.000278472900390625,0.0
7975,pop23,2,0.03670156002044678,0.036298394203186035
7975,pop24,1,0.00031375885009765625,0.0
7975,pop14,1,0.0003147125244140625,0.0
7976,pop45,2,0.03500866889953613,0.03463006019592285
7976,pop46,1,0.00028395652770996094,0.0
7977,pop8,2,0.031699538230895996,0.03134500980377197
7977,pop51,1,0.0003783702850341797,0.0
7978,pop9,3,0.020991166432698567,0.029254940851476424
7979,pop16,2,0.033486366271972656,0.033101558685302734
7979,pop23,1,0.0002727508544921875,0.0
7980,pop37,4,0.01390141248703003,0.023580101782937273
7981,pop47,2,0.02757859230041504,0.027232885360717773
7982,pop6,3,0.04798189798990885,0.03368128392176702
7983,pop52,2,0.03308701515197754,0.032613277435302734
7983,pop12,1,0.000270843505859375,0.0
7984,pop30,2,0.02978372573852539,0.029414653778076172
7984,pop31,1,0.00032830238342285156,0.0
7985,pop38,2,0.03710651397705078,0.03673982620239258
7985,pop18,1,0.00025272369384765625,0.0
7986,pop42,2,0.031960487365722656,0.03160905838012695
7986,pop43,1,0.00026917457580566406,0.0
7987,pop4,2,0.03369903564453125,0.03330516815185547
7987,pop51,1,0.00039076805114746094,0.0
7988,pop53,2,0.031842708587646484,0.03133726119995117
7989,pop56,2,0.03675377368927002,0.03638756275177002
7990,pop24,2,0.039727091789245605,0.039337754249572754
7990,pop23,1,0.0739591121673584,0.0
7991,pop22,3,0.020027558008829754,0.02787955125770061
7992,pop50,2,0.03376603126525879,0.033238887786865234
7992,pop17,1,0.07499814033508301,0.0
7993,pop21,2,0.03851127624511719,0.03812980651855469
7993,pop23,1,0.0739753246307373,0.0
7994,pop57,2,0.03755044937133789,0.03719186782836914
7995,pop8,2,0.031020164489746094,0.030661821365356445
7995,pop51,1,0.0004763603210449219,0.0
7996,pop47,2,0.0276031494140625,0.02726149559020996
7997,pop28,2,0.03061962127685547,0.030262231826782227
7998,pop55,2,0.028591036796569824,0.028223395347595215
7999,pop48,3,0.02363753318786621,0.032953806251064366
8000,pop6,2,0.03600728511810303,0.035645365715026855
8001,pop52,2,0.03214621543884277,0.031708478927612305
8002,pop4,2,0.03262937068939209,0.03226912021636963
8002,pop51,1,0.0003497600555419922,0.0
8003,pop56,2,0.03667902946472168,0.036309003829956055
8004,pop22,2,0.02991020679473877,0.02954423427581787
8005,pop44,2,0.03418588638305664,0.033808231353759766
8006,pop10,2,0.032137393951416016,0.03177475929260254
8007,pop50,2,0.03394138813018799,0.033414244651794434
8008,pop8,2,0.030986666679382324,0.03063952922821045
8009,pop28,2,0.03052663803100586,0.030182361602783203
8010,pop55,2,0.02903914451599121,0.028661251068115234
8011,pop48,2,0.03504502773284912,0.03465688228607178
8012,pop6,2,0.03594315052032471,0.03556215763092041
8013,pop40,2,0.0307081937789917,0.03034651279449463
8014,pop27,2,0.039311885833740234,0.038918495178222656
8015,pop41,2,0.03260529041290283,0.03223240375518799
8016,pop23,2,0.036962270736694336,0.03656435012817383
8017,pop56,2,0.03677487373352051,0.03640341758728027
8018,pop44,2,0.034101247787475586,0.033704519271850586
8019,pop28,2,0.030207395553588867,0.02985382080078125
8020,pop48,2,0.03485512733459473,0.034464359283447266
8021,pop6,2,0.03561556339263916,0.03526961803436279
8022,pop32,2,0.038295626640319824,0.03791654109954834
8023,pop18,2,0.03585946559906006,0.035480618476867676
8024,pop9,2,0.03179311752319336,0.03142666816711426
8025,pop16,2,0.03388643264770508,0.03350114822387695
8026,pop37,2,0.027946829795837402,0.027576088905334473
8027,pop38,2,0.03724217414855957,0.03687572479248047
8028,pop10,2,0.03271472454071045,0.032332777976989746
8029,pop8,2,0.031276583671569824,0.03092324733734131
8030,pop55,2,0.02972590923309326,0.029342293739318848
8031,pop27,2,0.03837156295776367,0.03799128532409668
8032,pop44,2,0.03411698341369629,0.03373551368713379
8033,pop28,2,0.03054332733154297,0.030202388763427734
